# Data retrieved from henke.lbl.gov/optical_constants 03/01/2021
# Element, Ac  (Z = 89) 
# Atomic weight*, g mol-1 = 227.0278 
# Nominal density*, g cm-3 =  0 
# Relativistic correction estimate f_rel(5CL)*,  e atom-1 =  0 
# Nuclear Thomson correction f_NT*, e atom-1 =  0 
#    E [keV]      f1 [e atom-1]      f2 [e atom-1]    Wavelength [nm] 
1.000000000E-02 -9.999000000E+03 1.194840000E+00 1.239800000E+02
1.016170000E-02 -9.999000000E+03 1.156720000E+00 1.220071445E+02
1.032610000E-02 -9.999000000E+03 1.119820000E+00 1.200646904E+02
1.049310000E-02 -9.999000000E+03 1.084100000E+00 1.181538344E+02
1.066280000E-02 -9.999000000E+03 1.049520000E+00 1.162733991E+02
1.083530000E-02 -9.999000000E+03 1.016040000E+00 1.144223049E+02
1.101060000E-02 -9.999000000E+03 9.823430000E-01 1.126005849E+02
1.118860000E-02 -9.999000000E+03 9.466890000E-01 1.108092165E+02
1.136960000E-02 -9.999000000E+03 9.123300000E-01 1.090451731E+02
1.155350000E-02 -9.999000000E+03 8.815240000E-01 1.073094733E+02
1.174040000E-02 -9.999000000E+03 8.590530000E-01 1.056011720E+02
1.193030000E-02 -9.999000000E+03 8.371520000E-01 1.039202702E+02
1.212320000E-02 -9.999000000E+03 8.158110000E-01 1.022667283E+02
1.231930000E-02 -9.999000000E+03 7.949700000E-01 1.006388350E+02
1.251860000E-02 -9.999000000E+03 7.737940000E-01 9.903663349E+01
1.272100000E-02 -9.999000000E+03 7.531820000E-01 9.746089144E+01
1.292680000E-02 -9.999000000E+03 7.331190000E-01 9.590927376E+01
1.313590000E-02 -9.999000000E+03 7.135910000E-01 9.438256990E+01
1.334830000E-02 -9.999000000E+03 6.879950000E-01 9.288074137E+01
1.356420000E-02 -9.999000000E+03 6.621000000E-01 9.140236800E+01
1.378360000E-02 -9.999000000E+03 6.371800000E-01 8.994747381E+01
1.400660000E-02 -9.999000000E+03 6.198400000E-01 8.851541416E+01
1.423310000E-02 -9.999000000E+03 6.133790000E-01 8.710681440E+01
1.446330000E-02 -9.999000000E+03 6.069840000E-01 8.572040959E+01
1.469730000E-02 -9.999000000E+03 5.975140000E-01 8.435562995E+01
1.493500000E-02 -9.999000000E+03 5.895820000E-01 8.301305658E+01
1.517650000E-02 -9.999000000E+03 5.930950000E-01 8.169208974E+01
1.542200000E-02 -9.999000000E+03 6.051860000E-01 8.039164829E+01
1.567140000E-02 -9.999000000E+03 6.392480000E-01 7.911226821E+01
1.592490000E-02 -9.999000000E+03 7.363970000E-01 7.785292215E+01
1.618250000E-02 -9.999000000E+03 9.016120000E-01 7.661362583E+01
1.644420000E-02 -9.999000000E+03 1.082340000E+00 7.539436397E+01
1.671020000E-02 -9.999000000E+03 1.338420000E+00 7.419420474E+01
1.698050000E-02 -9.999000000E+03 1.623340000E+00 7.301316216E+01
1.725510000E-02 -9.999000000E+03 1.968520000E+00 7.185122080E+01
1.753420000E-02 -9.999000000E+03 2.464800000E+00 7.070753157E+01
1.781780000E-02 -9.999000000E+03 2.864040000E+00 6.958210329E+01
1.810600000E-02 -9.999000000E+03 3.239040000E+00 6.847453883E+01
1.839890000E-02 -9.999000000E+03 3.731160000E+00 6.738446320E+01
1.869640000E-02 -9.999000000E+03 4.298070000E+00 6.631223123E+01
1.899880000E-02 -9.999000000E+03 4.762440000E+00 6.525675306E+01
1.930610000E-02 -9.999000000E+03 5.274530000E+00 6.421804507E+01
1.961840000E-02 -9.999000000E+03 5.841670000E+00 6.319577539E+01
1.993570000E-02 -9.999000000E+03 6.473150000E+00 6.218994066E+01
2.025820000E-02 -9.999000000E+03 7.173820000E+00 6.119990917E+01
2.058580000E-02 -9.999000000E+03 7.886460000E+00 6.022598102E+01
2.091880000E-02 -9.999000000E+03 8.333340000E+00 5.926726198E+01
2.125710000E-02 -9.999000000E+03 8.805550000E+00 5.832404232E+01
2.160090000E-02 -9.999000000E+03 9.291410000E+00 5.739575666E+01
2.195030000E-02 -9.999000000E+03 9.774870000E+00 5.648214375E+01
2.230530000E-02 -9.999000000E+03 1.028350000E+01 5.558320220E+01
2.266610000E-02 -9.999000000E+03 1.081860000E+01 5.469842628E+01
2.303270000E-02 -9.999000000E+03 1.109790000E+01 5.382781871E+01
2.340530000E-02 -9.999000000E+03 1.135500000E+01 5.297090830E+01
2.378380000E-02 -9.999000000E+03 1.161810000E+01 5.212791900E+01
2.416850000E-02 -9.999000000E+03 1.188730000E+01 5.129817738E+01
2.455940000E-02 -9.999000000E+03 1.216270000E+01 5.048168929E+01
2.495660000E-02 -9.999000000E+03 1.236440000E+01 4.967824143E+01
2.536030000E-02 -9.999000000E+03 1.256720000E+01 4.888743430E+01
2.577050000E-02 -9.999000000E+03 1.266840000E+01 4.810927223E+01
2.618730000E-02 -9.999000000E+03 1.267000000E+01 4.734355966E+01
2.661090000E-02 -9.999000000E+03 1.267150000E+01 4.658993119E+01
2.704130000E-02 -9.999000000E+03 1.267310000E+01 4.584838747E+01
2.747860000E-02 -9.999000000E+03 1.261210000E+01 4.511874695E+01
2.792310000E-02 -9.999000000E+03 1.254340000E+01 4.440051427E+01
2.837470000E-02 -9.999000000E+03 1.247520000E+01 4.369385403E+01
2.883370000E-02 -9.999000000E+03 1.240730000E+01 4.299829713E+01
2.930000000E-02 1.242450000E+01 1.209410000E+01 4.231399317E+01
2.977390000E-02 1.292680000E+01 1.168000000E+01 4.164049721E+01
3.025550000E-02 1.331570000E+01 1.128060000E+01 4.097767348E+01
3.074490000E-02 1.365840000E+01 1.092790000E+01 4.032538730E+01
3.124210000E-02 1.398700000E+01 1.058620000E+01 3.968363202E+01
3.174750000E-02 1.433270000E+01 1.025520000E+01 3.905189385E+01
3.226090000E-02 1.468440000E+01 9.798750000E+00 3.843042197E+01
3.278270000E-02 1.490760000E+01 9.322030000E+00 3.781872756E+01
3.331300000E-02 1.505510000E+01 8.868510000E+00 3.721670219E+01
3.385180000E-02 1.514170000E+01 8.437050000E+00 3.662434494E+01
3.439930000E-02 1.518100000E+01 8.081920000E+00 3.604143108E+01
3.495570000E-02 1.524390000E+01 7.761680000E+00 3.546774918E+01
3.552110000E-02 1.532160000E+01 7.454130000E+00 3.490319838E+01
3.609560000E-02 1.543590000E+01 7.124810000E+00 3.434767673E+01
3.667940000E-02 1.549480000E+01 6.729920000E+00 3.380098911E+01
3.727270000E-02 1.551340000E+01 6.356920000E+00 3.326295117E+01
3.787550000E-02 1.549110000E+01 5.957610000E+00 3.273356127E+01
3.848820000E-02 1.541290000E+01 5.582070000E+00 3.221247032E+01
3.911070000E-02 1.528420000E+01 5.235260000E+00 3.169976503E+01
3.974320000E-02 1.514570000E+01 4.954370000E+00 3.119527366E+01
4.038610000E-02 1.501070000E+01 4.688550000E+00 3.069868098E+01
4.103930000E-02 1.486860000E+01 4.437000000E+00 3.021006694E+01
4.170310000E-02 1.471710000E+01 4.203240000E+00 2.972920478E+01
4.237760000E-02 1.456210000E+01 3.984130000E+00 2.925602205E+01
4.306300000E-02 1.440170000E+01 3.776440000E+00 2.879037689E+01
4.375950000E-02 1.423470000E+01 3.579750000E+00 2.833213359E+01
4.446730000E-02 1.406180000E+01 3.394050000E+00 2.788116211E+01
4.518650000E-02 1.388340000E+01 3.218000000E+00 2.743739834E+01
4.591740000E-02 1.370040000E+01 3.051060000E+00 2.700065770E+01
4.666000000E-02 1.351720000E+01 2.892790000E+00 2.657093871E+01
4.741470000E-02 1.332320000E+01 2.719940000E+00 2.614800895E+01
4.818160000E-02 1.310850000E+01 2.556840000E+00 2.573181463E+01
4.896090000E-02 1.287680000E+01 2.403510000E+00 2.532224694E+01
4.975280000E-02 1.262480000E+01 2.259380000E+00 2.491920053E+01
5.055760000E-02 1.234470000E+01 2.148380000E+00 2.452252480E+01
5.137530000E-02 1.208090000E+01 2.061750000E+00 2.413221918E+01
5.220620000E-02 1.182030000E+01 1.978620000E+00 2.374813719E+01
5.305060000E-02 1.155280000E+01 1.898830000E+00 2.337014096E+01
5.390870000E-02 1.127130000E+01 1.824770000E+00 2.299814316E+01
5.478060000E-02 1.098650000E+01 1.768740000E+00 2.263209968E+01
5.566670000E-02 1.069880000E+01 1.714430000E+00 2.227184295E+01
5.656700000E-02 1.040190000E+01 1.661790000E+00 2.191737232E+01
5.748200000E-02 1.009280000E+01 1.613930000E+00 2.156849101E+01
5.841170000E-02 9.772450000E+00 1.568760000E+00 2.122519975E+01
5.935640000E-02 9.437190000E+00 1.524850000E+00 2.088738535E+01
6.031650000E-02 9.083380000E+00 1.483050000E+00 2.055490620E+01
6.129210000E-02 8.708210000E+00 1.442870000E+00 2.022772919E+01
6.228340000E-02 8.304150000E+00 1.403780000E+00 1.990578549E+01
6.329080000E-02 7.873600000E+00 1.382380000E+00 1.958894500E+01
6.431450000E-02 7.415140000E+00 1.361930000E+00 1.927714590E+01
6.535470000E-02 6.920400000E+00 1.359820000E+00 1.897032654E+01
6.641180000E-02 6.400750000E+00 1.366440000E+00 1.866836918E+01
6.748590000E-02 5.833140000E+00 1.389850000E+00 1.837124496E+01
6.857750000E-02 5.249310000E+00 1.422830000E+00 1.807881594E+01
6.968670000E-02 4.618760000E+00 1.450870000E+00 1.779105626E+01
7.081380000E-02 3.927830000E+00 1.480800000E+00 1.750788688E+01
7.195910000E-02 3.163750000E+00 1.511970000E+00 1.722923161E+01
7.312300000E-02 2.301430000E+00 1.543800000E+00 1.695499364E+01
7.430570000E-02 1.327180000E+00 1.611950000E+00 1.668512644E+01
7.550760000E-02 2.313660000E-01 1.689790000E+00 1.641953923E+01
7.672890000E-02 -1.030350000E+00 1.790260000E+00 1.615818811E+01
7.796990000E-02 -2.513450000E+00 1.902800000E+00 1.590100795E+01
7.923100000E-02 -4.356670000E+00 2.059000000E+00 1.564791559E+01
8.051250000E-02 -6.659420000E+00 2.312870000E+00 1.539885111E+01
8.181470000E-02 -9.965550000E+00 2.889910000E+00 1.515375599E+01
8.313800000E-02 -1.407600000E+01 4.530990000E+00 1.491255503E+01
8.448270000E-02 -1.944770000E+01 7.434940000E+00 1.467519386E+01
8.584910000E-02 -2.719530000E+01 1.859780000E+01 1.444161907E+01
8.723770000E-02 -1.930230000E+01 2.883780000E+01 1.421174561E+01
8.864870000E-02 -1.310900000E+01 3.171330000E+01 1.398554068E+01
9.008250000E-02 -9.837290000E+00 3.353260000E+01 1.376293953E+01
9.153950000E-02 -6.752490000E+00 3.538320000E+01 1.354387996E+01
9.302010000E-02 -3.955620000E+00 3.654840000E+01 1.332830216E+01
9.452460000E-02 -1.432010000E+00 3.775190000E+01 1.311616235E+01
9.605350000E-02 1.106840000E+00 3.899500000E+01 1.290739015E+01
9.760710000E-02 3.965600000E+00 3.989000000E+01 1.270194484E+01
9.918580000E-02 6.490340000E+00 4.038770000E+01 1.249977315E+01
1.007900000E-01 8.928500000E+00 4.089160000E+01 1.230082349E+01
1.024200000E-01 1.161710000E+01 4.125530000E+01 1.210505761E+01
1.040770000E-01 1.408940000E+01 4.119600000E+01 1.191233414E+01
1.057600000E-01 1.641500000E+01 4.113690000E+01 1.172276853E+01
1.074710000E-01 1.886000000E+01 4.094010000E+01 1.153613533E+01
1.092090000E-01 2.113170000E+01 4.053110000E+01 1.135254420E+01
1.109750000E-01 2.341160000E+01 4.012620000E+01 1.117188556E+01
1.127700000E-01 2.614030000E+01 3.972530000E+01 1.099405870E+01
1.145940000E-01 2.861780000E+01 3.807110000E+01 1.081906557E+01
1.164480000E-01 3.049160000E+01 3.646610000E+01 1.064681231E+01
1.183310000E-01 3.214120000E+01 3.492870000E+01 1.047738970E+01
1.202450000E-01 3.360600000E+01 3.315790000E+01 1.031061583E+01
1.221900000E-01 3.470650000E+01 3.138480000E+01 1.014649317E+01
1.241660000E-01 3.554080000E+01 2.970660000E+01 9.985020054E+00
1.261750000E-01 3.620100000E+01 2.811800000E+01 9.826035268E+00
1.282150000E-01 3.672110000E+01 2.661440000E+01 9.669695433E+00
1.302890000E-01 3.712570000E+01 2.519120000E+01 9.515768791E+00
1.323970000E-01 3.743370000E+01 2.384420000E+01 9.364260519E+00
1.345380000E-01 3.766000000E+01 2.256910000E+01 9.215240304E+00
1.367140000E-01 3.781700000E+01 2.136230000E+01 9.068566496E+00
1.389250000E-01 3.791470000E+01 2.022000000E+01 8.924239698E+00
1.411720000E-01 3.796210000E+01 1.913870000E+01 8.782194770E+00
1.434560000E-01 3.796670000E+01 1.811530000E+01 8.642371180E+00
1.457760000E-01 3.793570000E+01 1.714660000E+01 8.504829327E+00
1.481340000E-01 3.787540000E+01 1.622970000E+01 8.369449282E+00
1.505300000E-01 3.779300000E+01 1.536180000E+01 8.236231980E+00
1.529640000E-01 3.769670000E+01 1.454040000E+01 8.105175074E+00
1.554390000E-01 3.760070000E+01 1.376290000E+01 7.976119249E+00
1.579530000E-01 3.755430000E+01 1.302690000E+01 7.849170323E+00
1.605070000E-01 3.746800000E+01 1.213850000E+01 7.724273708E+00
1.631030000E-01 3.727280000E+01 1.129150000E+01 7.601331674E+00
1.657420000E-01 3.700360000E+01 1.050360000E+01 7.480300708E+00
1.684220000E-01 3.669440000E+01 9.770650000E+00 7.361271093E+00
1.711460000E-01 3.635560000E+01 9.088880000E+00 7.244107370E+00
1.739150000E-01 3.599360000E+01 8.454660000E+00 7.128769801E+00
1.767270000E-01 3.561310000E+01 7.864720000E+00 7.015340044E+00
1.795860000E-01 3.521670000E+01 7.315920000E+00 6.903656187E+00
1.824910000E-01 3.480610000E+01 6.805440000E+00 6.793759692E+00
1.854420000E-01 3.438050000E+01 6.330570000E+00 6.685648343E+00
1.884420000E-01 3.393560000E+01 5.888830000E+00 6.579212702E+00
1.914890000E-01 3.344360000E+01 5.477930000E+00 6.474523341E+00
1.945870000E-01 3.297260000E+01 5.208690000E+00 6.371443108E+00
1.977340000E-01 3.254460000E+01 4.953070000E+00 6.270039548E+00
2.009320000E-01 3.214270000E+01 4.709980000E+00 6.170246651E+00
2.041820000E-01 3.175120000E+01 4.478830000E+00 6.072033774E+00
2.074850000E-01 3.136480000E+01 4.259030000E+00 5.975371714E+00
2.108400000E-01 3.097810000E+01 4.050000000E+00 5.880288370E+00
2.142510000E-01 3.056870000E+01 3.863420000E+00 5.786670774E+00
2.177160000E-01 3.018040000E+01 3.715880000E+00 5.694574583E+00
2.212370000E-01 2.980930000E+01 3.573980000E+00 5.603945091E+00
2.248160000E-01 2.944070000E+01 3.437500000E+00 5.514732048E+00
2.284520000E-01 2.906330000E+01 3.306230000E+00 5.426960587E+00
2.321470000E-01 2.868590000E+01 3.201320000E+00 5.340581614E+00
2.359020000E-01 2.831480000E+01 3.102630000E+00 5.255572229E+00
2.397170000E-01 2.793940000E+01 3.006980000E+00 5.171931903E+00
2.435950000E-01 2.752830000E+01 2.928990000E+00 5.089595435E+00
2.475350000E-01 2.713760000E+01 2.895350000E+00 5.008584645E+00
2.515380000E-01 2.676480000E+01 2.862100000E+00 4.928877545E+00
2.556070000E-01 2.639080000E+01 2.829220000E+00 4.850414895E+00
2.597410000E-01 2.600050000E+01 2.796720000E+00 4.773216396E+00
2.639420000E-01 2.559920000E+01 2.794820000E+00 4.697244092E+00
2.682110000E-01 2.521000000E+01 2.807590000E+00 4.622480062E+00
2.725490000E-01 2.482090000E+01 2.820420000E+00 4.548906802E+00
2.769570000E-01 2.441500000E+01 2.833310000E+00 4.476507183E+00
2.814370000E-01 2.400210000E+01 2.872050000E+00 4.405248777E+00
2.859890000E-01 2.358940000E+01 2.914970000E+00 4.335131771E+00
2.906150000E-01 2.316630000E+01 2.958540000E+00 4.266125286E+00
2.953150000E-01 2.271350000E+01 3.002750000E+00 4.198229010E+00
3.000920000E-01 2.224620000E+01 3.082840000E+00 4.131399704E+00
3.049450000E-01 2.177390000E+01 3.169210000E+00 4.065651183E+00
3.098780000E-01 2.128350000E+01 3.257990000E+00 4.000929398E+00
3.148900000E-01 2.076450000E+01 3.349270000E+00 3.937247928E+00
3.199830000E-01 2.020460000E+01 3.443100000E+00 3.874580837E+00
3.251580000E-01 1.955570000E+01 3.539550000E+00 3.812915567E+00
3.304180000E-01 1.883070000E+01 3.741680000E+00 3.752216889E+00
3.357620000E-01 1.809550000E+01 4.015780000E+00 3.692496471E+00
3.411920000E-01 1.729600000E+01 4.366340000E+00 3.633731154E+00
3.467110000E-01 1.651770000E+01 4.840280000E+00 3.575888853E+00
3.523190000E-01 1.572940000E+01 5.365680000E+00 3.518970024E+00
3.580170000E-01 1.494540000E+01 6.026780000E+00 3.462964049E+00
3.638080000E-01 1.419730000E+01 6.772290000E+00 3.407841499E+00
3.696920000E-01 1.348880000E+01 7.585770000E+00 3.353602458E+00
3.756720000E-01 1.279100000E+01 8.473880000E+00 3.300219340E+00
3.817480000E-01 1.207790000E+01 9.483340000E+00 3.247692195E+00
3.879220000E-01 1.143770000E+01 1.065800000E+01 3.196003320E+00
3.941970000E-01 1.093240000E+01 1.197810000E+01 3.145127944E+00
4.005730000E-01 1.056610000E+01 1.336100000E+01 3.095066318E+00
4.070520000E-01 1.031940000E+01 1.485190000E+01 3.045802502E+00
4.136350000E-01 1.026240000E+01 1.645880000E+01 2.997328563E+00
4.203260000E-01 1.071570000E+01 1.800720000E+01 2.949615299E+00
4.271240000E-01 1.112250000E+01 1.922180000E+01 2.902669951E+00
4.340320000E-01 1.150540000E+01 2.051840000E+01 2.856471412E+00
4.410520000E-01 1.217150000E+01 2.174180000E+01 2.811006412E+00
4.481860000E-01 1.273740000E+01 2.267940000E+01 2.766262221E+00
4.554350000E-01 1.325050000E+01 2.365740000E+01 2.722232591E+00
4.628020000E-01 1.383030000E+01 2.467760000E+01 2.678899400E+00
4.702870000E-01 1.457620000E+01 2.561780000E+01 2.636262538E+00
4.778940000E-01 1.523170000E+01 2.636380000E+01 2.594299154E+00
4.856230000E-01 1.582880000E+01 2.713140000E+01 2.553009227E+00
4.934780000E-01 1.642080000E+01 2.792150000E+01 2.512371372E+00
5.014590000E-01 1.703320000E+01 2.873450000E+01 2.472385579E+00
5.095700000E-01 1.768610000E+01 2.957110000E+01 2.433031772E+00
5.178120000E-01 1.840230000E+01 3.043220000E+01 2.394305269E+00
5.261870000E-01 1.929820000E+01 3.131830000E+01 2.356196561E+00
5.346980000E-01 2.032570000E+01 3.197990000E+01 2.318692047E+00
5.433460000E-01 2.123520000E+01 3.247550000E+01 2.281787296E+00
5.521340000E-01 2.208410000E+01 3.297870000E+01 2.245469397E+00
5.610650000E-01 2.292430000E+01 3.348980000E+01 2.209726146E+00
5.701390000E-01 2.378000000E+01 3.400880000E+01 2.174557432E+00
5.793610000E-01 2.475160000E+01 3.453580000E+01 2.139943835E+00
5.887320000E-01 2.572870000E+01 3.487840000E+01 2.105881793E+00
5.982540000E-01 2.664080000E+01 3.519890000E+01 2.072363912E+00
6.079300000E-01 2.754620000E+01 3.552230000E+01 2.039379534E+00
6.177630000E-01 2.851600000E+01 3.584860000E+01 2.006918511E+00
6.277550000E-01 2.961260000E+01 3.604510000E+01 1.974974313E+00
6.379080000E-01 3.055040000E+01 3.599980000E+01 1.943540448E+00
6.482260000E-01 3.134700000E+01 3.595460000E+01 1.912604555E+00
6.587110000E-01 3.200870000E+01 3.590950000E+01 1.882160765E+00
6.693650000E-01 3.250850000E+01 3.598170000E+01 1.852203208E+00
6.801910000E-01 3.311190000E+01 3.627170000E+01 1.822723323E+00
6.911930000E-01 3.381590000E+01 3.656410000E+01 1.793710295E+00
7.023720000E-01 3.459430000E+01 3.685890000E+01 1.765161481E+00
7.137330000E-01 3.550190000E+01 3.715600000E+01 1.737064140E+00
7.252770000E-01 3.645490000E+01 3.722920000E+01 1.709415851E+00
7.370080000E-01 3.733600000E+01 3.723730000E+01 1.682206977E+00
7.489280000E-01 3.815470000E+01 3.724540000E+01 1.655432832E+00
7.610420000E-01 3.895970000E+01 3.725360000E+01 1.629082232E+00
7.733510000E-01 3.978910000E+01 3.726110000E+01 1.603153031E+00
7.858590000E-01 4.060900000E+01 3.721160000E+01 1.577636701E+00
7.985700000E-01 4.141470000E+01 3.716230000E+01 1.552525139E+00
8.114860000E-01 4.224720000E+01 3.711300000E+01 1.527814405E+00
8.246110000E-01 4.318050000E+01 3.695950000E+01 1.503496800E+00
8.379490000E-01 4.401690000E+01 3.664300000E+01 1.479564985E+00
8.515020000E-01 4.472380000E+01 3.631620000E+01 1.456015370E+00
8.652740000E-01 4.536660000E+01 3.597840000E+01 1.432840927E+00
8.792690000E-01 4.593230000E+01 3.563130000E+01 1.410034927E+00
8.934910000E-01 4.641880000E+01 3.528760000E+01 1.387590921E+00
9.079430000E-01 4.680460000E+01 3.494710000E+01 1.365504222E+00
9.226280000E-01 4.695130000E+01 3.460980000E+01 1.343770187E+00
9.375510000E-01 4.709350000E+01 3.474770000E+01 1.322381396E+00
9.527150000E-01 4.736500000E+01 3.500860000E+01 1.301333557E+00
9.681240000E-01 4.786550000E+01 3.538000000E+01 1.280621077E+00
9.837830000E-01 4.856620000E+01 3.575510000E+01 1.260237268E+00
9.996950000E-01 4.948970000E+01 3.606290000E+01 1.240178254E+00
1.015860000E+00 5.073510000E+01 3.629590000E+01 1.220443762E+00
1.032290000E+00 5.186670000E+01 3.584510000E+01 1.201019093E+00
1.048990000E+00 5.278030000E+01 3.538780000E+01 1.181898779E+00
1.065960000E+00 5.354860000E+01 3.492950000E+01 1.163083043E+00
1.083200000E+00 5.423950000E+01 3.447600000E+01 1.144571640E+00
1.100720000E+00 5.487240000E+01 3.402830000E+01 1.126353659E+00
1.118520000E+00 5.545950000E+01 3.358640000E+01 1.108428995E+00
1.136610000E+00 5.600750000E+01 3.314890000E+01 1.090787517E+00
1.155000000E+00 5.652120000E+01 3.271690000E+01 1.073419913E+00
1.173680000E+00 5.700390000E+01 3.229020000E+01 1.056335628E+00
1.192660000E+00 5.745710000E+01 3.186830000E+01 1.039525095E+00
1.211950000E+00 5.788050000E+01 3.145160000E+01 1.022979496E+00
1.231550000E+00 5.826660000E+01 3.103980000E+01 1.006698875E+00
1.251470000E+00 5.861820000E+01 3.066100000E+01 9.906749662E-01
1.271720000E+00 5.894730000E+01 3.031750000E+01 9.749001352E-01
1.292290000E+00 5.929500000E+01 3.001550000E+01 9.593821820E-01
1.313190000E+00 5.965520000E+01 2.971500000E+01 9.441131900E-01
1.334430000E+00 6.001850000E+01 2.941730000E+01 9.290858269E-01
1.356010000E+00 6.038390000E+01 2.912250000E+01 9.143000420E-01
1.377940000E+00 6.075090000E+01 2.882930000E+01 8.997489005E-01
1.400230000E+00 6.112070000E+01 2.853860000E+01 8.854259657E-01
1.422880000E+00 6.149690000E+01 2.825060000E+01 8.713313842E-01
1.445890000E+00 6.188610000E+01 2.796420000E+01 8.574649524E-01
1.469280000E+00 6.230360000E+01 2.766250000E+01 8.438146575E-01
1.493040000E+00 6.275370000E+01 2.733670000E+01 8.303863259E-01
1.517190000E+00 6.317050000E+01 2.690200000E+01 8.171685814E-01
1.541730000E+00 6.352960000E+01 2.645840000E+01 8.041615588E-01
1.566670000E+00 6.384410000E+01 2.602150000E+01 7.913600184E-01
1.592010000E+00 6.413130000E+01 2.559040000E+01 7.787639525E-01
1.617760000E+00 6.439590000E+01 2.516610000E+01 7.663683117E-01
1.643920000E+00 6.464150000E+01 2.474840000E+01 7.541729525E-01
1.670510000E+00 6.487070000E+01 2.433690000E+01 7.421685593E-01
1.697530000E+00 6.508520000E+01 2.393190000E+01 7.303552809E-01
1.724990000E+00 6.529640000E+01 2.353330000E+01 7.187288042E-01
1.752890000E+00 6.549350000E+01 2.312200000E+01 7.072891054E-01
1.781240000E+00 6.566880000E+01 2.271120000E+01 6.960319777E-01
1.810050000E+00 6.582390000E+01 2.230230000E+01 6.849534543E-01
1.839320000E+00 6.595930000E+01 2.190000000E+01 6.740534545E-01
1.869070000E+00 6.607850000E+01 2.150470000E+01 6.633245411E-01
1.899300000E+00 6.618310000E+01 2.111630000E+01 6.527668088E-01
1.930020000E+00 6.627350000E+01 2.073400000E+01 6.423767629E-01
1.961240000E+00 6.635010000E+01 2.035830000E+01 6.321510881E-01
1.992960000E+00 6.640960000E+01 1.998890000E+01 6.220897559E-01
2.025200000E+00 6.647180000E+01 1.963730000E+01 6.121864507E-01
2.057950000E+00 6.652370000E+01 1.926800000E+01 6.024441799E-01
2.091240000E+00 6.655260000E+01 1.890190000E+01 5.928540005E-01
2.125060000E+00 6.656500000E+01 1.854020000E+01 5.834188211E-01
2.159430000E+00 6.656010000E+01 1.818190000E+01 5.741329888E-01
2.194360000E+00 6.653870000E+01 1.782860000E+01 5.649938934E-01
2.229850000E+00 6.649970000E+01 1.747850000E+01 5.560015248E-01
2.265920000E+00 6.644200000E+01 1.713270000E+01 5.471508262E-01
2.302570000E+00 6.636510000E+01 1.679150000E+01 5.384418280E-01
2.339810000E+00 6.626850000E+01 1.645460000E+01 5.298720836E-01
2.377660000E+00 6.615030000E+01 1.612130000E+01 5.214370431E-01
2.416110000E+00 6.600880000E+01 1.579260000E+01 5.131388885E-01
2.455190000E+00 6.584290000E+01 1.546800000E+01 5.049711020E-01
2.494900000E+00 6.564950000E+01 1.514700000E+01 4.969337448E-01
2.535260000E+00 6.542580000E+01 1.483060000E+01 4.890228221E-01
2.576260000E+00 6.516890000E+01 1.451840000E+01 4.812402475E-01
2.617930000E+00 6.487440000E+01 1.421070000E+01 4.735802714E-01
2.660270000E+00 6.453790000E+01 1.390780000E+01 4.660429205E-01
2.703300000E+00 6.415270000E+01 1.360820000E+01 4.586246440E-01
2.747030000E+00 6.370990000E+01 1.331300000E+01 4.513237933E-01
2.791460000E+00 6.319890000E+01 1.302210000E+01 4.441403423E-01
2.836610000E+00 6.260480000E+01 1.273540000E+01 4.370710108E-01
2.882490000E+00 6.190700000E+01 1.245270000E+01 4.301142415E-01
2.929110000E+00 6.107500000E+01 1.217400000E+01 4.232685014E-01
2.976480000E+00 6.006260000E+01 1.189960000E+01 4.165322797E-01
3.024630000E+00 5.879290000E+01 1.162930000E+01 4.099013764E-01
3.073550000E+00 5.712270000E+01 1.136300000E+01 4.033772023E-01
3.123260000E+00 5.473000000E+01 1.110050000E+01 3.969570257E-01
3.173780000E+00 5.054970000E+01 1.084190000E+01 3.906382925E-01
3.218900000E+00 1.892730000E+01 1.061950000E+01 3.851626332E-01
3.219100000E+00 1.892830000E+01 2.669010000E+01 3.851387034E-01
3.225110000E+00 3.992480000E+01 2.661320000E+01 3.844209965E-01
3.277270000E+00 5.048750000E+01 2.595990000E+01 3.783026727E-01
3.330280000E+00 5.133540000E+01 2.532600000E+01 3.722810094E-01
3.370100000E+00 3.278220000E+01 2.486640000E+01 3.678822587E-01
3.370300000E+00 3.279240000E+01 3.559790000E+01 3.678604279E-01
3.384150000E+00 5.023690000E+01 3.537520000E+01 3.663549193E-01
3.438880000E+00 5.744540000E+01 3.451670000E+01 3.605243568E-01
3.494500000E+00 6.077900000E+01 3.368140000E+01 3.547860924E-01
3.551020000E+00 6.306530000E+01 3.286930000E+01 3.491391206E-01
3.608460000E+00 6.478130000E+01 3.207690000E+01 3.435814724E-01
3.666820000E+00 6.609850000E+01 3.130420000E+01 3.381131335E-01
3.726130000E+00 6.708300000E+01 3.055200000E+01 3.327312788E-01
3.786400000E+00 6.771520000E+01 2.981690000E+01 3.274350306E-01
3.847640000E+00 6.778230000E+01 2.910240000E+01 3.222234928E-01
3.908900000E+00 5.924190000E+01 2.841560000E+01 3.171736294E-01
3.909100000E+00 5.924580000E+01 3.308860000E+01 3.171574020E-01
3.909870000E+00 6.248310000E+01 3.307870000E+01 3.170949418E-01
3.973110000E+00 6.979320000E+01 3.228070000E+01 3.120477409E-01
4.037380000E+00 7.160190000E+01 3.150300000E+01 3.070803343E-01
4.102680000E+00 7.289010000E+01 3.074460000E+01 3.021927131E-01
4.169030000E+00 7.391940000E+01 3.000470000E+01 2.973833242E-01
4.236460000E+00 7.477740000E+01 2.928410000E+01 2.926499955E-01
4.304980000E+00 7.550280000E+01 2.857990000E+01 2.879920464E-01
4.374620000E+00 7.611360000E+01 2.789410000E+01 2.834074731E-01
4.445370000E+00 7.661450000E+01 2.722550000E+01 2.788969197E-01
4.517270000E+00 7.698860000E+01 2.657360000E+01 2.744578031E-01
4.590330000E+00 7.714750000E+01 2.593640000E+01 2.700895143E-01
4.655900000E+00 7.449430000E+01 2.538590000E+01 2.662857879E-01
4.656100000E+00 7.449550000E+01 2.686640000E+01 2.662743498E-01
4.664580000E+00 7.664450000E+01 2.679600000E+01 2.657902748E-01
4.740030000E+00 7.811970000E+01 2.618380000E+01 2.615595260E-01
4.816690000E+00 7.875800000E+01 2.558730000E+01 2.573966770E-01
4.894600000E+00 7.918670000E+01 2.500640000E+01 2.532995546E-01
4.973770000E+00 7.930390000E+01 2.443800000E+01 2.492676581E-01
5.001900000E+00 7.780480000E+01 2.424120000E+01 2.478658110E-01
5.002100000E+00 7.780600000E+01 2.516730000E+01 2.478559005E-01
5.054210000E+00 7.994370000E+01 2.480790000E+01 2.453004525E-01
5.135960000E+00 8.063780000E+01 2.426160000E+01 2.413959610E-01
5.219030000E+00 8.116320000E+01 2.372330000E+01 2.375537217E-01
5.303440000E+00 8.161240000E+01 2.319310000E+01 2.337727965E-01
5.389220000E+00 8.201050000E+01 2.267100000E+01 2.300518442E-01
5.476390000E+00 8.236970000E+01 2.215770000E+01 2.263900124E-01
5.564970000E+00 8.269650000E+01 2.165270000E+01 2.227864661E-01
5.654980000E+00 8.299530000E+01 2.115640000E+01 2.192403863E-01
5.746440000E+00 8.326920000E+01 2.066870000E+01 2.157509693E-01
5.839390000E+00 8.352080000E+01 2.018980000E+01 2.123166975E-01
5.933830000E+00 8.375190000E+01 1.971940000E+01 2.089375665E-01
6.029810000E+00 8.396440000E+01 1.925770000E+01 2.056117854E-01
6.127330000E+00 8.415930000E+01 1.880460000E+01 2.023393550E-01
6.226440000E+00 8.433800000E+01 1.836040000E+01 1.991185975E-01
6.327150000E+00 8.450170000E+01 1.792480000E+01 1.959492030E-01
6.429480000E+00 8.465140000E+01 1.749790000E+01 1.928305244E-01
6.533480000E+00 8.478800000E+01 1.707940000E+01 1.897610462E-01
6.639150000E+00 8.491210000E+01 1.666930000E+01 1.867407725E-01
6.746540000E+00 8.502440000E+01 1.626780000E+01 1.837682723E-01
6.855650000E+00 8.512570000E+01 1.587470000E+01 1.808435378E-01
6.966540000E+00 8.521680000E+01 1.549020000E+01 1.779649582E-01
7.079220000E+00 8.529830000E+01 1.511350000E+01 1.751322886E-01
7.193720000E+00 8.537030000E+01 1.474500000E+01 1.723447674E-01
7.310070000E+00 8.543350000E+01 1.438450000E+01 1.696016591E-01
7.428310000E+00 8.548860000E+01 1.403230000E+01 1.669020275E-01
7.548450000E+00 8.553590000E+01 1.368740000E+01 1.642456398E-01
7.670540000E+00 8.557560000E+01 1.335070000E+01 1.616313845E-01
7.794610000E+00 8.560860000E+01 1.302140000E+01 1.590586315E-01
7.920680000E+00 8.563470000E+01 1.269940000E+01 1.565269649E-01
8.048790000E+00 8.565450000E+01 1.238510000E+01 1.540355755E-01
8.178980000E+00 8.566820000E+01 1.207780000E+01 1.515836938E-01
8.311260000E+00 8.567620000E+01 1.177810000E+01 1.491711245E-01
8.445690000E+00 8.567920000E+01 1.148540000E+01 1.467967685E-01
8.582290000E+00 8.567710000E+01 1.119930000E+01 1.444602781E-01
8.721110000E+00 8.567000000E+01 1.092010000E+01 1.421608029E-01
8.862160000E+00 8.565820000E+01 1.064740000E+01 1.398981738E-01
9.005500000E+00 8.564220000E+01 1.038170000E+01 1.376714230E-01
9.151160000E+00 8.562230000E+01 1.012180000E+01 1.354800921E-01
9.299170000E+00 8.559850000E+01 9.868910000E+00 1.333237267E-01
9.449580000E+00 8.557160000E+01 9.621760000E+00 1.312015984E-01
9.602420000E+00 8.554190000E+01 9.380930000E+00 1.291132860E-01
9.757730000E+00 8.551020000E+01 9.146030000E+00 1.270582400E-01
9.915550000E+00 8.548540000E+01 8.916410000E+00 1.250359284E-01
1.007590000E+01 8.545780000E+01 8.670870000E+00 1.230460803E-01
1.023890000E+01 8.540810000E+01 8.432040000E+00 1.210872262E-01
1.040450000E+01 8.535200000E+01 8.199810000E+00 1.191599789E-01
1.057280000E+01 8.528880000E+01 7.974080000E+00 1.172631659E-01
1.074380000E+01 8.521920000E+01 7.754750000E+00 1.153967870E-01
1.091760000E+01 8.514340000E+01 7.541710000E+00 1.135597567E-01
1.109420000E+01 8.506170000E+01 7.334860000E+00 1.117520867E-01
1.127360000E+01 8.497410000E+01 7.134070000E+00 1.099737440E-01
1.145590000E+01 8.488060000E+01 6.939250000E+00 1.082237101E-01
1.164120000E+01 8.478110000E+01 6.750280000E+00 1.065010480E-01
1.182950000E+01 8.467540000E+01 6.567030000E+00 1.048057822E-01
1.202080000E+01 8.456330000E+01 6.389400000E+00 1.031378943E-01
1.221530000E+01 8.444420000E+01 6.217260000E+00 1.014956653E-01
1.241280000E+01 8.431760000E+01 6.050520000E+00 9.988076824E-02
1.261360000E+01 8.418290000E+01 5.889040000E+00 9.829073381E-02
1.281760000E+01 8.403910000E+01 5.732730000E+00 9.672637623E-02
1.302500000E+01 8.388500000E+01 5.581450000E+00 9.518618042E-02
1.323560000E+01 8.371910000E+01 5.435090000E+00 9.367161292E-02
1.344970000E+01 8.353930000E+01 5.293560000E+00 9.218049473E-02
1.366720000E+01 8.334310000E+01 5.156720000E+00 9.071353313E-02
1.388830000E+01 8.312660000E+01 5.024470000E+00 8.926938502E-02
1.411290000E+01 8.288480000E+01 4.896700000E+00 8.784870579E-02
1.434120000E+01 8.261020000E+01 4.773290000E+00 8.645022732E-02
1.457310000E+01 8.229130000E+01 4.654150000E+00 8.507455517E-02
1.480890000E+01 8.190910000E+01 4.539160000E+00 8.371992518E-02
1.504840000E+01 8.142940000E+01 4.428220000E+00 8.238749635E-02
1.529180000E+01 8.077950000E+01 4.321220000E+00 8.107613231E-02
1.553910000E+01 7.975640000E+01 4.218070000E+00 7.978583058E-02
1.579040000E+01 7.714530000E+01 4.118650000E+00 7.851606039E-02
1.587090000E+01 6.452470000E+01 4.087650000E+00 7.811781310E-02
1.587110000E+01 6.452540000E+01 1.004400000E+01 7.811682870E-02
1.604580000E+01 7.875220000E+01 9.854680000E+00 7.726632514E-02
1.630540000E+01 8.049920000E+01 9.583690000E+00 7.603615980E-02
1.656910000E+01 8.136930000E+01 9.320160000E+00 7.482603159E-02
1.683710000E+01 8.191750000E+01 9.063880000E+00 7.363500840E-02
1.710940000E+01 8.228510000E+01 8.814660000E+00 7.246309046E-02
1.738610000E+01 8.252720000E+01 8.572290000E+00 7.130983947E-02
1.766740000E+01 8.266620000E+01 8.336590000E+00 7.017444559E-02
1.795310000E+01 8.270600000E+01 8.107380000E+00 6.905771148E-02
1.824350000E+01 8.263040000E+01 7.884470000E+00 6.795845096E-02
1.853860000E+01 8.238290000E+01 7.667700000E+00 6.687667893E-02
1.883840000E+01 8.174320000E+01 7.456890000E+00 6.581238322E-02
1.908310000E+01 7.435770000E+01 7.291520000E+00 6.496847996E-02
1.908330000E+01 7.435780000E+01 1.029180000E+01 6.496779907E-02
1.914310000E+01 8.048180000E+01 1.024490000E+01 6.476485000E-02
1.945270000E+01 8.218040000E+01 1.000790000E+01 6.373408319E-02
1.976740000E+01 8.225260000E+01 9.776360000E+00 6.271942694E-02
1.983990000E+01 7.962120000E+01 9.724250000E+00 6.249023433E-02
1.984010000E+01 7.962160000E+01 1.104440000E+01 6.248960439E-02
2.008710000E+01 8.331010000E+01 1.085200000E+01 6.172120416E-02
2.041200000E+01 8.407840000E+01 1.060750000E+01 6.073878111E-02
2.074210000E+01 8.461270000E+01 1.036640000E+01 5.977215422E-02
2.107760000E+01 8.503740000E+01 1.012890000E+01 5.882073860E-02
2.141850000E+01 8.539320000E+01 9.895020000E+00 5.788453907E-02
2.176500000E+01 8.569980000E+01 9.664830000E+00 5.696301401E-02
2.211700000E+01 8.596870000E+01 9.438410000E+00 5.605642718E-02
2.247470000E+01 8.620740000E+01 9.215770000E+00 5.516425136E-02
2.283820000E+01 8.642090000E+01 8.996950000E+00 5.428623972E-02
2.320760000E+01 8.661320000E+01 8.781980000E+00 5.342215481E-02
2.358300000E+01 8.678690000E+01 8.570880000E+00 5.257176780E-02
2.396440000E+01 8.694460000E+01 8.363660000E+00 5.173507369E-02
2.435200000E+01 8.708790000E+01 8.160310000E+00 5.091162943E-02
2.474590000E+01 8.721850000E+01 7.960850000E+00 5.010122889E-02
2.514620000E+01 8.733750000E+01 7.765260000E+00 4.930367213E-02
2.555290000E+01 8.744600000E+01 7.573540000E+00 4.851895480E-02
2.596620000E+01 8.754500000E+01 7.385660000E+00 4.774668608E-02
2.638610000E+01 8.763530000E+01 7.201600000E+00 4.698686051E-02
2.681290000E+01 8.771760000E+01 7.021340000E+00 4.623893723E-02
2.724660000E+01 8.779250000E+01 6.844850000E+00 4.550292514E-02
2.768730000E+01 8.786060000E+01 6.672100000E+00 4.477865303E-02
2.813510000E+01 8.792240000E+01 6.503040000E+00 4.406595320E-02
2.859020000E+01 8.797830000E+01 6.337660000E+00 4.336450952E-02
2.905260000E+01 8.802880000E+01 6.175890000E+00 4.267432175E-02
2.952250000E+01 8.807420000E+01 6.017700000E+00 4.199508849E-02
3.000000000E+01 8.811490000E+01 5.863060000E+00 4.132666667E-02
