# Data retrieved from henke.lbl.gov/optical_constants 03/01/2021
# Element, Ag  (Z = 47) 
# Atomic weight*, g mol-1 = 107.8682 
# Nominal density*, g cm-3 =  0 
# Relativistic correction estimate f_rel(5CL)*,  e atom-1 =  0 
# Nuclear Thomson correction f_NT*, e atom-1 =  0 
#    E [keV]      f1 [e atom-1]      f2 [e atom-1]    Wavelength [nm] 
1.000000000E-02 -9.999000000E+03 1.185660000E+00 1.239800000E+02
1.016170000E-02 -9.999000000E+03 1.229410000E+00 1.220071445E+02
1.032610000E-02 -9.999000000E+03 1.274780000E+00 1.200646904E+02
1.049310000E-02 -9.999000000E+03 1.321820000E+00 1.181538344E+02
1.066280000E-02 -9.999000000E+03 1.382150000E+00 1.162733991E+02
1.083530000E-02 -9.999000000E+03 1.455410000E+00 1.144223049E+02
1.101060000E-02 -9.999000000E+03 1.532560000E+00 1.126005849E+02
1.118860000E-02 -9.999000000E+03 1.613790000E+00 1.108092165E+02
1.136960000E-02 -9.999000000E+03 1.699330000E+00 1.090451731E+02
1.155350000E-02 -9.999000000E+03 1.787550000E+00 1.073094733E+02
1.174040000E-02 -9.999000000E+03 1.879960000E+00 1.056011720E+02
1.193030000E-02 -9.999000000E+03 1.977150000E+00 1.039202702E+02
1.212320000E-02 -9.999000000E+03 2.079360000E+00 1.022667283E+02
1.231930000E-02 -9.999000000E+03 2.186860000E+00 1.006388350E+02
1.251860000E-02 -9.999000000E+03 2.299920000E+00 9.903663349E+01
1.272100000E-02 -9.999000000E+03 2.418240000E+00 9.746089144E+01
1.292680000E-02 -9.999000000E+03 2.531970000E+00 9.590927376E+01
1.313590000E-02 -9.999000000E+03 2.651050000E+00 9.438256990E+01
1.334830000E-02 -9.999000000E+03 2.775720000E+00 9.288074137E+01
1.356420000E-02 -9.999000000E+03 2.906270000E+00 9.140236800E+01
1.378360000E-02 -9.999000000E+03 3.042940000E+00 8.994747381E+01
1.400660000E-02 -9.999000000E+03 3.186050000E+00 8.851541416E+01
1.423310000E-02 -9.999000000E+03 3.335890000E+00 8.710681440E+01
1.446330000E-02 -9.999000000E+03 3.476810000E+00 8.572040959E+01
1.469730000E-02 -9.999000000E+03 3.606440000E+00 8.435562995E+01
1.493500000E-02 -9.999000000E+03 3.740920000E+00 8.301305658E+01
1.517650000E-02 -9.999000000E+03 3.880400000E+00 8.169208974E+01
1.542200000E-02 -9.999000000E+03 4.025090000E+00 8.039164829E+01
1.567140000E-02 -9.999000000E+03 4.175170000E+00 7.911226821E+01
1.592490000E-02 -9.999000000E+03 4.297130000E+00 7.785292215E+01
1.618250000E-02 -9.999000000E+03 4.414410000E+00 7.661362583E+01
1.644420000E-02 -9.999000000E+03 4.534880000E+00 7.539436397E+01
1.671020000E-02 -9.999000000E+03 4.658650000E+00 7.419420474E+01
1.698050000E-02 -9.999000000E+03 4.785790000E+00 7.301316216E+01
1.725510000E-02 -9.999000000E+03 4.901060000E+00 7.185122080E+01
1.753420000E-02 -9.999000000E+03 4.989370000E+00 7.070753157E+01
1.781780000E-02 -9.999000000E+03 5.079260000E+00 6.958210329E+01
1.810600000E-02 -9.999000000E+03 5.170770000E+00 6.847453883E+01
1.839890000E-02 -9.999000000E+03 5.290550000E+00 6.738446320E+01
1.869640000E-02 -9.999000000E+03 5.459840000E+00 6.631223123E+01
1.899880000E-02 -9.999000000E+03 5.634550000E+00 6.525675306E+01
1.930610000E-02 -9.999000000E+03 5.814850000E+00 6.421804507E+01
1.961840000E-02 -9.999000000E+03 6.000910000E+00 6.319577539E+01
1.993570000E-02 -9.999000000E+03 6.192930000E+00 6.218994066E+01
2.025820000E-02 -9.999000000E+03 6.426310000E+00 6.119990917E+01
2.058580000E-02 -9.999000000E+03 6.672870000E+00 6.022598102E+01
2.091880000E-02 -9.999000000E+03 6.928900000E+00 5.926726198E+01
2.125710000E-02 -9.999000000E+03 7.194760000E+00 5.832404232E+01
2.160090000E-02 -9.999000000E+03 7.470810000E+00 5.739575666E+01
2.195030000E-02 -9.999000000E+03 7.697700000E+00 5.648214375E+01
2.230530000E-02 -9.999000000E+03 7.913410000E+00 5.558320220E+01
2.266610000E-02 -9.999000000E+03 8.135170000E+00 5.469842628E+01
2.303270000E-02 -9.999000000E+03 8.363130000E+00 5.382781871E+01
2.340530000E-02 -9.999000000E+03 8.597500000E+00 5.297090830E+01
2.378380000E-02 -9.999000000E+03 8.816790000E+00 5.212791900E+01
2.416850000E-02 -9.999000000E+03 8.872600000E+00 5.129817738E+01
2.455940000E-02 -9.999000000E+03 8.928770000E+00 5.048168929E+01
2.495660000E-02 -9.999000000E+03 8.985300000E+00 4.967824143E+01
2.536030000E-02 -9.999000000E+03 9.042180000E+00 4.888743430E+01
2.577050000E-02 -9.999000000E+03 9.099490000E+00 4.810927223E+01
2.618730000E-02 -9.999000000E+03 9.218170000E+00 4.734355966E+01
2.661090000E-02 -9.999000000E+03 9.338380000E+00 4.658993119E+01
2.704130000E-02 -9.999000000E+03 9.460180000E+00 4.584838747E+01
2.747860000E-02 -9.999000000E+03 9.583550000E+00 4.511874695E+01
2.792310000E-02 -9.999000000E+03 9.708530000E+00 4.440051427E+01
2.837470000E-02 -9.999000000E+03 9.844460000E+00 4.369385403E+01
2.883370000E-02 -9.999000000E+03 1.003040000E+01 4.299829713E+01
2.930000000E-02 -1.819220000E+00 1.021990000E+01 4.231399317E+01
2.977390000E-02 -1.728680000E+00 1.041300000E+01 4.164049721E+01
3.025550000E-02 -1.625870000E+00 1.060970000E+01 4.097767348E+01
3.074490000E-02 -1.506830000E+00 1.081010000E+01 4.032538730E+01
3.124210000E-02 -1.369420000E+00 1.099640000E+01 3.968363202E+01
3.174750000E-02 -1.237940000E+00 1.117670000E+01 3.905189385E+01
3.226090000E-02 -1.104690000E+00 1.136000000E+01 3.843042197E+01
3.278270000E-02 -9.657800000E-01 1.154640000E+01 3.781872756E+01
3.331300000E-02 -8.192770000E-01 1.173580000E+01 3.721670219E+01
3.385180000E-02 -6.607910000E-01 1.192830000E+01 3.662434494E+01
3.439930000E-02 -4.805850000E-01 1.212390000E+01 3.604143108E+01
3.495570000E-02 -2.896670000E-01 1.228000000E+01 3.546774918E+01
3.552110000E-02 -1.150680000E-01 1.243070000E+01 3.490319838E+01
3.609560000E-02 5.442240000E-02 1.258320000E+01 3.434767673E+01
3.667940000E-02 2.226350000E-01 1.273760000E+01 3.380098911E+01
3.727270000E-02 3.912680000E-01 1.289390000E+01 3.326295117E+01
3.787550000E-02 5.613650000E-01 1.305210000E+01 3.273356127E+01
3.848820000E-02 7.337590000E-01 1.321230000E+01 3.221247032E+01
3.911070000E-02 9.091630000E-01 1.337440000E+01 3.169976503E+01
3.974320000E-02 1.088350000E+00 1.353850000E+01 3.119527366E+01
4.038610000E-02 1.272360000E+00 1.370460000E+01 3.069868098E+01
4.103930000E-02 1.464090000E+00 1.387280000E+01 3.021006694E+01
4.170310000E-02 1.660620000E+00 1.403290000E+01 2.972920478E+01
4.237760000E-02 1.857090000E+00 1.419360000E+01 2.925602205E+01
4.306300000E-02 2.055390000E+00 1.435610000E+01 2.879037689E+01
4.375950000E-02 2.257260000E+00 1.452060000E+01 2.833213359E+01
4.446730000E-02 2.463330000E+00 1.468680000E+01 2.788116211E+01
4.518650000E-02 2.674310000E+00 1.485500000E+01 2.743739834E+01
4.591740000E-02 2.890860000E+00 1.502520000E+01 2.700065770E+01
4.666000000E-02 3.114090000E+00 1.519720000E+01 2.657093871E+01
4.741470000E-02 3.347520000E+00 1.537130000E+01 2.614800895E+01
4.818160000E-02 3.587810000E+00 1.553750000E+01 2.573181463E+01
4.896090000E-02 3.829400000E+00 1.570330000E+01 2.532224694E+01
4.975280000E-02 4.075120000E+00 1.587070000E+01 2.491920053E+01
5.055760000E-02 4.326320000E+00 1.604000000E+01 2.452252480E+01
5.137530000E-02 4.584000000E+00 1.621110000E+01 2.413221918E+01
5.220620000E-02 4.848910000E+00 1.638400000E+01 2.374813719E+01
5.305060000E-02 5.121920000E+00 1.655880000E+01 2.337014096E+01
5.390870000E-02 5.403940000E+00 1.673540000E+01 2.299814316E+01
5.478060000E-02 5.696190000E+00 1.691390000E+01 2.263209968E+01
5.566670000E-02 6.000130000E+00 1.709430000E+01 2.227184295E+01
5.656700000E-02 6.318140000E+00 1.727660000E+01 2.191737232E+01
5.748200000E-02 6.659650000E+00 1.746090000E+01 2.156849101E+01
5.841170000E-02 7.025540000E+00 1.762300000E+01 2.122519975E+01
5.935640000E-02 7.384250000E+00 1.776480000E+01 2.088738535E+01
6.031650000E-02 7.743000000E+00 1.790770000E+01 2.055490620E+01
6.129210000E-02 8.107730000E+00 1.805180000E+01 2.022772919E+01
6.228340000E-02 8.481320000E+00 1.819710000E+01 1.990578549E+01
6.329080000E-02 8.865970000E+00 1.834350000E+01 1.958894500E+01
6.431450000E-02 9.263870000E+00 1.849110000E+01 1.927714590E+01
6.535470000E-02 9.677270000E+00 1.864000000E+01 1.897032654E+01
6.641180000E-02 1.010950000E+01 1.879030000E+01 1.866836918E+01
6.748590000E-02 1.056440000E+01 1.894190000E+01 1.837124496E+01
6.857750000E-02 1.104810000E+01 1.909460000E+01 1.807881594E+01
6.968670000E-02 1.157230000E+01 1.924860000E+01 1.779105626E+01
7.081380000E-02 1.218800000E+01 1.939160000E+01 1.750788688E+01
7.195910000E-02 1.279280000E+01 1.939950000E+01 1.722923161E+01
7.312300000E-02 1.337630000E+01 1.940730000E+01 1.695499364E+01
7.430570000E-02 1.396590000E+01 1.941520000E+01 1.668512644E+01
7.550760000E-02 1.460420000E+01 1.942310000E+01 1.641953923E+01
7.672890000E-02 1.527160000E+01 1.932690000E+01 1.615818811E+01
7.796990000E-02 1.590270000E+01 1.918370000E+01 1.590100795E+01
7.923100000E-02 1.650220000E+01 1.904160000E+01 1.564791559E+01
8.051250000E-02 1.711360000E+01 1.890060000E+01 1.539885111E+01
8.181470000E-02 1.773800000E+01 1.872520000E+01 1.515375599E+01
8.313800000E-02 1.835940000E+01 1.853300000E+01 1.491255503E+01
8.448270000E-02 1.898750000E+01 1.834280000E+01 1.467519386E+01
8.584910000E-02 1.963990000E+01 1.815460000E+01 1.444161907E+01
8.723770000E-02 2.045150000E+01 1.796820000E+01 1.421174561E+01
8.864870000E-02 2.126840000E+01 1.754490000E+01 1.398554068E+01
9.008250000E-02 2.198980000E+01 1.709480000E+01 1.376293953E+01
9.153950000E-02 2.269980000E+01 1.665620000E+01 1.354387996E+01
9.302010000E-02 2.365180000E+01 1.622880000E+01 1.332830216E+01
9.452460000E-02 2.464880000E+01 1.539580000E+01 1.311616235E+01
9.605350000E-02 2.537980000E+01 1.436780000E+01 1.290739015E+01
9.760710000E-02 2.617480000E+01 1.335880000E+01 1.270194484E+01
9.918580000E-02 2.661700000E+01 1.180960000E+01 1.249977315E+01
1.007900000E-01 2.664860000E+01 1.044010000E+01 1.230082349E+01
1.024200000E-01 2.649450000E+01 9.229400000E+00 1.210505761E+01
1.040770000E-01 2.622180000E+01 8.159070000E+00 1.191233414E+01
1.057600000E-01 2.589080000E+01 7.212900000E+00 1.172276853E+01
1.074710000E-01 2.552120000E+01 6.353200000E+00 1.153613533E+01
1.092090000E-01 2.508550000E+01 5.542040000E+00 1.135254420E+01
1.109750000E-01 2.459090000E+01 4.834440000E+00 1.117188556E+01
1.127700000E-01 2.407060000E+01 4.217180000E+00 1.099405870E+01
1.145940000E-01 2.353210000E+01 3.678720000E+00 1.081906557E+01
1.164480000E-01 2.294830000E+01 3.209040000E+00 1.064681231E+01
1.183310000E-01 2.234970000E+01 2.870800000E+00 1.047738970E+01
1.202450000E-01 2.182850000E+01 2.652180000E+00 1.031061583E+01
1.221900000E-01 2.136960000E+01 2.450210000E+00 1.014649317E+01
1.241660000E-01 2.093910000E+01 2.263630000E+00 9.985020054E+00
1.261750000E-01 2.051860000E+01 2.091250000E+00 9.826035268E+00
1.282150000E-01 2.010810000E+01 1.959340000E+00 9.669695433E+00
1.302890000E-01 1.972240000E+01 1.844800000E+00 9.515768791E+00
1.323970000E-01 1.932820000E+01 1.736950000E+00 9.364260519E+00
1.345380000E-01 1.894170000E+01 1.689050000E+00 9.215240304E+00
1.367140000E-01 1.859390000E+01 1.648380000E+00 9.068566496E+00
1.389250000E-01 1.825180000E+01 1.626220000E+00 8.924239698E+00
1.411720000E-01 1.791930000E+01 1.617660000E+00 8.782194770E+00
1.434560000E-01 1.760170000E+01 1.647470000E+00 8.642371180E+00
1.457760000E-01 1.731660000E+01 1.675470000E+00 8.504829327E+00
1.481340000E-01 1.703000000E+01 1.701760000E+00 8.369449282E+00
1.505300000E-01 1.673860000E+01 1.763940000E+00 8.236231980E+00
1.529640000E-01 1.647350000E+01 1.844440000E+00 8.105175074E+00
1.554390000E-01 1.622530000E+01 1.928610000E+00 7.976119249E+00
1.579530000E-01 1.597590000E+01 2.016620000E+00 7.849170323E+00
1.605070000E-01 1.571930000E+01 2.150150000E+00 7.724273708E+00
1.631030000E-01 1.550170000E+01 2.320600000E+00 7.601331674E+00
1.657420000E-01 1.533070000E+01 2.503850000E+00 7.480300708E+00
1.684220000E-01 1.519380000E+01 2.680310000E+00 7.361271093E+00
1.711460000E-01 1.509600000E+01 2.867210000E+00 7.244107370E+00
1.739150000E-01 1.502710000E+01 3.002230000E+00 7.128769801E+00
1.767270000E-01 1.494820000E+01 3.143610000E+00 7.015340044E+00
1.795860000E-01 1.489470000E+01 3.291650000E+00 6.903656187E+00
1.824910000E-01 1.486270000E+01 3.391850000E+00 6.793759692E+00
1.854420000E-01 1.481460000E+01 3.491720000E+00 6.685648343E+00
1.884420000E-01 1.477620000E+01 3.594530000E+00 6.579212702E+00
1.914890000E-01 1.474990000E+01 3.684590000E+00 6.474523341E+00
1.945870000E-01 1.471810000E+01 3.757050000E+00 6.371443108E+00
1.977340000E-01 1.468290000E+01 3.828830000E+00 6.270039548E+00
2.009320000E-01 1.464520000E+01 3.890430000E+00 6.170246651E+00
2.041820000E-01 1.460150000E+01 3.953020000E+00 6.072033774E+00
2.074850000E-01 1.455570000E+01 4.016610000E+00 5.975371714E+00
2.108400000E-01 1.450900000E+01 4.081240000E+00 5.880288370E+00
2.142510000E-01 1.446220000E+01 4.146900000E+00 5.786670774E+00
2.177160000E-01 1.441590000E+01 4.213610000E+00 5.694574583E+00
2.212370000E-01 1.437050000E+01 4.281400000E+00 5.603945091E+00
2.248160000E-01 1.432660000E+01 4.350280000E+00 5.514732048E+00
2.284520000E-01 1.428520000E+01 4.420280000E+00 5.426960587E+00
2.321470000E-01 1.424740000E+01 4.491390000E+00 5.340581614E+00
2.359020000E-01 1.422320000E+01 4.563650000E+00 5.255572229E+00
2.397170000E-01 1.421230000E+01 4.610850000E+00 5.171931903E+00
2.435950000E-01 1.417680000E+01 4.647940000E+00 5.089595435E+00
2.475350000E-01 1.413470000E+01 4.685330000E+00 5.008584645E+00
2.515380000E-01 1.408820000E+01 4.723010000E+00 4.928877545E+00
2.556070000E-01 1.403960000E+01 4.761000000E+00 4.850414895E+00
2.597410000E-01 1.399160000E+01 4.791150000E+00 4.773216396E+00
2.639420000E-01 1.393280000E+01 4.817580000E+00 4.697244092E+00
2.682110000E-01 1.386830000E+01 4.844150000E+00 4.622480062E+00
2.725490000E-01 1.380130000E+01 4.870860000E+00 4.548906802E+00
2.769570000E-01 1.374070000E+01 4.897470000E+00 4.476507183E+00
2.814370000E-01 1.367330000E+01 4.882110000E+00 4.405248777E+00
2.859890000E-01 1.357440000E+01 4.866820000E+00 4.335131771E+00
2.906150000E-01 1.345680000E+01 4.851560000E+00 4.266125286E+00
2.953150000E-01 1.332270000E+01 4.836210000E+00 4.198229010E+00
3.000920000E-01 1.317270000E+01 4.820770000E+00 4.131399704E+00
3.049450000E-01 1.301400000E+01 4.805370000E+00 4.065651183E+00
3.098780000E-01 1.284120000E+01 4.756910000E+00 4.000929398E+00
3.148900000E-01 1.261150000E+01 4.700310000E+00 3.937247928E+00
3.199830000E-01 1.233300000E+01 4.658500000E+00 3.874580837E+00
3.251580000E-01 1.204320000E+01 4.630310000E+00 3.812915567E+00
3.304180000E-01 1.173640000E+01 4.562460000E+00 3.752216889E+00
3.357620000E-01 1.129840000E+01 4.479420000E+00 3.692496471E+00
3.411920000E-01 1.075740000E+01 4.459940000E+00 3.633731154E+00
3.467110000E-01 1.019460000E+01 4.522420000E+00 3.575888853E+00
3.523190000E-01 9.553950000E+00 4.581170000E+00 3.518970024E+00
3.580170000E-01 8.844310000E+00 4.729320000E+00 3.462964049E+00
3.638080000E-01 8.049060000E+00 4.946240000E+00 3.407841499E+00
3.696920000E-01 7.157750000E+00 5.197180000E+00 3.353602458E+00
3.756720000E-01 6.096910000E+00 5.588790000E+00 3.300219340E+00
3.817480000E-01 4.701090000E+00 6.302970000E+00 3.247692195E+00
3.879220000E-01 3.394400000E+00 7.406710000E+00 3.196003320E+00
3.941970000E-01 2.225530000E+00 9.230620000E+00 3.145127944E+00
4.005730000E-01 1.555700000E+00 1.131380000E+01 3.095066318E+00
4.070520000E-01 1.602790000E+00 1.345100000E+01 3.045802502E+00
4.136350000E-01 1.873850000E+00 1.552350000E+01 2.997328563E+00
4.203260000E-01 2.550470000E+00 1.744810000E+01 2.949615299E+00
4.271240000E-01 3.764520000E+00 1.897490000E+01 2.902669951E+00
4.340320000E-01 4.894070000E+00 2.022220000E+01 2.856471412E+00
4.410520000E-01 5.946400000E+00 2.102870000E+01 2.811006412E+00
4.481860000E-01 6.919530000E+00 2.186730000E+01 2.766262221E+00
4.554350000E-01 7.855480000E+00 2.253170000E+01 2.722232591E+00
4.628020000E-01 8.742410000E+00 2.320920000E+01 2.678899400E+00
4.702870000E-01 9.689180000E+00 2.390710000E+01 2.636262538E+00
4.778940000E-01 1.067420000E+01 2.443220000E+01 2.594299154E+00
4.856230000E-01 1.169830000E+01 2.495660000E+01 2.553009227E+00
4.934780000E-01 1.268910000E+01 2.521940000E+01 2.512371372E+00
5.014590000E-01 1.356250000E+01 2.547400000E+01 2.472385579E+00
5.095700000E-01 1.438860000E+01 2.573120000E+01 2.433031772E+00
5.178120000E-01 1.520120000E+01 2.599110000E+01 2.394305269E+00
5.261870000E-01 1.602770000E+01 2.622120000E+01 2.356196561E+00
5.346980000E-01 1.681940000E+01 2.642020000E+01 2.318692047E+00
5.433460000E-01 1.760000000E+01 2.662070000E+01 2.281787296E+00
5.521340000E-01 1.838740000E+01 2.682270000E+01 2.245469397E+00
5.610650000E-01 1.920240000E+01 2.702620000E+01 2.209726146E+00
5.701390000E-01 2.010660000E+01 2.723130000E+01 2.174557432E+00
5.793610000E-01 2.109030000E+01 2.723920000E+01 2.139943835E+00
5.887320000E-01 2.193180000E+01 2.713010000E+01 2.105881793E+00
5.982540000E-01 2.269650000E+01 2.702140000E+01 2.072363912E+00
6.079300000E-01 2.341710000E+01 2.691320000E+01 2.039379534E+00
6.177630000E-01 2.410800000E+01 2.680540000E+01 2.006918511E+00
6.277550000E-01 2.477660000E+01 2.669440000E+01 1.974974313E+00
6.379080000E-01 2.542540000E+01 2.658240000E+01 1.943540448E+00
6.482260000E-01 2.605940000E+01 2.647080000E+01 1.912604555E+00
6.587110000E-01 2.668360000E+01 2.635970000E+01 1.882160765E+00
6.693650000E-01 2.730200000E+01 2.624910000E+01 1.852203208E+00
6.801910000E-01 2.791920000E+01 2.613890000E+01 1.822723323E+00
6.911930000E-01 2.854090000E+01 2.602930000E+01 1.793710295E+00
7.023720000E-01 2.917560000E+01 2.592000000E+01 1.765161481E+00
7.137330000E-01 2.984110000E+01 2.581130000E+01 1.737064140E+00
7.252770000E-01 3.061340000E+01 2.570290000E+01 1.709415851E+00
7.370080000E-01 3.133860000E+01 2.531720000E+01 1.682206977E+00
7.489280000E-01 3.194330000E+01 2.493000000E+01 1.655432832E+00
7.610420000E-01 3.242920000E+01 2.460500000E+01 1.629082232E+00
7.733510000E-01 3.294050000E+01 2.435390000E+01 1.603153031E+00
7.858590000E-01 3.353280000E+01 2.410540000E+01 1.577636701E+00
7.985700000E-01 3.417350000E+01 2.373750000E+01 1.552525139E+00
8.114860000E-01 3.468080000E+01 2.325370000E+01 1.527814405E+00
8.246110000E-01 3.503570000E+01 2.278370000E+01 1.503496800E+00
8.379490000E-01 3.539600000E+01 2.250890000E+01 1.479564985E+00
8.515020000E-01 3.580620000E+01 2.223740000E+01 1.456015370E+00
8.652740000E-01 3.636190000E+01 2.196920000E+01 1.432840927E+00
8.792690000E-01 3.688620000E+01 2.146030000E+01 1.410034927E+00
8.934910000E-01 3.726380000E+01 2.092700000E+01 1.387590921E+00
9.079430000E-01 3.753800000E+01 2.040700000E+01 1.365504222E+00
9.226280000E-01 3.773370000E+01 1.998450000E+01 1.343770187E+00
9.375510000E-01 3.794880000E+01 1.963360000E+01 1.322381396E+00
9.527150000E-01 3.820200000E+01 1.928060000E+01 1.301333557E+00
9.681240000E-01 3.844450000E+01 1.891900000E+01 1.280621077E+00
9.837830000E-01 3.867320000E+01 1.856490000E+01 1.260237268E+00
9.996950000E-01 3.889410000E+01 1.821560000E+01 1.240178254E+00
1.015860000E+00 3.911390000E+01 1.787100000E+01 1.220443762E+00
1.032290000E+00 3.932180000E+01 1.751640000E+01 1.201019093E+00
1.048990000E+00 3.951380000E+01 1.716480000E+01 1.181898779E+00
1.065960000E+00 3.969090000E+01 1.681610000E+01 1.163083043E+00
1.083200000E+00 3.985380000E+01 1.647460000E+01 1.144571640E+00
1.100720000E+00 4.000570000E+01 1.614000000E+01 1.126353659E+00
1.118520000E+00 4.014740000E+01 1.581220000E+01 1.108428995E+00
1.136610000E+00 4.027990000E+01 1.549120000E+01 1.090787517E+00
1.155000000E+00 4.040420000E+01 1.517670000E+01 1.073419913E+00
1.173680000E+00 4.052040000E+01 1.486850000E+01 1.056335628E+00
1.192660000E+00 4.062910000E+01 1.456650000E+01 1.039525095E+00
1.211950000E+00 4.073090000E+01 1.427060000E+01 1.022979496E+00
1.231550000E+00 4.082570000E+01 1.398070000E+01 1.006698875E+00
1.251470000E+00 4.091440000E+01 1.369720000E+01 9.906749662E-01
1.271720000E+00 4.099740000E+01 1.341980000E+01 9.749001352E-01
1.292290000E+00 4.107520000E+01 1.314830000E+01 9.593821820E-01
1.313190000E+00 4.114850000E+01 1.288250000E+01 9.441131900E-01
1.334430000E+00 4.121730000E+01 1.262210000E+01 9.290858269E-01
1.356010000E+00 4.128210000E+01 1.236690000E+01 9.143000420E-01
1.377940000E+00 4.134310000E+01 1.211690000E+01 8.997489005E-01
1.400230000E+00 4.140090000E+01 1.187190000E+01 8.854259657E-01
1.422880000E+00 4.145600000E+01 1.163190000E+01 8.713313842E-01
1.445890000E+00 4.151070000E+01 1.139670000E+01 8.574649524E-01
1.469280000E+00 4.156440000E+01 1.116340000E+01 8.438146575E-01
1.493040000E+00 4.162260000E+01 1.093060000E+01 8.303863259E-01
1.517190000E+00 4.167490000E+01 1.068500000E+01 8.171685814E-01
1.541730000E+00 4.171000000E+01 1.044250000E+01 8.041615588E-01
1.566670000E+00 4.173730000E+01 1.020550000E+01 7.913600184E-01
1.592010000E+00 4.175800000E+01 9.974050000E+00 7.787639525E-01
1.617760000E+00 4.177310000E+01 9.747800000E+00 7.663683117E-01
1.643920000E+00 4.178320000E+01 9.526560000E+00 7.541729525E-01
1.670510000E+00 4.178870000E+01 9.310210000E+00 7.421685593E-01
1.697530000E+00 4.179010000E+01 9.098840000E+00 7.303552809E-01
1.724990000E+00 4.178880000E+01 8.892420000E+00 7.187288042E-01
1.752890000E+00 4.178470000E+01 8.686570000E+00 7.072891054E-01
1.781240000E+00 4.177460000E+01 8.483950000E+00 6.960319777E-01
1.810050000E+00 4.175860000E+01 8.284700000E+00 6.849534543E-01
1.839320000E+00 4.173740000E+01 8.090550000E+00 6.740534545E-01
1.869070000E+00 4.171200000E+01 7.900890000E+00 6.633245411E-01
1.899300000E+00 4.168230000E+01 7.715390000E+00 6.527668088E-01
1.930020000E+00 4.164820000E+01 7.534460000E+00 6.423767629E-01
1.961240000E+00 4.161030000E+01 7.357860000E+00 6.321510881E-01
1.992960000E+00 4.156790000E+01 7.185450000E+00 6.220897559E-01
2.025200000E+00 4.152250000E+01 7.019150000E+00 6.121864507E-01
2.057950000E+00 4.147550000E+01 6.853390000E+00 6.024441799E-01
2.091240000E+00 4.142280000E+01 6.690710000E+00 5.928540005E-01
2.125060000E+00 4.136510000E+01 6.531740000E+00 5.834188211E-01
2.159430000E+00 4.130270000E+01 6.376530000E+00 5.741329888E-01
2.194360000E+00 4.123560000E+01 6.224890000E+00 5.649938934E-01
2.229850000E+00 4.116370000E+01 6.077010000E+00 5.560015248E-01
2.265920000E+00 4.108680000E+01 5.932300000E+00 5.471508262E-01
2.302570000E+00 4.100460000E+01 5.791050000E+00 5.384418280E-01
2.339810000E+00 4.091660000E+01 5.653130000E+00 5.298720836E-01
2.377660000E+00 4.082260000E+01 5.518480000E+00 5.214370431E-01
2.416110000E+00 4.072210000E+01 5.387070000E+00 5.131388885E-01
2.455190000E+00 4.061470000E+01 5.258840000E+00 5.049711020E-01
2.494900000E+00 4.049970000E+01 5.133700000E+00 4.969337448E-01
2.535260000E+00 4.037630000E+01 5.011630000E+00 4.890228221E-01
2.576260000E+00 4.024370000E+01 4.892560000E+00 4.812402475E-01
2.617930000E+00 4.010080000E+01 4.776420000E+00 4.735802714E-01
2.660270000E+00 3.994620000E+01 4.663110000E+00 4.660429205E-01
2.703300000E+00 3.977840000E+01 4.552670000E+00 4.586246440E-01
2.747030000E+00 3.959530000E+01 4.445010000E+00 4.513237933E-01
2.791460000E+00 3.939450000E+01 4.339980000E+00 4.441403423E-01
2.836610000E+00 3.917270000E+01 4.237590000E+00 4.370710108E-01
2.882490000E+00 3.892570000E+01 4.137850000E+00 4.301142415E-01
2.929110000E+00 3.864790000E+01 4.040620000E+00 4.232685014E-01
2.976480000E+00 3.833180000E+01 3.945870000E+00 4.165322797E-01
3.024630000E+00 3.796620000E+01 3.853530000E+00 4.099013764E-01
3.073550000E+00 3.753490000E+01 3.763610000E+00 4.033772023E-01
3.123260000E+00 3.701150000E+01 3.675960000E+00 3.969570257E-01
3.173780000E+00 3.634990000E+01 3.590560000E+00 3.906382925E-01
3.225110000E+00 3.545640000E+01 3.507380000E+00 3.844209965E-01
3.277270000E+00 3.408410000E+01 3.426370000E+00 3.783026727E-01
3.330280000E+00 3.094670000E+01 3.347430000E+00 3.722810094E-01
3.351000000E+00 1.816100000E+01 3.317420000E+00 3.699791107E-01
3.351200000E+00 1.816180000E+01 1.082600000E+01 3.699570303E-01
3.384150000E+00 3.192010000E+01 1.066780000E+01 3.663549193E-01
3.438880000E+00 3.381500000E+01 1.041350000E+01 3.605243568E-01
3.494500000E+00 3.383910000E+01 1.016570000E+01 3.547860924E-01
3.523600000E+00 2.763850000E+01 1.003990000E+01 3.518560563E-01
3.523800000E+00 2.764220000E+01 1.375020000E+01 3.518360860E-01
3.551020000E+00 3.466610000E+01 1.359230000E+01 3.491391206E-01
3.608460000E+00 3.662130000E+01 1.326890000E+01 3.435814724E-01
3.666820000E+00 3.765520000E+01 1.295320000E+01 3.381131335E-01
3.726130000E+00 3.827680000E+01 1.264440000E+01 3.327312788E-01
3.786400000E+00 3.807600000E+01 1.234350000E+01 3.274350306E-01
3.805700000E+00 3.574760000E+01 1.224960000E+01 3.257744962E-01
3.805900000E+00 3.575340000E+01 1.403880000E+01 3.257573767E-01
3.847640000E+00 3.930050000E+01 1.382580000E+01 3.222234928E-01
3.909870000E+00 4.036360000E+01 1.351820000E+01 3.170949418E-01
3.973110000E+00 4.111480000E+01 1.321550000E+01 3.120477409E-01
4.037380000E+00 4.172670000E+01 1.291550000E+01 3.070803343E-01
4.102680000E+00 4.224920000E+01 1.262080000E+01 3.021927131E-01
4.169030000E+00 4.270750000E+01 1.233010000E+01 2.973833242E-01
4.236460000E+00 4.311440000E+01 1.204390000E+01 2.926499955E-01
4.304980000E+00 4.347940000E+01 1.176260000E+01 2.879920464E-01
4.374620000E+00 4.381010000E+01 1.148630000E+01 2.834074731E-01
4.445370000E+00 4.411040000E+01 1.121360000E+01 2.788969197E-01
4.517270000E+00 4.438400000E+01 1.094600000E+01 2.744578031E-01
4.590330000E+00 4.463430000E+01 1.068330000E+01 2.700895143E-01
4.664580000E+00 4.486380000E+01 1.042510000E+01 2.657902748E-01
4.740030000E+00 4.507460000E+01 1.017170000E+01 2.615595260E-01
4.816690000E+00 4.526840000E+01 9.923240000E+00 2.573966770E-01
4.894600000E+00 4.544680000E+01 9.679480000E+00 2.532995546E-01
4.973770000E+00 4.561100000E+01 9.440390000E+00 2.492676581E-01
5.054210000E+00 4.576240000E+01 9.206010000E+00 2.453004525E-01
5.135960000E+00 4.590170000E+01 8.976410000E+00 2.413959610E-01
5.219030000E+00 4.603010000E+01 8.751490000E+00 2.375537217E-01
5.303440000E+00 4.614820000E+01 8.531190000E+00 2.337727965E-01
5.389220000E+00 4.625690000E+01 8.315570000E+00 2.300518442E-01
5.476390000E+00 4.635690000E+01 8.104420000E+00 2.263900124E-01
5.564970000E+00 4.644850000E+01 7.897940000E+00 2.227864661E-01
5.654980000E+00 4.653250000E+01 7.695780000E+00 2.192403863E-01
5.746440000E+00 4.660940000E+01 7.498170000E+00 2.157509693E-01
5.839390000E+00 4.667980000E+01 7.304920000E+00 2.123166975E-01
5.933830000E+00 4.674380000E+01 7.115960000E+00 2.089375665E-01
6.029810000E+00 4.680200000E+01 6.931260000E+00 2.056117854E-01
6.127330000E+00 4.685470000E+01 6.750790000E+00 2.023393550E-01
6.226440000E+00 4.690230000E+01 6.574440000E+00 1.991185975E-01
6.327150000E+00 4.694510000E+01 6.402240000E+00 1.959492030E-01
6.429480000E+00 4.698340000E+01 6.234090000E+00 1.928305244E-01
6.533480000E+00 4.701750000E+01 6.069750000E+00 1.897610462E-01
6.639150000E+00 4.704760000E+01 5.909450000E+00 1.867407725E-01
6.746540000E+00 4.707410000E+01 5.752900000E+00 1.837682723E-01
6.855650000E+00 4.709710000E+01 5.600180000E+00 1.808435378E-01
6.966540000E+00 4.711670000E+01 5.450940000E+00 1.779649582E-01
7.079220000E+00 4.713320000E+01 5.305520000E+00 1.751322886E-01
7.193720000E+00 4.714690000E+01 5.163610000E+00 1.723447674E-01
7.310070000E+00 4.715780000E+01 5.025230000E+00 1.696016591E-01
7.428310000E+00 4.716630000E+01 4.890310000E+00 1.669020275E-01
7.548450000E+00 4.717240000E+01 4.758690000E+00 1.642456398E-01
7.670540000E+00 4.717630000E+01 4.630260000E+00 1.616313845E-01
7.794610000E+00 4.717790000E+01 4.505100000E+00 1.590586315E-01
7.920680000E+00 4.717770000E+01 4.383270000E+00 1.565269649E-01
8.048790000E+00 4.717550000E+01 4.264270000E+00 1.540355755E-01
8.178980000E+00 4.717180000E+01 4.148470000E+00 1.515836938E-01
8.311260000E+00 4.716630000E+01 4.035540000E+00 1.491711245E-01
8.445690000E+00 4.715930000E+01 3.925630000E+00 1.467967685E-01
8.582290000E+00 4.715090000E+01 3.818440000E+00 1.444602781E-01
8.721110000E+00 4.714130000E+01 3.714070000E+00 1.421608029E-01
8.862160000E+00 4.713030000E+01 3.612320000E+00 1.398981738E-01
9.005500000E+00 4.711810000E+01 3.513320000E+00 1.376714230E-01
9.151160000E+00 4.710500000E+01 3.417020000E+00 1.354800921E-01
9.299170000E+00 4.709100000E+01 3.323090000E+00 1.333237267E-01
9.449580000E+00 4.707580000E+01 3.231570000E+00 1.312015984E-01
9.602420000E+00 4.705970000E+01 3.142620000E+00 1.291132860E-01
9.757730000E+00 4.704300000E+01 3.056030000E+00 1.270582400E-01
9.915550000E+00 4.702540000E+01 2.971570000E+00 1.250359284E-01
1.007590000E+01 4.700710000E+01 2.889460000E+00 1.230460803E-01
1.023890000E+01 4.698810000E+01 2.809550000E+00 1.210872262E-01
1.040450000E+01 4.696850000E+01 2.731780000E+00 1.191599789E-01
1.057280000E+01 4.694830000E+01 2.656090000E+00 1.172631659E-01
1.074380000E+01 4.692760000E+01 2.582450000E+00 1.153967870E-01
1.091760000E+01 4.690640000E+01 2.510780000E+00 1.135597567E-01
1.109420000E+01 4.688470000E+01 2.441060000E+00 1.117520867E-01
1.127360000E+01 4.686260000E+01 2.373220000E+00 1.099737440E-01
1.145590000E+01 4.684010000E+01 2.307230000E+00 1.082237101E-01
1.164120000E+01 4.681710000E+01 2.243040000E+00 1.065010480E-01
1.182950000E+01 4.679380000E+01 2.180590000E+00 1.048057822E-01
1.202080000E+01 4.677020000E+01 2.119850000E+00 1.031378943E-01
1.221530000E+01 4.674620000E+01 2.060770000E+00 1.014956653E-01
1.241280000E+01 4.672180000E+01 2.003310000E+00 9.988076824E-02
1.261360000E+01 4.669720000E+01 1.947430000E+00 9.829073381E-02
1.281760000E+01 4.667230000E+01 1.893090000E+00 9.672637623E-02
1.302500000E+01 4.664700000E+01 1.840240000E+00 9.518618042E-02
1.323560000E+01 4.662150000E+01 1.788850000E+00 9.367161292E-02
1.344970000E+01 4.659570000E+01 1.738890000E+00 9.218049473E-02
1.366720000E+01 4.656960000E+01 1.690300000E+00 9.071353313E-02
1.388830000E+01 4.654310000E+01 1.643070000E+00 8.926938502E-02
1.411290000E+01 4.651640000E+01 1.597140000E+00 8.784870579E-02
1.434120000E+01 4.648940000E+01 1.552490000E+00 8.645022732E-02
1.457310000E+01 4.646200000E+01 1.509080000E+00 8.507455517E-02
1.480890000E+01 4.643420000E+01 1.466880000E+00 8.371992518E-02
1.504840000E+01 4.640610000E+01 1.425860000E+00 8.238749635E-02
1.529180000E+01 4.637760000E+01 1.385990000E+00 8.107613231E-02
1.553910000E+01 4.634860000E+01 1.347230000E+00 7.978583058E-02
1.579040000E+01 4.631920000E+01 1.309550000E+00 7.851606039E-02
1.604580000E+01 4.628920000E+01 1.272930000E+00 7.726632514E-02
1.630540000E+01 4.625870000E+01 1.237330000E+00 7.603615980E-02
1.656910000E+01 4.622760000E+01 1.202740000E+00 7.482603159E-02
1.683710000E+01 4.619570000E+01 1.169110000E+00 7.363500840E-02
1.710940000E+01 4.616320000E+01 1.136430000E+00 7.246309046E-02
1.738610000E+01 4.612970000E+01 1.104670000E+00 7.130983947E-02
1.766740000E+01 4.609540000E+01 1.073800000E+00 7.017444559E-02
1.795310000E+01 4.605990000E+01 1.043810000E+00 6.905771148E-02
1.824350000E+01 4.602330000E+01 1.014650000E+00 6.795845096E-02
1.853860000E+01 4.598530000E+01 9.863250000E-01 6.687667893E-02
1.883840000E+01 4.594580000E+01 9.587940000E-01 6.581238322E-02
1.914310000E+01 4.590460000E+01 9.320410000E-01 6.476485000E-02
1.945270000E+01 4.586140000E+01 9.060440000E-01 6.373408319E-02
1.976740000E+01 4.581590000E+01 8.807800000E-01 6.271942694E-02
2.008710000E+01 4.576770000E+01 8.562310000E-01 6.172120416E-02
2.041200000E+01 4.571640000E+01 8.323770000E-01 6.073878111E-02
2.074210000E+01 4.566150000E+01 8.091970000E-01 5.977215422E-02
2.107760000E+01 4.560220000E+01 7.866730000E-01 5.882073860E-02
2.141850000E+01 4.553770000E+01 7.647880000E-01 5.788453907E-02
2.176500000E+01 4.546680000E+01 7.435210000E-01 5.696301401E-02
2.211700000E+01 4.538800000E+01 7.228580000E-01 5.605642718E-02
2.247470000E+01 4.529910000E+01 7.027800000E-01 5.516425136E-02
2.283820000E+01 4.519730000E+01 6.832700000E-01 5.428623972E-02
2.320760000E+01 4.507800000E+01 6.643140000E-01 5.342215481E-02
2.358300000E+01 4.493420000E+01 6.458950000E-01 5.257176780E-02
2.396440000E+01 4.475390000E+01 6.279980000E-01 5.173507369E-02
2.435200000E+01 4.451410000E+01 6.106080000E-01 5.091162943E-02
2.474590000E+01 4.416120000E+01 5.937120000E-01 5.010122889E-02
2.514620000E+01 4.351380000E+01 5.772940000E-01 4.930367213E-02
2.551390000E+01 3.576720000E+01 5.628290000E-01 4.859311983E-02
2.551410000E+01 3.576740000E+01 3.561690000E+00 4.859273892E-02
2.555290000E+01 4.145930000E+01 3.553300000E+00 4.851895480E-02
2.596620000E+01 4.387290000E+01 3.465830000E+00 4.774668608E-02
2.638610000E+01 4.454600000E+01 3.380000000E+00 4.698686051E-02
2.681290000E+01 4.495980000E+01 3.295820000E+00 4.623893723E-02
2.724660000E+01 4.525990000E+01 3.213290000E+00 4.550292514E-02
2.768730000E+01 4.549490000E+01 3.132400000E+00 4.477865303E-02
2.813510000E+01 4.568720000E+01 3.053140000E+00 4.406595320E-02
2.859020000E+01 4.584920000E+01 2.975500000E+00 4.336450952E-02
2.905260000E+01 4.598880000E+01 2.899480000E+00 4.267432175E-02
2.952250000E+01 4.611800000E+01 2.825060000E+00 4.199508849E-02
3.000000000E+01 4.619290000E+01 2.752220000E+00 4.132666667E-02
