# Data retrieved from henke.lbl.gov/optical_constants 03/01/2021
# Element, B  (Z = 5) 
# Atomic weight*, g mol-1 = 10.81 
# Nominal density*, g cm-3 =  0 
# Relativistic correction estimate f_rel(5CL)*,  e atom-1 =  0 
# Nuclear Thomson correction f_NT*, e atom-1 =  0 
#    E [keV]      f1 [e atom-1]      f2 [e atom-1]    Wavelength [nm] 
1.000000000E-02 -9.999000000E+03 1.489330000E+00 1.239800000E+02
1.016170000E-02 -9.999000000E+03 1.480840000E+00 1.220071445E+02
1.032610000E-02 -9.999000000E+03 1.472400000E+00 1.200646904E+02
1.049310000E-02 -9.999000000E+03 1.464010000E+00 1.181538344E+02
1.066280000E-02 -9.999000000E+03 1.455670000E+00 1.162733991E+02
1.083530000E-02 -9.999000000E+03 1.447380000E+00 1.144223049E+02
1.101060000E-02 -9.999000000E+03 1.439130000E+00 1.126005849E+02
1.118860000E-02 -9.999000000E+03 1.430930000E+00 1.108092165E+02
1.136960000E-02 -9.999000000E+03 1.422780000E+00 1.090451731E+02
1.155350000E-02 -9.999000000E+03 1.414670000E+00 1.073094733E+02
1.174040000E-02 -9.999000000E+03 1.406610000E+00 1.056011720E+02
1.193030000E-02 -9.999000000E+03 1.398600000E+00 1.039202702E+02
1.212320000E-02 -9.999000000E+03 1.390630000E+00 1.022667283E+02
1.231930000E-02 -9.999000000E+03 1.382710000E+00 1.006388350E+02
1.251860000E-02 -9.999000000E+03 1.374830000E+00 9.903663349E+01
1.272100000E-02 -9.999000000E+03 1.367000000E+00 9.746089144E+01
1.292680000E-02 -9.999000000E+03 1.359210000E+00 9.590927376E+01
1.313590000E-02 -9.999000000E+03 1.351460000E+00 9.438256990E+01
1.334830000E-02 -9.999000000E+03 1.343760000E+00 9.288074137E+01
1.356420000E-02 -9.999000000E+03 1.336110000E+00 9.140236800E+01
1.378360000E-02 -9.999000000E+03 1.328490000E+00 8.994747381E+01
1.400660000E-02 -9.999000000E+03 1.320920000E+00 8.851541416E+01
1.423310000E-02 -9.999000000E+03 1.313400000E+00 8.710681440E+01
1.446330000E-02 -9.999000000E+03 1.305920000E+00 8.572040959E+01
1.469730000E-02 -9.999000000E+03 1.298470000E+00 8.435562995E+01
1.493500000E-02 -9.999000000E+03 1.291080000E+00 8.301305658E+01
1.517650000E-02 -9.999000000E+03 1.283040000E+00 8.169208974E+01
1.542200000E-02 -9.999000000E+03 1.271230000E+00 8.039164829E+01
1.567140000E-02 -9.999000000E+03 1.259540000E+00 7.911226821E+01
1.592490000E-02 -9.999000000E+03 1.247950000E+00 7.785292215E+01
1.618250000E-02 -9.999000000E+03 1.236470000E+00 7.661362583E+01
1.644420000E-02 -9.999000000E+03 1.225090000E+00 7.539436397E+01
1.671020000E-02 -9.999000000E+03 1.213820000E+00 7.419420474E+01
1.698050000E-02 -9.999000000E+03 1.202650000E+00 7.301316216E+01
1.725510000E-02 -9.999000000E+03 1.191580000E+00 7.185122080E+01
1.753420000E-02 -9.999000000E+03 1.180620000E+00 7.070753157E+01
1.781780000E-02 -9.999000000E+03 1.169760000E+00 6.958210329E+01
1.810600000E-02 -9.999000000E+03 1.158990000E+00 6.847453883E+01
1.839890000E-02 -9.999000000E+03 1.148330000E+00 6.738446320E+01
1.869640000E-02 -9.999000000E+03 1.137770000E+00 6.631223123E+01
1.899880000E-02 -9.999000000E+03 1.127300000E+00 6.525675306E+01
1.930610000E-02 -9.999000000E+03 1.116920000E+00 6.421804507E+01
1.961840000E-02 -9.999000000E+03 1.106650000E+00 6.319577539E+01
1.993570000E-02 -9.999000000E+03 1.096470000E+00 6.218994066E+01
2.025820000E-02 -9.999000000E+03 1.086380000E+00 6.119990917E+01
2.058580000E-02 -9.999000000E+03 1.076380000E+00 6.022598102E+01
2.091880000E-02 -9.999000000E+03 1.066480000E+00 5.926726198E+01
2.125710000E-02 -9.999000000E+03 1.056660000E+00 5.832404232E+01
2.160090000E-02 -9.999000000E+03 1.046940000E+00 5.739575666E+01
2.195030000E-02 -9.999000000E+03 1.037310000E+00 5.648214375E+01
2.230530000E-02 -9.999000000E+03 1.027770000E+00 5.558320220E+01
2.266610000E-02 -9.999000000E+03 1.018310000E+00 5.469842628E+01
2.303270000E-02 -9.999000000E+03 1.008940000E+00 5.382781871E+01
2.340530000E-02 -9.999000000E+03 9.996570000E-01 5.297090830E+01
2.378380000E-02 -9.999000000E+03 9.906060000E-01 5.212791900E+01
2.416850000E-02 -9.999000000E+03 9.817630000E-01 5.129817738E+01
2.455940000E-02 -9.999000000E+03 9.730000000E-01 5.048168929E+01
2.495660000E-02 -9.999000000E+03 9.643130000E-01 4.967824143E+01
2.536030000E-02 -9.999000000E+03 9.557060000E-01 4.888743430E+01
2.577050000E-02 -9.999000000E+03 9.471750000E-01 4.810927223E+01
2.618730000E-02 -9.999000000E+03 9.387200000E-01 4.734355966E+01
2.661090000E-02 -9.999000000E+03 9.303400000E-01 4.658993119E+01
2.704130000E-02 -9.999000000E+03 9.220360000E-01 4.584838747E+01
2.747860000E-02 -9.999000000E+03 9.138050000E-01 4.511874695E+01
2.792310000E-02 -9.999000000E+03 9.056480000E-01 4.440051427E+01
2.837470000E-02 -9.999000000E+03 8.975630000E-01 4.369385403E+01
2.883370000E-02 -9.999000000E+03 8.895520000E-01 4.299829713E+01
2.930000000E-02 2.701140000E+00 8.816110000E-01 4.231399317E+01
2.977390000E-02 2.709240000E+00 8.737410000E-01 4.164049721E+01
3.025550000E-02 2.716840000E+00 8.666810000E-01 4.097767348E+01
3.074490000E-02 2.724670000E+00 8.603340000E-01 4.032538730E+01
3.124210000E-02 2.732920000E+00 8.540290000E-01 3.968363202E+01
3.174750000E-02 2.741230000E+00 8.477670000E-01 3.905189385E+01
3.226090000E-02 2.749580000E+00 8.415500000E-01 3.843042197E+01
3.278270000E-02 2.757950000E+00 8.353770000E-01 3.781872756E+01
3.331300000E-02 2.766350000E+00 8.292500000E-01 3.721670219E+01
3.385180000E-02 2.774790000E+00 8.231690000E-01 3.662434494E+01
3.439930000E-02 2.783320000E+00 8.171310000E-01 3.604143108E+01
3.495570000E-02 2.792200000E+00 8.111380000E-01 3.546774918E+01
3.552110000E-02 2.801010000E+00 8.042670000E-01 3.490319838E+01
3.609560000E-02 2.809360000E+00 7.973760000E-01 3.434767673E+01
3.667940000E-02 2.817430000E+00 7.905430000E-01 3.380098911E+01
3.727270000E-02 2.825320000E+00 7.837690000E-01 3.326295117E+01
3.787550000E-02 2.833090000E+00 7.770520000E-01 3.273356127E+01
3.848820000E-02 2.840760000E+00 7.703900000E-01 3.221247032E+01
3.911070000E-02 2.848370000E+00 7.637850000E-01 3.169976503E+01
3.974320000E-02 2.856070000E+00 7.572430000E-01 3.119527366E+01
4.038610000E-02 2.863810000E+00 7.503070000E-01 3.069868098E+01
4.103930000E-02 2.871210000E+00 7.431360000E-01 3.021006694E+01
4.170310000E-02 2.878240000E+00 7.360320000E-01 2.972920478E+01
4.237760000E-02 2.885080000E+00 7.289960000E-01 2.925602205E+01
4.306300000E-02 2.891770000E+00 7.220280000E-01 2.879037689E+01
4.375950000E-02 2.898330000E+00 7.151290000E-01 2.833213359E+01
4.446730000E-02 2.904880000E+00 7.082940000E-01 2.788116211E+01
4.518650000E-02 2.911450000E+00 7.013810000E-01 2.743739834E+01
4.591740000E-02 2.917780000E+00 6.941290000E-01 2.700065770E+01
4.666000000E-02 2.923800000E+00 6.869520000E-01 2.657093871E+01
4.741470000E-02 2.929620000E+00 6.798520000E-01 2.614800895E+01
4.818160000E-02 2.935310000E+00 6.728260000E-01 2.573181463E+01
4.896090000E-02 2.940940000E+00 6.658690000E-01 2.532224694E+01
4.975280000E-02 2.946700000E+00 6.589820000E-01 2.491920053E+01
5.055760000E-02 2.952450000E+00 6.514570000E-01 2.452252480E+01
5.137530000E-02 2.957680000E+00 6.437030000E-01 2.413221918E+01
5.220620000E-02 2.962420000E+00 6.360410000E-01 2.374813719E+01
5.305060000E-02 2.966870000E+00 6.284700000E-01 2.337014096E+01
5.390870000E-02 2.971070000E+00 6.209810000E-01 2.299814316E+01
5.478060000E-02 2.975040000E+00 6.135870000E-01 2.263209968E+01
5.566670000E-02 2.978820000E+00 6.062810000E-01 2.227184295E+01
5.656700000E-02 2.982420000E+00 5.990670000E-01 2.191737232E+01
5.748200000E-02 2.985890000E+00 5.919400000E-01 2.156849101E+01
5.841170000E-02 2.989290000E+00 5.848940000E-01 2.122519975E+01
5.935640000E-02 2.992700000E+00 5.777340000E-01 2.088738535E+01
6.031650000E-02 2.995910000E+00 5.703450000E-01 2.055490620E+01
6.129210000E-02 2.998870000E+00 5.628970000E-01 2.022772919E+01
6.228340000E-02 3.001490000E+00 5.551860000E-01 1.990578549E+01
6.329080000E-02 3.003590000E+00 5.475830000E-01 1.958894500E+01
6.431450000E-02 3.005400000E+00 5.400880000E-01 1.927714590E+01
6.535470000E-02 3.006940000E+00 5.326940000E-01 1.897032654E+01
6.641180000E-02 3.008240000E+00 5.253990000E-01 1.866836918E+01
6.748590000E-02 3.009330000E+00 5.182040000E-01 1.837124496E+01
6.857750000E-02 3.010300000E+00 5.111090000E-01 1.807881594E+01
6.968670000E-02 3.011140000E+00 5.038530000E-01 1.779105626E+01
7.081380000E-02 3.011730000E+00 4.965420000E-01 1.750788688E+01
7.195910000E-02 3.011940000E+00 4.889880000E-01 1.722923161E+01
7.312300000E-02 3.011670000E+00 4.814820000E-01 1.695499364E+01
7.430570000E-02 3.010970000E+00 4.740920000E-01 1.668512644E+01
7.550760000E-02 3.009950000E+00 4.668220000E-01 1.641953923E+01
7.672890000E-02 3.008620000E+00 4.596570000E-01 1.615818811E+01
7.796990000E-02 3.007040000E+00 4.525980000E-01 1.590100795E+01
7.923100000E-02 3.005170000E+00 4.454550000E-01 1.564791559E+01
8.051250000E-02 3.002960000E+00 4.384210000E-01 1.539885111E+01
8.181470000E-02 3.000440000E+00 4.312600000E-01 1.515375599E+01
8.313800000E-02 2.997440000E+00 4.240730000E-01 1.491255503E+01
8.448270000E-02 2.993920000E+00 4.169930000E-01 1.467519386E+01
8.584910000E-02 2.989980000E+00 4.100330000E-01 1.444161907E+01
8.723770000E-02 2.985660000E+00 4.031930000E-01 1.421174561E+01
8.864870000E-02 2.980950000E+00 3.964140000E-01 1.398554068E+01
9.008250000E-02 2.975840000E+00 3.896850000E-01 1.376293953E+01
9.153950000E-02 2.970300000E+00 3.829810000E-01 1.354387996E+01
9.302010000E-02 2.964240000E+00 3.762400000E-01 1.332830216E+01
9.452460000E-02 2.957610000E+00 3.696190000E-01 1.311616235E+01
9.605350000E-02 2.950470000E+00 3.631160000E-01 1.290739015E+01
9.760710000E-02 2.942830000E+00 3.567310000E-01 1.270194484E+01
9.918580000E-02 2.934930000E+00 3.504640000E-01 1.249977315E+01
1.007900000E-01 2.926570000E+00 3.438080000E-01 1.230082349E+01
1.024200000E-01 2.917150000E+00 3.367990000E-01 1.210505761E+01
1.040770000E-01 2.906730000E+00 3.300060000E-01 1.191233414E+01
1.057600000E-01 2.895320000E+00 3.233310000E-01 1.172276853E+01
1.074710000E-01 2.882870000E+00 3.170030000E-01 1.153613533E+01
1.092090000E-01 2.869540000E+00 3.113540000E-01 1.135254420E+01
1.109750000E-01 2.855690000E+00 3.062280000E-01 1.117188556E+01
1.127700000E-01 2.841620000E+00 3.013310000E-01 1.099405870E+01
1.145940000E-01 2.827070000E+00 2.962550000E-01 1.081906557E+01
1.164480000E-01 2.811600000E+00 2.905790000E-01 1.064681231E+01
1.183310000E-01 2.794760000E+00 2.848220000E-01 1.047738970E+01
1.202450000E-01 2.776570000E+00 2.791800000E-01 1.031061583E+01
1.221900000E-01 2.757080000E+00 2.736490000E-01 1.014649317E+01
1.241660000E-01 2.736210000E+00 2.682260000E-01 9.985020054E+00
1.261750000E-01 2.713860000E+00 2.629120000E-01 9.826035268E+00
1.282150000E-01 2.689930000E+00 2.577030000E-01 9.669695433E+00
1.302890000E-01 2.664270000E+00 2.525950000E-01 9.515768791E+00
1.323970000E-01 2.636790000E+00 2.475740000E-01 9.364260519E+00
1.345380000E-01 2.607230000E+00 2.424960000E-01 9.215240304E+00
1.367140000E-01 2.575230000E+00 2.374620000E-01 9.068566496E+00
1.389250000E-01 2.540590000E+00 2.325300000E-01 8.924239698E+00
1.411720000E-01 2.503030000E+00 2.277020000E-01 8.782194770E+00
1.434560000E-01 2.462200000E+00 2.229740000E-01 8.642371180E+00
1.457760000E-01 2.417500000E+00 2.183440000E-01 8.504829327E+00
1.481340000E-01 2.368630000E+00 2.142050000E-01 8.369449282E+00
1.505300000E-01 2.315660000E+00 2.103280000E-01 8.236231980E+00
1.529640000E-01 2.257350000E+00 2.056970000E-01 8.105175074E+00
1.554390000E-01 2.192070000E+00 2.007120000E-01 7.976119249E+00
1.579530000E-01 2.118540000E+00 1.955250000E-01 7.849170323E+00
1.605070000E-01 2.035070000E+00 1.904740000E-01 7.724273708E+00
1.631030000E-01 1.939660000E+00 1.855530000E-01 7.601331674E+00
1.657420000E-01 1.829310000E+00 1.807570000E-01 7.480300708E+00
1.684220000E-01 1.699680000E+00 1.760850000E-01 7.361271093E+00
1.711460000E-01 1.544360000E+00 1.718260000E-01 7.244107370E+00
1.739150000E-01 1.353600000E+00 1.680670000E-01 7.128769801E+00
1.767270000E-01 1.110570000E+00 1.648740000E-01 7.015340044E+00
1.795860000E-01 7.821710000E-01 1.617580000E-01 6.903656187E+00
1.824910000E-01 2.904930000E-01 1.586170000E-01 6.793759692E+00
1.854420000E-01 -6.370890000E-01 1.551230000E-01 6.685648343E+00
1.879000000E-01 -4.785810000E+00 1.523130000E-01 6.598190527E+00
1.881000000E-01 -4.773380000E+00 4.251550000E+00 6.591174907E+00
1.884420000E-01 -2.819760000E+00 4.242860000E+00 6.579212702E+00
1.914890000E-01 -3.214840000E-02 4.166700000E+00 6.474523341E+00
1.945870000E-01 8.591010000E-01 4.091910000E+00 6.371443108E+00
1.977340000E-01 1.418190000E+00 4.021280000E+00 6.270039548E+00
2.009320000E-01 1.832600000E+00 3.954140000E+00 6.170246651E+00
2.041820000E-01 2.164950000E+00 3.888150000E+00 6.072033774E+00
2.074850000E-01 2.444520000E+00 3.823270000E+00 5.975371714E+00
2.108400000E-01 2.689790000E+00 3.759450000E+00 5.880288370E+00
2.142510000E-01 2.908040000E+00 3.685550000E+00 5.786670774E+00
2.177160000E-01 3.097950000E+00 3.610740000E+00 5.694574583E+00
2.212370000E-01 3.265930000E+00 3.535650000E+00 5.603945091E+00
2.248160000E-01 3.416190000E+00 3.462120000E+00 5.514732048E+00
2.284520000E-01 3.552090000E+00 3.390130000E+00 5.426960587E+00
2.321470000E-01 3.675880000E+00 3.319610000E+00 5.340581614E+00
2.359020000E-01 3.789300000E+00 3.250580000E+00 5.255572229E+00
2.397170000E-01 3.893730000E+00 3.183000000E+00 5.171931903E+00
2.435950000E-01 3.990300000E+00 3.116830000E+00 5.089595435E+00
2.475350000E-01 4.079920000E+00 3.052010000E+00 5.008584645E+00
2.515380000E-01 4.163340000E+00 2.988550000E+00 4.928877545E+00
2.556070000E-01 4.241260000E+00 2.926410000E+00 4.850414895E+00
2.597410000E-01 4.314290000E+00 2.865540000E+00 4.773216396E+00
2.639420000E-01 4.382950000E+00 2.805930000E+00 4.697244092E+00
2.682110000E-01 4.447820000E+00 2.747570000E+00 4.622480062E+00
2.725490000E-01 4.509780000E+00 2.690440000E+00 4.548906802E+00
2.769570000E-01 4.569540000E+00 2.632740000E+00 4.476507183E+00
2.814370000E-01 4.625510000E+00 2.574090000E+00 4.405248777E+00
2.859890000E-01 4.676800000E+00 2.515360000E+00 4.335131771E+00
2.906150000E-01 4.723930000E+00 2.457790000E+00 4.266125286E+00
2.953150000E-01 4.767630000E+00 2.401540000E+00 4.198229010E+00
3.000920000E-01 4.808330000E+00 2.346570000E+00 4.131399704E+00
3.049450000E-01 4.846320000E+00 2.292850000E+00 4.065651183E+00
3.098780000E-01 4.881830000E+00 2.240350000E+00 4.000929398E+00
3.148900000E-01 4.915050000E+00 2.189080000E+00 3.937247928E+00
3.199830000E-01 4.946210000E+00 2.138980000E+00 3.874580837E+00
3.251580000E-01 4.975400000E+00 2.090010000E+00 3.812915567E+00
3.304180000E-01 5.002790000E+00 2.042200000E+00 3.752216889E+00
3.357620000E-01 5.028570000E+00 1.995480000E+00 3.692496471E+00
3.411920000E-01 5.052770000E+00 1.949780000E+00 3.633731154E+00
3.467110000E-01 5.075510000E+00 1.905180000E+00 3.575888853E+00
3.523190000E-01 5.096960000E+00 1.861600000E+00 3.518970024E+00
3.580170000E-01 5.117180000E+00 1.818990000E+00 3.462964049E+00
3.638080000E-01 5.136240000E+00 1.777350000E+00 3.407841499E+00
3.696920000E-01 5.154270000E+00 1.736670000E+00 3.353602458E+00
3.756720000E-01 5.171360000E+00 1.696910000E+00 3.300219340E+00
3.817480000E-01 5.187540000E+00 1.658080000E+00 3.247692195E+00
3.879220000E-01 5.202990000E+00 1.620300000E+00 3.196003320E+00
3.941970000E-01 5.219180000E+00 1.583710000E+00 3.145127944E+00
4.005730000E-01 5.235170000E+00 1.545400000E+00 3.095066318E+00
4.070520000E-01 5.248570000E+00 1.507020000E+00 3.045802502E+00
4.136350000E-01 5.260490000E+00 1.469510000E+00 2.997328563E+00
4.203260000E-01 5.271240000E+00 1.432980000E+00 2.949615299E+00
4.271240000E-01 5.281070000E+00 1.397370000E+00 2.902669951E+00
4.340320000E-01 5.290120000E+00 1.362620000E+00 2.856471412E+00
4.410520000E-01 5.298510000E+00 1.328730000E+00 2.811006412E+00
4.481860000E-01 5.306570000E+00 1.295560000E+00 2.766262221E+00
4.554350000E-01 5.314080000E+00 1.262560000E+00 2.722232591E+00
4.628020000E-01 5.320650000E+00 1.229910000E+00 2.678899400E+00
4.702870000E-01 5.326250000E+00 1.197860000E+00 2.636262538E+00
4.778940000E-01 5.330980000E+00 1.166670000E+00 2.594299154E+00
4.856230000E-01 5.335080000E+00 1.136290000E+00 2.553009227E+00
4.934780000E-01 5.338620000E+00 1.106700000E+00 2.512371372E+00
5.014590000E-01 5.341670000E+00 1.077880000E+00 2.472385579E+00
5.095700000E-01 5.344350000E+00 1.049810000E+00 2.433031772E+00
5.178120000E-01 5.346730000E+00 1.022380000E+00 2.394305269E+00
5.261870000E-01 5.348930000E+00 9.953850000E-01 2.356196561E+00
5.346980000E-01 5.350640000E+00 9.685630000E-01 2.318692047E+00
5.433460000E-01 5.351430000E+00 9.422020000E-01 2.281787296E+00
5.521340000E-01 5.351350000E+00 9.165500000E-01 2.245469397E+00
5.610650000E-01 5.350730000E+00 8.926250000E-01 2.209726146E+00
5.701390000E-01 5.350660000E+00 8.696870000E-01 2.174557432E+00
5.793610000E-01 5.350870000E+00 8.465500000E-01 2.139943835E+00
5.887320000E-01 5.350650000E+00 8.237990000E-01 2.105881793E+00
5.982540000E-01 5.350030000E+00 8.015160000E-01 2.072363912E+00
6.079300000E-01 5.349170000E+00 7.798330000E-01 2.039379534E+00
6.177630000E-01 5.348260000E+00 7.587390000E-01 2.006918511E+00
6.277550000E-01 5.347440000E+00 7.381490000E-01 1.974974313E+00
6.379080000E-01 5.347020000E+00 7.172860000E-01 1.943540448E+00
6.482260000E-01 5.346070000E+00 6.958040000E-01 1.912604555E+00
6.587110000E-01 5.343510000E+00 6.741880000E-01 1.882160765E+00
6.693650000E-01 5.339360000E+00 6.532500000E-01 1.852203208E+00
6.801910000E-01 5.333900000E+00 6.349680000E-01 1.822723323E+00
6.911930000E-01 5.329340000E+00 6.187190000E-01 1.793710295E+00
7.023720000E-01 5.326620000E+00 6.032670000E-01 1.765161481E+00
7.137330000E-01 5.324670000E+00 5.869510000E-01 1.737064140E+00
7.252770000E-01 5.321990000E+00 5.702320000E-01 1.709415851E+00
7.370080000E-01 5.318900000E+00 5.539840000E-01 1.682206977E+00
7.489280000E-01 5.315620000E+00 5.382040000E-01 1.655432832E+00
7.610420000E-01 5.312230000E+00 5.228720000E-01 1.629082232E+00
7.733510000E-01 5.308820000E+00 5.079370000E-01 1.603153031E+00
7.858590000E-01 5.305340000E+00 4.933120000E-01 1.577636701E+00
7.985700000E-01 5.301710000E+00 4.790130000E-01 1.552525139E+00
8.114860000E-01 5.297970000E+00 4.651210000E-01 1.527814405E+00
8.246110000E-01 5.294170000E+00 4.516340000E-01 1.503496800E+00
8.379490000E-01 5.290370000E+00 4.385380000E-01 1.479564985E+00
8.515020000E-01 5.286620000E+00 4.256970000E-01 1.456015370E+00
8.652740000E-01 5.282800000E+00 4.130940000E-01 1.432840927E+00
8.792690000E-01 5.278820000E+00 4.007430000E-01 1.410034927E+00
8.934910000E-01 5.274710000E+00 3.887460000E-01 1.387590921E+00
9.079430000E-01 5.270490000E+00 3.771130000E-01 1.365504222E+00
9.226280000E-01 5.266170000E+00 3.658350000E-01 1.343770187E+00
9.375510000E-01 5.261800000E+00 3.551110000E-01 1.322381396E+00
9.527150000E-01 5.257540000E+00 3.447490000E-01 1.301333557E+00
9.681240000E-01 5.253380000E+00 3.347270000E-01 1.280621077E+00
9.837830000E-01 5.249310000E+00 3.249990000E-01 1.260237268E+00
9.996950000E-01 5.245360000E+00 3.155250000E-01 1.240178254E+00
1.015860000E+00 5.241540000E+00 3.062990000E-01 1.220443762E+00
1.032290000E+00 5.237780000E+00 2.970060000E-01 1.201019093E+00
1.048990000E+00 5.233880000E+00 2.879540000E-01 1.181898779E+00
1.065960000E+00 5.229910000E+00 2.791370000E-01 1.163083043E+00
1.083200000E+00 5.225910000E+00 2.705980000E-01 1.144571640E+00
1.100720000E+00 5.221910000E+00 2.623190000E-01 1.126353659E+00
1.118520000E+00 5.217920000E+00 2.542890000E-01 1.108428995E+00
1.136610000E+00 5.213940000E+00 2.465070000E-01 1.090787517E+00
1.155000000E+00 5.209980000E+00 2.389610000E-01 1.073419913E+00
1.173680000E+00 5.206050000E+00 2.316450000E-01 1.056335628E+00
1.192660000E+00 5.202160000E+00 2.245550000E-01 1.039525095E+00
1.211950000E+00 5.198310000E+00 2.176820000E-01 1.022979496E+00
1.231550000E+00 5.194500000E+00 2.110210000E-01 1.006698875E+00
1.251470000E+00 5.190750000E+00 2.045480000E-01 9.906749662E-01
1.271720000E+00 5.187040000E+00 1.982610000E-01 9.749001352E-01
1.292290000E+00 5.183360000E+00 1.921510000E-01 9.593821820E-01
1.313190000E+00 5.179720000E+00 1.862280000E-01 9.441131900E-01
1.334430000E+00 5.176120000E+00 1.804880000E-01 9.290858269E-01
1.356010000E+00 5.172570000E+00 1.749250000E-01 9.143000420E-01
1.377940000E+00 5.169070000E+00 1.695340000E-01 8.997489005E-01
1.400230000E+00 5.165620000E+00 1.643100000E-01 8.854259657E-01
1.422880000E+00 5.162230000E+00 1.592480000E-01 8.713313842E-01
1.445890000E+00 5.158900000E+00 1.543380000E-01 8.574649524E-01
1.469280000E+00 5.155630000E+00 1.495710000E-01 8.438146575E-01
1.493040000E+00 5.152430000E+00 1.449390000E-01 8.303863259E-01
1.517190000E+00 5.149290000E+00 1.403880000E-01 8.171685814E-01
1.541730000E+00 5.146150000E+00 1.359730000E-01 8.041615588E-01
1.566670000E+00 5.143050000E+00 1.316970000E-01 7.913600184E-01
1.592010000E+00 5.139990000E+00 1.275560000E-01 7.787639525E-01
1.617760000E+00 5.136980000E+00 1.235440000E-01 7.663683117E-01
1.643920000E+00 5.134020000E+00 1.196580000E-01 7.541729525E-01
1.670510000E+00 5.131100000E+00 1.158940000E-01 7.421685593E-01
1.697530000E+00 5.128240000E+00 1.122480000E-01 7.303552809E-01
1.724990000E+00 5.125440000E+00 1.087160000E-01 7.187288042E-01
1.752890000E+00 5.122700000E+00 1.052660000E-01 7.072891054E-01
1.781240000E+00 5.119990000E+00 1.019160000E-01 6.960319777E-01
1.810050000E+00 5.117320000E+00 9.866630000E-02 6.849534543E-01
1.839320000E+00 5.114690000E+00 9.551760000E-02 6.740534545E-01
1.869070000E+00 5.112100000E+00 9.246860000E-02 6.633245411E-01
1.899300000E+00 5.109550000E+00 8.951660000E-02 6.527668088E-01
1.930020000E+00 5.107050000E+00 8.666120000E-02 6.423767629E-01
1.961240000E+00 5.104590000E+00 8.389710000E-02 6.321510881E-01
1.992960000E+00 5.102160000E+00 8.122060000E-02 6.220897559E-01
2.025200000E+00 5.099810000E+00 7.870270000E-02 6.121864507E-01
2.057950000E+00 5.097570000E+00 7.617390000E-02 6.024441799E-01
2.091240000E+00 5.095320000E+00 7.372270000E-02 5.928540005E-01
2.125060000E+00 5.093110000E+00 7.134810000E-02 5.834188211E-01
2.159430000E+00 5.090940000E+00 6.904890000E-02 5.741329888E-01
2.194360000E+00 5.088810000E+00 6.681400000E-02 5.649938934E-01
2.229850000E+00 5.086720000E+00 6.465430000E-02 5.560015248E-01
2.265920000E+00 5.084680000E+00 6.256070000E-02 5.471508262E-01
2.302570000E+00 5.082670000E+00 6.052860000E-02 5.384418280E-01
2.339810000E+00 5.080700000E+00 5.856350000E-02 5.298720836E-01
2.377660000E+00 5.078770000E+00 5.665820000E-02 5.214370431E-01
2.416110000E+00 5.076890000E+00 5.481230000E-02 5.131388885E-01
2.455190000E+00 5.075030000E+00 5.302460000E-02 5.049711020E-01
2.494900000E+00 5.073220000E+00 5.129280000E-02 4.969337448E-01
2.535260000E+00 5.071440000E+00 4.961480000E-02 4.890228221E-01
2.576260000E+00 5.069710000E+00 4.798970000E-02 4.812402475E-01
2.617930000E+00 5.068000000E+00 4.641570000E-02 4.735802714E-01
2.660270000E+00 5.066330000E+00 4.489130000E-02 4.660429205E-01
2.703300000E+00 5.064700000E+00 4.341490000E-02 4.586246440E-01
2.747030000E+00 5.063100000E+00 4.198530000E-02 4.513237933E-01
2.791460000E+00 5.061540000E+00 4.060050000E-02 4.441403423E-01
2.836610000E+00 5.060010000E+00 3.926060000E-02 4.370710108E-01
2.882490000E+00 5.058510000E+00 3.796250000E-02 4.301142415E-01
2.929110000E+00 5.057050000E+00 3.670550000E-02 4.232685014E-01
2.976480000E+00 5.055610000E+00 3.548840000E-02 4.165322797E-01
3.024630000E+00 5.054210000E+00 3.431040000E-02 4.099013764E-01
3.073550000E+00 5.052840000E+00 3.316970000E-02 4.033772023E-01
3.123260000E+00 5.051500000E+00 3.206580000E-02 3.969570257E-01
3.173780000E+00 5.050190000E+00 3.099710000E-02 3.906382925E-01
3.225110000E+00 5.048910000E+00 2.996250000E-02 3.844209965E-01
3.277270000E+00 5.047650000E+00 2.896160000E-02 3.783026727E-01
3.330280000E+00 5.046430000E+00 2.799220000E-02 3.722810094E-01
3.384150000E+00 5.045230000E+00 2.705430000E-02 3.663549193E-01
3.438880000E+00 5.044060000E+00 2.614710000E-02 3.605243568E-01
3.494500000E+00 5.042920000E+00 2.526870000E-02 3.547860924E-01
3.551020000E+00 5.041800000E+00 2.441900000E-02 3.491391206E-01
3.608460000E+00 5.040710000E+00 2.359630000E-02 3.435814724E-01
3.666820000E+00 5.039640000E+00 2.280070000E-02 3.381131335E-01
3.726130000E+00 5.038600000E+00 2.203090000E-02 3.327312788E-01
3.786400000E+00 5.037580000E+00 2.128560000E-02 3.274350306E-01
3.847640000E+00 5.036580000E+00 2.056490000E-02 3.222234928E-01
3.909870000E+00 5.035610000E+00 1.986820000E-02 3.170949418E-01
3.973110000E+00 5.034660000E+00 1.919370000E-02 3.120477409E-01
4.037380000E+00 5.033730000E+00 1.854760000E-02 3.070803343E-01
4.102680000E+00 5.032830000E+00 1.791650000E-02 3.021927131E-01
4.169030000E+00 5.031950000E+00 1.730720000E-02 2.973833242E-01
4.236460000E+00 5.031090000E+00 1.671810000E-02 2.926499955E-01
4.304980000E+00 5.030240000E+00 1.614870000E-02 2.879920464E-01
4.374620000E+00 5.029420000E+00 1.559800000E-02 2.834074731E-01
4.445370000E+00 5.028620000E+00 1.506590000E-02 2.788969197E-01
4.517270000E+00 5.027840000E+00 1.455180000E-02 2.744578031E-01
4.590330000E+00 5.027080000E+00 1.405470000E-02 2.700895143E-01
4.664580000E+00 5.026330000E+00 1.357410000E-02 2.657902748E-01
4.740030000E+00 5.025600000E+00 1.310940000E-02 2.615595260E-01
4.816690000E+00 5.024900000E+00 1.266070000E-02 2.573966770E-01
4.894600000E+00 5.024200000E+00 1.222660000E-02 2.532995546E-01
4.973770000E+00 5.023530000E+00 1.180720000E-02 2.492676581E-01
5.054210000E+00 5.022870000E+00 1.140190000E-02 2.453004525E-01
5.135960000E+00 5.022230000E+00 1.101010000E-02 2.413959610E-01
5.219030000E+00 5.021610000E+00 1.063150000E-02 2.375537217E-01
5.303440000E+00 5.021000000E+00 1.026550000E-02 2.337727965E-01
5.389220000E+00 5.020400000E+00 9.911850000E-03 2.300518442E-01
5.476390000E+00 5.019820000E+00 9.570010000E-03 2.263900124E-01
5.564970000E+00 5.019260000E+00 9.239710000E-03 2.227864661E-01
5.654980000E+00 5.018710000E+00 8.920480000E-03 2.192403863E-01
5.746440000E+00 5.018170000E+00 8.611940000E-03 2.157509693E-01
5.839390000E+00 5.017650000E+00 8.313800000E-03 2.123166975E-01
5.933830000E+00 5.017140000E+00 8.025740000E-03 2.089375665E-01
6.029810000E+00 5.016650000E+00 7.747360000E-03 2.056117854E-01
6.127330000E+00 5.016160000E+00 7.478300000E-03 2.023393550E-01
6.226440000E+00 5.015690000E+00 7.218340000E-03 1.991185975E-01
6.327150000E+00 5.015230000E+00 6.967120000E-03 1.959492030E-01
6.429480000E+00 5.014780000E+00 6.724430000E-03 1.928305244E-01
6.533480000E+00 5.014350000E+00 6.489840000E-03 1.897610462E-01
6.639150000E+00 5.013920000E+00 6.263290000E-03 1.867407725E-01
6.746540000E+00 5.013510000E+00 6.044400000E-03 1.837682723E-01
6.855650000E+00 5.013110000E+00 5.832870000E-03 1.808435378E-01
6.966540000E+00 5.012710000E+00 5.628390000E-03 1.779649582E-01
7.079220000E+00 5.012330000E+00 5.431000000E-03 1.751322886E-01
7.193720000E+00 5.011960000E+00 5.240260000E-03 1.723447674E-01
7.310070000E+00 5.011600000E+00 5.056010000E-03 1.696016591E-01
7.428310000E+00 5.011240000E+00 4.878000000E-03 1.669020275E-01
7.548450000E+00 5.010900000E+00 4.705950000E-03 1.642456398E-01
7.670540000E+00 5.010560000E+00 4.539900000E-03 1.616313845E-01
7.794610000E+00 5.010240000E+00 4.379490000E-03 1.590586315E-01
7.920680000E+00 5.009920000E+00 4.224560000E-03 1.565269649E-01
8.048790000E+00 5.009610000E+00 4.074890000E-03 1.540355755E-01
8.178980000E+00 5.009310000E+00 3.930200000E-03 1.515836938E-01
8.311260000E+00 5.009020000E+00 3.790620000E-03 1.491711245E-01
8.445690000E+00 5.008730000E+00 3.655780000E-03 1.467967685E-01
8.582290000E+00 5.008450000E+00 3.525470000E-03 1.444602781E-01
8.721110000E+00 5.008180000E+00 3.399790000E-03 1.421608029E-01
8.862160000E+00 5.007920000E+00 3.278380000E-03 1.398981738E-01
9.005500000E+00 5.007660000E+00 3.161090000E-03 1.376714230E-01
9.151160000E+00 5.007410000E+00 3.047830000E-03 1.354800921E-01
9.299170000E+00 5.007170000E+00 2.938570000E-03 1.333237267E-01
9.449580000E+00 5.006930000E+00 2.832910000E-03 1.312015984E-01
9.602420000E+00 5.006700000E+00 2.731030000E-03 1.291132860E-01
9.757730000E+00 5.006480000E+00 2.632560000E-03 1.270582400E-01
9.915550000E+00 5.006260000E+00 2.537750000E-03 1.250359284E-01
1.007590000E+01 5.006050000E+00 2.446070000E-03 1.230460803E-01
1.023890000E+01 5.005840000E+00 2.357570000E-03 1.210872262E-01
1.040450000E+01 5.005640000E+00 2.272150000E-03 1.191599789E-01
1.057280000E+01 5.005450000E+00 2.189700000E-03 1.172631659E-01
1.074380000E+01 5.005260000E+00 2.110140000E-03 1.153967870E-01
1.091760000E+01 5.005070000E+00 2.033350000E-03 1.135597567E-01
1.109420000E+01 5.004890000E+00 1.959250000E-03 1.117520867E-01
1.127360000E+01 5.004720000E+00 1.887740000E-03 1.099737440E-01
1.145590000E+01 5.004550000E+00 1.818750000E-03 1.082237101E-01
1.164120000E+01 5.004380000E+00 1.752190000E-03 1.065010480E-01
1.182950000E+01 5.004220000E+00 1.687960000E-03 1.048057822E-01
1.202080000E+01 5.004060000E+00 1.626010000E-03 1.031378943E-01
1.221530000E+01 5.003910000E+00 1.566250000E-03 1.014956653E-01
1.241280000E+01 5.003760000E+00 1.508600000E-03 9.988076824E-02
1.261360000E+01 5.003620000E+00 1.453000000E-03 9.829073381E-02
1.281760000E+01 5.003480000E+00 1.399380000E-03 9.672637623E-02
1.302500000E+01 5.003340000E+00 1.347660000E-03 9.518618042E-02
1.323560000E+01 5.003210000E+00 1.297800000E-03 9.367161292E-02
1.344970000E+01 5.003080000E+00 1.249720000E-03 9.218049473E-02
1.366720000E+01 5.002950000E+00 1.203360000E-03 9.071353313E-02
1.388830000E+01 5.002830000E+00 1.158670000E-03 8.926938502E-02
1.411290000E+01 5.002710000E+00 1.115590000E-03 8.784870579E-02
1.434120000E+01 5.002590000E+00 1.074060000E-03 8.645022732E-02
1.457310000E+01 5.002480000E+00 1.034040000E-03 8.507455517E-02
1.480890000E+01 5.002370000E+00 9.954650000E-04 8.371992518E-02
1.504840000E+01 5.002270000E+00 9.582960000E-04 8.238749635E-02
1.529180000E+01 5.002160000E+00 9.224820000E-04 8.107613231E-02
1.553910000E+01 5.002060000E+00 8.879770000E-04 7.978583058E-02
1.579040000E+01 5.001960000E+00 8.547360000E-04 7.851606039E-02
1.604580000E+01 5.001870000E+00 8.227180000E-04 7.726632514E-02
1.630540000E+01 5.001780000E+00 7.918790000E-04 7.603615980E-02
1.656910000E+01 5.001690000E+00 7.621800000E-04 7.482603159E-02
1.683710000E+01 5.001600000E+00 7.335820000E-04 7.363500840E-02
1.710940000E+01 5.001520000E+00 7.060470000E-04 7.246309046E-02
1.738610000E+01 5.001430000E+00 6.795400000E-04 7.130983947E-02
1.766740000E+01 5.001350000E+00 6.540240000E-04 7.017444559E-02
1.795310000E+01 5.001280000E+00 6.294660000E-04 6.905771148E-02
1.824350000E+01 5.001200000E+00 6.058320000E-04 6.795845096E-02
1.853860000E+01 5.001130000E+00 5.830930000E-04 6.687667893E-02
1.883840000E+01 5.001050000E+00 5.612150000E-04 6.581238322E-02
1.914310000E+01 5.000990000E+00 5.401710000E-04 6.476485000E-02
1.945270000E+01 5.000920000E+00 5.199300000E-04 6.373408319E-02
1.976740000E+01 5.000850000E+00 5.004660000E-04 6.271942694E-02
2.008710000E+01 5.000790000E+00 4.815600000E-04 6.172120416E-02
2.041200000E+01 5.000730000E+00 4.635720000E-04 6.073878111E-02
2.074210000E+01 5.000670000E+00 4.462750000E-04 5.977215422E-02
2.107760000E+01 5.000610000E+00 4.296410000E-04 5.882073860E-02
2.141850000E+01 5.000550000E+00 4.136450000E-04 5.788453907E-02
2.176500000E+01 5.000500000E+00 3.982600000E-04 5.696301401E-02
2.211700000E+01 5.000440000E+00 3.834630000E-04 5.605642718E-02
2.247470000E+01 5.000390000E+00 3.692310000E-04 5.516425136E-02
2.283820000E+01 5.000340000E+00 3.555410000E-04 5.428623972E-02
2.320760000E+01 5.000290000E+00 3.423720000E-04 5.342215481E-02
2.358300000E+01 5.000250000E+00 3.297020000E-04 5.257176780E-02
2.396440000E+01 5.000200000E+00 3.175150000E-04 5.173507369E-02
2.435200000E+01 5.000150000E+00 3.057880000E-04 5.091162943E-02
2.474590000E+01 5.000110000E+00 2.945060000E-04 5.010122889E-02
2.514620000E+01 5.000070000E+00 2.836500000E-04 4.930367213E-02
2.555290000E+01 5.000030000E+00 2.732040000E-04 4.851895480E-02
2.596620000E+01 4.999990000E+00 2.631510000E-04 4.774668608E-02
2.638610000E+01 4.999950000E+00 2.534770000E-04 4.698686051E-02
2.681290000E+01 4.999910000E+00 2.441670000E-04 4.623893723E-02
2.724660000E+01 4.999880000E+00 2.352060000E-04 4.550292514E-02
2.768730000E+01 4.999840000E+00 2.265820000E-04 4.477865303E-02
2.813510000E+01 4.999810000E+00 2.182810000E-04 4.406595320E-02
2.859020000E+01 4.999770000E+00 2.102900000E-04 4.336450952E-02
2.905260000E+01 4.999740000E+00 2.025980000E-04 4.267432175E-02
2.952250000E+01 4.999710000E+00 1.951920000E-04 4.199508849E-02
3.000000000E+01 4.999680000E+00 1.880630000E-04 4.132666667E-02
