# Data retrieved from henke.lbl.gov/optical_constants 03/01/2021
# Element, Bi  (Z = 83) 
# Atomic weight*, g mol-1 = 208.9804 
# Nominal density*, g cm-3 =  0 
# Relativistic correction estimate f_rel(5CL)*,  e atom-1 =  0 
# Nuclear Thomson correction f_NT*, e atom-1 =  0 
#    E [keV]      f1 [e atom-1]      f2 [e atom-1]    Wavelength [nm] 
1.000000000E-02 -9.999000000E+03 5.594750000E+00 1.239800000E+02
1.016170000E-02 -9.999000000E+03 5.635870000E+00 1.220071445E+02
1.032610000E-02 -9.999000000E+03 5.677290000E+00 1.200646904E+02
1.049310000E-02 -9.999000000E+03 5.719010000E+00 1.181538344E+02
1.066280000E-02 -9.999000000E+03 5.745740000E+00 1.162733991E+02
1.083530000E-02 -9.999000000E+03 5.756400000E+00 1.144223049E+02
1.101060000E-02 -9.999000000E+03 5.767070000E+00 1.126005849E+02
1.118860000E-02 -9.999000000E+03 5.777760000E+00 1.108092165E+02
1.136960000E-02 -9.999000000E+03 5.788470000E+00 1.090451731E+02
1.155350000E-02 -9.999000000E+03 5.783400000E+00 1.073094733E+02
1.174040000E-02 -9.999000000E+03 5.773870000E+00 1.056011720E+02
1.193030000E-02 -9.999000000E+03 5.764340000E+00 1.039202702E+02
1.212320000E-02 -9.999000000E+03 5.754840000E+00 1.022667283E+02
1.231930000E-02 -9.999000000E+03 5.745340000E+00 1.006388350E+02
1.251860000E-02 -9.999000000E+03 5.735860000E+00 9.903663349E+01
1.272100000E-02 -9.999000000E+03 5.724060000E+00 9.746089144E+01
1.292680000E-02 -9.999000000E+03 5.671530000E+00 9.590927376E+01
1.313590000E-02 -9.999000000E+03 5.619480000E+00 9.438256990E+01
1.334830000E-02 -9.999000000E+03 5.567920000E+00 9.288074137E+01
1.356420000E-02 -9.999000000E+03 5.516820000E+00 9.140236800E+01
1.378360000E-02 -9.999000000E+03 5.466200000E+00 8.994747381E+01
1.400660000E-02 -9.999000000E+03 5.410600000E+00 8.851541416E+01
1.423310000E-02 -9.999000000E+03 5.288500000E+00 8.710681440E+01
1.446330000E-02 -9.999000000E+03 5.169140000E+00 8.572040959E+01
1.469730000E-02 -9.999000000E+03 5.052480000E+00 8.435562995E+01
1.493500000E-02 -9.999000000E+03 4.938460000E+00 8.301305658E+01
1.517650000E-02 -9.999000000E+03 4.827000000E+00 8.169208974E+01
1.542200000E-02 -9.999000000E+03 4.687070000E+00 8.039164829E+01
1.567140000E-02 -9.999000000E+03 4.538290000E+00 7.911226821E+01
1.592490000E-02 -9.999000000E+03 4.394240000E+00 7.785292215E+01
1.618250000E-02 -9.999000000E+03 4.254750000E+00 7.661362583E+01
1.644420000E-02 -9.999000000E+03 4.071250000E+00 7.539436397E+01
1.671020000E-02 -9.999000000E+03 3.872410000E+00 7.419420474E+01
1.698050000E-02 -9.999000000E+03 3.683280000E+00 7.301316216E+01
1.725510000E-02 -9.999000000E+03 3.503880000E+00 7.185122080E+01
1.753420000E-02 -9.999000000E+03 3.333650000E+00 7.070753157E+01
1.781780000E-02 -9.999000000E+03 3.171670000E+00 6.958210329E+01
1.810600000E-02 -9.999000000E+03 3.017580000E+00 6.847453883E+01
1.839890000E-02 -9.999000000E+03 2.863240000E+00 6.738446320E+01
1.869640000E-02 -9.999000000E+03 2.715820000E+00 6.631223123E+01
1.899880000E-02 -9.999000000E+03 2.575990000E+00 6.525675306E+01
1.930610000E-02 -9.999000000E+03 2.438050000E+00 6.421804507E+01
1.961840000E-02 -9.999000000E+03 2.289090000E+00 6.319577539E+01
1.993570000E-02 -9.999000000E+03 2.149230000E+00 6.218994066E+01
2.025820000E-02 -9.999000000E+03 2.020420000E+00 6.119990917E+01
2.058580000E-02 -9.999000000E+03 1.900470000E+00 6.022598102E+01
2.091880000E-02 -9.999000000E+03 1.807690000E+00 5.926726198E+01
2.125710000E-02 -9.999000000E+03 1.759750000E+00 5.832404232E+01
2.160090000E-02 -9.999000000E+03 1.713090000E+00 5.739575666E+01
2.195030000E-02 -9.999000000E+03 1.667690000E+00 5.648214375E+01
2.230530000E-02 -9.999000000E+03 1.662170000E+00 5.558320220E+01
2.266610000E-02 -9.999000000E+03 1.656670000E+00 5.469842628E+01
2.303270000E-02 -9.999000000E+03 1.668690000E+00 5.382781871E+01
2.340530000E-02 -9.999000000E+03 1.709410000E+00 5.297090830E+01
2.378380000E-02 -9.999000000E+03 1.836030000E+00 5.212791900E+01
2.416850000E-02 -9.999000000E+03 3.176790000E+00 5.129817738E+01
2.455940000E-02 -9.999000000E+03 5.260440000E+00 5.048168929E+01
2.495660000E-02 -9.999000000E+03 5.650010000E+00 4.967824143E+01
2.536030000E-02 -9.999000000E+03 6.010140000E+00 4.888743430E+01
2.577050000E-02 -9.999000000E+03 6.207810000E+00 4.810927223E+01
2.618730000E-02 -9.999000000E+03 6.412000000E+00 4.734355966E+01
2.661090000E-02 -9.999000000E+03 6.596130000E+00 4.658993119E+01
2.704130000E-02 -9.999000000E+03 6.669200000E+00 4.584838747E+01
2.747860000E-02 -9.999000000E+03 6.743090000E+00 4.511874695E+01
2.792310000E-02 -9.999000000E+03 6.711560000E+00 4.440051427E+01
2.837470000E-02 -9.999000000E+03 6.481940000E+00 4.369385403E+01
2.883370000E-02 -9.999000000E+03 6.221310000E+00 4.299829713E+01
2.930000000E-02 1.108120000E+00 5.953830000E+00 4.231399317E+01
2.977390000E-02 1.199400000E+00 5.613070000E+00 4.164049721E+01
3.025550000E-02 9.977640000E-01 5.111600000E+00 4.097767348E+01
3.074490000E-02 6.436300000E-01 4.993960000E+00 4.032538730E+01
3.124210000E-02 3.859430000E-01 4.922550000E+00 3.968363202E+01
3.174750000E-02 1.363930000E-01 4.850110000E+00 3.905189385E+01
3.226090000E-02 -1.597060000E-01 4.759220000E+00 3.843042197E+01
3.278270000E-02 -5.734030000E-01 4.746860000E+00 3.781872756E+01
3.331300000E-02 -9.388280000E-01 4.849000000E+00 3.721670219E+01
3.385180000E-02 -1.308340000E+00 4.963230000E+00 3.662434494E+01
3.439930000E-02 -1.671530000E+00 5.147020000E+00 3.604143108E+01
3.495570000E-02 -2.041330000E+00 5.337610000E+00 3.546774918E+01
3.552110000E-02 -2.450320000E+00 5.610530000E+00 3.490319838E+01
3.609560000E-02 -2.808790000E+00 5.939620000E+00 3.434767673E+01
3.667940000E-02 -3.158930000E+00 6.287990000E+00 3.380098911E+01
3.727270000E-02 -3.540260000E+00 6.719970000E+00 3.326295117E+01
3.787550000E-02 -3.846860000E+00 7.235370000E+00 3.273356127E+01
3.848820000E-02 -4.092380000E+00 7.790310000E+00 3.221247032E+01
3.911070000E-02 -4.258100000E+00 8.384530000E+00 3.169976503E+01
3.974320000E-02 -4.385320000E+00 8.921340000E+00 3.119527366E+01
4.038610000E-02 -4.504360000E+00 9.492510000E+00 3.069868098E+01
4.103930000E-02 -4.583130000E+00 1.010030000E+01 3.021006694E+01
4.170310000E-02 -4.583210000E+00 1.074690000E+01 2.972920478E+01
4.237760000E-02 -4.506720000E+00 1.129820000E+01 2.925602205E+01
4.306300000E-02 -4.472060000E+00 1.183040000E+01 2.879037689E+01
4.375950000E-02 -4.436580000E+00 1.238770000E+01 2.833213359E+01
4.446730000E-02 -4.378240000E+00 1.297130000E+01 2.788116211E+01
4.518650000E-02 -4.266890000E+00 1.355880000E+01 2.743739834E+01
4.591740000E-02 -4.156030000E+00 1.412220000E+01 2.700065770E+01
4.666000000E-02 -4.036780000E+00 1.470910000E+01 2.657093871E+01
4.741470000E-02 -3.894080000E+00 1.532030000E+01 2.614800895E+01
4.818160000E-02 -3.708650000E+00 1.595700000E+01 2.573181463E+01
4.896090000E-02 -3.443160000E+00 1.662010000E+01 2.532224694E+01
4.975280000E-02 -3.146370000E+00 1.717270000E+01 2.491920053E+01
5.055760000E-02 -2.870720000E+00 1.773830000E+01 2.452252480E+01
5.137530000E-02 -2.583200000E+00 1.832240000E+01 2.413221918E+01
5.220620000E-02 -2.267030000E+00 1.892580000E+01 2.374813719E+01
5.305060000E-02 -1.893080000E+00 1.954910000E+01 2.337014096E+01
5.390870000E-02 -1.435480000E+00 2.010590000E+01 2.299814316E+01
5.478060000E-02 -1.016620000E+00 2.062260000E+01 2.263209968E+01
5.566670000E-02 -6.032890000E-01 2.115260000E+01 2.227184295E+01
5.656700000E-02 -1.674290000E-01 2.169610000E+01 2.191737232E+01
5.748200000E-02 3.141310000E-01 2.225080000E+01 2.156849101E+01
5.841170000E-02 8.134520000E-01 2.275850000E+01 2.122519975E+01
5.935640000E-02 1.317890000E+00 2.327770000E+01 2.088738535E+01
6.031650000E-02 1.846300000E+00 2.380870000E+01 2.055490620E+01
6.129210000E-02 2.412820000E+00 2.435190000E+01 2.022772919E+01
6.228340000E-02 3.040490000E+00 2.487960000E+01 1.990578549E+01
6.329080000E-02 3.678790000E+00 2.538750000E+01 1.958894500E+01
6.431450000E-02 4.349840000E+00 2.590570000E+01 1.927714590E+01
6.535470000E-02 5.070970000E+00 2.643450000E+01 1.897032654E+01
6.641180000E-02 5.872800000E+00 2.697410000E+01 1.866836918E+01
6.748590000E-02 6.839040000E+00 2.752470000E+01 1.837124496E+01
6.857750000E-02 7.837570000E+00 2.778930000E+01 1.807881594E+01
6.968670000E-02 8.770220000E+00 2.804970000E+01 1.779105626E+01
7.081380000E-02 9.716850000E+00 2.831240000E+01 1.750788688E+01
7.195910000E-02 1.075030000E+01 2.857770000E+01 1.722923161E+01
7.312300000E-02 1.182570000E+01 2.865800000E+01 1.695499364E+01
7.430570000E-02 1.284130000E+01 2.870160000E+01 1.668512644E+01
7.550760000E-02 1.387480000E+01 2.874520000E+01 1.641953923E+01
7.672890000E-02 1.502910000E+01 2.878900000E+01 1.615818811E+01
7.796990000E-02 1.627210000E+01 2.850650000E+01 1.590100795E+01
7.923100000E-02 1.729230000E+01 2.808910000E+01 1.564791559E+01
8.051250000E-02 1.820750000E+01 2.767780000E+01 1.539885111E+01
8.181470000E-02 1.906270000E+01 2.724860000E+01 1.515375599E+01
8.313800000E-02 1.985660000E+01 2.681720000E+01 1.491255503E+01
8.448270000E-02 2.060990000E+01 2.639250000E+01 1.467519386E+01
8.584910000E-02 2.134480000E+01 2.597460000E+01 1.444161907E+01
8.723770000E-02 2.207420000E+01 2.553140000E+01 1.421174561E+01
8.864870000E-02 2.276600000E+01 2.507740000E+01 1.398554068E+01
9.008250000E-02 2.343980000E+01 2.463140000E+01 1.376293953E+01
9.153950000E-02 2.411830000E+01 2.419340000E+01 1.354387996E+01
9.302010000E-02 2.482880000E+01 2.376310000E+01 1.332830216E+01
9.452460000E-02 2.566220000E+01 2.334050000E+01 1.311616235E+01
9.605350000E-02 2.661340000E+01 2.254880000E+01 1.290739015E+01
9.760710000E-02 2.727430000E+01 2.161010000E+01 1.270194484E+01
9.918580000E-02 2.774460000E+01 2.071070000E+01 1.249977315E+01
1.007900000E-01 2.812330000E+01 1.984860000E+01 1.230082349E+01
1.024200000E-01 2.843410000E+01 1.902240000E+01 1.210505761E+01
1.040770000E-01 2.869570000E+01 1.823060000E+01 1.191233414E+01
1.057600000E-01 2.892760000E+01 1.747170000E+01 1.172276853E+01
1.074710000E-01 2.917490000E+01 1.674440000E+01 1.153613533E+01
1.092090000E-01 2.939530000E+01 1.588660000E+01 1.135254420E+01
1.109750000E-01 2.949020000E+01 1.503700000E+01 1.117188556E+01
1.127700000E-01 2.949780000E+01 1.423280000E+01 1.099405870E+01
1.145940000E-01 2.945390000E+01 1.347160000E+01 1.081906557E+01
1.164480000E-01 2.937170000E+01 1.275110000E+01 1.064681231E+01
1.183310000E-01 2.926880000E+01 1.206920000E+01 1.047738970E+01
1.202450000E-01 2.912710000E+01 1.137800000E+01 1.031061583E+01
1.221900000E-01 2.893630000E+01 1.072490000E+01 1.014649317E+01
1.241660000E-01 2.870680000E+01 1.010920000E+01 9.985020054E+00
1.261750000E-01 2.844590000E+01 9.528830000E+00 9.826035268E+00
1.282150000E-01 2.815500000E+01 8.981790000E+00 9.669695433E+00
1.302890000E-01 2.783100000E+01 8.466170000E+00 9.515768791E+00
1.323970000E-01 2.746130000E+01 7.980160000E+00 9.364260519E+00
1.345380000E-01 2.698040000E+01 7.586350000E+00 9.215240304E+00
1.367140000E-01 2.659680000E+01 7.359350000E+00 9.068566496E+00
1.389250000E-01 2.627640000E+01 7.139130000E+00 8.924239698E+00
1.411720000E-01 2.598990000E+01 6.925510000E+00 8.782194770E+00
1.434560000E-01 2.572520000E+01 6.718280000E+00 8.642371180E+00
1.457760000E-01 2.547980000E+01 6.517250000E+00 8.504829327E+00
1.481340000E-01 2.526630000E+01 6.322250000E+00 8.369449282E+00
1.505300000E-01 2.505560000E+01 6.063580000E+00 8.236231980E+00
1.529640000E-01 2.480900000E+01 5.803460000E+00 8.105175074E+00
1.554390000E-01 2.453540000E+01 5.554510000E+00 7.976119249E+00
1.579530000E-01 2.424460000E+01 5.316240000E+00 7.849170323E+00
1.605070000E-01 2.393650000E+01 5.088290000E+00 7.724273708E+00
1.631030000E-01 2.361060000E+01 4.871270000E+00 7.601331674E+00
1.657420000E-01 2.326410000E+01 4.663510000E+00 7.480300708E+00
1.684220000E-01 2.288880000E+01 4.464600000E+00 7.361271093E+00
1.711460000E-01 2.243820000E+01 4.280880000E+00 7.244107370E+00
1.739150000E-01 2.199710000E+01 4.220360000E+00 7.128769801E+00
1.767270000E-01 2.157920000E+01 4.160700000E+00 7.015340044E+00
1.795860000E-01 2.113850000E+01 4.138360000E+00 6.903656187E+00
1.824910000E-01 2.073510000E+01 4.161290000E+00 6.793759692E+00
1.854420000E-01 2.034580000E+01 4.184350000E+00 6.685648343E+00
1.884420000E-01 1.993620000E+01 4.217820000E+00 6.579212702E+00
1.914890000E-01 1.953780000E+01 4.283490000E+00 6.474523341E+00
1.945870000E-01 1.912820000E+01 4.350200000E+00 6.371443108E+00
1.977340000E-01 1.872000000E+01 4.466530000E+00 6.270039548E+00
2.009320000E-01 1.831850000E+01 4.587860000E+00 6.170246651E+00
2.041820000E-01 1.788430000E+01 4.722240000E+00 6.072033774E+00
2.074850000E-01 1.746680000E+01 4.937180000E+00 5.975371714E+00
2.108400000E-01 1.707130000E+01 5.161890000E+00 5.880288370E+00
2.142510000E-01 1.667430000E+01 5.402100000E+00 5.786670774E+00
2.177160000E-01 1.628890000E+01 5.673190000E+00 5.694574583E+00
2.212370000E-01 1.590970000E+01 5.957880000E+00 5.603945091E+00
2.248160000E-01 1.551490000E+01 6.256860000E+00 5.514732048E+00
2.284520000E-01 1.508540000E+01 6.636460000E+00 5.426960587E+00
2.321470000E-01 1.471590000E+01 7.093750000E+00 5.340581614E+00
2.359020000E-01 1.442180000E+01 7.561740000E+00 5.255572229E+00
2.397170000E-01 1.414250000E+01 8.030660000E+00 5.171931903E+00
2.435950000E-01 1.388020000E+01 8.528680000E+00 5.089595435E+00
2.475350000E-01 1.365240000E+01 9.057560000E+00 5.008584645E+00
2.515380000E-01 1.351010000E+01 9.619260000E+00 4.928877545E+00
2.556070000E-01 1.338420000E+01 1.008790000E+01 4.850414895E+00
2.597410000E-01 1.323430000E+01 1.057370000E+01 4.773216396E+00
2.639420000E-01 1.308610000E+01 1.108300000E+01 4.697244092E+00
2.682110000E-01 1.294840000E+01 1.161680000E+01 4.622480062E+00
2.725490000E-01 1.282820000E+01 1.217630000E+01 4.548906802E+00
2.769570000E-01 1.273210000E+01 1.276280000E+01 4.476507183E+00
2.814370000E-01 1.268010000E+01 1.336800000E+01 4.405248777E+00
2.859890000E-01 1.264040000E+01 1.396890000E+01 4.335131771E+00
2.906150000E-01 1.261970000E+01 1.459680000E+01 4.266125286E+00
2.953150000E-01 1.262840000E+01 1.525300000E+01 4.198229010E+00
3.000920000E-01 1.267910000E+01 1.593860000E+01 4.131399704E+00
3.049450000E-01 1.278970000E+01 1.665500000E+01 4.065651183E+00
3.098780000E-01 1.302550000E+01 1.740370000E+01 4.000929398E+00
3.148900000E-01 1.330840000E+01 1.796770000E+01 3.937247928E+00
3.199830000E-01 1.355100000E+01 1.851800000E+01 3.874580837E+00
3.251580000E-01 1.377200000E+01 1.908510000E+01 3.812915567E+00
3.304180000E-01 1.400830000E+01 1.966960000E+01 3.752216889E+00
3.357620000E-01 1.427500000E+01 2.027200000E+01 3.692496471E+00
3.411920000E-01 1.461150000E+01 2.089280000E+01 3.633731154E+00
3.467110000E-01 1.498970000E+01 2.141050000E+01 3.575888853E+00
3.523190000E-01 1.534210000E+01 2.190570000E+01 3.518970024E+00
3.580170000E-01 1.568030000E+01 2.241240000E+01 3.462964049E+00
3.638080000E-01 1.603450000E+01 2.293080000E+01 3.407841499E+00
3.696920000E-01 1.643530000E+01 2.346120000E+01 3.353602458E+00
3.756720000E-01 1.689860000E+01 2.393590000E+01 3.300219340E+00
3.817480000E-01 1.731790000E+01 2.433960000E+01 3.247692195E+00
3.879220000E-01 1.771140000E+01 2.475010000E+01 3.196003320E+00
3.941970000E-01 1.809730000E+01 2.516750000E+01 3.145127944E+00
4.005730000E-01 1.848260000E+01 2.559190000E+01 3.095066318E+00
4.070520000E-01 1.886300000E+01 2.602350000E+01 3.045802502E+00
4.136350000E-01 1.925630000E+01 2.648330000E+01 2.997328563E+00
4.203260000E-01 1.967290000E+01 2.695200000E+01 2.949615299E+00
4.271240000E-01 2.011280000E+01 2.742900000E+01 2.902669951E+00
4.340320000E-01 2.058000000E+01 2.791450000E+01 2.856471412E+00
4.410520000E-01 2.108090000E+01 2.840850000E+01 2.811006412E+00
4.481860000E-01 2.166190000E+01 2.891130000E+01 2.766262221E+00
4.554350000E-01 2.228160000E+01 2.931940000E+01 2.722232591E+00
4.628020000E-01 2.287000000E+01 2.969270000E+01 2.678899400E+00
4.702870000E-01 2.345350000E+01 3.007070000E+01 2.636262538E+00
4.778940000E-01 2.404850000E+01 3.045350000E+01 2.594299154E+00
4.856230000E-01 2.466630000E+01 3.084120000E+01 2.553009227E+00
4.934780000E-01 2.532110000E+01 3.123380000E+01 2.512371372E+00
5.014590000E-01 2.606390000E+01 3.161810000E+01 2.472385579E+00
5.095700000E-01 2.679850000E+01 3.187780000E+01 2.433031772E+00
5.178120000E-01 2.751740000E+01 3.213970000E+01 2.394305269E+00
5.261870000E-01 2.824600000E+01 3.240370000E+01 2.356196561E+00
5.346980000E-01 2.900500000E+01 3.266990000E+01 2.318692047E+00
5.433460000E-01 2.991530000E+01 3.293830000E+01 2.281787296E+00
5.521340000E-01 3.083410000E+01 3.295230000E+01 2.245469397E+00
5.610650000E-01 3.163730000E+01 3.291180000E+01 2.209726146E+00
5.701390000E-01 3.240950000E+01 3.286420000E+01 2.174557432E+00
5.793610000E-01 3.313530000E+01 3.276360000E+01 2.139943835E+00
5.887320000E-01 3.381730000E+01 3.264850000E+01 2.105881793E+00
5.982540000E-01 3.445720000E+01 3.252420000E+01 2.072363912E+00
6.079300000E-01 3.506470000E+01 3.239830000E+01 2.039379534E+00
6.177630000E-01 3.564770000E+01 3.227440000E+01 2.006918511E+00
6.277550000E-01 3.621970000E+01 3.215030000E+01 1.974974313E+00
6.379080000E-01 3.677770000E+01 3.200590000E+01 1.943540448E+00
6.482260000E-01 3.731030000E+01 3.183630000E+01 1.912604555E+00
6.587110000E-01 3.779370000E+01 3.165060000E+01 1.882160765E+00
6.693650000E-01 3.823280000E+01 3.146620000E+01 1.852203208E+00
6.801910000E-01 3.862270000E+01 3.127640000E+01 1.822723323E+00
6.911930000E-01 3.893160000E+01 3.108890000E+01 1.793710295E+00
7.023720000E-01 3.907900000E+01 3.095280000E+01 1.765161481E+00
7.137330000E-01 3.916290000E+01 3.109320000E+01 1.737064140E+00
7.252770000E-01 3.945220000E+01 3.142770000E+01 1.709415851E+00
7.370080000E-01 3.989590000E+01 3.176600000E+01 1.682206977E+00
7.489280000E-01 4.046080000E+01 3.210780000E+01 1.655432832E+00
7.610420000E-01 4.117510000E+01 3.244470000E+01 1.629082232E+00
7.733510000E-01 4.209890000E+01 3.269380000E+01 1.603153031E+00
7.858590000E-01 4.314240000E+01 3.264850000E+01 1.577636701E+00
7.985700000E-01 4.399050000E+01 3.235980000E+01 1.552525139E+00
8.114860000E-01 4.470870000E+01 3.207350000E+01 1.527814405E+00
8.246110000E-01 4.536230000E+01 3.178990000E+01 1.503496800E+00
8.379490000E-01 4.597840000E+01 3.150880000E+01 1.479564985E+00
8.515020000E-01 4.656680000E+01 3.121240000E+01 1.456015370E+00
8.652740000E-01 4.712470000E+01 3.089730000E+01 1.432840927E+00
8.792690000E-01 4.763190000E+01 3.056640000E+01 1.410034927E+00
8.934910000E-01 4.809380000E+01 3.023910000E+01 1.387590921E+00
9.079430000E-01 4.850950000E+01 2.991530000E+01 1.365504222E+00
9.226280000E-01 4.883640000E+01 2.959490000E+01 1.343770187E+00
9.375510000E-01 4.915400000E+01 2.943290000E+01 1.322381396E+00
9.527150000E-01 4.950870000E+01 2.931380000E+01 1.301333557E+00
9.681240000E-01 4.993730000E+01 2.923210000E+01 1.280621077E+00
9.837830000E-01 5.043250000E+01 2.915080000E+01 1.260237268E+00
9.996950000E-01 5.100580000E+01 2.904090000E+01 1.240178254E+00
1.015860000E+00 5.170370000E+01 2.890060000E+01 1.220443762E+00
1.032290000E+00 5.233690000E+01 2.846690000E+01 1.201019093E+00
1.048990000E+00 5.286280000E+01 2.803640000E+01 1.181898779E+00
1.065960000E+00 5.331680000E+01 2.761140000E+01 1.163083043E+00
1.083200000E+00 5.372940000E+01 2.719250000E+01 1.144571640E+00
1.100720000E+00 5.410930000E+01 2.677950000E+01 1.126353659E+00
1.118520000E+00 5.446190000E+01 2.637230000E+01 1.108428995E+00
1.136610000E+00 5.479060000E+01 2.597090000E+01 1.090787517E+00
1.155000000E+00 5.509830000E+01 2.557560000E+01 1.073419913E+00
1.173680000E+00 5.538780000E+01 2.518620000E+01 1.056335628E+00
1.192660000E+00 5.565990000E+01 2.480170000E+01 1.039525095E+00
1.211950000E+00 5.591590000E+01 2.442280000E+01 1.022979496E+00
1.231550000E+00 5.615700000E+01 2.404940000E+01 1.006698875E+00
1.251470000E+00 5.638390000E+01 2.368120000E+01 9.906749662E-01
1.271720000E+00 5.659760000E+01 2.331850000E+01 9.749001352E-01
1.292290000E+00 5.679930000E+01 2.296120000E+01 9.593821820E-01
1.313190000E+00 5.698910000E+01 2.260850000E+01 9.441131900E-01
1.334430000E+00 5.716740000E+01 2.226100000E+01 9.290858269E-01
1.356010000E+00 5.733540000E+01 2.191870000E+01 9.143000420E-01
1.377940000E+00 5.749310000E+01 2.158060000E+01 8.997489005E-01
1.400230000E+00 5.764130000E+01 2.124740000E+01 8.854259657E-01
1.422880000E+00 5.778090000E+01 2.091920000E+01 8.713313842E-01
1.445890000E+00 5.791380000E+01 2.059550000E+01 8.574649524E-01
1.469280000E+00 5.804340000E+01 2.027260000E+01 8.438146575E-01
1.493040000E+00 5.817070000E+01 1.994850000E+01 8.303863259E-01
1.517190000E+00 5.828110000E+01 1.960480000E+01 8.171685814E-01
1.541730000E+00 5.836950000E+01 1.926340000E+01 8.041615588E-01
1.566670000E+00 5.843920000E+01 1.892770000E+01 7.913600184E-01
1.592010000E+00 5.849360000E+01 1.859670000E+01 7.787639525E-01
1.617760000E+00 5.853310000E+01 1.827110000E+01 7.663683117E-01
1.643920000E+00 5.855890000E+01 1.795110000E+01 7.541729525E-01
1.670510000E+00 5.857160000E+01 1.763630000E+01 7.421685593E-01
1.697530000E+00 5.857140000E+01 1.732650000E+01 7.303552809E-01
1.724990000E+00 5.856520000E+01 1.702140000E+01 7.187288042E-01
1.752890000E+00 5.854390000E+01 1.670740000E+01 7.072891054E-01
1.781240000E+00 5.850090000E+01 1.639390000E+01 6.960319777E-01
1.810050000E+00 5.843570000E+01 1.608190000E+01 6.849534543E-01
1.839320000E+00 5.834770000E+01 1.577580000E+01 6.740534545E-01
1.869070000E+00 5.823870000E+01 1.547540000E+01 6.633245411E-01
1.899300000E+00 5.810820000E+01 1.518050000E+01 6.527668088E-01
1.930020000E+00 5.795480000E+01 1.489060000E+01 6.423767629E-01
1.961240000E+00 5.777690000E+01 1.460580000E+01 6.321510881E-01
1.992960000E+00 5.756950000E+01 1.432580000E+01 6.220897559E-01
2.025200000E+00 5.734500000E+01 1.405990000E+01 6.121864507E-01
2.057950000E+00 5.708980000E+01 1.378000000E+01 6.024441799E-01
2.091240000E+00 5.679070000E+01 1.350350000E+01 5.928540005E-01
2.125060000E+00 5.644720000E+01 1.323010000E+01 5.834188211E-01
2.159430000E+00 5.605350000E+01 1.296010000E+01 5.741329888E-01
2.194360000E+00 5.560010000E+01 1.269210000E+01 5.649938934E-01
2.229850000E+00 5.507620000E+01 1.242870000E+01 5.560015248E-01
2.265920000E+00 5.446780000E+01 1.216830000E+01 5.471508262E-01
2.302570000E+00 5.375280000E+01 1.191060000E+01 5.384418280E-01
2.339810000E+00 5.290200000E+01 1.165680000E+01 5.298720836E-01
2.377660000E+00 5.186890000E+01 1.140550000E+01 5.214370431E-01
2.416110000E+00 5.057940000E+01 1.115830000E+01 5.131388885E-01
2.455190000E+00 4.889910000E+01 1.091410000E+01 5.049711020E-01
2.494900000E+00 4.653950000E+01 1.067320000E+01 4.969337448E-01
2.535260000E+00 4.264880000E+01 1.043540000E+01 4.890228221E-01
2.576260000E+00 2.811890000E+01 1.020180000E+01 4.812402475E-01
2.579500000E+00 9.139180000E+00 1.018380000E+01 4.806357821E-01
2.579700000E+00 9.142460000E+00 2.718390000E+01 4.805985192E-01
2.617930000E+00 4.033630000E+01 2.657250000E+01 4.735802714E-01
2.660270000E+00 4.146700000E+01 2.592130000E+01 4.660429205E-01
2.687500000E+00 2.322480000E+01 2.551640000E+01 4.613209302E-01
2.687700000E+00 2.324890000E+01 3.701950000E+01 4.612866019E-01
2.703300000E+00 4.228120000E+01 3.669820000E+01 4.586246440E-01
2.747030000E+00 4.911430000E+01 3.582200000E+01 4.513237933E-01
2.791460000E+00 5.263390000E+01 3.496760000E+01 4.441403423E-01
2.836610000E+00 5.510510000E+01 3.413350000E+01 4.370710108E-01
2.882490000E+00 5.699280000E+01 3.332010000E+01 4.301142415E-01
2.929110000E+00 5.848180000E+01 3.252760000E+01 4.232685014E-01
2.976480000E+00 5.965770000E+01 3.175490000E+01 4.165322797E-01
3.024630000E+00 6.054900000E+01 3.100120000E+01 4.099013764E-01
3.073550000E+00 6.112410000E+01 3.026680000E+01 4.033772023E-01
3.123260000E+00 6.118240000E+01 2.954960000E+01 3.969570257E-01
3.173780000E+00 5.788030000E+01 2.885010000E+01 3.906382925E-01
3.176800000E+00 5.276240000E+01 2.880920000E+01 3.902669353E-01
3.177000000E+00 5.276690000E+01 3.353500000E+01 3.902423670E-01
3.225110000E+00 6.289450000E+01 3.278970000E+01 3.844209965E-01
3.277270000E+00 6.474910000E+01 3.201240000E+01 3.783026727E-01
3.330280000E+00 6.603970000E+01 3.125470000E+01 3.722810094E-01
3.384150000E+00 6.705990000E+01 3.051610000E+01 3.663549193E-01
3.438880000E+00 6.789910000E+01 2.979510000E+01 3.605243568E-01
3.494500000E+00 6.859320000E+01 2.909200000E+01 3.547860924E-01
3.551020000E+00 6.915000000E+01 2.840730000E+01 3.491391206E-01
3.608460000E+00 6.954180000E+01 2.774030000E+01 3.435814724E-01
3.666820000E+00 6.956950000E+01 2.708860000E+01 3.381131335E-01
3.696200000E+00 6.693590000E+01 2.677030000E+01 3.354255722E-01
3.696400000E+00 6.693790000E+01 2.837500000E+01 3.354074234E-01
3.726130000E+00 7.011100000E+01 2.804530000E+01 3.327312788E-01
3.786400000E+00 7.113240000E+01 2.739660000E+01 3.274350306E-01
3.847640000E+00 7.177730000E+01 2.676480000E+01 3.222234928E-01
3.909870000E+00 7.223330000E+01 2.614740000E+01 3.170949418E-01
3.973110000E+00 7.239020000E+01 2.554510000E+01 3.120477409E-01
3.999000000E+00 7.087600000E+01 2.530530000E+01 3.100275069E-01
3.999200000E+00 7.087740000E+01 2.627020000E+01 3.100120024E-01
4.037380000E+00 7.298170000E+01 2.593500000E+01 3.070803343E-01
4.102680000E+00 7.372900000E+01 2.537870000E+01 3.021927131E-01
4.169030000E+00 7.429270000E+01 2.483120000E+01 2.973833242E-01
4.236460000E+00 7.477720000E+01 2.429070000E+01 2.926499955E-01
4.304980000E+00 7.520850000E+01 2.375880000E+01 2.879920464E-01
4.374620000E+00 7.560020000E+01 2.323600000E+01 2.834074731E-01
4.445370000E+00 7.595840000E+01 2.272030000E+01 2.788969197E-01
4.517270000E+00 7.628720000E+01 2.221370000E+01 2.744578031E-01
4.590330000E+00 7.659100000E+01 2.171550000E+01 2.700895143E-01
4.664580000E+00 7.687120000E+01 2.122520000E+01 2.657902748E-01
4.740030000E+00 7.712960000E+01 2.074370000E+01 2.615595260E-01
4.816690000E+00 7.736860000E+01 2.027090000E+01 2.573966770E-01
4.894600000E+00 7.758960000E+01 1.980670000E+01 2.532995546E-01
4.973770000E+00 7.779370000E+01 1.935060000E+01 2.492676581E-01
5.054210000E+00 7.798180000E+01 1.890330000E+01 2.453004525E-01
5.135960000E+00 7.815520000E+01 1.846430000E+01 2.413959610E-01
5.219030000E+00 7.831460000E+01 1.803380000E+01 2.375537217E-01
5.303440000E+00 7.846100000E+01 1.761150000E+01 2.337727965E-01
5.389220000E+00 7.859480000E+01 1.719750000E+01 2.300518442E-01
5.476390000E+00 7.871700000E+01 1.679190000E+01 2.263900124E-01
5.564970000E+00 7.882820000E+01 1.639460000E+01 2.227864661E-01
5.654980000E+00 7.892900000E+01 1.600530000E+01 2.192403863E-01
5.746440000E+00 7.901990000E+01 1.562380000E+01 2.157509693E-01
5.839390000E+00 7.910130000E+01 1.525030000E+01 2.123166975E-01
5.933830000E+00 7.917380000E+01 1.488480000E+01 2.089375665E-01
6.029810000E+00 7.923800000E+01 1.452720000E+01 2.056117854E-01
6.127330000E+00 7.929400000E+01 1.417690000E+01 2.023393550E-01
6.226440000E+00 7.934230000E+01 1.383450000E+01 1.991185975E-01
6.327150000E+00 7.938340000E+01 1.349950000E+01 1.959492030E-01
6.429480000E+00 7.941760000E+01 1.317190000E+01 1.928305244E-01
6.533480000E+00 7.944520000E+01 1.285150000E+01 1.897610462E-01
6.639150000E+00 7.946650000E+01 1.253830000E+01 1.867407725E-01
6.746540000E+00 7.948180000E+01 1.223230000E+01 1.837682723E-01
6.855650000E+00 7.949140000E+01 1.193290000E+01 1.808435378E-01
6.966540000E+00 7.949530000E+01 1.164070000E+01 1.779649582E-01
7.079220000E+00 7.949410000E+01 1.135510000E+01 1.751322886E-01
7.193720000E+00 7.948780000E+01 1.107600000E+01 1.723447674E-01
7.310070000E+00 7.947650000E+01 1.080330000E+01 1.696016591E-01
7.428310000E+00 7.946050000E+01 1.053730000E+01 1.669020275E-01
7.548450000E+00 7.944010000E+01 1.027740000E+01 1.642456398E-01
7.670540000E+00 7.941510000E+01 1.002360000E+01 1.616313845E-01
7.794610000E+00 7.938590000E+01 9.776020000E+00 1.590586315E-01
7.920680000E+00 7.935270000E+01 9.534210000E+00 1.565269649E-01
8.048790000E+00 7.931530000E+01 9.298040000E+00 1.540355755E-01
8.178980000E+00 7.927370000E+01 9.067760000E+00 1.515836938E-01
8.311260000E+00 7.922830000E+01 8.843050000E+00 1.491711245E-01
8.445690000E+00 7.917920000E+01 8.623770000E+00 1.467967685E-01
8.582290000E+00 7.912590000E+01 8.409510000E+00 1.444602781E-01
8.721110000E+00 7.906860000E+01 8.200860000E+00 1.421608029E-01
8.862160000E+00 7.900750000E+01 7.997430000E+00 1.398981738E-01
9.005500000E+00 7.894240000E+01 7.798590000E+00 1.376714230E-01
9.151160000E+00 7.887310000E+01 7.605040000E+00 1.354800921E-01
9.299170000E+00 7.879980000E+01 7.415950000E+00 1.333237267E-01
9.449580000E+00 7.872200000E+01 7.231720000E+00 1.312015984E-01
9.602420000E+00 7.863970000E+01 7.052120000E+00 1.291132860E-01
9.757730000E+00 7.855290000E+01 6.877210000E+00 1.270582400E-01
9.915550000E+00 7.846380000E+01 6.706500000E+00 1.250359284E-01
1.007590000E+01 7.836900000E+01 6.534260000E+00 1.230460803E-01
1.023890000E+01 7.826290000E+01 6.366730000E+00 1.210872262E-01
1.040450000E+01 7.814910000E+01 6.203810000E+00 1.191599789E-01
1.057280000E+01 7.802680000E+01 6.045380000E+00 1.172631659E-01
1.074380000E+01 7.789530000E+01 5.891360000E+00 1.153967870E-01
1.091760000E+01 7.775350000E+01 5.741640000E+00 1.135597567E-01
1.109420000E+01 7.760000000E+01 5.596110000E+00 1.117520867E-01
1.127360000E+01 7.743290000E+01 5.454690000E+00 1.099737440E-01
1.145590000E+01 7.725000000E+01 5.317270000E+00 1.082237101E-01
1.164120000E+01 7.704790000E+01 5.183770000E+00 1.065010480E-01
1.182950000E+01 7.682210000E+01 5.054070000E+00 1.048057822E-01
1.202080000E+01 7.656650000E+01 4.928100000E+00 1.031378943E-01
1.221530000E+01 7.627150000E+01 4.805760000E+00 1.014956653E-01
1.241280000E+01 7.592240000E+01 4.686970000E+00 9.988076824E-02
1.261360000E+01 7.549400000E+01 4.571620000E+00 9.829073381E-02
1.281760000E+01 7.493780000E+01 4.459650000E+00 9.672637623E-02
1.302500000E+01 7.413990000E+01 4.350950000E+00 9.518618042E-02
1.323560000E+01 7.270170000E+01 4.245460000E+00 9.367161292E-02
1.341850000E+01 5.828870000E+01 4.157270000E+00 9.239482804E-02
1.341870000E+01 5.828920000E+01 1.022180000E+01 9.239345093E-02
1.344970000E+01 6.940570000E+01 1.018060000E+01 9.218049473E-02
1.366720000E+01 7.347550000E+01 9.898380000E+00 9.071353313E-02
1.388830000E+01 7.467880000E+01 9.624010000E+00 8.926938502E-02
1.411290000E+01 7.535810000E+01 9.357250000E+00 8.784870579E-02
1.434120000E+01 7.578500000E+01 9.097890000E+00 8.645022732E-02
1.457310000E+01 7.604530000E+01 8.845710000E+00 8.507455517E-02
1.480890000E+01 7.616750000E+01 8.600540000E+00 8.371992518E-02
1.504840000E+01 7.614470000E+01 8.362150000E+00 8.238749635E-02
1.529180000E+01 7.591750000E+01 8.130390000E+00 8.107613231E-02
1.553910000E+01 7.521960000E+01 7.905050000E+00 7.978583058E-02
1.571100000E+01 6.806710000E+01 7.754150000E+00 7.891286360E-02
1.571120000E+01 6.806790000E+01 1.086980000E+01 7.891185906E-02
1.579040000E+01 7.457260000E+01 1.078940000E+01 7.851606039E-02
1.604580000E+01 7.599450000E+01 1.053700000E+01 7.726632514E-02
1.630540000E+01 7.615890000E+01 1.029060000E+01 7.603615980E-02
1.638740000E+01 7.342800000E+01 1.021470000E+01 7.565568669E-02
1.638760000E+01 7.342850000E+01 1.158320000E+01 7.565476336E-02
1.656910000E+01 7.707200000E+01 1.140280000E+01 7.482603159E-02
1.683710000E+01 7.790830000E+01 1.114510000E+01 7.363500840E-02
1.710940000E+01 7.848150000E+01 1.089120000E+01 7.246309046E-02
1.738610000E+01 7.893680000E+01 1.064120000E+01 7.130983947E-02
1.766740000E+01 7.931860000E+01 1.039500000E+01 7.017444559E-02
1.795310000E+01 7.964810000E+01 1.015280000E+01 6.905771148E-02
1.824350000E+01 7.993730000E+01 9.914640000E+00 6.795845096E-02
1.853860000E+01 8.019440000E+01 9.680530000E+00 6.687667893E-02
1.883840000E+01 8.042450000E+01 9.450490000E+00 6.581238322E-02
1.914310000E+01 8.063200000E+01 9.224570000E+00 6.476485000E-02
1.945270000E+01 8.081960000E+01 9.002760000E+00 6.373408319E-02
1.976740000E+01 8.099010000E+01 8.785060000E+00 6.271942694E-02
2.008710000E+01 8.114520000E+01 8.571490000E+00 6.172120416E-02
2.041200000E+01 8.128660000E+01 8.362030000E+00 6.073878111E-02
2.074210000E+01 8.141560000E+01 8.156680000E+00 5.977215422E-02
2.107760000E+01 8.153340000E+01 7.955400000E+00 5.882073860E-02
2.141850000E+01 8.164110000E+01 7.758190000E+00 5.788453907E-02
2.176500000E+01 8.173940000E+01 7.565010000E+00 5.696301401E-02
2.211700000E+01 8.182910000E+01 7.375840000E+00 5.605642718E-02
2.247470000E+01 8.191100000E+01 7.190650000E+00 5.516425136E-02
2.283820000E+01 8.198550000E+01 7.009380000E+00 5.428623972E-02
2.320760000E+01 8.205330000E+01 6.832020000E+00 5.342215481E-02
2.358300000E+01 8.211480000E+01 6.658500000E+00 5.257176780E-02
2.396440000E+01 8.217050000E+01 6.488790000E+00 5.173507369E-02
2.435200000E+01 8.222080000E+01 6.322840000E+00 5.091162943E-02
2.474590000E+01 8.226610000E+01 6.160610000E+00 5.010122889E-02
2.514620000E+01 8.230660000E+01 6.002040000E+00 4.930367213E-02
2.555290000E+01 8.234280000E+01 5.847080000E+00 4.851895480E-02
2.596620000E+01 8.237480000E+01 5.695680000E+00 4.774668608E-02
2.638610000E+01 8.240300000E+01 5.547770000E+00 4.698686051E-02
2.681290000E+01 8.242770000E+01 5.403320000E+00 4.623893723E-02
2.724660000E+01 8.244890000E+01 5.262260000E+00 4.550292514E-02
2.768730000E+01 8.246710000E+01 5.124530000E+00 4.477865303E-02
2.813510000E+01 8.248230000E+01 4.990080000E+00 4.406595320E-02
2.859020000E+01 8.249470000E+01 4.858850000E+00 4.336450952E-02
2.905260000E+01 8.250460000E+01 4.730790000E+00 4.267432175E-02
2.952250000E+01 8.251200000E+01 4.605820000E+00 4.199508849E-02
3.000000000E+01 8.251720000E+01 4.483910000E+00 4.132666667E-02
