# Data retrieved from henke.lbl.gov/optical_constants 03/01/2021
# Element, Br  (Z = 35) 
# Atomic weight*, g mol-1 = 79.904 
# Nominal density*, g cm-3 =  0 
# Relativistic correction estimate f_rel(5CL)*,  e atom-1 =  0 
# Nuclear Thomson correction f_NT*, e atom-1 =  0 
#    E [keV]      f1 [e atom-1]      f2 [e atom-1]    Wavelength [nm] 
1.000000000E-02 -9.999000000E+03 5.161990000E+00 1.239800000E+02
1.016170000E-02 -9.999000000E+03 5.318550000E+00 1.220071445E+02
1.032610000E-02 -9.999000000E+03 5.479860000E+00 1.200646904E+02
1.049310000E-02 -9.999000000E+03 5.646060000E+00 1.181538344E+02
1.066280000E-02 -9.999000000E+03 5.817300000E+00 1.162733991E+02
1.083530000E-02 -9.999000000E+03 5.993730000E+00 1.144223049E+02
1.101060000E-02 -9.999000000E+03 6.175520000E+00 1.126005849E+02
1.118860000E-02 -9.999000000E+03 6.362810000E+00 1.108092165E+02
1.136960000E-02 -9.999000000E+03 6.555800000E+00 1.090451731E+02
1.155350000E-02 -9.999000000E+03 6.754630000E+00 1.073094733E+02
1.174040000E-02 -9.999000000E+03 6.959490000E+00 1.056011720E+02
1.193030000E-02 -9.999000000E+03 7.170570000E+00 1.039202702E+02
1.212320000E-02 -9.999000000E+03 7.388040000E+00 1.022667283E+02
1.231930000E-02 -9.999000000E+03 7.583430000E+00 1.006388350E+02
1.251860000E-02 -9.999000000E+03 7.774690000E+00 9.903663349E+01
1.272100000E-02 -9.999000000E+03 7.970790000E+00 9.746089144E+01
1.292680000E-02 -9.999000000E+03 8.158050000E+00 9.590927376E+01
1.313590000E-02 -9.999000000E+03 8.336560000E+00 9.438256990E+01
1.334830000E-02 -9.999000000E+03 8.518990000E+00 9.288074137E+01
1.356420000E-02 -9.999000000E+03 8.705400000E+00 9.140236800E+01
1.378360000E-02 -9.999000000E+03 8.856950000E+00 8.994747381E+01
1.400660000E-02 -9.999000000E+03 9.008060000E+00 8.851541416E+01
1.423310000E-02 -9.999000000E+03 9.161740000E+00 8.710681440E+01
1.446330000E-02 -9.999000000E+03 9.318050000E+00 8.572040959E+01
1.469730000E-02 -9.999000000E+03 9.477020000E+00 8.435562995E+01
1.493500000E-02 -9.999000000E+03 9.545820000E+00 8.301305658E+01
1.517650000E-02 -9.999000000E+03 9.600170000E+00 8.169208974E+01
1.542200000E-02 -9.999000000E+03 9.654830000E+00 8.039164829E+01
1.567140000E-02 -9.999000000E+03 9.709810000E+00 7.911226821E+01
1.592490000E-02 -9.999000000E+03 9.765080000E+00 7.785292215E+01
1.618250000E-02 -9.999000000E+03 9.820680000E+00 7.661362583E+01
1.644420000E-02 -9.999000000E+03 9.876590000E+00 7.539436397E+01
1.671020000E-02 -9.999000000E+03 9.932830000E+00 7.419420474E+01
1.698050000E-02 -9.999000000E+03 9.989370000E+00 7.301316216E+01
1.725510000E-02 -9.999000000E+03 9.992580000E+00 7.185122080E+01
1.753420000E-02 -9.999000000E+03 9.977510000E+00 7.070753157E+01
1.781780000E-02 -9.999000000E+03 9.962450000E+00 6.958210329E+01
1.810600000E-02 -9.999000000E+03 9.947430000E+00 6.847453883E+01
1.839890000E-02 -9.999000000E+03 9.932430000E+00 6.738446320E+01
1.869640000E-02 -9.999000000E+03 9.917450000E+00 6.631223123E+01
1.899880000E-02 -9.999000000E+03 9.902490000E+00 6.525675306E+01
1.930610000E-02 -9.999000000E+03 9.826160000E+00 6.421804507E+01
1.961840000E-02 -9.999000000E+03 9.728460000E+00 6.319577539E+01
1.993570000E-02 -9.999000000E+03 9.631750000E+00 6.218994066E+01
2.025820000E-02 -9.999000000E+03 9.535990000E+00 6.119990917E+01
2.058580000E-02 -9.999000000E+03 9.441190000E+00 6.022598102E+01
2.091880000E-02 -9.999000000E+03 9.344340000E+00 5.926726198E+01
2.125710000E-02 -9.999000000E+03 9.139180000E+00 5.832404232E+01
2.160090000E-02 -9.999000000E+03 8.938510000E+00 5.739575666E+01
2.195030000E-02 -9.999000000E+03 8.742250000E+00 5.648214375E+01
2.230530000E-02 -9.999000000E+03 8.550310000E+00 5.558320220E+01
2.266610000E-02 -9.999000000E+03 8.362580000E+00 5.469842628E+01
2.303270000E-02 -9.999000000E+03 8.178960000E+00 5.382781871E+01
2.340530000E-02 -9.999000000E+03 7.999390000E+00 5.297090830E+01
2.378380000E-02 -9.999000000E+03 7.823750000E+00 5.212791900E+01
2.416850000E-02 -9.999000000E+03 7.651970000E+00 5.129817738E+01
2.455940000E-02 -9.999000000E+03 7.483960000E+00 5.048168929E+01
2.495660000E-02 -9.999000000E+03 7.319640000E+00 4.967824143E+01
2.536030000E-02 -9.999000000E+03 7.154990000E+00 4.888743430E+01
2.577050000E-02 -9.999000000E+03 6.847310000E+00 4.810927223E+01
2.618730000E-02 -9.999000000E+03 6.552860000E+00 4.734355966E+01
2.661090000E-02 -9.999000000E+03 6.271070000E+00 4.658993119E+01
2.704130000E-02 -9.999000000E+03 6.001400000E+00 4.584838747E+01
2.747860000E-02 -9.999000000E+03 5.743320000E+00 4.511874695E+01
2.792310000E-02 -9.999000000E+03 5.496340000E+00 4.440051427E+01
2.837470000E-02 -9.999000000E+03 5.259990000E+00 4.369385403E+01
2.883370000E-02 -9.999000000E+03 5.033790000E+00 4.299829713E+01
2.930000000E-02 1.030820000E+01 4.817330000E+00 4.231399317E+01
2.977390000E-02 1.031700000E+01 4.610180000E+00 4.164049721E+01
3.025550000E-02 1.032220000E+01 4.411930000E+00 4.097767348E+01
3.074490000E-02 1.032680000E+01 4.222200000E+00 4.032538730E+01
3.124210000E-02 1.033740000E+01 4.040640000E+00 3.968363202E+01
3.174750000E-02 1.037250000E+01 3.845760000E+00 3.905189385E+01
3.226090000E-02 1.037330000E+01 3.606610000E+00 3.843042197E+01
3.278270000E-02 1.034170000E+01 3.382320000E+00 3.781872756E+01
3.331300000E-02 1.029190000E+01 3.171990000E+00 3.721670219E+01
3.385180000E-02 1.023040000E+01 2.974740000E+00 3.662434494E+01
3.439930000E-02 1.016020000E+01 2.789750000E+00 3.604143108E+01
3.495570000E-02 1.008320000E+01 2.616260000E+00 3.546774918E+01
3.552110000E-02 1.000110000E+01 2.453570000E+00 3.490319838E+01
3.609560000E-02 9.914760000E+00 2.300990000E+00 3.434767673E+01
3.667940000E-02 9.825280000E+00 2.157900000E+00 3.380098911E+01
3.727270000E-02 9.733350000E+00 2.023700000E+00 3.326295117E+01
3.787550000E-02 9.639640000E+00 1.897860000E+00 3.273356127E+01
3.848820000E-02 9.545220000E+00 1.779830000E+00 3.221247032E+01
3.911070000E-02 9.451970000E+00 1.667500000E+00 3.169976503E+01
3.974320000E-02 9.354720000E+00 1.557750000E+00 3.119527366E+01
4.038610000E-02 9.253900000E+00 1.455220000E+00 3.069868098E+01
4.103930000E-02 9.151040000E+00 1.359450000E+00 3.021006694E+01
4.170310000E-02 9.046510000E+00 1.269970000E+00 2.972920478E+01
4.237760000E-02 8.939860000E+00 1.186390000E+00 2.925602205E+01
4.306300000E-02 8.829820000E+00 1.111330000E+00 2.879037689E+01
4.375950000E-02 8.722910000E+00 1.043710000E+00 2.833213359E+01
4.446730000E-02 8.617130000E+00 9.801990000E-01 2.788116211E+01
4.518650000E-02 8.511070000E+00 9.205580000E-01 2.743739834E+01
4.591740000E-02 8.403660000E+00 8.645440000E-01 2.700065770E+01
4.666000000E-02 8.296100000E+00 8.153970000E-01 2.657093871E+01
4.741470000E-02 8.189570000E+00 7.692960000E-01 2.614800895E+01
4.818160000E-02 8.082530000E+00 7.258010000E-01 2.573181463E+01
4.896090000E-02 7.973650000E+00 6.847660000E-01 2.532224694E+01
4.975280000E-02 7.859980000E+00 6.476980000E-01 2.491920053E+01
5.055760000E-02 7.747940000E+00 6.212750000E-01 2.452252480E+01
5.137530000E-02 7.638020000E+00 5.959280000E-01 2.413221918E+01
5.220620000E-02 7.527170000E+00 5.716160000E-01 2.374813719E+01
5.305060000E-02 7.411200000E+00 5.498110000E-01 2.337014096E+01
5.390870000E-02 7.296330000E+00 5.386880000E-01 2.299814316E+01
5.478060000E-02 7.183070000E+00 5.277900000E-01 2.263209968E+01
5.566670000E-02 7.067220000E+00 5.192320000E-01 2.227184295E+01
5.656700000E-02 6.951240000E+00 5.131920000E-01 2.191737232E+01
5.748200000E-02 6.830220000E+00 5.101860000E-01 2.156849101E+01
5.841170000E-02 6.710550000E+00 5.122160000E-01 2.122519975E+01
5.935640000E-02 6.589780000E+00 5.142540000E-01 2.088738535E+01
6.031650000E-02 6.465030000E+00 5.162910000E-01 2.055490620E+01
6.129210000E-02 6.334100000E+00 5.182790000E-01 2.022772919E+01
6.228340000E-02 6.193620000E+00 5.202740000E-01 1.990578549E+01
6.329080000E-02 6.037820000E+00 5.264230000E-01 1.958894500E+01
6.431450000E-02 5.870860000E+00 5.371330000E-01 1.927714590E+01
6.535470000E-02 5.683010000E+00 5.480600000E-01 1.897032654E+01
6.641180000E-02 5.440050000E+00 5.581610000E-01 1.866836918E+01
6.748590000E-02 5.018810000E+00 6.548140000E-01 1.837124496E+01
6.857750000E-02 4.703970000E+00 1.056100000E+00 1.807881594E+01
6.968670000E-02 4.782360000E+00 1.537910000E+00 1.779105626E+01
7.081380000E-02 4.944580000E+00 1.801310000E+00 1.750788688E+01
7.195910000E-02 5.104090000E+00 1.852640000E+00 1.722923161E+01
7.312300000E-02 5.286620000E+00 1.905430000E+00 1.695499364E+01
7.430570000E-02 5.179920000E+00 1.595320000E+00 1.668512644E+01
7.550760000E-02 5.007580000E+00 1.627400000E+00 1.641953923E+01
7.672890000E-02 4.875910000E+00 1.670370000E+00 1.615818811E+01
7.796990000E-02 4.736500000E+00 1.714460000E+00 1.590100795E+01
7.923100000E-02 4.581380000E+00 1.796080000E+00 1.564791559E+01
8.051250000E-02 4.442350000E+00 1.895960000E+00 1.539885111E+01
8.181470000E-02 4.310840000E+00 2.001400000E+00 1.515375599E+01
8.313800000E-02 4.178850000E+00 2.112710000E+00 1.491255503E+01
8.448270000E-02 4.040020000E+00 2.232700000E+00 1.467519386E+01
8.584910000E-02 3.904470000E+00 2.371660000E+00 1.444161907E+01
8.723770000E-02 3.773590000E+00 2.519270000E+00 1.421174561E+01
8.864870000E-02 3.645150000E+00 2.676060000E+00 1.398554068E+01
9.008250000E-02 3.518650000E+00 2.842620000E+00 1.376293953E+01
9.153950000E-02 3.394340000E+00 3.019540000E+00 1.354387996E+01
9.302010000E-02 3.272380000E+00 3.207470000E+00 1.332830216E+01
9.452460000E-02 3.153390000E+00 3.407100000E+00 1.311616235E+01
9.605350000E-02 3.037510000E+00 3.619150000E+00 1.290739015E+01
9.760710000E-02 2.925200000E+00 3.846350000E+00 1.270194484E+01
9.918580000E-02 2.821190000E+00 4.089960000E+00 1.249977315E+01
1.007900000E-01 2.727180000E+00 4.349010000E+00 1.230082349E+01
1.024200000E-01 2.645380000E+00 4.624450000E+00 1.210505761E+01
1.040770000E-01 2.580330000E+00 4.917350000E+00 1.191233414E+01
1.057600000E-01 2.539290000E+00 5.228790000E+00 1.172276853E+01
1.074710000E-01 2.546280000E+00 5.559970000E+00 1.153613533E+01
1.092090000E-01 2.605140000E+00 5.825890000E+00 1.135254420E+01
1.109750000E-01 2.630930000E+00 6.065080000E+00 1.117188556E+01
1.127700000E-01 2.638200000E+00 6.314090000E+00 1.099405870E+01
1.145940000E-01 2.645290000E+00 6.573330000E+00 1.081906557E+01
1.164480000E-01 2.656080000E+00 6.843210000E+00 1.064681231E+01
1.183310000E-01 2.674570000E+00 7.124170000E+00 1.047738970E+01
1.202450000E-01 2.705240000E+00 7.416670000E+00 1.031061583E+01
1.221900000E-01 2.759920000E+00 7.721170000E+00 1.014649317E+01
1.241660000E-01 2.836610000E+00 7.999450000E+00 9.985020054E+00
1.261750000E-01 2.904590000E+00 8.273730000E+00 9.826035268E+00
1.282150000E-01 2.970840000E+00 8.557420000E+00 9.669695433E+00
1.302890000E-01 3.044740000E+00 8.850840000E+00 9.515768791E+00
1.323970000E-01 3.129900000E+00 9.154310000E+00 9.364260519E+00
1.345380000E-01 3.231250000E+00 9.468200000E+00 9.215240304E+00
1.367140000E-01 3.356360000E+00 9.792850000E+00 9.068566496E+00
1.389250000E-01 3.530260000E+00 1.012860000E+01 8.924239698E+00
1.411720000E-01 3.736270000E+00 1.038390000E+01 8.782194770E+00
1.434560000E-01 3.911590000E+00 1.062030000E+01 8.642371180E+00
1.457760000E-01 4.068660000E+00 1.086200000E+01 8.504829327E+00
1.481340000E-01 4.224270000E+00 1.110930000E+01 8.369449282E+00
1.505300000E-01 4.382230000E+00 1.136210000E+01 8.236231980E+00
1.529640000E-01 4.546670000E+00 1.162080000E+01 8.105175074E+00
1.554390000E-01 4.728560000E+00 1.188530000E+01 7.976119249E+00
1.579530000E-01 4.914730000E+00 1.212790000E+01 7.849170323E+00
1.605070000E-01 5.095570000E+00 1.237360000E+01 7.724273708E+00
1.631030000E-01 5.277810000E+00 1.262420000E+01 7.601331674E+00
1.657420000E-01 5.463920000E+00 1.287990000E+01 7.480300708E+00
1.684220000E-01 5.655080000E+00 1.314080000E+01 7.361271093E+00
1.711460000E-01 5.847920000E+00 1.340700000E+01 7.244107370E+00
1.739150000E-01 6.048070000E+00 1.369430000E+01 7.128769801E+00
1.767270000E-01 6.271700000E+00 1.399490000E+01 7.015340044E+00
1.795860000E-01 6.518120000E+00 1.430210000E+01 6.903656187E+00
1.824910000E-01 6.789610000E+00 1.461610000E+01 6.793759692E+00
1.854420000E-01 7.092570000E+00 1.493700000E+01 6.685648343E+00
1.884420000E-01 7.440740000E+00 1.526490000E+01 6.579212702E+00
1.914890000E-01 7.889280000E+00 1.559430000E+01 6.474523341E+00
1.945870000E-01 8.332630000E+00 1.574010000E+01 6.371443108E+00
1.977340000E-01 8.730320000E+00 1.588730000E+01 6.270039548E+00
2.009320000E-01 9.103810000E+00 1.603590000E+01 6.170246651E+00
2.041820000E-01 9.474230000E+00 1.618580000E+01 6.072033774E+00
2.074850000E-01 9.849360000E+00 1.633710000E+01 5.975371714E+00
2.108400000E-01 1.023870000E+01 1.648990000E+01 5.880288370E+00
2.142510000E-01 1.069650000E+01 1.661950000E+01 5.786670774E+00
2.177160000E-01 1.111750000E+01 1.666210000E+01 5.694574583E+00
2.212370000E-01 1.149720000E+01 1.670470000E+01 5.603945091E+00
2.248160000E-01 1.186300000E+01 1.674750000E+01 5.514732048E+00
2.284520000E-01 1.222050000E+01 1.679040000E+01 5.426960587E+00
2.321470000E-01 1.257320000E+01 1.683340000E+01 5.340581614E+00
2.359020000E-01 1.292380000E+01 1.687650000E+01 5.255572229E+00
2.397170000E-01 1.327510000E+01 1.691970000E+01 5.171931903E+00
2.435950000E-01 1.363050000E+01 1.696300000E+01 5.089595435E+00
2.475350000E-01 1.399970000E+01 1.700410000E+01 5.008584645E+00
2.515380000E-01 1.436630000E+01 1.702020000E+01 4.928877545E+00
2.556070000E-01 1.472860000E+01 1.703630000E+01 4.850414895E+00
2.597410000E-01 1.509230000E+01 1.705230000E+01 4.773216396E+00
2.639420000E-01 1.546270000E+01 1.706850000E+01 4.697244092E+00
2.682110000E-01 1.584650000E+01 1.708480000E+01 4.622480062E+00
2.725490000E-01 1.625760000E+01 1.710080000E+01 4.548906802E+00
2.769570000E-01 1.673370000E+01 1.706150000E+01 4.476507183E+00
2.814370000E-01 1.717780000E+01 1.695300000E+01 4.405248777E+00
2.859890000E-01 1.757460000E+01 1.680140000E+01 4.335131771E+00
2.906150000E-01 1.793520000E+01 1.664530000E+01 4.266125286E+00
2.953150000E-01 1.826860000E+01 1.649080000E+01 4.198229010E+00
3.000920000E-01 1.858420000E+01 1.633740000E+01 4.131399704E+00
3.049450000E-01 1.888520000E+01 1.618530000E+01 4.065651183E+00
3.098780000E-01 1.917370000E+01 1.603470000E+01 4.000929398E+00
3.148900000E-01 1.945170000E+01 1.588570000E+01 3.937247928E+00
3.199830000E-01 1.972080000E+01 1.573810000E+01 3.874580837E+00
3.251580000E-01 1.998150000E+01 1.559150000E+01 3.812915567E+00
3.304180000E-01 2.023490000E+01 1.544660000E+01 3.752216889E+00
3.357620000E-01 2.048220000E+01 1.530300000E+01 3.692496471E+00
3.411920000E-01 2.072370000E+01 1.516060000E+01 3.633731154E+00
3.467110000E-01 2.096030000E+01 1.501980000E+01 3.575888853E+00
3.523190000E-01 2.119300000E+01 1.488030000E+01 3.518970024E+00
3.580170000E-01 2.142220000E+01 1.474190000E+01 3.462964049E+00
3.638080000E-01 2.164860000E+01 1.460460000E+01 3.407841499E+00
3.696920000E-01 2.187300000E+01 1.446870000E+01 3.353602458E+00
3.756720000E-01 2.209770000E+01 1.433450000E+01 3.300219340E+00
3.817480000E-01 2.232490000E+01 1.420090000E+01 3.247692195E+00
3.879220000E-01 2.255910000E+01 1.406530000E+01 3.196003320E+00
3.941970000E-01 2.280860000E+01 1.392380000E+01 3.145127944E+00
4.005730000E-01 2.305670000E+01 1.374160000E+01 3.095066318E+00
4.070520000E-01 2.327410000E+01 1.354550000E+01 3.045802502E+00
4.136350000E-01 2.347360000E+01 1.335270000E+01 2.997328563E+00
4.203260000E-01 2.366120000E+01 1.316200000E+01 2.949615299E+00
4.271240000E-01 2.383910000E+01 1.297400000E+01 2.902669951E+00
4.340320000E-01 2.400920000E+01 1.278870000E+01 2.856471412E+00
4.410520000E-01 2.417300000E+01 1.260610000E+01 2.811006412E+00
4.481860000E-01 2.433510000E+01 1.242500000E+01 2.766262221E+00
4.554350000E-01 2.449080000E+01 1.224070000E+01 2.722232591E+00
4.628020000E-01 2.463930000E+01 1.205450000E+01 2.678899400E+00
4.702870000E-01 2.477880000E+01 1.186870000E+01 2.636262538E+00
4.778940000E-01 2.491020000E+01 1.168570000E+01 2.594299154E+00
4.856230000E-01 2.503560000E+01 1.150590000E+01 2.553009227E+00
4.934780000E-01 2.515600000E+01 1.132890000E+01 2.512371372E+00
5.014590000E-01 2.527190000E+01 1.115440000E+01 2.472385579E+00
5.095700000E-01 2.538400000E+01 1.098300000E+01 2.433031772E+00
5.178120000E-01 2.549460000E+01 1.081340000E+01 2.394305269E+00
5.261870000E-01 2.560200000E+01 1.064370000E+01 2.356196561E+00
5.346980000E-01 2.570570000E+01 1.047300000E+01 2.318692047E+00
5.433460000E-01 2.580380000E+01 1.030330000E+01 2.281787296E+00
5.521340000E-01 2.590040000E+01 1.013660000E+01 2.245469397E+00
5.610650000E-01 2.599430000E+01 9.963280000E+00 2.209726146E+00
5.701390000E-01 2.607780000E+01 9.788870000E+00 2.174557432E+00
5.793610000E-01 2.615350000E+01 9.619830000E+00 2.139943835E+00
5.887320000E-01 2.622470000E+01 9.454550000E+00 2.105881793E+00
5.982540000E-01 2.629270000E+01 9.292630000E+00 2.072363912E+00
6.079300000E-01 2.635790000E+01 9.133510000E+00 2.039379534E+00
6.177630000E-01 2.642110000E+01 8.977130000E+00 2.006918511E+00
6.277550000E-01 2.648540000E+01 8.822800000E+00 1.974974313E+00
6.379080000E-01 2.654960000E+01 8.663450000E+00 1.943540448E+00
6.482260000E-01 2.660880000E+01 8.495740000E+00 1.912604555E+00
6.587110000E-01 2.665230000E+01 8.323990000E+00 1.882160765E+00
6.693650000E-01 2.667940000E+01 8.155810000E+00 1.852203208E+00
6.801910000E-01 2.669300000E+01 8.008840000E+00 1.822723323E+00
6.911930000E-01 2.671240000E+01 7.878100000E+00 1.793710295E+00
7.023720000E-01 2.674810000E+01 7.752500000E+00 1.765161481E+00
7.137330000E-01 2.678900000E+01 7.614300000E+00 1.737064140E+00
7.252770000E-01 2.681940000E+01 7.468640000E+00 1.709415851E+00
7.370080000E-01 2.684250000E+01 7.325830000E+00 1.682206977E+00
7.489280000E-01 2.686080000E+01 7.185740000E+00 1.655432832E+00
7.610420000E-01 2.687580000E+01 7.048230000E+00 1.629082232E+00
7.733510000E-01 2.688860000E+01 6.912330000E+00 1.603153031E+00
7.858590000E-01 2.689850000E+01 6.775440000E+00 1.577636701E+00
7.985700000E-01 2.690170000E+01 6.638330000E+00 1.552525139E+00
8.114860000E-01 2.689920000E+01 6.503900000E+00 1.527814405E+00
8.246110000E-01 2.689200000E+01 6.372220000E+00 1.503496800E+00
8.379490000E-01 2.688020000E+01 6.243210000E+00 1.479564985E+00
8.515020000E-01 2.686420000E+01 6.117170000E+00 1.456015370E+00
8.652740000E-01 2.684430000E+01 5.993980000E+00 1.432840927E+00
8.792690000E-01 2.682080000E+01 5.873520000E+00 1.410034927E+00
8.934910000E-01 2.679360000E+01 5.755390000E+00 1.387590921E+00
9.079430000E-01 2.676270000E+01 5.639670000E+00 1.365504222E+00
9.226280000E-01 2.672840000E+01 5.526340000E+00 1.343770187E+00
9.375510000E-01 2.669010000E+01 5.414020000E+00 1.322381396E+00
9.527150000E-01 2.664740000E+01 5.303670000E+00 1.301333557E+00
9.681240000E-01 2.660000000E+01 5.195290000E+00 1.280621077E+00
9.837830000E-01 2.654810000E+01 5.089210000E+00 1.260237268E+00
9.996950000E-01 2.649210000E+01 4.984810000E+00 1.240178254E+00
1.015860000E+00 2.643230000E+01 4.882040000E+00 1.220443762E+00
1.032290000E+00 2.636620000E+01 4.777300000E+00 1.201019093E+00
1.048990000E+00 2.629270000E+01 4.673930000E+00 1.181898779E+00
1.065960000E+00 2.621100000E+01 4.571910000E+00 1.163083043E+00
1.083200000E+00 2.612120000E+01 4.472060000E+00 1.144571640E+00
1.100720000E+00 2.602300000E+01 4.374400000E+00 1.126353659E+00
1.118520000E+00 2.591600000E+01 4.278900000E+00 1.108428995E+00
1.136610000E+00 2.579950000E+01 4.185570000E+00 1.090787517E+00
1.155000000E+00 2.567270000E+01 4.094230000E+00 1.073419913E+00
1.173680000E+00 2.553450000E+01 4.004830000E+00 1.056335628E+00
1.192660000E+00 2.538360000E+01 3.917470000E+00 1.039525095E+00
1.211950000E+00 2.521860000E+01 3.831980000E+00 1.022979496E+00
1.231550000E+00 2.503770000E+01 3.748290000E+00 1.006698875E+00
1.251470000E+00 2.483830000E+01 3.666040000E+00 9.906749662E-01
1.271720000E+00 2.461740000E+01 3.585180000E+00 9.749001352E-01
1.292290000E+00 2.437070000E+01 3.505590000E+00 9.593821820E-01
1.313190000E+00 2.409350000E+01 3.427860000E+00 9.441131900E-01
1.334430000E+00 2.377970000E+01 3.351810000E+00 9.290858269E-01
1.356010000E+00 2.342050000E+01 3.277360000E+00 9.143000420E-01
1.377940000E+00 2.300390000E+01 3.204700000E+00 8.997489005E-01
1.400230000E+00 2.251250000E+01 3.133640000E+00 8.854259657E-01
1.422880000E+00 2.191940000E+01 3.064140000E+00 8.713313842E-01
1.445890000E+00 2.118060000E+01 2.996140000E+00 8.574649524E-01
1.469280000E+00 2.021580000E+01 2.931080000E+00 8.438146575E-01
1.493040000E+00 1.885850000E+01 2.869620000E+00 8.303863259E-01
1.517190000E+00 1.665280000E+01 2.818720000E+00 8.171685814E-01
1.541730000E+00 1.089630000E+01 2.770010000E+00 8.041615588E-01
1.549800000E+00 -8.009390000E+00 2.754340000E+00 7.999741902E-01
1.550000000E+00 -8.001550000E+00 1.635640000E+01 7.998709677E-01
1.566670000E+00 1.439060000E+01 1.613440000E+01 7.913600184E-01
1.592010000E+00 1.857510000E+01 1.580690000E+01 7.787639525E-01
1.617760000E+00 2.076530000E+01 1.548600000E+01 7.663683117E-01
1.643920000E+00 2.224770000E+01 1.517170000E+01 7.541729525E-01
1.670510000E+00 2.334540000E+01 1.486360000E+01 7.421685593E-01
1.697530000E+00 2.418060000E+01 1.456190000E+01 7.303552809E-01
1.724990000E+00 2.479150000E+01 1.426640000E+01 7.187288042E-01
1.752890000E+00 2.511510000E+01 1.397660000E+01 7.072891054E-01
1.781240000E+00 2.341560000E+01 1.369270000E+01 6.960319777E-01
1.781900000E+00 2.208930000E+01 1.368620000E+01 6.957741736E-01
1.782100000E+00 2.209490000E+01 1.576170000E+01 6.956960889E-01
1.810050000E+00 2.644210000E+01 1.541990000E+01 6.849534543E-01
1.839320000E+00 2.746290000E+01 1.507530000E+01 6.740534545E-01
1.869070000E+00 2.822620000E+01 1.473830000E+01 6.633245411E-01
1.899300000E+00 2.886090000E+01 1.440870000E+01 6.527668088E-01
1.930020000E+00 2.941120000E+01 1.408650000E+01 6.423767629E-01
1.961240000E+00 2.989970000E+01 1.377160000E+01 6.321510881E-01
1.992960000E+00 3.033670000E+01 1.346370000E+01 6.220897559E-01
2.025200000E+00 3.074170000E+01 1.317050000E+01 6.121864507E-01
2.057950000E+00 3.111550000E+01 1.286650000E+01 6.024441799E-01
2.091240000E+00 3.145510000E+01 1.256720000E+01 5.928540005E-01
2.125060000E+00 3.176530000E+01 1.227280000E+01 5.834188211E-01
2.159430000E+00 3.205070000E+01 1.198390000E+01 5.741329888E-01
2.194360000E+00 3.231380000E+01 1.169950000E+01 5.649938934E-01
2.229850000E+00 3.255650000E+01 1.142050000E+01 5.560015248E-01
2.265920000E+00 3.278110000E+01 1.114690000E+01 5.471508262E-01
2.302570000E+00 3.298910000E+01 1.087830000E+01 5.384418280E-01
2.339810000E+00 3.318180000E+01 1.061470000E+01 5.298720836E-01
2.377660000E+00 3.336010000E+01 1.035610000E+01 5.214370431E-01
2.416110000E+00 3.352530000E+01 1.010270000E+01 5.131388885E-01
2.455190000E+00 3.367830000E+01 9.854220000E+00 5.049711020E-01
2.494900000E+00 3.381990000E+01 9.610990000E+00 4.969337448E-01
2.535260000E+00 3.395120000E+01 9.372990000E+00 4.890228221E-01
2.576260000E+00 3.407270000E+01 9.139420000E+00 4.812402475E-01
2.617930000E+00 3.418480000E+01 8.910910000E+00 4.735802714E-01
2.660270000E+00 3.428840000E+01 8.687620000E+00 4.660429205E-01
2.703300000E+00 3.438440000E+01 8.468940000E+00 4.586246440E-01
2.747030000E+00 3.447240000E+01 8.254700000E+00 4.513237933E-01
2.791460000E+00 3.455360000E+01 8.045600000E+00 4.441403423E-01
2.836610000E+00 3.462790000E+01 7.840660000E+00 4.370710108E-01
2.882490000E+00 3.469610000E+01 7.640960000E+00 4.301142415E-01
2.929110000E+00 3.475880000E+01 7.445200000E+00 4.232685014E-01
2.976480000E+00 3.481560000E+01 7.253830000E+00 4.165322797E-01
3.024630000E+00 3.486740000E+01 7.067230000E+00 4.099013764E-01
3.073550000E+00 3.491430000E+01 6.884670000E+00 4.033772023E-01
3.123260000E+00 3.495660000E+01 6.706390000E+00 3.969570257E-01
3.173780000E+00 3.499450000E+01 6.532290000E+00 3.906382925E-01
3.225110000E+00 3.502860000E+01 6.362740000E+00 3.844209965E-01
3.277270000E+00 3.505900000E+01 6.196640000E+00 3.783026727E-01
3.330280000E+00 3.508560000E+01 6.034600000E+00 3.722810094E-01
3.384150000E+00 3.510880000E+01 5.876520000E+00 3.663549193E-01
3.438880000E+00 3.512890000E+01 5.722250000E+00 3.605243568E-01
3.494500000E+00 3.514610000E+01 5.571630000E+00 3.547860924E-01
3.551020000E+00 3.516030000E+01 5.424760000E+00 3.491391206E-01
3.608460000E+00 3.517200000E+01 5.281460000E+00 3.435814724E-01
3.666820000E+00 3.518120000E+01 5.141650000E+00 3.381131335E-01
3.726130000E+00 3.518800000E+01 5.005380000E+00 3.327312788E-01
3.786400000E+00 3.519270000E+01 4.872400000E+00 3.274350306E-01
3.847640000E+00 3.519530000E+01 4.742750000E+00 3.222234928E-01
3.909870000E+00 3.519590000E+01 4.616360000E+00 3.170949418E-01
3.973110000E+00 3.519480000E+01 4.493130000E+00 3.120477409E-01
4.037380000E+00 3.519190000E+01 4.373010000E+00 3.070803343E-01
4.102680000E+00 3.518740000E+01 4.255940000E+00 3.021927131E-01
4.169030000E+00 3.518150000E+01 4.141840000E+00 2.973833242E-01
4.236460000E+00 3.517410000E+01 4.030630000E+00 2.926499955E-01
4.304980000E+00 3.516540000E+01 3.922310000E+00 2.879920464E-01
4.374620000E+00 3.515550000E+01 3.816660000E+00 2.834074731E-01
4.445370000E+00 3.514440000E+01 3.713800000E+00 2.788969197E-01
4.517270000E+00 3.513230000E+01 3.613610000E+00 2.744578031E-01
4.590330000E+00 3.511910000E+01 3.515930000E+00 2.700895143E-01
4.664580000E+00 3.510490000E+01 3.420880000E+00 2.657902748E-01
4.740030000E+00 3.509000000E+01 3.328250000E+00 2.615595260E-01
4.816690000E+00 3.507420000E+01 3.238000000E+00 2.573966770E-01
4.894600000E+00 3.505760000E+01 3.150110000E+00 2.532995546E-01
4.973770000E+00 3.504020000E+01 3.064550000E+00 2.492676581E-01
5.054210000E+00 3.502220000E+01 2.981280000E+00 2.453004525E-01
5.135960000E+00 3.500370000E+01 2.900150000E+00 2.413959610E-01
5.219030000E+00 3.498450000E+01 2.821100000E+00 2.375537217E-01
5.303440000E+00 3.496470000E+01 2.744160000E+00 2.337727965E-01
5.389220000E+00 3.494440000E+01 2.669310000E+00 2.300518442E-01
5.476390000E+00 3.492370000E+01 2.596420000E+00 2.263900124E-01
5.564970000E+00 3.490250000E+01 2.525500000E+00 2.227864661E-01
5.654980000E+00 3.488090000E+01 2.456410000E+00 2.192403863E-01
5.746440000E+00 3.485890000E+01 2.389180000E+00 2.157509693E-01
5.839390000E+00 3.483660000E+01 2.323730000E+00 2.123166975E-01
5.933830000E+00 3.481390000E+01 2.259990000E+00 2.089375665E-01
6.029810000E+00 3.479080000E+01 2.197930000E+00 2.056117854E-01
6.127330000E+00 3.476730000E+01 2.137640000E+00 2.023393550E-01
6.226440000E+00 3.474370000E+01 2.078910000E+00 1.991185975E-01
6.327150000E+00 3.471970000E+01 2.021760000E+00 1.959492030E-01
6.429480000E+00 3.469540000E+01 1.966080000E+00 1.928305244E-01
6.533480000E+00 3.467080000E+01 1.912040000E+00 1.897610462E-01
6.639150000E+00 3.464600000E+01 1.859310000E+00 1.867407725E-01
6.746540000E+00 3.462090000E+01 1.808080000E+00 1.837682723E-01
6.855650000E+00 3.459550000E+01 1.758230000E+00 1.808435378E-01
6.966540000E+00 3.456990000E+01 1.709680000E+00 1.779649582E-01
7.079220000E+00 3.454390000E+01 1.662450000E+00 1.751322886E-01
7.193720000E+00 3.451770000E+01 1.616550000E+00 1.723447674E-01
7.310070000E+00 3.449110000E+01 1.571780000E+00 1.696016591E-01
7.428310000E+00 3.446420000E+01 1.528320000E+00 1.669020275E-01
7.548450000E+00 3.443700000E+01 1.486030000E+00 1.642456398E-01
7.670540000E+00 3.440940000E+01 1.444820000E+00 1.616313845E-01
7.794610000E+00 3.438150000E+01 1.404790000E+00 1.590586315E-01
7.920680000E+00 3.435310000E+01 1.365820000E+00 1.565269649E-01
8.048790000E+00 3.432430000E+01 1.327900000E+00 1.540355755E-01
8.178980000E+00 3.429500000E+01 1.291010000E+00 1.515836938E-01
8.311260000E+00 3.426520000E+01 1.255130000E+00 1.491711245E-01
8.445690000E+00 3.423480000E+01 1.220220000E+00 1.467967685E-01
8.582290000E+00 3.420370000E+01 1.186250000E+00 1.444602781E-01
8.721110000E+00 3.417200000E+01 1.153220000E+00 1.421608029E-01
8.862160000E+00 3.413950000E+01 1.121070000E+00 1.398981738E-01
9.005500000E+00 3.410610000E+01 1.089800000E+00 1.376714230E-01
9.151160000E+00 3.407180000E+01 1.059370000E+00 1.354800921E-01
9.299170000E+00 3.403640000E+01 1.029780000E+00 1.333237267E-01
9.449580000E+00 3.399980000E+01 1.000990000E+00 1.312015984E-01
9.602420000E+00 3.396200000E+01 9.729710000E-01 1.291132860E-01
9.757730000E+00 3.392260000E+01 9.457170000E-01 1.270582400E-01
9.915550000E+00 3.388150000E+01 9.192100000E-01 1.250359284E-01
1.007590000E+01 3.383850000E+01 8.934160000E-01 1.230460803E-01
1.023890000E+01 3.379320000E+01 8.683220000E-01 1.210872262E-01
1.040450000E+01 3.374550000E+01 8.439090000E-01 1.191599789E-01
1.057280000E+01 3.369480000E+01 8.201570000E-01 1.172631659E-01
1.074380000E+01 3.364080000E+01 7.970500000E-01 1.153967870E-01
1.091760000E+01 3.358270000E+01 7.745680000E-01 1.135597567E-01
1.109420000E+01 3.352000000E+01 7.526950000E-01 1.117520867E-01
1.127360000E+01 3.345160000E+01 7.314140000E-01 1.099737440E-01
1.145590000E+01 3.337630000E+01 7.107100000E-01 1.082237101E-01
1.164120000E+01 3.329250000E+01 6.905650000E-01 1.065010480E-01
1.182950000E+01 3.319810000E+01 6.709650000E-01 1.048057822E-01
1.202080000E+01 3.308990000E+01 6.518950000E-01 1.031378943E-01
1.221530000E+01 3.296350000E+01 6.333390000E-01 1.014956653E-01
1.241280000E+01 3.281160000E+01 6.152840000E-01 9.988076824E-02
1.261360000E+01 3.262250000E+01 5.977160000E-01 9.829073381E-02
1.281760000E+01 3.237400000E+01 5.806210000E-01 9.672637623E-02
1.302500000E+01 3.201710000E+01 5.639870000E-01 9.518618042E-02
1.323560000E+01 3.140200000E+01 5.478000000E-01 9.367161292E-02
1.344970000E+01 2.905250000E+01 5.320490000E-01 9.218049473E-02
1.347360000E+01 2.325290000E+01 5.303330000E-01 9.201698136E-02
1.347380000E+01 2.325320000E+01 3.862040000E+00 9.201561549E-02
1.366720000E+01 3.136420000E+01 3.778680000E+00 9.071353313E-02
1.388830000E+01 3.222790000E+01 3.687000000E+00 8.926938502E-02
1.411290000E+01 3.272780000E+01 3.596940000E+00 8.784870579E-02
1.434120000E+01 3.308260000E+01 3.508520000E+00 8.645022732E-02
1.457310000E+01 3.335750000E+01 3.421730000E+00 8.507455517E-02
1.480890000E+01 3.358110000E+01 3.336580000E+00 8.371992518E-02
1.504840000E+01 3.376880000E+01 3.253060000E+00 8.238749635E-02
1.529180000E+01 3.392970000E+01 3.171180000E+00 8.107613231E-02
1.553910000E+01 3.406970000E+01 3.090920000E+00 7.978583058E-02
1.579040000E+01 3.419290000E+01 3.012290000E+00 7.851606039E-02
1.604580000E+01 3.430230000E+01 2.935280000E+00 7.726632514E-02
1.630540000E+01 3.440010000E+01 2.859860000E+00 7.603615980E-02
1.656910000E+01 3.448800000E+01 2.786040000E+00 7.482603159E-02
1.683710000E+01 3.456720000E+01 2.713790000E+00 7.363500840E-02
1.710940000E+01 3.463900000E+01 2.643110000E+00 7.246309046E-02
1.738610000E+01 3.470420000E+01 2.573970000E+00 7.130983947E-02
1.766740000E+01 3.476350000E+01 2.506360000E+00 7.017444559E-02
1.795310000E+01 3.481750000E+01 2.440260000E+00 6.905771148E-02
1.824350000E+01 3.486680000E+01 2.375650000E+00 6.795845096E-02
1.853860000E+01 3.491180000E+01 2.312510000E+00 6.687667893E-02
1.883840000E+01 3.495290000E+01 2.250830000E+00 6.581238322E-02
1.914310000E+01 3.499050000E+01 2.190580000E+00 6.476485000E-02
1.945270000E+01 3.502480000E+01 2.131740000E+00 6.373408319E-02
1.976740000E+01 3.505620000E+01 2.074290000E+00 6.271942694E-02
2.008710000E+01 3.508480000E+01 2.018200000E+00 6.172120416E-02
2.041200000E+01 3.511090000E+01 1.963450000E+00 6.073878111E-02
2.074210000E+01 3.513470000E+01 1.910030000E+00 5.977215422E-02
2.107760000E+01 3.515630000E+01 1.857910000E+00 5.882073860E-02
2.141850000E+01 3.517590000E+01 1.807060000E+00 5.788453907E-02
2.176500000E+01 3.519370000E+01 1.757460000E+00 5.696301401E-02
2.211700000E+01 3.520980000E+01 1.709090000E+00 5.605642718E-02
2.247470000E+01 3.522430000E+01 1.661920000E+00 5.516425136E-02
2.283820000E+01 3.523730000E+01 1.615940000E+00 5.428623972E-02
2.320760000E+01 3.524890000E+01 1.571110000E+00 5.342215481E-02
2.358300000E+01 3.525930000E+01 1.527420000E+00 5.257176780E-02
2.396440000E+01 3.526840000E+01 1.484840000E+00 5.173507369E-02
2.435200000E+01 3.527650000E+01 1.443350000E+00 5.091162943E-02
2.474590000E+01 3.528350000E+01 1.402930000E+00 5.010122889E-02
2.514620000E+01 3.528960000E+01 1.363550000E+00 4.930367213E-02
2.555290000E+01 3.529470000E+01 1.325200000E+00 4.851895480E-02
2.596620000E+01 3.529900000E+01 1.287840000E+00 4.774668608E-02
2.638610000E+01 3.530260000E+01 1.251460000E+00 4.698686051E-02
2.681290000E+01 3.530540000E+01 1.216040000E+00 4.623893723E-02
2.724660000E+01 3.530750000E+01 1.181550000E+00 4.550292514E-02
2.768730000E+01 3.530900000E+01 1.147970000E+00 4.477865303E-02
2.813510000E+01 3.531000000E+01 1.115290000E+00 4.406595320E-02
2.859020000E+01 3.531040000E+01 1.083480000E+00 4.336450952E-02
2.905260000E+01 3.531050000E+01 1.052520000E+00 4.267432175E-02
2.952250000E+01 3.531300000E+01 1.022390000E+00 4.199508849E-02
3.000000000E+01 3.529990000E+01 9.930720000E-01 4.132666667E-02
