# Data retrieved from henke.lbl.gov/optical_constants 03/01/2021
# Element, C  (Z = 6) 
# Atomic weight*, g mol-1 = 12.011 
# Nominal density*, g cm-3 =  0 
# Relativistic correction estimate f_rel(5CL)*,  e atom-1 =  0 
# Nuclear Thomson correction f_NT*, e atom-1 =  0 
#    E [keV]      f1 [e atom-1]      f2 [e atom-1]    Wavelength [nm] 
1.000000000E-02 -9.999000000E+03 8.068850000E-01 1.239800000E+02
1.016170000E-02 -9.999000000E+03 8.515220000E-01 1.220071445E+02
1.032610000E-02 -9.999000000E+03 8.986280000E-01 1.200646904E+02
1.049310000E-02 -9.999000000E+03 9.483410000E-01 1.181538344E+02
1.066280000E-02 -9.999000000E+03 1.000800000E+00 1.162733991E+02
1.083530000E-02 -9.999000000E+03 1.057550000E+00 1.144223049E+02
1.101060000E-02 -9.999000000E+03 1.121670000E+00 1.126005849E+02
1.118860000E-02 -9.999000000E+03 1.189680000E+00 1.108092165E+02
1.136960000E-02 -9.999000000E+03 1.261810000E+00 1.090451731E+02
1.155350000E-02 -9.999000000E+03 1.338320000E+00 1.073094733E+02
1.174040000E-02 -9.999000000E+03 1.419460000E+00 1.056011720E+02
1.193030000E-02 -9.999000000E+03 1.505530000E+00 1.039202702E+02
1.212320000E-02 -9.999000000E+03 1.589710000E+00 1.022667283E+02
1.231930000E-02 -9.999000000E+03 1.678200000E+00 1.006388350E+02
1.251860000E-02 -9.999000000E+03 1.771610000E+00 9.903663349E+01
1.272100000E-02 -9.999000000E+03 1.870230000E+00 9.746089144E+01
1.292680000E-02 -9.999000000E+03 1.974330000E+00 9.590927376E+01
1.313590000E-02 -9.999000000E+03 2.084230000E+00 9.438256990E+01
1.334830000E-02 -9.999000000E+03 2.200250000E+00 9.288074137E+01
1.356420000E-02 -9.999000000E+03 2.292350000E+00 9.140236800E+01
1.378360000E-02 -9.999000000E+03 2.382870000E+00 8.994747381E+01
1.400660000E-02 -9.999000000E+03 2.476960000E+00 8.851541416E+01
1.423310000E-02 -9.999000000E+03 2.574770000E+00 8.710681440E+01
1.446330000E-02 -9.999000000E+03 2.676450000E+00 8.572040959E+01
1.469730000E-02 -9.999000000E+03 2.771140000E+00 8.435562995E+01
1.493500000E-02 -9.999000000E+03 2.846050000E+00 8.301305658E+01
1.517650000E-02 -9.999000000E+03 2.922980000E+00 8.169208974E+01
1.542200000E-02 -9.999000000E+03 3.001990000E+00 8.039164829E+01
1.567140000E-02 -9.999000000E+03 3.083130000E+00 7.911226821E+01
1.592490000E-02 -9.999000000E+03 3.166470000E+00 7.785292215E+01
1.618250000E-02 -9.999000000E+03 3.242130000E+00 7.661362583E+01
1.644420000E-02 -9.999000000E+03 3.287780000E+00 7.539436397E+01
1.671020000E-02 -9.999000000E+03 3.334080000E+00 7.419420474E+01
1.698050000E-02 -9.999000000E+03 3.381030000E+00 7.301316216E+01
1.725510000E-02 -9.999000000E+03 3.428630000E+00 7.185122080E+01
1.753420000E-02 -9.999000000E+03 3.476910000E+00 7.070753157E+01
1.781780000E-02 -9.999000000E+03 3.520410000E+00 6.958210329E+01
1.810600000E-02 -9.999000000E+03 3.542770000E+00 6.847453883E+01
1.839890000E-02 -9.999000000E+03 3.565280000E+00 6.738446320E+01
1.869640000E-02 -9.999000000E+03 3.587930000E+00 6.631223123E+01
1.899880000E-02 -9.999000000E+03 3.610720000E+00 6.525675306E+01
1.930610000E-02 -9.999000000E+03 3.633660000E+00 6.421804507E+01
1.961840000E-02 -9.999000000E+03 3.656740000E+00 6.319577539E+01
1.993570000E-02 -9.999000000E+03 3.679970000E+00 6.218994066E+01
2.025820000E-02 -9.999000000E+03 3.703350000E+00 6.119990917E+01
2.058580000E-02 -9.999000000E+03 3.694890000E+00 6.022598102E+01
2.091880000E-02 -9.999000000E+03 3.672040000E+00 5.926726198E+01
2.125710000E-02 -9.999000000E+03 3.649340000E+00 5.832404232E+01
2.160090000E-02 -9.999000000E+03 3.626770000E+00 5.739575666E+01
2.195030000E-02 -9.999000000E+03 3.604340000E+00 5.648214375E+01
2.230530000E-02 -9.999000000E+03 3.582050000E+00 5.558320220E+01
2.266610000E-02 -9.999000000E+03 3.559900000E+00 5.469842628E+01
2.303270000E-02 -9.999000000E+03 3.533200000E+00 5.382781871E+01
2.340530000E-02 -9.999000000E+03 3.478920000E+00 5.297090830E+01
2.378380000E-02 -9.999000000E+03 3.425470000E+00 5.212791900E+01
2.416850000E-02 -9.999000000E+03 3.372850000E+00 5.129817738E+01
2.455940000E-02 -9.999000000E+03 3.321030000E+00 5.048168929E+01
2.495660000E-02 -9.999000000E+03 3.270000000E+00 4.967824143E+01
2.536030000E-02 -9.999000000E+03 3.219770000E+00 4.888743430E+01
2.577050000E-02 -9.999000000E+03 3.170300000E+00 4.810927223E+01
2.618730000E-02 -9.999000000E+03 3.120960000E+00 4.734355966E+01
2.661090000E-02 -9.999000000E+03 3.063500000E+00 4.658993119E+01
2.704130000E-02 -9.999000000E+03 3.007080000E+00 4.584838747E+01
2.747860000E-02 -9.999000000E+03 2.951710000E+00 4.511874695E+01
2.792310000E-02 -9.999000000E+03 2.897360000E+00 4.440051427E+01
2.837470000E-02 -9.999000000E+03 2.844010000E+00 4.369385403E+01
2.883370000E-02 -9.999000000E+03 2.791640000E+00 4.299829713E+01
2.930000000E-02 3.633180000E+00 2.740240000E+00 4.231399317E+01
2.977390000E-02 3.673780000E+00 2.689780000E+00 4.164049721E+01
3.025550000E-02 3.712700000E+00 2.636180000E+00 4.097767348E+01
3.074490000E-02 3.747530000E+00 2.583600000E+00 4.032538730E+01
3.124210000E-02 3.779730000E+00 2.532060000E+00 3.968363202E+01
3.174750000E-02 3.809690000E+00 2.481550000E+00 3.905189385E+01
3.226090000E-02 3.837640000E+00 2.432050000E+00 3.843042197E+01
3.278270000E-02 3.863740000E+00 2.383540000E+00 3.781872756E+01
3.331300000E-02 3.888070000E+00 2.335990000E+00 3.721670219E+01
3.385180000E-02 3.910710000E+00 2.289400000E+00 3.662434494E+01
3.439930000E-02 3.931560000E+00 2.243730000E+00 3.604143108E+01
3.495570000E-02 3.950260000E+00 2.198980000E+00 3.546774918E+01
3.552110000E-02 3.967090000E+00 2.157990000E+00 3.490319838E+01
3.609560000E-02 3.984880000E+00 2.118270000E+00 3.434767673E+01
3.667940000E-02 4.002530000E+00 2.079280000E+00 3.380098911E+01
3.727270000E-02 4.019920000E+00 2.041010000E+00 3.326295117E+01
3.787550000E-02 4.037120000E+00 2.003440000E+00 3.273356127E+01
3.848820000E-02 4.054320000E+00 1.966570000E+00 3.221247032E+01
3.911070000E-02 4.073600000E+00 1.930370000E+00 3.169976503E+01
3.974320000E-02 4.094490000E+00 1.890110000E+00 3.119527366E+01
4.038610000E-02 4.110100000E+00 1.846500000E+00 3.069868098E+01
4.103930000E-02 4.122290000E+00 1.803900000E+00 3.021006694E+01
4.170310000E-02 4.132110000E+00 1.762280000E+00 2.972920478E+01
4.237760000E-02 4.139850000E+00 1.721630000E+00 2.925602205E+01
4.306300000E-02 4.145590000E+00 1.681910000E+00 2.879037689E+01
4.375950000E-02 4.149250000E+00 1.643100000E+00 2.833213359E+01
4.446730000E-02 4.149550000E+00 1.605200000E+00 2.788116211E+01
4.518650000E-02 4.145840000E+00 1.569170000E+00 2.743739834E+01
4.591740000E-02 4.141750000E+00 1.543760000E+00 2.700065770E+01
4.666000000E-02 4.141740000E+00 1.518760000E+00 2.657093871E+01
4.741470000E-02 4.143000000E+00 1.494170000E+00 2.614800895E+01
4.818160000E-02 4.144860000E+00 1.469980000E+00 2.573181463E+01
4.896090000E-02 4.146980000E+00 1.446180000E+00 2.532224694E+01
4.975280000E-02 4.149130000E+00 1.422760000E+00 2.491920053E+01
5.055760000E-02 4.151130000E+00 1.399720000E+00 2.452252480E+01
5.137530000E-02 4.152770000E+00 1.377050000E+00 2.413221918E+01
5.220620000E-02 4.153710000E+00 1.354750000E+00 2.374813719E+01
5.305060000E-02 4.153070000E+00 1.332820000E+00 2.337014096E+01
5.390870000E-02 4.149600000E+00 1.315460000E+00 2.299814316E+01
5.478060000E-02 4.149970000E+00 1.301680000E+00 2.263209968E+01
5.566670000E-02 4.152700000E+00 1.288040000E+00 2.227184295E+01
5.656700000E-02 4.156810000E+00 1.274540000E+00 2.191737232E+01
5.748200000E-02 4.162090000E+00 1.261180000E+00 2.156849101E+01
5.841170000E-02 4.168510000E+00 1.247970000E+00 2.122519975E+01
5.935640000E-02 4.176250000E+00 1.234890000E+00 2.088738535E+01
6.031650000E-02 4.186000000E+00 1.221950000E+00 2.055490620E+01
6.129210000E-02 4.199490000E+00 1.206540000E+00 2.022772919E+01
6.228340000E-02 4.210960000E+00 1.184980000E+00 1.990578549E+01
6.329080000E-02 4.219100000E+00 1.163810000E+00 1.958894500E+01
6.431450000E-02 4.225820000E+00 1.143010000E+00 1.927714590E+01
6.535470000E-02 4.231610000E+00 1.122580000E+00 1.897032654E+01
6.641180000E-02 4.236660000E+00 1.102520000E+00 1.866836918E+01
6.748590000E-02 4.241110000E+00 1.082820000E+00 1.837124496E+01
6.857750000E-02 4.245040000E+00 1.063470000E+00 1.807881594E+01
6.968670000E-02 4.248520000E+00 1.044470000E+00 1.779105626E+01
7.081380000E-02 4.251600000E+00 1.025800000E+00 1.750788688E+01
7.195910000E-02 4.254300000E+00 1.007470000E+00 1.722923161E+01
7.312300000E-02 4.256670000E+00 9.894700000E-01 1.695499364E+01
7.430570000E-02 4.258720000E+00 9.717880000E-01 1.668512644E+01
7.550760000E-02 4.260470000E+00 9.544230000E-01 1.641953923E+01
7.672890000E-02 4.261940000E+00 9.373690000E-01 1.615818811E+01
7.796990000E-02 4.263140000E+00 9.206170000E-01 1.590100795E+01
7.923100000E-02 4.264080000E+00 9.041670000E-01 1.564791559E+01
8.051250000E-02 4.264780000E+00 8.880090000E-01 1.539885111E+01
8.181470000E-02 4.265240000E+00 8.721410000E-01 1.515375599E+01
8.313800000E-02 4.265460000E+00 8.565560000E-01 1.491255503E+01
8.448270000E-02 4.265470000E+00 8.412500000E-01 1.467519386E+01
8.584910000E-02 4.265250000E+00 8.262170000E-01 1.444161907E+01
8.723770000E-02 4.264810000E+00 8.114530000E-01 1.421174561E+01
8.864870000E-02 4.264170000E+00 7.969520000E-01 1.398554068E+01
9.008250000E-02 4.263320000E+00 7.827110000E-01 1.376293953E+01
9.153950000E-02 4.262260000E+00 7.687240000E-01 1.354387996E+01
9.302010000E-02 4.261000000E+00 7.549870000E-01 1.332830216E+01
9.452460000E-02 4.259530000E+00 7.414960000E-01 1.311616235E+01
9.605350000E-02 4.257870000E+00 7.282460000E-01 1.290739015E+01
9.760710000E-02 4.256000000E+00 7.152320000E-01 1.270194484E+01
9.918580000E-02 4.253930000E+00 7.024510000E-01 1.249977315E+01
1.007900000E-01 4.251660000E+00 6.898980000E-01 1.230082349E+01
1.024200000E-01 4.249190000E+00 6.775700000E-01 1.210505761E+01
1.040770000E-01 4.246510000E+00 6.654620000E-01 1.191233414E+01
1.057600000E-01 4.243630000E+00 6.535700000E-01 1.172276853E+01
1.074710000E-01 4.240540000E+00 6.418910000E-01 1.153613533E+01
1.092090000E-01 4.237240000E+00 6.304210000E-01 1.135254420E+01
1.109750000E-01 4.233730000E+00 6.191560000E-01 1.117188556E+01
1.127700000E-01 4.230000000E+00 6.080910000E-01 1.099405870E+01
1.145940000E-01 4.226060000E+00 5.972240000E-01 1.081906557E+01
1.164480000E-01 4.221890000E+00 5.865520000E-01 1.064681231E+01
1.183310000E-01 4.217510000E+00 5.760710000E-01 1.047738970E+01
1.202450000E-01 4.212890000E+00 5.657770000E-01 1.031061583E+01
1.221900000E-01 4.208060000E+00 5.556660000E-01 1.014649317E+01
1.241660000E-01 4.202990000E+00 5.457370000E-01 9.985020054E+00
1.261750000E-01 4.197720000E+00 5.359850000E-01 9.826035268E+00
1.282150000E-01 4.192250000E+00 5.264060000E-01 9.669695433E+00
1.302890000E-01 4.186660000E+00 5.170000000E-01 9.515768791E+00
1.323970000E-01 4.181220000E+00 5.077610000E-01 9.364260519E+00
1.345380000E-01 4.175330000E+00 4.974570000E-01 9.215240304E+00
1.367140000E-01 4.168600000E+00 4.873610000E-01 9.068566496E+00
1.389250000E-01 4.161220000E+00 4.774690000E-01 8.924239698E+00
1.411720000E-01 4.153290000E+00 4.677770000E-01 8.782194770E+00
1.434560000E-01 4.144840000E+00 4.582830000E-01 8.642371180E+00
1.457760000E-01 4.135870000E+00 4.489810000E-01 8.504829327E+00
1.481340000E-01 4.126380000E+00 4.398680000E-01 8.369449282E+00
1.505300000E-01 4.116360000E+00 4.309410000E-01 8.236231980E+00
1.529640000E-01 4.105780000E+00 4.221930000E-01 8.105175074E+00
1.554390000E-01 4.094640000E+00 4.136240000E-01 7.976119249E+00
1.579530000E-01 4.082900000E+00 4.052290000E-01 7.849170323E+00
1.605070000E-01 4.070540000E+00 3.970040000E-01 7.724273708E+00
1.631030000E-01 4.057540000E+00 3.889460000E-01 7.601331674E+00
1.657420000E-01 4.043850000E+00 3.810520000E-01 7.480300708E+00
1.684220000E-01 4.029450000E+00 3.733180000E-01 7.361271093E+00
1.711460000E-01 4.014290000E+00 3.657410000E-01 7.244107370E+00
1.739150000E-01 3.998340000E+00 3.583170000E-01 7.128769801E+00
1.767270000E-01 3.981580000E+00 3.510450000E-01 7.015340044E+00
1.795860000E-01 3.963980000E+00 3.439190000E-01 6.903656187E+00
1.824910000E-01 3.945580000E+00 3.369390000E-01 6.793759692E+00
1.854420000E-01 3.927160000E+00 3.301000000E-01 6.685648343E+00
1.884420000E-01 3.907050000E+00 3.209950000E-01 6.579212702E+00
1.914890000E-01 3.884430000E+00 3.120960000E-01 6.474523341E+00
1.945870000E-01 3.859770000E+00 3.034430000E-01 6.371443108E+00
1.977340000E-01 3.833080000E+00 2.950310000E-01 6.270039548E+00
2.009320000E-01 3.804280000E+00 2.868510000E-01 6.170246651E+00
2.041820000E-01 3.773230000E+00 2.788980000E-01 6.072033774E+00
2.074850000E-01 3.739720000E+00 2.711660000E-01 5.975371714E+00
2.108400000E-01 3.703510000E+00 2.636480000E-01 5.880288370E+00
2.142510000E-01 3.664280000E+00 2.563380000E-01 5.786670774E+00
2.177160000E-01 3.621640000E+00 2.492310000E-01 5.694574583E+00
2.212370000E-01 3.574990000E+00 2.425160000E-01 5.603945091E+00
2.248160000E-01 3.524350000E+00 2.363810000E-01 5.514732048E+00
2.284520000E-01 3.469020000E+00 2.304020000E-01 5.426960587E+00
2.321470000E-01 3.408120000E+00 2.245730000E-01 5.340581614E+00
2.359020000E-01 3.340610000E+00 2.188920000E-01 5.255572229E+00
2.397170000E-01 3.265220000E+00 2.133550000E-01 5.171931903E+00
2.435950000E-01 3.180270000E+00 2.079580000E-01 5.089595435E+00
2.475350000E-01 3.084740000E+00 2.021790000E-01 5.008584645E+00
2.515380000E-01 2.972930000E+00 1.946830000E-01 4.928877545E+00
2.556070000E-01 2.840020000E+00 1.874650000E-01 4.850414895E+00
2.597410000E-01 2.679850000E+00 1.805140000E-01 4.773216396E+00
2.639420000E-01 2.481380000E+00 1.738210000E-01 4.697244092E+00
2.682110000E-01 2.225050000E+00 1.673770000E-01 4.622480062E+00
2.725490000E-01 1.871590000E+00 1.611710000E-01 4.548906802E+00
2.769570000E-01 1.321920000E+00 1.551950000E-01 4.476507183E+00
2.814370000E-01 1.585730000E-01 1.494410000E-01 4.405248777E+00
2.841000000E-01 -4.048820000E+00 1.461630000E-01 4.363956353E+00
2.843000000E-01 -4.040310000E+00 4.188720000E+00 4.360886388E+00
2.859890000E-01 -2.833300000E-01 4.158570000E+00 4.335131771E+00
2.906150000E-01 1.439670000E+00 4.077980000E+00 4.266125286E+00
2.953150000E-01 2.205760000E+00 3.998960000E+00 4.198229010E+00
3.000920000E-01 2.712860000E+00 3.921460000E+00 4.131399704E+00
3.049450000E-01 3.094750000E+00 3.845460000E+00 4.065651183E+00
3.098780000E-01 3.401860000E+00 3.770950000E+00 4.000929398E+00
3.148900000E-01 3.658840000E+00 3.697870000E+00 3.937247928E+00
3.199830000E-01 3.879690000E+00 3.626200000E+00 3.874580837E+00
3.251580000E-01 4.073150000E+00 3.555930000E+00 3.812915567E+00
3.304180000E-01 4.245100000E+00 3.487030000E+00 3.752216889E+00
3.357620000E-01 4.399670000E+00 3.419450000E+00 3.692496471E+00
3.411920000E-01 4.539930000E+00 3.353180000E+00 3.633731154E+00
3.467110000E-01 4.668230000E+00 3.288200000E+00 3.575888853E+00
3.523190000E-01 4.786420000E+00 3.224480000E+00 3.518970024E+00
3.580170000E-01 4.896060000E+00 3.162000000E+00 3.462964049E+00
3.638080000E-01 4.998520000E+00 3.100720000E+00 3.407841499E+00
3.696920000E-01 5.095240000E+00 3.040630000E+00 3.353602458E+00
3.756720000E-01 5.189100000E+00 2.981700000E+00 3.300219340E+00
3.817480000E-01 5.279260000E+00 2.916490000E+00 3.247692195E+00
3.879220000E-01 5.360490000E+00 2.848170000E+00 3.196003320E+00
3.941970000E-01 5.432670000E+00 2.781440000E+00 3.145127944E+00
4.005730000E-01 5.498970000E+00 2.716280000E+00 3.095066318E+00
4.070520000E-01 5.560100000E+00 2.652640000E+00 3.045802502E+00
4.136350000E-01 5.616690000E+00 2.590500000E+00 2.997328563E+00
4.203260000E-01 5.669200000E+00 2.529810000E+00 2.949615299E+00
4.271240000E-01 5.718030000E+00 2.470540000E+00 2.902669951E+00
4.340320000E-01 5.763510000E+00 2.412660000E+00 2.856471412E+00
4.410520000E-01 5.805930000E+00 2.356140000E+00 2.811006412E+00
4.481860000E-01 5.845570000E+00 2.300940000E+00 2.766262221E+00
4.554350000E-01 5.882640000E+00 2.247030000E+00 2.722232591E+00
4.628020000E-01 5.917370000E+00 2.194390000E+00 2.678899400E+00
4.702870000E-01 5.949980000E+00 2.142980000E+00 2.636262538E+00
4.778940000E-01 5.980740000E+00 2.092780000E+00 2.594299154E+00
4.856230000E-01 6.010220000E+00 2.043670000E+00 2.553009227E+00
4.934780000E-01 6.037670000E+00 1.994180000E+00 2.512371372E+00
5.014590000E-01 6.062680000E+00 1.945890000E+00 2.472385579E+00
5.095700000E-01 6.085790000E+00 1.898760000E+00 2.433031772E+00
5.178120000E-01 6.107210000E+00 1.852780000E+00 2.394305269E+00
5.261870000E-01 6.127090000E+00 1.807910000E+00 2.356196561E+00
5.346980000E-01 6.145560000E+00 1.764120000E+00 2.318692047E+00
5.433460000E-01 6.162710000E+00 1.721400000E+00 2.281787296E+00
5.521340000E-01 6.178640000E+00 1.679710000E+00 2.245469397E+00
5.610650000E-01 6.193440000E+00 1.639030000E+00 2.209726146E+00
5.701390000E-01 6.207170000E+00 1.599330000E+00 2.174557432E+00
5.793610000E-01 6.219920000E+00 1.560600000E+00 2.139943835E+00
5.887320000E-01 6.231740000E+00 1.522810000E+00 2.105881793E+00
5.982540000E-01 6.242710000E+00 1.485930000E+00 2.072363912E+00
6.079300000E-01 6.252870000E+00 1.449940000E+00 2.039379534E+00
6.177630000E-01 6.262270000E+00 1.414830000E+00 2.006918511E+00
6.277550000E-01 6.270970000E+00 1.380560000E+00 1.974974313E+00
6.379080000E-01 6.279000000E+00 1.347130000E+00 1.943540448E+00
6.482260000E-01 6.286390000E+00 1.314500000E+00 1.912604555E+00
6.587110000E-01 6.293120000E+00 1.282670000E+00 1.882160765E+00
6.693650000E-01 6.299010000E+00 1.251600000E+00 1.852203208E+00
6.801910000E-01 6.304060000E+00 1.222490000E+00 1.822723323E+00
6.911930000E-01 6.309720000E+00 1.195230000E+00 1.793710295E+00
7.023720000E-01 6.318220000E+00 1.168970000E+00 1.765161481E+00
7.137330000E-01 6.327830000E+00 1.139580000E+00 1.737064140E+00
7.252770000E-01 6.334490000E+00 1.108440000E+00 1.709415851E+00
7.370080000E-01 6.339330000E+00 1.078160000E+00 1.682206977E+00
7.489280000E-01 6.343060000E+00 1.048710000E+00 1.655432832E+00
7.610420000E-01 6.345940000E+00 1.020060000E+00 1.629082232E+00
7.733510000E-01 6.348130000E+00 9.921820000E-01 1.603153031E+00
7.858590000E-01 6.349730000E+00 9.650460000E-01 1.577636701E+00
7.985700000E-01 6.350800000E+00 9.386350000E-01 1.552525139E+00
8.114860000E-01 6.351400000E+00 9.129390000E-01 1.527814405E+00
8.246110000E-01 6.351600000E+00 8.879540000E-01 1.503496800E+00
8.379490000E-01 6.351480000E+00 8.636610000E-01 1.479564985E+00
8.515020000E-01 6.351110000E+00 8.399230000E-01 1.456015370E+00
8.652740000E-01 6.350420000E+00 8.167140000E-01 1.432840927E+00
8.792690000E-01 6.349340000E+00 7.940410000E-01 1.410034927E+00
8.934910000E-01 6.347930000E+00 7.720060000E-01 1.387590921E+00
9.079430000E-01 6.346280000E+00 7.505840000E-01 1.365504222E+00
9.226280000E-01 6.344450000E+00 7.297610000E-01 1.343770187E+00
9.375510000E-01 6.342440000E+00 7.093580000E-01 1.322381396E+00
9.527150000E-01 6.340160000E+00 6.895000000E-01 1.301333557E+00
9.681240000E-01 6.337680000E+00 6.701770000E-01 1.280621077E+00
9.837830000E-01 6.335030000E+00 6.513780000E-01 1.260237268E+00
9.996950000E-01 6.332220000E+00 6.331160000E-01 1.240178254E+00
1.015860000E+00 6.329300000E+00 6.153770000E-01 1.220443762E+00
1.032290000E+00 6.326430000E+00 5.981940000E-01 1.201019093E+00
1.048990000E+00 6.323620000E+00 5.812260000E-01 1.181898779E+00
1.065960000E+00 6.320480000E+00 5.644590000E-01 1.163083043E+00
1.083200000E+00 6.317100000E+00 5.481980000E-01 1.144571640E+00
1.100720000E+00 6.313590000E+00 5.323910000E-01 1.126353659E+00
1.118520000E+00 6.309960000E+00 5.170200000E-01 1.108428995E+00
1.136610000E+00 6.306220000E+00 5.021160000E-01 1.090787517E+00
1.155000000E+00 6.302420000E+00 4.876400000E-01 1.073419913E+00
1.173680000E+00 6.298570000E+00 4.735790000E-01 1.056335628E+00
1.192660000E+00 6.294690000E+00 4.599330000E-01 1.039525095E+00
1.211950000E+00 6.290810000E+00 4.466750000E-01 1.022979496E+00
1.231550000E+00 6.286940000E+00 4.337940000E-01 1.006698875E+00
1.251470000E+00 6.283130000E+00 4.211750000E-01 9.906749662E-01
1.271720000E+00 6.279310000E+00 4.088040000E-01 9.749001352E-01
1.292290000E+00 6.275340000E+00 3.966520000E-01 9.593821820E-01
1.313190000E+00 6.271270000E+00 3.848720000E-01 9.441131900E-01
1.334430000E+00 6.267160000E+00 3.734390000E-01 9.290858269E-01
1.356010000E+00 6.263020000E+00 3.623420000E-01 9.143000420E-01
1.377940000E+00 6.258860000E+00 3.515780000E-01 8.997489005E-01
1.400230000E+00 6.254690000E+00 3.411320000E-01 8.854259657E-01
1.422880000E+00 6.250540000E+00 3.309940000E-01 8.713313842E-01
1.445890000E+00 6.246400000E+00 3.211590000E-01 8.574649524E-01
1.469280000E+00 6.242300000E+00 3.116050000E-01 8.438146575E-01
1.493040000E+00 6.238220000E+00 3.023160000E-01 8.303863259E-01
1.517190000E+00 6.234180000E+00 2.932300000E-01 8.171685814E-01
1.541730000E+00 6.230100000E+00 2.844070000E-01 8.041615588E-01
1.566670000E+00 6.226040000E+00 2.758470000E-01 7.913600184E-01
1.592010000E+00 6.222000000E+00 2.675450000E-01 7.787639525E-01
1.617760000E+00 6.217980000E+00 2.594930000E-01 7.663683117E-01
1.643920000E+00 6.214000000E+00 2.516840000E-01 7.541729525E-01
1.670510000E+00 6.210050000E+00 2.441100000E-01 7.421685593E-01
1.697530000E+00 6.206160000E+00 2.367640000E-01 7.303552809E-01
1.724990000E+00 6.202330000E+00 2.296420000E-01 7.187288042E-01
1.752890000E+00 6.198570000E+00 2.226650000E-01 7.072891054E-01
1.781240000E+00 6.194800000E+00 2.158770000E-01 6.960319777E-01
1.810050000E+00 6.191060000E+00 2.092790000E-01 6.849534543E-01
1.839320000E+00 6.187340000E+00 2.028840000E-01 6.740534545E-01
1.869070000E+00 6.183660000E+00 1.966850000E-01 6.633245411E-01
1.899300000E+00 6.180030000E+00 1.906760000E-01 6.527668088E-01
1.930020000E+00 6.176430000E+00 1.848500000E-01 6.423767629E-01
1.961240000E+00 6.172880000E+00 1.792020000E-01 6.321510881E-01
1.992960000E+00 6.169380000E+00 1.737260000E-01 6.220897559E-01
2.025200000E+00 6.165940000E+00 1.684740000E-01 6.121864507E-01
2.057950000E+00 6.162610000E+00 1.632920000E-01 6.024441799E-01
2.091240000E+00 6.159280000E+00 1.582630000E-01 5.928540005E-01
2.125060000E+00 6.156000000E+00 1.533840000E-01 5.834188211E-01
2.159430000E+00 6.152760000E+00 1.486480000E-01 5.741329888E-01
2.194360000E+00 6.149570000E+00 1.440530000E-01 5.649938934E-01
2.229850000E+00 6.146430000E+00 1.395930000E-01 5.560015248E-01
2.265920000E+00 6.143340000E+00 1.352670000E-01 5.471508262E-01
2.302570000E+00 6.140280000E+00 1.310690000E-01 5.384418280E-01
2.339810000E+00 6.137290000E+00 1.269980000E-01 5.298720836E-01
2.377660000E+00 6.134330000E+00 1.230420000E-01 5.214370431E-01
2.416110000E+00 6.131430000E+00 1.192100000E-01 5.131388885E-01
2.455190000E+00 6.128570000E+00 1.154920000E-01 5.049711020E-01
2.494900000E+00 6.125760000E+00 1.118820000E-01 4.969337448E-01
2.535260000E+00 6.123000000E+00 1.083830000E-01 4.890228221E-01
2.576260000E+00 6.120280000E+00 1.049900000E-01 4.812402475E-01
2.617930000E+00 6.117620000E+00 1.016940000E-01 4.735802714E-01
2.660270000E+00 6.115000000E+00 9.850420000E-02 4.660429205E-01
2.703300000E+00 6.112430000E+00 9.540280000E-02 4.586246440E-01
2.747030000E+00 6.109900000E+00 9.239710000E-02 4.513237933E-01
2.791460000E+00 6.107420000E+00 8.948320000E-02 4.441403423E-01
2.836610000E+00 6.104980000E+00 8.666170000E-02 4.370710108E-01
2.882490000E+00 6.102590000E+00 8.391480000E-02 4.301142415E-01
2.929110000E+00 6.100240000E+00 8.125990000E-02 4.232685014E-01
2.976480000E+00 6.097940000E+00 7.868210000E-02 4.165322797E-01
3.024630000E+00 6.095690000E+00 7.618250000E-02 4.099013764E-01
3.073550000E+00 6.093470000E+00 7.375840000E-02 4.033772023E-01
3.123260000E+00 6.091300000E+00 7.140800000E-02 3.969570257E-01
3.173780000E+00 6.089170000E+00 6.912880000E-02 3.906382925E-01
3.225110000E+00 6.087080000E+00 6.691940000E-02 3.844209965E-01
3.277270000E+00 6.085030000E+00 6.477670000E-02 3.783026727E-01
3.330280000E+00 6.083020000E+00 6.269910000E-02 3.722810094E-01
3.384150000E+00 6.081050000E+00 6.068530000E-02 3.663549193E-01
3.438880000E+00 6.079120000E+00 5.873270000E-02 3.605243568E-01
3.494500000E+00 6.077230000E+00 5.683960000E-02 3.547860924E-01
3.551020000E+00 6.075380000E+00 5.500420000E-02 3.491391206E-01
3.608460000E+00 6.073570000E+00 5.322440000E-02 3.435814724E-01
3.666820000E+00 6.071790000E+00 5.149970000E-02 3.381131335E-01
3.726130000E+00 6.070050000E+00 4.982780000E-02 3.327312788E-01
3.786400000E+00 6.068340000E+00 4.820710000E-02 3.274350306E-01
3.847640000E+00 6.066670000E+00 4.663520000E-02 3.222234928E-01
3.909870000E+00 6.065040000E+00 4.511270000E-02 3.170949418E-01
3.973110000E+00 6.063430000E+00 4.363670000E-02 3.120477409E-01
4.037380000E+00 6.061860000E+00 4.222120000E-02 3.070803343E-01
4.102680000E+00 6.060330000E+00 4.083510000E-02 3.021927131E-01
4.169030000E+00 6.058830000E+00 3.949190000E-02 2.973833242E-01
4.236460000E+00 6.057360000E+00 3.819210000E-02 2.926499955E-01
4.304980000E+00 6.055920000E+00 3.693240000E-02 2.879920464E-01
4.374620000E+00 6.054510000E+00 3.571300000E-02 2.834074731E-01
4.445370000E+00 6.053130000E+00 3.453290000E-02 2.788969197E-01
4.517270000E+00 6.051780000E+00 3.338960000E-02 2.744578031E-01
4.590330000E+00 6.050460000E+00 3.228250000E-02 2.700895143E-01
4.664580000E+00 6.049170000E+00 3.121000000E-02 2.657902748E-01
4.740030000E+00 6.047910000E+00 3.017230000E-02 2.615595260E-01
4.816690000E+00 6.046670000E+00 2.916780000E-02 2.573966770E-01
4.894600000E+00 6.045470000E+00 2.819530000E-02 2.532995546E-01
4.973770000E+00 6.044290000E+00 2.725390000E-02 2.492676581E-01
5.054210000E+00 6.043130000E+00 2.634280000E-02 2.453004525E-01
5.135960000E+00 6.042000000E+00 2.546060000E-02 2.413959610E-01
5.219030000E+00 6.040900000E+00 2.460740000E-02 2.375537217E-01
5.303440000E+00 6.039830000E+00 2.378100000E-02 2.337727965E-01
5.389220000E+00 6.038770000E+00 2.298090000E-02 2.300518442E-01
5.476390000E+00 6.037740000E+00 2.220630000E-02 2.263900124E-01
5.564970000E+00 6.036740000E+00 2.145690000E-02 2.227864661E-01
5.654980000E+00 6.035760000E+00 2.073290000E-02 2.192403863E-01
5.746440000E+00 6.034800000E+00 2.003140000E-02 2.157509693E-01
5.839390000E+00 6.033860000E+00 1.935220000E-02 2.123166975E-01
5.933830000E+00 6.032950000E+00 1.869480000E-02 2.089375665E-01
6.029810000E+00 6.032050000E+00 1.805950000E-02 2.056117854E-01
6.127330000E+00 6.031180000E+00 1.744530000E-02 2.023393550E-01
6.226440000E+00 6.030330000E+00 1.685010000E-02 1.991185975E-01
6.327150000E+00 6.029500000E+00 1.627460000E-02 1.959492030E-01
6.429480000E+00 6.028690000E+00 1.571800000E-02 1.928305244E-01
6.533480000E+00 6.027890000E+00 1.517950000E-02 1.897610462E-01
6.639150000E+00 6.027120000E+00 1.465870000E-02 1.867407725E-01
6.746540000E+00 6.026370000E+00 1.415490000E-02 1.837682723E-01
6.855650000E+00 6.025630000E+00 1.366780000E-02 1.808435378E-01
6.966540000E+00 6.024910000E+00 1.319660000E-02 1.779649582E-01
7.079220000E+00 6.024210000E+00 1.274070000E-02 1.751322886E-01
7.193720000E+00 6.023520000E+00 1.230000000E-02 1.723447674E-01
7.310070000E+00 6.022850000E+00 1.187380000E-02 1.696016591E-01
7.428310000E+00 6.022200000E+00 1.146190000E-02 1.669020275E-01
7.548450000E+00 6.021560000E+00 1.106340000E-02 1.642456398E-01
7.670540000E+00 6.020940000E+00 1.067820000E-02 1.616313845E-01
7.794610000E+00 6.020340000E+00 1.030590000E-02 1.590586315E-01
7.920680000E+00 6.019750000E+00 9.945830000E-03 1.565269649E-01
8.048790000E+00 6.019170000E+00 9.597750000E-03 1.540355755E-01
8.178980000E+00 6.018610000E+00 9.261340000E-03 1.515836938E-01
8.311260000E+00 6.018060000E+00 8.936240000E-03 1.491711245E-01
8.445690000E+00 6.017530000E+00 8.621900000E-03 1.467967685E-01
8.582290000E+00 6.017000000E+00 8.318200000E-03 1.444602781E-01
8.721110000E+00 6.016500000E+00 8.024750000E-03 1.421608029E-01
8.862160000E+00 6.016000000E+00 7.741040000E-03 1.398981738E-01
9.005500000E+00 6.015520000E+00 7.466860000E-03 1.376714230E-01
9.151160000E+00 6.015050000E+00 7.202040000E-03 1.354800921E-01
9.299170000E+00 6.014590000E+00 6.946140000E-03 1.333237267E-01
9.449580000E+00 6.014140000E+00 6.699020000E-03 1.312015984E-01
9.602420000E+00 6.013700000E+00 6.460260000E-03 1.291132860E-01
9.757730000E+00 6.013280000E+00 6.229380000E-03 1.270582400E-01
9.915550000E+00 6.012860000E+00 6.006590000E-03 1.250359284E-01
1.007590000E+01 6.012460000E+00 5.791360000E-03 1.230460803E-01
1.023890000E+01 6.012060000E+00 5.583500000E-03 1.210872262E-01
1.040450000E+01 6.011680000E+00 5.382760000E-03 1.191599789E-01
1.057280000E+01 6.011310000E+00 5.188910000E-03 1.172631659E-01
1.074380000E+01 6.010940000E+00 5.001730000E-03 1.153967870E-01
1.091760000E+01 6.010590000E+00 4.821010000E-03 1.135597567E-01
1.109420000E+01 6.010240000E+00 4.646540000E-03 1.117520867E-01
1.127360000E+01 6.009910000E+00 4.478100000E-03 1.099737440E-01
1.145590000E+01 6.009580000E+00 4.315520000E-03 1.082237101E-01
1.164120000E+01 6.009260000E+00 4.158590000E-03 1.065010480E-01
1.182950000E+01 6.008950000E+00 4.007120000E-03 1.048057822E-01
1.202080000E+01 6.008640000E+00 3.860960000E-03 1.031378943E-01
1.221530000E+01 6.008350000E+00 3.719910000E-03 1.014956653E-01
1.241280000E+01 6.008060000E+00 3.583820000E-03 9.988076824E-02
1.261360000E+01 6.007780000E+00 3.452510000E-03 9.829073381E-02
1.281760000E+01 6.007510000E+00 3.325840000E-03 9.672637623E-02
1.302500000E+01 6.007240000E+00 3.203650000E-03 9.518618042E-02
1.323560000E+01 6.006980000E+00 3.085800000E-03 9.367161292E-02
1.344970000E+01 6.006730000E+00 2.972130000E-03 9.218049473E-02
1.366720000E+01 6.006480000E+00 2.862520000E-03 9.071353313E-02
1.388830000E+01 6.006250000E+00 2.756830000E-03 8.926938502E-02
1.411290000E+01 6.006010000E+00 2.654920000E-03 8.784870579E-02
1.434120000E+01 6.005790000E+00 2.556680000E-03 8.645022732E-02
1.457310000E+01 6.005570000E+00 2.461980000E-03 8.507455517E-02
1.480890000E+01 6.005350000E+00 2.370710000E-03 8.371992518E-02
1.504840000E+01 6.005140000E+00 2.282750000E-03 8.238749635E-02
1.529180000E+01 6.004940000E+00 2.197990000E-03 8.107613231E-02
1.553910000E+01 6.004740000E+00 2.116320000E-03 7.978583058E-02
1.579040000E+01 6.004550000E+00 2.037640000E-03 7.851606039E-02
1.604580000E+01 6.004360000E+00 1.961860000E-03 7.726632514E-02
1.630540000E+01 6.004180000E+00 1.888870000E-03 7.603615980E-02
1.656910000E+01 6.004000000E+00 1.818580000E-03 7.482603159E-02
1.683710000E+01 6.003830000E+00 1.750890000E-03 7.363500840E-02
1.710940000E+01 6.003660000E+00 1.685740000E-03 7.246309046E-02
1.738610000E+01 6.003500000E+00 1.623010000E-03 7.130983947E-02
1.766740000E+01 6.003340000E+00 1.562650000E-03 7.017444559E-02
1.795310000E+01 6.003190000E+00 1.504550000E-03 6.905771148E-02
1.824350000E+01 6.003040000E+00 1.448660000E-03 6.795845096E-02
1.853860000E+01 6.002890000E+00 1.394890000E-03 6.687667893E-02
1.883840000E+01 6.002750000E+00 1.343170000E-03 6.581238322E-02
1.914310000E+01 6.002610000E+00 1.293430000E-03 6.476485000E-02
1.945270000E+01 6.002480000E+00 1.245610000E-03 6.373408319E-02
1.976740000E+01 6.002350000E+00 1.199640000E-03 6.271942694E-02
2.008710000E+01 6.002220000E+00 1.162950000E-03 6.172120416E-02
2.041200000E+01 6.002110000E+00 1.118180000E-03 6.073878111E-02
2.074210000E+01 6.001990000E+00 1.075190000E-03 5.977215422E-02
2.107760000E+01 6.001870000E+00 1.033910000E-03 5.882073860E-02
2.141850000E+01 6.001760000E+00 9.942680000E-04 5.788453907E-02
2.176500000E+01 6.001650000E+00 9.561950000E-04 5.696301401E-02
2.211700000E+01 6.001540000E+00 9.196290000E-04 5.605642718E-02
2.247470000E+01 6.001440000E+00 8.845080000E-04 5.516425136E-02
2.283820000E+01 6.001340000E+00 8.507710000E-04 5.428623972E-02
2.320760000E+01 6.001240000E+00 8.183640000E-04 5.342215481E-02
2.358300000E+01 6.001150000E+00 7.872300000E-04 5.257176780E-02
2.396440000E+01 6.001050000E+00 7.573200000E-04 5.173507369E-02
2.435200000E+01 6.000960000E+00 7.285820000E-04 5.091162943E-02
2.474590000E+01 6.000880000E+00 7.009710000E-04 5.010122889E-02
2.514620000E+01 6.000790000E+00 6.744380000E-04 4.930367213E-02
2.555290000E+01 6.000710000E+00 6.489420000E-04 4.851895480E-02
2.596620000E+01 6.000630000E+00 6.244390000E-04 4.774668608E-02
2.638610000E+01 6.000550000E+00 6.008900000E-04 4.698686051E-02
2.681290000E+01 6.000480000E+00 5.782570000E-04 4.623893723E-02
2.724660000E+01 6.000400000E+00 5.565010000E-04 4.550292514E-02
2.768730000E+01 6.000330000E+00 5.355900000E-04 4.477865303E-02
2.813510000E+01 6.000260000E+00 5.154870000E-04 4.406595320E-02
2.859020000E+01 6.000200000E+00 4.961610000E-04 4.336450952E-02
2.905260000E+01 6.000130000E+00 4.775810000E-04 4.267432175E-02
2.952250000E+01 6.000070000E+00 4.597160000E-04 4.199508849E-02
3.000000000E+01 6.000000000E+00 4.425400000E-04 4.132666667E-02
