# Data retrieved from henke.lbl.gov/optical_constants 03/01/2021
# Element, Ca  (Z = 20) 
# Atomic weight*, g mol-1 = 40.08 
# Nominal density*, g cm-3 =  0 
# Relativistic correction estimate f_rel(5CL)*,  e atom-1 =  0 
# Nuclear Thomson correction f_NT*, e atom-1 =  0 
#    E [keV]      f1 [e atom-1]      f2 [e atom-1]    Wavelength [nm] 
1.000000000E-02 -9.999000000E+03 4.280470000E-02 1.239800000E+02
1.016170000E-02 -9.999000000E+03 4.526900000E-02 1.220071445E+02
1.032610000E-02 -9.999000000E+03 4.787500000E-02 1.200646904E+02
1.049310000E-02 -9.999000000E+03 5.063110000E-02 1.181538344E+02
1.066280000E-02 -9.999000000E+03 5.354590000E-02 1.162733991E+02
1.083530000E-02 -9.999000000E+03 5.662840000E-02 1.144223049E+02
1.101060000E-02 -9.999000000E+03 5.988850000E-02 1.126005849E+02
1.118860000E-02 -9.999000000E+03 6.333620000E-02 1.108092165E+02
1.136960000E-02 -9.999000000E+03 6.634120000E-02 1.090451731E+02
1.155350000E-02 -9.999000000E+03 6.922220000E-02 1.073094733E+02
1.174040000E-02 -9.999000000E+03 7.222840000E-02 1.056011720E+02
1.193030000E-02 -9.999000000E+03 7.536520000E-02 1.039202702E+02
1.212320000E-02 -9.999000000E+03 7.863810000E-02 1.022667283E+02
1.231930000E-02 -9.999000000E+03 8.129050000E-02 1.006388350E+02
1.251860000E-02 -9.999000000E+03 8.378470000E-02 9.903663349E+01
1.272100000E-02 -9.999000000E+03 8.635550000E-02 9.746089144E+01
1.292680000E-02 -9.999000000E+03 8.900520000E-02 9.590927376E+01
1.313590000E-02 -9.999000000E+03 9.152340000E-02 9.438256990E+01
1.334830000E-02 -9.999000000E+03 9.379720000E-02 9.288074137E+01
1.356420000E-02 -9.999000000E+03 9.612750000E-02 9.140236800E+01
1.378360000E-02 -9.999000000E+03 9.851580000E-02 8.994747381E+01
1.400660000E-02 -9.999000000E+03 1.009630000E-01 8.851541416E+01
1.423310000E-02 -9.999000000E+03 1.035510000E-01 8.710681440E+01
1.446330000E-02 -9.999000000E+03 1.066820000E-01 8.572040959E+01
1.469730000E-02 -9.999000000E+03 1.099080000E-01 8.435562995E+01
1.493500000E-02 -9.999000000E+03 1.132310000E-01 8.301305658E+01
1.517650000E-02 -9.999000000E+03 1.166550000E-01 8.169208974E+01
1.542200000E-02 -9.999000000E+03 1.201780000E-01 8.039164829E+01
1.567140000E-02 -9.999000000E+03 1.233770000E-01 7.911226821E+01
1.592490000E-02 -9.999000000E+03 1.266610000E-01 7.785292215E+01
1.618250000E-02 -9.999000000E+03 1.300330000E-01 7.661362583E+01
1.644420000E-02 -9.999000000E+03 1.334930000E-01 7.539436397E+01
1.671020000E-02 -9.999000000E+03 1.370470000E-01 7.419420474E+01
1.698050000E-02 -9.999000000E+03 1.407390000E-01 7.301316216E+01
1.725510000E-02 -9.999000000E+03 1.445460000E-01 7.185122080E+01
1.753420000E-02 -9.999000000E+03 1.484560000E-01 7.070753157E+01
1.781780000E-02 -9.999000000E+03 1.524720000E-01 6.958210329E+01
1.810600000E-02 -9.999000000E+03 1.561960000E-01 6.847453883E+01
1.839890000E-02 -9.999000000E+03 1.597070000E-01 6.738446320E+01
1.869640000E-02 -9.999000000E+03 1.632970000E-01 6.631223123E+01
1.899880000E-02 -9.999000000E+03 1.669670000E-01 6.525675306E+01
1.930610000E-02 -9.999000000E+03 1.709690000E-01 6.421804507E+01
1.961840000E-02 -9.999000000E+03 1.762220000E-01 6.319577539E+01
1.993570000E-02 -9.999000000E+03 1.816360000E-01 6.218994066E+01
2.025820000E-02 -9.999000000E+03 1.872170000E-01 6.119990917E+01
2.058580000E-02 -9.999000000E+03 1.929700000E-01 6.022598102E+01
2.091880000E-02 -9.999000000E+03 1.986380000E-01 5.926726198E+01
2.125710000E-02 -9.999000000E+03 2.044190000E-01 5.832404232E+01
2.160090000E-02 -9.999000000E+03 2.103690000E-01 5.739575666E+01
2.195030000E-02 -9.999000000E+03 2.164930000E-01 5.648214375E+01
2.230530000E-02 -9.999000000E+03 2.227940000E-01 5.558320220E+01
2.266610000E-02 -9.999000000E+03 2.297650000E-01 5.469842628E+01
2.303270000E-02 -9.999000000E+03 2.369920000E-01 5.382781871E+01
2.340530000E-02 -9.999000000E+03 2.444460000E-01 5.297090830E+01
2.378380000E-02 -9.999000000E+03 2.521340000E-01 5.212791900E+01
2.416850000E-02 -9.999000000E+03 2.600640000E-01 5.129817738E+01
2.455940000E-02 -9.999000000E+03 2.701300000E-01 5.048168929E+01
2.495660000E-02 -9.999000000E+03 2.817110000E-01 4.967824143E+01
2.536030000E-02 -9.999000000E+03 2.937880000E-01 4.888743430E+01
2.577050000E-02 -9.999000000E+03 3.063830000E-01 4.810927223E+01
2.618730000E-02 -9.999000000E+03 3.195190000E-01 4.734355966E+01
2.661090000E-02 -9.999000000E+03 3.318780000E-01 4.658993119E+01
2.704130000E-02 -9.999000000E+03 3.445580000E-01 4.584838747E+01
2.747860000E-02 -9.999000000E+03 3.700250000E-01 4.511874695E+01
2.792310000E-02 -9.999000000E+03 4.139900000E-01 4.440051427E+01
2.837470000E-02 -9.999000000E+03 4.822450000E-01 4.369385403E+01
2.883370000E-02 -9.999000000E+03 5.763400000E-01 4.299829713E+01
2.930000000E-02 -9.819850000E+00 7.954760000E-01 4.231399317E+01
2.977390000E-02 -1.309430000E+01 1.151370000E+00 4.164049721E+01
3.025550000E-02 -1.946720000E+01 9.480020000E+00 4.097767348E+01
3.074490000E-02 -1.615360000E+01 1.368320000E+01 4.032538730E+01
3.124210000E-02 -1.329390000E+01 1.589740000E+01 3.968363202E+01
3.174750000E-02 -1.093890000E+01 1.744780000E+01 3.905189385E+01
3.226090000E-02 -9.113160000E+00 1.881800000E+01 3.843042197E+01
3.278270000E-02 -7.054170000E+00 2.016340000E+01 3.781872756E+01
3.331300000E-02 -5.096310000E+00 2.074290000E+01 3.721670219E+01
3.385180000E-02 -3.397140000E+00 2.133910000E+01 3.662434494E+01
3.439930000E-02 -1.714110000E+00 2.195240000E+01 3.604143108E+01
3.495570000E-02 1.668640000E-01 2.235490000E+01 3.546774918E+01
3.552110000E-02 1.867900000E+00 2.255400000E+01 3.490319838E+01
3.609560000E-02 3.607860000E+00 2.275490000E+01 3.434767673E+01
3.667940000E-02 5.616420000E+00 2.270440000E+01 3.380098911E+01
3.727270000E-02 7.397880000E+00 2.239770000E+01 3.326295117E+01
3.787550000E-02 9.207520000E+00 2.193030000E+01 3.273356127E+01
3.848820000E-02 1.093630000E+01 2.134390000E+01 3.221247032E+01
3.911070000E-02 1.296790000E+01 2.072720000E+01 3.169976503E+01
3.974320000E-02 1.463700000E+01 1.886020000E+01 3.119527366E+01
4.038610000E-02 1.559850000E+01 1.716130000E+01 3.069868098E+01
4.103930000E-02 1.621900000E+01 1.561550000E+01 3.021006694E+01
4.170310000E-02 1.662400000E+01 1.420890000E+01 2.972920478E+01
4.237760000E-02 1.688470000E+01 1.292900000E+01 2.925602205E+01
4.306300000E-02 1.706280000E+01 1.176440000E+01 2.879037689E+01
4.375950000E-02 1.715840000E+01 1.059880000E+01 2.833213359E+01
4.446730000E-02 1.710640000E+01 9.520740000E+00 2.788116211E+01
4.518650000E-02 1.697040000E+01 8.552400000E+00 2.743739834E+01
4.591740000E-02 1.678030000E+01 7.682530000E+00 2.700065770E+01
4.666000000E-02 1.655390000E+01 6.901150000E+00 2.657093871E+01
4.741470000E-02 1.630460000E+01 6.199220000E+00 2.614800895E+01
4.818160000E-02 1.604290000E+01 5.568700000E+00 2.573181463E+01
4.896090000E-02 1.577890000E+01 5.002320000E+00 2.532224694E+01
4.975280000E-02 1.553600000E+01 4.493520000E+00 2.491920053E+01
5.055760000E-02 1.537200000E+01 3.955610000E+00 2.452252480E+01
5.137530000E-02 1.507860000E+01 3.389870000E+00 2.413221918E+01
5.220620000E-02 1.472420000E+01 2.905050000E+00 2.374813719E+01
5.305060000E-02 1.435560000E+01 2.489570000E+00 2.337014096E+01
5.390870000E-02 1.398770000E+01 2.133100000E+00 2.299814316E+01
5.478060000E-02 1.361940000E+01 1.817720000E+00 2.263209968E+01
5.566670000E-02 1.325320000E+01 1.548960000E+00 2.227184295E+01
5.656700000E-02 1.289280000E+01 1.319940000E+00 2.191737232E+01
5.748200000E-02 1.253650000E+01 1.124780000E+00 2.156849101E+01
5.841170000E-02 1.218580000E+01 9.797920000E-01 2.122519975E+01
5.935640000E-02 1.186640000E+01 8.643750000E-01 2.088738535E+01
6.031650000E-02 1.155950000E+01 7.625490000E-01 2.055490620E+01
6.129210000E-02 1.124400000E+01 6.883840000E-01 2.022772919E+01
6.228340000E-02 1.096120000E+01 6.513900000E-01 1.990578549E+01
6.329080000E-02 1.069000000E+01 6.259210000E-01 1.958894500E+01
6.431450000E-02 1.043910000E+01 6.220060000E-01 1.927714590E+01
6.535470000E-02 1.021030000E+01 6.320670000E-01 1.897032654E+01
6.641180000E-02 9.987440000E+00 6.462030000E-01 1.866836918E+01
6.748590000E-02 9.782720000E+00 6.896840000E-01 1.837124496E+01
6.857750000E-02 9.596730000E+00 7.360890000E-01 1.807881594E+01
6.968670000E-02 9.427210000E+00 7.973500000E-01 1.779105626E+01
7.081380000E-02 9.279100000E+00 8.650220000E-01 1.750788688E+01
7.195910000E-02 9.156840000E+00 9.350190000E-01 1.722923161E+01
7.312300000E-02 9.043950000E+00 9.920430000E-01 1.695499364E+01
7.430570000E-02 8.936870000E+00 1.052550000E+00 1.668512644E+01
7.550760000E-02 8.840420000E+00 1.116740000E+00 1.641953923E+01
7.672890000E-02 8.760730000E+00 1.177820000E+00 1.615818811E+01
7.796990000E-02 8.681870000E+00 1.233440000E+00 1.590100795E+01
7.923100000E-02 8.606370000E+00 1.291680000E+00 1.564791559E+01
8.051250000E-02 8.536980000E+00 1.352680000E+00 1.539885111E+01
8.181470000E-02 8.474540000E+00 1.416550000E+00 1.515375599E+01
8.313800000E-02 8.421350000E+00 1.483450000E+00 1.491255503E+01
8.448270000E-02 8.382430000E+00 1.545870000E+00 1.467519386E+01
8.584910000E-02 8.342650000E+00 1.602730000E+00 1.444161907E+01
8.723770000E-02 8.304630000E+00 1.661670000E+00 1.421174561E+01
8.864870000E-02 8.271330000E+00 1.722780000E+00 1.398554068E+01
9.008250000E-02 8.243740000E+00 1.786140000E+00 1.376293953E+01
9.153950000E-02 8.223300000E+00 1.851830000E+00 1.354387996E+01
9.302010000E-02 8.212780000E+00 1.919940000E+00 1.332830216E+01
9.452460000E-02 8.222060000E+00 1.985140000E+00 1.311616235E+01
9.605350000E-02 8.229310000E+00 2.025110000E+00 1.290739015E+01
9.760710000E-02 8.231480000E+00 2.065880000E+00 1.270194484E+01
9.918580000E-02 8.232510000E+00 2.107480000E+00 1.249977315E+01
1.007900000E-01 8.235080000E+00 2.149910000E+00 1.230082349E+01
1.024200000E-01 8.240440000E+00 2.193200000E+00 1.210505761E+01
1.040770000E-01 8.250970000E+00 2.237360000E+00 1.191233414E+01
1.057600000E-01 8.269370000E+00 2.274780000E+00 1.172276853E+01
1.074710000E-01 8.284380000E+00 2.306970000E+00 1.153613533E+01
1.092090000E-01 8.298160000E+00 2.339600000E+00 1.135254420E+01
1.109750000E-01 8.313450000E+00 2.372700000E+00 1.117188556E+01
1.127700000E-01 8.331240000E+00 2.406270000E+00 1.099405870E+01
1.145940000E-01 8.353590000E+00 2.440320000E+00 1.081906557E+01
1.164480000E-01 8.389160000E+00 2.472860000E+00 1.064681231E+01
1.183310000E-01 8.420910000E+00 2.482650000E+00 1.047738970E+01
1.202450000E-01 8.443600000E+00 2.492460000E+00 1.031061583E+01
1.221900000E-01 8.462050000E+00 2.502320000E+00 1.014649317E+01
1.241660000E-01 8.476820000E+00 2.512220000E+00 9.985020054E+00
1.261750000E-01 8.484990000E+00 2.525700000E+00 9.826035268E+00
1.282150000E-01 8.497350000E+00 2.546380000E+00 9.669695433E+00
1.302890000E-01 8.512620000E+00 2.567230000E+00 9.515768791E+00
1.323970000E-01 8.529850000E+00 2.588250000E+00 9.364260519E+00
1.345380000E-01 8.548910000E+00 2.609450000E+00 9.215240304E+00
1.367140000E-01 8.569950000E+00 2.630810000E+00 9.068566496E+00
1.389250000E-01 8.593400000E+00 2.652350000E+00 8.924239698E+00
1.411720000E-01 8.619940000E+00 2.674070000E+00 8.782194770E+00
1.434560000E-01 8.651600000E+00 2.695970000E+00 8.642371180E+00
1.457760000E-01 8.698550000E+00 2.709080000E+00 8.504829327E+00
1.481340000E-01 8.735430000E+00 2.707340000E+00 8.369449282E+00
1.505300000E-01 8.764720000E+00 2.705610000E+00 8.236231980E+00
1.529640000E-01 8.791760000E+00 2.703870000E+00 8.105175074E+00
1.554390000E-01 8.817430000E+00 2.702140000E+00 7.976119249E+00
1.579530000E-01 8.842500000E+00 2.700410000E+00 7.849170323E+00
1.605070000E-01 8.867790000E+00 2.698680000E+00 7.724273708E+00
1.631030000E-01 8.894430000E+00 2.696950000E+00 7.601331674E+00
1.657420000E-01 8.924900000E+00 2.695230000E+00 7.480300708E+00
1.684220000E-01 8.969450000E+00 2.687140000E+00 7.361271093E+00
1.711460000E-01 9.001820000E+00 2.652860000E+00 7.244107370E+00
1.739150000E-01 9.022070000E+00 2.619010000E+00 7.128769801E+00
1.767270000E-01 9.034180000E+00 2.585600000E+00 7.015340044E+00
1.795860000E-01 9.040430000E+00 2.552610000E+00 6.903656187E+00
1.824910000E-01 9.041350000E+00 2.520040000E+00 6.793759692E+00
1.854420000E-01 9.037030000E+00 2.488600000E+00 6.685648343E+00
1.884420000E-01 9.029240000E+00 2.458540000E+00 6.579212702E+00
1.914890000E-01 9.017790000E+00 2.428850000E+00 6.474523341E+00
1.945870000E-01 9.002470000E+00 2.399510000E+00 6.371443108E+00
1.977340000E-01 8.983140000E+00 2.370520000E+00 6.270039548E+00
2.009320000E-01 8.959560000E+00 2.341890000E+00 6.170246651E+00
2.041820000E-01 8.931270000E+00 2.313600000E+00 6.072033774E+00
2.074850000E-01 8.895810000E+00 2.285660000E+00 5.975371714E+00
2.108400000E-01 8.855180000E+00 2.265020000E+00 5.880288370E+00
2.142510000E-01 8.815200000E+00 2.247610000E+00 5.786670774E+00
2.177160000E-01 8.773820000E+00 2.230330000E+00 5.694574583E+00
2.212370000E-01 8.729990000E+00 2.213180000E+00 5.603945091E+00
2.248160000E-01 8.683360000E+00 2.196160000E+00 5.514732048E+00
2.284520000E-01 8.634040000E+00 2.179280000E+00 5.426960587E+00
2.321470000E-01 8.584100000E+00 2.162530000E+00 5.340581614E+00
2.359020000E-01 8.528270000E+00 2.136390000E+00 5.255572229E+00
2.397170000E-01 8.463480000E+00 2.110170000E+00 5.171931903E+00
2.435950000E-01 8.390380000E+00 2.084270000E+00 5.089595435E+00
2.475350000E-01 8.309870000E+00 2.058690000E+00 5.008584645E+00
2.515380000E-01 8.224850000E+00 2.033430000E+00 4.928877545E+00
2.556070000E-01 8.130390000E+00 1.999070000E+00 4.850414895E+00
2.597410000E-01 8.019180000E+00 1.962410000E+00 4.773216396E+00
2.639420000E-01 7.892290000E+00 1.926420000E+00 4.697244092E+00
2.682110000E-01 7.748780000E+00 1.891100000E+00 4.622480062E+00
2.725490000E-01 7.584460000E+00 1.856420000E+00 4.548906802E+00
2.769570000E-01 7.403140000E+00 1.833400000E+00 4.476507183E+00
2.814370000E-01 7.205570000E+00 1.811330000E+00 4.405248777E+00
2.859890000E-01 6.987450000E+00 1.789530000E+00 4.335131771E+00
2.906150000E-01 6.743260000E+00 1.767990000E+00 4.266125286E+00
2.953150000E-01 6.467350000E+00 1.746700000E+00 4.198229010E+00
3.000920000E-01 6.152390000E+00 1.725650000E+00 4.131399704E+00
3.049450000E-01 5.788470000E+00 1.704850000E+00 4.065651183E+00
3.098780000E-01 5.361650000E+00 1.684300000E+00 4.000929398E+00
3.148900000E-01 4.850040000E+00 1.664270000E+00 3.937247928E+00
3.199830000E-01 4.224420000E+00 1.647610000E+00 3.874580837E+00
3.251580000E-01 3.431160000E+00 1.631110000E+00 3.812915567E+00
3.304180000E-01 2.365770000E+00 1.614770000E+00 3.752216889E+00
3.357620000E-01 7.885830000E-01 1.598600000E+00 3.692496471E+00
3.411920000E-01 -2.110540000E+00 1.582590000E+00 3.633731154E+00
3.461000000E-01 -1.833460000E+01 1.568480000E+00 3.582201676E+00
3.463000000E-01 -1.831670000E+01 1.477780000E+01 3.580132833E+00
3.467110000E-01 -1.142940000E+01 1.476300000E+01 3.575888853E+00
3.523190000E-01 -7.493940000E-01 1.456440000E+01 3.518970024E+00
3.580170000E-01 2.184370000E+00 1.436850000E+01 3.462964049E+00
3.638080000E-01 3.991940000E+00 1.417520000E+01 3.407841499E+00
3.696920000E-01 5.308820000E+00 1.398450000E+01 3.353602458E+00
3.756720000E-01 6.343550000E+00 1.379630000E+01 3.300219340E+00
3.817480000E-01 7.189180000E+00 1.361070000E+01 3.247692195E+00
3.879220000E-01 7.886860000E+00 1.343100000E+01 3.196003320E+00
3.941970000E-01 8.451860000E+00 1.326140000E+01 3.145127944E+00
4.005730000E-01 8.930360000E+00 1.320060000E+01 3.095066318E+00
4.070520000E-01 9.410200000E+00 1.318240000E+01 3.045802502E+00
4.136350000E-01 9.896720000E+00 1.316430000E+01 2.997328563E+00
4.203260000E-01 1.037300000E+01 1.314630000E+01 2.949615299E+00
4.271240000E-01 1.084360000E+01 1.312830000E+01 2.902669951E+00
4.340320000E-01 1.131480000E+01 1.311030000E+01 2.856471412E+00
4.410520000E-01 1.179850000E+01 1.309210000E+01 2.811006412E+00
4.481860000E-01 1.233880000E+01 1.305470000E+01 2.766262221E+00
4.554350000E-01 1.286900000E+01 1.292090000E+01 2.722232591E+00
4.628020000E-01 1.336600000E+01 1.272140000E+01 2.678899400E+00
4.702870000E-01 1.378860000E+01 1.248940000E+01 2.636262538E+00
4.778940000E-01 1.416300000E+01 1.226160000E+01 2.594299154E+00
4.856230000E-01 1.450410000E+01 1.203820000E+01 2.553009227E+00
4.934780000E-01 1.481920000E+01 1.181890000E+01 2.512371372E+00
5.014590000E-01 1.511240000E+01 1.160340000E+01 2.472385579E+00
5.095700000E-01 1.538690000E+01 1.139180000E+01 2.433031772E+00
5.178120000E-01 1.564640000E+01 1.118370000E+01 2.394305269E+00
5.261870000E-01 1.589150000E+01 1.097800000E+01 2.356196561E+00
5.346980000E-01 1.612360000E+01 1.077340000E+01 2.318692047E+00
5.433460000E-01 1.634260000E+01 1.057150000E+01 2.281787296E+00
5.521340000E-01 1.655390000E+01 1.037330000E+01 2.245469397E+00
5.610650000E-01 1.675520000E+01 1.016920000E+01 2.209726146E+00
5.701390000E-01 1.693760000E+01 9.965000000E+00 2.174557432E+00
5.793610000E-01 1.710800000E+01 9.768240000E+00 2.139943835E+00
5.887320000E-01 1.726950000E+01 9.576510000E+00 2.105881793E+00
5.982540000E-01 1.742320000E+01 9.389270000E+00 2.072363912E+00
6.079300000E-01 1.757050000E+01 9.205880000E+00 2.039379534E+00
6.177630000E-01 1.771200000E+01 9.026110000E+00 2.006918511E+00
6.277550000E-01 1.785300000E+01 8.849230000E+00 1.974974313E+00
6.379080000E-01 1.798950000E+01 8.668000000E+00 1.943540448E+00
6.482260000E-01 1.811850000E+01 8.479070000E+00 1.912604555E+00
6.587110000E-01 1.823180000E+01 8.286870000E+00 1.882160765E+00
6.693650000E-01 1.832140000E+01 8.098900000E+00 1.852203208E+00
6.801910000E-01 1.839850000E+01 7.934320000E+00 1.822723323E+00
6.911930000E-01 1.848380000E+01 7.787570000E+00 1.793710295E+00
7.023720000E-01 1.858110000E+01 7.646230000E+00 1.765161481E+00
7.137330000E-01 1.868640000E+01 7.488810000E+00 1.737064140E+00
7.252770000E-01 1.877980000E+01 7.321970000E+00 1.709415851E+00
7.370080000E-01 1.886010000E+01 7.158850000E+00 1.682206977E+00
7.489280000E-01 1.893420000E+01 6.999560000E+00 1.655432832E+00
7.610420000E-01 1.900430000E+01 6.843840000E+00 1.629082232E+00
7.733510000E-01 1.907080000E+01 6.690390000E+00 1.603153031E+00
7.858590000E-01 1.913390000E+01 6.536890000E+00 1.577636701E+00
7.985700000E-01 1.919050000E+01 6.384070000E+00 1.552525139E+00
8.114860000E-01 1.924080000E+01 6.234840000E+00 1.527814405E+00
8.246110000E-01 1.928650000E+01 6.089110000E+00 1.503496800E+00
8.379490000E-01 1.932800000E+01 5.946780000E+00 1.479564985E+00
8.515020000E-01 1.936580000E+01 5.808230000E+00 1.456015370E+00
8.652740000E-01 1.940040000E+01 5.673370000E+00 1.432840927E+00
8.792690000E-01 1.943240000E+01 5.542070000E+00 1.410034927E+00
8.934910000E-01 1.946220000E+01 5.413830000E+00 1.387590921E+00
9.079430000E-01 1.948970000E+01 5.288540000E+00 1.365504222E+00
9.226280000E-01 1.951520000E+01 5.166130000E+00 1.343770187E+00
9.375510000E-01 1.953870000E+01 5.046190000E+00 1.322381396E+00
9.527150000E-01 1.956020000E+01 4.928950000E+00 1.301333557E+00
9.681240000E-01 1.958000000E+01 4.814350000E+00 1.280621077E+00
9.837830000E-01 1.959850000E+01 4.702360000E+00 1.260237268E+00
9.996950000E-01 1.961560000E+01 4.592640000E+00 1.240178254E+00
1.015860000E+00 1.963310000E+01 4.485130000E+00 1.220443762E+00
1.032290000E+00 1.964850000E+01 4.376660000E+00 1.201019093E+00
1.048990000E+00 1.966110000E+01 4.269940000E+00 1.181898779E+00
1.065960000E+00 1.967100000E+01 4.164930000E+00 1.163083043E+00
1.083200000E+00 1.967840000E+01 4.062520000E+00 1.144571640E+00
1.100720000E+00 1.968390000E+01 3.962620000E+00 1.126353659E+00
1.118520000E+00 1.968780000E+01 3.865150000E+00 1.108428995E+00
1.136610000E+00 1.969020000E+01 3.770110000E+00 1.090787517E+00
1.155000000E+00 1.969120000E+01 3.677430000E+00 1.073419913E+00
1.173680000E+00 1.969110000E+01 3.587070000E+00 1.056335628E+00
1.192660000E+00 1.968990000E+01 3.498870000E+00 1.039525095E+00
1.211950000E+00 1.968760000E+01 3.412820000E+00 1.022979496E+00
1.231550000E+00 1.968440000E+01 3.328870000E+00 1.006698875E+00
1.251470000E+00 1.968020000E+01 3.247040000E+00 9.906749662E-01
1.271720000E+00 1.967530000E+01 3.167250000E+00 9.749001352E-01
1.292290000E+00 1.966970000E+01 3.089420000E+00 9.593821820E-01
1.313190000E+00 1.966350000E+01 3.013510000E+00 9.441131900E-01
1.334430000E+00 1.965670000E+01 2.939460000E+00 9.290858269E-01
1.356010000E+00 1.964950000E+01 2.867230000E+00 9.143000420E-01
1.377940000E+00 1.964180000E+01 2.796770000E+00 8.997489005E-01
1.400230000E+00 1.963380000E+01 2.728020000E+00 8.854259657E-01
1.422880000E+00 1.962560000E+01 2.660950000E+00 8.713313842E-01
1.445890000E+00 1.961760000E+01 2.595550000E+00 8.574649524E-01
1.469280000E+00 1.960990000E+01 2.531140000E+00 8.438146575E-01
1.493040000E+00 1.960360000E+01 2.467390000E+00 8.303863259E-01
1.517190000E+00 1.959590000E+01 2.401260000E+00 8.171685814E-01
1.541730000E+00 1.958530000E+01 2.336380000E+00 8.041615588E-01
1.566670000E+00 1.957320000E+01 2.273270000E+00 7.913600184E-01
1.592010000E+00 1.955990000E+01 2.211800000E+00 7.787639525E-01
1.617760000E+00 1.954570000E+01 2.152030000E+00 7.663683117E-01
1.643920000E+00 1.953070000E+01 2.093970000E+00 7.541729525E-01
1.670510000E+00 1.951520000E+01 2.037400000E+00 7.421685593E-01
1.697530000E+00 1.949910000E+01 1.982330000E+00 7.303552809E-01
1.724990000E+00 1.948250000E+01 1.928700000E+00 7.187288042E-01
1.752890000E+00 1.946540000E+01 1.876220000E+00 7.072891054E-01
1.781240000E+00 1.944770000E+01 1.825080000E+00 6.960319777E-01
1.810050000E+00 1.942940000E+01 1.775270000E+00 6.849534543E-01
1.839320000E+00 1.941060000E+01 1.726800000E+00 6.740534545E-01
1.869070000E+00 1.939130000E+01 1.679640000E+00 6.633245411E-01
1.899300000E+00 1.937160000E+01 1.633770000E+00 6.527668088E-01
1.930020000E+00 1.935140000E+01 1.589150000E+00 6.423767629E-01
1.961240000E+00 1.933090000E+01 1.545760000E+00 6.321510881E-01
1.992960000E+00 1.930980000E+01 1.503540000E+00 6.220897559E-01
2.025200000E+00 1.928850000E+01 1.462860000E+00 6.121864507E-01
2.057950000E+00 1.926700000E+01 1.422850000E+00 6.024441799E-01
2.091240000E+00 1.924500000E+01 1.383930000E+00 5.928540005E-01
2.125060000E+00 1.922260000E+01 1.346080000E+00 5.834188211E-01
2.159430000E+00 1.919970000E+01 1.309260000E+00 5.741329888E-01
2.194360000E+00 1.917640000E+01 1.273450000E+00 5.649938934E-01
2.229850000E+00 1.915270000E+01 1.238630000E+00 5.560015248E-01
2.265920000E+00 1.912850000E+01 1.204780000E+00 5.471508262E-01
2.302570000E+00 1.910380000E+01 1.171880000E+00 5.384418280E-01
2.339810000E+00 1.907860000E+01 1.139880000E+00 5.298720836E-01
2.377660000E+00 1.905290000E+01 1.108780000E+00 5.214370431E-01
2.416110000E+00 1.902660000E+01 1.078550000E+00 5.131388885E-01
2.455190000E+00 1.899970000E+01 1.049170000E+00 5.049711020E-01
2.494900000E+00 1.897210000E+01 1.020600000E+00 4.969337448E-01
2.535260000E+00 1.894380000E+01 9.928540000E-01 4.890228221E-01
2.576260000E+00 1.891480000E+01 9.658820000E-01 4.812402475E-01
2.617930000E+00 1.888490000E+01 9.396780000E-01 4.735802714E-01
2.660270000E+00 1.885400000E+01 9.141990000E-01 4.660429205E-01
2.703300000E+00 1.882220000E+01 8.894670000E-01 4.586246440E-01
2.747030000E+00 1.878920000E+01 8.654310000E-01 4.513237933E-01
2.791460000E+00 1.875500000E+01 8.420650000E-01 4.441403423E-01
2.836610000E+00 1.871940000E+01 8.193910000E-01 4.370710108E-01
2.882490000E+00 1.868230000E+01 7.973400000E-01 4.301142415E-01
2.929110000E+00 1.864350000E+01 7.759350000E-01 4.232685014E-01
2.976480000E+00 1.860260000E+01 7.551290000E-01 4.165322797E-01
3.024630000E+00 1.855960000E+01 7.349310000E-01 4.099013764E-01
3.073550000E+00 1.851410000E+01 7.153170000E-01 4.033772023E-01
3.123260000E+00 1.846570000E+01 6.962800000E-01 3.969570257E-01
3.173780000E+00 1.841400000E+01 6.777760000E-01 3.906382925E-01
3.225110000E+00 1.835850000E+01 6.598010000E-01 3.844209965E-01
3.277270000E+00 1.829840000E+01 6.423680000E-01 3.783026727E-01
3.330280000E+00 1.823300000E+01 6.254220000E-01 3.722810094E-01
3.384150000E+00 1.816120000E+01 6.089770000E-01 3.663549193E-01
3.438880000E+00 1.808170000E+01 5.930030000E-01 3.605243568E-01
3.494500000E+00 1.799250000E+01 5.774870000E-01 3.547860924E-01
3.551020000E+00 1.789140000E+01 5.624520000E-01 3.491391206E-01
3.608460000E+00 1.777460000E+01 5.478250000E-01 3.435814724E-01
3.666820000E+00 1.763690000E+01 5.336430000E-01 3.381131335E-01
3.726130000E+00 1.747030000E+01 5.198790000E-01 3.327312788E-01
3.786400000E+00 1.726090000E+01 5.064910000E-01 3.274350306E-01
3.847640000E+00 1.698250000E+01 4.935160000E-01 3.222234928E-01
3.909870000E+00 1.657600000E+01 4.809350000E-01 3.170949418E-01
3.973110000E+00 1.585210000E+01 4.687050000E-01 3.120477409E-01
4.037380000E+00 1.119070000E+01 4.568020000E-01 3.070803343E-01
4.038400000E+00 8.355170000E+00 4.566160000E-01 3.070027734E-01
4.038600000E+00 8.356070000E+00 4.143010000E+00 3.069875699E-01
4.102680000E+00 1.604370000E+01 4.044110000E+00 3.021927131E-01
4.169030000E+00 1.694110000E+01 3.945710000E+00 2.973833242E-01
4.236460000E+00 1.747780000E+01 3.849250000E+00 2.926499955E-01
4.304980000E+00 1.786390000E+01 3.754550000E+00 2.879920464E-01
4.374620000E+00 1.816530000E+01 3.661680000E+00 2.834074731E-01
4.445370000E+00 1.841180000E+01 3.570610000E+00 2.788969197E-01
4.517270000E+00 1.861960000E+01 3.481330000E+00 2.744578031E-01
4.590330000E+00 1.879830000E+01 3.393880000E+00 2.700895143E-01
4.664580000E+00 1.895430000E+01 3.308180000E+00 2.657902748E-01
4.740030000E+00 1.909200000E+01 3.224260000E+00 2.615595260E-01
4.816690000E+00 1.921450000E+01 3.142110000E+00 2.573966770E-01
4.894600000E+00 1.932430000E+01 3.061690000E+00 2.532995546E-01
4.973770000E+00 1.942330000E+01 2.982980000E+00 2.492676581E-01
5.054210000E+00 1.951270000E+01 2.906010000E+00 2.453004525E-01
5.135960000E+00 1.959400000E+01 2.830710000E+00 2.413959610E-01
5.219030000E+00 1.966800000E+01 2.757100000E+00 2.375537217E-01
5.303440000E+00 1.973540000E+01 2.685090000E+00 2.337727965E-01
5.389220000E+00 1.979710000E+01 2.614720000E+00 2.300518442E-01
5.476390000E+00 1.985350000E+01 2.545970000E+00 2.263900124E-01
5.564970000E+00 1.990520000E+01 2.478780000E+00 2.227864661E-01
5.654980000E+00 1.995260000E+01 2.413160000E+00 2.192403863E-01
5.746440000E+00 1.999610000E+01 2.349070000E+00 2.157509693E-01
5.839390000E+00 2.003600000E+01 2.286510000E+00 2.123166975E-01
5.933830000E+00 2.007260000E+01 2.225390000E+00 2.089375665E-01
6.029810000E+00 2.010610000E+01 2.165730000E+00 2.056117854E-01
6.127330000E+00 2.013690000E+01 2.107520000E+00 2.023393550E-01
6.226440000E+00 2.016510000E+01 2.050700000E+00 1.991185975E-01
6.327150000E+00 2.019080000E+01 1.995270000E+00 1.959492030E-01
6.429480000E+00 2.021440000E+01 1.941240000E+00 1.928305244E-01
6.533480000E+00 2.023600000E+01 1.888470000E+00 1.897610462E-01
6.639150000E+00 2.025560000E+01 1.837030000E+00 1.867407725E-01
6.746540000E+00 2.027340000E+01 1.786860000E+00 1.837682723E-01
6.855650000E+00 2.028960000E+01 1.737940000E+00 1.808435378E-01
6.966540000E+00 2.030420000E+01 1.690290000E+00 1.779649582E-01
7.079220000E+00 2.031740000E+01 1.643790000E+00 1.751322886E-01
7.193720000E+00 2.032930000E+01 1.598500000E+00 1.723447674E-01
7.310070000E+00 2.033990000E+01 1.554330000E+00 1.696016591E-01
7.428310000E+00 2.034940000E+01 1.511340000E+00 1.669020275E-01
7.548450000E+00 2.035780000E+01 1.469420000E+00 1.642456398E-01
7.670540000E+00 2.036510000E+01 1.428570000E+00 1.616313845E-01
7.794610000E+00 2.037150000E+01 1.388810000E+00 1.590586315E-01
7.920680000E+00 2.037710000E+01 1.350080000E+00 1.565269649E-01
8.048790000E+00 2.038180000E+01 1.312320000E+00 1.540355755E-01
8.178980000E+00 2.038570000E+01 1.275560000E+00 1.515836938E-01
8.311260000E+00 2.038890000E+01 1.239810000E+00 1.491711245E-01
8.445690000E+00 2.039150000E+01 1.204980000E+00 1.467967685E-01
8.582290000E+00 2.039350000E+01 1.171030000E+00 1.444602781E-01
8.721110000E+00 2.039480000E+01 1.137970000E+00 1.421608029E-01
8.862160000E+00 2.039560000E+01 1.105810000E+00 1.398981738E-01
9.005500000E+00 2.039590000E+01 1.074580000E+00 1.376714230E-01
9.151160000E+00 2.039570000E+01 1.044090000E+00 1.354800921E-01
9.299170000E+00 2.039510000E+01 1.014430000E+00 1.333237267E-01
9.449580000E+00 2.039410000E+01 9.856220000E-01 1.312015984E-01
9.602420000E+00 2.039270000E+01 9.575330000E-01 1.291132860E-01
9.757730000E+00 2.039090000E+01 9.301810000E-01 1.270582400E-01
9.915550000E+00 2.038880000E+01 9.036400000E-01 1.250359284E-01
1.007590000E+01 2.038650000E+01 8.777810000E-01 1.230460803E-01
1.023890000E+01 2.038390000E+01 8.526240000E-01 1.210872262E-01
1.040450000E+01 2.038100000E+01 8.281510000E-01 1.191599789E-01
1.057280000E+01 2.037780000E+01 8.043440000E-01 1.172631659E-01
1.074380000E+01 2.037450000E+01 7.811880000E-01 1.153967870E-01
1.091760000E+01 2.037090000E+01 7.586650000E-01 1.135597567E-01
1.109420000E+01 2.036720000E+01 7.367600000E-01 1.117520867E-01
1.127360000E+01 2.036330000E+01 7.154550000E-01 1.099737440E-01
1.145590000E+01 2.035920000E+01 6.947370000E-01 1.082237101E-01
1.164120000E+01 2.035510000E+01 6.745890000E-01 1.065010480E-01
1.182950000E+01 2.035070000E+01 6.549960000E-01 1.048057822E-01
1.202080000E+01 2.034630000E+01 6.359450000E-01 1.031378943E-01
1.221530000E+01 2.034180000E+01 6.174210000E-01 1.014956653E-01
1.241280000E+01 2.033720000E+01 5.994100000E-01 9.988076824E-02
1.261360000E+01 2.033250000E+01 5.818980000E-01 9.829073381E-02
1.281760000E+01 2.032780000E+01 5.648740000E-01 9.672637623E-02
1.302500000E+01 2.032300000E+01 5.483220000E-01 9.518618042E-02
1.323560000E+01 2.031810000E+01 5.322310000E-01 9.367161292E-02
1.344970000E+01 2.031320000E+01 5.165890000E-01 9.218049473E-02
1.366720000E+01 2.030830000E+01 5.013830000E-01 9.071353313E-02
1.388830000E+01 2.030340000E+01 4.866020000E-01 8.926938502E-02
1.411290000E+01 2.029840000E+01 4.722350000E-01 8.784870579E-02
1.434120000E+01 2.029340000E+01 4.582690000E-01 8.645022732E-02
1.457310000E+01 2.028840000E+01 4.446940000E-01 8.507455517E-02
1.480890000E+01 2.028340000E+01 4.315010000E-01 8.371992518E-02
1.504840000E+01 2.027840000E+01 4.186770000E-01 8.238749635E-02
1.529180000E+01 2.027340000E+01 4.062140000E-01 8.107613231E-02
1.553910000E+01 2.026840000E+01 3.941010000E-01 7.978583058E-02
1.579040000E+01 2.026350000E+01 3.823290000E-01 7.851606039E-02
1.604580000E+01 2.025850000E+01 3.708880000E-01 7.726632514E-02
1.630540000E+01 2.025360000E+01 3.597690000E-01 7.603615980E-02
1.656910000E+01 2.024870000E+01 3.489630000E-01 7.482603159E-02
1.683710000E+01 2.024380000E+01 3.384620000E-01 7.363500840E-02
1.710940000E+01 2.023900000E+01 3.282580000E-01 7.246309046E-02
1.738610000E+01 2.023420000E+01 3.183410000E-01 7.130983947E-02
1.766740000E+01 2.022940000E+01 3.087050000E-01 7.017444559E-02
1.795310000E+01 2.022470000E+01 2.993400000E-01 6.905771148E-02
1.824350000E+01 2.022000000E+01 2.902400000E-01 6.795845096E-02
1.853860000E+01 2.021530000E+01 2.813980000E-01 6.687667893E-02
1.883840000E+01 2.021070000E+01 2.728060000E-01 6.581238322E-02
1.914310000E+01 2.020610000E+01 2.644560000E-01 6.476485000E-02
1.945270000E+01 2.020160000E+01 2.563430000E-01 6.373408319E-02
1.976740000E+01 2.019710000E+01 2.484600000E-01 6.271942694E-02
2.008710000E+01 2.019260000E+01 2.408660000E-01 6.172120416E-02
2.041200000E+01 2.018830000E+01 2.334260000E-01 6.073878111E-02
2.074210000E+01 2.018400000E+01 2.262050000E-01 5.977215422E-02
2.107760000E+01 2.017970000E+01 2.191960000E-01 5.882073860E-02
2.141850000E+01 2.017540000E+01 2.123940000E-01 5.788453907E-02
2.176500000E+01 2.017120000E+01 2.057920000E-01 5.696301401E-02
2.211700000E+01 2.016710000E+01 1.993860000E-01 5.605642718E-02
2.247470000E+01 2.016300000E+01 1.931710000E-01 5.516425136E-02
2.283820000E+01 2.015900000E+01 1.871390000E-01 5.428623972E-02
2.320760000E+01 2.015500000E+01 1.812880000E-01 5.342215481E-02
2.358300000E+01 2.015110000E+01 1.756110000E-01 5.257176780E-02
2.396440000E+01 2.014720000E+01 1.701040000E-01 5.173507369E-02
2.435200000E+01 2.014340000E+01 1.647610000E-01 5.091162943E-02
2.474590000E+01 2.013970000E+01 1.595800000E-01 5.010122889E-02
2.514620000E+01 2.013600000E+01 1.545530000E-01 4.930367213E-02
2.555290000E+01 2.013240000E+01 1.496790000E-01 4.851895480E-02
2.596620000E+01 2.012880000E+01 1.449510000E-01 4.774668608E-02
2.638610000E+01 2.012530000E+01 1.403660000E-01 4.698686051E-02
2.681290000E+01 2.012180000E+01 1.359200000E-01 4.623893723E-02
2.724660000E+01 2.011840000E+01 1.316090000E-01 4.550292514E-02
2.768730000E+01 2.011500000E+01 1.274290000E-01 4.477865303E-02
2.813510000E+01 2.011180000E+01 1.233760000E-01 4.406595320E-02
2.859020000E+01 2.010850000E+01 1.194470000E-01 4.336450952E-02
2.905260000E+01 2.010540000E+01 1.156380000E-01 4.267432175E-02
2.952250000E+01 2.010260000E+01 1.119450000E-01 4.199508849E-02
3.000000000E+01 2.009810000E+01 1.083650000E-01 4.132666667E-02
