# Data retrieved from henke.lbl.gov/optical_constants 03/01/2021
# Element, Ce  (Z = 58) 
# Atomic weight*, g mol-1 = 140.12 
# Nominal density*, g cm-3 =  0 
# Relativistic correction estimate f_rel(5CL)*,  e atom-1 =  0 
# Nuclear Thomson correction f_NT*, e atom-1 =  0 
#    E [keV]      f1 [e atom-1]      f2 [e atom-1]    Wavelength [nm] 
1.000000000E-02 -9.999000000E+03 1.283690000E+00 1.239800000E+02
1.016170000E-02 -9.999000000E+03 1.263890000E+00 1.220071445E+02
1.032610000E-02 -9.999000000E+03 1.244410000E+00 1.200646904E+02
1.049310000E-02 -9.999000000E+03 1.225220000E+00 1.181538344E+02
1.066280000E-02 -9.999000000E+03 1.206320000E+00 1.162733991E+02
1.083530000E-02 -9.999000000E+03 1.187720000E+00 1.144223049E+02
1.101060000E-02 -9.999000000E+03 1.169410000E+00 1.126005849E+02
1.118860000E-02 -9.999000000E+03 1.151380000E+00 1.108092165E+02
1.136960000E-02 -9.999000000E+03 1.133620000E+00 1.090451731E+02
1.155350000E-02 -9.999000000E+03 1.116140000E+00 1.073094733E+02
1.174040000E-02 -9.999000000E+03 1.098930000E+00 1.056011720E+02
1.193030000E-02 -9.999000000E+03 1.081990000E+00 1.039202702E+02
1.212320000E-02 -9.999000000E+03 1.065300000E+00 1.022667283E+02
1.231930000E-02 -9.999000000E+03 1.048880000E+00 1.006388350E+02
1.251860000E-02 -9.999000000E+03 1.032700000E+00 9.903663349E+01
1.272100000E-02 -9.999000000E+03 1.016780000E+00 9.746089144E+01
1.292680000E-02 -9.999000000E+03 1.006760000E+00 9.590927376E+01
1.313590000E-02 -9.999000000E+03 1.000380000E+00 9.438256990E+01
1.334830000E-02 -9.999000000E+03 9.940400000E-01 9.288074137E+01
1.356420000E-02 -9.999000000E+03 9.877390000E-01 9.140236800E+01
1.378360000E-02 -9.999000000E+03 9.814790000E-01 8.994747381E+01
1.400660000E-02 -9.999000000E+03 9.560070000E-01 8.851541416E+01
1.423310000E-02 -9.999000000E+03 9.262950000E-01 8.710681440E+01
1.446330000E-02 -9.999000000E+03 8.975060000E-01 8.572040959E+01
1.469730000E-02 -9.999000000E+03 8.696120000E-01 8.435562995E+01
1.493500000E-02 -9.999000000E+03 8.471750000E-01 8.301305658E+01
1.517650000E-02 -9.999000000E+03 8.260380000E-01 8.169208974E+01
1.542200000E-02 -9.999000000E+03 8.054300000E-01 8.039164829E+01
1.567140000E-02 -9.999000000E+03 7.853360000E-01 7.911226821E+01
1.592490000E-02 -9.999000000E+03 7.680390000E-01 7.785292215E+01
1.618250000E-02 -9.999000000E+03 7.516600000E-01 7.661362583E+01
1.644420000E-02 -9.999000000E+03 7.431080000E-01 7.539436397E+01
1.671020000E-02 -9.999000000E+03 7.384260000E-01 7.419420474E+01
1.698050000E-02 -9.999000000E+03 7.337730000E-01 7.301316216E+01
1.725510000E-02 -9.999000000E+03 7.304880000E-01 7.185122080E+01
1.753420000E-02 -9.999000000E+03 7.325900000E-01 7.070753157E+01
1.781780000E-02 -9.999000000E+03 7.346980000E-01 6.958210329E+01
1.810600000E-02 -9.999000000E+03 7.383420000E-01 6.847453883E+01
1.839890000E-02 -9.999000000E+03 7.529390000E-01 6.738446320E+01
1.869640000E-02 -9.999000000E+03 7.678240000E-01 6.631223123E+01
1.899880000E-02 -9.999000000E+03 7.830040000E-01 6.525675306E+01
1.930610000E-02 -9.999000000E+03 8.023330000E-01 6.421804507E+01
1.961840000E-02 -9.999000000E+03 8.309370000E-01 6.319577539E+01
1.993570000E-02 -9.999000000E+03 8.605620000E-01 6.218994066E+01
2.025820000E-02 -9.999000000E+03 8.962530000E-01 6.119990917E+01
2.058580000E-02 -9.999000000E+03 9.475450000E-01 6.022598102E+01
2.091880000E-02 -9.999000000E+03 1.024530000E+00 5.926726198E+01
2.125710000E-02 -9.999000000E+03 1.164050000E+00 5.832404232E+01
2.160090000E-02 -9.999000000E+03 1.391970000E+00 5.739575666E+01
2.195030000E-02 -9.999000000E+03 1.742860000E+00 5.648214375E+01
2.230530000E-02 -9.999000000E+03 2.288550000E+00 5.558320220E+01
2.266610000E-02 -9.999000000E+03 4.309710000E+00 5.469842628E+01
2.303270000E-02 -9.999000000E+03 9.111220000E+00 5.382781871E+01
2.340530000E-02 -9.999000000E+03 1.453180000E+01 5.297090830E+01
2.378380000E-02 -9.999000000E+03 1.604580000E+01 5.212791900E+01
2.416850000E-02 -9.999000000E+03 1.650670000E+01 5.129817738E+01
2.455940000E-02 -9.999000000E+03 1.698070000E+01 5.048168929E+01
2.495660000E-02 -9.999000000E+03 1.721420000E+01 4.967824143E+01
2.536030000E-02 -9.999000000E+03 1.736370000E+01 4.888743430E+01
2.577050000E-02 -9.999000000E+03 1.733700000E+01 4.810927223E+01
2.618730000E-02 -9.999000000E+03 1.720870000E+01 4.734355966E+01
2.661090000E-02 -9.999000000E+03 1.708120000E+01 4.658993119E+01
2.704130000E-02 -9.999000000E+03 1.678340000E+01 4.584838747E+01
2.747860000E-02 -9.999000000E+03 1.635900000E+01 4.511874695E+01
2.792310000E-02 -9.999000000E+03 1.594840000E+01 4.440051427E+01
2.837470000E-02 -9.999000000E+03 1.565040000E+01 4.369385403E+01
2.883370000E-02 -9.999000000E+03 1.535790000E+01 4.299829713E+01
2.930000000E-02 6.503350000E+00 1.486110000E+01 4.231399317E+01
2.977390000E-02 7.107720000E+00 1.435800000E+01 4.164049721E+01
3.025550000E-02 7.618950000E+00 1.381740000E+01 4.097767348E+01
3.074490000E-02 8.021790000E+00 1.329280000E+01 4.032538730E+01
3.124210000E-02 8.316200000E+00 1.283260000E+01 3.968363202E+01
3.174750000E-02 8.634690000E+00 1.245730000E+01 3.905189385E+01
3.226090000E-02 8.979150000E+00 1.209290000E+01 3.843042197E+01
3.278270000E-02 9.381610000E+00 1.168840000E+01 3.781872756E+01
3.331300000E-02 9.693640000E+00 1.115370000E+01 3.721670219E+01
3.385180000E-02 9.910000000E+00 1.064350000E+01 3.662434494E+01
3.439930000E-02 1.006390000E+01 1.015660000E+01 3.604143108E+01
3.495570000E-02 1.016270000E+01 9.691920000E+00 3.546774918E+01
3.552110000E-02 1.021730000E+01 9.287770000E+00 3.490319838E+01
3.609560000E-02 1.027390000E+01 8.913490000E+00 3.434767673E+01
3.667940000E-02 1.032120000E+01 8.554300000E+00 3.380098911E+01
3.727270000E-02 1.035480000E+01 8.209590000E+00 3.326295117E+01
3.787550000E-02 1.037630000E+01 7.880640000E+00 3.273356127E+01
3.848820000E-02 1.038800000E+01 7.564850000E+00 3.221247032E+01
3.911070000E-02 1.039230000E+01 7.261730000E+00 3.169976503E+01
3.974320000E-02 1.039760000E+01 6.970750000E+00 3.119527366E+01
4.038610000E-02 1.040490000E+01 6.656880000E+00 3.069868098E+01
4.103930000E-02 1.037370000E+01 6.342530000E+00 3.021006694E+01
4.170310000E-02 1.032100000E+01 6.043040000E+00 2.972920478E+01
4.237760000E-02 1.025840000E+01 5.740550000E+00 2.925602205E+01
4.306300000E-02 1.015670000E+01 5.440340000E+00 2.879037689E+01
4.375950000E-02 1.001580000E+01 5.155830000E+00 2.833213359E+01
4.446730000E-02 9.810630000E+00 4.926030000E+00 2.788116211E+01
4.518650000E-02 9.649350000E+00 4.766650000E+00 2.743739834E+01
4.591740000E-02 9.512540000E+00 4.612430000E+00 2.700065770E+01
4.666000000E-02 9.380090000E+00 4.463200000E+00 2.657093871E+01
4.741470000E-02 9.248140000E+00 4.326220000E+00 2.614800895E+01
4.818160000E-02 9.124090000E+00 4.196840000E+00 2.573181463E+01
4.896090000E-02 9.005560000E+00 4.071330000E+00 2.532224694E+01
4.975280000E-02 8.896920000E+00 3.944320000E+00 2.491920053E+01
5.055760000E-02 8.775420000E+00 3.795920000E+00 2.452252480E+01
5.137530000E-02 8.635250000E+00 3.653110000E+00 2.413221918E+01
5.220620000E-02 8.476910000E+00 3.515670000E+00 2.374813719E+01
5.305060000E-02 8.288510000E+00 3.396710000E+00 2.337014096E+01
5.390870000E-02 8.112000000E+00 3.321090000E+00 2.299814316E+01
5.478060000E-02 7.946710000E+00 3.247160000E+00 2.263209968E+01
5.566670000E-02 7.784040000E+00 3.174880000E+00 2.227184295E+01
5.656700000E-02 7.617560000E+00 3.104200000E+00 2.191737232E+01
5.748200000E-02 7.442910000E+00 3.044720000E+00 2.156849101E+01
5.841170000E-02 7.274960000E+00 2.993260000E+00 2.122519975E+01
5.935640000E-02 7.108990000E+00 2.940850000E+00 2.088738535E+01
6.031650000E-02 6.938750000E+00 2.888300000E+00 2.055490620E+01
6.129210000E-02 6.763340000E+00 2.836680000E+00 2.022772919E+01
6.228340000E-02 6.581840000E+00 2.785990000E+00 1.990578549E+01
6.329080000E-02 6.392920000E+00 2.736210000E+00 1.958894500E+01
6.431450000E-02 6.194920000E+00 2.687310000E+00 1.927714590E+01
6.535470000E-02 5.984970000E+00 2.639290000E+00 1.897032654E+01
6.641180000E-02 5.755030000E+00 2.599020000E+00 1.866836918E+01
6.748590000E-02 5.524920000E+00 2.577320000E+00 1.837124496E+01
6.857750000E-02 5.292350000E+00 2.555800000E+00 1.807881594E+01
6.968670000E-02 5.052920000E+00 2.534460000E+00 1.779105626E+01
7.081380000E-02 4.803780000E+00 2.513300000E+00 1.750788688E+01
7.195910000E-02 4.543020000E+00 2.492310000E+00 1.722923161E+01
7.312300000E-02 4.269110000E+00 2.471500000E+00 1.695499364E+01
7.430570000E-02 3.981830000E+00 2.449070000E+00 1.668512644E+01
7.550760000E-02 3.673240000E+00 2.423250000E+00 1.641953923E+01
7.672890000E-02 3.340830000E+00 2.397700000E+00 1.615818811E+01
7.796990000E-02 2.980680000E+00 2.372420000E+00 1.590100795E+01
7.923100000E-02 2.581110000E+00 2.347410000E+00 1.564791559E+01
8.051250000E-02 2.151350000E+00 2.357570000E+00 1.539885111E+01
8.181470000E-02 1.709300000E+00 2.374680000E+00 1.515375599E+01
8.313800000E-02 1.241690000E+00 2.391920000E+00 1.491255503E+01
8.448270000E-02 7.400910000E-01 2.409280000E+00 1.467519386E+01
8.584910000E-02 1.960620000E-01 2.426770000E+00 1.444161907E+01
8.723770000E-02 -4.033680000E-01 2.444390000E+00 1.421174561E+01
8.864870000E-02 -1.070430000E+00 2.486020000E+00 1.398554068E+01
9.008250000E-02 -1.780020000E+00 2.547040000E+00 1.376293953E+01
9.153950000E-02 -2.552760000E+00 2.609550000E+00 1.354387996E+01
9.302010000E-02 -3.408140000E+00 2.673600000E+00 1.332830216E+01
9.452460000E-02 -4.368620000E+00 2.739220000E+00 1.311616235E+01
9.605350000E-02 -5.466220000E+00 2.806450000E+00 1.290739015E+01
9.760710000E-02 -6.763450000E+00 2.875330000E+00 1.270194484E+01
9.918580000E-02 -8.308040000E+00 3.059610000E+00 1.249977315E+01
1.007900000E-01 -1.011540000E+01 3.302690000E+00 1.230082349E+01
1.024200000E-01 -1.267270000E+01 3.767030000E+00 1.210505761E+01
1.040770000E-01 -1.555640000E+01 4.906370000E+00 1.191233414E+01
1.057600000E-01 -1.558140000E+01 7.996940000E+00 1.172276853E+01
1.074710000E-01 -1.811020000E+01 6.242270000E+00 1.153613533E+01
1.092090000E-01 -2.233170000E+01 9.001180000E+00 1.135254420E+01
1.109750000E-01 -2.412570000E+01 1.154260000E+01 1.117188556E+01
1.127700000E-01 -2.862900000E+01 1.153880000E+01 1.099405870E+01
1.145940000E-01 -3.798320000E+01 1.379040000E+01 1.081906557E+01
1.164480000E-01 -4.960060000E+01 2.378250000E+01 1.064681231E+01
1.183310000E-01 -5.791890000E+01 4.339830000E+01 1.047738970E+01
1.202450000E-01 -5.395660000E+01 6.878670000E+01 1.031061583E+01
1.221900000E-01 -3.373690000E+01 9.311560000E+01 1.014649317E+01
1.241660000E-01 -9.001180000E+00 9.809320000E+01 9.985020054E+00
1.261750000E-01 1.227360000E+01 9.503350000E+01 9.826035268E+00
1.282150000E-01 2.941220000E+01 8.708950000E+01 9.669695433E+00
1.302890000E-01 3.915170000E+01 7.529610000E+01 9.515768791E+00
1.323970000E-01 4.393520000E+01 6.567240000E+01 9.364260519E+00
1.345380000E-01 4.695760000E+01 5.826250000E+01 9.215240304E+00
1.367140000E-01 4.948960000E+01 5.204510000E+01 9.068566496E+00
1.389250000E-01 5.228760000E+01 4.578950000E+01 8.924239698E+00
1.411720000E-01 5.325410000E+01 3.887700000E+01 8.782194770E+00
1.434560000E-01 5.310980000E+01 3.259960000E+01 8.642371180E+00
1.457760000E-01 5.146690000E+01 2.700900000E+01 8.504829327E+00
1.481340000E-01 4.936480000E+01 2.332100000E+01 8.369449282E+00
1.505300000E-01 4.778090000E+01 2.038790000E+01 8.236231980E+00
1.529640000E-01 4.623560000E+01 1.764450000E+01 8.105175074E+00
1.554390000E-01 4.452310000E+01 1.527040000E+01 7.976119249E+00
1.579530000E-01 4.279630000E+01 1.355410000E+01 7.849170323E+00
1.605070000E-01 4.140340000E+01 1.218040000E+01 7.724273708E+00
1.631030000E-01 4.022360000E+01 1.094590000E+01 7.601331674E+00
1.657420000E-01 3.909820000E+01 9.655480000E+00 7.480300708E+00
1.684220000E-01 3.791650000E+01 8.493040000E+00 7.361271093E+00
1.711460000E-01 3.659820000E+01 7.539940000E+00 7.244107370E+00
1.739150000E-01 3.545020000E+01 6.885200000E+00 7.128769801E+00
1.767270000E-01 3.447290000E+01 6.287350000E+00 7.015340044E+00
1.795860000E-01 3.354300000E+01 5.690910000E+00 6.903656187E+00
1.824910000E-01 3.262040000E+01 5.150870000E+00 6.793759692E+00
1.854420000E-01 3.171320000E+01 4.682190000E+00 6.685648343E+00
1.884420000E-01 3.076820000E+01 4.257210000E+00 6.579212702E+00
1.914890000E-01 2.985760000E+01 4.037620000E+00 6.474523341E+00
1.945870000E-01 2.906510000E+01 3.866860000E+00 6.371443108E+00
1.977340000E-01 2.831050000E+01 3.703340000E+00 6.270039548E+00
2.009320000E-01 2.759240000E+01 3.614780000E+00 6.170246651E+00
2.041820000E-01 2.689810000E+01 3.536020000E+00 6.072033774E+00
2.074850000E-01 2.625120000E+01 3.547110000E+00 5.975371714E+00
2.108400000E-01 2.563490000E+01 3.559000000E+00 5.880288370E+00
2.142510000E-01 2.504570000E+01 3.651610000E+00 5.786670774E+00
2.177160000E-01 2.452740000E+01 3.775630000E+00 5.694574583E+00
2.212370000E-01 2.406470000E+01 3.903860000E+00 5.603945091E+00
2.248160000E-01 2.363400000E+01 4.036440000E+00 5.514732048E+00
2.284520000E-01 2.321300000E+01 4.173530000E+00 5.426960587E+00
2.321470000E-01 2.281770000E+01 4.357870000E+00 5.340581614E+00
2.359020000E-01 2.246420000E+01 4.557200000E+00 5.255572229E+00
2.397170000E-01 2.214090000E+01 4.765660000E+00 5.171931903E+00
2.435950000E-01 2.182610000E+01 4.991900000E+00 5.089595435E+00
2.475350000E-01 2.155310000E+01 5.255980000E+00 5.008584645E+00
2.515380000E-01 2.132440000E+01 5.534050000E+00 4.928877545E+00
2.556070000E-01 2.113850000E+01 5.826810000E+00 4.850414895E+00
2.597410000E-01 2.099420000E+01 6.122370000E+00 4.773216396E+00
2.639420000E-01 2.089210000E+01 6.430400000E+00 4.697244092E+00
2.682110000E-01 2.087830000E+01 6.743480000E+00 4.622480062E+00
2.725490000E-01 2.088940000E+01 6.989330000E+00 4.548906802E+00
2.769570000E-01 2.096630000E+01 7.244150000E+00 4.476507183E+00
2.814370000E-01 2.104230000E+01 7.366600000E+00 4.405248777E+00
2.859890000E-01 2.107790000E+01 7.486400000E+00 4.335131771E+00
2.906150000E-01 2.110920000E+01 7.608150000E+00 4.266125286E+00
2.953150000E-01 2.115660000E+01 7.691960000E+00 4.198229010E+00
3.000920000E-01 2.112650000E+01 7.765220000E+00 4.131399704E+00
3.049450000E-01 2.110820000E+01 7.902990000E+00 4.065651183E+00
3.098780000E-01 2.111160000E+01 8.043200000E+00 4.000929398E+00
3.148900000E-01 2.112840000E+01 8.185910000E+00 3.937247928E+00
3.199830000E-01 2.115840000E+01 8.331140000E+00 3.874580837E+00
3.251580000E-01 2.120300000E+01 8.478940000E+00 3.812915567E+00
3.304180000E-01 2.126550000E+01 8.629380000E+00 3.752216889E+00
3.357620000E-01 2.138300000E+01 8.767710000E+00 3.692496471E+00
3.411920000E-01 2.148710000E+01 8.851530000E+00 3.633731154E+00
3.467110000E-01 2.157280000E+01 8.936160000E+00 3.575888853E+00
3.523190000E-01 2.166010000E+01 9.021600000E+00 3.518970024E+00
3.580170000E-01 2.175510000E+01 9.107850000E+00 3.462964049E+00
3.638080000E-01 2.187430000E+01 9.194920000E+00 3.407841499E+00
3.696920000E-01 2.200110000E+01 9.227170000E+00 3.353602458E+00
3.756720000E-01 2.210500000E+01 9.244530000E+00 3.300219340E+00
3.817480000E-01 2.218990000E+01 9.261920000E+00 3.247692195E+00
3.879220000E-01 2.226720000E+01 9.279340000E+00 3.196003320E+00
3.941970000E-01 2.233860000E+01 9.296790000E+00 3.145127944E+00
4.005730000E-01 2.240560000E+01 9.314280000E+00 3.095066318E+00
4.070520000E-01 2.246910000E+01 9.331790000E+00 3.045802502E+00
4.136350000E-01 2.252960000E+01 9.349340000E+00 2.997328563E+00
4.203260000E-01 2.258770000E+01 9.367880000E+00 2.949615299E+00
4.271240000E-01 2.264510000E+01 9.387020000E+00 2.902669951E+00
4.340320000E-01 2.270230000E+01 9.406180000E+00 2.856471412E+00
4.410520000E-01 2.276020000E+01 9.425390000E+00 2.811006412E+00
4.481860000E-01 2.282010000E+01 9.444640000E+00 2.766262221E+00
4.554350000E-01 2.288360000E+01 9.463930000E+00 2.722232591E+00
4.628020000E-01 2.298070000E+01 9.472200000E+00 2.678899400E+00
4.702870000E-01 2.305620000E+01 9.435580000E+00 2.636262538E+00
4.778940000E-01 2.310380000E+01 9.399090000E+00 2.594299154E+00
4.856230000E-01 2.313950000E+01 9.362750000E+00 2.553009227E+00
4.934780000E-01 2.316500000E+01 9.326540000E+00 2.512371372E+00
5.014590000E-01 2.318150000E+01 9.290480000E+00 2.472385579E+00
5.095700000E-01 2.318980000E+01 9.254550000E+00 2.433031772E+00
5.178120000E-01 2.319040000E+01 9.218770000E+00 2.394305269E+00
5.261870000E-01 2.318380000E+01 9.183120000E+00 2.356196561E+00
5.346980000E-01 2.317050000E+01 9.147620000E+00 2.318692047E+00
5.433460000E-01 2.316150000E+01 9.111630000E+00 2.281787296E+00
5.521340000E-01 2.313820000E+01 9.052220000E+00 2.245469397E+00
5.610650000E-01 2.309380000E+01 8.993180000E+00 2.209726146E+00
5.701390000E-01 2.303410000E+01 8.934530000E+00 2.174557432E+00
5.793610000E-01 2.295990000E+01 8.876260000E+00 2.139943835E+00
5.887320000E-01 2.287110000E+01 8.818380000E+00 2.105881793E+00
5.982540000E-01 2.276750000E+01 8.760870000E+00 2.072363912E+00
6.079300000E-01 2.264840000E+01 8.703730000E+00 2.039379534E+00
6.177630000E-01 2.251340000E+01 8.646970000E+00 2.006918511E+00
6.277550000E-01 2.236190000E+01 8.590580000E+00 1.974974313E+00
6.379080000E-01 2.219380000E+01 8.534560000E+00 1.943540448E+00
6.482260000E-01 2.200970000E+01 8.478900000E+00 1.912604555E+00
6.587110000E-01 2.181390000E+01 8.423610000E+00 1.882160765E+00
6.693650000E-01 2.163910000E+01 8.356640000E+00 1.852203208E+00
6.801910000E-01 2.139800000E+01 8.194680000E+00 1.822723323E+00
6.911930000E-01 2.107930000E+01 8.035850000E+00 1.793710295E+00
7.023720000E-01 2.069340000E+01 7.880100000E+00 1.765161481E+00
7.137330000E-01 2.024150000E+01 7.727380000E+00 1.737064140E+00
7.252770000E-01 1.972090000E+01 7.577610000E+00 1.709415851E+00
7.370080000E-01 1.911870000E+01 7.423690000E+00 1.682206977E+00
7.489280000E-01 1.841710000E+01 7.270260000E+00 1.655432832E+00
7.610420000E-01 1.759980000E+01 7.119990000E+00 1.629082232E+00
7.733510000E-01 1.664300000E+01 6.972820000E+00 1.603153031E+00
7.858590000E-01 1.551160000E+01 6.828710000E+00 1.577636701E+00
7.985700000E-01 1.415410000E+01 6.687560000E+00 1.552525139E+00
8.114860000E-01 1.249110000E+01 6.549340000E+00 1.527814405E+00
8.246110000E-01 1.039160000E+01 6.413970000E+00 1.503496800E+00
8.379490000E-01 7.617620000E+00 6.281400000E+00 1.479564985E+00
8.515020000E-01 3.665530000E+00 6.151570000E+00 1.456015370E+00
8.652740000E-01 -2.867050000E+00 6.024420000E+00 1.432840927E+00
8.792690000E-01 -2.028800000E+01 5.899910000E+00 1.410034927E+00
8.837000000E-01 -6.940700000E+01 5.861430000E+00 1.402964807E+00
8.839000000E-01 -6.937670000E+01 4.664390000E+01 1.402647358E+00
8.934910000E-01 -9.264260000E+00 4.608040000E+01 1.387590921E+00
9.079430000E-01 3.315860000E+00 4.525530000E+01 1.365504222E+00
9.226280000E-01 1.005340000E+01 4.444490000E+01 1.343770187E+00
9.375510000E-01 1.474460000E+01 4.364900000E+01 1.322381396E+00
9.527150000E-01 1.836610000E+01 4.286740000E+01 1.301333557E+00
9.681240000E-01 2.132250000E+01 4.209980000E+01 1.280621077E+00
9.837830000E-01 2.382170000E+01 4.134590000E+01 1.260237268E+00
9.996950000E-01 2.598590000E+01 4.060550000E+01 1.240178254E+00
1.015860000E+00 2.789560000E+01 3.987840000E+01 1.220443762E+00
1.032290000E+00 2.963840000E+01 3.914670000E+01 1.201019093E+00
1.048990000E+00 3.108360000E+01 3.837230000E+01 1.181898779E+00
1.065960000E+00 3.239570000E+01 3.773790000E+01 1.163083043E+00
1.083200000E+00 3.365050000E+01 3.711400000E+01 1.144571640E+00
1.100720000E+00 3.481520000E+01 3.650050000E+01 1.126353659E+00
1.118520000E+00 3.590130000E+01 3.589700000E+01 1.108428995E+00
1.136610000E+00 3.691770000E+01 3.530360000E+01 1.090787517E+00
1.155000000E+00 3.787260000E+01 3.471990000E+01 1.073419913E+00
1.173680000E+00 3.877330000E+01 3.414590000E+01 1.056335628E+00
1.192660000E+00 3.962640000E+01 3.358140000E+01 1.039525095E+00
1.211950000E+00 4.043880000E+01 3.302620000E+01 1.022979496E+00
1.231550000E+00 4.121750000E+01 3.248020000E+01 1.006698875E+00
1.251470000E+00 4.197110000E+01 3.194330000E+01 9.906749662E-01
1.271720000E+00 4.271160000E+01 3.141520000E+01 9.749001352E-01
1.292290000E+00 4.339730000E+01 3.089580000E+01 9.593821820E-01
1.313190000E+00 4.471450000E+01 3.038500000E+01 9.441131900E-01
1.334430000E+00 4.494310000E+01 2.856510000E+01 9.290858269E-01
1.356010000E+00 4.485180000E+01 2.823900000E+01 9.143000420E-01
1.377940000E+00 4.510370000E+01 2.791640000E+01 8.997489005E-01
1.400230000E+00 4.545020000E+01 2.759750000E+01 8.854259657E-01
1.422880000E+00 4.584660000E+01 2.728240000E+01 8.713313842E-01
1.445890000E+00 4.629030000E+01 2.697090000E+01 8.574649524E-01
1.469280000E+00 4.677150000E+01 2.664010000E+01 8.438146575E-01
1.493040000E+00 4.732420000E+01 2.627870000E+01 8.303863259E-01
1.517190000E+00 4.784750000E+01 2.577960000E+01 8.171685814E-01
1.541730000E+00 4.828090000E+01 2.527040000E+01 8.041615588E-01
1.566670000E+00 4.867160000E+01 2.477140000E+01 7.913600184E-01
1.592010000E+00 4.903180000E+01 2.428180000E+01 7.787639525E-01
1.617760000E+00 4.936730000E+01 2.380200000E+01 7.663683117E-01
1.643920000E+00 4.968270000E+01 2.333210000E+01 7.541729525E-01
1.670510000E+00 4.998080000E+01 2.287100000E+01 7.421685593E-01
1.697530000E+00 5.026450000E+01 2.241910000E+01 7.303552809E-01
1.724990000E+00 5.054060000E+01 2.197610000E+01 7.187288042E-01
1.752890000E+00 5.080360000E+01 2.152480000E+01 7.072891054E-01
1.781240000E+00 5.104790000E+01 2.107690000E+01 6.960319777E-01
1.810050000E+00 5.127150000E+01 2.063400000E+01 6.849534543E-01
1.839320000E+00 5.147850000E+01 2.020030000E+01 6.740534545E-01
1.869070000E+00 5.167130000E+01 1.977590000E+01 6.633245411E-01
1.899300000E+00 5.185180000E+01 1.936050000E+01 6.527668088E-01
1.930020000E+00 5.202100000E+01 1.895360000E+01 6.423767629E-01
1.961240000E+00 5.218030000E+01 1.855520000E+01 6.321510881E-01
1.992960000E+00 5.232700000E+01 1.816510000E+01 6.220897559E-01
2.025200000E+00 5.247310000E+01 1.779170000E+01 6.121864507E-01
2.057950000E+00 5.261390000E+01 1.740910000E+01 6.024441799E-01
2.091240000E+00 5.274180000E+01 1.703310000E+01 5.928540005E-01
2.125060000E+00 5.285940000E+01 1.666370000E+01 5.834188211E-01
2.159430000E+00 5.296780000E+01 1.630040000E+01 5.741329888E-01
2.194360000E+00 5.306770000E+01 1.594390000E+01 5.649938934E-01
2.229850000E+00 5.315950000E+01 1.559370000E+01 5.560015248E-01
2.265920000E+00 5.324350000E+01 1.525000000E+01 5.471508262E-01
2.302570000E+00 5.332050000E+01 1.491300000E+01 5.384418280E-01
2.339810000E+00 5.338990000E+01 1.458130000E+01 5.298720836E-01
2.377660000E+00 5.345270000E+01 1.425690000E+01 5.214370431E-01
2.416110000E+00 5.350940000E+01 1.393840000E+01 5.131388885E-01
2.455190000E+00 5.356000000E+01 1.362590000E+01 5.049711020E-01
2.494900000E+00 5.360420000E+01 1.331920000E+01 4.969337448E-01
2.535260000E+00 5.364290000E+01 1.301910000E+01 4.890228221E-01
2.576260000E+00 5.367640000E+01 1.272450000E+01 4.812402475E-01
2.617930000E+00 5.370450000E+01 1.243570000E+01 4.735802714E-01
2.660270000E+00 5.372750000E+01 1.215240000E+01 4.660429205E-01
2.703300000E+00 5.374520000E+01 1.187460000E+01 4.586246440E-01
2.747030000E+00 5.375830000E+01 1.160300000E+01 4.513237933E-01
2.791460000E+00 5.376710000E+01 1.133650000E+01 4.441403423E-01
2.836610000E+00 5.377090000E+01 1.107510000E+01 4.370710108E-01
2.882490000E+00 5.377030000E+01 1.081960000E+01 4.301142415E-01
2.929110000E+00 5.376580000E+01 1.056890000E+01 4.232685014E-01
2.976480000E+00 5.375700000E+01 1.032330000E+01 4.165322797E-01
3.024630000E+00 5.374400000E+01 1.008290000E+01 4.099013764E-01
3.073550000E+00 5.372690000E+01 9.847320000E+00 4.033772023E-01
3.123260000E+00 5.370600000E+01 9.616660000E+00 3.969570257E-01
3.173780000E+00 5.368110000E+01 9.390770000E+00 3.906382925E-01
3.225110000E+00 5.365230000E+01 9.169650000E+00 3.844209965E-01
3.277270000E+00 5.361970000E+01 8.953170000E+00 3.783026727E-01
3.330280000E+00 5.358330000E+01 8.741070000E+00 3.722810094E-01
3.384150000E+00 5.354300000E+01 8.533430000E+00 3.663549193E-01
3.438880000E+00 5.349870000E+01 8.330180000E+00 3.605243568E-01
3.494500000E+00 5.345060000E+01 8.131240000E+00 3.547860924E-01
3.551020000E+00 5.339850000E+01 7.936470000E+00 3.491391206E-01
3.608460000E+00 5.334220000E+01 7.745760000E+00 3.435814724E-01
3.666820000E+00 5.328180000E+01 7.559160000E+00 3.381131335E-01
3.726130000E+00 5.321700000E+01 7.376460000E+00 3.327312788E-01
3.786400000E+00 5.314760000E+01 7.197710000E+00 3.274350306E-01
3.847640000E+00 5.307370000E+01 7.022720000E+00 3.222234928E-01
3.909870000E+00 5.299470000E+01 6.851370000E+00 3.170949418E-01
3.973110000E+00 5.291040000E+01 6.683770000E+00 3.120477409E-01
4.037380000E+00 5.282070000E+01 6.519740000E+00 3.070803343E-01
4.102680000E+00 5.272500000E+01 6.359140000E+00 3.021927131E-01
4.169030000E+00 5.262270000E+01 6.201990000E+00 2.973833242E-01
4.236460000E+00 5.251340000E+01 6.048300000E+00 2.926499955E-01
4.304980000E+00 5.239660000E+01 5.897820000E+00 2.879920464E-01
4.374620000E+00 5.227130000E+01 5.750450000E+00 2.834074731E-01
4.445370000E+00 5.213640000E+01 5.606340000E+00 2.788969197E-01
4.517270000E+00 5.199110000E+01 5.465300000E+00 2.744578031E-01
4.590330000E+00 5.183380000E+01 5.327300000E+00 2.700895143E-01
4.664580000E+00 5.166280000E+01 5.192240000E+00 2.657902748E-01
4.740030000E+00 5.147610000E+01 5.060110000E+00 2.615595260E-01
4.816690000E+00 5.127080000E+01 4.930750000E+00 2.573966770E-01
4.894600000E+00 5.104340000E+01 4.804250000E+00 2.532995546E-01
4.973770000E+00 5.078940000E+01 4.680430000E+00 2.492676581E-01
5.054210000E+00 5.050220000E+01 4.559170000E+00 2.453004525E-01
5.135960000E+00 5.017310000E+01 4.440620000E+00 2.413959610E-01
5.219030000E+00 4.978900000E+01 4.324570000E+00 2.375537217E-01
5.303440000E+00 4.932930000E+01 4.210900000E+00 2.337727965E-01
5.389220000E+00 4.875900000E+01 4.099810000E+00 2.300518442E-01
5.476390000E+00 4.801110000E+01 3.991010000E+00 2.263900124E-01
5.564970000E+00 4.692600000E+01 3.884620000E+00 2.227864661E-01
5.654980000E+00 4.493430000E+01 3.780470000E+00 2.192403863E-01
5.723300000E+00 2.954300000E+01 3.704350000E+00 2.166232768E-01
5.723500000E+00 2.954490000E+01 1.115380000E+01 2.166157072E-01
5.746440000E+00 4.238510000E+01 1.107140000E+01 2.157509693E-01
5.839390000E+00 4.610150000E+01 1.074720000E+01 2.123166975E-01
5.933830000E+00 4.721770000E+01 1.043270000E+01 2.089375665E-01
6.029810000E+00 4.754220000E+01 1.012740000E+01 2.056117854E-01
6.127330000E+00 4.672190000E+01 9.830950000E+00 2.023393550E-01
6.164100000E+00 4.004160000E+01 9.722670000E+00 2.011323632E-01
6.164300000E+00 4.004300000E+01 1.339250000E+01 2.011258375E-01
6.226440000E+00 4.787280000E+01 1.316690000E+01 1.991185975E-01
6.327150000E+00 4.933600000E+01 1.281400000E+01 1.959492030E-01
6.429480000E+00 5.003000000E+01 1.247020000E+01 1.928305244E-01
6.533480000E+00 4.976400000E+01 1.213600000E+01 1.897610462E-01
6.548700000E+00 4.739530000E+01 1.208820000E+01 1.893200177E-01
6.548900000E+00 4.739800000E+01 1.363620000E+01 1.893142360E-01
6.639150000E+00 5.123450000E+01 1.337730000E+01 1.867407725E-01
6.746540000E+00 5.213530000E+01 1.308010000E+01 1.837682723E-01
6.855650000E+00 5.280210000E+01 1.278680000E+01 1.808435378E-01
6.966540000E+00 5.335140000E+01 1.249700000E+01 1.779649582E-01
7.079220000E+00 5.382280000E+01 1.221130000E+01 1.751322886E-01
7.193720000E+00 5.423640000E+01 1.192970000E+01 1.723447674E-01
7.310070000E+00 5.460430000E+01 1.165240000E+01 1.696016591E-01
7.428310000E+00 5.493460000E+01 1.137930000E+01 1.669020275E-01
7.548450000E+00 5.523280000E+01 1.111060000E+01 1.642456398E-01
7.670540000E+00 5.550360000E+01 1.084620000E+01 1.616313845E-01
7.794610000E+00 5.575020000E+01 1.058630000E+01 1.590586315E-01
7.920680000E+00 5.597550000E+01 1.033090000E+01 1.565269649E-01
8.048790000E+00 5.618160000E+01 1.008010000E+01 1.540355755E-01
8.178980000E+00 5.637060000E+01 9.833820000E+00 1.515836938E-01
8.311260000E+00 5.654400000E+01 9.592080000E+00 1.491711245E-01
8.445690000E+00 5.670320000E+01 9.354930000E+00 1.467967685E-01
8.582290000E+00 5.684930000E+01 9.122440000E+00 1.444602781E-01
8.721110000E+00 5.698360000E+01 8.894370000E+00 1.421608029E-01
8.862160000E+00 5.710680000E+01 8.670920000E+00 1.398981738E-01
9.005500000E+00 5.721990000E+01 8.452120000E+00 1.376714230E-01
9.151160000E+00 5.732360000E+01 8.237600000E+00 1.354800921E-01
9.299170000E+00 5.741850000E+01 8.027760000E+00 1.333237267E-01
9.449580000E+00 5.750530000E+01 7.822230000E+00 1.312015984E-01
9.602420000E+00 5.758470000E+01 7.621250000E+00 1.291132860E-01
9.757730000E+00 5.765690000E+01 7.424360000E+00 1.270582400E-01
9.915550000E+00 5.772250000E+01 7.231940000E+00 1.250359284E-01
1.007590000E+01 5.778200000E+01 7.043780000E+00 1.230460803E-01
1.023890000E+01 5.783570000E+01 6.859850000E+00 1.210872262E-01
1.040450000E+01 5.788400000E+01 6.680070000E+00 1.191599789E-01
1.057280000E+01 5.792730000E+01 6.504400000E+00 1.172631659E-01
1.074380000E+01 5.796590000E+01 6.332780000E+00 1.153967870E-01
1.091760000E+01 5.800010000E+01 6.165150000E+00 1.135597567E-01
1.109420000E+01 5.803010000E+01 6.001460000E+00 1.117520867E-01
1.127360000E+01 5.805620000E+01 5.841630000E+00 1.099737440E-01
1.145590000E+01 5.807870000E+01 5.685620000E+00 1.082237101E-01
1.164120000E+01 5.809770000E+01 5.533350000E+00 1.065010480E-01
1.182950000E+01 5.811360000E+01 5.384760000E+00 1.048057822E-01
1.202080000E+01 5.812650000E+01 5.239800000E+00 1.031378943E-01
1.221530000E+01 5.813650000E+01 5.098380000E+00 1.014956653E-01
1.241280000E+01 5.814390000E+01 4.960450000E+00 9.988076824E-02
1.261360000E+01 5.814880000E+01 4.825940000E+00 9.829073381E-02
1.281760000E+01 5.815140000E+01 4.694800000E+00 9.672637623E-02
1.302500000E+01 5.815180000E+01 4.566940000E+00 9.518618042E-02
1.323560000E+01 5.815010000E+01 4.442320000E+00 9.367161292E-02
1.344970000E+01 5.814660000E+01 4.320860000E+00 9.218049473E-02
1.366720000E+01 5.814130000E+01 4.202490000E+00 9.071353313E-02
1.388830000E+01 5.813430000E+01 4.087170000E+00 8.926938502E-02
1.411290000E+01 5.812580000E+01 3.974810000E+00 8.784870579E-02
1.434120000E+01 5.811570000E+01 3.865360000E+00 8.645022732E-02
1.457310000E+01 5.810440000E+01 3.758760000E+00 8.507455517E-02
1.480890000E+01 5.809170000E+01 3.654940000E+00 8.371992518E-02
1.504840000E+01 5.807790000E+01 3.553840000E+00 8.238749635E-02
1.529180000E+01 5.806290000E+01 3.455410000E+00 8.107613231E-02
1.553910000E+01 5.804690000E+01 3.359580000E+00 7.978583058E-02
1.579040000E+01 5.803000000E+01 3.266290000E+00 7.851606039E-02
1.604580000E+01 5.801210000E+01 3.175490000E+00 7.726632514E-02
1.630540000E+01 5.799350000E+01 3.087110000E+00 7.603615980E-02
1.656910000E+01 5.797400000E+01 3.001110000E+00 7.482603159E-02
1.683710000E+01 5.795380000E+01 2.917420000E+00 7.363500840E-02
1.710940000E+01 5.793290000E+01 2.835990000E+00 7.246309046E-02
1.738610000E+01 5.791140000E+01 2.756760000E+00 7.130983947E-02
1.766740000E+01 5.788930000E+01 2.679690000E+00 7.017444559E-02
1.795310000E+01 5.786670000E+01 2.604720000E+00 6.905771148E-02
1.824350000E+01 5.784350000E+01 2.531800000E+00 6.795845096E-02
1.853860000E+01 5.781990000E+01 2.460880000E+00 6.687667893E-02
1.883840000E+01 5.779580000E+01 2.391910000E+00 6.581238322E-02
1.914310000E+01 5.777130000E+01 2.324840000E+00 6.476485000E-02
1.945270000E+01 5.774640000E+01 2.259630000E+00 6.373408319E-02
1.976740000E+01 5.772110000E+01 2.196220000E+00 6.271942694E-02
2.008710000E+01 5.769550000E+01 2.134570000E+00 6.172120416E-02
2.041200000E+01 5.766950000E+01 2.074640000E+00 6.073878111E-02
2.074210000E+01 5.764320000E+01 2.016390000E+00 5.977215422E-02
2.107760000E+01 5.761650000E+01 1.959760000E+00 5.882073860E-02
2.141850000E+01 5.758960000E+01 1.904720000E+00 5.788453907E-02
2.176500000E+01 5.756230000E+01 1.851220000E+00 5.696301401E-02
2.211700000E+01 5.753470000E+01 1.799230000E+00 5.605642718E-02
2.247470000E+01 5.750680000E+01 1.748710000E+00 5.516425136E-02
2.283820000E+01 5.747850000E+01 1.699620000E+00 5.428623972E-02
2.320760000E+01 5.744990000E+01 1.651910000E+00 5.342215481E-02
2.358300000E+01 5.742100000E+01 1.605560000E+00 5.257176780E-02
2.396440000E+01 5.739170000E+01 1.560530000E+00 5.173507369E-02
2.435200000E+01 5.736210000E+01 1.516780000E+00 5.091162943E-02
2.474590000E+01 5.733200000E+01 1.474280000E+00 5.010122889E-02
2.514620000E+01 5.730140000E+01 1.432990000E+00 4.930367213E-02
2.555290000E+01 5.727040000E+01 1.392890000E+00 4.851895480E-02
2.596620000E+01 5.723880000E+01 1.353930000E+00 4.774668608E-02
2.638610000E+01 5.720670000E+01 1.316090000E+00 4.698686051E-02
2.681290000E+01 5.717390000E+01 1.279340000E+00 4.623893723E-02
2.724660000E+01 5.714040000E+01 1.243650000E+00 4.550292514E-02
2.768730000E+01 5.710610000E+01 1.208990000E+00 4.477865303E-02
2.813510000E+01 5.707100000E+01 1.175330000E+00 4.406595320E-02
2.859020000E+01 5.703490000E+01 1.142640000E+00 4.336450952E-02
2.905260000E+01 5.699780000E+01 1.110900000E+00 4.267432175E-02
2.952250000E+01 5.696240000E+01 1.080080000E+00 4.199508849E-02
3.000000000E+01 5.690980000E+01 1.050150000E+00 4.132666667E-02
