# Data retrieved from henke.lbl.gov/optical_constants 03/01/2021
# Element, Ga  (Z = 31) 
# Atomic weight*, g mol-1 = 69.72 
# Nominal density*, g cm-3 =  0 
# Relativistic correction estimate f_rel(5CL)*,  e atom-1 =  0 
# Nuclear Thomson correction f_NT*, e atom-1 =  0 
#    E [keV]      f1 [e atom-1]      f2 [e atom-1]    Wavelength [nm] 
1.000000000E-02 -9.999000000E+03 2.985270000E+00 1.239800000E+02
1.016170000E-02 -9.999000000E+03 2.981410000E+00 1.220071445E+02
1.032610000E-02 -9.999000000E+03 2.977560000E+00 1.200646904E+02
1.049310000E-02 -9.999000000E+03 2.973700000E+00 1.181538344E+02
1.066280000E-02 -9.999000000E+03 2.969860000E+00 1.162733991E+02
1.083530000E-02 -9.999000000E+03 2.966020000E+00 1.144223049E+02
1.101060000E-02 -9.999000000E+03 2.956950000E+00 1.126005849E+02
1.118860000E-02 -9.999000000E+03 2.908590000E+00 1.108092165E+02
1.136960000E-02 -9.999000000E+03 2.861030000E+00 1.090451731E+02
1.155350000E-02 -9.999000000E+03 2.814250000E+00 1.073094733E+02
1.174040000E-02 -9.999000000E+03 2.768230000E+00 1.056011720E+02
1.193030000E-02 -9.999000000E+03 2.666360000E+00 1.039202702E+02
1.212320000E-02 -9.999000000E+03 2.553940000E+00 1.022667283E+02
1.231930000E-02 -9.999000000E+03 2.446260000E+00 1.006388350E+02
1.251860000E-02 -9.999000000E+03 2.343110000E+00 9.903663349E+01
1.272100000E-02 -9.999000000E+03 2.244320000E+00 9.746089144E+01
1.292680000E-02 -9.999000000E+03 2.149690000E+00 9.590927376E+01
1.313590000E-02 -9.999000000E+03 2.021630000E+00 9.438256990E+01
1.334830000E-02 -9.999000000E+03 1.894580000E+00 9.288074137E+01
1.356420000E-02 -9.999000000E+03 1.707520000E+00 9.140236800E+01
1.378360000E-02 -9.999000000E+03 1.447130000E+00 8.994747381E+01
1.400660000E-02 -9.999000000E+03 1.241100000E+00 8.851541416E+01
1.423310000E-02 -9.999000000E+03 1.071070000E+00 8.710681440E+01
1.446330000E-02 -9.999000000E+03 9.207470000E-01 8.572040959E+01
1.469730000E-02 -9.999000000E+03 7.734010000E-01 8.435562995E+01
1.493500000E-02 -9.999000000E+03 6.508760000E-01 8.301305658E+01
1.517650000E-02 -9.999000000E+03 5.993520000E-01 8.169208974E+01
1.542200000E-02 -9.999000000E+03 5.519090000E-01 8.039164829E+01
1.567140000E-02 -9.999000000E+03 5.082200000E-01 7.911226821E+01
1.592490000E-02 -9.999000000E+03 4.727780000E-01 7.785292215E+01
1.618250000E-02 -9.999000000E+03 4.399660000E-01 7.661362583E+01
1.644420000E-02 -9.999000000E+03 4.339500000E-01 7.539436397E+01
1.671020000E-02 -9.999000000E+03 4.322360000E-01 7.419420474E+01
1.698050000E-02 -9.999000000E+03 4.305520000E-01 7.301316216E+01
1.725510000E-02 -9.999000000E+03 4.427830000E-01 7.185122080E+01
1.753420000E-02 -9.999000000E+03 4.553620000E-01 7.070753157E+01
1.781780000E-02 -9.999000000E+03 4.682980000E-01 6.958210329E+01
1.810600000E-02 -9.999000000E+03 4.886310000E-01 6.847453883E+01
1.839890000E-02 -9.999000000E+03 5.355430000E-01 6.738446320E+01
1.869640000E-02 -9.999000000E+03 5.869590000E-01 6.631223123E+01
1.899880000E-02 -9.999000000E+03 6.716840000E-01 6.525675306E+01
1.930610000E-02 -9.999000000E+03 7.920940000E-01 6.421804507E+01
1.961840000E-02 -9.999000000E+03 9.119330000E-01 6.319577539E+01
1.993570000E-02 -9.999000000E+03 1.003190000E+00 6.218994066E+01
2.025820000E-02 -9.999000000E+03 1.103590000E+00 6.119990917E+01
2.058580000E-02 -9.999000000E+03 1.188020000E+00 6.022598102E+01
2.091880000E-02 -9.999000000E+03 1.251950000E+00 5.926726198E+01
2.125710000E-02 -9.999000000E+03 1.319320000E+00 5.832404232E+01
2.160090000E-02 -9.999000000E+03 1.349070000E+00 5.739575666E+01
2.195030000E-02 -9.999000000E+03 1.359170000E+00 5.648214375E+01
2.230530000E-02 -9.999000000E+03 1.369340000E+00 5.558320220E+01
2.266610000E-02 -9.999000000E+03 1.379590000E+00 5.469842628E+01
2.303270000E-02 -9.999000000E+03 1.389920000E+00 5.382781871E+01
2.340530000E-02 -9.999000000E+03 1.389420000E+00 5.297090830E+01
2.378380000E-02 -9.999000000E+03 1.380020000E+00 5.212791900E+01
2.416850000E-02 -9.999000000E+03 1.370690000E+00 5.129817738E+01
2.455940000E-02 -9.999000000E+03 1.361430000E+00 5.048168929E+01
2.495660000E-02 -9.999000000E+03 1.366350000E+00 4.967824143E+01
2.536030000E-02 -9.999000000E+03 1.396050000E+00 4.888743430E+01
2.577050000E-02 -9.999000000E+03 1.426390000E+00 4.810927223E+01
2.618730000E-02 -9.999000000E+03 1.457400000E+00 4.734355966E+01
2.661090000E-02 -9.999000000E+03 1.489080000E+00 4.658993119E+01
2.704130000E-02 -9.999000000E+03 1.521450000E+00 4.584838747E+01
2.747860000E-02 -9.999000000E+03 1.560010000E+00 4.511874695E+01
2.792310000E-02 -9.999000000E+03 1.613250000E+00 4.440051427E+01
2.837470000E-02 -9.999000000E+03 1.668300000E+00 4.369385403E+01
2.883370000E-02 -9.999000000E+03 1.725240000E+00 4.299829713E+01
2.930000000E-02 1.327100000E+00 1.784110000E+00 4.231399317E+01
2.977390000E-02 1.294340000E+00 1.845000000E+00 4.164049721E+01
3.025550000E-02 1.262760000E+00 1.907960000E+00 4.097767348E+01
3.074490000E-02 1.232230000E+00 1.973070000E+00 4.032538730E+01
3.124210000E-02 1.202630000E+00 2.040410000E+00 3.968363202E+01
3.174750000E-02 1.173700000E+00 2.110390000E+00 3.905189385E+01
3.226090000E-02 1.146260000E+00 2.183300000E+00 3.843042197E+01
3.278270000E-02 1.120280000E+00 2.258730000E+00 3.781872756E+01
3.331300000E-02 1.095790000E+00 2.336770000E+00 3.721670219E+01
3.385180000E-02 1.072890000E+00 2.417500000E+00 3.662434494E+01
3.439930000E-02 1.051770000E+00 2.501020000E+00 3.604143108E+01
3.495570000E-02 1.032700000E+00 2.587420000E+00 3.546774918E+01
3.552110000E-02 1.016000000E+00 2.676820000E+00 3.490319838E+01
3.609560000E-02 1.002180000E+00 2.769300000E+00 3.434767673E+01
3.667940000E-02 9.919340000E-01 2.864970000E+00 3.380098911E+01
3.727270000E-02 9.872190000E-01 2.963950000E+00 3.326295117E+01
3.787550000E-02 9.923420000E-01 3.066350000E+00 3.273356127E+01
3.848820000E-02 1.003310000E+00 3.153050000E+00 3.221247032E+01
3.911070000E-02 1.007290000E+00 3.238580000E+00 3.169976503E+01
3.974320000E-02 1.009280000E+00 3.326440000E+00 3.119527366E+01
4.038610000E-02 1.010980000E+00 3.416670000E+00 3.069868098E+01
4.103930000E-02 1.013170000E+00 3.509360000E+00 3.021006694E+01
4.170310000E-02 1.016400000E+00 3.604560000E+00 2.972920478E+01
4.237760000E-02 1.021170000E+00 3.702340000E+00 2.925602205E+01
4.306300000E-02 1.027960000E+00 3.802770000E+00 2.879037689E+01
4.375950000E-02 1.037400000E+00 3.905930000E+00 2.833213359E+01
4.446730000E-02 1.050320000E+00 4.011890000E+00 2.788116211E+01
4.518650000E-02 1.069450000E+00 4.120720000E+00 2.743739834E+01
4.591740000E-02 1.101450000E+00 4.226500000E+00 2.700065770E+01
4.666000000E-02 1.128420000E+00 4.319410000E+00 2.657093871E+01
4.741470000E-02 1.150580000E+00 4.414350000E+00 2.614800895E+01
4.818160000E-02 1.171690000E+00 4.511380000E+00 2.573181463E+01
4.896090000E-02 1.192710000E+00 4.610540000E+00 2.532224694E+01
4.975280000E-02 1.214220000E+00 4.711890000E+00 2.491920053E+01
5.055760000E-02 1.236630000E+00 4.815450000E+00 2.452252480E+01
5.137530000E-02 1.260350000E+00 4.921300000E+00 2.413221918E+01
5.220620000E-02 1.285740000E+00 5.029470000E+00 2.374813719E+01
5.305060000E-02 1.313480000E+00 5.140030000E+00 2.337014096E+01
5.390870000E-02 1.344930000E+00 5.253010000E+00 2.299814316E+01
5.478060000E-02 1.378990000E+00 5.363680000E+00 2.263209968E+01
5.566670000E-02 1.412870000E+00 5.475810000E+00 2.227184295E+01
5.656700000E-02 1.448030000E+00 5.590280000E+00 2.191737232E+01
5.748200000E-02 1.485150000E+00 5.707150000E+00 2.156849101E+01
5.841170000E-02 1.524770000E+00 5.826460000E+00 2.122519975E+01
5.935640000E-02 1.567400000E+00 5.948260000E+00 2.088738535E+01
6.031650000E-02 1.613730000E+00 6.072610000E+00 2.055490620E+01
6.129210000E-02 1.664660000E+00 6.199570000E+00 2.022772919E+01
6.228340000E-02 1.722390000E+00 6.329170000E+00 1.990578549E+01
6.329080000E-02 1.792990000E+00 6.461480000E+00 1.958894500E+01
6.431450000E-02 1.871250000E+00 6.573080000E+00 1.927714590E+01
6.535470000E-02 1.940100000E+00 6.680440000E+00 1.897032654E+01
6.641180000E-02 2.005980000E+00 6.789560000E+00 1.866836918E+01
6.748590000E-02 2.071330000E+00 6.900450000E+00 1.837124496E+01
6.857750000E-02 2.137390000E+00 7.013160000E+00 1.807881594E+01
6.968670000E-02 2.205060000E+00 7.127700000E+00 1.779105626E+01
7.081380000E-02 2.275440000E+00 7.244120000E+00 1.750788688E+01
7.195910000E-02 2.350390000E+00 7.362430000E+00 1.722923161E+01
7.312300000E-02 2.436070000E+00 7.480880000E+00 1.695499364E+01
7.430570000E-02 2.520230000E+00 7.579940000E+00 1.668512644E+01
7.550760000E-02 2.597580000E+00 7.680300000E+00 1.641953923E+01
7.672890000E-02 2.671190000E+00 7.782000000E+00 1.615818811E+01
7.796990000E-02 2.742990000E+00 7.885040000E+00 1.590100795E+01
7.923100000E-02 2.813260000E+00 7.989450000E+00 1.564791559E+01
8.051250000E-02 2.881990000E+00 8.095240000E+00 1.539885111E+01
8.181470000E-02 2.948530000E+00 8.202430000E+00 1.515375599E+01
8.313800000E-02 3.009860000E+00 8.311040000E+00 1.491255503E+01
8.448270000E-02 3.066770000E+00 8.434200000E+00 1.467519386E+01
8.584910000E-02 3.132030000E+00 8.564330000E+00 1.444161907E+01
8.723770000E-02 3.202930000E+00 8.696460000E+00 1.421174561E+01
8.864870000E-02 3.277000000E+00 8.830630000E+00 1.398554068E+01
9.008250000E-02 3.353670000E+00 8.966880000E+00 1.376293953E+01
9.153950000E-02 3.432370000E+00 9.105220000E+00 1.354387996E+01
9.302010000E-02 3.511690000E+00 9.245710000E+00 1.332830216E+01
9.452460000E-02 3.590120000E+00 9.391450000E+00 1.311616235E+01
9.605350000E-02 3.667770000E+00 9.549480000E+00 1.290739015E+01
9.760710000E-02 3.758040000E+00 9.717190000E+00 1.270194484E+01
9.918580000E-02 3.858690000E+00 9.887850000E+00 1.249977315E+01
1.007900000E-01 3.967580000E+00 1.006150000E+01 1.230082349E+01
1.024200000E-01 4.084880000E+00 1.023820000E+01 1.210505761E+01
1.040770000E-01 4.211200000E+00 1.041800000E+01 1.191233414E+01
1.057600000E-01 4.347450000E+00 1.060100000E+01 1.172276853E+01
1.074710000E-01 4.495200000E+00 1.078710000E+01 1.153613533E+01
1.092090000E-01 4.656750000E+00 1.097660000E+01 1.135254420E+01
1.109750000E-01 4.838020000E+00 1.116940000E+01 1.117188556E+01
1.127700000E-01 5.063620000E+00 1.136550000E+01 1.099405870E+01
1.145940000E-01 5.295320000E+00 1.148550000E+01 1.081906557E+01
1.164480000E-01 5.500900000E+00 1.160060000E+01 1.064681231E+01
1.183310000E-01 5.697620000E+00 1.171680000E+01 1.047738970E+01
1.202450000E-01 5.891500000E+00 1.183420000E+01 1.031061583E+01
1.221900000E-01 6.085320000E+00 1.195270000E+01 1.014649317E+01
1.241660000E-01 6.280880000E+00 1.207250000E+01 9.985020054E+00
1.261750000E-01 6.479670000E+00 1.219340000E+01 9.826035268E+00
1.282150000E-01 6.683060000E+00 1.231560000E+01 9.669695433E+00
1.302890000E-01 6.892600000E+00 1.243900000E+01 9.515768791E+00
1.323970000E-01 7.110190000E+00 1.256360000E+01 9.364260519E+00
1.345380000E-01 7.338640000E+00 1.268940000E+01 9.215240304E+00
1.367140000E-01 7.583010000E+00 1.281660000E+01 9.068566496E+00
1.389250000E-01 7.860350000E+00 1.294500000E+01 8.924239698E+00
1.411720000E-01 8.173190000E+00 1.300640000E+01 8.782194770E+00
1.434560000E-01 8.447110000E+00 1.303180000E+01 8.642371180E+00
1.457760000E-01 8.693660000E+00 1.305730000E+01 8.504829327E+00
1.481340000E-01 8.930380000E+00 1.308280000E+01 8.369449282E+00
1.505300000E-01 9.160280000E+00 1.310840000E+01 8.236231980E+00
1.529640000E-01 9.385390000E+00 1.313400000E+01 8.105175074E+00
1.554390000E-01 9.607080000E+00 1.315970000E+01 7.976119249E+00
1.579530000E-01 9.826450000E+00 1.318540000E+01 7.849170323E+00
1.605070000E-01 1.004440000E+01 1.321120000E+01 7.724273708E+00
1.631030000E-01 1.026160000E+01 1.323700000E+01 7.601331674E+00
1.657420000E-01 1.047900000E+01 1.326290000E+01 7.480300708E+00
1.684220000E-01 1.069740000E+01 1.328880000E+01 7.361271093E+00
1.711460000E-01 1.091790000E+01 1.331480000E+01 7.244107370E+00
1.739150000E-01 1.114200000E+01 1.334080000E+01 7.128769801E+00
1.767270000E-01 1.137320000E+01 1.336690000E+01 7.015340044E+00
1.795860000E-01 1.162490000E+01 1.338720000E+01 6.903656187E+00
1.824910000E-01 1.186600000E+01 1.336960000E+01 6.793759692E+00
1.854420000E-01 1.209340000E+01 1.335200000E+01 6.685648343E+00
1.884420000E-01 1.231260000E+01 1.333450000E+01 6.579212702E+00
1.914890000E-01 1.252710000E+01 1.331700000E+01 6.474523341E+00
1.945870000E-01 1.273830000E+01 1.329950000E+01 6.371443108E+00
1.977340000E-01 1.294700000E+01 1.328210000E+01 6.270039548E+00
2.009320000E-01 1.315370000E+01 1.326460000E+01 6.170246651E+00
2.041820000E-01 1.335920000E+01 1.324720000E+01 6.072033774E+00
2.074850000E-01 1.356370000E+01 1.322980000E+01 5.975371714E+00
2.108400000E-01 1.376770000E+01 1.321240000E+01 5.880288370E+00
2.142510000E-01 1.397160000E+01 1.319510000E+01 5.786670774E+00
2.177160000E-01 1.417580000E+01 1.317770000E+01 5.694574583E+00
2.212370000E-01 1.438080000E+01 1.316040000E+01 5.603945091E+00
2.248160000E-01 1.458710000E+01 1.314310000E+01 5.514732048E+00
2.284520000E-01 1.479520000E+01 1.312590000E+01 5.426960587E+00
2.321470000E-01 1.500590000E+01 1.310870000E+01 5.340581614E+00
2.359020000E-01 1.522020000E+01 1.309140000E+01 5.255572229E+00
2.397170000E-01 1.543980000E+01 1.307420000E+01 5.171931903E+00
2.435950000E-01 1.566750000E+01 1.305710000E+01 5.089595435E+00
2.475350000E-01 1.591200000E+01 1.303990000E+01 5.008584645E+00
2.515380000E-01 1.618400000E+01 1.298600000E+01 4.928877545E+00
2.556070000E-01 1.642950000E+01 1.290000000E+01 4.850414895E+00
2.597410000E-01 1.665190000E+01 1.281470000E+01 4.773216396E+00
2.639420000E-01 1.686580000E+01 1.272990000E+01 4.697244092E+00
2.682110000E-01 1.707370000E+01 1.264570000E+01 4.622480062E+00
2.725490000E-01 1.727710000E+01 1.256200000E+01 4.548906802E+00
2.769570000E-01 1.747750000E+01 1.247890000E+01 4.476507183E+00
2.814370000E-01 1.767570000E+01 1.239630000E+01 4.405248777E+00
2.859890000E-01 1.787300000E+01 1.231430000E+01 4.335131771E+00
2.906150000E-01 1.807060000E+01 1.223280000E+01 4.266125286E+00
2.953150000E-01 1.826990000E+01 1.215180000E+01 4.198229010E+00
3.000920000E-01 1.847320000E+01 1.207140000E+01 4.131399704E+00
3.049450000E-01 1.868510000E+01 1.199160000E+01 4.065651183E+00
3.098780000E-01 1.892260000E+01 1.191220000E+01 4.000929398E+00
3.148900000E-01 1.916840000E+01 1.176850000E+01 3.937247928E+00
3.199830000E-01 1.938070000E+01 1.160580000E+01 3.874580837E+00
3.251580000E-01 1.956540000E+01 1.144530000E+01 3.812915567E+00
3.304180000E-01 1.973680000E+01 1.128700000E+01 3.752216889E+00
3.357620000E-01 1.989770000E+01 1.113100000E+01 3.692496471E+00
3.411920000E-01 2.005000000E+01 1.097700000E+01 3.633731154E+00
3.467110000E-01 2.019490000E+01 1.082530000E+01 3.575888853E+00
3.523190000E-01 2.033350000E+01 1.067560000E+01 3.518970024E+00
3.580170000E-01 2.046660000E+01 1.052800000E+01 3.462964049E+00
3.638080000E-01 2.059500000E+01 1.038240000E+01 3.407841499E+00
3.696920000E-01 2.071930000E+01 1.023880000E+01 3.353602458E+00
3.756720000E-01 2.084040000E+01 1.009720000E+01 3.300219340E+00
3.817480000E-01 2.095930000E+01 9.957610000E+00 3.247692195E+00
3.879220000E-01 2.107710000E+01 9.819920000E+00 3.196003320E+00
3.941970000E-01 2.120690000E+01 9.683220000E+00 3.145127944E+00
4.005730000E-01 2.132690000E+01 9.520240000E+00 3.095066318E+00
4.070520000E-01 2.143040000E+01 9.359990000E+00 3.045802502E+00
4.136350000E-01 2.152480000E+01 9.202460000E+00 2.997328563E+00
4.203260000E-01 2.161230000E+01 9.047560000E+00 2.949615299E+00
4.271240000E-01 2.169370000E+01 8.895280000E+00 2.902669951E+00
4.340320000E-01 2.176990000E+01 8.745560000E+00 2.856471412E+00
4.410520000E-01 2.184130000E+01 8.598350000E+00 2.811006412E+00
4.481860000E-01 2.190840000E+01 8.453630000E+00 2.766262221E+00
4.554350000E-01 2.197140000E+01 8.311340000E+00 2.722232591E+00
4.628020000E-01 2.203070000E+01 8.171450000E+00 2.678899400E+00
4.702870000E-01 2.208670000E+01 8.033910000E+00 2.636262538E+00
4.778940000E-01 2.213950000E+01 7.898690000E+00 2.594299154E+00
4.856230000E-01 2.218950000E+01 7.765740000E+00 2.553009227E+00
4.934780000E-01 2.223700000E+01 7.635030000E+00 2.512371372E+00
5.014590000E-01 2.228240000E+01 7.506530000E+00 2.472385579E+00
5.095700000E-01 2.232640000E+01 7.380180000E+00 2.433031772E+00
5.178120000E-01 2.236960000E+01 7.255970000E+00 2.394305269E+00
5.261870000E-01 2.242160000E+01 7.133840000E+00 2.356196561E+00
5.346980000E-01 2.246760000E+01 6.992520000E+00 2.318692047E+00
5.433460000E-01 2.250050000E+01 6.852650000E+00 2.281787296E+00
5.521340000E-01 2.252600000E+01 6.715590000E+00 2.245469397E+00
5.610650000E-01 2.254560000E+01 6.581270000E+00 2.209726146E+00
5.701390000E-01 2.256040000E+01 6.449630000E+00 2.174557432E+00
5.793610000E-01 2.257080000E+01 6.320620000E+00 2.139943835E+00
5.887320000E-01 2.257710000E+01 6.194200000E+00 2.105881793E+00
5.982540000E-01 2.257980000E+01 6.070310000E+00 2.072363912E+00
6.079300000E-01 2.257920000E+01 5.948890000E+00 2.039379534E+00
6.177630000E-01 2.257550000E+01 5.829900000E+00 2.006918511E+00
6.277550000E-01 2.256930000E+01 5.713300000E+00 1.974974313E+00
6.379080000E-01 2.256110000E+01 5.599020000E+00 1.943540448E+00
6.482260000E-01 2.255180000E+01 5.487030000E+00 1.912604555E+00
6.587110000E-01 2.254380000E+01 5.377280000E+00 1.882160765E+00
6.693650000E-01 2.254590000E+01 5.269720000E+00 1.852203208E+00
6.801910000E-01 2.254960000E+01 5.130250000E+00 1.822723323E+00
6.911930000E-01 2.253040000E+01 4.979010000E+00 1.793710295E+00
7.023720000E-01 2.248900000E+01 4.832230000E+00 1.765161481E+00
7.137330000E-01 2.243490000E+01 4.689780000E+00 1.737064140E+00
7.252770000E-01 2.236970000E+01 4.551520000E+00 1.709415851E+00
7.370080000E-01 2.229390000E+01 4.417340000E+00 1.682206977E+00
7.489280000E-01 2.220790000E+01 4.287110000E+00 1.655432832E+00
7.610420000E-01 2.211170000E+01 4.160730000E+00 1.629082232E+00
7.733510000E-01 2.200470000E+01 4.038070000E+00 1.603153031E+00
7.858590000E-01 2.188610000E+01 3.919030000E+00 1.577636701E+00
7.985700000E-01 2.175410000E+01 3.803500000E+00 1.552525139E+00
8.114860000E-01 2.160090000E+01 3.691370000E+00 1.527814405E+00
8.246110000E-01 2.143810000E+01 3.607830000E+00 1.503496800E+00
8.379490000E-01 2.127460000E+01 3.530970000E+00 1.479564985E+00
8.515020000E-01 2.110730000E+01 3.455310000E+00 1.456015370E+00
8.652740000E-01 2.093010000E+01 3.380590000E+00 1.432840927E+00
8.792690000E-01 2.073940000E+01 3.306880000E+00 1.410034927E+00
8.934910000E-01 2.053270000E+01 3.234940000E+00 1.387590921E+00
9.079430000E-01 2.030740000E+01 3.164500000E+00 1.365504222E+00
9.226280000E-01 2.005950000E+01 3.095530000E+00 1.343770187E+00
9.375510000E-01 1.978500000E+01 3.028480000E+00 1.322381396E+00
9.527150000E-01 1.947820000E+01 2.962920000E+00 1.301333557E+00
9.681240000E-01 1.913170000E+01 2.898820000E+00 1.280621077E+00
9.837830000E-01 1.873520000E+01 2.836150000E+00 1.260237268E+00
9.996950000E-01 1.827440000E+01 2.775320000E+00 1.240178254E+00
1.015860000E+00 1.772770000E+01 2.716300000E+00 1.220443762E+00
1.032290000E+00 1.706560000E+01 2.662640000E+00 1.201019093E+00
1.048990000E+00 1.623290000E+01 2.609630000E+00 1.181898779E+00
1.065960000E+00 1.512330000E+01 2.557210000E+00 1.163083043E+00
1.083200000E+00 1.349220000E+01 2.505800000E+00 1.144571640E+00
1.100720000E+00 1.051240000E+01 2.455410000E+00 1.126353659E+00
1.116600000E+00 -1.067250000E+01 2.411280000E+00 1.110334945E+00
1.116800000E+00 -1.066780000E+01 1.562680000E+01 1.110136103E+00
1.118520000E+00 1.568710000E+00 1.561150000E+01 1.108428995E+00
1.136610000E+00 1.179210000E+01 1.545310000E+01 1.090787517E+00
1.155000000E+00 1.466520000E+01 1.529620000E+01 1.073419913E+00
1.173680000E+00 1.643680000E+01 1.514100000E+01 1.056335628E+00
1.192660000E+00 1.772880000E+01 1.498730000E+01 1.039525095E+00
1.211950000E+00 1.874420000E+01 1.483520000E+01 1.022979496E+00
1.231550000E+00 1.957000000E+01 1.468460000E+01 1.006698875E+00
1.251470000E+00 2.024180000E+01 1.453680000E+01 9.906749662E-01
1.271720000E+00 2.074130000E+01 1.439060000E+01 9.749001352E-01
1.292290000E+00 2.077230000E+01 1.424580000E+01 9.593821820E-01
1.298900000E+00 1.878990000E+01 1.420010000E+01 9.544999615E-01
1.299100000E+00 1.880110000E+01 1.588520000E+01 9.543530136E-01
1.313190000E+00 2.199270000E+01 1.563650000E+01 9.441131900E-01
1.334430000E+00 2.312090000E+01 1.527380000E+01 9.290858269E-01
1.356010000E+00 2.392340000E+01 1.491940000E+01 9.143000420E-01
1.377940000E+00 2.458110000E+01 1.457340000E+01 8.997489005E-01
1.400230000E+00 2.514670000E+01 1.423530000E+01 8.854259657E-01
1.422880000E+00 2.564480000E+01 1.390510000E+01 8.713313842E-01
1.445890000E+00 2.608970000E+01 1.358240000E+01 8.574649524E-01
1.469280000E+00 2.649090000E+01 1.326740000E+01 8.438146575E-01
1.493040000E+00 2.685520000E+01 1.295990000E+01 8.303863259E-01
1.517190000E+00 2.718810000E+01 1.266060000E+01 8.171685814E-01
1.541730000E+00 2.749430000E+01 1.236820000E+01 8.041615588E-01
1.566670000E+00 2.777660000E+01 1.208260000E+01 7.913600184E-01
1.592010000E+00 2.803760000E+01 1.180360000E+01 7.787639525E-01
1.617760000E+00 2.827970000E+01 1.153110000E+01 7.663683117E-01
1.643920000E+00 2.850480000E+01 1.126490000E+01 7.541729525E-01
1.670510000E+00 2.871480000E+01 1.100480000E+01 7.421685593E-01
1.697530000E+00 2.891170000E+01 1.075070000E+01 7.303552809E-01
1.724990000E+00 2.909900000E+01 1.050250000E+01 7.187288042E-01
1.752890000E+00 2.927460000E+01 1.025210000E+01 7.072891054E-01
1.781240000E+00 2.943640000E+01 1.000520000E+01 6.960319777E-01
1.810050000E+00 2.958420000E+01 9.762280000E+00 6.849534543E-01
1.839320000E+00 2.972010000E+01 9.525190000E+00 6.740534545E-01
1.869070000E+00 2.984570000E+01 9.293820000E+00 6.633245411E-01
1.899300000E+00 2.996190000E+01 9.068030000E+00 6.527668088E-01
1.930020000E+00 3.006970000E+01 8.847870000E+00 6.423767629E-01
1.961240000E+00 3.017000000E+01 8.633070000E+00 6.321510881E-01
1.992960000E+00 3.026200000E+01 8.423430000E+00 6.220897559E-01
2.025200000E+00 3.035090000E+01 8.222600000E+00 6.121864507E-01
2.057950000E+00 3.043520000E+01 8.019440000E+00 6.024441799E-01
2.091240000E+00 3.051160000E+01 7.820200000E+00 5.928540005E-01
2.125060000E+00 3.058120000E+01 7.625650000E+00 5.834188211E-01
2.159430000E+00 3.064520000E+01 7.435310000E+00 5.741329888E-01
2.194360000E+00 3.070360000E+01 7.248870000E+00 5.649938934E-01
2.229850000E+00 3.075700000E+01 7.066880000E+00 5.560015248E-01
2.265920000E+00 3.080570000E+01 6.888800000E+00 5.471508262E-01
2.302570000E+00 3.084990000E+01 6.714910000E+00 5.384418280E-01
2.339810000E+00 3.089000000E+01 6.544850000E+00 5.298720836E-01
2.377660000E+00 3.092610000E+01 6.378610000E+00 5.214370431E-01
2.416110000E+00 3.095840000E+01 6.216440000E+00 5.131388885E-01
2.455190000E+00 3.098730000E+01 6.057850000E+00 5.049711020E-01
2.494900000E+00 3.101300000E+01 5.903150000E+00 4.969337448E-01
2.535260000E+00 3.103560000E+01 5.751940000E+00 4.890228221E-01
2.576260000E+00 3.105520000E+01 5.604220000E+00 4.812402475E-01
2.617930000E+00 3.107200000E+01 5.460150000E+00 4.735802714E-01
2.660270000E+00 3.108640000E+01 5.319500000E+00 4.660429205E-01
2.703300000E+00 3.109830000E+01 5.182070000E+00 4.586246440E-01
2.747030000E+00 3.110770000E+01 5.047960000E+00 4.513237933E-01
2.791460000E+00 3.111520000E+01 4.917330000E+00 4.441403423E-01
2.836610000E+00 3.112050000E+01 4.789380000E+00 4.370710108E-01
2.882490000E+00 3.112380000E+01 4.665020000E+00 4.301142415E-01
2.929110000E+00 3.112550000E+01 4.543520000E+00 4.232685014E-01
2.976480000E+00 3.112540000E+01 4.425000000E+00 4.165322797E-01
3.024630000E+00 3.112370000E+01 4.309400000E+00 4.099013764E-01
3.073550000E+00 3.112050000E+01 4.196670000E+00 4.033772023E-01
3.123260000E+00 3.111600000E+01 4.086700000E+00 3.969570257E-01
3.173780000E+00 3.111010000E+01 3.979460000E+00 3.906382925E-01
3.225110000E+00 3.110290000E+01 3.874930000E+00 3.844209965E-01
3.277270000E+00 3.109460000E+01 3.772960000E+00 3.783026727E-01
3.330280000E+00 3.108520000E+01 3.673550000E+00 3.722810094E-01
3.384150000E+00 3.107480000E+01 3.576660000E+00 3.663549193E-01
3.438880000E+00 3.106340000E+01 3.482180000E+00 3.605243568E-01
3.494500000E+00 3.105120000E+01 3.390090000E+00 3.547860924E-01
3.551020000E+00 3.103800000E+01 3.300320000E+00 3.491391206E-01
3.608460000E+00 3.102410000E+01 3.212830000E+00 3.435814724E-01
3.666820000E+00 3.100940000E+01 3.127550000E+00 3.381131335E-01
3.726130000E+00 3.099410000E+01 3.044500000E+00 3.327312788E-01
3.786400000E+00 3.097810000E+01 2.963470000E+00 3.274350306E-01
3.847640000E+00 3.096140000E+01 2.884550000E+00 3.222234928E-01
3.909870000E+00 3.094420000E+01 2.807670000E+00 3.170949418E-01
3.973110000E+00 3.092650000E+01 2.732750000E+00 3.120477409E-01
4.037380000E+00 3.090830000E+01 2.659730000E+00 3.070803343E-01
4.102680000E+00 3.088960000E+01 2.588590000E+00 3.021927131E-01
4.169030000E+00 3.087040000E+01 2.519250000E+00 2.973833242E-01
4.236460000E+00 3.085080000E+01 2.451710000E+00 2.926499955E-01
4.304980000E+00 3.083090000E+01 2.385970000E+00 2.879920464E-01
4.374620000E+00 3.081060000E+01 2.321850000E+00 2.834074731E-01
4.445370000E+00 3.078980000E+01 2.259400000E+00 2.788969197E-01
4.517270000E+00 3.076880000E+01 2.198610000E+00 2.744578031E-01
4.590330000E+00 3.074750000E+01 2.139360000E+00 2.700895143E-01
4.664580000E+00 3.072580000E+01 2.081620000E+00 2.657902748E-01
4.740030000E+00 3.070380000E+01 2.025400000E+00 2.615595260E-01
4.816690000E+00 3.068150000E+01 1.970630000E+00 2.573966770E-01
4.894600000E+00 3.065900000E+01 1.917300000E+00 2.532995546E-01
4.973770000E+00 3.063620000E+01 1.865340000E+00 2.492676581E-01
5.054210000E+00 3.061300000E+01 1.814720000E+00 2.453004525E-01
5.135960000E+00 3.058960000E+01 1.765430000E+00 2.413959610E-01
5.219030000E+00 3.056600000E+01 1.717430000E+00 2.375537217E-01
5.303440000E+00 3.054200000E+01 1.670600000E+00 2.337727965E-01
5.389220000E+00 3.051770000E+01 1.625080000E+00 2.300518442E-01
5.476390000E+00 3.049320000E+01 1.580670000E+00 2.263900124E-01
5.564970000E+00 3.046830000E+01 1.537500000E+00 2.227864661E-01
5.654980000E+00 3.044310000E+01 1.495380000E+00 2.192403863E-01
5.746440000E+00 3.041750000E+01 1.454430000E+00 2.157509693E-01
5.839390000E+00 3.039160000E+01 1.414480000E+00 2.123166975E-01
5.933830000E+00 3.036520000E+01 1.375610000E+00 2.089375665E-01
6.029810000E+00 3.033850000E+01 1.337720000E+00 2.056117854E-01
6.127330000E+00 3.031130000E+01 1.300870000E+00 2.023393550E-01
6.226440000E+00 3.028360000E+01 1.264950000E+00 1.991185975E-01
6.327150000E+00 3.025540000E+01 1.229950000E+00 1.959492030E-01
6.429480000E+00 3.022660000E+01 1.195870000E+00 1.928305244E-01
6.533480000E+00 3.019720000E+01 1.162630000E+00 1.897610462E-01
6.639150000E+00 3.016700000E+01 1.130290000E+00 1.867407725E-01
6.746540000E+00 3.013610000E+01 1.098810000E+00 1.837682723E-01
6.855650000E+00 3.010440000E+01 1.068130000E+00 1.808435378E-01
6.966540000E+00 3.007170000E+01 1.038250000E+00 1.779649582E-01
7.079220000E+00 3.003800000E+01 1.009140000E+00 1.751322886E-01
7.193720000E+00 3.000310000E+01 9.807860000E-01 1.723447674E-01
7.310070000E+00 2.996700000E+01 9.531770000E-01 1.696016591E-01
7.428310000E+00 2.992940000E+01 9.262760000E-01 1.669020275E-01
7.548450000E+00 2.989020000E+01 9.000710000E-01 1.642456398E-01
7.670540000E+00 2.984920000E+01 8.745450000E-01 1.616313845E-01
7.794610000E+00 2.980610000E+01 8.496870000E-01 1.590586315E-01
7.920680000E+00 2.976060000E+01 8.254580000E-01 1.565269649E-01
8.048790000E+00 2.971240000E+01 8.018570000E-01 1.540355755E-01
8.178980000E+00 2.966110000E+01 7.788640000E-01 1.515836938E-01
8.311260000E+00 2.960610000E+01 7.564680000E-01 1.491711245E-01
8.445690000E+00 2.954680000E+01 7.346640000E-01 1.467967685E-01
8.582290000E+00 2.948240000E+01 7.133900000E-01 1.444602781E-01
8.721110000E+00 2.941180000E+01 6.926750000E-01 1.421608029E-01
8.862160000E+00 2.933380000E+01 6.724970000E-01 1.398981738E-01
9.005500000E+00 2.924650000E+01 6.528330000E-01 1.376714230E-01
9.151160000E+00 2.914740000E+01 6.336810000E-01 1.354800921E-01
9.299170000E+00 2.903310000E+01 6.150090000E-01 1.333237267E-01
9.449580000E+00 2.889820000E+01 5.968070000E-01 1.312015984E-01
9.602420000E+00 2.873420000E+01 5.790770000E-01 1.291132860E-01
9.757730000E+00 2.852680000E+01 5.618160000E-01 1.270582400E-01
9.915550000E+00 2.824730000E+01 5.449920000E-01 1.250359284E-01
1.007590000E+01 2.782730000E+01 5.285830000E-01 1.230460803E-01
1.023890000E+01 2.701320000E+01 5.125920000E-01 1.210872262E-01
1.036700000E+01 1.944280000E+01 5.005330000E-01 1.195910099E-01
1.036720000E+01 1.944320000E+01 3.854800000E+00 1.195887028E-01
1.040450000E+01 2.580070000E+01 3.834330000E+00 1.191599789E-01
1.057280000E+01 2.769420000E+01 3.744260000E+00 1.172631659E-01
1.074380000E+01 2.839010000E+01 3.655560000E+00 1.153967870E-01
1.091760000E+01 2.883260000E+01 3.568280000E+00 1.135597567E-01
1.109420000E+01 2.915860000E+01 3.482420000E+00 1.117520867E-01
1.127360000E+01 2.941640000E+01 3.398000000E+00 1.099737440E-01
1.145590000E+01 2.962900000E+01 3.315050000E+00 1.082237101E-01
1.164120000E+01 2.980910000E+01 3.233570000E+00 1.065010480E-01
1.182950000E+01 2.996460000E+01 3.153560000E+00 1.048057822E-01
1.202080000E+01 3.010070000E+01 3.075030000E+00 1.031378943E-01
1.221530000E+01 3.022100000E+01 2.997990000E+00 1.014956653E-01
1.241280000E+01 3.032830000E+01 2.922440000E+00 9.988076824E-02
1.261360000E+01 3.042450000E+01 2.848370000E+00 9.829073381E-02
1.281760000E+01 3.051130000E+01 2.775770000E+00 9.672637623E-02
1.302500000E+01 3.058980000E+01 2.704650000E+00 9.518618042E-02
1.323560000E+01 3.066110000E+01 2.634990000E+00 9.367161292E-02
1.344970000E+01 3.072590000E+01 2.566790000E+00 9.218049473E-02
1.366720000E+01 3.078510000E+01 2.500020000E+00 9.071353313E-02
1.388830000E+01 3.083910000E+01 2.434700000E+00 8.926938502E-02
1.411290000E+01 3.088840000E+01 2.370780000E+00 8.784870579E-02
1.434120000E+01 3.093360000E+01 2.308280000E+00 8.645022732E-02
1.457310000E+01 3.097500000E+01 2.247160000E+00 8.507455517E-02
1.480890000E+01 3.101280000E+01 2.187410000E+00 8.371992518E-02
1.504840000E+01 3.104750000E+01 2.129020000E+00 8.238749635E-02
1.529180000E+01 3.107920000E+01 2.071960000E+00 8.107613231E-02
1.553910000E+01 3.110820000E+01 2.016230000E+00 7.978583058E-02
1.579040000E+01 3.113460000E+01 1.961790000E+00 7.851606039E-02
1.604580000E+01 3.115880000E+01 1.908630000E+00 7.726632514E-02
1.630540000E+01 3.118090000E+01 1.856740000E+00 7.603615980E-02
1.656910000E+01 3.120090000E+01 1.806080000E+00 7.482603159E-02
1.683710000E+01 3.121910000E+01 1.756650000E+00 7.363500840E-02
1.710940000E+01 3.123560000E+01 1.708410000E+00 7.246309046E-02
1.738610000E+01 3.125050000E+01 1.661360000E+00 7.130983947E-02
1.766740000E+01 3.126390000E+01 1.615460000E+00 7.017444559E-02
1.795310000E+01 3.127590000E+01 1.570690000E+00 6.905771148E-02
1.824350000E+01 3.128660000E+01 1.527040000E+00 6.795845096E-02
1.853860000E+01 3.129610000E+01 1.484490000E+00 6.687667893E-02
1.883840000E+01 3.130450000E+01 1.443010000E+00 6.581238322E-02
1.914310000E+01 3.131190000E+01 1.402580000E+00 6.476485000E-02
1.945270000E+01 3.131820000E+01 1.363180000E+00 6.373408319E-02
1.976740000E+01 3.132370000E+01 1.324800000E+00 6.271942694E-02
2.008710000E+01 3.132830000E+01 1.287400000E+00 6.172120416E-02
2.041200000E+01 3.133210000E+01 1.250960000E+00 6.073878111E-02
2.074210000E+01 3.133520000E+01 1.215480000E+00 5.977215422E-02
2.107760000E+01 3.133760000E+01 1.180920000E+00 5.882073860E-02
2.141850000E+01 3.133930000E+01 1.147270000E+00 5.788453907E-02
2.176500000E+01 3.134040000E+01 1.114510000E+00 5.696301401E-02
2.211700000E+01 3.134100000E+01 1.082620000E+00 5.605642718E-02
2.247470000E+01 3.134110000E+01 1.051570000E+00 5.516425136E-02
2.283820000E+01 3.134070000E+01 1.021350000E+00 5.428623972E-02
2.320760000E+01 3.133980000E+01 9.919450000E-01 5.342215481E-02
2.358300000E+01 3.133850000E+01 9.633260000E-01 5.257176780E-02
2.396440000E+01 3.133680000E+01 9.354810000E-01 5.173507369E-02
2.435200000E+01 3.133480000E+01 9.083890000E-01 5.091162943E-02
2.474590000E+01 3.133240000E+01 8.820350000E-01 5.010122889E-02
2.514620000E+01 3.132970000E+01 8.563980000E-01 4.930367213E-02
2.555290000E+01 3.132680000E+01 8.314630000E-01 4.851895480E-02
2.596620000E+01 3.132360000E+01 8.072120000E-01 4.774668608E-02
2.638610000E+01 3.132010000E+01 7.836290000E-01 4.698686051E-02
2.681290000E+01 3.131640000E+01 7.606960000E-01 4.623893723E-02
2.724660000E+01 3.131260000E+01 7.383990000E-01 4.550292514E-02
2.768730000E+01 3.130850000E+01 7.167210000E-01 4.477865303E-02
2.813510000E+01 3.130430000E+01 6.956450000E-01 4.406595320E-02
2.859020000E+01 3.130000000E+01 6.751590000E-01 4.336450952E-02
2.905260000E+01 3.129560000E+01 6.552460000E-01 4.267432175E-02
2.952250000E+01 3.129300000E+01 6.358910000E-01 4.199508849E-02
3.000000000E+01 3.128060000E+01 6.170810000E-01 4.132666667E-02
