# Data retrieved from henke.lbl.gov/optical_constants 03/01/2021
# Element, Ir  (Z = 77) 
# Atomic weight*, g mol-1 = 192.22 
# Nominal density*, g cm-3 =  0 
# Relativistic correction estimate f_rel(5CL)*,  e atom-1 =  0 
# Nuclear Thomson correction f_NT*, e atom-1 =  0 
#    E [keV]      f1 [e atom-1]      f2 [e atom-1]    Wavelength [nm] 
1.000000000E-02 -9.999000000E+03 2.227530000E+00 1.239800000E+02
1.016170000E-02 -9.999000000E+03 2.306830000E+00 1.220071445E+02
1.032610000E-02 -9.999000000E+03 2.388950000E+00 1.200646904E+02
1.049310000E-02 -9.999000000E+03 2.474000000E+00 1.181538344E+02
1.066280000E-02 -9.999000000E+03 2.562070000E+00 1.162733991E+02
1.083530000E-02 -9.999000000E+03 2.654170000E+00 1.144223049E+02
1.101060000E-02 -9.999000000E+03 2.750030000E+00 1.126005849E+02
1.118860000E-02 -9.999000000E+03 2.849350000E+00 1.108092165E+02
1.136960000E-02 -9.999000000E+03 2.947810000E+00 1.090451731E+02
1.155350000E-02 -9.999000000E+03 3.011800000E+00 1.073094733E+02
1.174040000E-02 -9.999000000E+03 3.077170000E+00 1.056011720E+02
1.193030000E-02 -9.999000000E+03 3.143970000E+00 1.039202702E+02
1.212320000E-02 -9.999000000E+03 3.212210000E+00 1.022667283E+02
1.231930000E-02 -9.999000000E+03 3.262050000E+00 1.006388350E+02
1.251860000E-02 -9.999000000E+03 3.304390000E+00 9.903663349E+01
1.272100000E-02 -9.999000000E+03 3.347290000E+00 9.746089144E+01
1.292680000E-02 -9.999000000E+03 3.390740000E+00 9.590927376E+01
1.313590000E-02 -9.999000000E+03 3.434760000E+00 9.438256990E+01
1.334830000E-02 -9.999000000E+03 3.476960000E+00 9.288074137E+01
1.356420000E-02 -9.999000000E+03 3.519620000E+00 9.140236800E+01
1.378360000E-02 -9.999000000E+03 3.562810000E+00 8.994747381E+01
1.400660000E-02 -9.999000000E+03 3.614960000E+00 8.851541416E+01
1.423310000E-02 -9.999000000E+03 3.700690000E+00 8.710681440E+01
1.446330000E-02 -9.999000000E+03 3.788460000E+00 8.572040959E+01
1.469730000E-02 -9.999000000E+03 3.878310000E+00 8.435562995E+01
1.493500000E-02 -9.999000000E+03 3.970290000E+00 8.301305658E+01
1.517650000E-02 -9.999000000E+03 4.071720000E+00 8.169208974E+01
1.542200000E-02 -9.999000000E+03 4.195600000E+00 8.039164829E+01
1.567140000E-02 -9.999000000E+03 4.323250000E+00 7.911226821E+01
1.592490000E-02 -9.999000000E+03 4.454780000E+00 7.785292215E+01
1.618250000E-02 -9.999000000E+03 4.607110000E+00 7.661362583E+01
1.644420000E-02 -9.999000000E+03 4.773310000E+00 7.539436397E+01
1.671020000E-02 -9.999000000E+03 4.945500000E+00 7.419420474E+01
1.698050000E-02 -9.999000000E+03 5.123910000E+00 7.301316216E+01
1.725510000E-02 -9.999000000E+03 5.308750000E+00 7.185122080E+01
1.753420000E-02 -9.999000000E+03 5.506020000E+00 7.070753157E+01
1.781780000E-02 -9.999000000E+03 5.742690000E+00 6.958210329E+01
1.810600000E-02 -9.999000000E+03 5.989540000E+00 6.847453883E+01
1.839890000E-02 -9.999000000E+03 6.246990000E+00 6.738446320E+01
1.869640000E-02 -9.999000000E+03 6.515520000E+00 6.631223123E+01
1.899880000E-02 -9.999000000E+03 6.748000000E+00 6.525675306E+01
1.930610000E-02 -9.999000000E+03 6.975610000E+00 6.421804507E+01
1.961840000E-02 -9.999000000E+03 7.210910000E+00 6.319577539E+01
1.993570000E-02 -9.999000000E+03 7.454140000E+00 6.218994066E+01
2.025820000E-02 -9.999000000E+03 7.684960000E+00 6.119990917E+01
2.058580000E-02 -9.999000000E+03 7.890570000E+00 6.022598102E+01
2.091880000E-02 -9.999000000E+03 8.101680000E+00 5.926726198E+01
2.125710000E-02 -9.999000000E+03 8.318440000E+00 5.832404232E+01
2.160090000E-02 -9.999000000E+03 8.525340000E+00 5.739575666E+01
2.195030000E-02 -9.999000000E+03 8.685060000E+00 5.648214375E+01
2.230530000E-02 -9.999000000E+03 8.847770000E+00 5.558320220E+01
2.266610000E-02 -9.999000000E+03 9.013530000E+00 5.469842628E+01
2.303270000E-02 -9.999000000E+03 9.182400000E+00 5.382781871E+01
2.340530000E-02 -9.999000000E+03 9.262010000E+00 5.297090830E+01
2.378380000E-02 -9.999000000E+03 9.328720000E+00 5.212791900E+01
2.416850000E-02 -9.999000000E+03 9.395910000E+00 5.129817738E+01
2.455940000E-02 -9.999000000E+03 9.463600000E+00 5.048168929E+01
2.495660000E-02 -9.999000000E+03 9.529480000E+00 4.967824143E+01
2.536030000E-02 -9.999000000E+03 9.590910000E+00 4.888743430E+01
2.577050000E-02 -9.999000000E+03 9.652720000E+00 4.810927223E+01
2.618730000E-02 -9.999000000E+03 9.714940000E+00 4.734355966E+01
2.661090000E-02 -9.999000000E+03 9.777550000E+00 4.658993119E+01
2.704130000E-02 -9.999000000E+03 9.798010000E+00 4.584838747E+01
2.747860000E-02 -9.999000000E+03 9.759760000E+00 4.511874695E+01
2.792310000E-02 -9.999000000E+03 9.721650000E+00 4.440051427E+01
2.837470000E-02 -9.999000000E+03 9.683690000E+00 4.369385403E+01
2.883370000E-02 -9.999000000E+03 9.645870000E+00 4.299829713E+01
2.930000000E-02 6.723340000E+00 9.608210000E+00 4.231399317E+01
2.977390000E-02 6.990720000E+00 9.552650000E+00 4.164049721E+01
3.025550000E-02 7.243520000E+00 9.413850000E+00 4.097767348E+01
3.074490000E-02 7.451800000E+00 9.277070000E+00 4.032538730E+01
3.124210000E-02 7.644440000E+00 9.142280000E+00 3.968363202E+01
3.174750000E-02 7.840770000E+00 9.009450000E+00 3.905189385E+01
3.226090000E-02 8.068460000E+00 8.830570000E+00 3.843042197E+01
3.278270000E-02 8.236920000E+00 8.542470000E+00 3.781872756E+01
3.331300000E-02 8.300870000E+00 8.263760000E+00 3.721670219E+01
3.385180000E-02 8.292950000E+00 7.994150000E+00 3.662434494E+01
3.439930000E-02 8.209210000E+00 7.816820000E+00 3.604143108E+01
3.495570000E-02 8.161400000E+00 7.674210000E+00 3.546774918E+01
3.552110000E-02 8.103730000E+00 7.534190000E+00 3.490319838E+01
3.609560000E-02 8.014460000E+00 7.396730000E+00 3.434767673E+01
3.667940000E-02 7.874880000E+00 7.326370000E+00 3.380098911E+01
3.727270000E-02 7.776550000E+00 7.303480000E+00 3.326295117E+01
3.787550000E-02 7.696690000E+00 7.280670000E+00 3.273356127E+01
3.848820000E-02 7.616970000E+00 7.257910000E+00 3.221247032E+01
3.911070000E-02 7.522230000E+00 7.235240000E+00 3.169976503E+01
3.974320000E-02 7.402420000E+00 7.220180000E+00 3.119527366E+01
4.038610000E-02 7.280980000E+00 7.273840000E+00 3.069868098E+01
4.103930000E-02 7.184420000E+00 7.327910000E+00 3.021006694E+01
4.170310000E-02 7.091930000E+00 7.382380000E+00 2.972920478E+01
4.237760000E-02 6.995500000E+00 7.437250000E+00 2.925602205E+01
4.306300000E-02 6.881320000E+00 7.492530000E+00 2.879037689E+01
4.375950000E-02 6.741270000E+00 7.571260000E+00 2.833213359E+01
4.446730000E-02 6.606530000E+00 7.665430000E+00 2.788116211E+01
4.518650000E-02 6.452950000E+00 7.760770000E+00 2.743739834E+01
4.591740000E-02 6.252630000E+00 7.857290000E+00 2.700065770E+01
4.666000000E-02 5.978930000E+00 7.986940000E+00 2.657093871E+01
4.741470000E-02 5.489750000E+00 8.137750000E+00 2.614800895E+01
4.818160000E-02 4.664010000E+00 8.823850000E+00 2.573181463E+01
4.896090000E-02 4.555340000E+00 1.007220000E+01 2.532224694E+01
4.975280000E-02 5.150890000E+00 1.154710000E+01 2.491920053E+01
5.055760000E-02 6.131790000E+00 1.163840000E+01 2.452252480E+01
5.137530000E-02 6.663970000E+00 1.173040000E+01 2.413221918E+01
5.220620000E-02 7.059040000E+00 1.182320000E+01 2.374813719E+01
5.305060000E-02 7.387590000E+00 1.191670000E+01 2.337014096E+01
5.390870000E-02 7.675410000E+00 1.201090000E+01 2.299814316E+01
5.478060000E-02 7.934580000E+00 1.210590000E+01 2.263209968E+01
5.566670000E-02 8.170610000E+00 1.220160000E+01 2.227184295E+01
5.656700000E-02 8.384490000E+00 1.229800000E+01 2.191737232E+01
5.748200000E-02 8.571600000E+00 1.239530000E+01 2.156849101E+01
5.841170000E-02 8.712950000E+00 1.249330000E+01 2.122519975E+01
5.935640000E-02 8.750190000E+00 1.265640000E+01 2.088738535E+01
6.031650000E-02 8.847890000E+00 1.302050000E+01 2.055490620E+01
6.129210000E-02 9.031260000E+00 1.339500000E+01 2.022772919E+01
6.228340000E-02 9.234050000E+00 1.382080000E+01 1.990578549E+01
6.329080000E-02 9.585380000E+00 1.441460000E+01 1.958894500E+01
6.431450000E-02 1.016850000E+01 1.503400000E+01 1.927714590E+01
6.535470000E-02 1.108600000E+01 1.545370000E+01 1.897032654E+01
6.641180000E-02 1.195410000E+01 1.569770000E+01 1.866836918E+01
6.748590000E-02 1.303090000E+01 1.589040000E+01 1.837124496E+01
6.857750000E-02 1.406730000E+01 1.552240000E+01 1.807881594E+01
6.968670000E-02 1.492780000E+01 1.516280000E+01 1.779105626E+01
7.081380000E-02 1.584260000E+01 1.462640000E+01 1.750788688E+01
7.195910000E-02 1.643600000E+01 1.389680000E+01 1.722923161E+01
7.312300000E-02 1.683430000E+01 1.320360000E+01 1.695499364E+01
7.430570000E-02 1.710960000E+01 1.254500000E+01 1.668512644E+01
7.550760000E-02 1.729480000E+01 1.194670000E+01 1.641953923E+01
7.672890000E-02 1.742200000E+01 1.138000000E+01 1.615818811E+01
7.796990000E-02 1.749180000E+01 1.084020000E+01 1.590100795E+01
7.923100000E-02 1.750390000E+01 1.032590000E+01 1.564791559E+01
8.051250000E-02 1.745090000E+01 9.836110000E+00 1.539885111E+01
8.181470000E-02 1.729390000E+01 9.388310000E+00 1.515375599E+01
8.313800000E-02 1.714320000E+01 9.133350000E+00 1.491255503E+01
8.448270000E-02 1.704620000E+01 8.885320000E+00 1.467519386E+01
8.584910000E-02 1.696730000E+01 8.644040000E+00 1.444161907E+01
8.723770000E-02 1.688860000E+01 8.409290000E+00 1.421174561E+01
8.864870000E-02 1.680420000E+01 8.180920000E+00 1.398554068E+01
9.008250000E-02 1.670600000E+01 7.958750000E+00 1.376293953E+01
9.153950000E-02 1.657720000E+01 7.742630000E+00 1.354387996E+01
9.302010000E-02 1.644560000E+01 7.597620000E+00 1.332830216E+01
9.452460000E-02 1.633860000E+01 7.459570000E+00 1.311616235E+01
9.605350000E-02 1.623890000E+01 7.324020000E+00 1.290739015E+01
9.760710000E-02 1.614070000E+01 7.190930000E+00 1.270194484E+01
9.918580000E-02 1.604100000E+01 7.060260000E+00 1.249977315E+01
1.007900000E-01 1.593820000E+01 6.931970000E+00 1.230082349E+01
1.024200000E-01 1.583320000E+01 6.804460000E+00 1.210505761E+01
1.040770000E-01 1.571650000E+01 6.669510000E+00 1.191233414E+01
1.057600000E-01 1.558420000E+01 6.537240000E+00 1.172276853E+01
1.074710000E-01 1.543460000E+01 6.407580000E+00 1.153613533E+01
1.092090000E-01 1.526030000E+01 6.280510000E+00 1.135254420E+01
1.109750000E-01 1.503660000E+01 6.184860000E+00 1.117188556E+01
1.127700000E-01 1.483160000E+01 6.127550000E+00 1.099405870E+01
1.145940000E-01 1.462950000E+01 6.070760000E+00 1.081906557E+01
1.164480000E-01 1.440610000E+01 6.014510000E+00 1.064681231E+01
1.183310000E-01 1.410930000E+01 5.997400000E+00 1.047738970E+01
1.202450000E-01 1.385730000E+01 6.058090000E+00 1.031061583E+01
1.221900000E-01 1.363580000E+01 6.119390000E+00 1.014649317E+01
1.241660000E-01 1.341420000E+01 6.181300000E+00 9.985020054E+00
1.261750000E-01 1.316510000E+01 6.243850000E+00 9.826035268E+00
1.282150000E-01 1.290410000E+01 6.379480000E+00 9.669695433E+00
1.302890000E-01 1.268510000E+01 6.544120000E+00 9.515768791E+00
1.323970000E-01 1.248780000E+01 6.713010000E+00 9.364260519E+00
1.345380000E-01 1.230180000E+01 6.886260000E+00 9.215240304E+00
1.367140000E-01 1.212160000E+01 7.063980000E+00 9.068566496E+00
1.389250000E-01 1.193990000E+01 7.246290000E+00 8.924239698E+00
1.411720000E-01 1.173450000E+01 7.450430000E+00 8.782194770E+00
1.434560000E-01 1.155820000E+01 7.702100000E+00 8.642371180E+00
1.457760000E-01 1.140500000E+01 7.962270000E+00 8.504829327E+00
1.481340000E-01 1.126790000E+01 8.231230000E+00 8.369449282E+00
1.505300000E-01 1.114490000E+01 8.509270000E+00 8.236231980E+00
1.529640000E-01 1.103760000E+01 8.795710000E+00 8.105175074E+00
1.554390000E-01 1.094120000E+01 9.087330000E+00 7.976119249E+00
1.579530000E-01 1.085540000E+01 9.388620000E+00 7.849170323E+00
1.605070000E-01 1.078270000E+01 9.699900000E+00 7.724273708E+00
1.631030000E-01 1.072480000E+01 1.002150000E+01 7.601331674E+00
1.657420000E-01 1.068560000E+01 1.035380000E+01 7.480300708E+00
1.684220000E-01 1.069780000E+01 1.068870000E+01 7.361271093E+00
1.711460000E-01 1.070350000E+01 1.097070000E+01 7.244107370E+00
1.739150000E-01 1.069000000E+01 1.126020000E+01 7.128769801E+00
1.767270000E-01 1.067260000E+01 1.155730000E+01 7.015340044E+00
1.795860000E-01 1.065200000E+01 1.186220000E+01 6.903656187E+00
1.824910000E-01 1.062210000E+01 1.217520000E+01 6.793759692E+00
1.854420000E-01 1.058120000E+01 1.253000000E+01 6.685648343E+00
1.884420000E-01 1.056990000E+01 1.291930000E+01 6.579212702E+00
1.914890000E-01 1.059470000E+01 1.332080000E+01 6.474523341E+00
1.945870000E-01 1.065590000E+01 1.371990000E+01 6.371443108E+00
1.977340000E-01 1.071890000E+01 1.410250000E+01 6.270039548E+00
2.009320000E-01 1.078740000E+01 1.449570000E+01 6.170246651E+00
2.041820000E-01 1.086740000E+01 1.489990000E+01 6.072033774E+00
2.074850000E-01 1.096280000E+01 1.531540000E+01 5.975371714E+00
2.108400000E-01 1.107660000E+01 1.574250000E+01 5.880288370E+00
2.142510000E-01 1.121290000E+01 1.618150000E+01 5.786670774E+00
2.177160000E-01 1.139040000E+01 1.663280000E+01 5.694574583E+00
2.212370000E-01 1.160750000E+01 1.705820000E+01 5.603945091E+00
2.248160000E-01 1.181920000E+01 1.745810000E+01 5.514732048E+00
2.284520000E-01 1.203540000E+01 1.786740000E+01 5.426960587E+00
2.321470000E-01 1.226710000E+01 1.828630000E+01 5.340581614E+00
2.359020000E-01 1.252260000E+01 1.871500000E+01 5.255572229E+00
2.397170000E-01 1.281110000E+01 1.915380000E+01 5.171931903E+00
2.435950000E-01 1.314720000E+01 1.960290000E+01 5.089595435E+00
2.475350000E-01 1.362930000E+01 1.999620000E+01 5.008584645E+00
2.515380000E-01 1.406320000E+01 2.022990000E+01 4.928877545E+00
2.556070000E-01 1.441240000E+01 2.046640000E+01 4.850414895E+00
2.597410000E-01 1.474530000E+01 2.070570000E+01 4.773216396E+00
2.639420000E-01 1.506830000E+01 2.094770000E+01 4.697244092E+00
2.682110000E-01 1.538710000E+01 2.119250000E+01 4.622480062E+00
2.725490000E-01 1.571200000E+01 2.143710000E+01 4.548906802E+00
2.769570000E-01 1.603380000E+01 2.167320000E+01 4.476507183E+00
2.814370000E-01 1.635220000E+01 2.191180000E+01 4.405248777E+00
2.859890000E-01 1.667800000E+01 2.215300000E+01 4.335131771E+00
2.906150000E-01 1.702120000E+01 2.237760000E+01 4.266125286E+00
2.953150000E-01 1.735110000E+01 2.257660000E+01 4.198229010E+00
3.000920000E-01 1.766030000E+01 2.277740000E+01 4.131399704E+00
3.049450000E-01 1.796060000E+01 2.298000000E+01 4.065651183E+00
3.098780000E-01 1.824960000E+01 2.318440000E+01 4.000929398E+00
3.148900000E-01 1.850870000E+01 2.339060000E+01 3.937247928E+00
3.199830000E-01 1.877310000E+01 2.366540000E+01 3.874580837E+00
3.251580000E-01 1.906640000E+01 2.395090000E+01 3.812915567E+00
3.304180000E-01 1.938370000E+01 2.424000000E+01 3.752216889E+00
3.357620000E-01 1.971850000E+01 2.453250000E+01 3.692496471E+00
3.411920000E-01 2.007130000E+01 2.482850000E+01 3.633731154E+00
3.467110000E-01 2.044470000E+01 2.512810000E+01 3.575888853E+00
3.523190000E-01 2.084410000E+01 2.543130000E+01 3.518970024E+00
3.580170000E-01 2.129460000E+01 2.573820000E+01 3.462964049E+00
3.638080000E-01 2.176910000E+01 2.596710000E+01 3.407841499E+00
3.696920000E-01 2.222300000E+01 2.616950000E+01 3.353602458E+00
3.756720000E-01 2.265780000E+01 2.637350000E+01 3.300219340E+00
3.817480000E-01 2.309290000E+01 2.657900000E+01 3.247692195E+00
3.879220000E-01 2.353210000E+01 2.678620000E+01 3.196003320E+00
3.941970000E-01 2.397890000E+01 2.699500000E+01 3.145127944E+00
4.005730000E-01 2.443670000E+01 2.720530000E+01 3.095066318E+00
4.070520000E-01 2.491020000E+01 2.741740000E+01 3.045802502E+00
4.136350000E-01 2.540670000E+01 2.763110000E+01 2.997328563E+00
4.203260000E-01 2.594900000E+01 2.784640000E+01 2.949615299E+00
4.271240000E-01 2.654480000E+01 2.798610000E+01 2.902669951E+00
4.340320000E-01 2.711050000E+01 2.804490000E+01 2.856471412E+00
4.410520000E-01 2.761930000E+01 2.810380000E+01 2.811006412E+00
4.481860000E-01 2.811550000E+01 2.816280000E+01 2.766262221E+00
4.554350000E-01 2.860250000E+01 2.822190000E+01 2.722232591E+00
4.628020000E-01 2.908380000E+01 2.828110000E+01 2.678899400E+00
4.702870000E-01 2.956220000E+01 2.834050000E+01 2.636262538E+00
4.778940000E-01 3.003970000E+01 2.840000000E+01 2.594299154E+00
4.856230000E-01 3.051830000E+01 2.845960000E+01 2.553009227E+00
4.934780000E-01 3.099960000E+01 2.851930000E+01 2.512371372E+00
5.014590000E-01 3.148550000E+01 2.857920000E+01 2.472385579E+00
5.095700000E-01 3.197820000E+01 2.863920000E+01 2.433031772E+00
5.178120000E-01 3.248010000E+01 2.869940000E+01 2.394305269E+00
5.261870000E-01 3.299470000E+01 2.875960000E+01 2.356196561E+00
5.346980000E-01 3.352670000E+01 2.882000000E+01 2.318692047E+00
5.433460000E-01 3.408270000E+01 2.888050000E+01 2.281787296E+00
5.521340000E-01 3.470420000E+01 2.894110000E+01 2.245469397E+00
5.610650000E-01 3.539830000E+01 2.894570000E+01 2.209726146E+00
5.701390000E-01 3.606920000E+01 2.875070000E+01 2.174557432E+00
5.793610000E-01 3.663650000E+01 2.855700000E+01 2.139943835E+00
5.887320000E-01 3.716130000E+01 2.836450000E+01 2.105881793E+00
5.982540000E-01 3.765740000E+01 2.817340000E+01 2.072363912E+00
6.079300000E-01 3.813140000E+01 2.798350000E+01 2.039379534E+00
6.177630000E-01 3.858760000E+01 2.779500000E+01 2.006918511E+00
6.277550000E-01 3.902860000E+01 2.760770000E+01 1.974974313E+00
6.379080000E-01 3.945680000E+01 2.742170000E+01 1.943540448E+00
6.482260000E-01 3.987370000E+01 2.723690000E+01 1.912604555E+00
6.587110000E-01 4.028070000E+01 2.705340000E+01 1.882160765E+00
6.693650000E-01 4.067910000E+01 2.687110000E+01 1.852203208E+00
6.801910000E-01 4.106960000E+01 2.669000000E+01 1.822723323E+00
6.911930000E-01 4.145340000E+01 2.651010000E+01 1.793710295E+00
7.023720000E-01 4.183130000E+01 2.633150000E+01 1.765161481E+00
7.137330000E-01 4.220410000E+01 2.615410000E+01 1.737064140E+00
7.252770000E-01 4.257270000E+01 2.597780000E+01 1.709415851E+00
7.370080000E-01 4.293800000E+01 2.580280000E+01 1.682206977E+00
7.489280000E-01 4.330100000E+01 2.562890000E+01 1.655432832E+00
7.610420000E-01 4.366270000E+01 2.545620000E+01 1.629082232E+00
7.733510000E-01 4.402450000E+01 2.528470000E+01 1.603153031E+00
7.858590000E-01 4.438810000E+01 2.511430000E+01 1.577636701E+00
7.985700000E-01 4.475550000E+01 2.494510000E+01 1.552525139E+00
8.114860000E-01 4.513000000E+01 2.477700000E+01 1.527814405E+00
8.246110000E-01 4.551620000E+01 2.461000000E+01 1.503496800E+00
8.379490000E-01 4.592170000E+01 2.444420000E+01 1.479564985E+00
8.515020000E-01 4.635250000E+01 2.427950000E+01 1.456015370E+00
8.652740000E-01 4.703740000E+01 2.411590000E+01 1.432840927E+00
8.792690000E-01 4.772990000E+01 2.317600000E+01 1.410034927E+00
8.934910000E-01 4.765020000E+01 2.289170000E+01 1.387590921E+00
9.079430000E-01 4.783770000E+01 2.261040000E+01 1.365504222E+00
9.226280000E-01 4.806990000E+01 2.233230000E+01 1.343770187E+00
9.375510000E-01 4.831450000E+01 2.203070000E+01 1.322381396E+00
9.527150000E-01 4.854520000E+01 2.172610000E+01 1.301333557E+00
9.681240000E-01 4.876410000E+01 2.141950000E+01 1.280621077E+00
9.837830000E-01 4.897260000E+01 2.111680000E+01 1.260237268E+00
9.996950000E-01 4.917440000E+01 2.081560000E+01 1.240178254E+00
1.015860000E+00 4.937250000E+01 2.051580000E+01 1.220443762E+00
1.032290000E+00 4.956170000E+01 2.019590000E+01 1.201019093E+00
1.048990000E+00 4.972690000E+01 1.987750000E+01 1.181898779E+00
1.065960000E+00 4.987500000E+01 1.956050000E+01 1.163083043E+00
1.083200000E+00 5.000740000E+01 1.924820000E+01 1.144571640E+00
1.100720000E+00 5.012610000E+01 1.894040000E+01 1.126353659E+00
1.118520000E+00 5.023180000E+01 1.863720000E+01 1.108428995E+00
1.136610000E+00 5.032540000E+01 1.833880000E+01 1.090787517E+00
1.155000000E+00 5.040770000E+01 1.804480000E+01 1.073419913E+00
1.173680000E+00 5.047850000E+01 1.775500000E+01 1.056335628E+00
1.192660000E+00 5.053840000E+01 1.746970000E+01 1.039525095E+00
1.211950000E+00 5.058800000E+01 1.718860000E+01 1.022979496E+00
1.231550000E+00 5.062830000E+01 1.691150000E+01 1.006698875E+00
1.251470000E+00 5.065930000E+01 1.663450000E+01 9.906749662E-01
1.271720000E+00 5.067930000E+01 1.635720000E+01 9.749001352E-01
1.292290000E+00 5.068260000E+01 1.607860000E+01 9.593821820E-01
1.313190000E+00 5.066920000E+01 1.580410000E+01 9.441131900E-01
1.334430000E+00 5.064050000E+01 1.553410000E+01 9.290858269E-01
1.356010000E+00 5.059680000E+01 1.526850000E+01 9.143000420E-01
1.377940000E+00 5.053790000E+01 1.500700000E+01 8.997489005E-01
1.400230000E+00 5.046320000E+01 1.474970000E+01 8.854259657E-01
1.422880000E+00 5.037210000E+01 1.449670000E+01 8.713313842E-01
1.445890000E+00 5.026440000E+01 1.424760000E+01 8.574649524E-01
1.469280000E+00 5.013920000E+01 1.400160000E+01 8.438146575E-01
1.493040000E+00 4.999480000E+01 1.375840000E+01 8.303863259E-01
1.517190000E+00 4.982880000E+01 1.351420000E+01 8.171685814E-01
1.541730000E+00 4.963540000E+01 1.327370000E+01 8.041615588E-01
1.566670000E+00 4.941480000E+01 1.303750000E+01 7.913600184E-01
1.592010000E+00 4.916470000E+01 1.280460000E+01 7.787639525E-01
1.617760000E+00 4.888150000E+01 1.257570000E+01 7.663683117E-01
1.643920000E+00 4.856140000E+01 1.235080000E+01 7.541729525E-01
1.670510000E+00 4.819970000E+01 1.213000000E+01 7.421685593E-01
1.697530000E+00 4.779100000E+01 1.191270000E+01 7.303552809E-01
1.724990000E+00 4.732750000E+01 1.169860000E+01 7.187288042E-01
1.752890000E+00 4.679820000E+01 1.148070000E+01 7.072891054E-01
1.781240000E+00 4.618260000E+01 1.126420000E+01 6.960319777E-01
1.810050000E+00 4.546170000E+01 1.104950000E+01 6.849534543E-01
1.839320000E+00 4.460820000E+01 1.083840000E+01 6.740534545E-01
1.869070000E+00 4.358090000E+01 1.063140000E+01 6.633245411E-01
1.899300000E+00 4.231520000E+01 1.042860000E+01 6.527668088E-01
1.930020000E+00 4.069770000E+01 1.022930000E+01 6.423767629E-01
1.961240000E+00 3.850340000E+01 1.003360000E+01 6.321510881E-01
1.992960000E+00 3.516650000E+01 9.841340000E+00 6.220897559E-01
2.025200000E+00 2.809640000E+01 9.657840000E+00 6.121864507E-01
2.040300000E+00 -6.619990000E-01 9.574030000E+00 6.076557369E-01
2.040500000E+00 -6.621210000E-01 2.733040000E+01 6.075961774E-01
2.057950000E+00 2.792040000E+01 2.703320000E+01 6.024441799E-01
2.091240000E+00 3.119260000E+01 2.648210000E+01 5.928540005E-01
2.116000000E+00 1.232180000E+01 2.608490000E+01 5.859168242E-01
2.116200000E+00 1.235310000E+01 3.844680000E+01 5.858614498E-01
2.125060000E+00 3.074280000E+01 3.821830000E+01 5.834188211E-01
2.159430000E+00 3.933490000E+01 3.735390000E+01 5.741329888E-01
2.194360000E+00 4.342160000E+01 3.650930000E+01 5.649938934E-01
2.229850000E+00 4.626690000E+01 3.568360000E+01 5.560015248E-01
2.265920000E+00 4.845120000E+01 3.487740000E+01 5.471508262E-01
2.302570000E+00 5.019980000E+01 3.408870000E+01 5.384418280E-01
2.339810000E+00 5.162360000E+01 3.331950000E+01 5.298720836E-01
2.377660000E+00 5.278060000E+01 3.256760000E+01 5.214370431E-01
2.416110000E+00 5.369030000E+01 3.183260000E+01 5.131388885E-01
2.455190000E+00 5.432940000E+01 3.111540000E+01 5.049711020E-01
2.494900000E+00 5.457270000E+01 3.041480000E+01 4.969337448E-01
2.535260000E+00 5.361770000E+01 2.973020000E+01 4.890228221E-01
2.550600000E+00 4.637150000E+01 2.947680000E+01 4.860817063E-01
2.550800000E+00 4.637760000E+01 3.422720000E+01 4.860435942E-01
2.576260000E+00 5.534360000E+01 3.371980000E+01 4.812402475E-01
2.617930000E+00 5.759580000E+01 3.291580000E+01 4.735802714E-01
2.660270000E+00 5.900870000E+01 3.213090000E+01 4.660429205E-01
2.703300000E+00 6.008540000E+01 3.136710000E+01 4.586246440E-01
2.747030000E+00 6.094730000E+01 3.062170000E+01 4.513237933E-01
2.791460000E+00 6.163020000E+01 2.989490000E+01 4.441403423E-01
2.836610000E+00 6.211880000E+01 2.918610000E+01 4.370710108E-01
2.882490000E+00 6.222800000E+01 2.849500000E+01 4.301142415E-01
2.908600000E+00 5.943690000E+01 2.811380000E+01 4.262531802E-01
2.908800000E+00 5.943960000E+01 2.988600000E+01 4.262238724E-01
2.929110000E+00 6.269940000E+01 2.958960000E+01 4.232685014E-01
2.976480000E+00 6.391440000E+01 2.891710000E+01 4.165322797E-01
3.024630000E+00 6.468140000E+01 2.826090000E+01 4.099013764E-01
3.073550000E+00 6.526210000E+01 2.762100000E+01 4.033772023E-01
3.123260000E+00 6.566280000E+01 2.699580000E+01 3.969570257E-01
3.173600000E+00 6.429090000E+01 2.638690000E+01 3.906604487E-01
3.173800000E+00 6.429280000E+01 2.735020000E+01 3.906358309E-01
3.225110000E+00 6.670400000E+01 2.677310000E+01 3.844209965E-01
3.277270000E+00 6.738250000E+01 2.620480000E+01 3.783026727E-01
3.330280000E+00 6.794140000E+01 2.564460000E+01 3.722810094E-01
3.384150000E+00 6.843460000E+01 2.509270000E+01 3.663549193E-01
3.438880000E+00 6.887970000E+01 2.454890000E+01 3.605243568E-01
3.494500000E+00 6.928670000E+01 2.401390000E+01 3.547860924E-01
3.551020000E+00 6.966040000E+01 2.348600000E+01 3.491391206E-01
3.608460000E+00 7.000580000E+01 2.296810000E+01 3.435814724E-01
3.666820000E+00 7.032600000E+01 2.245790000E+01 3.381131335E-01
3.726130000E+00 7.062230000E+01 2.195720000E+01 3.327312788E-01
3.786400000E+00 7.089670000E+01 2.146340000E+01 3.274350306E-01
3.847640000E+00 7.115100000E+01 2.097950000E+01 3.222234928E-01
3.909870000E+00 7.138720000E+01 2.050460000E+01 3.170949418E-01
3.973110000E+00 7.160660000E+01 2.003820000E+01 3.120477409E-01
4.037380000E+00 7.180880000E+01 1.957930000E+01 3.070803343E-01
4.102680000E+00 7.199690000E+01 1.913080000E+01 3.021927131E-01
4.169030000E+00 7.217110000E+01 1.868920000E+01 2.973833242E-01
4.236460000E+00 7.233100000E+01 1.825620000E+01 2.926499955E-01
4.304980000E+00 7.247810000E+01 1.783160000E+01 2.879920464E-01
4.374620000E+00 7.261350000E+01 1.741550000E+01 2.834074731E-01
4.445370000E+00 7.273740000E+01 1.700750000E+01 2.788969197E-01
4.517270000E+00 7.285040000E+01 1.660770000E+01 2.744578031E-01
4.590330000E+00 7.295330000E+01 1.621610000E+01 2.700895143E-01
4.664580000E+00 7.304650000E+01 1.583220000E+01 2.657902748E-01
4.740030000E+00 7.313040000E+01 1.545640000E+01 2.615595260E-01
4.816690000E+00 7.320560000E+01 1.508850000E+01 2.573966770E-01
4.894600000E+00 7.327250000E+01 1.472820000E+01 2.532995546E-01
4.973770000E+00 7.333140000E+01 1.437540000E+01 2.492676581E-01
5.054210000E+00 7.338290000E+01 1.403030000E+01 2.453004525E-01
5.135960000E+00 7.342700000E+01 1.369260000E+01 2.413959610E-01
5.219030000E+00 7.346440000E+01 1.336220000E+01 2.375537217E-01
5.303440000E+00 7.349510000E+01 1.303890000E+01 2.337727965E-01
5.389220000E+00 7.351960000E+01 1.272280000E+01 2.300518442E-01
5.476390000E+00 7.353800000E+01 1.241370000E+01 2.263900124E-01
5.564970000E+00 7.355070000E+01 1.211160000E+01 2.227864661E-01
5.654980000E+00 7.355800000E+01 1.181620000E+01 2.192403863E-01
5.746440000E+00 7.356010000E+01 1.152740000E+01 2.157509693E-01
5.839390000E+00 7.355700000E+01 1.124520000E+01 2.123166975E-01
5.933830000E+00 7.354910000E+01 1.096940000E+01 2.089375665E-01
6.029810000E+00 7.353630000E+01 1.069990000E+01 2.056117854E-01
6.127330000E+00 7.351910000E+01 1.043670000E+01 2.023393550E-01
6.226440000E+00 7.349740000E+01 1.017960000E+01 1.991185975E-01
6.327150000E+00 7.347140000E+01 9.928520000E+00 1.959492030E-01
6.429480000E+00 7.344130000E+01 9.683450000E+00 1.928305244E-01
6.533480000E+00 7.340710000E+01 9.443950000E+00 1.897610462E-01
6.639150000E+00 7.336900000E+01 9.210180000E+00 1.867407725E-01
6.746540000E+00 7.332690000E+01 8.981960000E+00 1.837682723E-01
6.855650000E+00 7.328100000E+01 8.759180000E+00 1.808435378E-01
6.966540000E+00 7.323100000E+01 8.541460000E+00 1.779649582E-01
7.079220000E+00 7.317720000E+01 8.329150000E+00 1.751322886E-01
7.193720000E+00 7.311940000E+01 8.121950000E+00 1.723447674E-01
7.310070000E+00 7.305770000E+01 7.919890000E+00 1.696016591E-01
7.428310000E+00 7.299200000E+01 7.722560000E+00 1.669020275E-01
7.548450000E+00 7.292220000E+01 7.530090000E+00 1.642456398E-01
7.670540000E+00 7.284810000E+01 7.342410000E+00 1.616313845E-01
7.794610000E+00 7.276970000E+01 7.159120000E+00 1.590586315E-01
7.920680000E+00 7.268660000E+01 6.980320000E+00 1.565269649E-01
8.048790000E+00 7.259860000E+01 6.805990000E+00 1.540355755E-01
8.178980000E+00 7.250520000E+01 6.635820000E+00 1.515836938E-01
8.311260000E+00 7.240630000E+01 6.469990000E+00 1.491711245E-01
8.445690000E+00 7.230110000E+01 6.308170000E+00 1.467967685E-01
8.582290000E+00 7.218960000E+01 6.150550000E+00 1.444602781E-01
8.721110000E+00 7.207050000E+01 5.996550000E+00 1.421608029E-01
8.862160000E+00 7.194330000E+01 5.846590000E+00 1.398981738E-01
9.005500000E+00 7.180670000E+01 5.700180000E+00 1.376714230E-01
9.151160000E+00 7.165970000E+01 5.557550000E+00 1.354800921E-01
9.299170000E+00 7.150030000E+01 5.418390000E+00 1.333237267E-01
9.449580000E+00 7.132670000E+01 5.282800000E+00 1.312015984E-01
9.602420000E+00 7.113610000E+01 5.150500000E+00 1.291132860E-01
9.757730000E+00 7.092480000E+01 5.021710000E+00 1.270582400E-01
9.915550000E+00 7.068950000E+01 4.896110000E+00 1.250359284E-01
1.007590000E+01 7.042050000E+01 4.770480000E+00 1.230460803E-01
1.023890000E+01 7.010590000E+01 4.648350000E+00 1.210872262E-01
1.040450000E+01 6.973020000E+01 4.529610000E+00 1.191599789E-01
1.057280000E+01 6.926410000E+01 4.414180000E+00 1.172631659E-01
1.074380000E+01 6.865030000E+01 4.302000000E+00 1.153967870E-01
1.091760000E+01 6.774690000E+01 4.192960000E+00 1.135597567E-01
1.109420000E+01 6.598000000E+01 4.087000000E+00 1.117520867E-01
1.121510000E+01 5.196270000E+01 4.016910000E+00 1.105473870E-01
1.121530000E+01 5.196380000E+01 1.030300000E+01 1.105454156E-01
1.127360000E+01 6.466500000E+01 1.020520000E+01 1.099737440E-01
1.145590000E+01 6.751390000E+01 9.908300000E+00 1.082237101E-01
1.164120000E+01 6.859180000E+01 9.620080000E+00 1.065010480E-01
1.182950000E+01 6.919670000E+01 9.340250000E+00 1.048057822E-01
1.202080000E+01 6.954420000E+01 9.068560000E+00 1.031378943E-01
1.221530000E+01 6.969420000E+01 8.804760000E+00 1.014956653E-01
1.241280000E+01 6.963290000E+01 8.548660000E+00 9.988076824E-02
1.261360000E+01 6.921390000E+01 8.299990000E+00 9.829073381E-02
1.281760000E+01 6.584720000E+01 8.058570000E+00 9.672637623E-02
1.282400000E+01 6.156600000E+01 8.051200000E+00 9.667810356E-02
1.282420000E+01 6.156630000E+01 1.127920000E+01 9.667659581E-02
1.302500000E+01 6.950170000E+01 1.100470000E+01 9.518618042E-02
1.323560000E+01 7.022430000E+01 1.072820000E+01 9.367161292E-02
1.341840000E+01 6.771440000E+01 1.049730000E+01 9.239551660E-02
1.341860000E+01 6.771610000E+01 1.190160000E+01 9.239413948E-02
1.344970000E+01 7.006050000E+01 1.186140000E+01 9.218049473E-02
1.366720000E+01 7.146380000E+01 1.158620000E+01 9.071353313E-02
1.388830000E+01 7.216290000E+01 1.131570000E+01 8.926938502E-02
1.411290000E+01 7.269060000E+01 1.104990000E+01 8.784870579E-02
1.434120000E+01 7.312370000E+01 1.078890000E+01 8.645022732E-02
1.457310000E+01 7.349290000E+01 1.053260000E+01 8.507455517E-02
1.480890000E+01 7.381430000E+01 1.028100000E+01 8.371992518E-02
1.504840000E+01 7.409820000E+01 1.003420000E+01 8.238749635E-02
1.529180000E+01 7.435120000E+01 9.792170000E+00 8.107613231E-02
1.553910000E+01 7.457830000E+01 9.554820000E+00 7.978583058E-02
1.579040000E+01 7.478320000E+01 9.322150000E+00 7.851606039E-02
1.604580000E+01 7.496870000E+01 9.094160000E+00 7.726632514E-02
1.630540000E+01 7.513720000E+01 8.870800000E+00 7.603615980E-02
1.656910000E+01 7.529050000E+01 8.652030000E+00 7.482603159E-02
1.683710000E+01 7.543030000E+01 8.437820000E+00 7.363500840E-02
1.710940000E+01 7.555770000E+01 8.228120000E+00 7.246309046E-02
1.738610000E+01 7.567400000E+01 8.022890000E+00 7.130983947E-02
1.766740000E+01 7.578020000E+01 7.822070000E+00 7.017444559E-02
1.795310000E+01 7.587710000E+01 7.625610000E+00 6.905771148E-02
1.824350000E+01 7.596540000E+01 7.433460000E+00 6.795845096E-02
1.853860000E+01 7.604590000E+01 7.245570000E+00 6.687667893E-02
1.883840000E+01 7.611920000E+01 7.061860000E+00 6.581238322E-02
1.914310000E+01 7.618580000E+01 6.882290000E+00 6.476485000E-02
1.945270000E+01 7.624620000E+01 6.706790000E+00 6.373408319E-02
1.976740000E+01 7.630080000E+01 6.535300000E+00 6.271942694E-02
2.008710000E+01 7.635000000E+01 6.367750000E+00 6.172120416E-02
2.041200000E+01 7.639430000E+01 6.204080000E+00 6.073878111E-02
2.074210000E+01 7.643390000E+01 6.044230000E+00 5.977215422E-02
2.107760000E+01 7.646920000E+01 5.888130000E+00 5.882073860E-02
2.141850000E+01 7.650050000E+01 5.735710000E+00 5.788453907E-02
2.176500000E+01 7.652800000E+01 5.586910000E+00 5.696301401E-02
2.211700000E+01 7.655190000E+01 5.441670000E+00 5.605642718E-02
2.247470000E+01 7.657260000E+01 5.299910000E+00 5.516425136E-02
2.283820000E+01 7.659020000E+01 5.161560000E+00 5.428623972E-02
2.320760000E+01 7.660490000E+01 5.026580000E+00 5.342215481E-02
2.358300000E+01 7.661700000E+01 4.894870000E+00 5.257176780E-02
2.396440000E+01 7.662650000E+01 4.766390000E+00 5.173507369E-02
2.435200000E+01 7.663370000E+01 4.641070000E+00 5.091162943E-02
2.474590000E+01 7.663860000E+01 4.518840000E+00 5.010122889E-02
2.514620000E+01 7.664150000E+01 4.399630000E+00 4.930367213E-02
2.555290000E+01 7.664250000E+01 4.283400000E+00 4.851895480E-02
2.596620000E+01 7.664170000E+01 4.170060000E+00 4.774668608E-02
2.638610000E+01 7.663910000E+01 4.059560000E+00 4.698686051E-02
2.681290000E+01 7.663500000E+01 3.951840000E+00 4.623893723E-02
2.724660000E+01 7.662950000E+01 3.846830000E+00 4.550292514E-02
2.768730000E+01 7.662260000E+01 3.744480000E+00 4.477865303E-02
2.813510000E+01 7.661440000E+01 3.644730000E+00 4.406595320E-02
2.859020000E+01 7.660510000E+01 3.547510000E+00 4.336450952E-02
2.905260000E+01 7.659530000E+01 3.452780000E+00 4.267432175E-02
2.952250000E+01 7.659350000E+01 3.360470000E+00 4.199508849E-02
3.000000000E+01 7.654260000E+01 3.270530000E+00 4.132666667E-02
