# Data retrieved from henke.lbl.gov/optical_constants 03/01/2021
# Element, Kr  (Z = 36) 
# Atomic weight*, g mol-1 = 83.8 
# Nominal density*, g cm-3 =  0 
# Relativistic correction estimate f_rel(5CL)*,  e atom-1 =  0 
# Nuclear Thomson correction f_NT*, e atom-1 =  0 
#    E [keV]      f1 [e atom-1]      f2 [e atom-1]    Wavelength [nm] 
1.000000000E-02 -9.999000000E+03 1.991530000E-15 1.239800000E+02
1.016170000E-02 -9.999000000E+03 2.023740000E-15 1.220071445E+02
1.032610000E-02 -9.999000000E+03 2.056470000E-15 1.200646904E+02
1.049310000E-02 -9.999000000E+03 2.089740000E-15 1.181538344E+02
1.066280000E-02 -9.999000000E+03 2.123540000E-15 1.162733991E+02
1.083530000E-02 -9.999000000E+03 2.157880000E-15 1.144223049E+02
1.101060000E-02 -9.999000000E+03 2.192780000E-15 1.126005849E+02
1.118860000E-02 -9.999000000E+03 2.228250000E-15 1.108092165E+02
1.136960000E-02 -9.999000000E+03 2.264290000E-15 1.090451731E+02
1.155350000E-02 -9.999000000E+03 2.300910000E-15 1.073094733E+02
1.174040000E-02 -9.999000000E+03 2.338130000E-15 1.056011720E+02
1.193030000E-02 -9.999000000E+03 2.375950000E-15 1.039202702E+02
1.212320000E-02 -9.999000000E+03 2.414380000E-15 1.022667283E+02
1.231930000E-02 -9.999000000E+03 2.453430000E-15 1.006388350E+02
1.251860000E-02 -9.999000000E+03 2.493110000E-15 9.903663349E+01
1.272100000E-02 -9.999000000E+03 2.533430000E-15 9.746089144E+01
1.292680000E-02 -9.999000000E+03 2.574410000E-15 9.590927376E+01
1.313590000E-02 -9.999000000E+03 2.616050000E-15 9.438256990E+01
1.334830000E-02 -9.999000000E+03 2.658360000E-15 9.288074137E+01
1.356420000E-02 -9.999000000E+03 2.701360000E-15 9.140236800E+01
1.378360000E-02 -9.999000000E+03 2.745050000E-15 8.994747381E+01
1.400000000E-02 -9.999000000E+03 2.788140000E-15 8.855714286E+01
1.420000000E-02 -9.999000000E+03 6.403850000E+00 8.730985915E+01
1.423310000E-02 -9.999000000E+03 6.469670000E+00 8.710681440E+01
1.446330000E-02 -9.999000000E+03 6.941820000E+00 8.572040959E+01
1.469730000E-02 -9.999000000E+03 7.448440000E+00 8.435562995E+01
1.493500000E-02 -9.999000000E+03 7.893960000E+00 8.301305658E+01
1.517650000E-02 -9.999000000E+03 8.349520000E+00 8.169208974E+01
1.542200000E-02 -9.999000000E+03 8.798450000E+00 8.039164829E+01
1.567140000E-02 -9.999000000E+03 9.103980000E+00 7.911226821E+01
1.592490000E-02 -9.999000000E+03 9.420120000E+00 7.785292215E+01
1.618250000E-02 -9.999000000E+03 9.747250000E+00 7.661362583E+01
1.644420000E-02 -9.999000000E+03 1.002540000E+01 7.539436397E+01
1.671020000E-02 -9.999000000E+03 1.020120000E+01 7.419420474E+01
1.698050000E-02 -9.999000000E+03 1.038010000E+01 7.301316216E+01
1.725510000E-02 -9.999000000E+03 1.056210000E+01 7.185122080E+01
1.753420000E-02 -9.999000000E+03 1.062060000E+01 7.070753157E+01
1.781780000E-02 -9.999000000E+03 1.063270000E+01 6.958210329E+01
1.810600000E-02 -9.999000000E+03 1.064480000E+01 6.847453883E+01
1.839890000E-02 -9.999000000E+03 1.066240000E+01 6.738446320E+01
1.869640000E-02 -9.999000000E+03 1.070730000E+01 6.631223123E+01
1.899880000E-02 -9.999000000E+03 1.075250000E+01 6.525675306E+01
1.930610000E-02 -9.999000000E+03 1.079790000E+01 6.421804507E+01
1.961840000E-02 -9.999000000E+03 1.083980000E+01 6.319577539E+01
1.993570000E-02 -9.999000000E+03 1.086910000E+01 6.218994066E+01
2.025820000E-02 -9.999000000E+03 1.089840000E+01 6.119990917E+01
2.058580000E-02 -9.999000000E+03 1.092770000E+01 6.022598102E+01
2.091880000E-02 -9.999000000E+03 1.094960000E+01 5.926726198E+01
2.125710000E-02 -9.999000000E+03 1.094670000E+01 5.832404232E+01
2.160090000E-02 -9.999000000E+03 1.094390000E+01 5.739575666E+01
2.195030000E-02 -9.999000000E+03 1.094100000E+01 5.648214375E+01
2.230530000E-02 -9.999000000E+03 1.093820000E+01 5.558320220E+01
2.266610000E-02 -9.999000000E+03 1.090490000E+01 5.469842628E+01
2.303270000E-02 -9.999000000E+03 1.081490000E+01 5.382781871E+01
2.340530000E-02 -9.999000000E+03 1.072570000E+01 5.297090830E+01
2.378380000E-02 -9.999000000E+03 1.063720000E+01 5.212791900E+01
2.416850000E-02 -9.999000000E+03 1.054200000E+01 5.129817738E+01
2.455940000E-02 -9.999000000E+03 1.030240000E+01 5.048168929E+01
2.495660000E-02 -9.999000000E+03 1.006830000E+01 4.967824143E+01
2.536030000E-02 -9.999000000E+03 9.839430000E+00 4.888743430E+01
2.577050000E-02 -9.999000000E+03 9.615810000E+00 4.810927223E+01
2.618730000E-02 -9.999000000E+03 9.397260000E+00 4.734355966E+01
2.661090000E-02 -9.999000000E+03 9.183680000E+00 4.658993119E+01
2.704130000E-02 -9.999000000E+03 8.974960000E+00 4.584838747E+01
2.747860000E-02 -9.999000000E+03 8.765420000E+00 4.511874695E+01
2.792310000E-02 -9.999000000E+03 8.539240000E+00 4.440051427E+01
2.837470000E-02 -9.999000000E+03 8.318910000E+00 4.369385403E+01
2.883370000E-02 -9.999000000E+03 8.104250000E+00 4.299829713E+01
2.930000000E-02 1.083940000E+01 7.781960000E+00 4.231399317E+01
2.977390000E-02 1.102620000E+01 7.417840000E+00 4.164049721E+01
3.025550000E-02 1.115880000E+01 7.070740000E+00 4.097767348E+01
3.074490000E-02 1.125780000E+01 6.739900000E+00 4.032538730E+01
3.124210000E-02 1.133170000E+01 6.424530000E+00 3.968363202E+01
3.174750000E-02 1.138630000E+01 6.123920000E+00 3.905189385E+01
3.226090000E-02 1.142550000E+01 5.837370000E+00 3.843042197E+01
3.278270000E-02 1.145290000E+01 5.564240000E+00 3.781872756E+01
3.331300000E-02 1.147140000E+01 5.303890000E+00 3.721670219E+01
3.385180000E-02 1.148850000E+01 5.055710000E+00 3.662434494E+01
3.439930000E-02 1.151520000E+01 4.812090000E+00 3.604143108E+01
3.495570000E-02 1.152100000E+01 4.533780000E+00 3.546774918E+01
3.552110000E-02 1.149510000E+01 4.271560000E+00 3.490319838E+01
3.609560000E-02 1.145280000E+01 4.024510000E+00 3.434767673E+01
3.667940000E-02 1.139860000E+01 3.791740000E+00 3.380098911E+01
3.727270000E-02 1.133540000E+01 3.572440000E+00 3.326295117E+01
3.787550000E-02 1.126490000E+01 3.365830000E+00 3.273356127E+01
3.848820000E-02 1.118870000E+01 3.171160000E+00 3.221247032E+01
3.911070000E-02 1.110780000E+01 2.987750000E+00 3.169976503E+01
3.974320000E-02 1.102340000E+01 2.814950000E+00 3.119527366E+01
4.038610000E-02 1.093620000E+01 2.652140000E+00 3.069868098E+01
4.103930000E-02 1.084740000E+01 2.498750000E+00 3.021006694E+01
4.170310000E-02 1.075970000E+01 2.354230000E+00 2.972920478E+01
4.237760000E-02 1.066890000E+01 2.209460000E+00 2.925602205E+01
4.306300000E-02 1.057210000E+01 2.073380000E+00 2.879037689E+01
4.375950000E-02 1.047210000E+01 1.945690000E+00 2.833213359E+01
4.446730000E-02 1.037000000E+01 1.825850000E+00 2.788116211E+01
4.518650000E-02 1.026620000E+01 1.713400000E+00 2.743739834E+01
4.591740000E-02 1.016110000E+01 1.607870000E+00 2.700065770E+01
4.666000000E-02 1.005500000E+01 1.508840000E+00 2.657093871E+01
4.741470000E-02 9.947850000E+00 1.415920000E+00 2.614800895E+01
4.818160000E-02 9.839750000E+00 1.328710000E+00 2.573181463E+01
4.896090000E-02 9.730710000E+00 1.246880000E+00 2.532224694E+01
4.975280000E-02 9.617860000E+00 1.170080000E+00 2.491920053E+01
5.055760000E-02 9.504540000E+00 1.103680000E+00 2.452252480E+01
5.137530000E-02 9.394880000E+00 1.042680000E+00 2.413221918E+01
5.220620000E-02 9.286170000E+00 9.850560000E-01 2.374813719E+01
5.305060000E-02 9.177540000E+00 9.306150000E-01 2.337014096E+01
5.390870000E-02 9.068300000E+00 8.791820000E-01 2.299814316E+01
5.478060000E-02 8.957760000E+00 8.305930000E-01 2.263209968E+01
5.566670000E-02 8.844750000E+00 7.846870000E-01 2.227184295E+01
5.656700000E-02 8.725020000E+00 7.445120000E-01 2.191737232E+01
5.748200000E-02 8.606800000E+00 7.173950000E-01 2.156849101E+01
5.841170000E-02 8.495110000E+00 6.912670000E-01 2.122519975E+01
5.935640000E-02 8.383270000E+00 6.660910000E-01 2.088738535E+01
6.031650000E-02 8.266210000E+00 6.418310000E-01 2.055490620E+01
6.129210000E-02 8.146840000E+00 6.265360000E-01 2.022772919E+01
6.228340000E-02 8.032060000E+00 6.175240000E-01 1.990578549E+01
6.329080000E-02 7.919460000E+00 6.086410000E-01 1.958894500E+01
6.431450000E-02 7.806320000E+00 5.998850000E-01 1.927714590E+01
6.535470000E-02 7.690720000E+00 5.915400000E-01 1.897032654E+01
6.641180000E-02 7.573250000E+00 5.865060000E-01 1.866836918E+01
6.748590000E-02 7.454300000E+00 5.815150000E-01 1.837124496E+01
6.857750000E-02 7.329520000E+00 5.765660000E-01 1.807881594E+01
6.968670000E-02 7.200830000E+00 5.768090000E-01 1.779105626E+01
7.081380000E-02 7.070470000E+00 5.777020000E-01 1.750788688E+01
7.195910000E-02 6.934540000E+00 5.785960000E-01 1.722923161E+01
7.312300000E-02 6.791910000E+00 5.813730000E-01 1.695499364E+01
7.430570000E-02 6.642260000E+00 5.850220000E-01 1.668512644E+01
7.550760000E-02 6.483520000E+00 5.886940000E-01 1.641953923E+01
7.672890000E-02 6.312070000E+00 5.923900000E-01 1.615818811E+01
7.796990000E-02 6.124860000E+00 5.991130000E-01 1.590100795E+01
7.923100000E-02 5.920980000E+00 6.085380000E-01 1.564791559E+01
8.051250000E-02 5.694170000E+00 6.181110000E-01 1.539885111E+01
8.181470000E-02 5.436590000E+00 6.311250000E-01 1.515375599E+01
8.313800000E-02 5.139910000E+00 6.476780000E-01 1.491255503E+01
8.448270000E-02 4.785120000E+00 6.646650000E-01 1.467519386E+01
8.584910000E-02 4.336560000E+00 6.820970000E-01 1.444161907E+01
8.723770000E-02 3.728330000E+00 7.009010000E-01 1.421174561E+01
8.864870000E-02 2.704690000E+00 7.263070000E-01 1.398554068E+01
9.008250000E-02 2.897050000E-01 9.215210000E-01 1.376293953E+01
9.153950000E-02 -9.575790000E-01 5.966580000E+00 1.354387996E+01
9.302010000E-02 1.058180000E+00 1.051870000E+01 1.332830216E+01
9.370000000E-02 8.548650000E+00 1.360570000E+01 1.323159018E+01
9.390000000E-02 9.286530000E+00 7.232640000E+00 1.320340788E+01
9.452460000E-02 7.556980000E+00 6.715490000E+00 1.311616235E+01
9.605350000E-02 7.647700000E+00 5.611850000E+00 1.290739015E+01
9.760710000E-02 7.797660000E+00 4.689550000E+00 1.270194484E+01
9.918580000E-02 7.862110000E+00 3.918860000E+00 1.249977315E+01
1.007900000E-01 7.459470000E+00 2.908980000E+00 1.230082349E+01
1.024200000E-01 6.793400000E+00 2.629880000E+00 1.210505761E+01
1.040770000E-01 6.390070000E+00 2.377550000E+00 1.191233414E+01
1.057600000E-01 5.824470000E+00 2.149430000E+00 1.172276853E+01
1.074710000E-01 5.217660000E+00 2.290290000E+00 1.153613533E+01
1.092090000E-01 4.774350000E+00 2.507200000E+00 1.135254420E+01
1.109750000E-01 4.417240000E+00 2.744640000E+00 1.117188556E+01
1.127700000E-01 4.100600000E+00 3.004580000E+00 1.099405870E+01
1.145940000E-01 3.814580000E+00 3.289140000E+00 1.081906557E+01
1.164480000E-01 3.557240000E+00 3.600640000E+00 1.064681231E+01
1.183310000E-01 3.338560000E+00 3.941640000E+00 1.047738970E+01
1.202450000E-01 3.152940000E+00 4.289820000E+00 1.031061583E+01
1.221900000E-01 2.982370000E+00 4.654010000E+00 1.014649317E+01
1.241660000E-01 2.836660000E+00 5.049120000E+00 9.985020054E+00
1.261750000E-01 2.766260000E+00 5.477780000E+00 9.826035268E+00
1.282150000E-01 2.739190000E+00 5.851850000E+00 9.669695433E+00
1.302890000E-01 2.691050000E+00 6.217860000E+00 9.515768791E+00
1.323970000E-01 2.652910000E+00 6.606760000E+00 9.364260519E+00
1.345380000E-01 2.638490000E+00 7.019990000E+00 9.215240304E+00
1.367140000E-01 2.670670000E+00 7.459060000E+00 9.068566496E+00
1.389250000E-01 2.788400000E+00 7.873090000E+00 8.924239698E+00
1.411720000E-01 2.909820000E+00 8.196780000E+00 8.782194770E+00
1.434560000E-01 2.981080000E+00 8.533790000E+00 8.642371180E+00
1.457760000E-01 3.060230000E+00 8.884640000E+00 8.504829327E+00
1.481340000E-01 3.151010000E+00 9.249920000E+00 8.369449282E+00
1.505300000E-01 3.260680000E+00 9.630230000E+00 8.236231980E+00
1.529640000E-01 3.437760000E+00 1.002620000E+01 8.105175074E+00
1.554390000E-01 3.642120000E+00 1.034570000E+01 7.976119249E+00
1.579530000E-01 3.807110000E+00 1.065490000E+01 7.849170323E+00
1.605070000E-01 3.973420000E+00 1.097340000E+01 7.724273708E+00
1.631030000E-01 4.148640000E+00 1.130140000E+01 7.601331674E+00
1.657420000E-01 4.339520000E+00 1.163920000E+01 7.480300708E+00
1.684220000E-01 4.591710000E+00 1.198710000E+01 7.361271093E+00
1.711460000E-01 4.868690000E+00 1.225840000E+01 7.244107370E+00
1.739150000E-01 5.102680000E+00 1.250630000E+01 7.128769801E+00
1.767270000E-01 5.326260000E+00 1.275930000E+01 7.015340044E+00
1.795860000E-01 5.547670000E+00 1.301730000E+01 6.903656187E+00
1.824910000E-01 5.772140000E+00 1.328060000E+01 6.793759692E+00
1.854420000E-01 6.003660000E+00 1.354910000E+01 6.685648343E+00
1.884420000E-01 6.249210000E+00 1.382310000E+01 6.579212702E+00
1.914890000E-01 6.512170000E+00 1.408620000E+01 6.474523341E+00
1.945870000E-01 6.777440000E+00 1.433880000E+01 6.371443108E+00
1.977340000E-01 7.042320000E+00 1.459590000E+01 6.270039548E+00
2.009320000E-01 7.318340000E+00 1.485770000E+01 6.170246651E+00
2.041820000E-01 7.610310000E+00 1.512410000E+01 6.072033774E+00
2.074850000E-01 7.932790000E+00 1.539530000E+01 5.975371714E+00
2.108400000E-01 8.284470000E+00 1.562290000E+01 5.880288370E+00
2.142510000E-01 8.624230000E+00 1.582590000E+01 5.786670774E+00
2.177160000E-01 8.951570000E+00 1.603150000E+01 5.694574583E+00
2.212370000E-01 9.284630000E+00 1.623970000E+01 5.603945091E+00
2.248160000E-01 9.627160000E+00 1.645070000E+01 5.514732048E+00
2.284520000E-01 9.983700000E+00 1.666440000E+01 5.426960587E+00
2.321470000E-01 1.037670000E+01 1.688090000E+01 5.340581614E+00
2.359020000E-01 1.079880000E+01 1.706340000E+01 5.255572229E+00
2.397170000E-01 1.121240000E+01 1.720270000E+01 5.171931903E+00
2.435950000E-01 1.161700000E+01 1.734310000E+01 5.089595435E+00
2.475350000E-01 1.202970000E+01 1.748480000E+01 5.008584645E+00
2.515380000E-01 1.245900000E+01 1.762750000E+01 4.928877545E+00
2.556070000E-01 1.295630000E+01 1.777140000E+01 4.850414895E+00
2.597410000E-01 1.350180000E+01 1.782890000E+01 4.773216396E+00
2.639420000E-01 1.399590000E+01 1.776550000E+01 4.697244092E+00
2.682110000E-01 1.442360000E+01 1.770230000E+01 4.622480062E+00
2.725490000E-01 1.482070000E+01 1.763940000E+01 4.548906802E+00
2.769570000E-01 1.519680000E+01 1.757660000E+01 4.476507183E+00
2.814370000E-01 1.555690000E+01 1.751410000E+01 4.405248777E+00
2.859890000E-01 1.590420000E+01 1.745180000E+01 4.335131771E+00
2.906150000E-01 1.624100000E+01 1.738980000E+01 4.266125286E+00
2.953150000E-01 1.656890000E+01 1.732790000E+01 4.198229010E+00
3.000920000E-01 1.688930000E+01 1.726630000E+01 4.131399704E+00
3.049450000E-01 1.720320000E+01 1.720490000E+01 4.065651183E+00
3.098780000E-01 1.751170000E+01 1.714370000E+01 4.000929398E+00
3.148900000E-01 1.781550000E+01 1.708270000E+01 3.937247928E+00
3.199830000E-01 1.811530000E+01 1.702200000E+01 3.874580837E+00
3.251580000E-01 1.841200000E+01 1.696140000E+01 3.812915567E+00
3.304180000E-01 1.870610000E+01 1.690110000E+01 3.752216889E+00
3.357620000E-01 1.899840000E+01 1.684100000E+01 3.692496471E+00
3.411920000E-01 1.928950000E+01 1.678110000E+01 3.633731154E+00
3.467110000E-01 1.958020000E+01 1.672140000E+01 3.575888853E+00
3.523190000E-01 1.987130000E+01 1.666190000E+01 3.518970024E+00
3.580170000E-01 2.016380000E+01 1.660270000E+01 3.462964049E+00
3.638080000E-01 2.045890000E+01 1.654360000E+01 3.407841499E+00
3.696920000E-01 2.075820000E+01 1.648480000E+01 3.353602458E+00
3.756720000E-01 2.106380000E+01 1.642610000E+01 3.300219340E+00
3.817480000E-01 2.137930000E+01 1.636770000E+01 3.247692195E+00
3.879220000E-01 2.171120000E+01 1.630950000E+01 3.196003320E+00
3.941970000E-01 2.208150000E+01 1.625150000E+01 3.145127944E+00
4.005730000E-01 2.249500000E+01 1.610960000E+01 3.095066318E+00
4.070520000E-01 2.286210000E+01 1.589450000E+01 3.045802502E+00
4.136350000E-01 2.316450000E+01 1.568220000E+01 2.997328563E+00
4.203260000E-01 2.344560000E+01 1.547280000E+01 2.949615299E+00
4.271240000E-01 2.370810000E+01 1.526610000E+01 2.902669951E+00
4.340320000E-01 2.395590000E+01 1.506230000E+01 2.856471412E+00
4.410520000E-01 2.419120000E+01 1.486110000E+01 2.811006412E+00
4.481860000E-01 2.441580000E+01 1.466260000E+01 2.766262221E+00
4.554350000E-01 2.463120000E+01 1.446680000E+01 2.722232591E+00
4.628020000E-01 2.483840000E+01 1.427360000E+01 2.678899400E+00
4.702870000E-01 2.503850000E+01 1.408300000E+01 2.636262538E+00
4.778940000E-01 2.523240000E+01 1.389490000E+01 2.594299154E+00
4.856230000E-01 2.542080000E+01 1.370930000E+01 2.553009227E+00
4.934780000E-01 2.560480000E+01 1.352630000E+01 2.512371372E+00
5.014590000E-01 2.578530000E+01 1.334560000E+01 2.472385579E+00
5.095700000E-01 2.596390000E+01 1.316740000E+01 2.433031772E+00
5.178120000E-01 2.614280000E+01 1.299160000E+01 2.394305269E+00
5.261870000E-01 2.632800000E+01 1.281800000E+01 2.356196561E+00
5.346980000E-01 2.652750000E+01 1.262610000E+01 2.318692047E+00
5.433460000E-01 2.671120000E+01 1.240120000E+01 2.281787296E+00
5.521340000E-01 2.686280000E+01 1.218020000E+01 2.245469397E+00
5.610650000E-01 2.700270000E+01 1.196320000E+01 2.209726146E+00
5.701390000E-01 2.713190000E+01 1.175000000E+01 2.174557432E+00
5.793610000E-01 2.725210000E+01 1.154070000E+01 2.139943835E+00
5.887320000E-01 2.736440000E+01 1.133510000E+01 2.105881793E+00
5.982540000E-01 2.746950000E+01 1.113310000E+01 2.072363912E+00
6.079300000E-01 2.756810000E+01 1.093480000E+01 2.039379534E+00
6.177630000E-01 2.766060000E+01 1.073990000E+01 2.006918511E+00
6.277550000E-01 2.774760000E+01 1.054860000E+01 1.974974313E+00
6.379080000E-01 2.782920000E+01 1.036060000E+01 1.943540448E+00
6.482260000E-01 2.790590000E+01 1.017600000E+01 1.912604555E+00
6.587110000E-01 2.797780000E+01 9.994730000E+00 1.882160765E+00
6.693650000E-01 2.804480000E+01 9.816650000E+00 1.852203208E+00
6.801910000E-01 2.810590000E+01 9.641740000E+00 1.822723323E+00
6.911930000E-01 2.816260000E+01 9.475750000E+00 1.793710295E+00
7.023720000E-01 2.821980000E+01 9.313670000E+00 1.765161481E+00
7.137330000E-01 2.827600000E+01 9.154370000E+00 1.737064140E+00
7.252770000E-01 2.833080000E+01 8.997780000E+00 1.709415851E+00
7.370080000E-01 2.838450000E+01 8.843880000E+00 1.682206977E+00
7.489280000E-01 2.843790000E+01 8.692600000E+00 1.655432832E+00
7.610420000E-01 2.849200000E+01 8.543920000E+00 1.629082232E+00
7.733510000E-01 2.855080000E+01 8.397780000E+00 1.603153031E+00
7.858590000E-01 2.861420000E+01 8.239130000E+00 1.577636701E+00
7.985700000E-01 2.866800000E+01 8.074100000E+00 1.552525139E+00
8.114860000E-01 2.871360000E+01 7.912370000E+00 1.527814405E+00
8.246110000E-01 2.875750000E+01 7.753890000E+00 1.503496800E+00
8.379490000E-01 2.882310000E+01 7.598570000E+00 1.479564985E+00
8.515020000E-01 2.888570000E+01 7.389340000E+00 1.456015370E+00
8.652740000E-01 2.889740000E+01 7.182590000E+00 1.432840927E+00
8.792690000E-01 2.889290000E+01 6.981640000E+00 1.410034927E+00
8.934910000E-01 2.885800000E+01 6.786300000E+00 1.387590921E+00
9.079430000E-01 2.880880000E+01 6.629750000E+00 1.365504222E+00
9.226280000E-01 2.877740000E+01 6.482740000E+00 1.343770187E+00
9.375510000E-01 2.874410000E+01 6.338980000E+00 1.322381396E+00
9.527150000E-01 2.870840000E+01 6.198420000E+00 1.301333557E+00
9.681240000E-01 2.866860000E+01 6.060970000E+00 1.280621077E+00
9.837830000E-01 2.862370000E+01 5.929760000E+00 1.260237268E+00
9.996950000E-01 2.857740000E+01 5.805280000E+00 1.240178254E+00
1.015860000E+00 2.853130000E+01 5.683310000E+00 1.220443762E+00
1.032290000E+00 2.848270000E+01 5.562820000E+00 1.201019093E+00
1.048990000E+00 2.843080000E+01 5.443500000E+00 1.181898779E+00
1.065960000E+00 2.837410000E+01 5.325250000E+00 1.163083043E+00
1.083200000E+00 2.831170000E+01 5.209630000E+00 1.144571640E+00
1.100720000E+00 2.824440000E+01 5.096520000E+00 1.126353659E+00
1.118520000E+00 2.817190000E+01 4.985880000E+00 1.108428995E+00
1.136610000E+00 2.809370000E+01 4.877500000E+00 1.090787517E+00
1.155000000E+00 2.800940000E+01 4.771500000E+00 1.073419913E+00
1.173680000E+00 2.791870000E+01 4.667850000E+00 1.056335628E+00
1.192660000E+00 2.782110000E+01 4.566560000E+00 1.039525095E+00
1.211950000E+00 2.771610000E+01 4.467400000E+00 1.022979496E+00
1.231550000E+00 2.760320000E+01 4.370290000E+00 1.006698875E+00
1.251470000E+00 2.748150000E+01 4.274500000E+00 9.906749662E-01
1.271720000E+00 2.734930000E+01 4.179760000E+00 9.749001352E-01
1.292290000E+00 2.720480000E+01 4.085830000E+00 9.593821820E-01
1.313190000E+00 2.704600000E+01 3.994200000E+00 9.441131900E-01
1.334430000E+00 2.687190000E+01 3.904600000E+00 9.290858269E-01
1.356010000E+00 2.668020000E+01 3.816930000E+00 9.143000420E-01
1.377940000E+00 2.646830000E+01 3.731160000E+00 8.997489005E-01
1.400230000E+00 2.623250000E+01 3.647340000E+00 8.854259657E-01
1.422880000E+00 2.596850000E+01 3.565490000E+00 8.713313842E-01
1.445890000E+00 2.567050000E+01 3.485340000E+00 8.574649524E-01
1.469280000E+00 2.533020000E+01 3.406500000E+00 8.438146575E-01
1.493040000E+00 2.493720000E+01 3.328740000E+00 8.303863259E-01
1.517190000E+00 2.447310000E+01 3.249280000E+00 8.171685814E-01
1.541730000E+00 2.390950000E+01 3.171290000E+00 8.041615588E-01
1.566670000E+00 2.320680000E+01 3.095240000E+00 7.913600184E-01
1.592010000E+00 2.228860000E+01 3.020970000E+00 7.787639525E-01
1.617760000E+00 2.099310000E+01 2.948470000E+00 7.663683117E-01
1.643920000E+00 1.886480000E+01 2.877730000E+00 7.541729525E-01
1.670510000E+00 1.308230000E+01 2.808690000E+00 7.421685593E-01
1.678300000E+00 -4.635840000E+00 2.788980000E+00 7.387237085E-01
1.678500000E+00 -4.629190000E+00 1.561360000E+01 7.386356866E-01
1.697530000E+00 1.702700000E+01 1.538830000E+01 7.303552809E-01
1.724990000E+00 2.083210000E+01 1.507320000E+01 7.187288042E-01
1.752890000E+00 2.285320000E+01 1.476460000E+01 7.072891054E-01
1.781240000E+00 2.422500000E+01 1.446230000E+01 6.960319777E-01
1.810050000E+00 2.523960000E+01 1.416640000E+01 6.849534543E-01
1.839320000E+00 2.600640000E+01 1.387620000E+01 6.740534545E-01
1.869070000E+00 2.655110000E+01 1.359200000E+01 6.633245411E-01
1.899300000E+00 2.678020000E+01 1.331390000E+01 6.527668088E-01
1.920900000E+00 2.428820000E+01 1.312130000E+01 6.454266229E-01
1.921100000E+00 2.429850000E+01 1.491550000E+01 6.453594295E-01
1.930020000E+00 2.691380000E+01 1.482440000E+01 6.423767629E-01
1.961240000E+00 2.832540000E+01 1.451310000E+01 6.321510881E-01
1.992960000E+00 2.915540000E+01 1.420830000E+01 6.220897559E-01
2.025200000E+00 2.981800000E+01 1.391600000E+01 6.121864507E-01
2.057950000E+00 3.039180000E+01 1.361740000E+01 6.024441799E-01
2.091240000E+00 3.089340000E+01 1.332180000E+01 5.928540005E-01
2.125060000E+00 3.134150000E+01 1.302950000E+01 5.834188211E-01
2.159430000E+00 3.174640000E+01 1.274110000E+01 5.741329888E-01
2.194360000E+00 3.211500000E+01 1.245590000E+01 5.649938934E-01
2.229850000E+00 3.245200000E+01 1.217480000E+01 5.560015248E-01
2.265920000E+00 3.276150000E+01 1.189760000E+01 5.471508262E-01
2.302570000E+00 3.304650000E+01 1.162470000E+01 5.384418280E-01
2.339810000E+00 3.330970000E+01 1.135580000E+01 5.298720836E-01
2.377660000E+00 3.355290000E+01 1.109120000E+01 5.214370431E-01
2.416110000E+00 3.377810000E+01 1.083070000E+01 5.131388885E-01
2.455190000E+00 3.398660000E+01 1.057470000E+01 5.049711020E-01
2.494900000E+00 3.418010000E+01 1.032300000E+01 4.969337448E-01
2.535260000E+00 3.435930000E+01 1.007560000E+01 4.890228221E-01
2.576260000E+00 3.452550000E+01 9.832820000E+00 4.812402475E-01
2.617930000E+00 3.467970000E+01 9.594600000E+00 4.735802714E-01
2.660270000E+00 3.482300000E+01 9.360720000E+00 4.660429205E-01
2.703300000E+00 3.495550000E+01 9.130920000E+00 4.586246440E-01
2.747030000E+00 3.507800000E+01 8.905930000E+00 4.513237933E-01
2.791460000E+00 3.519160000E+01 8.685460000E+00 4.441403423E-01
2.836610000E+00 3.529680000E+01 8.469520000E+00 4.370710108E-01
2.882490000E+00 3.539410000E+01 8.257280000E+00 4.301142415E-01
2.929110000E+00 3.548330000E+01 8.049950000E+00 4.232685014E-01
2.976480000E+00 3.556570000E+01 7.846900000E+00 4.165322797E-01
3.024630000E+00 3.564160000E+01 7.648010000E+00 4.099013764E-01
3.073550000E+00 3.571120000E+01 7.453480000E+00 4.033772023E-01
3.123260000E+00 3.577490000E+01 7.262810000E+00 3.969570257E-01
3.173780000E+00 3.583290000E+01 7.076540000E+00 3.906382925E-01
3.225110000E+00 3.588560000E+01 6.894350000E+00 3.844209965E-01
3.277270000E+00 3.593350000E+01 6.716810000E+00 3.783026727E-01
3.330280000E+00 3.597710000E+01 6.542480000E+00 3.722810094E-01
3.384150000E+00 3.601610000E+01 6.372390000E+00 3.663549193E-01
3.438880000E+00 3.605110000E+01 6.206190000E+00 3.605243568E-01
3.494500000E+00 3.608220000E+01 6.043860000E+00 3.547860924E-01
3.551020000E+00 3.610960000E+01 5.885260000E+00 3.491391206E-01
3.608460000E+00 3.613360000E+01 5.730380000E+00 3.435814724E-01
3.666820000E+00 3.615440000E+01 5.579160000E+00 3.381131335E-01
3.726130000E+00 3.617220000E+01 5.431600000E+00 3.327312788E-01
3.786400000E+00 3.618710000E+01 5.287520000E+00 3.274350306E-01
3.847640000E+00 3.619930000E+01 5.146900000E+00 3.222234928E-01
3.909870000E+00 3.620900000E+01 5.009740000E+00 3.170949418E-01
3.973110000E+00 3.621630000E+01 4.875880000E+00 3.120477409E-01
4.037380000E+00 3.622140000E+01 4.745380000E+00 3.070803343E-01
4.102680000E+00 3.622430000E+01 4.618050000E+00 3.021927131E-01
4.169030000E+00 3.622530000E+01 4.493840000E+00 2.973833242E-01
4.236460000E+00 3.622440000E+01 4.372770000E+00 2.926499955E-01
4.304980000E+00 3.622180000E+01 4.254800000E+00 2.879920464E-01
4.374620000E+00 3.621750000E+01 4.139720000E+00 2.834074731E-01
4.445370000E+00 3.621170000E+01 4.027560000E+00 2.788969197E-01
4.517270000E+00 3.620450000E+01 3.918280000E+00 2.744578031E-01
4.590330000E+00 3.619590000E+01 3.811760000E+00 2.700895143E-01
4.664580000E+00 3.618600000E+01 3.707960000E+00 2.657902748E-01
4.740030000E+00 3.617500000E+01 3.606880000E+00 2.615595260E-01
4.816690000E+00 3.616280000E+01 3.508400000E+00 2.573966770E-01
4.894600000E+00 3.614960000E+01 3.412470000E+00 2.532995546E-01
4.973770000E+00 3.613550000E+01 3.318990000E+00 2.492676581E-01
5.054210000E+00 3.612040000E+01 3.228000000E+00 2.453004525E-01
5.135960000E+00 3.610460000E+01 3.139370000E+00 2.413959610E-01
5.219030000E+00 3.608780000E+01 3.053060000E+00 2.375537217E-01
5.303440000E+00 3.607040000E+01 2.969110000E+00 2.337727965E-01
5.389220000E+00 3.605230000E+01 2.887290000E+00 2.300518442E-01
5.476390000E+00 3.603350000E+01 2.807680000E+00 2.263900124E-01
5.564970000E+00 3.601420000E+01 2.730200000E+00 2.227864661E-01
5.654980000E+00 3.599430000E+01 2.654740000E+00 2.192403863E-01
5.746440000E+00 3.597390000E+01 2.581360000E+00 2.157509693E-01
5.839390000E+00 3.595300000E+01 2.509920000E+00 2.123166975E-01
5.933830000E+00 3.593170000E+01 2.440420000E+00 2.089375665E-01
6.029810000E+00 3.590990000E+01 2.372720000E+00 2.056117854E-01
6.127330000E+00 3.588770000E+01 2.306880000E+00 2.023393550E-01
6.226440000E+00 3.586520000E+01 2.242880000E+00 1.991185975E-01
6.327150000E+00 3.584230000E+01 2.180630000E+00 1.959492030E-01
6.429480000E+00 3.581910000E+01 2.120030000E+00 1.928305244E-01
6.533480000E+00 3.579560000E+01 2.060990000E+00 1.897610462E-01
6.639150000E+00 3.577170000E+01 2.003700000E+00 1.867407725E-01
6.746540000E+00 3.574760000E+01 1.947910000E+00 1.837682723E-01
6.855650000E+00 3.572320000E+01 1.893690000E+00 1.808435378E-01
6.966540000E+00 3.569860000E+01 1.840860000E+00 1.779649582E-01
7.079220000E+00 3.567370000E+01 1.789610000E+00 1.751322886E-01
7.193720000E+00 3.564850000E+01 1.739660000E+00 1.723447674E-01
7.310070000E+00 3.562300000E+01 1.691160000E+00 1.696016591E-01
7.428310000E+00 3.559730000E+01 1.643940000E+00 1.669020275E-01
7.548450000E+00 3.557130000E+01 1.598120000E+00 1.642456398E-01
7.670540000E+00 3.554510000E+01 1.553570000E+00 1.616313845E-01
7.794610000E+00 3.551860000E+01 1.510160000E+00 1.590586315E-01
7.920680000E+00 3.549170000E+01 1.467980000E+00 1.565269649E-01
8.048790000E+00 3.546460000E+01 1.426990000E+00 1.540355755E-01
8.178980000E+00 3.543710000E+01 1.387140000E+00 1.515836938E-01
8.311260000E+00 3.540930000E+01 1.348410000E+00 1.491711245E-01
8.445690000E+00 3.538100000E+01 1.310760000E+00 1.467967685E-01
8.582290000E+00 3.535240000E+01 1.274150000E+00 1.444602781E-01
8.721110000E+00 3.532330000E+01 1.238580000E+00 1.421608029E-01
8.862160000E+00 3.529380000E+01 1.204000000E+00 1.398981738E-01
9.005500000E+00 3.526360000E+01 1.170380000E+00 1.376714230E-01
9.151160000E+00 3.523290000E+01 1.137720000E+00 1.354800921E-01
9.299170000E+00 3.520150000E+01 1.105960000E+00 1.333237267E-01
9.449580000E+00 3.516940000E+01 1.075110000E+00 1.312015984E-01
9.602420000E+00 3.513650000E+01 1.045120000E+00 1.291132860E-01
9.757730000E+00 3.510270000E+01 1.015970000E+00 1.270582400E-01
9.915550000E+00 3.506790000E+01 9.876230000E-01 1.250359284E-01
1.007590000E+01 3.503190000E+01 9.600950000E-01 1.230460803E-01
1.023890000E+01 3.499470000E+01 9.333430000E-01 1.210872262E-01
1.040450000E+01 3.495600000E+01 9.073470000E-01 1.191599789E-01
1.057280000E+01 3.491570000E+01 8.820830000E-01 1.172631659E-01
1.074380000E+01 3.487350000E+01 8.575340000E-01 1.153967870E-01
1.091760000E+01 3.482920000E+01 8.336780000E-01 1.135597567E-01
1.109420000E+01 3.478240000E+01 8.104960000E-01 1.117520867E-01
1.127360000E+01 3.473290000E+01 7.879700000E-01 1.099737440E-01
1.145590000E+01 3.468000000E+01 7.660830000E-01 1.082237101E-01
1.164120000E+01 3.462310000E+01 7.448140000E-01 1.065010480E-01
1.182950000E+01 3.456170000E+01 7.241470000E-01 1.048057822E-01
1.202080000E+01 3.449470000E+01 7.040660000E-01 1.031378943E-01
1.221530000E+01 3.442090000E+01 6.845530000E-01 1.014956653E-01
1.241280000E+01 3.433870000E+01 6.655940000E-01 9.988076824E-02
1.261360000E+01 3.424590000E+01 6.471720000E-01 9.829073381E-02
1.281760000E+01 3.413930000E+01 6.292720000E-01 9.672637623E-02
1.302500000E+01 3.401410000E+01 6.118800000E-01 9.518618042E-02
1.323560000E+01 3.386310000E+01 5.949800000E-01 9.367161292E-02
1.344970000E+01 3.367370000E+01 5.785610000E-01 9.218049473E-02
1.366720000E+01 3.342170000E+01 5.626060000E-01 9.071353313E-02
1.388830000E+01 3.305150000E+01 5.471040000E-01 8.926938502E-02
1.411290000E+01 3.237650000E+01 5.320410000E-01 8.784870579E-02
1.432550000E+01 2.466800000E+01 5.183790000E-01 8.654497225E-02
1.432570000E+01 2.466820000E+01 3.711860000E+00 8.654376400E-02
1.434120000E+01 2.981480000E+01 3.705750000E+00 8.645022732E-02
1.457310000E+01 3.270620000E+01 3.616110000E+00 8.507455517E-02
1.480890000E+01 3.343700000E+01 3.528040000E+00 8.371992518E-02
1.504840000E+01 3.388360000E+01 3.441540000E+00 8.238749635E-02
1.529180000E+01 3.420710000E+01 3.356620000E+00 8.107613231E-02
1.553910000E+01 3.446050000E+01 3.273280000E+00 7.978583058E-02
1.579040000E+01 3.466790000E+01 3.191530000E+00 7.851606039E-02
1.604580000E+01 3.484280000E+01 3.111360000E+00 7.726632514E-02
1.630540000E+01 3.499310000E+01 3.032770000E+00 7.603615980E-02
1.656910000E+01 3.512410000E+01 2.955760000E+00 7.482603159E-02
1.683710000E+01 3.523970000E+01 2.880300000E+00 7.363500840E-02
1.710940000E+01 3.534230000E+01 2.806410000E+00 7.246309046E-02
1.738610000E+01 3.543420000E+01 2.734070000E+00 7.130983947E-02
1.766740000E+01 3.551680000E+01 2.663260000E+00 7.017444559E-02
1.795310000E+01 3.559130000E+01 2.593970000E+00 6.905771148E-02
1.824350000E+01 3.565890000E+01 2.526180000E+00 6.795845096E-02
1.853860000E+01 3.572020000E+01 2.459890000E+00 6.687667893E-02
1.883840000E+01 3.577590000E+01 2.395070000E+00 6.581238322E-02
1.914310000E+01 3.582680000E+01 2.331710000E+00 6.476485000E-02
1.945270000E+01 3.587310000E+01 2.269780000E+00 6.373408319E-02
1.976740000E+01 3.591540000E+01 2.209270000E+00 6.271942694E-02
2.008710000E+01 3.595410000E+01 2.150160000E+00 6.172120416E-02
2.041200000E+01 3.598940000E+01 2.092420000E+00 6.073878111E-02
2.074210000E+01 3.602160000E+01 2.036040000E+00 5.977215422E-02
2.107760000E+01 3.605100000E+01 1.981000000E+00 5.882073860E-02
2.141850000E+01 3.607790000E+01 1.927270000E+00 5.788453907E-02
2.176500000E+01 3.610230000E+01 1.874840000E+00 5.696301401E-02
2.211700000E+01 3.612460000E+01 1.823670000E+00 5.605642718E-02
2.247470000E+01 3.614480000E+01 1.773750000E+00 5.516425136E-02
2.283820000E+01 3.616320000E+01 1.725060000E+00 5.428623972E-02
2.320760000E+01 3.617980000E+01 1.677570000E+00 5.342215481E-02
2.358300000E+01 3.619470000E+01 1.631260000E+00 5.257176780E-02
2.396440000E+01 3.620820000E+01 1.586110000E+00 5.173507369E-02
2.435200000E+01 3.622030000E+01 1.542090000E+00 5.091162943E-02
2.474590000E+01 3.623110000E+01 1.499190000E+00 5.010122889E-02
2.514620000E+01 3.624060000E+01 1.457370000E+00 4.930367213E-02
2.555290000E+01 3.624910000E+01 1.416630000E+00 4.851895480E-02
2.596620000E+01 3.625650000E+01 1.376930000E+00 4.774668608E-02
2.638610000E+01 3.626290000E+01 1.338250000E+00 4.698686051E-02
2.681290000E+01 3.626840000E+01 1.300580000E+00 4.623893723E-02
2.724660000E+01 3.627300000E+01 1.263880000E+00 4.550292514E-02
2.768730000E+01 3.627690000E+01 1.228150000E+00 4.477865303E-02
2.813510000E+01 3.628010000E+01 1.193350000E+00 4.406595320E-02
2.859020000E+01 3.628260000E+01 1.159480000E+00 4.336450952E-02
2.905260000E+01 3.628460000E+01 1.126490000E+00 4.267432175E-02
2.952250000E+01 3.628910000E+01 1.094390000E+00 4.199508849E-02
3.000000000E+01 3.627680000E+01 1.063140000E+00 4.132666667E-02
