# Data retrieved from henke.lbl.gov/optical_constants 03/01/2021
# Element, Li  (Z = 3) 
# Atomic weight*, g mol-1 = 6.941 
# Nominal density*, g cm-3 =  0 
# Relativistic correction estimate f_rel(5CL)*,  e atom-1 =  0 
# Nuclear Thomson correction f_NT*, e atom-1 =  0 
#    E [keV]      f1 [e atom-1]      f2 [e atom-1]    Wavelength [nm] 
1.000000000E-02 -9.999000000E+03 1.164180000E-01 1.239800000E+02
1.016170000E-02 -9.999000000E+03 1.174270000E-01 1.220071445E+02
1.032610000E-02 -9.999000000E+03 1.184450000E-01 1.200646904E+02
1.049310000E-02 -9.999000000E+03 1.194720000E-01 1.181538344E+02
1.066280000E-02 -9.999000000E+03 1.205080000E-01 1.162733991E+02
1.083530000E-02 -9.999000000E+03 1.215520000E-01 1.144223049E+02
1.101060000E-02 -9.999000000E+03 1.226060000E-01 1.126005849E+02
1.118860000E-02 -9.999000000E+03 1.236680000E-01 1.108092165E+02
1.136960000E-02 -9.999000000E+03 1.244400000E-01 1.090451731E+02
1.155350000E-02 -9.999000000E+03 1.250170000E-01 1.073094733E+02
1.174040000E-02 -9.999000000E+03 1.255980000E-01 1.056011720E+02
1.193030000E-02 -9.999000000E+03 1.261810000E-01 1.039202702E+02
1.212320000E-02 -9.999000000E+03 1.267670000E-01 1.022667283E+02
1.231930000E-02 -9.999000000E+03 1.273560000E-01 1.006388350E+02
1.251860000E-02 -9.999000000E+03 1.279470000E-01 9.903663349E+01
1.272100000E-02 -9.999000000E+03 1.285410000E-01 9.746089144E+01
1.292680000E-02 -9.999000000E+03 1.291380000E-01 9.590927376E+01
1.313590000E-02 -9.999000000E+03 1.297380000E-01 9.438256990E+01
1.334830000E-02 -9.999000000E+03 1.303400000E-01 9.288074137E+01
1.356420000E-02 -9.999000000E+03 1.309450000E-01 9.140236800E+01
1.378360000E-02 -9.999000000E+03 1.315500000E-01 8.994747381E+01
1.400660000E-02 -9.999000000E+03 1.321370000E-01 8.851541416E+01
1.423310000E-02 -9.999000000E+03 1.327270000E-01 8.710681440E+01
1.446330000E-02 -9.999000000E+03 1.333190000E-01 8.572040959E+01
1.469730000E-02 -9.999000000E+03 1.339140000E-01 8.435562995E+01
1.493500000E-02 -9.999000000E+03 1.345120000E-01 8.301305658E+01
1.517650000E-02 -9.999000000E+03 1.351130000E-01 8.169208974E+01
1.542200000E-02 -9.999000000E+03 1.357160000E-01 8.039164829E+01
1.567140000E-02 -9.999000000E+03 1.363220000E-01 7.911226821E+01
1.592490000E-02 -9.999000000E+03 1.369300000E-01 7.785292215E+01
1.618250000E-02 -9.999000000E+03 1.375410000E-01 7.661362583E+01
1.644420000E-02 -9.999000000E+03 1.381550000E-01 7.539436397E+01
1.671020000E-02 -9.999000000E+03 1.387720000E-01 7.419420474E+01
1.698050000E-02 -9.999000000E+03 1.390710000E-01 7.301316216E+01
1.725510000E-02 -9.999000000E+03 1.389030000E-01 7.185122080E+01
1.753420000E-02 -9.999000000E+03 1.387350000E-01 7.070753157E+01
1.781780000E-02 -9.999000000E+03 1.385670000E-01 6.958210329E+01
1.810600000E-02 -9.999000000E+03 1.383990000E-01 6.847453883E+01
1.839890000E-02 -9.999000000E+03 1.382320000E-01 6.738446320E+01
1.869640000E-02 -9.999000000E+03 1.380650000E-01 6.631223123E+01
1.899880000E-02 -9.999000000E+03 1.378980000E-01 6.525675306E+01
1.930610000E-02 -9.999000000E+03 1.377090000E-01 6.421804507E+01
1.961840000E-02 -9.999000000E+03 1.375140000E-01 6.319577539E+01
1.993570000E-02 -9.999000000E+03 1.373180000E-01 6.218994066E+01
2.025820000E-02 -9.999000000E+03 1.371230000E-01 6.119990917E+01
2.058580000E-02 -9.999000000E+03 1.369280000E-01 6.022598102E+01
2.091880000E-02 -9.999000000E+03 1.367330000E-01 5.926726198E+01
2.125710000E-02 -9.999000000E+03 1.365390000E-01 5.832404232E+01
2.160090000E-02 -9.999000000E+03 1.363450000E-01 5.739575666E+01
2.195030000E-02 -9.999000000E+03 1.361510000E-01 5.648214375E+01
2.230530000E-02 -9.999000000E+03 1.355860000E-01 5.558320220E+01
2.266610000E-02 -9.999000000E+03 1.349630000E-01 5.469842628E+01
2.303270000E-02 -9.999000000E+03 1.343430000E-01 5.382781871E+01
2.340530000E-02 -9.999000000E+03 1.337260000E-01 5.297090830E+01
2.378380000E-02 -9.999000000E+03 1.331110000E-01 5.212791900E+01
2.416850000E-02 -9.999000000E+03 1.325000000E-01 5.129817738E+01
2.455940000E-02 -9.999000000E+03 1.318910000E-01 5.048168929E+01
2.495660000E-02 -9.999000000E+03 1.312850000E-01 4.967824143E+01
2.536030000E-02 -9.999000000E+03 1.306810000E-01 4.888743430E+01
2.577050000E-02 -9.999000000E+03 1.300810000E-01 4.810927223E+01
2.618730000E-02 -9.999000000E+03 1.294830000E-01 4.734355966E+01
2.661090000E-02 -9.999000000E+03 1.288880000E-01 4.658993119E+01
2.704130000E-02 -9.999000000E+03 1.276210000E-01 4.584838747E+01
2.747860000E-02 -9.999000000E+03 1.256030000E-01 4.511874695E+01
2.792310000E-02 -9.999000000E+03 1.236160000E-01 4.440051427E+01
2.837470000E-02 -9.999000000E+03 1.216620000E-01 4.369385403E+01
2.883370000E-02 -9.999000000E+03 1.197380000E-01 4.299829713E+01
2.930000000E-02 6.808840000E-01 1.178450000E-01 4.231399317E+01
2.977390000E-02 6.720570000E-01 1.159810000E-01 4.164049721E+01
3.025550000E-02 6.624570000E-01 1.141470000E-01 4.097767348E+01
3.074490000E-02 6.522040000E-01 1.126190000E-01 4.032538730E+01
3.124210000E-02 6.414950000E-01 1.111960000E-01 3.968363202E+01
3.174750000E-02 6.301850000E-01 1.097910000E-01 3.905189385E+01
3.226090000E-02 6.182170000E-01 1.084040000E-01 3.843042197E+01
3.278270000E-02 6.055410000E-01 1.070340000E-01 3.781872756E+01
3.331300000E-02 5.921080000E-01 1.056820000E-01 3.721670219E+01
3.385180000E-02 5.778670000E-01 1.043470000E-01 3.662434494E+01
3.439930000E-02 5.627670000E-01 1.030280000E-01 3.604143108E+01
3.495570000E-02 5.467560000E-01 1.017270000E-01 3.546774918E+01
3.552110000E-02 5.297900000E-01 1.004410000E-01 3.490319838E+01
3.609560000E-02 5.119130000E-01 9.917220000E-02 3.434767673E+01
3.667940000E-02 4.928990000E-01 9.741170000E-02 3.380098911E+01
3.727270000E-02 4.723000000E-01 9.557350000E-02 3.326295117E+01
3.787550000E-02 4.501060000E-01 9.376990000E-02 3.273356127E+01
3.848820000E-02 4.262710000E-01 9.200040000E-02 3.221247032E+01
3.911070000E-02 4.006600000E-01 9.026420000E-02 3.169976503E+01
3.974320000E-02 3.731130000E-01 8.856080000E-02 3.119527366E+01
4.038610000E-02 3.434360000E-01 8.688960000E-02 3.069868098E+01
4.103930000E-02 3.114030000E-01 8.524990000E-02 3.021006694E+01
4.170310000E-02 2.767280000E-01 8.364120000E-02 2.972920478E+01
4.237760000E-02 2.390960000E-01 8.209590000E-02 2.925602205E+01
4.306300000E-02 1.981820000E-01 8.065830000E-02 2.879037689E+01
4.375950000E-02 1.535530000E-01 7.924600000E-02 2.833213359E+01
4.446730000E-02 1.046280000E-01 7.785820000E-02 2.788116211E+01
4.518650000E-02 5.071730000E-02 7.649480000E-02 2.743739834E+01
4.591740000E-02 -9.045660000E-03 7.515540000E-02 2.700065770E+01
4.666000000E-02 -7.576300000E-02 7.383930000E-02 2.657093871E+01
4.741470000E-02 -1.508750000E-01 7.254630000E-02 2.614800895E+01
4.818160000E-02 -2.363140000E-01 7.127590000E-02 2.573181463E+01
4.896090000E-02 -3.347600000E-01 7.002780000E-02 2.532224694E+01
4.975280000E-02 -4.500760000E-01 6.880150000E-02 2.491920053E+01
5.055760000E-02 -5.882300000E-01 6.748660000E-02 2.452252480E+01
5.137530000E-02 -7.591450000E-01 6.614580000E-02 2.413221918E+01
5.220620000E-02 -9.810450000E-01 6.483150000E-02 2.374813719E+01
5.305060000E-02 -1.294250000E+00 6.364080000E-02 2.337014096E+01
5.390870000E-02 -1.828770000E+00 6.271450000E-02 2.299814316E+01
5.460000000E-02 -3.204620000E+00 6.198850000E-02 2.270695971E+01
5.480000000E-02 -3.267780000E+00 1.995650000E+00 2.262408759E+01
5.566670000E-02 -2.019880000E+00 2.172980000E+00 2.227184295E+01
5.656700000E-02 -1.683910000E+00 2.370600000E+00 2.191737232E+01
5.748200000E-02 -1.449050000E+00 2.586210000E+00 2.156849101E+01
5.841170000E-02 -1.209970000E+00 2.787910000E+00 2.122519975E+01
5.935640000E-02 -9.780730000E-01 2.945770000E+00 2.088738535E+01
6.031650000E-02 -7.605690000E-01 3.088720000E+00 2.055490620E+01
6.129210000E-02 -5.420900000E-01 3.214990000E+00 2.022772919E+01
6.228340000E-02 -3.191160000E-01 3.335330000E+00 1.990578549E+01
6.329080000E-02 -6.998850000E-02 3.447800000E+00 1.958894500E+01
6.431450000E-02 2.095280000E-01 3.500100000E+00 1.927714590E+01
6.535470000E-02 4.901030000E-01 3.513800000E+00 1.897032654E+01
6.641180000E-02 7.430780000E-01 3.448490000E+00 1.866836918E+01
6.748590000E-02 9.768480000E-01 3.384390000E+00 1.837124496E+01
6.857750000E-02 1.162230000E+00 3.208440000E+00 1.807881594E+01
6.968670000E-02 1.248960000E+00 3.074430000E+00 1.779105626E+01
7.081380000E-02 1.306070000E+00 2.967080000E+00 1.750788688E+01
7.195910000E-02 1.346490000E+00 2.897490000E+00 1.722923161E+01
7.312300000E-02 1.374830000E+00 2.829540000E+00 1.695499364E+01
7.430570000E-02 1.386740000E+00 2.797580000E+00 1.668512644E+01
7.550760000E-02 1.404880000E+00 2.784830000E+00 1.641953923E+01
7.672890000E-02 1.429250000E+00 2.796260000E+00 1.615818811E+01
7.796990000E-02 1.460260000E+00 2.808200000E+00 1.590100795E+01
7.923100000E-02 1.498170000E+00 2.850280000E+00 1.564791559E+01
8.051250000E-02 1.567490000E+00 2.893490000E+00 1.539885111E+01
8.181470000E-02 1.652970000E+00 2.932820000E+00 1.515375599E+01
8.313800000E-02 1.747780000E+00 2.956890000E+00 1.491255503E+01
8.448270000E-02 1.846330000E+00 2.981160000E+00 1.467519386E+01
8.584910000E-02 1.961880000E+00 3.005630000E+00 1.444161907E+01
8.723770000E-02 2.095310000E+00 3.017250000E+00 1.421174561E+01
8.864870000E-02 2.243070000E+00 3.000410000E+00 1.398554068E+01
9.008250000E-02 2.390000000E+00 2.957220000E+00 1.376293953E+01
9.153950000E-02 2.531840000E+00 2.889270000E+00 1.354387996E+01
9.302010000E-02 2.648650000E+00 2.779150000E+00 1.332830216E+01
9.452460000E-02 2.724330000E+00 2.685560000E+00 1.311616235E+01
9.605350000E-02 2.797400000E+00 2.599060000E+00 1.290739015E+01
9.760710000E-02 2.851710000E+00 2.488460000E+00 1.270194484E+01
9.918580000E-02 2.873560000E+00 2.393520000E+00 1.249977315E+01
1.007900000E-01 2.925230000E+00 2.361080000E+00 1.230082349E+01
1.024200000E-01 2.978520000E+00 2.235520000E+00 1.210505761E+01
1.040770000E-01 2.973340000E+00 2.170800000E+00 1.191233414E+01
1.057600000E-01 2.984780000E+00 2.107760000E+00 1.172276853E+01
1.074710000E-01 2.990980000E+00 2.050380000E+00 1.153613533E+01
1.092090000E-01 2.995800000E+00 2.004470000E+00 1.135254420E+01
1.109750000E-01 3.005200000E+00 1.967000000E+00 1.117188556E+01
1.127700000E-01 3.020650000E+00 1.934400000E+00 1.099405870E+01
1.145940000E-01 3.043950000E+00 1.900000000E+00 1.081906557E+01
1.164480000E-01 3.068190000E+00 1.859740000E+00 1.064681231E+01
1.183310000E-01 3.087900000E+00 1.818560000E+00 1.047738970E+01
1.202450000E-01 3.106140000E+00 1.778290000E+00 1.031061583E+01
1.221900000E-01 3.123240000E+00 1.738910000E+00 1.014649317E+01
1.241660000E-01 3.139430000E+00 1.700400000E+00 9.985020054E+00
1.261750000E-01 3.154840000E+00 1.662740000E+00 9.826035268E+00
1.282150000E-01 3.169660000E+00 1.625920000E+00 9.669695433E+00
1.302890000E-01 3.184170000E+00 1.589890000E+00 9.515768791E+00
1.323970000E-01 3.198880000E+00 1.554410000E+00 9.364260519E+00
1.345380000E-01 3.213300000E+00 1.517130000E+00 9.215240304E+00
1.367140000E-01 3.225400000E+00 1.479750000E+00 9.068566496E+00
1.389250000E-01 3.235560000E+00 1.443280000E+00 8.924239698E+00
1.411720000E-01 3.244420000E+00 1.407710000E+00 8.782194770E+00
1.434560000E-01 3.252020000E+00 1.373020000E+00 8.642371180E+00
1.457760000E-01 3.257970000E+00 1.339180000E+00 8.504829327E+00
1.481340000E-01 3.262350000E+00 1.308310000E+00 8.369449282E+00
1.505300000E-01 3.267780000E+00 1.280170000E+00 8.236231980E+00
1.529640000E-01 3.275280000E+00 1.251770000E+00 8.105175074E+00
1.554390000E-01 3.282700000E+00 1.222540000E+00 7.976119249E+00
1.579530000E-01 3.288770000E+00 1.192950000E+00 7.849170323E+00
1.605070000E-01 3.293880000E+00 1.164080000E+00 7.724273708E+00
1.631030000E-01 3.298340000E+00 1.135910000E+00 7.601331674E+00
1.657420000E-01 3.302270000E+00 1.108420000E+00 7.480300708E+00
1.684220000E-01 3.305570000E+00 1.081580000E+00 7.361271093E+00
1.711460000E-01 3.308390000E+00 1.055690000E+00 7.244107370E+00
1.739150000E-01 3.310980000E+00 1.030810000E+00 7.128769801E+00
1.767270000E-01 3.313720000E+00 1.007030000E+00 7.015340044E+00
1.795860000E-01 3.317370000E+00 9.837840000E-01 6.903656187E+00
1.824910000E-01 3.321790000E+00 9.604650000E-01 6.793759692E+00
1.854420000E-01 3.325940000E+00 9.348020000E-01 6.685648343E+00
1.884420000E-01 3.328240000E+00 9.092320000E-01 6.579212702E+00
1.914890000E-01 3.328510000E+00 8.840270000E-01 6.474523341E+00
1.945870000E-01 3.327780000E+00 8.610100000E-01 6.371443108E+00
1.977340000E-01 3.327320000E+00 8.390430000E-01 6.270039548E+00
2.009320000E-01 3.326900000E+00 8.179940000E-01 6.170246651E+00
2.041820000E-01 3.326690000E+00 7.974660000E-01 6.072033774E+00
2.074850000E-01 3.326520000E+00 7.774590000E-01 5.975371714E+00
2.108400000E-01 3.326980000E+00 7.579600000E-01 5.880288370E+00
2.142510000E-01 3.327500000E+00 7.375320000E-01 5.786670774E+00
2.177160000E-01 3.326950000E+00 7.173670000E-01 5.694574583E+00
2.212370000E-01 3.325940000E+00 6.975330000E-01 5.603945091E+00
2.248160000E-01 3.324450000E+00 6.782510000E-01 5.514732048E+00
2.284520000E-01 3.322650000E+00 6.594990000E-01 5.426960587E+00
2.321470000E-01 3.320590000E+00 6.412610000E-01 5.340581614E+00
2.359020000E-01 3.318310000E+00 6.235420000E-01 5.255572229E+00
2.397170000E-01 3.315870000E+00 6.063090000E-01 5.171931903E+00
2.435950000E-01 3.313270000E+00 5.895460000E-01 5.089595435E+00
2.475350000E-01 3.310550000E+00 5.732460000E-01 5.008584645E+00
2.515380000E-01 3.307710000E+00 5.573940000E-01 4.928877545E+00
2.556070000E-01 3.304790000E+00 5.419780000E-01 4.850414895E+00
2.597410000E-01 3.301800000E+00 5.270030000E-01 4.773216396E+00
2.639420000E-01 3.298780000E+00 5.124290000E-01 4.697244092E+00
2.682110000E-01 3.295740000E+00 4.982430000E-01 4.622480062E+00
2.725490000E-01 3.292820000E+00 4.844900000E-01 4.548906802E+00
2.769570000E-01 3.290020000E+00 4.708460000E-01 4.476507183E+00
2.814370000E-01 3.287070000E+00 4.572420000E-01 4.405248777E+00
2.859890000E-01 3.283890000E+00 4.438490000E-01 4.335131771E+00
2.906150000E-01 3.280430000E+00 4.308210000E-01 4.266125286E+00
2.953150000E-01 3.276860000E+00 4.181740000E-01 4.198229010E+00
3.000920000E-01 3.273180000E+00 4.058960000E-01 4.131399704E+00
3.049450000E-01 3.269430000E+00 3.939810000E-01 4.065651183E+00
3.098780000E-01 3.265630000E+00 3.824160000E-01 4.000929398E+00
3.148900000E-01 3.261790000E+00 3.711910000E-01 3.937247928E+00
3.199830000E-01 3.257930000E+00 3.602940000E-01 3.874580837E+00
3.251580000E-01 3.254040000E+00 3.497190000E-01 3.812915567E+00
3.304180000E-01 3.250150000E+00 3.394530000E-01 3.752216889E+00
3.357620000E-01 3.246260000E+00 3.294880000E-01 3.692496471E+00
3.411920000E-01 3.242370000E+00 3.198160000E-01 3.633731154E+00
3.467110000E-01 3.238500000E+00 3.104280000E-01 3.575888853E+00
3.523190000E-01 3.234640000E+00 3.013150000E-01 3.518970024E+00
3.580170000E-01 3.230820000E+00 2.924730000E-01 3.462964049E+00
3.638080000E-01 3.227030000E+00 2.838880000E-01 3.407841499E+00
3.696920000E-01 3.223280000E+00 2.755540000E-01 3.353602458E+00
3.756720000E-01 3.219590000E+00 2.674640000E-01 3.300219340E+00
3.817480000E-01 3.215990000E+00 2.596130000E-01 3.247692195E+00
3.879220000E-01 3.212530000E+00 2.518970000E-01 3.196003320E+00
3.941970000E-01 3.209050000E+00 2.442080000E-01 3.145127944E+00
4.005730000E-01 3.205470000E+00 2.367320000E-01 3.095066318E+00
4.070520000E-01 3.201870000E+00 2.294750000E-01 3.045802502E+00
4.136350000E-01 3.198270000E+00 2.224360000E-01 2.997328563E+00
4.203260000E-01 3.194690000E+00 2.156180000E-01 2.949615299E+00
4.271240000E-01 3.191130000E+00 2.090100000E-01 2.902669951E+00
4.340320000E-01 3.187620000E+00 2.026010000E-01 2.856471412E+00
4.410520000E-01 3.184160000E+00 1.963890000E-01 2.811006412E+00
4.481860000E-01 3.180770000E+00 1.903500000E-01 2.766262221E+00
4.554350000E-01 3.177440000E+00 1.844110000E-01 2.722232591E+00
4.628020000E-01 3.174110000E+00 1.785940000E-01 2.678899400E+00
4.702870000E-01 3.170760000E+00 1.729280000E-01 2.636262538E+00
4.778940000E-01 3.167400000E+00 1.674390000E-01 2.594299154E+00
4.856230000E-01 3.164070000E+00 1.621270000E-01 2.553009227E+00
4.934780000E-01 3.160760000E+00 1.569840000E-01 2.512371372E+00
5.014590000E-01 3.157490000E+00 1.520050000E-01 2.472385579E+00
5.095700000E-01 3.154240000E+00 1.471840000E-01 2.433031772E+00
5.178120000E-01 3.151030000E+00 1.425220000E-01 2.394305269E+00
5.261870000E-01 3.147850000E+00 1.380260000E-01 2.356196561E+00
5.346980000E-01 3.144730000E+00 1.337100000E-01 2.318692047E+00
5.433460000E-01 3.141690000E+00 1.295470000E-01 2.281787296E+00
5.521340000E-01 3.138760000E+00 1.255090000E-01 2.245469397E+00
5.610650000E-01 3.135910000E+00 1.215080000E-01 2.209726146E+00
5.701390000E-01 3.133030000E+00 1.175970000E-01 2.174557432E+00
5.793610000E-01 3.130180000E+00 1.138290000E-01 2.139943835E+00
5.887320000E-01 3.127370000E+00 1.101940000E-01 2.105881793E+00
5.982540000E-01 3.124620000E+00 1.066810000E-01 2.072363912E+00
6.079300000E-01 3.121920000E+00 1.032750000E-01 2.039379534E+00
6.177630000E-01 3.119290000E+00 9.998070000E-02 2.006918511E+00
6.277550000E-01 3.116760000E+00 9.678520000E-02 1.974974313E+00
6.379080000E-01 3.114310000E+00 9.359860000E-02 1.943540448E+00
6.482260000E-01 3.111870000E+00 9.038500000E-02 1.912604555E+00
6.587110000E-01 3.109340000E+00 8.719760000E-02 1.882160765E+00
6.693650000E-01 3.106620000E+00 8.412230000E-02 1.852203208E+00
6.801910000E-01 3.103840000E+00 8.140990000E-02 1.822723323E+00
6.911930000E-01 3.101290000E+00 7.897740000E-02 1.793710295E+00
7.023720000E-01 3.098960000E+00 7.666690000E-02 1.765161481E+00
7.137330000E-01 3.096820000E+00 7.426750000E-02 1.737064140E+00
7.252770000E-01 3.094670000E+00 7.183830000E-02 1.709415851E+00
7.370080000E-01 3.092490000E+00 6.948900000E-02 1.682206977E+00
7.489280000E-01 3.090350000E+00 6.721680000E-02 1.655432832E+00
7.610420000E-01 3.088250000E+00 6.501890000E-02 1.629082232E+00
7.733510000E-01 3.086180000E+00 6.288980000E-02 1.603153031E+00
7.858590000E-01 3.084160000E+00 6.082260000E-02 1.577636701E+00
7.985700000E-01 3.082170000E+00 5.881700000E-02 1.552525139E+00
8.114860000E-01 3.080210000E+00 5.687850000E-02 1.527814405E+00
8.246110000E-01 3.078290000E+00 5.500350000E-02 1.503496800E+00
8.379490000E-01 3.076400000E+00 5.319010000E-02 1.479564985E+00
8.515020000E-01 3.074550000E+00 5.144030000E-02 1.456015370E+00
8.652740000E-01 3.072740000E+00 4.975240000E-02 1.432840927E+00
8.792690000E-01 3.070970000E+00 4.812370000E-02 1.410034927E+00
8.934910000E-01 3.069250000E+00 4.654890000E-02 1.387590921E+00
9.079430000E-01 3.067560000E+00 4.502550000E-02 1.365504222E+00
9.226280000E-01 3.065920000E+00 4.355190000E-02 1.343770187E+00
9.375510000E-01 3.064320000E+00 4.210790000E-02 1.322381396E+00
9.527150000E-01 3.062740000E+00 4.070790000E-02 1.301333557E+00
9.681240000E-01 3.061190000E+00 3.935110000E-02 1.280621077E+00
9.837830000E-01 3.059670000E+00 3.803890000E-02 1.260237268E+00
9.996950000E-01 3.058180000E+00 3.677290000E-02 1.240178254E+00
1.015860000E+00 3.056710000E+00 3.555170000E-02 1.220443762E+00
1.032290000E+00 3.055280000E+00 3.439360000E-02 1.201019093E+00
1.048990000E+00 3.053900000E+00 3.326430000E-02 1.181898779E+00
1.065960000E+00 3.052560000E+00 3.216250000E-02 1.163083043E+00
1.083200000E+00 3.051230000E+00 3.109740000E-02 1.144571640E+00
1.100720000E+00 3.049940000E+00 3.006770000E-02 1.126353659E+00
1.118520000E+00 3.048680000E+00 2.907220000E-02 1.108428995E+00
1.136610000E+00 3.047450000E+00 2.810970000E-02 1.090787517E+00
1.155000000E+00 3.046240000E+00 2.717880000E-02 1.073419913E+00
1.173680000E+00 3.045070000E+00 2.627840000E-02 1.056335628E+00
1.192660000E+00 3.043920000E+00 2.540850000E-02 1.039525095E+00
1.211950000E+00 3.042800000E+00 2.456710000E-02 1.022979496E+00
1.231550000E+00 3.041720000E+00 2.375330000E-02 1.006698875E+00
1.251470000E+00 3.040660000E+00 2.296180000E-02 9.906749662E-01
1.271720000E+00 3.039630000E+00 2.219070000E-02 9.749001352E-01
1.292290000E+00 3.038620000E+00 2.143820000E-02 9.593821820E-01
1.313190000E+00 3.037620000E+00 2.071160000E-02 9.441131900E-01
1.334430000E+00 3.036650000E+00 2.000970000E-02 9.290858269E-01
1.356010000E+00 3.035700000E+00 1.933140000E-02 9.143000420E-01
1.377940000E+00 3.034770000E+00 1.867620000E-02 8.997489005E-01
1.400230000E+00 3.033870000E+00 1.804310000E-02 8.854259657E-01
1.422880000E+00 3.032980000E+00 1.743150000E-02 8.713313842E-01
1.445890000E+00 3.032120000E+00 1.684060000E-02 8.574649524E-01
1.469280000E+00 3.031280000E+00 1.626890000E-02 8.438146575E-01
1.493040000E+00 3.030470000E+00 1.571530000E-02 8.303863259E-01
1.517190000E+00 3.029670000E+00 1.517520000E-02 8.171685814E-01
1.541730000E+00 3.028890000E+00 1.465300000E-02 8.041615588E-01
1.566670000E+00 3.028120000E+00 1.414880000E-02 7.913600184E-01
1.592010000E+00 3.027370000E+00 1.366190000E-02 7.787639525E-01
1.617760000E+00 3.026640000E+00 1.319170000E-02 7.663683117E-01
1.643920000E+00 3.025930000E+00 1.273780000E-02 7.541729525E-01
1.670510000E+00 3.025240000E+00 1.229940000E-02 7.421685593E-01
1.697530000E+00 3.024560000E+00 1.187610000E-02 7.303552809E-01
1.724990000E+00 3.023910000E+00 1.146730000E-02 7.187288042E-01
1.752890000E+00 3.023270000E+00 1.106710000E-02 7.072891054E-01
1.781240000E+00 3.022640000E+00 1.067900000E-02 6.960319777E-01
1.810050000E+00 3.022020000E+00 1.030310000E-02 6.849534543E-01
1.839320000E+00 3.021420000E+00 9.940460000E-03 6.740534545E-01
1.869070000E+00 3.020830000E+00 9.594130000E-03 6.633245411E-01
1.899300000E+00 3.020250000E+00 9.267770000E-03 6.527668088E-01
1.930020000E+00 3.019690000E+00 8.952490000E-03 6.423767629E-01
1.961240000E+00 3.019150000E+00 8.647960000E-03 6.321510881E-01
1.992960000E+00 3.018630000E+00 8.353780000E-03 6.220897559E-01
2.025200000E+00 3.018110000E+00 8.069600000E-03 6.121864507E-01
2.057950000E+00 3.017610000E+00 7.795100000E-03 6.024441799E-01
2.091240000E+00 3.017130000E+00 7.529920000E-03 5.928540005E-01
2.125060000E+00 3.016660000E+00 7.273780000E-03 5.834188211E-01
2.159430000E+00 3.016200000E+00 7.026330000E-03 5.741329888E-01
2.194360000E+00 3.015750000E+00 6.787320000E-03 5.649938934E-01
2.229850000E+00 3.015320000E+00 6.556440000E-03 5.560015248E-01
2.265920000E+00 3.014900000E+00 6.333400000E-03 5.471508262E-01
2.302570000E+00 3.014490000E+00 6.117950000E-03 5.384418280E-01
2.339810000E+00 3.014090000E+00 5.909830000E-03 5.298720836E-01
2.377660000E+00 3.013700000E+00 5.708800000E-03 5.214370431E-01
2.416110000E+00 3.013330000E+00 5.512620000E-03 5.131388885E-01
2.455190000E+00 3.012970000E+00 5.311450000E-03 5.049711020E-01
2.494900000E+00 3.012620000E+00 5.117620000E-03 4.969337448E-01
2.535260000E+00 3.012260000E+00 4.930870000E-03 4.890228221E-01
2.576260000E+00 3.011920000E+00 4.750930000E-03 4.812402475E-01
2.617930000E+00 3.011590000E+00 4.577550000E-03 4.735802714E-01
2.660270000E+00 3.011260000E+00 4.410080000E-03 4.660429205E-01
2.703300000E+00 3.010940000E+00 4.247840000E-03 4.586246440E-01
2.747030000E+00 3.010630000E+00 4.091590000E-03 4.513237933E-01
2.791460000E+00 3.010330000E+00 3.941070000E-03 4.441403423E-01
2.836610000E+00 3.010030000E+00 3.796100000E-03 4.370710108E-01
2.882490000E+00 3.009740000E+00 3.656460000E-03 4.301142415E-01
2.929110000E+00 3.009460000E+00 3.521450000E-03 4.232685014E-01
2.976480000E+00 3.009190000E+00 3.390960000E-03 4.165322797E-01
3.024630000E+00 3.008920000E+00 3.265310000E-03 4.099013764E-01
3.073550000E+00 3.008660000E+00 3.144300000E-03 4.033772023E-01
3.123260000E+00 3.008410000E+00 3.027780000E-03 3.969570257E-01
3.173780000E+00 3.008160000E+00 2.915580000E-03 3.906382925E-01
3.225110000E+00 3.007920000E+00 2.807260000E-03 3.844209965E-01
3.277270000E+00 3.007690000E+00 2.702830000E-03 3.783026727E-01
3.330280000E+00 3.007460000E+00 2.602290000E-03 3.722810094E-01
3.384150000E+00 3.007240000E+00 2.505490000E-03 3.663549193E-01
3.438880000E+00 3.007020000E+00 2.412290000E-03 3.605243568E-01
3.494500000E+00 3.006810000E+00 2.322550000E-03 3.547860924E-01
3.551020000E+00 3.006610000E+00 2.236310000E-03 3.491391206E-01
3.608460000E+00 3.006410000E+00 2.153270000E-03 3.435814724E-01
3.666820000E+00 3.006210000E+00 2.073330000E-03 3.381131335E-01
3.726130000E+00 3.006020000E+00 1.996350000E-03 3.327312788E-01
3.786400000E+00 3.005840000E+00 1.922220000E-03 3.274350306E-01
3.847640000E+00 3.005660000E+00 1.850880000E-03 3.222234928E-01
3.909870000E+00 3.005490000E+00 1.782660000E-03 3.170949418E-01
3.973110000E+00 3.005320000E+00 1.716960000E-03 3.120477409E-01
4.037380000E+00 3.005150000E+00 1.653680000E-03 3.070803343E-01
4.102680000E+00 3.004990000E+00 1.592740000E-03 3.021927131E-01
4.169030000E+00 3.004840000E+00 1.534040000E-03 2.973833242E-01
4.236460000E+00 3.004690000E+00 1.477540000E-03 2.926499955E-01
4.304980000E+00 3.004540000E+00 1.423250000E-03 2.879920464E-01
4.374620000E+00 3.004400000E+00 1.370970000E-03 2.834074731E-01
4.445370000E+00 3.004260000E+00 1.320600000E-03 2.788969197E-01
4.517270000E+00 3.004130000E+00 1.272080000E-03 2.744578031E-01
4.590330000E+00 3.003990000E+00 1.225340000E-03 2.700895143E-01
4.664580000E+00 3.003870000E+00 1.180390000E-03 2.657902748E-01
4.740030000E+00 3.003740000E+00 1.137170000E-03 2.615595260E-01
4.816690000E+00 3.003620000E+00 1.095540000E-03 2.573966770E-01
4.894600000E+00 3.003510000E+00 1.055430000E-03 2.532995546E-01
4.973770000E+00 3.003390000E+00 1.016790000E-03 2.492676581E-01
5.054210000E+00 3.003280000E+00 9.795670000E-04 2.453004525E-01
5.135960000E+00 3.003180000E+00 9.437470000E-04 2.413959610E-01
5.219030000E+00 3.003070000E+00 9.092640000E-04 2.375537217E-01
5.303440000E+00 3.002970000E+00 8.760430000E-04 2.337727965E-01
5.389220000E+00 3.002870000E+00 8.440370000E-04 2.300518442E-01
5.476390000E+00 3.002780000E+00 8.131960000E-04 2.263900124E-01
5.564970000E+00 3.002690000E+00 7.834860000E-04 2.227864661E-01
5.654980000E+00 3.002600000E+00 7.549040000E-04 2.192403863E-01
5.746440000E+00 3.002510000E+00 7.273780000E-04 2.157509693E-01
5.839390000E+00 3.002420000E+00 7.008570000E-04 2.123166975E-01
5.933830000E+00 3.002340000E+00 6.753000000E-04 2.089375665E-01
6.029810000E+00 3.002260000E+00 6.506770000E-04 2.056117854E-01
6.127330000E+00 3.002180000E+00 6.269510000E-04 2.023393550E-01
6.226440000E+00 3.002110000E+00 6.041110000E-04 1.991185975E-01
6.327150000E+00 3.002030000E+00 5.821050000E-04 1.959492030E-01
6.429480000E+00 3.001960000E+00 5.609000000E-04 1.928305244E-01
6.533480000E+00 3.001890000E+00 5.404660000E-04 1.897610462E-01
6.639150000E+00 3.001830000E+00 5.207780000E-04 1.867407725E-01
6.746540000E+00 3.001760000E+00 5.018090000E-04 1.837682723E-01
6.855650000E+00 3.001700000E+00 4.835400000E-04 1.808435378E-01
6.966540000E+00 3.001640000E+00 4.659360000E-04 1.779649582E-01
7.079220000E+00 3.001580000E+00 4.489710000E-04 1.751322886E-01
7.193720000E+00 3.001520000E+00 4.326260000E-04 1.723447674E-01
7.310070000E+00 3.001460000E+00 4.168740000E-04 1.696016591E-01
7.428310000E+00 3.001410000E+00 4.016950000E-04 1.669020275E-01
7.548450000E+00 3.001360000E+00 3.870630000E-04 1.642456398E-01
7.670540000E+00 3.001300000E+00 3.729630000E-04 1.616313845E-01
7.794610000E+00 3.001250000E+00 3.593780000E-04 1.590586315E-01
7.920680000E+00 3.001210000E+00 3.462870000E-04 1.565269649E-01
8.048790000E+00 3.001160000E+00 3.336730000E-04 1.540355755E-01
8.178980000E+00 3.001110000E+00 3.215120000E-04 1.515836938E-01
8.311260000E+00 3.001070000E+00 3.097900000E-04 1.491711245E-01
8.445690000E+00 3.001030000E+00 2.984960000E-04 1.467967685E-01
8.582290000E+00 3.000980000E+00 2.876120000E-04 1.444602781E-01
8.721110000E+00 3.000940000E+00 2.771270000E-04 1.421608029E-01
8.862160000E+00 3.000900000E+00 2.670230000E-04 1.398981738E-01
9.005500000E+00 3.000870000E+00 2.572760000E-04 1.376714230E-01
9.151160000E+00 3.000830000E+00 2.478790000E-04 1.354800921E-01
9.299170000E+00 3.000790000E+00 2.388260000E-04 1.333237267E-01
9.449580000E+00 3.000760000E+00 2.301020000E-04 1.312015984E-01
9.602420000E+00 3.000720000E+00 2.216980000E-04 1.291132860E-01
9.757730000E+00 3.000690000E+00 2.136010000E-04 1.270582400E-01
9.915550000E+00 3.000660000E+00 2.057790000E-04 1.250359284E-01
1.007590000E+01 3.000630000E+00 1.982510000E-04 1.230460803E-01
1.023890000E+01 3.000600000E+00 1.909950000E-04 1.210872262E-01
1.040450000E+01 3.000570000E+00 1.840020000E-04 1.191599789E-01
1.057280000E+01 3.000540000E+00 1.772610000E-04 1.172631659E-01
1.074380000E+01 3.000510000E+00 1.707640000E-04 1.153967870E-01
1.091760000E+01 3.000480000E+00 1.645020000E-04 1.135597567E-01
1.109420000E+01 3.000460000E+00 1.584670000E-04 1.117520867E-01
1.127360000E+01 3.000430000E+00 1.526510000E-04 1.099737440E-01
1.145590000E+01 3.000410000E+00 1.470440000E-04 1.082237101E-01
1.164120000E+01 3.000390000E+00 1.416410000E-04 1.065010480E-01
1.182950000E+01 3.000360000E+00 1.364340000E-04 1.048057822E-01
1.202080000E+01 3.000340000E+00 1.314150000E-04 1.031378943E-01
1.221530000E+01 3.000320000E+00 1.265780000E-04 1.014956653E-01
1.241280000E+01 3.000300000E+00 1.219160000E-04 9.988076824E-02
1.261360000E+01 3.000280000E+00 1.174240000E-04 9.829073381E-02
1.281760000E+01 3.000260000E+00 1.130940000E-04 9.672637623E-02
1.302500000E+01 3.000240000E+00 1.089220000E-04 9.518618042E-02
1.323560000E+01 3.000220000E+00 1.049010000E-04 9.367161292E-02
1.344970000E+01 3.000200000E+00 1.010260000E-04 9.218049473E-02
1.366720000E+01 3.000180000E+00 9.729220000E-05 9.071353313E-02
1.388830000E+01 3.000170000E+00 9.369420000E-05 8.926938502E-02
1.411290000E+01 3.000150000E+00 9.022720000E-05 8.784870579E-02
1.434120000E+01 3.000130000E+00 8.688650000E-05 8.645022732E-02
1.457310000E+01 3.000120000E+00 8.366760000E-05 8.507455517E-02
1.480890000E+01 3.000100000E+00 8.056620000E-05 8.371992518E-02
1.504840000E+01 3.000090000E+00 7.757800000E-05 8.238749635E-02
1.529180000E+01 3.000070000E+00 7.469910000E-05 8.107613231E-02
1.553910000E+01 3.000060000E+00 7.192560000E-05 7.978583058E-02
1.579040000E+01 3.000050000E+00 6.925350000E-05 7.851606039E-02
1.604580000E+01 3.000030000E+00 6.667950000E-05 7.726632514E-02
1.630540000E+01 3.000020000E+00 6.419980000E-05 7.603615980E-02
1.656910000E+01 3.000010000E+00 6.181140000E-05 7.482603159E-02
1.683710000E+01 3.000000000E+00 5.951070000E-05 7.363500840E-02
1.710940000E+01 2.999980000E+00 5.729490000E-05 7.246309046E-02
1.738610000E+01 2.999970000E+00 5.516070000E-05 7.130983947E-02
1.766740000E+01 2.999960000E+00 5.310530000E-05 7.017444559E-02
1.795310000E+01 2.999950000E+00 5.112590000E-05 6.905771148E-02
1.824350000E+01 2.999940000E+00 4.921980000E-05 6.795845096E-02
1.853860000E+01 2.999930000E+00 4.738440000E-05 6.687667893E-02
1.883840000E+01 2.999920000E+00 4.561710000E-05 6.581238322E-02
1.914310000E+01 2.999910000E+00 4.391560000E-05 6.476485000E-02
1.945270000E+01 2.999900000E+00 4.227750000E-05 6.373408319E-02
1.976740000E+01 2.999890000E+00 4.070050000E-05 6.271942694E-02
2.008710000E+01 2.999890000E+00 3.905530000E-05 6.172120416E-02
2.041200000E+01 2.999880000E+00 3.755100000E-05 6.073878111E-02
2.074210000E+01 2.999870000E+00 3.610540000E-05 5.977215422E-02
2.107760000E+01 2.999860000E+00 3.471590000E-05 5.882073860E-02
2.141850000E+01 2.999850000E+00 3.338040000E-05 5.788453907E-02
2.176500000E+01 2.999850000E+00 3.209680000E-05 5.696301401E-02
2.211700000E+01 2.999840000E+00 3.086300000E-05 5.605642718E-02
2.247470000E+01 2.999830000E+00 2.967710000E-05 5.516425136E-02
2.283820000E+01 2.999830000E+00 2.853700000E-05 5.428623972E-02
2.320760000E+01 2.999820000E+00 2.744110000E-05 5.342215481E-02
2.358300000E+01 2.999810000E+00 2.638750000E-05 5.257176780E-02
2.396440000E+01 2.999810000E+00 2.537470000E-05 5.173507369E-02
2.435200000E+01 2.999800000E+00 2.440100000E-05 5.091162943E-02
2.474590000E+01 2.999800000E+00 2.346480000E-05 5.010122889E-02
2.514620000E+01 2.999790000E+00 2.256480000E-05 4.930367213E-02
2.555290000E+01 2.999780000E+00 2.169940000E-05 4.851895480E-02
2.596620000E+01 2.999780000E+00 2.086740000E-05 4.774668608E-02
2.638610000E+01 2.999770000E+00 2.006740000E-05 4.698686051E-02
2.681290000E+01 2.999770000E+00 1.929810000E-05 4.623893723E-02
2.724660000E+01 2.999760000E+00 1.855840000E-05 4.550292514E-02
2.768730000E+01 2.999760000E+00 1.784720000E-05 4.477865303E-02
2.813510000E+01 2.999760000E+00 1.716320000E-05 4.406595320E-02
2.859020000E+01 2.999750000E+00 1.650560000E-05 4.336450952E-02
2.905260000E+01 2.999750000E+00 1.587310000E-05 4.267432175E-02
2.952250000E+01 2.999740000E+00 1.526490000E-05 4.199508849E-02
3.000000000E+01 2.999740000E+00 1.468000000E-05 4.132666667E-02
