# Data retrieved from henke.lbl.gov/optical_constants 03/01/2021
# Element, N  (Z = 7) 
# Atomic weight*, g mol-1 = 14.0067 
# Nominal density*, g cm-3 =  0 
# Relativistic correction estimate f_rel(5CL)*,  e atom-1 =  0 
# Nuclear Thomson correction f_NT*, e atom-1 =  0 
#    E [keV]      f1 [e atom-1]      f2 [e atom-1]    Wavelength [nm] 
1.000000000E-02 -9.999000000E+03 6.778470000E-01 1.239800000E+02
1.016170000E-02 -9.999000000E+03 6.896310000E-01 1.220071445E+02
1.032610000E-02 -9.999000000E+03 7.016200000E-01 1.200646904E+02
1.049310000E-02 -9.999000000E+03 7.138170000E-01 1.181538344E+02
1.066280000E-02 -9.999000000E+03 7.262270000E-01 1.162733991E+02
1.083530000E-02 -9.999000000E+03 7.388520000E-01 1.144223049E+02
1.101060000E-02 -9.999000000E+03 7.516970000E-01 1.126005849E+02
1.118860000E-02 -9.999000000E+03 7.658390000E-01 1.108092165E+02
1.136960000E-02 -9.999000000E+03 7.860260000E-01 1.090451731E+02
1.155350000E-02 -9.999000000E+03 8.067430000E-01 1.073094733E+02
1.174040000E-02 -9.999000000E+03 8.280080000E-01 1.056011720E+02
1.193030000E-02 -9.999000000E+03 8.498330000E-01 1.039202702E+02
1.212320000E-02 -9.999000000E+03 8.722330000E-01 1.022667283E+02
1.231930000E-02 -9.999000000E+03 8.952230000E-01 1.006388350E+02
1.251860000E-02 -9.999000000E+03 9.192800000E-01 9.903663349E+01
1.272100000E-02 -9.999000000E+03 9.546220000E-01 9.746089144E+01
1.292680000E-02 -9.999000000E+03 9.913230000E-01 9.590927376E+01
1.313590000E-02 -9.999000000E+03 1.029430000E+00 9.438256990E+01
1.334830000E-02 -9.999000000E+03 1.069010000E+00 9.288074137E+01
1.356420000E-02 -9.999000000E+03 1.110110000E+00 9.140236800E+01
1.378360000E-02 -9.999000000E+03 1.152790000E+00 8.994747381E+01
1.400660000E-02 -9.999000000E+03 1.224320000E+00 8.851541416E+01
1.423310000E-02 -9.999000000E+03 1.304240000E+00 8.710681440E+01
1.446330000E-02 -9.999000000E+03 1.389380000E+00 8.572040959E+01
1.469730000E-02 -9.999000000E+03 1.480080000E+00 8.435562995E+01
1.493500000E-02 -9.999000000E+03 1.576700000E+00 8.301305658E+01
1.517650000E-02 -9.999000000E+03 1.686550000E+00 8.169208974E+01
1.542200000E-02 -9.999000000E+03 1.806250000E+00 8.039164829E+01
1.567140000E-02 -9.999000000E+03 1.934450000E+00 7.911226821E+01
1.592490000E-02 -9.999000000E+03 2.071750000E+00 7.785292215E+01
1.618250000E-02 -9.999000000E+03 2.218790000E+00 7.661362583E+01
1.644420000E-02 -9.999000000E+03 2.376270000E+00 7.539436397E+01
1.671020000E-02 -9.999000000E+03 2.544920000E+00 7.419420474E+01
1.698050000E-02 -9.999000000E+03 2.680910000E+00 7.301316216E+01
1.725510000E-02 -9.999000000E+03 2.820440000E+00 7.185122080E+01
1.753420000E-02 -9.999000000E+03 2.967240000E+00 7.070753157E+01
1.781780000E-02 -9.999000000E+03 3.121690000E+00 6.958210329E+01
1.810600000E-02 -9.999000000E+03 3.284170000E+00 6.847453883E+01
1.839890000E-02 -9.999000000E+03 3.455110000E+00 6.738446320E+01
1.869640000E-02 -9.999000000E+03 3.634940000E+00 6.631223123E+01
1.899880000E-02 -9.999000000E+03 3.791960000E+00 6.525675306E+01
1.930610000E-02 -9.999000000E+03 3.940690000E+00 6.421804507E+01
1.961840000E-02 -9.999000000E+03 4.095260000E+00 6.319577539E+01
1.993570000E-02 -9.999000000E+03 4.255880000E+00 6.218994066E+01
2.025820000E-02 -9.999000000E+03 4.422810000E+00 6.119990917E+01
2.058580000E-02 -9.999000000E+03 4.541920000E+00 6.022598102E+01
2.091880000E-02 -9.999000000E+03 4.621720000E+00 5.926726198E+01
2.125710000E-02 -9.999000000E+03 4.702920000E+00 5.832404232E+01
2.160090000E-02 -9.999000000E+03 4.785540000E+00 5.739575666E+01
2.195030000E-02 -9.999000000E+03 4.869630000E+00 5.648214375E+01
2.230530000E-02 -9.999000000E+03 4.923150000E+00 5.558320220E+01
2.266610000E-02 -9.999000000E+03 4.947570000E+00 5.469842628E+01
2.303270000E-02 -9.999000000E+03 4.972110000E+00 5.382781871E+01
2.340530000E-02 -9.999000000E+03 4.996780000E+00 5.297090830E+01
2.378380000E-02 -9.999000000E+03 5.021560000E+00 5.212791900E+01
2.416850000E-02 -9.999000000E+03 5.021380000E+00 5.129817738E+01
2.455940000E-02 -9.999000000E+03 4.992150000E+00 5.048168929E+01
2.495660000E-02 -9.999000000E+03 4.963090000E+00 4.967824143E+01
2.536030000E-02 -9.999000000E+03 4.934200000E+00 4.888743430E+01
2.577050000E-02 -9.999000000E+03 4.905470000E+00 4.810927223E+01
2.618730000E-02 -9.999000000E+03 4.876920000E+00 4.734355966E+01
2.661090000E-02 -9.999000000E+03 4.848530000E+00 4.658993119E+01
2.704130000E-02 -9.999000000E+03 4.820300000E+00 4.584838747E+01
2.747860000E-02 -9.999000000E+03 4.772520000E+00 4.511874695E+01
2.792310000E-02 -9.999000000E+03 4.696870000E+00 4.440051427E+01
2.837470000E-02 -9.999000000E+03 4.622410000E+00 4.369385403E+01
2.883370000E-02 -9.999000000E+03 4.549130000E+00 4.299829713E+01
2.930000000E-02 3.096700000E+00 4.477010000E+00 4.231399317E+01
2.977390000E-02 3.185740000E+00 4.406040000E+00 4.164049721E+01
3.025550000E-02 3.268610000E+00 4.336190000E+00 4.097767348E+01
3.074490000E-02 3.345890000E+00 4.267450000E+00 4.032538730E+01
3.124210000E-02 3.417930000E+00 4.199800000E+00 3.968363202E+01
3.174750000E-02 3.484970000E+00 4.133220000E+00 3.905189385E+01
3.226090000E-02 3.545210000E+00 4.067700000E+00 3.843042197E+01
3.278270000E-02 3.600040000E+00 4.007110000E+00 3.781872756E+01
3.331300000E-02 3.654060000E+00 3.952230000E+00 3.721670219E+01
3.385180000E-02 3.707660000E+00 3.898100000E+00 3.662434494E+01
3.439930000E-02 3.759420000E+00 3.844710000E+00 3.604143108E+01
3.495570000E-02 3.808870000E+00 3.792050000E+00 3.546774918E+01
3.552110000E-02 3.855510000E+00 3.740120000E+00 3.490319838E+01
3.609560000E-02 3.898340000E+00 3.688890000E+00 3.434767673E+01
3.667940000E-02 3.934280000E+00 3.638370000E+00 3.380098911E+01
3.720000000E-02 3.939880000E+00 3.594570000E+00 3.332795699E+01
3.740000000E-02 3.955940000E+00 3.641040000E+00 3.314973262E+01
3.787550000E-02 4.027730000E+00 3.601500000E+00 3.273356127E+01
3.848820000E-02 4.087100000E+00 3.551910000E+00 3.221247032E+01
3.911070000E-02 4.138810000E+00 3.503000000E+00 3.169976503E+01
3.974320000E-02 4.186630000E+00 3.454760000E+00 3.119527366E+01
4.038610000E-02 4.231790000E+00 3.407190000E+00 3.069868098E+01
4.103930000E-02 4.274860000E+00 3.360270000E+00 3.021006694E+01
4.170310000E-02 4.316190000E+00 3.314000000E+00 2.972920478E+01
4.237760000E-02 4.356010000E+00 3.268360000E+00 2.925602205E+01
4.306300000E-02 4.394510000E+00 3.223360000E+00 2.879037689E+01
4.375950000E-02 4.431880000E+00 3.178970000E+00 2.833213359E+01
4.446730000E-02 4.468320000E+00 3.135200000E+00 2.788116211E+01
4.518650000E-02 4.504000000E+00 3.092030000E+00 2.743739834E+01
4.591740000E-02 4.541240000E+00 3.049450000E+00 2.700065770E+01
4.666000000E-02 4.578060000E+00 3.002830000E+00 2.657093871E+01
4.741470000E-02 4.610220000E+00 2.954420000E+00 2.614800895E+01
4.818160000E-02 4.639100000E+00 2.906780000E+00 2.573181463E+01
4.896090000E-02 4.665310000E+00 2.859920000E+00 2.532224694E+01
4.975280000E-02 4.688910000E+00 2.813810000E+00 2.491920053E+01
5.055760000E-02 4.709630000E+00 2.768440000E+00 2.452252480E+01
5.137530000E-02 4.726720000E+00 2.723810000E+00 2.413221918E+01
5.220620000E-02 4.737430000E+00 2.679890000E+00 2.374813719E+01
5.305060000E-02 4.728730000E+00 2.636680000E+00 2.337014096E+01
5.390870000E-02 4.743810000E+00 2.658410000E+00 2.299814316E+01
5.478060000E-02 4.795510000E+00 2.631010000E+00 2.263209968E+01
5.566670000E-02 4.823770000E+00 2.598030000E+00 2.227184295E+01
5.656700000E-02 4.851740000E+00 2.565460000E+00 2.191737232E+01
5.748200000E-02 4.878680000E+00 2.533280000E+00 2.156849101E+01
5.841170000E-02 4.905360000E+00 2.501500000E+00 2.122519975E+01
5.935640000E-02 4.932440000E+00 2.469130000E+00 2.088738535E+01
6.031650000E-02 4.958920000E+00 2.435570000E+00 2.055490620E+01
6.129210000E-02 4.984660000E+00 2.401640000E+00 2.022772919E+01
6.228340000E-02 5.009220000E+00 2.366300000E+00 1.990578549E+01
6.329080000E-02 5.031690000E+00 2.331460000E+00 1.958894500E+01
6.431450000E-02 5.053250000E+00 2.297100000E+00 1.927714590E+01
6.535470000E-02 5.073980000E+00 2.263270000E+00 1.897032654E+01
6.641180000E-02 5.094120000E+00 2.229970000E+00 1.866836918E+01
6.748590000E-02 5.113850000E+00 2.197160000E+00 1.837124496E+01
6.857750000E-02 5.133500000E+00 2.164820000E+00 1.807881594E+01
6.968670000E-02 5.153150000E+00 2.131960000E+00 1.779105626E+01
7.081380000E-02 5.172220000E+00 2.098990000E+00 1.750788688E+01
7.195910000E-02 5.190440000E+00 2.065210000E+00 1.722923161E+01
7.312300000E-02 5.207260000E+00 2.031720000E+00 1.695499364E+01
7.430570000E-02 5.223110000E+00 1.998780000E+00 1.668512644E+01
7.550760000E-02 5.238270000E+00 1.966350000E+00 1.641953923E+01
7.672890000E-02 5.252890000E+00 1.934460000E+00 1.615818811E+01
7.796990000E-02 5.267210000E+00 1.903090000E+00 1.590100795E+01
7.923100000E-02 5.281160000E+00 1.871560000E+00 1.564791559E+01
8.051250000E-02 5.294580000E+00 1.840530000E+00 1.539885111E+01
8.181470000E-02 5.307670000E+00 1.809190000E+00 1.515375599E+01
8.313800000E-02 5.319770000E+00 1.777880000E+00 1.491255503E+01
8.448270000E-02 5.330900000E+00 1.747110000E+00 1.467519386E+01
8.584910000E-02 5.341420000E+00 1.716870000E+00 1.444161907E+01
8.723770000E-02 5.351470000E+00 1.687150000E+00 1.421174561E+01
8.864870000E-02 5.361080000E+00 1.657840000E+00 1.398554068E+01
9.008250000E-02 5.370300000E+00 1.628910000E+00 1.376293953E+01
9.153950000E-02 5.379130000E+00 1.600310000E+00 1.354387996E+01
9.302010000E-02 5.387400000E+00 1.571900000E+00 1.332830216E+01
9.452460000E-02 5.395140000E+00 1.544000000E+00 1.311616235E+01
9.605350000E-02 5.402500000E+00 1.516610000E+00 1.290739015E+01
9.760710000E-02 5.409570000E+00 1.489690000E+00 1.270194484E+01
9.918580000E-02 5.416890000E+00 1.463260000E+00 1.249977315E+01
1.007900000E-01 5.424150000E+00 1.436280000E+00 1.230082349E+01
1.024200000E-01 5.430190000E+00 1.408870000E+00 1.210505761E+01
1.040770000E-01 5.435300000E+00 1.382220000E+00 1.191233414E+01
1.057600000E-01 5.439940000E+00 1.356060000E+00 1.172276853E+01
1.074710000E-01 5.444060000E+00 1.330390000E+00 1.153613533E+01
1.092090000E-01 5.447730000E+00 1.305190000E+00 1.135254420E+01
1.109750000E-01 5.450990000E+00 1.280480000E+00 1.117188556E+01
1.127700000E-01 5.453890000E+00 1.256240000E+00 1.099405870E+01
1.145940000E-01 5.456440000E+00 1.232450000E+00 1.081906557E+01
1.164480000E-01 5.458660000E+00 1.209140000E+00 1.064681231E+01
1.183310000E-01 5.460610000E+00 1.186270000E+00 1.047738970E+01
1.202450000E-01 5.462300000E+00 1.163810000E+00 1.031061583E+01
1.221900000E-01 5.463730000E+00 1.141770000E+00 1.014649317E+01
1.241660000E-01 5.464930000E+00 1.120140000E+00 9.985020054E+00
1.261750000E-01 5.465950000E+00 1.098940000E+00 9.826035268E+00
1.282150000E-01 5.466950000E+00 1.078150000E+00 9.669695433E+00
1.302890000E-01 5.468010000E+00 1.057600000E+00 9.515768791E+00
1.323970000E-01 5.468770000E+00 1.036510000E+00 9.364260519E+00
1.345380000E-01 5.468810000E+00 1.015820000E+00 9.215240304E+00
1.367140000E-01 5.468410000E+00 9.955490000E-01 9.068566496E+00
1.389250000E-01 5.467660000E+00 9.756930000E-01 8.924239698E+00
1.411720000E-01 5.466630000E+00 9.562410000E-01 8.782194770E+00
1.434560000E-01 5.465340000E+00 9.371740000E-01 8.642371180E+00
1.457760000E-01 5.463820000E+00 9.184710000E-01 8.504829327E+00
1.481340000E-01 5.462080000E+00 9.001550000E-01 8.369449282E+00
1.505300000E-01 5.460200000E+00 8.822120000E-01 8.236231980E+00
1.529640000E-01 5.458200000E+00 8.646100000E-01 8.105175074E+00
1.554390000E-01 5.456160000E+00 8.473620000E-01 7.976119249E+00
1.579530000E-01 5.454210000E+00 8.304580000E-01 7.849170323E+00
1.605070000E-01 5.453040000E+00 8.135670000E-01 7.724273708E+00
1.631030000E-01 5.452020000E+00 7.955480000E-01 7.601331674E+00
1.657420000E-01 5.449570000E+00 7.762600000E-01 7.480300708E+00
1.684220000E-01 5.445770000E+00 7.574380000E-01 7.361271093E+00
1.711460000E-01 5.441120000E+00 7.390740000E-01 7.244107370E+00
1.739150000E-01 5.435800000E+00 7.211540000E-01 7.128769801E+00
1.767270000E-01 5.429890000E+00 7.036700000E-01 7.015340044E+00
1.795860000E-01 5.423430000E+00 6.866080000E-01 6.903656187E+00
1.824910000E-01 5.416470000E+00 6.699610000E-01 6.793759692E+00
1.854420000E-01 5.409030000E+00 6.537180000E-01 6.685648343E+00
1.884420000E-01 5.401110000E+00 6.378680000E-01 6.579212702E+00
1.914890000E-01 5.392740000E+00 6.224020000E-01 6.474523341E+00
1.945870000E-01 5.383920000E+00 6.073120000E-01 6.371443108E+00
1.977340000E-01 5.374650000E+00 5.925870000E-01 6.270039548E+00
2.009320000E-01 5.364940000E+00 5.782190000E-01 6.170246651E+00
2.041820000E-01 5.354770000E+00 5.642000000E-01 6.072033774E+00
2.074850000E-01 5.344150000E+00 5.505210000E-01 5.975371714E+00
2.108400000E-01 5.333080000E+00 5.371730000E-01 5.880288370E+00
2.142510000E-01 5.321550000E+00 5.241490000E-01 5.786670774E+00
2.177160000E-01 5.309570000E+00 5.114400000E-01 5.694574583E+00
2.212370000E-01 5.297330000E+00 4.989970000E-01 5.603945091E+00
2.248160000E-01 5.284500000E+00 4.862680000E-01 5.514732048E+00
2.284520000E-01 5.270670000E+00 4.738650000E-01 5.426960587E+00
2.321470000E-01 5.256120000E+00 4.617780000E-01 5.340581614E+00
2.359020000E-01 5.240840000E+00 4.499990000E-01 5.255572229E+00
2.397170000E-01 5.224800000E+00 4.385210000E-01 5.171931903E+00
2.435950000E-01 5.207960000E+00 4.273350000E-01 5.089595435E+00
2.475350000E-01 5.190290000E+00 4.164350000E-01 5.008584645E+00
2.515380000E-01 5.171750000E+00 4.058120000E-01 4.928877545E+00
2.556070000E-01 5.152270000E+00 3.954610000E-01 4.850414895E+00
2.597410000E-01 5.131780000E+00 3.853740000E-01 4.773216396E+00
2.639420000E-01 5.110230000E+00 3.755440000E-01 4.697244092E+00
2.682110000E-01 5.087530000E+00 3.659650000E-01 4.622480062E+00
2.725490000E-01 5.063570000E+00 3.566300000E-01 4.548906802E+00
2.769570000E-01 5.038260000E+00 3.475330000E-01 4.476507183E+00
2.814370000E-01 5.011470000E+00 3.386680000E-01 4.405248777E+00
2.859890000E-01 4.983070000E+00 3.300300000E-01 4.335131771E+00
2.906150000E-01 4.952920000E+00 3.216110000E-01 4.266125286E+00
2.953150000E-01 4.920830000E+00 3.134080000E-01 4.198229010E+00
3.000920000E-01 4.886640000E+00 3.054130000E-01 4.131399704E+00
3.049450000E-01 4.850170000E+00 2.976230000E-01 4.065651183E+00
3.098780000E-01 4.811520000E+00 2.900320000E-01 4.000929398E+00
3.148900000E-01 4.770240000E+00 2.809690000E-01 3.937247928E+00
3.199830000E-01 4.724200000E+00 2.710970000E-01 3.874580837E+00
3.251580000E-01 4.672850000E+00 2.615710000E-01 3.812915567E+00
3.304180000E-01 4.616160000E+00 2.523800000E-01 3.752216889E+00
3.357620000E-01 4.553390000E+00 2.435120000E-01 3.692496471E+00
3.411920000E-01 4.483530000E+00 2.349560000E-01 3.633731154E+00
3.467110000E-01 4.405250000E+00 2.267000000E-01 3.575888853E+00
3.523190000E-01 4.316810000E+00 2.187340000E-01 3.518970024E+00
3.580170000E-01 4.215770000E+00 2.110490000E-01 3.462964049E+00
3.638080000E-01 4.098770000E+00 2.036440000E-01 3.407841499E+00
3.696920000E-01 3.960990000E+00 1.966140000E-01 3.353602458E+00
3.756720000E-01 3.795040000E+00 1.898270000E-01 3.300219340E+00
3.817480000E-01 3.588740000E+00 1.832750000E-01 3.247692195E+00
3.879220000E-01 3.320350000E+00 1.769480000E-01 3.196003320E+00
3.941970000E-01 2.944810000E+00 1.708400000E-01 3.145127944E+00
4.005730000E-01 2.341750000E+00 1.649430000E-01 3.095066318E+00
4.070520000E-01 9.027550000E-01 1.592490000E-01 3.045802502E+00
4.098000000E-01 -3.347290000E+00 1.569190000E-01 3.025378233E+00
4.100000000E-01 -3.340700000E+00 4.191450000E+00 3.023902439E+00
4.136350000E-01 1.374750000E+00 4.143080000E+00 2.997328563E+00
4.203260000E-01 2.769930000E+00 4.056570000E+00 2.949615299E+00
4.271240000E-01 3.471800000E+00 3.971870000E+00 2.902669951E+00
4.340320000E-01 3.950300000E+00 3.888940000E+00 2.856471412E+00
4.410520000E-01 4.315180000E+00 3.807740000E+00 2.811006412E+00
4.481860000E-01 4.610380000E+00 3.728240000E+00 2.766262221E+00
4.554350000E-01 4.858080000E+00 3.650390000E+00 2.722232591E+00
4.628020000E-01 5.071150000E+00 3.574170000E+00 2.678899400E+00
4.702870000E-01 5.257730000E+00 3.499540000E+00 2.636262538E+00
4.778940000E-01 5.423350000E+00 3.426480000E+00 2.594299154E+00
4.856230000E-01 5.571920000E+00 3.354930000E+00 2.553009227E+00
4.934780000E-01 5.706350000E+00 3.284880000E+00 2.512371372E+00
5.014590000E-01 5.828880000E+00 3.216290000E+00 2.472385579E+00
5.095700000E-01 5.941240000E+00 3.149140000E+00 2.433031772E+00
5.178120000E-01 6.044870000E+00 3.083390000E+00 2.394305269E+00
5.261870000E-01 6.140950000E+00 3.019010000E+00 2.356196561E+00
5.346980000E-01 6.230510000E+00 2.955970000E+00 2.318692047E+00
5.433460000E-01 6.314520000E+00 2.894250000E+00 2.281787296E+00
5.521340000E-01 6.394050000E+00 2.833820000E+00 2.245469397E+00
5.610650000E-01 6.471060000E+00 2.774650000E+00 2.209726146E+00
5.701390000E-01 6.546090000E+00 2.710650000E+00 2.174557432E+00
5.793610000E-01 6.613170000E+00 2.643960000E+00 2.139943835E+00
5.887320000E-01 6.672620000E+00 2.578900000E+00 2.105881793E+00
5.982540000E-01 6.727170000E+00 2.515450000E+00 2.072363912E+00
6.079300000E-01 6.777370000E+00 2.453550000E+00 2.039379534E+00
6.177630000E-01 6.823730000E+00 2.393190000E+00 2.006918511E+00
6.277550000E-01 6.866640000E+00 2.334300000E+00 1.974974313E+00
6.379080000E-01 6.906430000E+00 2.276870000E+00 1.943540448E+00
6.482260000E-01 6.943370000E+00 2.220840000E+00 1.912604555E+00
6.587110000E-01 6.977710000E+00 2.166200000E+00 1.882160765E+00
6.693650000E-01 7.009670000E+00 2.112900000E+00 1.852203208E+00
6.801910000E-01 7.039430000E+00 2.060910000E+00 1.822723323E+00
6.911930000E-01 7.067180000E+00 2.010210000E+00 1.793710295E+00
7.023720000E-01 7.093080000E+00 1.960740000E+00 1.765161481E+00
7.137330000E-01 7.117280000E+00 1.912500000E+00 1.737064140E+00
7.252770000E-01 7.139950000E+00 1.865440000E+00 1.709415851E+00
7.370080000E-01 7.161240000E+00 1.819540000E+00 1.682206977E+00
7.489280000E-01 7.181320000E+00 1.774780000E+00 1.655432832E+00
7.610420000E-01 7.200820000E+00 1.731110000E+00 1.629082232E+00
7.733510000E-01 7.219730000E+00 1.687550000E+00 1.603153031E+00
7.858590000E-01 7.237100000E+00 1.643480000E+00 1.577636701E+00
7.985700000E-01 7.252300000E+00 1.599800000E+00 1.552525139E+00
8.114860000E-01 7.265500000E+00 1.557270000E+00 1.527814405E+00
8.246110000E-01 7.277240000E+00 1.515880000E+00 1.503496800E+00
8.379490000E-01 7.287540000E+00 1.475590000E+00 1.479564985E+00
8.515020000E-01 7.296590000E+00 1.436720000E+00 1.456015370E+00
8.652740000E-01 7.304720000E+00 1.399240000E+00 1.432840927E+00
8.792690000E-01 7.312260000E+00 1.363050000E+00 1.410034927E+00
8.934910000E-01 7.319340000E+00 1.327780000E+00 1.387590921E+00
9.079430000E-01 7.325860000E+00 1.293440000E+00 1.365504222E+00
9.226280000E-01 7.332120000E+00 1.260000000E+00 1.343770187E+00
9.375510000E-01 7.337930000E+00 1.226690000E+00 1.322381396E+00
9.527150000E-01 7.342740000E+00 1.194100000E+00 1.301333557E+00
9.681240000E-01 7.346850000E+00 1.162230000E+00 1.280621077E+00
9.837830000E-01 7.350260000E+00 1.131210000E+00 1.260237268E+00
9.996950000E-01 7.353110000E+00 1.101040000E+00 1.240178254E+00
1.015860000E+00 7.355450000E+00 1.071690000E+00 1.220443762E+00
1.032290000E+00 7.357530000E+00 1.043400000E+00 1.201019093E+00
1.048990000E+00 7.359650000E+00 1.015390000E+00 1.181898779E+00
1.065960000E+00 7.361130000E+00 9.876350000E-01 1.163083043E+00
1.083200000E+00 7.361870000E+00 9.606440000E-01 1.144571640E+00
1.100720000E+00 7.362190000E+00 9.343820000E-01 1.126353659E+00
1.118520000E+00 7.362120000E+00 9.088280000E-01 1.108428995E+00
1.136610000E+00 7.361710000E+00 8.839670000E-01 1.090787517E+00
1.155000000E+00 7.360990000E+00 8.597920000E-01 1.073419913E+00
1.173680000E+00 7.360020000E+00 8.362890000E-01 1.056335628E+00
1.192660000E+00 7.358850000E+00 8.134260000E-01 1.039525095E+00
1.211950000E+00 7.357510000E+00 7.911890000E-01 1.022979496E+00
1.231550000E+00 7.356160000E+00 7.695610000E-01 1.006698875E+00
1.251470000E+00 7.354790000E+00 7.482200000E-01 9.906749662E-01
1.271720000E+00 7.353210000E+00 7.271540000E-01 9.749001352E-01
1.292290000E+00 7.351240000E+00 7.062990000E-01 9.593821820E-01
1.313190000E+00 7.348770000E+00 6.860310000E-01 9.441131900E-01
1.334430000E+00 7.346030000E+00 6.663480000E-01 9.290858269E-01
1.356010000E+00 7.343090000E+00 6.472370000E-01 9.143000420E-01
1.377940000E+00 7.339960000E+00 6.286400000E-01 8.997489005E-01
1.400230000E+00 7.336640000E+00 6.105910000E-01 8.854259657E-01
1.422880000E+00 7.333210000E+00 5.930890000E-01 8.713313842E-01
1.445890000E+00 7.329710000E+00 5.760610000E-01 8.574649524E-01
1.469280000E+00 7.326110000E+00 5.595050000E-01 8.438146575E-01
1.493040000E+00 7.322500000E+00 5.434070000E-01 8.303863259E-01
1.517190000E+00 7.318830000E+00 5.275860000E-01 8.171685814E-01
1.541730000E+00 7.314910000E+00 5.122130000E-01 8.041615588E-01
1.566670000E+00 7.310920000E+00 4.973100000E-01 7.913600184E-01
1.592010000E+00 7.306880000E+00 4.828310000E-01 7.787639525E-01
1.617760000E+00 7.302790000E+00 4.687720000E-01 7.663683117E-01
1.643920000E+00 7.298660000E+00 4.551200000E-01 7.541729525E-01
1.670510000E+00 7.294520000E+00 4.418670000E-01 7.421685593E-01
1.697530000E+00 7.290370000E+00 4.290000000E-01 7.303552809E-01
1.724990000E+00 7.286280000E+00 4.165090000E-01 7.187288042E-01
1.752890000E+00 7.282240000E+00 4.042010000E-01 7.072891054E-01
1.781240000E+00 7.278080000E+00 3.921980000E-01 6.960319777E-01
1.810050000E+00 7.273860000E+00 3.805080000E-01 6.849534543E-01
1.839320000E+00 7.269590000E+00 3.691690000E-01 6.740534545E-01
1.869070000E+00 7.265300000E+00 3.581670000E-01 6.633245411E-01
1.899300000E+00 7.261010000E+00 3.474920000E-01 6.527668088E-01
1.930020000E+00 7.256720000E+00 3.371340000E-01 6.423767629E-01
1.961240000E+00 7.252450000E+00 3.270860000E-01 6.321510881E-01
1.992960000E+00 7.248170000E+00 3.173400000E-01 6.220897559E-01
2.025200000E+00 7.243960000E+00 3.079970000E-01 6.121864507E-01
2.057950000E+00 7.239900000E+00 2.987330000E-01 6.024441799E-01
2.091240000E+00 7.235780000E+00 2.897250000E-01 5.928540005E-01
2.125060000E+00 7.231670000E+00 2.809750000E-01 5.834188211E-01
2.159430000E+00 7.227570000E+00 2.724690000E-01 5.741329888E-01
2.194360000E+00 7.223500000E+00 2.642100000E-01 5.649938934E-01
2.229850000E+00 7.219450000E+00 2.561850000E-01 5.560015248E-01
2.265920000E+00 7.215430000E+00 2.483940000E-01 5.471508262E-01
2.302570000E+00 7.211450000E+00 2.408220000E-01 5.384418280E-01
2.339810000E+00 7.207500000E+00 2.334710000E-01 5.298720836E-01
2.377660000E+00 7.203580000E+00 2.263260000E-01 5.214370431E-01
2.416110000E+00 7.199700000E+00 2.193900000E-01 5.131388885E-01
2.455190000E+00 7.195860000E+00 2.126560000E-01 5.049711020E-01
2.494900000E+00 7.192060000E+00 2.061200000E-01 4.969337448E-01
2.535260000E+00 7.188310000E+00 1.997720000E-01 4.890228221E-01
2.576260000E+00 7.184590000E+00 1.936080000E-01 4.812402475E-01
2.617930000E+00 7.180930000E+00 1.876300000E-01 4.735802714E-01
2.660270000E+00 7.177300000E+00 1.818160000E-01 4.660429205E-01
2.703300000E+00 7.173720000E+00 1.761820000E-01 4.586246440E-01
2.747030000E+00 7.170190000E+00 1.707110000E-01 4.513237933E-01
2.791460000E+00 7.166700000E+00 1.653990000E-01 4.441403423E-01
2.836610000E+00 7.163270000E+00 1.602500000E-01 4.370710108E-01
2.882490000E+00 7.159880000E+00 1.552480000E-01 4.301142415E-01
2.929110000E+00 7.156540000E+00 1.503890000E-01 4.232685014E-01
2.976480000E+00 7.153240000E+00 1.456800000E-01 4.165322797E-01
3.024630000E+00 7.150000000E+00 1.411100000E-01 4.099013764E-01
3.073550000E+00 7.146800000E+00 1.366730000E-01 4.033772023E-01
3.123260000E+00 7.143650000E+00 1.323700000E-01 3.969570257E-01
3.173780000E+00 7.140550000E+00 1.281950000E-01 3.906382925E-01
3.225110000E+00 7.137500000E+00 1.241530000E-01 3.844209965E-01
3.277270000E+00 7.134510000E+00 1.202190000E-01 3.783026727E-01
3.330280000E+00 7.131550000E+00 1.164110000E-01 3.722810094E-01
3.384150000E+00 7.128650000E+00 1.127170000E-01 3.663549193E-01
3.438880000E+00 7.125790000E+00 1.091340000E-01 3.605243568E-01
3.494500000E+00 7.122990000E+00 1.056580000E-01 3.547860924E-01
3.551020000E+00 7.120230000E+00 1.022860000E-01 3.491391206E-01
3.608460000E+00 7.117520000E+00 9.901610000E-02 3.435814724E-01
3.666820000E+00 7.114860000E+00 9.584530000E-02 3.381131335E-01
3.726130000E+00 7.112240000E+00 9.277100000E-02 3.327312788E-01
3.786400000E+00 7.109670000E+00 8.978900000E-02 3.274350306E-01
3.847640000E+00 7.107140000E+00 8.689810000E-02 3.222234928E-01
3.909870000E+00 7.104670000E+00 8.409510000E-02 3.170949418E-01
3.973110000E+00 7.102240000E+00 8.137770000E-02 3.120477409E-01
4.037380000E+00 7.099850000E+00 7.873120000E-02 3.070803343E-01
4.102680000E+00 7.097490000E+00 7.617940000E-02 3.021927131E-01
4.169030000E+00 7.095180000E+00 7.370620000E-02 2.973833242E-01
4.236460000E+00 7.092920000E+00 7.131200000E-02 2.926499955E-01
4.304980000E+00 7.090700000E+00 6.899150000E-02 2.879920464E-01
4.374620000E+00 7.088530000E+00 6.674400000E-02 2.834074731E-01
4.445370000E+00 7.086400000E+00 6.456730000E-02 2.788969197E-01
4.517270000E+00 7.084300000E+00 6.245880000E-02 2.744578031E-01
4.590330000E+00 7.082260000E+00 6.041670000E-02 2.700895143E-01
4.664580000E+00 7.080250000E+00 5.843900000E-02 2.657902748E-01
4.740030000E+00 7.078280000E+00 5.652300000E-02 2.615595260E-01
4.816690000E+00 7.076350000E+00 5.466880000E-02 2.573966770E-01
4.894600000E+00 7.074460000E+00 5.287190000E-02 2.532995546E-01
4.973770000E+00 7.072620000E+00 5.113270000E-02 2.492676581E-01
5.054210000E+00 7.070810000E+00 4.944840000E-02 2.453004525E-01
5.135960000E+00 7.069030000E+00 4.781780000E-02 2.413959610E-01
5.219030000E+00 7.067300000E+00 4.623920000E-02 2.375537217E-01
5.303440000E+00 7.065600000E+00 4.470960000E-02 2.337727965E-01
5.389220000E+00 7.063940000E+00 4.322990000E-02 2.300518442E-01
5.476390000E+00 7.062310000E+00 4.179650000E-02 2.263900124E-01
5.564970000E+00 7.060720000E+00 4.040850000E-02 2.227864661E-01
5.654980000E+00 7.059160000E+00 3.906650000E-02 2.192403863E-01
5.746440000E+00 7.057640000E+00 3.776630000E-02 2.157509693E-01
5.839390000E+00 7.056150000E+00 3.650790000E-02 2.123166975E-01
5.933830000E+00 7.054700000E+00 3.528900000E-02 2.089375665E-01
6.029810000E+00 7.053270000E+00 3.411030000E-02 2.056117854E-01
6.127330000E+00 7.051880000E+00 3.296850000E-02 2.023393550E-01
6.226440000E+00 7.050520000E+00 3.186400000E-02 1.991185975E-01
6.327150000E+00 7.049180000E+00 3.079560000E-02 1.959492030E-01
6.429480000E+00 7.047880000E+00 2.976180000E-02 1.928305244E-01
6.533480000E+00 7.046610000E+00 2.876090000E-02 1.897610462E-01
6.639150000E+00 7.045370000E+00 2.779160000E-02 1.867407725E-01
6.746540000E+00 7.044150000E+00 2.685360000E-02 1.837682723E-01
6.855650000E+00 7.042960000E+00 2.594750000E-02 1.808435378E-01
6.966540000E+00 7.041810000E+00 2.507000000E-02 1.779649582E-01
7.079220000E+00 7.040670000E+00 2.422180000E-02 1.751322886E-01
7.193720000E+00 7.039570000E+00 2.340030000E-02 1.723447674E-01
7.310070000E+00 7.038480000E+00 2.260540000E-02 1.696016591E-01
7.428310000E+00 7.037430000E+00 2.183670000E-02 1.669020275E-01
7.548450000E+00 7.036400000E+00 2.109320000E-02 1.642456398E-01
7.670540000E+00 7.035390000E+00 2.037390000E-02 1.616313845E-01
7.794610000E+00 7.034410000E+00 1.967820000E-02 1.590586315E-01
7.920680000E+00 7.033450000E+00 1.900530000E-02 1.565269649E-01
8.048790000E+00 7.032510000E+00 1.835460000E-02 1.540355755E-01
8.178980000E+00 7.031590000E+00 1.772510000E-02 1.515836938E-01
8.311260000E+00 7.030700000E+00 1.711630000E-02 1.491711245E-01
8.445690000E+00 7.029830000E+00 1.652790000E-02 1.467967685E-01
8.582290000E+00 7.028980000E+00 1.595850000E-02 1.444602781E-01
8.721110000E+00 7.028140000E+00 1.540810000E-02 1.421608029E-01
8.862160000E+00 7.027330000E+00 1.487600000E-02 1.398981738E-01
9.005500000E+00 7.026540000E+00 1.436140000E-02 1.376714230E-01
9.151160000E+00 7.025770000E+00 1.386400000E-02 1.354800921E-01
9.299170000E+00 7.025020000E+00 1.338310000E-02 1.333237267E-01
9.449580000E+00 7.024280000E+00 1.291810000E-02 1.312015984E-01
9.602420000E+00 7.023560000E+00 1.246890000E-02 1.291132860E-01
9.757730000E+00 7.022860000E+00 1.203440000E-02 1.270582400E-01
9.915550000E+00 7.022180000E+00 1.161460000E-02 1.250359284E-01
1.007590000E+01 7.021520000E+00 1.120880000E-02 1.230460803E-01
1.023890000E+01 7.020870000E+00 1.081660000E-02 1.210872262E-01
1.040450000E+01 7.020230000E+00 1.043760000E-02 1.191599789E-01
1.057280000E+01 7.019620000E+00 1.007140000E-02 1.172631659E-01
1.074380000E+01 7.019010000E+00 9.717530000E-03 1.153967870E-01
1.091760000E+01 7.018430000E+00 9.375600000E-03 1.135597567E-01
1.109420000E+01 7.017850000E+00 9.045240000E-03 1.117520867E-01
1.127360000E+01 7.017300000E+00 8.726070000E-03 1.099737440E-01
1.145590000E+01 7.016750000E+00 8.417760000E-03 1.082237101E-01
1.164120000E+01 7.016220000E+00 8.119930000E-03 1.065010480E-01
1.182950000E+01 7.015700000E+00 7.832230000E-03 1.048057822E-01
1.202080000E+01 7.015200000E+00 7.554380000E-03 1.031378943E-01
1.221530000E+01 7.014710000E+00 7.286010000E-03 1.014956653E-01
1.241280000E+01 7.014230000E+00 7.026850000E-03 9.988076824E-02
1.261360000E+01 7.013760000E+00 6.776590000E-03 9.829073381E-02
1.281760000E+01 7.013310000E+00 6.534940000E-03 9.672637623E-02
1.302500000E+01 7.012870000E+00 6.301620000E-03 9.518618042E-02
1.323560000E+01 7.012430000E+00 6.076360000E-03 9.367161292E-02
1.344970000E+01 7.012010000E+00 5.858900000E-03 9.218049473E-02
1.366720000E+01 7.011600000E+00 5.648980000E-03 9.071353313E-02
1.388830000E+01 7.011200000E+00 5.446360000E-03 8.926938502E-02
1.411290000E+01 7.010820000E+00 5.250800000E-03 8.784870579E-02
1.434120000E+01 7.010440000E+00 5.062070000E-03 8.645022732E-02
1.457310000E+01 7.010070000E+00 4.879940000E-03 8.507455517E-02
1.480890000E+01 7.009710000E+00 4.704210000E-03 8.371992518E-02
1.504840000E+01 7.009360000E+00 4.534650000E-03 8.238749635E-02
1.529180000E+01 7.009020000E+00 4.371070000E-03 8.107613231E-02
1.553910000E+01 7.008680000E+00 4.213280000E-03 7.978583058E-02
1.579040000E+01 7.008360000E+00 4.061060000E-03 7.851606039E-02
1.604580000E+01 7.008050000E+00 3.914260000E-03 7.726632514E-02
1.630540000E+01 7.007740000E+00 3.772680000E-03 7.603615980E-02
1.656910000E+01 7.007440000E+00 3.636160000E-03 7.482603159E-02
1.683710000E+01 7.007150000E+00 3.504530000E-03 7.363500840E-02
1.710940000E+01 7.006870000E+00 3.377620000E-03 7.246309046E-02
1.738610000E+01 7.006590000E+00 3.255280000E-03 7.130983947E-02
1.766740000E+01 7.006320000E+00 3.137360000E-03 7.017444559E-02
1.795310000E+01 7.006060000E+00 3.023700000E-03 6.905771148E-02
1.824350000E+01 7.005810000E+00 2.914180000E-03 6.795845096E-02
1.853860000E+01 7.005560000E+00 2.808640000E-03 6.687667893E-02
1.883840000E+01 7.005320000E+00 2.706970000E-03 6.581238322E-02
1.914310000E+01 7.005090000E+00 2.609020000E-03 6.476485000E-02
1.945270000E+01 7.004860000E+00 2.514670000E-03 6.373408319E-02
1.976740000E+01 7.004640000E+00 2.423800000E-03 6.271942694E-02
2.008710000E+01 7.004420000E+00 2.337060000E-03 6.172120416E-02
2.041200000E+01 7.004220000E+00 2.252770000E-03 6.073878111E-02
2.074210000E+01 7.004010000E+00 2.171580000E-03 5.977215422E-02
2.107760000E+01 7.003810000E+00 2.093370000E-03 5.882073860E-02
2.141850000E+01 7.003620000E+00 2.018030000E-03 5.788453907E-02
2.176500000E+01 7.003440000E+00 1.945450000E-03 5.696301401E-02
2.211700000E+01 7.003250000E+00 1.875520000E-03 5.605642718E-02
2.247470000E+01 7.003080000E+00 1.808150000E-03 5.516425136E-02
2.283820000E+01 7.002910000E+00 1.743240000E-03 5.428623972E-02
2.320760000E+01 7.002740000E+00 1.680690000E-03 5.342215481E-02
2.358300000E+01 7.002580000E+00 1.620430000E-03 5.257176780E-02
2.396440000E+01 7.002420000E+00 1.562350000E-03 5.173507369E-02
2.435200000E+01 7.002270000E+00 1.506390000E-03 5.091162943E-02
2.474590000E+01 7.002120000E+00 1.452460000E-03 5.010122889E-02
2.514620000E+01 7.001970000E+00 1.400480000E-03 4.930367213E-02
2.555290000E+01 7.001830000E+00 1.350390000E-03 4.851895480E-02
2.596620000E+01 7.001700000E+00 1.302120000E-03 4.774668608E-02
2.638610000E+01 7.001560000E+00 1.255590000E-03 4.698686051E-02
2.681290000E+01 7.001430000E+00 1.210740000E-03 4.623893723E-02
2.724660000E+01 7.001310000E+00 1.167510000E-03 4.550292514E-02
2.768730000E+01 7.001190000E+00 1.125840000E-03 4.477865303E-02
2.813510000E+01 7.001070000E+00 1.085670000E-03 4.406595320E-02
2.859020000E+01 7.000950000E+00 1.046950000E-03 4.336450952E-02
2.905260000E+01 7.000840000E+00 1.009620000E-03 4.267432175E-02
2.952250000E+01 7.000730000E+00 9.736290000E-04 4.199508849E-02
3.000000000E+01 7.000630000E+00 9.389340000E-04 4.132666667E-02
