# Data retrieved from henke.lbl.gov/optical_constants 03/01/2021
# Element, Na  (Z = 11) 
# Atomic weight*, g mol-1 = 22.9898 
# Nominal density*, g cm-3 =  0 
# Relativistic correction estimate f_rel(5CL)*,  e atom-1 =  0 
# Nuclear Thomson correction f_NT*, e atom-1 =  0 
#    E [keV]      f1 [e atom-1]      f2 [e atom-1]    Wavelength [nm] 
1.000000000E-02 -9.999000000E+03 1.475340000E-02 1.239800000E+02
1.016170000E-02 -9.999000000E+03 1.516840000E-02 1.220071445E+02
1.032610000E-02 -9.999000000E+03 1.559500000E-02 1.200646904E+02
1.049310000E-02 -9.999000000E+03 1.603370000E-02 1.181538344E+02
1.066280000E-02 -9.999000000E+03 1.648470000E-02 1.162733991E+02
1.083530000E-02 -9.999000000E+03 1.694850000E-02 1.144223049E+02
1.101060000E-02 -9.999000000E+03 1.742520000E-02 1.126005849E+02
1.118860000E-02 -9.999000000E+03 1.791540000E-02 1.108092165E+02
1.136960000E-02 -9.999000000E+03 1.841930000E-02 1.090451731E+02
1.155350000E-02 -9.999000000E+03 1.893740000E-02 1.073094733E+02
1.174040000E-02 -9.999000000E+03 1.947010000E-02 1.056011720E+02
1.193030000E-02 -9.999000000E+03 2.001780000E-02 1.039202702E+02
1.212320000E-02 -9.999000000E+03 2.058090000E-02 1.022667283E+02
1.231930000E-02 -9.999000000E+03 2.115980000E-02 1.006388350E+02
1.251860000E-02 -9.999000000E+03 2.175500000E-02 9.903663349E+01
1.272100000E-02 -9.999000000E+03 2.236700000E-02 9.746089144E+01
1.292680000E-02 -9.999000000E+03 2.299620000E-02 9.590927376E+01
1.313590000E-02 -9.999000000E+03 2.364300000E-02 9.438256990E+01
1.334830000E-02 -9.999000000E+03 2.430810000E-02 9.288074137E+01
1.356420000E-02 -9.999000000E+03 2.499190000E-02 9.140236800E+01
1.378360000E-02 -9.999000000E+03 2.551500000E-02 8.994747381E+01
1.400660000E-02 -9.999000000E+03 2.598620000E-02 8.851541416E+01
1.423310000E-02 -9.999000000E+03 2.646610000E-02 8.710681440E+01
1.446330000E-02 -9.999000000E+03 2.695490000E-02 8.572040959E+01
1.469730000E-02 -9.999000000E+03 2.745270000E-02 8.435562995E+01
1.493500000E-02 -9.999000000E+03 2.795970000E-02 8.301305658E+01
1.517650000E-02 -9.999000000E+03 2.847610000E-02 8.169208974E+01
1.542200000E-02 -9.999000000E+03 2.900200000E-02 8.039164829E+01
1.567140000E-02 -9.999000000E+03 2.941250000E-02 7.911226821E+01
1.592490000E-02 -9.999000000E+03 2.979850000E-02 7.785292215E+01
1.618250000E-02 -9.999000000E+03 3.018950000E-02 7.661362583E+01
1.644420000E-02 -9.999000000E+03 3.058570000E-02 7.539436397E+01
1.671020000E-02 -9.999000000E+03 3.098700000E-02 7.419420474E+01
1.698050000E-02 -9.999000000E+03 3.139360000E-02 7.301316216E+01
1.725510000E-02 -9.999000000E+03 3.180550000E-02 7.185122080E+01
1.753420000E-02 -9.999000000E+03 3.222290000E-02 7.070753157E+01
1.781780000E-02 -9.999000000E+03 3.256710000E-02 6.958210329E+01
1.810600000E-02 -9.999000000E+03 3.281780000E-02 6.847453883E+01
1.839890000E-02 -9.999000000E+03 3.307040000E-02 6.738446320E+01
1.869640000E-02 -9.999000000E+03 3.332500000E-02 6.631223123E+01
1.899880000E-02 -9.999000000E+03 3.358150000E-02 6.525675306E+01
1.930610000E-02 -9.999000000E+03 3.384000000E-02 6.421804507E+01
1.961840000E-02 -9.999000000E+03 3.410040000E-02 6.319577539E+01
1.993570000E-02 -9.999000000E+03 3.436290000E-02 6.218994066E+01
2.025820000E-02 -9.999000000E+03 3.462740000E-02 6.119990917E+01
2.058580000E-02 -9.999000000E+03 3.482640000E-02 6.022598102E+01
2.091880000E-02 -9.999000000E+03 3.490170000E-02 5.926726198E+01
2.125710000E-02 -9.999000000E+03 3.497720000E-02 5.832404232E+01
2.160090000E-02 -9.999000000E+03 3.505290000E-02 5.739575666E+01
2.195030000E-02 -9.999000000E+03 3.512870000E-02 5.648214375E+01
2.230530000E-02 -9.999000000E+03 3.520470000E-02 5.558320220E+01
2.266610000E-02 -9.999000000E+03 3.528080000E-02 5.469842628E+01
2.303270000E-02 -9.999000000E+03 3.535710000E-02 5.382781871E+01
2.340530000E-02 -9.999000000E+03 3.543360000E-02 5.297090830E+01
2.378380000E-02 -9.999000000E+03 3.551020000E-02 5.212791900E+01
2.416850000E-02 -9.999000000E+03 3.558700000E-02 5.129817738E+01
2.455940000E-02 -9.999000000E+03 3.586750000E-02 5.048168929E+01
2.495660000E-02 -9.999000000E+03 3.616830000E-02 4.967824143E+01
2.536030000E-02 -9.999000000E+03 3.647160000E-02 4.888743430E+01
2.577050000E-02 -9.999000000E+03 3.677750000E-02 4.810927223E+01
2.618730000E-02 -9.999000000E+03 3.708600000E-02 4.734355966E+01
2.661090000E-02 -9.999000000E+03 3.720480000E-02 4.658993119E+01
2.704130000E-02 -9.999000000E+03 3.706480000E-02 4.584838747E+01
2.747860000E-02 -9.999000000E+03 3.692530000E-02 4.511874695E+01
2.792310000E-02 -9.999000000E+03 3.678640000E-02 4.440051427E+01
2.837470000E-02 -9.999000000E+03 3.664790000E-02 4.369385403E+01
2.883370000E-02 -9.999000000E+03 3.651000000E-02 4.299829713E+01
2.930000000E-02 -2.039500000E+00 3.637260000E-02 4.231399317E+01
2.977390000E-02 -2.474550000E+00 3.623570000E-02 4.164049721E+01
3.025550000E-02 -3.363150000E+00 3.609940000E-02 4.097767348E+01
3.040000000E-02 -4.059420000E+00 3.605900000E-02 4.078289474E+01
3.060000000E-02 -4.114610000E+00 2.391770000E+00 4.051633987E+01
3.074490000E-02 -3.477350000E+00 2.412350000E+00 4.032538730E+01
3.124210000E-02 -2.731390000E+00 2.483590000E+00 3.968363202E+01
3.174750000E-02 -2.409330000E+00 2.556940000E+00 3.905189385E+01
3.226090000E-02 -2.208460000E+00 2.632450000E+00 3.843042197E+01
3.278270000E-02 -2.064540000E+00 2.710190000E+00 3.781872756E+01
3.331300000E-02 -1.952930000E+00 2.790220000E+00 3.721670219E+01
3.385180000E-02 -1.861540000E+00 2.872630000E+00 3.662434494E+01
3.439930000E-02 -1.783430000E+00 2.957460000E+00 3.604143108E+01
3.495570000E-02 -1.714130000E+00 3.044800000E+00 3.546774918E+01
3.552110000E-02 -1.650480000E+00 3.134710000E+00 3.490319838E+01
3.609560000E-02 -1.589830000E+00 3.227290000E+00 3.434767673E+01
3.667940000E-02 -1.529160000E+00 3.322590000E+00 3.380098911E+01
3.727270000E-02 -1.462490000E+00 3.417550000E+00 3.326295117E+01
3.787550000E-02 -1.399930000E+00 3.499590000E+00 3.273356127E+01
3.848820000E-02 -1.344140000E+00 3.583600000E+00 3.221247032E+01
3.911070000E-02 -1.291740000E+00 3.669620000E+00 3.169976503E+01
3.974320000E-02 -1.240910000E+00 3.757710000E+00 3.119527366E+01
4.038610000E-02 -1.190800000E+00 3.847910000E+00 3.069868098E+01
4.103930000E-02 -1.140680000E+00 3.940280000E+00 3.021006694E+01
4.170310000E-02 -1.089950000E+00 4.034870000E+00 2.972920478E+01
4.237760000E-02 -1.037960000E+00 4.131720000E+00 2.925602205E+01
4.306300000E-02 -9.840500000E-01 4.230910000E+00 2.879037689E+01
4.375950000E-02 -9.273630000E-01 4.332470000E+00 2.833213359E+01
4.446730000E-02 -8.666280000E-01 4.436470000E+00 2.788116211E+01
4.518650000E-02 -7.979340000E-01 4.542970000E+00 2.743739834E+01
4.591740000E-02 -7.200790000E-01 4.638040000E+00 2.700065770E+01
4.666000000E-02 -6.491490000E-01 4.728780000E+00 2.657093871E+01
4.741470000E-02 -5.804950000E-01 4.821290000E+00 2.614800895E+01
4.818160000E-02 -5.112180000E-01 4.915620000E+00 2.573181463E+01
4.896090000E-02 -4.403710000E-01 5.011780000E+00 2.532224694E+01
4.975280000E-02 -3.669960000E-01 5.109830000E+00 2.491920053E+01
5.055760000E-02 -2.898430000E-01 5.209800000E+00 2.452252480E+01
5.137530000E-02 -2.053530000E-01 5.311720000E+00 2.413221918E+01
5.220620000E-02 -1.137530000E-01 5.402760000E+00 2.374813719E+01
5.305060000E-02 -2.749630000E-02 5.490760000E+00 2.337014096E+01
5.390870000E-02 5.709750000E-02 5.580200000E+00 2.299814316E+01
5.478060000E-02 1.424800000E-01 5.671100000E+00 2.263209968E+01
5.566670000E-02 2.293790000E-01 5.763470000E+00 2.227184295E+01
5.656700000E-02 3.184130000E-01 5.857350000E+00 2.191737232E+01
5.748200000E-02 4.101630000E-01 5.952760000E+00 2.156849101E+01
5.841170000E-02 5.054720000E-01 6.049720000E+00 2.122519975E+01
5.935640000E-02 6.059530000E-01 6.148260000E+00 2.088738535E+01
6.031650000E-02 7.107110000E-01 6.243510000E+00 2.055490620E+01
6.129210000E-02 8.169650000E-01 6.339210000E+00 2.022772919E+01
6.228340000E-02 9.265260000E-01 6.436370000E+00 1.990578549E+01
6.329080000E-02 1.040470000E+00 6.535020000E+00 1.958894500E+01
6.431450000E-02 1.159810000E+00 6.635190000E+00 1.927714590E+01
6.535470000E-02 1.285710000E+00 6.736890000E+00 1.897032654E+01
6.641180000E-02 1.419830000E+00 6.840140000E+00 1.866836918E+01
6.748590000E-02 1.564540000E+00 6.944990000E+00 1.837124496E+01
6.857750000E-02 1.728040000E+00 7.051430000E+00 1.807881594E+01
6.968670000E-02 1.938080000E+00 7.132760000E+00 1.779105626E+01
7.081380000E-02 2.118920000E+00 7.168150000E+00 1.750788688E+01
7.195910000E-02 2.280170000E+00 7.203720000E+00 1.722923161E+01
7.312300000E-02 2.435380000E+00 7.239460000E+00 1.695499364E+01
7.430570000E-02 2.587240000E+00 7.275370000E+00 1.668512644E+01
7.550760000E-02 2.737460000E+00 7.311470000E+00 1.641953923E+01
7.672890000E-02 2.887290000E+00 7.347750000E+00 1.615818811E+01
7.796990000E-02 3.037780000E+00 7.384200000E+00 1.590100795E+01
7.923100000E-02 3.189940000E+00 7.420840000E+00 1.564791559E+01
8.051250000E-02 3.344870000E+00 7.457660000E+00 1.539885111E+01
8.181470000E-02 3.504020000E+00 7.494650000E+00 1.515375599E+01
8.313800000E-02 3.669630000E+00 7.531840000E+00 1.491255503E+01
8.448270000E-02 3.846590000E+00 7.569210000E+00 1.467519386E+01
8.584910000E-02 4.052440000E+00 7.591600000E+00 1.444161907E+01
8.723770000E-02 4.240120000E+00 7.572780000E+00 1.421174561E+01
8.864870000E-02 4.412700000E+00 7.554020000E+00 1.398554068E+01
9.008250000E-02 4.577520000E+00 7.535290000E+00 1.376293953E+01
9.153950000E-02 4.738550000E+00 7.516620000E+00 1.354387996E+01
9.302010000E-02 4.897700000E+00 7.497990000E+00 1.332830216E+01
9.452460000E-02 5.056630000E+00 7.479410000E+00 1.311616235E+01
9.605350000E-02 5.217220000E+00 7.460880000E+00 1.290739015E+01
9.760710000E-02 5.382720000E+00 7.442380000E+00 1.270194484E+01
9.918580000E-02 5.562870000E+00 7.423950000E+00 1.249977315E+01
1.007900000E-01 5.760270000E+00 7.369740000E+00 1.230082349E+01
1.024200000E-01 5.927460000E+00 7.291360000E+00 1.210505761E+01
1.040770000E-01 6.078060000E+00 7.213820000E+00 1.191233414E+01
1.057600000E-01 6.218470000E+00 7.137100000E+00 1.172276853E+01
1.074710000E-01 6.351230000E+00 7.061200000E+00 1.153613533E+01
1.092090000E-01 6.477820000E+00 6.986100000E+00 1.135254420E+01
1.109750000E-01 6.599190000E+00 6.911810000E+00 1.117188556E+01
1.127700000E-01 6.716080000E+00 6.838300000E+00 1.099405870E+01
1.145940000E-01 6.829050000E+00 6.765580000E+00 1.081906557E+01
1.164480000E-01 6.938570000E+00 6.693620000E+00 1.064681231E+01
1.183310000E-01 7.045100000E+00 6.622440000E+00 1.047738970E+01
1.202450000E-01 7.149050000E+00 6.552020000E+00 1.031061583E+01
1.221900000E-01 7.251110000E+00 6.482330000E+00 1.014649317E+01
1.241660000E-01 7.352430000E+00 6.411710000E+00 9.985020054E+00
1.261750000E-01 7.449950000E+00 6.340070000E+00 9.826035268E+00
1.282150000E-01 7.544380000E+00 6.269250000E+00 9.669695433E+00
1.302890000E-01 7.636640000E+00 6.199220000E+00 9.515768791E+00
1.323970000E-01 7.727100000E+00 6.129970000E+00 9.364260519E+00
1.345380000E-01 7.816080000E+00 6.061490000E+00 9.215240304E+00
1.367140000E-01 7.903970000E+00 5.993770000E+00 9.068566496E+00
1.389250000E-01 7.991170000E+00 5.926820000E+00 8.924239698E+00
1.411720000E-01 8.078240000E+00 5.860610000E+00 8.782194770E+00
1.434560000E-01 8.166050000E+00 5.795140000E+00 8.642371180E+00
1.457760000E-01 8.256380000E+00 5.730400000E+00 8.504829327E+00
1.481340000E-01 8.355950000E+00 5.666390000E+00 8.369449282E+00
1.505300000E-01 8.454370000E+00 5.576440000E+00 8.236231980E+00
1.529640000E-01 8.539800000E+00 5.484630000E+00 8.105175074E+00
1.554390000E-01 8.615980000E+00 5.394340000E+00 7.976119249E+00
1.579530000E-01 8.687010000E+00 5.305520000E+00 7.849170323E+00
1.605070000E-01 8.753830000E+00 5.218170000E+00 7.724273708E+00
1.631030000E-01 8.817130000E+00 5.132260000E+00 7.601331674E+00
1.657420000E-01 8.877360000E+00 5.047770000E+00 7.480300708E+00
1.684220000E-01 8.934900000E+00 4.964650000E+00 7.361271093E+00
1.711460000E-01 8.990060000E+00 4.882920000E+00 7.244107370E+00
1.739150000E-01 9.043090000E+00 4.802530000E+00 7.128769801E+00
1.767270000E-01 9.094240000E+00 4.723460000E+00 7.015340044E+00
1.795860000E-01 9.143740000E+00 4.645690000E+00 6.903656187E+00
1.824910000E-01 9.191830000E+00 4.569200000E+00 6.793759692E+00
1.854420000E-01 9.238770000E+00 4.493980000E+00 6.685648343E+00
1.884420000E-01 9.284880000E+00 4.419990000E+00 6.579212702E+00
1.914890000E-01 9.330650000E+00 4.347220000E+00 6.474523341E+00
1.945870000E-01 9.376940000E+00 4.275640000E+00 6.371443108E+00
1.977340000E-01 9.427000000E+00 4.205250000E+00 6.270039548E+00
2.009320000E-01 9.477210000E+00 4.123440000E+00 6.170246651E+00
2.041820000E-01 9.519890000E+00 4.039970000E+00 6.072033774E+00
2.074850000E-01 9.556720000E+00 3.958180000E+00 5.975371714E+00
2.108400000E-01 9.590300000E+00 3.878050000E+00 5.880288370E+00
2.142510000E-01 9.621180000E+00 3.799540000E+00 5.786670774E+00
2.177160000E-01 9.649780000E+00 3.722620000E+00 5.694574583E+00
2.212370000E-01 9.676390000E+00 3.647260000E+00 5.603945091E+00
2.248160000E-01 9.701230000E+00 3.573420000E+00 5.514732048E+00
2.284520000E-01 9.724500000E+00 3.501080000E+00 5.426960587E+00
2.321470000E-01 9.746380000E+00 3.430200000E+00 5.340581614E+00
2.359020000E-01 9.767030000E+00 3.360760000E+00 5.255572229E+00
2.397170000E-01 9.786600000E+00 3.292720000E+00 5.171931903E+00
2.435950000E-01 9.805250000E+00 3.226060000E+00 5.089595435E+00
2.475350000E-01 9.823200000E+00 3.160750000E+00 5.008584645E+00
2.515380000E-01 9.840680000E+00 3.096760000E+00 4.928877545E+00
2.556070000E-01 9.858120000E+00 3.034070000E+00 4.850414895E+00
2.597410000E-01 9.877830000E+00 2.972650000E+00 4.773216396E+00
2.639420000E-01 9.897890000E+00 2.906180000E+00 4.697244092E+00
2.682110000E-01 9.912840000E+00 2.838240000E+00 4.622480062E+00
2.725490000E-01 9.924600000E+00 2.771880000E+00 4.548906802E+00
2.769570000E-01 9.934200000E+00 2.707080000E+00 4.476507183E+00
2.814370000E-01 9.942060000E+00 2.643790000E+00 4.405248777E+00
2.859890000E-01 9.948450000E+00 2.581980000E+00 4.335131771E+00
2.906150000E-01 9.953560000E+00 2.521620000E+00 4.266125286E+00
2.953150000E-01 9.957540000E+00 2.462670000E+00 4.198229010E+00
3.000920000E-01 9.960500000E+00 2.405090000E+00 4.131399704E+00
3.049450000E-01 9.962540000E+00 2.348870000E+00 4.065651183E+00
3.098780000E-01 9.963760000E+00 2.293960000E+00 4.000929398E+00
3.148900000E-01 9.964220000E+00 2.240330000E+00 3.937247928E+00
3.199830000E-01 9.964020000E+00 2.187950000E+00 3.874580837E+00
3.251580000E-01 9.963230000E+00 2.136800000E+00 3.812915567E+00
3.304180000E-01 9.961950000E+00 2.086840000E+00 3.752216889E+00
3.357620000E-01 9.960280000E+00 2.038050000E+00 3.692496471E+00
3.411920000E-01 9.958380000E+00 1.990410000E+00 3.633731154E+00
3.467110000E-01 9.957340000E+00 1.943880000E+00 3.575888853E+00
3.523190000E-01 9.955880000E+00 1.895730000E+00 3.518970024E+00
3.580170000E-01 9.952320000E+00 1.847980000E+00 3.462964049E+00
3.638080000E-01 9.947430000E+00 1.801440000E+00 3.407841499E+00
3.696920000E-01 9.941580000E+00 1.756070000E+00 3.353602458E+00
3.756720000E-01 9.934920000E+00 1.711840000E+00 3.300219340E+00
3.817480000E-01 9.927570000E+00 1.668730000E+00 3.247692195E+00
3.879220000E-01 9.919580000E+00 1.626700000E+00 3.196003320E+00
3.941970000E-01 9.911010000E+00 1.585730000E+00 3.145127944E+00
4.005730000E-01 9.901910000E+00 1.545790000E+00 3.095066318E+00
4.070520000E-01 9.892310000E+00 1.506860000E+00 3.045802502E+00
4.136350000E-01 9.882230000E+00 1.468900000E+00 2.997328563E+00
4.203260000E-01 9.871710000E+00 1.431910000E+00 2.949615299E+00
4.271240000E-01 9.860760000E+00 1.395840000E+00 2.902669951E+00
4.340320000E-01 9.849390000E+00 1.360690000E+00 2.856471412E+00
4.410520000E-01 9.837620000E+00 1.326420000E+00 2.811006412E+00
4.481860000E-01 9.825440000E+00 1.293010000E+00 2.766262221E+00
4.554350000E-01 9.812870000E+00 1.260450000E+00 2.722232591E+00
4.628020000E-01 9.799880000E+00 1.228700000E+00 2.678899400E+00
4.702870000E-01 9.786470000E+00 1.197750000E+00 2.636262538E+00
4.778940000E-01 9.772330000E+00 1.167590000E+00 2.594299154E+00
4.856230000E-01 9.757860000E+00 1.138890000E+00 2.553009227E+00
4.934780000E-01 9.743470000E+00 1.111080000E+00 2.512371372E+00
5.014590000E-01 9.728980000E+00 1.083950000E+00 2.472385579E+00
5.095700000E-01 9.714280000E+00 1.057440000E+00 2.433031772E+00
5.178120000E-01 9.699320000E+00 1.031550000E+00 2.394305269E+00
5.261870000E-01 9.684080000E+00 1.006290000E+00 2.356196561E+00
5.346980000E-01 9.668530000E+00 9.815900000E-01 2.318692047E+00
5.433460000E-01 9.652710000E+00 9.574440000E-01 2.281787296E+00
5.521340000E-01 9.636440000E+00 9.337130000E-01 2.245469397E+00
5.610650000E-01 9.619650000E+00 9.105580000E-01 2.209726146E+00
5.701390000E-01 9.602430000E+00 8.879490000E-01 2.174557432E+00
5.793610000E-01 9.584570000E+00 8.657350000E-01 2.139943835E+00
5.887320000E-01 9.566050000E+00 8.440730000E-01 2.105881793E+00
5.982540000E-01 9.545750000E+00 8.232370000E-01 2.072363912E+00
6.079300000E-01 9.525660000E+00 8.047900000E-01 2.039379534E+00
6.177630000E-01 9.506320000E+00 7.870930000E-01 2.006918511E+00
6.277550000E-01 9.488030000E+00 7.698750000E-01 1.974974313E+00
6.379080000E-01 9.470320000E+00 7.512840000E-01 1.943540448E+00
6.482260000E-01 9.451860000E+00 7.306620000E-01 1.912604555E+00
6.587110000E-01 9.430250000E+00 7.090160000E-01 1.882160765E+00
6.693650000E-01 9.405790000E+00 6.880270000E-01 1.852203208E+00
6.801910000E-01 9.378950000E+00 6.695900000E-01 1.822723323E+00
6.911930000E-01 9.351760000E+00 6.531190000E-01 1.793710295E+00
7.023720000E-01 9.325200000E+00 6.374700000E-01 1.765161481E+00
7.137330000E-01 9.298070000E+00 6.210300000E-01 1.737064140E+00
7.252770000E-01 9.268980000E+00 6.042270000E-01 1.709415851E+00
7.370080000E-01 9.237980000E+00 5.878530000E-01 1.682206977E+00
7.489280000E-01 9.205140000E+00 5.719430000E-01 1.655432832E+00
7.610420000E-01 9.170370000E+00 5.564730000E-01 1.629082232E+00
7.733510000E-01 9.133540000E+00 5.413700000E-01 1.603153031E+00
7.858590000E-01 9.094360000E+00 5.265060000E-01 1.577636701E+00
7.985700000E-01 9.052370000E+00 5.119150000E-01 1.552525139E+00
8.114860000E-01 9.007300000E+00 4.977600000E-01 1.527814405E+00
8.246110000E-01 8.958810000E+00 4.839850000E-01 1.503496800E+00
8.379490000E-01 8.906390000E+00 4.705810000E-01 1.479564985E+00
8.515020000E-01 8.849480000E+00 4.576460000E-01 1.456015370E+00
8.652740000E-01 8.787420000E+00 4.451540000E-01 1.432840927E+00
8.792690000E-01 8.719420000E+00 4.330810000E-01 1.410034927E+00
8.934910000E-01 8.644320000E+00 4.213360000E-01 1.387590921E+00
9.079430000E-01 8.560670000E+00 4.099100000E-01 1.365504222E+00
9.226280000E-01 8.466700000E+00 3.987950000E-01 1.343770187E+00
9.375510000E-01 8.359440000E+00 3.873750000E-01 1.322381396E+00
9.527150000E-01 8.235040000E+00 3.761340000E-01 1.301333557E+00
9.681240000E-01 8.088000000E+00 3.650900000E-01 1.280621077E+00
9.837830000E-01 7.910080000E+00 3.543700000E-01 1.260237268E+00
9.996950000E-01 7.687570000E+00 3.439720000E-01 1.240178254E+00
1.015860000E+00 7.395350000E+00 3.338870000E-01 1.220443762E+00
1.032290000E+00 6.979700000E+00 3.241440000E-01 1.201019093E+00
1.048990000E+00 6.288270000E+00 3.146860000E-01 1.181898779E+00
1.065960000E+00 4.354300000E+00 3.055050000E-01 1.163083043E+00
1.070700000E+00 -8.616780000E-01 3.030120000E-01 1.157934062E+00
1.070900000E+00 -8.581760000E-01 4.563150000E+00 1.157717807E+00
1.083200000E+00 5.775840000E+00 4.481990000E+00 1.144571640E+00
1.100720000E+00 7.054290000E+00 4.370390000E+00 1.126353659E+00
1.118520000E+00 7.748350000E+00 4.261570000E+00 1.108428995E+00
1.136610000E+00 8.230830000E+00 4.155510000E+00 1.090787517E+00
1.155000000E+00 8.601080000E+00 4.052070000E+00 1.073419913E+00
1.173680000E+00 8.900760000E+00 3.951180000E+00 1.056335628E+00
1.192660000E+00 9.151560000E+00 3.852830000E+00 1.039525095E+00
1.211950000E+00 9.366310000E+00 3.756920000E+00 1.022979496E+00
1.231550000E+00 9.553170000E+00 3.663370000E+00 1.006698875E+00
1.251470000E+00 9.717800000E+00 3.572190000E+00 9.906749662E-01
1.271720000E+00 9.864240000E+00 3.483280000E+00 9.749001352E-01
1.292290000E+00 9.995500000E+00 3.396580000E+00 9.593821820E-01
1.313190000E+00 1.011390000E+01 3.312010000E+00 9.441131900E-01
1.334430000E+00 1.022110000E+01 3.229550000E+00 9.290858269E-01
1.356010000E+00 1.031860000E+01 3.149130000E+00 9.143000420E-01
1.377940000E+00 1.040770000E+01 3.070760000E+00 8.997489005E-01
1.400230000E+00 1.048940000E+01 2.994330000E+00 8.854259657E-01
1.422880000E+00 1.056430000E+01 2.919770000E+00 8.713313842E-01
1.445890000E+00 1.063330000E+01 2.847110000E+00 8.574649524E-01
1.469280000E+00 1.069690000E+01 2.776250000E+00 8.438146575E-01
1.493040000E+00 1.075560000E+01 2.707140000E+00 8.303863259E-01
1.517190000E+00 1.080990000E+01 2.639810000E+00 8.171685814E-01
1.541730000E+00 1.086020000E+01 2.574170000E+00 8.041615588E-01
1.566670000E+00 1.090700000E+01 2.510170000E+00 7.913600184E-01
1.592010000E+00 1.095040000E+01 2.447750000E+00 7.787639525E-01
1.617760000E+00 1.099080000E+01 2.386890000E+00 7.663683117E-01
1.643920000E+00 1.102860000E+01 2.327560000E+00 7.541729525E-01
1.670510000E+00 1.106390000E+01 2.269670000E+00 7.421685593E-01
1.697530000E+00 1.109700000E+01 2.213240000E+00 7.303552809E-01
1.724990000E+00 1.112890000E+01 2.158240000E+00 7.187288042E-01
1.752890000E+00 1.115880000E+01 2.102560000E+00 7.072891054E-01
1.781240000E+00 1.118610000E+01 2.047650000E+00 6.960319777E-01
1.810050000E+00 1.121070000E+01 1.993710000E+00 6.849534543E-01
1.839320000E+00 1.123290000E+01 1.941190000E+00 6.740534545E-01
1.869070000E+00 1.125330000E+01 1.890050000E+00 6.633245411E-01
1.899300000E+00 1.127190000E+01 1.840250000E+00 6.527668088E-01
1.930020000E+00 1.128900000E+01 1.791760000E+00 6.423767629E-01
1.961240000E+00 1.130470000E+01 1.744560000E+00 6.321510881E-01
1.992960000E+00 1.131890000E+01 1.698620000E+00 6.220897559E-01
2.025200000E+00 1.133270000E+01 1.654800000E+00 6.121864507E-01
2.057950000E+00 1.134590000E+01 1.610250000E+00 6.024441799E-01
2.091240000E+00 1.135740000E+01 1.566640000E+00 5.928540005E-01
2.125060000E+00 1.136760000E+01 1.524080000E+00 5.834188211E-01
2.159430000E+00 1.137660000E+01 1.482540000E+00 5.741329888E-01
2.194360000E+00 1.138470000E+01 1.441970000E+00 5.649938934E-01
2.229850000E+00 1.139180000E+01 1.402360000E+00 5.560015248E-01
2.265920000E+00 1.139810000E+01 1.363730000E+00 5.471508262E-01
2.302570000E+00 1.140350000E+01 1.325970000E+00 5.384418280E-01
2.339810000E+00 1.140800000E+01 1.289180000E+00 5.298720836E-01
2.377660000E+00 1.141190000E+01 1.253290000E+00 5.214370431E-01
2.416110000E+00 1.141510000E+01 1.218280000E+00 5.131388885E-01
2.455190000E+00 1.141760000E+01 1.184140000E+00 5.049711020E-01
2.494900000E+00 1.141960000E+01 1.150870000E+00 4.969337448E-01
2.535260000E+00 1.142090000E+01 1.118420000E+00 4.890228221E-01
2.576260000E+00 1.142170000E+01 1.086800000E+00 4.812402475E-01
2.617930000E+00 1.142210000E+01 1.056000000E+00 4.735802714E-01
2.660270000E+00 1.142200000E+01 1.025980000E+00 4.660429205E-01
2.703300000E+00 1.142140000E+01 9.967220000E-01 4.586246440E-01
2.747030000E+00 1.142040000E+01 9.682340000E-01 4.513237933E-01
2.791460000E+00 1.141910000E+01 9.404850000E-01 4.441403423E-01
2.836610000E+00 1.141730000E+01 9.134680000E-01 4.370710108E-01
2.882490000E+00 1.141530000E+01 8.871630000E-01 4.301142415E-01
2.929110000E+00 1.141300000E+01 8.615540000E-01 4.232685014E-01
2.976480000E+00 1.141030000E+01 8.366240000E-01 4.165322797E-01
3.024630000E+00 1.140740000E+01 8.123510000E-01 4.099013764E-01
3.073550000E+00 1.140430000E+01 7.887460000E-01 4.033772023E-01
3.123260000E+00 1.140100000E+01 7.657550000E-01 3.969570257E-01
3.173780000E+00 1.139740000E+01 7.433950000E-01 3.906382925E-01
3.225110000E+00 1.139370000E+01 7.216440000E-01 3.844209965E-01
3.277270000E+00 1.138970000E+01 7.004760000E-01 3.783026727E-01
3.330280000E+00 1.138560000E+01 6.798930000E-01 3.722810094E-01
3.384150000E+00 1.138140000E+01 6.598830000E-01 3.663549193E-01
3.438880000E+00 1.137710000E+01 6.404110000E-01 3.605243568E-01
3.494500000E+00 1.137260000E+01 6.214880000E-01 3.547860924E-01
3.551020000E+00 1.136800000E+01 6.030670000E-01 3.491391206E-01
3.608460000E+00 1.136330000E+01 5.851760000E-01 3.435814724E-01
3.666820000E+00 1.135860000E+01 5.677750000E-01 3.381131335E-01
3.726130000E+00 1.135370000E+01 5.508670000E-01 3.327312788E-01
3.786400000E+00 1.134880000E+01 5.344320000E-01 3.274350306E-01
3.847640000E+00 1.134390000E+01 5.184610000E-01 3.222234928E-01
3.909870000E+00 1.133890000E+01 5.029410000E-01 3.170949418E-01
3.973110000E+00 1.133390000E+01 4.878590000E-01 3.120477409E-01
4.037380000E+00 1.132880000E+01 4.732040000E-01 3.070803343E-01
4.102680000E+00 1.132370000E+01 4.589520000E-01 3.021927131E-01
4.169030000E+00 1.131860000E+01 4.451270000E-01 2.973833242E-01
4.236460000E+00 1.131350000E+01 4.316800000E-01 2.926499955E-01
4.304980000E+00 1.130830000E+01 4.186400000E-01 2.879920464E-01
4.374620000E+00 1.130320000E+01 4.059530000E-01 2.834074731E-01
4.445370000E+00 1.129810000E+01 3.936370000E-01 2.788969197E-01
4.517270000E+00 1.129300000E+01 3.816760000E-01 2.744578031E-01
4.590330000E+00 1.128790000E+01 3.700610000E-01 2.700895143E-01
4.664580000E+00 1.128280000E+01 3.587890000E-01 2.657902748E-01
4.740030000E+00 1.127770000E+01 3.478490000E-01 2.615595260E-01
4.816690000E+00 1.127270000E+01 3.372260000E-01 2.573966770E-01
4.894600000E+00 1.126770000E+01 3.269100000E-01 2.532995546E-01
4.973770000E+00 1.126280000E+01 3.168710000E-01 2.492676581E-01
5.054210000E+00 1.125780000E+01 3.071540000E-01 2.453004525E-01
5.135960000E+00 1.125290000E+01 2.977210000E-01 2.413959610E-01
5.219030000E+00 1.124810000E+01 2.885680000E-01 2.375537217E-01
5.303440000E+00 1.124330000E+01 2.796650000E-01 2.337727965E-01
5.389220000E+00 1.123860000E+01 2.710380000E-01 2.300518442E-01
5.476390000E+00 1.123380000E+01 2.626630000E-01 2.263900124E-01
5.564970000E+00 1.122920000E+01 2.545390000E-01 2.227864661E-01
5.654980000E+00 1.122460000E+01 2.466530000E-01 2.192403863E-01
5.746440000E+00 1.122000000E+01 2.390030000E-01 2.157509693E-01
5.839390000E+00 1.121550000E+01 2.315810000E-01 2.123166975E-01
5.933830000E+00 1.121110000E+01 2.243810000E-01 2.089375665E-01
6.029810000E+00 1.120670000E+01 2.173950000E-01 2.056117854E-01
6.127330000E+00 1.120230000E+01 2.106170000E-01 2.023393550E-01
6.226440000E+00 1.119810000E+01 2.040450000E-01 1.991185975E-01
6.327150000E+00 1.119380000E+01 1.976700000E-01 1.959492030E-01
6.429480000E+00 1.118970000E+01 1.914850000E-01 1.928305244E-01
6.533480000E+00 1.118560000E+01 1.854870000E-01 1.897610462E-01
6.639150000E+00 1.118150000E+01 1.796700000E-01 1.867407725E-01
6.746540000E+00 1.117760000E+01 1.740280000E-01 1.837682723E-01
6.855650000E+00 1.117360000E+01 1.685570000E-01 1.808435378E-01
6.966540000E+00 1.116980000E+01 1.632530000E-01 1.779649582E-01
7.079220000E+00 1.116600000E+01 1.581100000E-01 1.751322886E-01
7.193720000E+00 1.116220000E+01 1.531200000E-01 1.723447674E-01
7.310070000E+00 1.115860000E+01 1.482870000E-01 1.696016591E-01
7.428310000E+00 1.115500000E+01 1.435960000E-01 1.669020275E-01
7.548450000E+00 1.115140000E+01 1.390510000E-01 1.642456398E-01
7.670540000E+00 1.114790000E+01 1.346440000E-01 1.616313845E-01
7.794610000E+00 1.114450000E+01 1.303740000E-01 1.590586315E-01
7.920680000E+00 1.114110000E+01 1.262340000E-01 1.565269649E-01
8.048790000E+00 1.113780000E+01 1.222180000E-01 1.540355755E-01
8.178980000E+00 1.113450000E+01 1.183300000E-01 1.515836938E-01
8.311260000E+00 1.113130000E+01 1.145570000E-01 1.491711245E-01
8.445690000E+00 1.112820000E+01 1.109030000E-01 1.467967685E-01
8.582290000E+00 1.112510000E+01 1.073630000E-01 1.444602781E-01
8.721110000E+00 1.112210000E+01 1.039290000E-01 1.421608029E-01
8.862160000E+00 1.111910000E+01 1.006020000E-01 1.398981738E-01
9.005500000E+00 1.111620000E+01 9.738040000E-02 1.376714230E-01
9.151160000E+00 1.111330000E+01 9.425360000E-02 1.354800921E-01
9.299170000E+00 1.111050000E+01 9.122680000E-02 1.333237267E-01
9.449580000E+00 1.110780000E+01 8.829410000E-02 1.312015984E-01
9.602420000E+00 1.110510000E+01 8.545300000E-02 1.291132860E-01
9.757730000E+00 1.110240000E+01 8.270050000E-02 1.270582400E-01
9.915550000E+00 1.109990000E+01 8.003220000E-02 1.250359284E-01
1.007590000E+01 1.109730000E+01 7.744820000E-02 1.230460803E-01
1.023890000E+01 1.109480000E+01 7.494500000E-02 1.210872262E-01
1.040450000E+01 1.109240000E+01 7.252010000E-02 1.191599789E-01
1.057280000E+01 1.109000000E+01 7.017110000E-02 1.172631659E-01
1.074380000E+01 1.108770000E+01 6.789580000E-02 1.153967870E-01
1.091760000E+01 1.108540000E+01 6.569190000E-02 1.135597567E-01
1.109420000E+01 1.108310000E+01 6.355720000E-02 1.117520867E-01
1.127360000E+01 1.108100000E+01 6.148980000E-02 1.099737440E-01
1.145590000E+01 1.107880000E+01 5.948750000E-02 1.082237101E-01
1.164120000E+01 1.107670000E+01 5.754830000E-02 1.065010480E-01
1.182950000E+01 1.107460000E+01 5.567030000E-02 1.048057822E-01
1.202080000E+01 1.107260000E+01 5.385170000E-02 1.031378943E-01
1.221530000E+01 1.107070000E+01 5.209070000E-02 1.014956653E-01
1.241280000E+01 1.106870000E+01 5.038550000E-02 9.988076824E-02
1.261360000E+01 1.106680000E+01 4.873430000E-02 9.829073381E-02
1.281760000E+01 1.106500000E+01 4.713560000E-02 9.672637623E-02
1.302500000E+01 1.106320000E+01 4.558770000E-02 9.518618042E-02
1.323560000E+01 1.106140000E+01 4.408900000E-02 9.367161292E-02
1.344970000E+01 1.105970000E+01 4.263820000E-02 9.218049473E-02
1.366720000E+01 1.105800000E+01 4.123350000E-02 9.071353313E-02
1.388830000E+01 1.105640000E+01 3.987380000E-02 8.926938502E-02
1.411290000E+01 1.105480000E+01 3.855750000E-02 8.784870579E-02
1.434120000E+01 1.105320000E+01 3.728340000E-02 8.645022732E-02
1.457310000E+01 1.105160000E+01 3.605010000E-02 8.507455517E-02
1.480890000E+01 1.105010000E+01 3.485640000E-02 8.371992518E-02
1.504840000E+01 1.104870000E+01 3.370100000E-02 8.238749635E-02
1.529180000E+01 1.104720000E+01 3.258280000E-02 8.107613231E-02
1.553910000E+01 1.104580000E+01 3.150060000E-02 7.978583058E-02
1.579040000E+01 1.104450000E+01 3.045320000E-02 7.851606039E-02
1.604580000E+01 1.104310000E+01 2.943970000E-02 7.726632514E-02
1.630540000E+01 1.104180000E+01 2.845890000E-02 7.603615980E-02
1.656910000E+01 1.104050000E+01 2.750990000E-02 7.482603159E-02
1.683710000E+01 1.103930000E+01 2.659150000E-02 7.363500840E-02
1.710940000E+01 1.103810000E+01 2.570300000E-02 7.246309046E-02
1.738610000E+01 1.103690000E+01 2.484330000E-02 7.130983947E-02
1.766740000E+01 1.103570000E+01 2.401160000E-02 7.017444559E-02
1.795310000E+01 1.103460000E+01 2.320690000E-02 6.905771148E-02
1.824350000E+01 1.103350000E+01 2.242850000E-02 6.795845096E-02
1.853860000E+01 1.103240000E+01 2.167550000E-02 6.687667893E-02
1.883840000E+01 1.103130000E+01 2.094700000E-02 6.581238322E-02
1.914310000E+01 1.103030000E+01 2.024240000E-02 6.476485000E-02
1.945270000E+01 1.102930000E+01 1.956090000E-02 6.373408319E-02
1.976740000E+01 1.102830000E+01 1.890170000E-02 6.271942694E-02
2.008710000E+01 1.102730000E+01 1.826790000E-02 6.172120416E-02
2.041200000E+01 1.102640000E+01 1.765140000E-02 6.073878111E-02
2.074210000E+01 1.102550000E+01 1.705540000E-02 5.977215422E-02
2.107760000E+01 1.102460000E+01 1.647920000E-02 5.882073860E-02
2.141850000E+01 1.102370000E+01 1.592210000E-02 5.788453907E-02
2.176500000E+01 1.102290000E+01 1.538350000E-02 5.696301401E-02
2.211700000E+01 1.102210000E+01 1.486280000E-02 5.605642718E-02
2.247470000E+01 1.102130000E+01 1.435950000E-02 5.516425136E-02
2.283820000E+01 1.102050000E+01 1.387290000E-02 5.428623972E-02
2.320760000E+01 1.101970000E+01 1.340240000E-02 5.342215481E-02
2.358300000E+01 1.101900000E+01 1.294760000E-02 5.257176780E-02
2.396440000E+01 1.101820000E+01 1.250800000E-02 5.173507369E-02
2.435200000E+01 1.101750000E+01 1.208300000E-02 5.091162943E-02
2.474590000E+01 1.101680000E+01 1.167210000E-02 5.010122889E-02
2.514620000E+01 1.101620000E+01 1.127490000E-02 4.930367213E-02
2.555290000E+01 1.101550000E+01 1.089100000E-02 4.851895480E-02
2.596620000E+01 1.101490000E+01 1.051980000E-02 4.774668608E-02
2.638610000E+01 1.101420000E+01 1.016100000E-02 4.698686051E-02
2.681290000E+01 1.101360000E+01 9.814220000E-03 4.623893723E-02
2.724660000E+01 1.101300000E+01 9.478970000E-03 4.550292514E-02
2.768730000E+01 1.101250000E+01 9.154920000E-03 4.477865303E-02
2.813510000E+01 1.101190000E+01 8.841690000E-03 4.406595320E-02
2.859020000E+01 1.101130000E+01 8.538930000E-03 4.336450952E-02
2.905260000E+01 1.101080000E+01 8.246280000E-03 4.267432175E-02
2.952250000E+01 1.101030000E+01 7.963420000E-03 4.199508849E-02
3.000000000E+01 1.100980000E+01 7.690030000E-03 4.132666667E-02
