# Data retrieved from henke.lbl.gov/optical_constants 03/01/2021
# Element, Nb  (Z = 41) 
# Atomic weight*, g mol-1 = 92.9064 
# Nominal density*, g cm-3 =  0 
# Relativistic correction estimate f_rel(5CL)*,  e atom-1 =  0 
# Nuclear Thomson correction f_NT*, e atom-1 =  0 
#    E [keV]      f1 [e atom-1]      f2 [e atom-1]    Wavelength [nm] 
1.000000000E-02 -9.999000000E+03 2.566850000E+00 1.239800000E+02
1.016170000E-02 -9.999000000E+03 2.662090000E+00 1.220071445E+02
1.032610000E-02 -9.999000000E+03 2.760870000E+00 1.200646904E+02
1.049310000E-02 -9.999000000E+03 2.863310000E+00 1.181538344E+02
1.066280000E-02 -9.999000000E+03 2.969560000E+00 1.162733991E+02
1.083530000E-02 -9.999000000E+03 3.079740000E+00 1.144223049E+02
1.101060000E-02 -9.999000000E+03 3.194010000E+00 1.126005849E+02
1.118860000E-02 -9.999000000E+03 3.312520000E+00 1.108092165E+02
1.136960000E-02 -9.999000000E+03 3.423260000E+00 1.090451731E+02
1.155350000E-02 -9.999000000E+03 3.512000000E+00 1.073094733E+02
1.174040000E-02 -9.999000000E+03 3.603050000E+00 1.056011720E+02
1.193030000E-02 -9.999000000E+03 3.696450000E+00 1.039202702E+02
1.212320000E-02 -9.999000000E+03 3.792280000E+00 1.022667283E+02
1.231930000E-02 -9.999000000E+03 3.890590000E+00 1.006388350E+02
1.251860000E-02 -9.999000000E+03 3.991450000E+00 9.903663349E+01
1.272100000E-02 -9.999000000E+03 4.094920000E+00 9.746089144E+01
1.292680000E-02 -9.999000000E+03 4.197320000E+00 9.590927376E+01
1.313590000E-02 -9.999000000E+03 4.295780000E+00 9.438256990E+01
1.334830000E-02 -9.999000000E+03 4.396540000E+00 9.288074137E+01
1.356420000E-02 -9.999000000E+03 4.499670000E+00 9.140236800E+01
1.378360000E-02 -9.999000000E+03 4.605210000E+00 8.994747381E+01
1.400660000E-02 -9.999000000E+03 4.713230000E+00 8.851541416E+01
1.423310000E-02 -9.999000000E+03 4.823790000E+00 8.710681440E+01
1.446330000E-02 -9.999000000E+03 4.922040000E+00 8.572040959E+01
1.469730000E-02 -9.999000000E+03 4.995400000E+00 8.435562995E+01
1.493500000E-02 -9.999000000E+03 5.069850000E+00 8.301305658E+01
1.517650000E-02 -9.999000000E+03 5.145420000E+00 8.169208974E+01
1.542200000E-02 -9.999000000E+03 5.222110000E+00 8.039164829E+01
1.567140000E-02 -9.999000000E+03 5.299940000E+00 7.911226821E+01
1.592490000E-02 -9.999000000E+03 5.361440000E+00 7.785292215E+01
1.618250000E-02 -9.999000000E+03 5.408030000E+00 7.661362583E+01
1.644420000E-02 -9.999000000E+03 5.455020000E+00 7.539436397E+01
1.671020000E-02 -9.999000000E+03 5.502430000E+00 7.419420474E+01
1.698050000E-02 -9.999000000E+03 5.550240000E+00 7.301316216E+01
1.725510000E-02 -9.999000000E+03 5.526290000E+00 7.185122080E+01
1.753420000E-02 -9.999000000E+03 5.499850000E+00 7.070753157E+01
1.781780000E-02 -9.999000000E+03 5.473530000E+00 6.958210329E+01
1.810600000E-02 -9.999000000E+03 5.447350000E+00 6.847453883E+01
1.839890000E-02 -9.999000000E+03 5.421290000E+00 6.738446320E+01
1.869640000E-02 -9.999000000E+03 5.359340000E+00 6.631223123E+01
1.899880000E-02 -9.999000000E+03 5.224020000E+00 6.525675306E+01
1.930610000E-02 -9.999000000E+03 5.092120000E+00 6.421804507E+01
1.961840000E-02 -9.999000000E+03 4.963550000E+00 6.319577539E+01
1.993570000E-02 -9.999000000E+03 4.838230000E+00 6.218994066E+01
2.025820000E-02 -9.999000000E+03 4.716070000E+00 6.119990917E+01
2.058580000E-02 -9.999000000E+03 4.571320000E+00 6.022598102E+01
2.091880000E-02 -9.999000000E+03 4.426310000E+00 5.926726198E+01
2.125710000E-02 -9.999000000E+03 4.285900000E+00 5.832404232E+01
2.160090000E-02 -9.999000000E+03 4.149940000E+00 5.739575666E+01
2.195030000E-02 -9.999000000E+03 4.018300000E+00 5.648214375E+01
2.230530000E-02 -9.999000000E+03 3.890830000E+00 5.558320220E+01
2.266610000E-02 -9.999000000E+03 3.783650000E+00 5.469842628E+01
2.303270000E-02 -9.999000000E+03 3.683580000E+00 5.382781871E+01
2.340530000E-02 -9.999000000E+03 3.586150000E+00 5.297090830E+01
2.378380000E-02 -9.999000000E+03 3.491310000E+00 5.212791900E+01
2.416850000E-02 -9.999000000E+03 3.398960000E+00 5.129817738E+01
2.455940000E-02 -9.999000000E+03 3.321140000E+00 5.048168929E+01
2.495660000E-02 -9.999000000E+03 3.269230000E+00 4.967824143E+01
2.536030000E-02 -9.999000000E+03 3.218140000E+00 4.888743430E+01
2.577050000E-02 -9.999000000E+03 3.167850000E+00 4.810927223E+01
2.618730000E-02 -9.999000000E+03 3.118350000E+00 4.734355966E+01
2.661090000E-02 -9.999000000E+03 3.095520000E+00 4.658993119E+01
2.704130000E-02 -9.999000000E+03 3.089130000E+00 4.584838747E+01
2.747860000E-02 -9.999000000E+03 3.082760000E+00 4.511874695E+01
2.792310000E-02 -9.999000000E+03 3.076400000E+00 4.440051427E+01
2.837470000E-02 -9.999000000E+03 3.089350000E+00 4.369385403E+01
2.883370000E-02 -9.999000000E+03 3.160440000E+00 4.299829713E+01
2.930000000E-02 3.655890000E+00 3.233160000E+00 4.231399317E+01
2.977390000E-02 3.284210000E+00 3.358580000E+00 4.164049721E+01
3.025550000E-02 2.941130000E+00 3.560890000E+00 4.097767348E+01
3.074490000E-02 2.583330000E+00 3.775370000E+00 4.032538730E+01
3.124210000E-02 2.150630000E+00 4.061350000E+00 3.968363202E+01
3.174750000E-02 1.775280000E+00 4.471810000E+00 3.905189385E+01
3.226090000E-02 1.442760000E+00 4.923760000E+00 3.843042197E+01
3.278270000E-02 1.133750000E+00 5.421380000E+00 3.781872756E+01
3.331300000E-02 8.453740000E-01 5.969280000E+00 3.721670219E+01
3.385180000E-02 5.749200000E-01 6.572560000E+00 3.662434494E+01
3.439930000E-02 3.128460000E-01 7.236820000E+00 3.604143108E+01
3.495570000E-02 3.090600000E-02 8.046430000E+00 3.546774918E+01
3.552110000E-02 -1.166850000E-01 9.019170000E+00 3.490319838E+01
3.609560000E-02 -1.076860000E-01 1.010950000E+01 3.434767673E+01
3.667940000E-02 1.463010000E-01 1.130370000E+01 3.380098911E+01
3.727270000E-02 5.704450000E-01 1.240750000E+01 3.326295117E+01
3.787550000E-02 1.200210000E+00 1.361920000E+01 3.273356127E+01
3.848820000E-02 2.354580000E+00 1.472660000E+01 3.221247032E+01
3.911070000E-02 3.525830000E+00 1.530020000E+01 3.169976503E+01
3.974320000E-02 4.785540000E+00 1.565470000E+01 3.119527366E+01
4.038610000E-02 5.885940000E+00 1.574200000E+01 3.069868098E+01
4.103930000E-02 6.784290000E+00 1.572780000E+01 3.021006694E+01
4.170310000E-02 7.577060000E+00 1.571350000E+01 2.972920478E+01
4.237760000E-02 8.318310000E+00 1.569930000E+01 2.925602205E+01
4.306300000E-02 9.030420000E+00 1.568500000E+01 2.879037689E+01
4.375950000E-02 9.730710000E+00 1.567080000E+01 2.833213359E+01
4.446730000E-02 1.043570000E+01 1.565660000E+01 2.788116211E+01
4.518650000E-02 1.117320000E+01 1.564240000E+01 2.743739834E+01
4.591740000E-02 1.200280000E+01 1.562830000E+01 2.700065770E+01
4.666000000E-02 1.291260000E+01 1.536740000E+01 2.657093871E+01
4.741470000E-02 1.365990000E+01 1.501380000E+01 2.614800895E+01
4.818160000E-02 1.434730000E+01 1.466840000E+01 2.573181463E+01
4.896090000E-02 1.503670000E+01 1.433090000E+01 2.532224694E+01
4.975280000E-02 1.584170000E+01 1.393710000E+01 2.491920053E+01
5.055760000E-02 1.650480000E+01 1.321710000E+01 2.452252480E+01
5.137530000E-02 1.698410000E+01 1.253430000E+01 2.413221918E+01
5.220620000E-02 1.736050000E+01 1.188680000E+01 2.374813719E+01
5.305060000E-02 1.769400000E+01 1.125900000E+01 2.337014096E+01
5.390870000E-02 1.794490000E+01 1.059920000E+01 2.299814316E+01
5.478060000E-02 1.811790000E+01 9.978030000E+00 2.263209968E+01
5.566670000E-02 1.823590000E+01 9.393260000E+00 2.227184295E+01
5.656700000E-02 1.831310000E+01 8.842780000E+00 2.191737232E+01
5.748200000E-02 1.835750000E+01 8.324540000E+00 2.156849101E+01
5.841170000E-02 1.837560000E+01 7.836690000E+00 2.122519975E+01
5.935640000E-02 1.837290000E+01 7.377440000E+00 2.088738535E+01
6.031650000E-02 1.835500000E+01 6.945080000E+00 2.055490620E+01
6.129210000E-02 1.832970000E+01 6.538060000E+00 2.022772919E+01
6.228340000E-02 1.831660000E+01 6.129110000E+00 1.990578549E+01
6.329080000E-02 1.825480000E+01 5.714520000E+00 1.958894500E+01
6.431450000E-02 1.816550000E+01 5.327950000E+00 1.927714590E+01
6.535470000E-02 1.805870000E+01 4.967550000E+00 1.897032654E+01
6.641180000E-02 1.793940000E+01 4.631530000E+00 1.866836918E+01
6.748590000E-02 1.781080000E+01 4.318220000E+00 1.837124496E+01
6.857750000E-02 1.767560000E+01 4.026120000E+00 1.807881594E+01
6.968670000E-02 1.753600000E+01 3.753770000E+00 1.779105626E+01
7.081380000E-02 1.739530000E+01 3.499850000E+00 1.750788688E+01
7.195910000E-02 1.726160000E+01 3.263100000E+00 1.722923161E+01
7.312300000E-02 1.712160000E+01 3.013780000E+00 1.695499364E+01
7.430570000E-02 1.696290000E+01 2.780710000E+00 1.668512644E+01
7.550760000E-02 1.679490000E+01 2.565670000E+00 1.641953923E+01
7.672890000E-02 1.662120000E+01 2.367260000E+00 1.615818811E+01
7.796990000E-02 1.644270000E+01 2.184190000E+00 1.590100795E+01
7.923100000E-02 1.625760000E+01 2.015280000E+00 1.564791559E+01
8.051250000E-02 1.607070000E+01 1.870980000E+00 1.539885111E+01
8.181470000E-02 1.589020000E+01 1.739760000E+00 1.515375599E+01
8.313800000E-02 1.571160000E+01 1.617730000E+00 1.491255503E+01
8.448270000E-02 1.553280000E+01 1.504270000E+00 1.467519386E+01
8.584910000E-02 1.535040000E+01 1.398770000E+00 1.444161907E+01
8.723770000E-02 1.515430000E+01 1.300660000E+00 1.421174561E+01
8.864870000E-02 1.496110000E+01 1.246130000E+00 1.398554068E+01
9.008250000E-02 1.478850000E+01 1.198900000E+00 1.376293953E+01
9.153950000E-02 1.462430000E+01 1.153460000E+00 1.354387996E+01
9.302010000E-02 1.446250000E+01 1.109750000E+00 1.332830216E+01
9.452460000E-02 1.429590000E+01 1.071940000E+00 1.311616235E+01
9.605350000E-02 1.413350000E+01 1.044770000E+00 1.290739015E+01
9.760710000E-02 1.396370000E+01 1.018290000E+00 1.270194484E+01
9.918580000E-02 1.379360000E+01 1.027790000E+00 1.249977315E+01
1.007900000E-01 1.364240000E+01 1.044390000E+00 1.230082349E+01
1.024200000E-01 1.349970000E+01 1.064310000E+00 1.210505761E+01
1.040770000E-01 1.336780000E+01 1.089720000E+00 1.191233414E+01
1.057600000E-01 1.324370000E+01 1.115740000E+00 1.172276853E+01
1.074710000E-01 1.312300000E+01 1.142380000E+00 1.153613533E+01
1.092090000E-01 1.300750000E+01 1.176220000E+00 1.135254420E+01
1.109750000E-01 1.289870000E+01 1.211180000E+00 1.117188556E+01
1.127700000E-01 1.279560000E+01 1.247180000E+00 1.099405870E+01
1.145940000E-01 1.269840000E+01 1.284250000E+00 1.081906557E+01
1.164480000E-01 1.260720000E+01 1.317590000E+00 1.064681231E+01
1.183310000E-01 1.251540000E+01 1.348750000E+00 1.047738970E+01
1.202450000E-01 1.242370000E+01 1.380650000E+00 1.031061583E+01
1.221900000E-01 1.233290000E+01 1.413290000E+00 1.014649317E+01
1.241660000E-01 1.224300000E+01 1.446710000E+00 9.985020054E+00
1.261750000E-01 1.215400000E+01 1.480920000E+00 9.826035268E+00
1.282150000E-01 1.206570000E+01 1.515940000E+00 9.669695433E+00
1.302890000E-01 1.197840000E+01 1.551790000E+00 9.515768791E+00
1.323970000E-01 1.189380000E+01 1.588490000E+00 9.364260519E+00
1.345380000E-01 1.180890000E+01 1.620100000E+00 9.215240304E+00
1.367140000E-01 1.172080000E+01 1.651700000E+00 9.068566496E+00
1.389250000E-01 1.163050000E+01 1.683920000E+00 8.924239698E+00
1.411720000E-01 1.153840000E+01 1.716760000E+00 8.782194770E+00
1.434560000E-01 1.144430000E+01 1.750250000E+00 8.642371180E+00
1.457760000E-01 1.134830000E+01 1.784390000E+00 8.504829327E+00
1.481340000E-01 1.125070000E+01 1.819190000E+00 8.369449282E+00
1.505300000E-01 1.115440000E+01 1.853520000E+00 8.236231980E+00
1.529640000E-01 1.105230000E+01 1.881060000E+00 8.105175074E+00
1.554390000E-01 1.094270000E+01 1.909010000E+00 7.976119249E+00
1.579530000E-01 1.082700000E+01 1.937370000E+00 7.849170323E+00
1.605070000E-01 1.070500000E+01 1.966160000E+00 7.724273708E+00
1.631030000E-01 1.057730000E+01 1.995210000E+00 7.601331674E+00
1.657420000E-01 1.044060000E+01 2.020650000E+00 7.480300708E+00
1.684220000E-01 1.029290000E+01 2.046290000E+00 7.361271093E+00
1.711460000E-01 1.013290000E+01 2.072190000E+00 7.244107370E+00
1.739150000E-01 9.958870000E+00 2.098430000E+00 7.128769801E+00
1.767270000E-01 9.765890000E+00 2.124990000E+00 7.015340044E+00
1.795860000E-01 9.553970000E+00 2.160230000E+00 6.903656187E+00
1.824910000E-01 9.320970000E+00 2.198280000E+00 6.793759692E+00
1.854420000E-01 9.058060000E+00 2.252680000E+00 6.685648343E+00
1.884420000E-01 8.783710000E+00 2.324350000E+00 6.579212702E+00
1.914890000E-01 8.480450000E+00 2.398300000E+00 6.474523341E+00
1.945870000E-01 8.136590000E+00 2.500130000E+00 6.371443108E+00
1.977340000E-01 7.772830000E+00 2.649620000E+00 6.270039548E+00
2.009320000E-01 7.380030000E+00 2.809110000E+00 6.170246651E+00
2.041820000E-01 6.965460000E+00 3.032190000E+00 6.072033774E+00
2.074850000E-01 6.525310000E+00 3.263600000E+00 5.975371714E+00
2.108400000E-01 5.982410000E+00 3.512670000E+00 5.880288370E+00
2.142510000E-01 5.403300000E+00 3.993180000E+00 5.786670774E+00
2.177160000E-01 4.821480000E+00 4.570960000E+00 5.694574583E+00
2.212370000E-01 4.318030000E+00 5.330990000E+00 5.603945091E+00
2.248160000E-01 3.919860000E+00 6.218890000E+00 5.514732048E+00
2.284520000E-01 3.737870000E+00 7.257680000E+00 5.426960587E+00
2.321470000E-01 3.807640000E+00 8.171740000E+00 5.340581614E+00
2.359020000E-01 3.839460000E+00 8.984270000E+00 5.255572229E+00
2.397170000E-01 3.911270000E+00 9.877610000E+00 5.171931903E+00
2.435950000E-01 4.212710000E+00 1.082510000E+01 5.089595435E+00
2.475350000E-01 4.561630000E+00 1.159230000E+01 5.008584645E+00
2.515380000E-01 5.034250000E+00 1.241390000E+01 4.928877545E+00
2.556070000E-01 5.615150000E+00 1.298570000E+01 4.850414895E+00
2.597410000E-01 6.090810000E+00 1.345290000E+01 4.773216396E+00
2.639420000E-01 6.568450000E+00 1.393700000E+01 4.697244092E+00
2.682110000E-01 7.023850000E+00 1.430840000E+01 4.622480062E+00
2.725490000E-01 7.444850000E+00 1.468920000E+01 4.548906802E+00
2.769570000E-01 7.858010000E+00 1.508020000E+01 4.476507183E+00
2.814370000E-01 8.309060000E+00 1.548150000E+01 4.405248777E+00
2.859890000E-01 8.774460000E+00 1.579750000E+01 4.335131771E+00
2.906150000E-01 9.212800000E+00 1.610010000E+01 4.266125286E+00
2.953150000E-01 9.638110000E+00 1.640850000E+01 4.198229010E+00
3.000920000E-01 1.007500000E+01 1.672280000E+01 4.131399704E+00
3.049450000E-01 1.057080000E+01 1.701740000E+01 4.065651183E+00
3.098780000E-01 1.104730000E+01 1.725810000E+01 4.000929398E+00
3.148900000E-01 1.151070000E+01 1.750220000E+01 3.937247928E+00
3.199830000E-01 1.199350000E+01 1.774970000E+01 3.874580837E+00
3.251580000E-01 1.257840000E+01 1.800070000E+01 3.812915567E+00
3.304180000E-01 1.319510000E+01 1.804650000E+01 3.752216889E+00
3.357620000E-01 1.366280000E+01 1.799480000E+01 3.692496471E+00
3.411920000E-01 1.399510000E+01 1.794320000E+01 3.633731154E+00
3.467110000E-01 1.425430000E+01 1.804120000E+01 3.575888853E+00
3.523190000E-01 1.455860000E+01 1.819680000E+01 3.518970024E+00
3.580170000E-01 1.490600000E+01 1.835380000E+01 3.462964049E+00
3.638080000E-01 1.526720000E+01 1.851220000E+01 3.407841499E+00
3.696920000E-01 1.564130000E+01 1.867190000E+01 3.353602458E+00
3.756720000E-01 1.602910000E+01 1.883300000E+01 3.300219340E+00
3.817480000E-01 1.643330000E+01 1.899550000E+01 3.247692195E+00
3.879220000E-01 1.685920000E+01 1.915940000E+01 3.196003320E+00
3.941970000E-01 1.732060000E+01 1.932470000E+01 3.145127944E+00
4.005730000E-01 1.787340000E+01 1.944940000E+01 3.095066318E+00
4.070520000E-01 1.837100000E+01 1.945520000E+01 3.045802502E+00
4.136350000E-01 1.882650000E+01 1.946100000E+01 2.997328563E+00
4.203260000E-01 1.926380000E+01 1.946690000E+01 2.949615299E+00
4.271240000E-01 1.969170000E+01 1.947270000E+01 2.902669951E+00
4.340320000E-01 2.011530000E+01 1.947860000E+01 2.856471412E+00
4.410520000E-01 2.053950000E+01 1.948440000E+01 2.811006412E+00
4.481860000E-01 2.097070000E+01 1.949030000E+01 2.766262221E+00
4.554350000E-01 2.142800000E+01 1.949610000E+01 2.722232591E+00
4.628020000E-01 2.189850000E+01 1.943600000E+01 2.678899400E+00
4.702870000E-01 2.233590000E+01 1.934860000E+01 2.636262538E+00
4.778940000E-01 2.274380000E+01 1.926150000E+01 2.594299154E+00
4.856230000E-01 2.313990000E+01 1.917490000E+01 2.553009227E+00
4.934780000E-01 2.352810000E+01 1.908860000E+01 2.512371372E+00
5.014590000E-01 2.391150000E+01 1.900270000E+01 2.472385579E+00
5.095700000E-01 2.429290000E+01 1.891720000E+01 2.433031772E+00
5.178120000E-01 2.467550000E+01 1.883210000E+01 2.394305269E+00
5.261870000E-01 2.506370000E+01 1.874740000E+01 2.356196561E+00
5.346980000E-01 2.546100000E+01 1.866300000E+01 2.318692047E+00
5.433460000E-01 2.593740000E+01 1.856710000E+01 2.281787296E+00
5.521340000E-01 2.637590000E+01 1.834480000E+01 2.245469397E+00
5.610650000E-01 2.674740000E+01 1.812520000E+01 2.209726146E+00
5.701390000E-01 2.709150000E+01 1.790820000E+01 2.174557432E+00
5.793610000E-01 2.741510000E+01 1.769380000E+01 2.139943835E+00
5.887320000E-01 2.772230000E+01 1.748200000E+01 2.105881793E+00
5.982540000E-01 2.801580000E+01 1.727270000E+01 2.072363912E+00
6.079300000E-01 2.829740000E+01 1.706590000E+01 2.039379534E+00
6.177630000E-01 2.856860000E+01 1.686160000E+01 2.006918511E+00
6.277550000E-01 2.883070000E+01 1.665970000E+01 1.974974313E+00
6.379080000E-01 2.908460000E+01 1.646020000E+01 1.943540448E+00
6.482260000E-01 2.933120000E+01 1.626320000E+01 1.912604555E+00
6.587110000E-01 2.957150000E+01 1.606850000E+01 1.882160765E+00
6.693650000E-01 2.980610000E+01 1.587610000E+01 1.852203208E+00
6.801910000E-01 3.003590000E+01 1.568600000E+01 1.822723323E+00
6.911930000E-01 3.026180000E+01 1.549820000E+01 1.793710295E+00
7.023720000E-01 3.048500000E+01 1.531270000E+01 1.765161481E+00
7.137330000E-01 3.070680000E+01 1.512940000E+01 1.737064140E+00
7.252770000E-01 3.092990000E+01 1.494830000E+01 1.709415851E+00
7.370080000E-01 3.116540000E+01 1.476930000E+01 1.682206977E+00
7.489280000E-01 3.139460000E+01 1.455700000E+01 1.655432832E+00
7.610420000E-01 3.160820000E+01 1.434420000E+01 1.629082232E+00
7.733510000E-01 3.180990000E+01 1.413450000E+01 1.603153031E+00
7.858590000E-01 3.200610000E+01 1.392790000E+01 1.577636701E+00
7.985700000E-01 3.219940000E+01 1.372430000E+01 1.552525139E+00
8.114860000E-01 3.239260000E+01 1.352360000E+01 1.527814405E+00
8.246110000E-01 3.259050000E+01 1.332600000E+01 1.503496800E+00
8.379490000E-01 3.280330000E+01 1.313110000E+01 1.479564985E+00
8.515020000E-01 3.306680000E+01 1.289110000E+01 1.456015370E+00
8.652740000E-01 3.328020000E+01 1.257460000E+01 1.432840927E+00
8.792690000E-01 3.342780000E+01 1.226590000E+01 1.410034927E+00
8.934910000E-01 3.354420000E+01 1.196470000E+01 1.387590921E+00
9.079430000E-01 3.363610000E+01 1.168050000E+01 1.365504222E+00
9.226280000E-01 3.370360000E+01 1.140590000E+01 1.343770187E+00
9.375510000E-01 3.375640000E+01 1.116680000E+01 1.322381396E+00
9.527150000E-01 3.381430000E+01 1.094620000E+01 1.301333557E+00
9.681240000E-01 3.387790000E+01 1.072940000E+01 1.280621077E+00
9.837830000E-01 3.393960000E+01 1.051710000E+01 1.260237268E+00
9.996950000E-01 3.399920000E+01 1.030840000E+01 1.240178254E+00
1.015860000E+00 3.405680000E+01 1.010340000E+01 1.220443762E+00
1.032290000E+00 3.411170000E+01 9.898930000E+00 1.201019093E+00
1.048990000E+00 3.416290000E+01 9.695270000E+00 1.181898779E+00
1.065960000E+00 3.420660000E+01 9.492280000E+00 1.163083043E+00
1.083200000E+00 3.424390000E+01 9.293510000E+00 1.144571640E+00
1.100720000E+00 3.427590000E+01 9.098910000E+00 1.126353659E+00
1.118520000E+00 3.430310000E+01 8.908400000E+00 1.108428995E+00
1.136610000E+00 3.432600000E+01 8.721890000E+00 1.090787517E+00
1.155000000E+00 3.434470000E+01 8.539340000E+00 1.073419913E+00
1.173680000E+00 3.435980000E+01 8.360710000E+00 1.056335628E+00
1.192660000E+00 3.437120000E+01 8.185620000E+00 1.039525095E+00
1.211950000E+00 3.437920000E+01 8.014200000E+00 1.022979496E+00
1.231550000E+00 3.438460000E+01 7.846370000E+00 1.006698875E+00
1.251470000E+00 3.438750000E+01 7.680370000E+00 9.906749662E-01
1.271720000E+00 3.438720000E+01 7.515840000E+00 9.749001352E-01
1.292290000E+00 3.438130000E+01 7.352340000E+00 9.593821820E-01
1.313190000E+00 3.437030000E+01 7.192470000E+00 9.441131900E-01
1.334430000E+00 3.435500000E+01 7.036100000E+00 9.290858269E-01
1.356010000E+00 3.433570000E+01 6.883130000E+00 9.143000420E-01
1.377940000E+00 3.431260000E+01 6.733490000E+00 8.997489005E-01
1.400230000E+00 3.428600000E+01 6.587110000E+00 8.854259657E-01
1.422880000E+00 3.425620000E+01 6.443900000E+00 8.713313842E-01
1.445890000E+00 3.422350000E+01 6.303660000E+00 8.574649524E-01
1.469280000E+00 3.418910000E+01 6.165060000E+00 8.438146575E-01
1.493040000E+00 3.415340000E+01 6.027400000E+00 8.303863259E-01
1.517190000E+00 3.411060000E+01 5.883200000E+00 8.171685814E-01
1.541730000E+00 3.405840000E+01 5.741160000E+00 8.041615588E-01
1.566670000E+00 3.399770000E+01 5.602590000E+00 7.913600184E-01
1.592010000E+00 3.392990000E+01 5.467570000E+00 7.787639525E-01
1.617760000E+00 3.385520000E+01 5.335750000E+00 7.663683117E-01
1.643920000E+00 3.377330000E+01 5.206940000E+00 7.541729525E-01
1.670510000E+00 3.368380000E+01 5.081240000E+00 7.421685593E-01
1.697530000E+00 3.358640000E+01 4.958650000E+00 7.303552809E-01
1.724990000E+00 3.347960000E+01 4.839160000E+00 7.187288042E-01
1.752890000E+00 3.336410000E+01 4.724700000E+00 7.072891054E-01
1.781240000E+00 3.324020000E+01 4.613650000E+00 6.960319777E-01
1.810050000E+00 3.310660000E+01 4.505650000E+00 6.849534543E-01
1.839320000E+00 3.296230000E+01 4.400390000E+00 6.740534545E-01
1.869070000E+00 3.280570000E+01 4.297600000E+00 6.633245411E-01
1.899300000E+00 3.263480000E+01 4.197160000E+00 6.527668088E-01
1.930020000E+00 3.244750000E+01 4.099060000E+00 6.423767629E-01
1.961240000E+00 3.224120000E+01 4.003260000E+00 6.321510881E-01
1.992960000E+00 3.201250000E+01 3.909690000E+00 6.220897559E-01
2.025200000E+00 3.175560000E+01 3.818090000E+00 6.121864507E-01
2.057950000E+00 3.146650000E+01 3.731300000E+00 6.024441799E-01
2.091240000E+00 3.113870000E+01 3.647070000E+00 5.928540005E-01
2.125060000E+00 3.076100000E+01 3.565380000E+00 5.834188211E-01
2.159430000E+00 3.031750000E+01 3.486060000E+00 5.741329888E-01
2.194360000E+00 2.978400000E+01 3.409250000E+00 5.649938934E-01
2.229850000E+00 2.911990000E+01 3.334750000E+00 5.560015248E-01
2.265920000E+00 2.824790000E+01 3.262500000E+00 5.471508262E-01
2.302570000E+00 2.699160000E+01 3.192480000E+00 5.384418280E-01
2.339810000E+00 2.473790000E+01 3.124630000E+00 5.298720836E-01
2.370400000E+00 9.502840000E+00 3.070770000E+00 5.230340871E-01
2.370600000E+00 9.504820000E+00 1.138460000E+01 5.229899603E-01
2.377660000E+00 2.071760000E+01 1.133280000E+01 5.214370431E-01
2.416110000E+00 2.508020000E+01 1.105700000E+01 5.131388885E-01
2.455190000E+00 2.476690000E+01 1.078760000E+01 5.049711020E-01
2.464600000E+00 1.920620000E+01 1.072440000E+01 5.030430902E-01
2.464800000E+00 1.921310000E+01 1.477810000E+01 5.030022720E-01
2.494900000E+00 2.740230000E+01 1.453230000E+01 4.969337448E-01
2.535260000E+00 2.928370000E+01 1.421360000E+01 4.890228221E-01
2.576260000E+00 3.043760000E+01 1.390190000E+01 4.812402475E-01
2.617930000E+00 3.121620000E+01 1.359730000E+01 4.735802714E-01
2.660270000E+00 3.162380000E+01 1.329900000E+01 4.660429205E-01
2.697600000E+00 2.883040000E+01 1.304520000E+01 4.595937129E-01
2.697800000E+00 2.883410000E+01 1.487000000E+01 4.595596412E-01
2.703300000E+00 3.126530000E+01 1.482760000E+01 4.586246440E-01
2.747030000E+00 3.317110000E+01 1.449820000E+01 4.513237933E-01
2.791460000E+00 3.410050000E+01 1.417510000E+01 4.441403423E-01
2.836610000E+00 3.482100000E+01 1.385650000E+01 4.370710108E-01
2.882490000E+00 3.542690000E+01 1.354260000E+01 4.301142415E-01
2.929110000E+00 3.595390000E+01 1.323300000E+01 4.232685014E-01
2.976480000E+00 3.642040000E+01 1.292810000E+01 4.165322797E-01
3.024630000E+00 3.683850000E+01 1.262800000E+01 4.099013764E-01
3.073550000E+00 3.721610000E+01 1.233270000E+01 4.033772023E-01
3.123260000E+00 3.755920000E+01 1.204230000E+01 3.969570257E-01
3.173780000E+00 3.787220000E+01 1.175690000E+01 3.906382925E-01
3.225110000E+00 3.815880000E+01 1.147670000E+01 3.844209965E-01
3.277270000E+00 3.842180000E+01 1.120130000E+01 3.783026727E-01
3.330280000E+00 3.866370000E+01 1.093110000E+01 3.722810094E-01
3.384150000E+00 3.888650000E+01 1.066600000E+01 3.663549193E-01
3.438880000E+00 3.909200000E+01 1.040600000E+01 3.605243568E-01
3.494500000E+00 3.928200000E+01 1.015080000E+01 3.547860924E-01
3.551020000E+00 3.945720000E+01 9.900200000E+00 3.491391206E-01
3.608460000E+00 3.961850000E+01 9.654840000E+00 3.435814724E-01
3.666820000E+00 3.976740000E+01 9.414770000E+00 3.381131335E-01
3.726130000E+00 3.990530000E+01 9.179870000E+00 3.327312788E-01
3.786400000E+00 4.003290000E+01 8.949410000E+00 3.274350306E-01
3.847640000E+00 4.015020000E+01 8.723600000E+00 3.222234928E-01
3.909870000E+00 4.025820000E+01 8.502830000E+00 3.170949418E-01
3.973110000E+00 4.035770000E+01 8.286840000E+00 3.120477409E-01
4.037380000E+00 4.044920000E+01 8.075530000E+00 3.070803343E-01
4.102680000E+00 4.053330000E+01 7.868870000E+00 3.021927131E-01
4.169030000E+00 4.061030000E+01 7.666780000E+00 2.973833242E-01
4.236460000E+00 4.068080000E+01 7.469210000E+00 2.926499955E-01
4.304980000E+00 4.074520000E+01 7.276190000E+00 2.879920464E-01
4.374620000E+00 4.080370000E+01 7.087440000E+00 2.834074731E-01
4.445370000E+00 4.085690000E+01 6.903110000E+00 2.788969197E-01
4.517270000E+00 4.090500000E+01 6.723040000E+00 2.744578031E-01
4.590330000E+00 4.094840000E+01 6.547150000E+00 2.700895143E-01
4.664580000E+00 4.098730000E+01 6.375430000E+00 2.657902748E-01
4.740030000E+00 4.102200000E+01 6.207730000E+00 2.615595260E-01
4.816690000E+00 4.105270000E+01 6.044090000E+00 2.573966770E-01
4.894600000E+00 4.107980000E+01 5.884330000E+00 2.532995546E-01
4.973770000E+00 4.110330000E+01 5.728420000E+00 2.492676581E-01
5.054210000E+00 4.112360000E+01 5.576230000E+00 2.453004525E-01
5.135960000E+00 4.114080000E+01 5.427820000E+00 2.413959610E-01
5.219030000E+00 4.115510000E+01 5.283040000E+00 2.375537217E-01
5.303440000E+00 4.116670000E+01 5.141840000E+00 2.337727965E-01
5.389220000E+00 4.117570000E+01 5.004130000E+00 2.300518442E-01
5.476390000E+00 4.118230000E+01 4.869900000E+00 2.263900124E-01
5.564970000E+00 4.118680000E+01 4.738990000E+00 2.227864661E-01
5.654980000E+00 4.118910000E+01 4.611440000E+00 2.192403863E-01
5.746440000E+00 4.118950000E+01 4.487010000E+00 2.157509693E-01
5.839390000E+00 4.118790000E+01 4.365760000E+00 2.123166975E-01
5.933830000E+00 4.118470000E+01 4.247570000E+00 2.089375665E-01
6.029810000E+00 4.117980000E+01 4.132460000E+00 2.056117854E-01
6.127330000E+00 4.117340000E+01 4.020240000E+00 2.023393550E-01
6.226440000E+00 4.116550000E+01 3.910950000E+00 1.991185975E-01
6.327150000E+00 4.115630000E+01 3.804480000E+00 1.959492030E-01
6.429480000E+00 4.114590000E+01 3.700720000E+00 1.928305244E-01
6.533480000E+00 4.113420000E+01 3.599760000E+00 1.897610462E-01
6.639150000E+00 4.112150000E+01 3.501340000E+00 1.867407725E-01
6.746540000E+00 4.110780000E+01 3.405540000E+00 1.837682723E-01
6.855650000E+00 4.109310000E+01 3.312250000E+00 1.808435378E-01
6.966540000E+00 4.107760000E+01 3.221400000E+00 1.779649582E-01
7.079220000E+00 4.106120000E+01 3.132950000E+00 1.751322886E-01
7.193720000E+00 4.104400000E+01 3.046800000E+00 1.723447674E-01
7.310070000E+00 4.102610000E+01 2.962960000E+00 1.696016591E-01
7.428310000E+00 4.100740000E+01 2.881310000E+00 1.669020275E-01
7.548450000E+00 4.098820000E+01 2.802000000E+00 1.642456398E-01
7.670540000E+00 4.096840000E+01 2.724670000E+00 1.616313845E-01
7.794610000E+00 4.094800000E+01 2.649440000E+00 1.590586315E-01
7.920680000E+00 4.092710000E+01 2.576240000E+00 1.565269649E-01
8.048790000E+00 4.090580000E+01 2.504980000E+00 1.540355755E-01
8.178980000E+00 4.088400000E+01 2.435600000E+00 1.515836938E-01
8.311260000E+00 4.086170000E+01 2.368080000E+00 1.491711245E-01
8.445690000E+00 4.083900000E+01 2.302470000E+00 1.467967685E-01
8.582290000E+00 4.081600000E+01 2.238580000E+00 1.444602781E-01
8.721110000E+00 4.079250000E+01 2.176420000E+00 1.421608029E-01
8.862160000E+00 4.076870000E+01 2.116020000E+00 1.398981738E-01
9.005500000E+00 4.074470000E+01 2.057300000E+00 1.376714230E-01
9.151160000E+00 4.072030000E+01 2.000040000E+00 1.354800921E-01
9.299170000E+00 4.069560000E+01 1.944400000E+00 1.333237267E-01
9.449580000E+00 4.067060000E+01 1.890270000E+00 1.312015984E-01
9.602420000E+00 4.064530000E+01 1.837630000E+00 1.291132860E-01
9.757730000E+00 4.061970000E+01 1.786440000E+00 1.270582400E-01
9.915550000E+00 4.059380000E+01 1.736640000E+00 1.250359284E-01
1.007590000E+01 4.056760000E+01 1.688210000E+00 1.230460803E-01
1.023890000E+01 4.054110000E+01 1.641120000E+00 1.210872262E-01
1.040450000E+01 4.051430000E+01 1.595320000E+00 1.191599789E-01
1.057280000E+01 4.048710000E+01 1.550780000E+00 1.172631659E-01
1.074380000E+01 4.045960000E+01 1.507470000E+00 1.153967870E-01
1.091760000E+01 4.043170000E+01 1.465350000E+00 1.135597567E-01
1.109420000E+01 4.040350000E+01 1.424390000E+00 1.117520867E-01
1.127360000E+01 4.037480000E+01 1.384570000E+00 1.099737440E-01
1.145590000E+01 4.034570000E+01 1.345850000E+00 1.082237101E-01
1.164120000E+01 4.031610000E+01 1.308200000E+00 1.065010480E-01
1.182950000E+01 4.028590000E+01 1.271590000E+00 1.048057822E-01
1.202080000E+01 4.025520000E+01 1.236000000E+00 1.031378943E-01
1.221530000E+01 4.022390000E+01 1.201390000E+00 1.014956653E-01
1.241280000E+01 4.019180000E+01 1.167750000E+00 9.988076824E-02
1.261360000E+01 4.015900000E+01 1.135040000E+00 9.829073381E-02
1.281760000E+01 4.012530000E+01 1.103230000E+00 9.672637623E-02
1.302500000E+01 4.009060000E+01 1.072310000E+00 9.518618042E-02
1.323560000E+01 4.005490000E+01 1.042250000E+00 9.367161292E-02
1.344970000E+01 4.001800000E+01 1.013030000E+00 9.218049473E-02
1.366720000E+01 3.997970000E+01 9.846150000E-01 9.071353313E-02
1.388830000E+01 3.993990000E+01 9.569940000E-01 8.926938502E-02
1.411290000E+01 3.989830000E+01 9.301410000E-01 8.784870579E-02
1.434120000E+01 3.985480000E+01 9.040360000E-01 8.645022732E-02
1.457310000E+01 3.980900000E+01 8.786560000E-01 8.507455517E-02
1.480890000E+01 3.976050000E+01 8.539840000E-01 8.371992518E-02
1.504840000E+01 3.970910000E+01 8.299990000E-01 8.238749635E-02
1.529180000E+01 3.965400000E+01 8.066820000E-01 8.107613231E-02
1.553910000E+01 3.959480000E+01 7.840150000E-01 7.978583058E-02
1.579040000E+01 3.953050000E+01 7.619780000E-01 7.851606039E-02
1.604580000E+01 3.946020000E+01 7.405550000E-01 7.726632514E-02
1.630540000E+01 3.938240000E+01 7.197280000E-01 7.603615980E-02
1.656910000E+01 3.929530000E+01 6.994820000E-01 7.482603159E-02
1.683710000E+01 3.919630000E+01 6.797990000E-01 7.363500840E-02
1.710940000E+01 3.908160000E+01 6.606650000E-01 7.246309046E-02
1.738610000E+01 3.894560000E+01 6.420620000E-01 7.130983947E-02
1.766740000E+01 3.877890000E+01 6.239770000E-01 7.017444559E-02
1.795310000E+01 3.856510000E+01 6.063960000E-01 6.905771148E-02
1.824350000E+01 3.827010000E+01 5.893030000E-01 6.795845096E-02
1.853860000E+01 3.780460000E+01 5.726860000E-01 6.687667893E-02
1.883840000E+01 3.674150000E+01 5.565300000E-01 6.581238322E-02
1.898550000E+01 2.937430000E+01 5.488620000E-01 6.530246767E-02
1.898570000E+01 2.937450000E+01 3.745020000E+00 6.530177976E-02
1.914310000E+01 3.691550000E+01 3.697240000E+00 6.476485000E-02
1.945270000E+01 3.808370000E+01 3.606100000E+00 6.373408319E-02
1.976740000E+01 3.865100000E+01 3.516660000E+00 6.271942694E-02
2.008710000E+01 3.903220000E+01 3.428920000E+00 6.172120416E-02
2.041200000E+01 3.931960000E+01 3.342870000E+00 6.073878111E-02
2.074210000E+01 3.954960000E+01 3.258530000E+00 5.977215422E-02
2.107760000E+01 3.974040000E+01 3.175870000E+00 5.882073860E-02
2.141850000E+01 3.990260000E+01 3.094890000E+00 5.788453907E-02
2.176500000E+01 4.004290000E+01 3.015580000E+00 5.696301401E-02
2.211700000E+01 4.016570000E+01 2.937930000E+00 5.605642718E-02
2.247470000E+01 4.027420000E+01 2.861930000E+00 5.516425136E-02
2.283820000E+01 4.037090000E+01 2.787550000E+00 5.428623972E-02
2.320760000E+01 4.045740000E+01 2.714800000E+00 5.342215481E-02
2.358300000E+01 4.053530000E+01 2.643640000E+00 5.257176780E-02
2.396440000E+01 4.060560000E+01 2.574060000E+00 5.173507369E-02
2.435200000E+01 4.066930000E+01 2.506040000E+00 5.091162943E-02
2.474590000E+01 4.072710000E+01 2.439570000E+00 5.010122889E-02
2.514620000E+01 4.077970000E+01 2.374620000E+00 4.930367213E-02
2.555290000E+01 4.082750000E+01 2.311160000E+00 4.851895480E-02
2.596620000E+01 4.087110000E+01 2.249190000E+00 4.774668608E-02
2.638610000E+01 4.091080000E+01 2.188670000E+00 4.698686051E-02
2.681290000E+01 4.094700000E+01 2.129580000E+00 4.623893723E-02
2.724660000E+01 4.098010000E+01 2.071900000E+00 4.550292514E-02
2.768730000E+01 4.101020000E+01 2.015610000E+00 4.477865303E-02
2.813510000E+01 4.103760000E+01 1.960690000E+00 4.406595320E-02
2.859020000E+01 4.106270000E+01 1.907100000E+00 4.336450952E-02
2.905260000E+01 4.108580000E+01 1.854820000E+00 4.267432175E-02
2.952250000E+01 4.111160000E+01 1.803840000E+00 4.199508849E-02
3.000000000E+01 4.110940000E+01 1.754120000E+00 4.132666667E-02
