# Data retrieved from henke.lbl.gov/optical_constants 03/01/2021
# Element, Nd  (Z = 60) 
# Atomic weight*, g mol-1 = 144.24 
# Nominal density*, g cm-3 =  0 
# Relativistic correction estimate f_rel(5CL)*,  e atom-1 =  0 
# Nuclear Thomson correction f_NT*, e atom-1 =  0 
#    E [keV]      f1 [e atom-1]      f2 [e atom-1]    Wavelength [nm] 
1.000000000E-02 -9.999000000E+03 2.444840000E-01 1.239800000E+02
1.016170000E-02 -9.999000000E+03 2.517660000E-01 1.220071445E+02
1.032610000E-02 -9.999000000E+03 2.592640000E-01 1.200646904E+02
1.049310000E-02 -9.999000000E+03 2.669850000E-01 1.181538344E+02
1.066280000E-02 -9.999000000E+03 2.749360000E-01 1.162733991E+02
1.083530000E-02 -9.999000000E+03 2.831240000E-01 1.144223049E+02
1.101060000E-02 -9.999000000E+03 2.915560000E-01 1.126005849E+02
1.118860000E-02 -9.999000000E+03 3.002390000E-01 1.108092165E+02
1.136960000E-02 -9.999000000E+03 3.091810000E-01 1.090451731E+02
1.155350000E-02 -9.999000000E+03 3.183890000E-01 1.073094733E+02
1.174040000E-02 -9.999000000E+03 3.278720000E-01 1.056011720E+02
1.193030000E-02 -9.999000000E+03 3.376360000E-01 1.039202702E+02
1.212320000E-02 -9.999000000E+03 3.476920000E-01 1.022667283E+02
1.231930000E-02 -9.999000000E+03 3.571770000E-01 1.006388350E+02
1.251860000E-02 -9.999000000E+03 3.662070000E-01 9.903663349E+01
1.272100000E-02 -9.999000000E+03 3.754660000E-01 9.746089144E+01
1.292680000E-02 -9.999000000E+03 3.849590000E-01 9.590927376E+01
1.313590000E-02 -9.999000000E+03 3.946920000E-01 9.438256990E+01
1.334830000E-02 -9.999000000E+03 4.046710000E-01 9.288074137E+01
1.356420000E-02 -9.999000000E+03 4.149030000E-01 9.140236800E+01
1.378360000E-02 -9.999000000E+03 4.242900000E-01 8.994747381E+01
1.400660000E-02 -9.999000000E+03 4.338030000E-01 8.851541416E+01
1.423310000E-02 -9.999000000E+03 4.435290000E-01 8.710681440E+01
1.446330000E-02 -9.999000000E+03 4.534720000E-01 8.572040959E+01
1.469730000E-02 -9.999000000E+03 4.636400000E-01 8.435562995E+01
1.493500000E-02 -9.999000000E+03 4.740340000E-01 8.301305658E+01
1.517650000E-02 -9.999000000E+03 4.854870000E-01 8.169208974E+01
1.542200000E-02 -9.999000000E+03 4.981330000E-01 8.039164829E+01
1.567140000E-02 -9.999000000E+03 5.111070000E-01 7.911226821E+01
1.592490000E-02 -9.999000000E+03 5.244200000E-01 7.785292215E+01
1.618250000E-02 -9.999000000E+03 5.380790000E-01 7.661362583E+01
1.644420000E-02 -9.999000000E+03 5.520940000E-01 7.539436397E+01
1.671020000E-02 -9.999000000E+03 5.664750000E-01 7.419420474E+01
1.698050000E-02 -9.999000000E+03 5.806060000E-01 7.301316216E+01
1.725510000E-02 -9.999000000E+03 5.947680000E-01 7.185122080E+01
1.753420000E-02 -9.999000000E+03 6.092760000E-01 7.070753157E+01
1.781780000E-02 -9.999000000E+03 6.241370000E-01 6.958210329E+01
1.810600000E-02 -9.999000000E+03 6.466840000E-01 6.847453883E+01
1.839890000E-02 -9.999000000E+03 6.710130000E-01 6.738446320E+01
1.869640000E-02 -9.999000000E+03 7.092490000E-01 6.631223123E+01
1.899880000E-02 -9.999000000E+03 7.580400000E-01 6.525675306E+01
1.930610000E-02 -9.999000000E+03 8.484530000E-01 6.421804507E+01
1.961840000E-02 -9.999000000E+03 1.067440000E+00 6.319577539E+01
1.993570000E-02 -9.999000000E+03 1.273320000E+00 6.218994066E+01
2.025820000E-02 -9.999000000E+03 1.463770000E+00 6.119990917E+01
2.058580000E-02 -9.999000000E+03 1.646800000E+00 6.022598102E+01
2.091880000E-02 -9.999000000E+03 1.812370000E+00 5.926726198E+01
2.125710000E-02 -9.999000000E+03 1.994590000E+00 5.832404232E+01
2.160090000E-02 -9.999000000E+03 2.335270000E+00 5.739575666E+01
2.195030000E-02 -9.999000000E+03 3.046120000E+00 5.648214375E+01
2.230530000E-02 -9.999000000E+03 3.490110000E+00 5.558320220E+01
2.266610000E-02 -9.999000000E+03 4.141420000E+00 5.469842628E+01
2.303270000E-02 -9.999000000E+03 5.176050000E+00 5.382781871E+01
2.340530000E-02 -9.999000000E+03 6.161140000E+00 5.297090830E+01
2.378380000E-02 -9.999000000E+03 7.159280000E+00 5.212791900E+01
2.416850000E-02 -9.999000000E+03 7.851580000E+00 5.129817738E+01
2.455940000E-02 -9.999000000E+03 8.610830000E+00 5.048168929E+01
2.495660000E-02 -9.999000000E+03 9.823340000E+00 4.967824143E+01
2.536030000E-02 -9.999000000E+03 1.104640000E+01 4.888743430E+01
2.577050000E-02 -9.999000000E+03 1.172240000E+01 4.810927223E+01
2.618730000E-02 -9.999000000E+03 1.233650000E+01 4.734355966E+01
2.661090000E-02 -9.999000000E+03 1.280420000E+01 4.658993119E+01
2.704130000E-02 -9.999000000E+03 1.324040000E+01 4.584838747E+01
2.747860000E-02 -9.999000000E+03 1.331900000E+01 4.511874695E+01
2.792310000E-02 -9.999000000E+03 1.339810000E+01 4.440051427E+01
2.837470000E-02 -9.999000000E+03 1.334200000E+01 4.369385403E+01
2.883370000E-02 -9.999000000E+03 1.289430000E+01 4.299829713E+01
2.930000000E-02 9.386000000E+00 1.246150000E+01 4.231399317E+01
2.977390000E-02 9.921470000E+00 1.201960000E+01 4.164049721E+01
3.025550000E-02 1.034930000E+01 1.158940000E+01 4.097767348E+01
3.074490000E-02 1.069220000E+01 1.117790000E+01 4.032538730E+01
3.124210000E-02 1.096160000E+01 1.078260000E+01 3.968363202E+01
3.174750000E-02 1.113960000E+01 1.040130000E+01 3.905189385E+01
3.226090000E-02 1.125950000E+01 1.014850000E+01 3.843042197E+01
3.278270000E-02 1.140840000E+01 9.920650000E+00 3.781872756E+01
3.331300000E-02 1.155150000E+01 9.697890000E+00 3.721670219E+01
3.385180000E-02 1.166230000E+01 9.487340000E+00 3.662434494E+01
3.439930000E-02 1.177350000E+01 9.336290000E+00 3.604143108E+01
3.495570000E-02 1.190080000E+01 9.187650000E+00 3.546774918E+01
3.552110000E-02 1.203440000E+01 9.041380000E+00 3.490319838E+01
3.609560000E-02 1.217230000E+01 8.886570000E+00 3.434767673E+01
3.667940000E-02 1.229600000E+01 8.726760000E+00 3.380098911E+01
3.727270000E-02 1.241150000E+01 8.569830000E+00 3.326295117E+01
3.787550000E-02 1.252140000E+01 8.412500000E+00 3.273356127E+01
3.848820000E-02 1.262660000E+01 8.256260000E+00 3.221247032E+01
3.911070000E-02 1.274080000E+01 8.088830000E+00 3.169976503E+01
3.974320000E-02 1.282140000E+01 7.890870000E+00 3.119527366E+01
4.038610000E-02 1.286850000E+01 7.697740000E+00 3.069868098E+01
4.103930000E-02 1.288490000E+01 7.509340000E+00 3.021006694E+01
4.170310000E-02 1.287130000E+01 7.347800000E+00 2.972920478E+01
4.237760000E-02 1.284310000E+01 7.197950000E+00 2.925602205E+01
4.306300000E-02 1.276730000E+01 7.051170000E+00 2.879037689E+01
4.375950000E-02 1.269440000E+01 7.029000000E+00 2.833213359E+01
4.446730000E-02 1.267180000E+01 7.009980000E+00 2.788116211E+01
4.518650000E-02 1.267240000E+01 6.991010000E+00 2.743739834E+01
4.591740000E-02 1.269060000E+01 6.972110000E+00 2.700065770E+01
4.666000000E-02 1.272090000E+01 6.937850000E+00 2.657093871E+01
4.741470000E-02 1.274600000E+01 6.897980000E+00 2.614800895E+01
4.818160000E-02 1.276950000E+01 6.858340000E+00 2.573181463E+01
4.896090000E-02 1.279220000E+01 6.818930000E+00 2.532224694E+01
4.975280000E-02 1.281360000E+01 6.779740000E+00 2.491920053E+01
5.055760000E-02 1.283300000E+01 6.740780000E+00 2.452252480E+01
5.137530000E-02 1.284860000E+01 6.705090000E+00 2.413221918E+01
5.220620000E-02 1.286620000E+01 6.672710000E+00 2.374813719E+01
5.305060000E-02 1.288410000E+01 6.640490000E+00 2.337014096E+01
5.390870000E-02 1.290150000E+01 6.608420000E+00 2.299814316E+01
5.478060000E-02 1.291800000E+01 6.576330000E+00 2.263209968E+01
5.566670000E-02 1.293280000E+01 6.543950000E+00 2.227184295E+01
5.656700000E-02 1.294580000E+01 6.511740000E+00 2.191737232E+01
5.748200000E-02 1.295670000E+01 6.479680000E+00 2.156849101E+01
5.841170000E-02 1.296540000E+01 6.447780000E+00 2.122519975E+01
5.935640000E-02 1.297160000E+01 6.416050000E+00 2.088738535E+01
6.031650000E-02 1.297530000E+01 6.384460000E+00 2.055490620E+01
6.129210000E-02 1.297610000E+01 6.353030000E+00 2.022772919E+01
6.228340000E-02 1.297380000E+01 6.321760000E+00 1.990578549E+01
6.329080000E-02 1.296840000E+01 6.290640000E+00 1.958894500E+01
6.431450000E-02 1.295940000E+01 6.259670000E+00 1.927714590E+01
6.535470000E-02 1.294680000E+01 6.228860000E+00 1.897032654E+01
6.641180000E-02 1.293020000E+01 6.198200000E+00 1.866836918E+01
6.748590000E-02 1.290940000E+01 6.167690000E+00 1.837124496E+01
6.857750000E-02 1.288400000E+01 6.137320000E+00 1.807881594E+01
6.968670000E-02 1.285370000E+01 6.107110000E+00 1.779105626E+01
7.081380000E-02 1.281840000E+01 6.077500000E+00 1.750788688E+01
7.195910000E-02 1.277790000E+01 6.048060000E+00 1.722923161E+01
7.312300000E-02 1.273170000E+01 6.018770000E+00 1.695499364E+01
7.430570000E-02 1.267960000E+01 5.989620000E+00 1.668512644E+01
7.550760000E-02 1.262090000E+01 5.960620000E+00 1.641953923E+01
7.672890000E-02 1.255550000E+01 5.931760000E+00 1.615818811E+01
7.796990000E-02 1.248290000E+01 5.903030000E+00 1.590100795E+01
7.923100000E-02 1.240290000E+01 5.874440000E+00 1.564791559E+01
8.051250000E-02 1.231580000E+01 5.845990000E+00 1.539885111E+01
8.181470000E-02 1.222370000E+01 5.817680000E+00 1.515375599E+01
8.313800000E-02 1.213310000E+01 5.775930000E+00 1.491255503E+01
8.448270000E-02 1.201380000E+01 5.718540000E+00 1.467519386E+01
8.584910000E-02 1.187130000E+01 5.661730000E+00 1.444161907E+01
8.723770000E-02 1.170750000E+01 5.605480000E+00 1.421174561E+01
8.864870000E-02 1.152180000E+01 5.549790000E+00 1.398554068E+01
9.008250000E-02 1.131280000E+01 5.494640000E+00 1.376293953E+01
9.153950000E-02 1.108040000E+01 5.440050000E+00 1.354387996E+01
9.302010000E-02 1.083220000E+01 5.378990000E+00 1.332830216E+01
9.452460000E-02 1.053140000E+01 5.291250000E+00 1.311616235E+01
9.605350000E-02 1.015520000E+01 5.212160000E+00 1.290739015E+01
9.760710000E-02 9.741590000E+00 5.174210000E+00 1.270194484E+01
9.918580000E-02 9.289170000E+00 5.136540000E+00 1.249977315E+01
1.007900000E-01 8.775350000E+00 5.101690000E+00 1.230082349E+01
1.024200000E-01 8.193570000E+00 5.075620000E+00 1.210505761E+01
1.040770000E-01 7.523190000E+00 5.049690000E+00 1.191233414E+01
1.057600000E-01 6.729690000E+00 5.023900000E+00 1.172276853E+01
1.074710000E-01 5.773930000E+00 5.019460000E+00 1.153613533E+01
1.092090000E-01 4.584980000E+00 5.022460000E+00 1.135254420E+01
1.109750000E-01 2.833100000E+00 5.025460000E+00 1.117188556E+01
1.127700000E-01 8.576000000E-01 6.349940000E+00 1.099405870E+01
1.145940000E-01 3.495300000E-02 7.473490000E+00 1.081906557E+01
1.164480000E-01 -6.757860000E-01 7.693570000E+00 1.064681231E+01
1.183310000E-01 -4.043980000E+00 7.124160000E+00 1.047738970E+01
1.202450000E-01 -1.020820000E+01 1.000280000E+01 1.031061583E+01
1.221900000E-01 -1.435290000E+01 1.651700000E+01 1.014649317E+01
1.241660000E-01 -1.591520000E+01 2.587290000E+01 9.985020054E+00
1.261750000E-01 -1.168550000E+01 3.571800000E+01 9.826035268E+00
1.282150000E-01 -6.261610000E+00 4.044690000E+01 9.669695433E+00
1.302890000E-01 3.821380000E-01 4.580180000E+01 9.515768791E+00
1.323970000E-01 8.669700000E+00 4.734930000E+01 9.364260519E+00
1.345380000E-01 1.627550000E+01 4.622310000E+01 9.215240304E+00
1.367140000E-01 2.162820000E+01 4.388510000E+01 9.068566496E+00
1.389250000E-01 2.618730000E+01 4.091950000E+01 8.924239698E+00
1.411720000E-01 2.920010000E+01 3.751340000E+01 8.782194770E+00
1.434560000E-01 3.126530000E+01 3.439060000E+01 8.642371180E+00
1.457760000E-01 3.269200000E+01 3.152790000E+01 8.504829327E+00
1.481340000E-01 3.365280000E+01 2.897620000E+01 8.369449282E+00
1.505300000E-01 3.434140000E+01 2.667440000E+01 8.236231980E+00
1.529640000E-01 3.479300000E+01 2.455540000E+01 8.105175074E+00
1.554390000E-01 3.504280000E+01 2.260480000E+01 7.976119249E+00
1.579530000E-01 3.510840000E+01 2.080920000E+01 7.849170323E+00
1.605070000E-01 3.501430000E+01 1.922280000E+01 7.724273708E+00
1.631030000E-01 3.486480000E+01 1.779990000E+01 7.601331674E+00
1.657420000E-01 3.465870000E+01 1.648230000E+01 7.480300708E+00
1.684220000E-01 3.437820000E+01 1.526220000E+01 7.361271093E+00
1.711460000E-01 3.401380000E+01 1.413250000E+01 7.244107370E+00
1.739150000E-01 3.352190000E+01 1.315440000E+01 7.128769801E+00
1.767270000E-01 3.308440000E+01 1.235160000E+01 7.015340044E+00
1.795860000E-01 3.265230000E+01 1.159780000E+01 6.903656187E+00
1.824910000E-01 3.218190000E+01 1.089000000E+01 6.793759692E+00
1.854420000E-01 3.157510000E+01 1.028920000E+01 6.685648343E+00
1.884420000E-01 3.108380000E+01 9.943340000E+00 6.579212702E+00
1.914890000E-01 3.068040000E+01 9.609090000E+00 6.474523341E+00
1.945870000E-01 3.031830000E+01 9.286070000E+00 6.371443108E+00
1.977340000E-01 2.996970000E+01 8.973910000E+00 6.270039548E+00
2.009320000E-01 2.961630000E+01 8.672250000E+00 6.170246651E+00
2.041820000E-01 2.922570000E+01 8.380720000E+00 6.072033774E+00
2.074850000E-01 2.872660000E+01 8.220250000E+00 5.975371714E+00
2.108400000E-01 2.835140000E+01 8.203200000E+00 5.880288370E+00
2.142510000E-01 2.807890000E+01 8.186190000E+00 5.786670774E+00
2.177160000E-01 2.784810000E+01 8.169210000E+00 5.694574583E+00
2.212370000E-01 2.764860000E+01 8.152270000E+00 5.603945091E+00
2.248160000E-01 2.747310000E+01 8.135360000E+00 5.514732048E+00
2.284520000E-01 2.731650000E+01 8.118490000E+00 5.426960587E+00
2.321470000E-01 2.717480000E+01 8.101650000E+00 5.340581614E+00
2.359020000E-01 2.704480000E+01 8.084850000E+00 5.255572229E+00
2.397170000E-01 2.692370000E+01 8.068080000E+00 5.171931903E+00
2.435950000E-01 2.680880000E+01 8.051340000E+00 5.089595435E+00
2.475350000E-01 2.669720000E+01 8.034650000E+00 5.008584645E+00
2.515380000E-01 2.658560000E+01 8.017990000E+00 4.928877545E+00
2.556070000E-01 2.646860000E+01 8.001360000E+00 4.850414895E+00
2.597410000E-01 2.630960000E+01 7.988560000E+00 4.773216396E+00
2.639420000E-01 2.617070000E+01 8.059930000E+00 4.697244092E+00
2.682110000E-01 2.607130000E+01 8.131920000E+00 4.622480062E+00
2.725490000E-01 2.599100000E+01 8.204570000E+00 4.548906802E+00
2.769570000E-01 2.592400000E+01 8.277860000E+00 4.476507183E+00
2.814370000E-01 2.586720000E+01 8.351800000E+00 4.405248777E+00
2.859890000E-01 2.581790000E+01 8.426410000E+00 4.335131771E+00
2.906150000E-01 2.577340000E+01 8.501680000E+00 4.266125286E+00
2.953150000E-01 2.571980000E+01 8.577620000E+00 4.198229010E+00
3.000920000E-01 2.567180000E+01 8.688110000E+00 4.131399704E+00
3.049450000E-01 2.564980000E+01 8.809600000E+00 4.065651183E+00
3.098780000E-01 2.564600000E+01 8.932790000E+00 4.000929398E+00
3.148900000E-01 2.565730000E+01 9.057710000E+00 3.937247928E+00
3.199830000E-01 2.568300000E+01 9.184370000E+00 3.874580837E+00
3.251580000E-01 2.572330000E+01 9.312800000E+00 3.812915567E+00
3.304180000E-01 2.578000000E+01 9.443030000E+00 3.752216889E+00
3.357620000E-01 2.585720000E+01 9.575080000E+00 3.692496471E+00
3.411920000E-01 2.597580000E+01 9.696490000E+00 3.633731154E+00
3.467110000E-01 2.608620000E+01 9.774270000E+00 3.575888853E+00
3.523190000E-01 2.619190000E+01 9.852660000E+00 3.518970024E+00
3.580170000E-01 2.630270000E+01 9.931690000E+00 3.462964049E+00
3.638080000E-01 2.642810000E+01 1.001130000E+01 3.407841499E+00
3.696920000E-01 2.659670000E+01 1.006040000E+01 3.353602458E+00
3.756720000E-01 2.673690000E+01 1.005990000E+01 3.300219340E+00
3.817480000E-01 2.684680000E+01 1.005940000E+01 3.247692195E+00
3.879220000E-01 2.694630000E+01 1.005890000E+01 3.196003320E+00
3.941970000E-01 2.703740000E+01 1.005840000E+01 3.145127944E+00
4.005730000E-01 2.712100000E+01 1.005780000E+01 3.095066318E+00
4.070520000E-01 2.719700000E+01 1.005730000E+01 3.045802502E+00
4.136350000E-01 2.726340000E+01 1.005680000E+01 2.997328563E+00
4.203260000E-01 2.730050000E+01 1.007180000E+01 2.949615299E+00
4.271240000E-01 2.735460000E+01 1.011970000E+01 2.902669951E+00
4.340320000E-01 2.742900000E+01 1.016780000E+01 2.856471412E+00
4.410520000E-01 2.751210000E+01 1.021620000E+01 2.811006412E+00
4.481860000E-01 2.760420000E+01 1.026470000E+01 2.766262221E+00
4.554350000E-01 2.770620000E+01 1.031360000E+01 2.722232591E+00
4.628020000E-01 2.784560000E+01 1.036080000E+01 2.678899400E+00
4.702870000E-01 2.797630000E+01 1.034910000E+01 2.636262538E+00
4.778940000E-01 2.808290000E+01 1.033750000E+01 2.594299154E+00
4.856230000E-01 2.818020000E+01 1.032580000E+01 2.553009227E+00
4.934780000E-01 2.827150000E+01 1.031420000E+01 2.512371372E+00
5.014590000E-01 2.835830000E+01 1.030250000E+01 2.472385579E+00
5.095700000E-01 2.844160000E+01 1.029090000E+01 2.433031772E+00
5.178120000E-01 2.852220000E+01 1.027940000E+01 2.394305269E+00
5.261870000E-01 2.860100000E+01 1.026780000E+01 2.356196561E+00
5.346980000E-01 2.867870000E+01 1.025620000E+01 2.318692047E+00
5.433460000E-01 2.876420000E+01 1.024390000E+01 2.281787296E+00
5.521340000E-01 2.884350000E+01 1.021380000E+01 2.245469397E+00
5.610650000E-01 2.891210000E+01 1.018380000E+01 2.209726146E+00
5.701390000E-01 2.897520000E+01 1.015380000E+01 2.174557432E+00
5.793610000E-01 2.903410000E+01 1.012390000E+01 2.139943835E+00
5.887320000E-01 2.908990000E+01 1.009420000E+01 2.105881793E+00
5.982540000E-01 2.914410000E+01 1.006450000E+01 2.072363912E+00
6.079300000E-01 2.919880000E+01 1.003490000E+01 2.039379534E+00
6.177630000E-01 2.926290000E+01 1.000530000E+01 2.006918511E+00
6.277550000E-01 2.935410000E+01 9.953220000E+00 1.974974313E+00
6.379080000E-01 2.940870000E+01 9.846580000E+00 1.943540448E+00
6.482260000E-01 2.943010000E+01 9.741090000E+00 1.912604555E+00
6.587110000E-01 2.942990000E+01 9.636730000E+00 1.882160765E+00
6.693650000E-01 2.941140000E+01 9.533480000E+00 1.852203208E+00
6.801910000E-01 2.937630000E+01 9.431350000E+00 1.822723323E+00
6.911930000E-01 2.932550000E+01 9.330310000E+00 1.793710295E+00
7.023720000E-01 2.926360000E+01 9.230340000E+00 1.765161481E+00
7.137330000E-01 2.919620000E+01 9.120040000E+00 1.737064140E+00
7.252770000E-01 2.909370000E+01 8.986590000E+00 1.709415851E+00
7.370080000E-01 2.895650000E+01 8.855100000E+00 1.682206977E+00
7.489280000E-01 2.878800000E+01 8.725530000E+00 1.655432832E+00
7.610420000E-01 2.858730000E+01 8.597870000E+00 1.629082232E+00
7.733510000E-01 2.835200000E+01 8.472060000E+00 1.603153031E+00
7.858590000E-01 2.807850000E+01 8.348100000E+00 1.577636701E+00
7.985700000E-01 2.776130000E+01 8.225950000E+00 1.552525139E+00
8.114860000E-01 2.739070000E+01 8.105590000E+00 1.527814405E+00
8.246110000E-01 2.696180000E+01 8.002440000E+00 1.503496800E+00
8.379490000E-01 2.647800000E+01 7.909430000E+00 1.479564985E+00
8.515020000E-01 2.592630000E+01 7.816100000E+00 1.456015370E+00
8.652740000E-01 2.528290000E+01 7.722130000E+00 1.432840927E+00
8.792690000E-01 2.451910000E+01 7.627750000E+00 1.410034927E+00
8.934910000E-01 2.359630000E+01 7.534700000E+00 1.387590921E+00
9.079430000E-01 2.245330000E+01 7.442730000E+00 1.365504222E+00
9.226280000E-01 2.098470000E+01 7.351820000E+00 1.343770187E+00
9.375510000E-01 1.898530000E+01 7.261900000E+00 1.322381396E+00
9.527150000E-01 1.596680000E+01 7.173200000E+00 1.301333557E+00
9.681240000E-01 1.014610000E+01 7.085670000E+00 1.280621077E+00
9.803000000E-01 -2.582730000E+01 7.018230000E+00 1.264714883E+00
9.805000000E-01 -2.581740000E+01 3.072190000E+01 1.264456910E+00
9.837830000E-01 8.593040000E-01 3.065540000E+01 1.260237268E+00
9.996950000E-01 1.434880000E+01 3.033850000E+01 1.240178254E+00
1.015860000E+00 1.921630000E+01 3.002490000E+01 1.220443762E+00
1.032290000E+00 2.232410000E+01 2.971440000E+01 1.201019093E+00
1.048990000E+00 2.463680000E+01 2.940260000E+01 1.181898779E+00
1.065960000E+00 2.648430000E+01 2.908940000E+01 1.163083043E+00
1.083200000E+00 2.802320000E+01 2.877910000E+01 1.144571640E+00
1.100720000E+00 2.934190000E+01 2.847230000E+01 1.126353659E+00
1.118520000E+00 3.049270000E+01 2.816870000E+01 1.108428995E+00
1.136610000E+00 3.150910000E+01 2.786840000E+01 1.090787517E+00
1.155000000E+00 3.241290000E+01 2.757130000E+01 1.073419913E+00
1.173680000E+00 3.321780000E+01 2.727730000E+01 1.056335628E+00
1.192660000E+00 3.393080000E+01 2.698650000E+01 1.039525095E+00
1.211950000E+00 3.455600000E+01 2.669880000E+01 1.022979496E+00
1.231550000E+00 3.502530000E+01 2.641410000E+01 1.006698875E+00
1.251470000E+00 3.540440000E+01 2.625960000E+01 9.906749662E-01
1.271720000E+00 3.570000000E+01 2.624600000E+01 9.749001352E-01
1.292290000E+00 3.607860000E+01 2.640660000E+01 9.593821820E-01
1.313190000E+00 3.657920000E+01 2.656850000E+01 9.441131900E-01
1.334430000E+00 3.712190000E+01 2.673130000E+01 9.290858269E-01
1.356010000E+00 3.770210000E+01 2.689510000E+01 9.143000420E-01
1.377940000E+00 3.831880000E+01 2.705980000E+01 8.997489005E-01
1.400230000E+00 3.897520000E+01 2.722550000E+01 8.854259657E-01
1.422880000E+00 3.967860000E+01 2.739250000E+01 8.713313842E-01
1.445890000E+00 4.046820000E+01 2.756020000E+01 8.574649524E-01
1.469280000E+00 4.134260000E+01 2.767030000E+01 8.438146575E-01
1.493040000E+00 4.240560000E+01 2.769100000E+01 8.303863259E-01
1.517190000E+00 4.339360000E+01 2.733550000E+01 8.171685814E-01
1.541730000E+00 4.413110000E+01 2.693270000E+01 8.041615588E-01
1.566670000E+00 4.459100000E+01 2.653550000E+01 7.913600184E-01
1.592010000E+00 4.522420000E+01 2.668540000E+01 7.787639525E-01
1.617760000E+00 4.627970000E+01 2.664960000E+01 7.663683117E-01
1.643920000E+00 4.721140000E+01 2.609270000E+01 7.541729525E-01
1.670510000E+00 4.793080000E+01 2.554760000E+01 7.421685593E-01
1.697530000E+00 4.855500000E+01 2.501390000E+01 7.303552809E-01
1.724990000E+00 4.911790000E+01 2.449110000E+01 7.187288042E-01
1.752890000E+00 4.962980000E+01 2.396800000E+01 7.072891054E-01
1.781240000E+00 5.009550000E+01 2.345240000E+01 6.960319777E-01
1.810050000E+00 5.052010000E+01 2.294540000E+01 6.849534543E-01
1.839320000E+00 5.091010000E+01 2.244910000E+01 6.740534545E-01
1.869070000E+00 5.127010000E+01 2.196360000E+01 6.633245411E-01
1.899300000E+00 5.160380000E+01 2.148880000E+01 6.527668088E-01
1.930020000E+00 5.191390000E+01 2.102400000E+01 6.423767629E-01
1.961240000E+00 5.220320000E+01 2.056920000E+01 6.321510881E-01
1.992960000E+00 5.247000000E+01 2.012430000E+01 6.220897559E-01
2.025200000E+00 5.272630000E+01 1.969720000E+01 6.121864507E-01
2.057950000E+00 5.296960000E+01 1.926450000E+01 6.024441799E-01
2.091240000E+00 5.319320000E+01 1.883930000E+01 5.928540005E-01
2.125060000E+00 5.339990000E+01 1.842300000E+01 5.834188211E-01
2.159430000E+00 5.359200000E+01 1.801450000E+01 5.741329888E-01
2.194360000E+00 5.377040000E+01 1.761420000E+01 5.649938934E-01
2.229850000E+00 5.393590000E+01 1.722150000E+01 5.560015248E-01
2.265920000E+00 5.408920000E+01 1.683680000E+01 5.471508262E-01
2.302570000E+00 5.423110000E+01 1.645980000E+01 5.384418280E-01
2.339810000E+00 5.436250000E+01 1.609070000E+01 5.298720836E-01
2.377660000E+00 5.448390000E+01 1.572860000E+01 5.214370431E-01
2.416110000E+00 5.459510000E+01 1.537390000E+01 5.131388885E-01
2.455190000E+00 5.469740000E+01 1.502700000E+01 5.049711020E-01
2.494900000E+00 5.479090000E+01 1.468700000E+01 4.969337448E-01
2.535260000E+00 5.487650000E+01 1.435460000E+01 4.890228221E-01
2.576260000E+00 5.495450000E+01 1.402860000E+01 4.812402475E-01
2.617930000E+00 5.502490000E+01 1.370970000E+01 4.735802714E-01
2.660270000E+00 5.508830000E+01 1.339720000E+01 4.660429205E-01
2.703300000E+00 5.514500000E+01 1.309160000E+01 4.586246440E-01
2.747030000E+00 5.519510000E+01 1.279220000E+01 4.513237933E-01
2.791460000E+00 5.523910000E+01 1.249940000E+01 4.441403423E-01
2.836610000E+00 5.527720000E+01 1.221280000E+01 4.370710108E-01
2.882490000E+00 5.530960000E+01 1.193240000E+01 4.301142415E-01
2.929110000E+00 5.533650000E+01 1.165800000E+01 4.232685014E-01
2.976480000E+00 5.535830000E+01 1.138980000E+01 4.165322797E-01
3.024630000E+00 5.537510000E+01 1.112710000E+01 4.099013764E-01
3.073550000E+00 5.538710000E+01 1.087030000E+01 4.033772023E-01
3.123260000E+00 5.539460000E+01 1.061910000E+01 3.969570257E-01
3.173780000E+00 5.539740000E+01 1.037300000E+01 3.906382925E-01
3.225110000E+00 5.539570000E+01 1.013250000E+01 3.844209965E-01
3.277270000E+00 5.538970000E+01 9.897340000E+00 3.783026727E-01
3.330280000E+00 5.537960000E+01 9.667300000E+00 3.722810094E-01
3.384150000E+00 5.536540000E+01 9.442270000E+00 3.663549193E-01
3.438880000E+00 5.534710000E+01 9.222290000E+00 3.605243568E-01
3.494500000E+00 5.532490000E+01 9.007110000E+00 3.547860924E-01
3.551020000E+00 5.529870000E+01 8.796720000E+00 3.491391206E-01
3.608460000E+00 5.526870000E+01 8.590940000E+00 3.435814724E-01
3.666820000E+00 5.523480000E+01 8.389720000E+00 3.381131335E-01
3.726130000E+00 5.519690000E+01 8.193030000E+00 3.327312788E-01
3.786400000E+00 5.515520000E+01 8.000570000E+00 3.274350306E-01
3.847640000E+00 5.510950000E+01 7.812460000E+00 3.222234928E-01
3.909870000E+00 5.505960000E+01 7.628520000E+00 3.170949418E-01
3.973110000E+00 5.500570000E+01 7.448750000E+00 3.120477409E-01
4.037380000E+00 5.494760000E+01 7.272860000E+00 3.070803343E-01
4.102680000E+00 5.488500000E+01 7.100920000E+00 3.021927131E-01
4.169030000E+00 5.481780000E+01 6.932820000E+00 2.973833242E-01
4.236460000E+00 5.474580000E+01 6.768450000E+00 2.926499955E-01
4.304980000E+00 5.466870000E+01 6.607810000E+00 2.879920464E-01
4.374620000E+00 5.458630000E+01 6.450680000E+00 2.834074731E-01
4.445370000E+00 5.449810000E+01 6.297090000E+00 2.788969197E-01
4.517270000E+00 5.440360000E+01 6.146830000E+00 2.744578031E-01
4.590330000E+00 5.430240000E+01 6.000020000E+00 2.700895143E-01
4.664580000E+00 5.419390000E+01 5.856420000E+00 2.657902748E-01
4.740030000E+00 5.407710000E+01 5.716080000E+00 2.615595260E-01
4.816690000E+00 5.395150000E+01 5.578860000E+00 2.573966770E-01
4.894600000E+00 5.381570000E+01 5.444700000E+00 2.532995546E-01
4.973770000E+00 5.366860000E+01 5.313390000E+00 2.492676581E-01
5.054210000E+00 5.350830000E+01 5.185140000E+00 2.453004525E-01
5.135960000E+00 5.333290000E+01 5.059730000E+00 2.413959610E-01
5.219030000E+00 5.313990000E+01 4.937130000E+00 2.375537217E-01
5.303440000E+00 5.292590000E+01 4.817240000E+00 2.337727965E-01
5.389220000E+00 5.268650000E+01 4.699910000E+00 2.300518442E-01
5.476390000E+00 5.241570000E+01 4.585220000E+00 2.263900124E-01
5.564970000E+00 5.210500000E+01 4.473130000E+00 2.227864661E-01
5.654980000E+00 5.174220000E+01 4.363540000E+00 2.192403863E-01
5.746440000E+00 5.130810000E+01 4.256340000E+00 2.157509693E-01
5.839390000E+00 5.077000000E+01 4.151520000E+00 2.123166975E-01
5.933830000E+00 5.006570000E+01 4.049020000E+00 2.089375665E-01
6.029810000E+00 4.904970000E+01 3.948750000E+00 2.056117854E-01
6.127330000E+00 4.720440000E+01 3.850810000E+00 2.023393550E-01
6.207800000E+00 3.174870000E+01 3.772970000E+00 1.997164857E-01
6.208000000E+00 3.174980000E+01 1.105310000E+01 1.997100515E-01
6.226440000E+00 4.387590000E+01 1.099230000E+01 1.991185975E-01
6.327150000E+00 4.812610000E+01 1.066910000E+01 1.959492030E-01
6.429480000E+00 4.933000000E+01 1.035570000E+01 1.928305244E-01
6.533480000E+00 4.978400000E+01 1.005140000E+01 1.897610462E-01
6.639150000E+00 4.952210000E+01 9.756050000E+00 1.867407725E-01
6.721400000E+00 4.220220000E+01 9.535300000E+00 1.844556194E-01
6.721600000E+00 4.220350000E+01 1.316420000E+01 1.844501309E-01
6.746540000E+00 4.870310000E+01 1.307660000E+01 1.837682723E-01
6.855650000E+00 5.100620000E+01 1.270390000E+01 1.808435378E-01
6.966540000E+00 5.185560000E+01 1.234190000E+01 1.779649582E-01
7.079220000E+00 5.200800000E+01 1.199020000E+01 1.751322886E-01
7.125900000E+00 4.905330000E+01 1.184910000E+01 1.739850405E-01
7.126100000E+00 4.905620000E+01 1.354650000E+01 1.739801574E-01
7.193720000E+00 5.280430000E+01 1.336590000E+01 1.723447674E-01
7.310070000E+00 5.386930000E+01 1.306450000E+01 1.696016591E-01
7.428310000E+00 5.459430000E+01 1.276740000E+01 1.669020275E-01
7.548450000E+00 5.517670000E+01 1.247440000E+01 1.642456398E-01
7.670540000E+00 5.567030000E+01 1.218550000E+01 1.616313845E-01
7.794610000E+00 5.609980000E+01 1.190130000E+01 1.590586315E-01
7.920680000E+00 5.647980000E+01 1.162180000E+01 1.565269649E-01
8.048790000E+00 5.681970000E+01 1.134650000E+01 1.540355755E-01
8.178980000E+00 5.712540000E+01 1.107580000E+01 1.515836938E-01
8.311260000E+00 5.740230000E+01 1.080990000E+01 1.491711245E-01
8.445690000E+00 5.765400000E+01 1.054900000E+01 1.467967685E-01
8.582290000E+00 5.788370000E+01 1.029250000E+01 1.444602781E-01
8.721110000E+00 5.809350000E+01 1.004060000E+01 1.421608029E-01
8.862160000E+00 5.828550000E+01 9.793650000E+00 1.398981738E-01
9.005500000E+00 5.846150000E+01 9.551460000E+00 1.376714230E-01
9.151160000E+00 5.862300000E+01 9.314080000E+00 1.354800921E-01
9.299170000E+00 5.877120000E+01 9.081150000E+00 1.333237267E-01
9.449580000E+00 5.890720000E+01 8.853040000E+00 1.312015984E-01
9.602420000E+00 5.903200000E+01 8.629650000E+00 1.291132860E-01
9.757730000E+00 5.914640000E+01 8.410920000E+00 1.270582400E-01
9.915550000E+00 5.925140000E+01 8.197030000E+00 1.250359284E-01
1.007590000E+01 5.934780000E+01 7.987390000E+00 1.230460803E-01
1.023890000E+01 5.943570000E+01 7.782270000E+00 1.210872262E-01
1.040450000E+01 5.951600000E+01 7.581620000E+00 1.191599789E-01
1.057280000E+01 5.958910000E+01 7.385390000E+00 1.172631659E-01
1.074380000E+01 5.965560000E+01 7.193530000E+00 1.153967870E-01
1.091760000E+01 5.971600000E+01 7.005990000E+00 1.135597567E-01
1.109420000E+01 5.977050000E+01 6.822710000E+00 1.117520867E-01
1.127360000E+01 5.981960000E+01 6.643620000E+00 1.099737440E-01
1.145590000E+01 5.986370000E+01 6.468680000E+00 1.082237101E-01
1.164120000E+01 5.990300000E+01 6.297810000E+00 1.065010480E-01
1.182950000E+01 5.993780000E+01 6.130960000E+00 1.048057822E-01
1.202080000E+01 5.996850000E+01 5.968050000E+00 1.031378943E-01
1.221530000E+01 5.999540000E+01 5.809030000E+00 1.014956653E-01
1.241280000E+01 6.001850000E+01 5.653840000E+00 9.988076824E-02
1.261360000E+01 6.003820000E+01 5.502390000E+00 9.829073381E-02
1.281760000E+01 6.005480000E+01 5.354630000E+00 9.672637623E-02
1.302500000E+01 6.006830000E+01 5.210490000E+00 9.518618042E-02
1.323560000E+01 6.007900000E+01 5.069910000E+00 9.367161292E-02
1.344970000E+01 6.008700000E+01 4.932810000E+00 9.218049473E-02
1.366720000E+01 6.009260000E+01 4.799120000E+00 9.071353313E-02
1.388830000E+01 6.009580000E+01 4.668790000E+00 8.926938502E-02
1.411290000E+01 6.009690000E+01 4.541730000E+00 8.784870579E-02
1.434120000E+01 6.009590000E+01 4.417900000E+00 8.645022732E-02
1.457310000E+01 6.009310000E+01 4.297220000E+00 8.507455517E-02
1.480890000E+01 6.008840000E+01 4.179620000E+00 8.371992518E-02
1.504840000E+01 6.008210000E+01 4.065050000E+00 8.238749635E-02
1.529180000E+01 6.007420000E+01 3.953430000E+00 8.107613231E-02
1.553910000E+01 6.006480000E+01 3.844700000E+00 7.978583058E-02
1.579040000E+01 6.005410000E+01 3.738800000E+00 7.851606039E-02
1.604580000E+01 6.004210000E+01 3.635660000E+00 7.726632514E-02
1.630540000E+01 6.002900000E+01 3.535230000E+00 7.603615980E-02
1.656910000E+01 6.001470000E+01 3.437440000E+00 7.482603159E-02
1.683710000E+01 5.999930000E+01 3.342240000E+00 7.363500840E-02
1.710940000E+01 5.998300000E+01 3.249560000E+00 7.246309046E-02
1.738610000E+01 5.996580000E+01 3.159340000E+00 7.130983947E-02
1.766740000E+01 5.994780000E+01 3.071530000E+00 7.017444559E-02
1.795310000E+01 5.992890000E+01 2.986070000E+00 6.905771148E-02
1.824350000E+01 5.990940000E+01 2.902900000E+00 6.795845096E-02
1.853860000E+01 5.988910000E+01 2.821970000E+00 6.687667893E-02
1.883840000E+01 5.986820000E+01 2.743230000E+00 6.581238322E-02
1.914310000E+01 5.984680000E+01 2.666620000E+00 6.476485000E-02
1.945270000E+01 5.982470000E+01 2.592090000E+00 6.373408319E-02
1.976740000E+01 5.980220000E+01 2.519590000E+00 6.271942694E-02
2.008710000E+01 5.977910000E+01 2.449070000E+00 6.172120416E-02
2.041200000E+01 5.975560000E+01 2.380480000E+00 6.073878111E-02
2.074210000E+01 5.973170000E+01 2.313770000E+00 5.977215422E-02
2.107760000E+01 5.970730000E+01 2.248890000E+00 5.882073860E-02
2.141850000E+01 5.968260000E+01 2.185800000E+00 5.788453907E-02
2.176500000E+01 5.965740000E+01 2.124460000E+00 5.696301401E-02
2.211700000E+01 5.963200000E+01 2.064810000E+00 5.605642718E-02
2.247470000E+01 5.960610000E+01 2.006810000E+00 5.516425136E-02
2.283820000E+01 5.958000000E+01 1.950430000E+00 5.428623972E-02
2.320760000E+01 5.955350000E+01 1.895620000E+00 5.342215481E-02
2.358300000E+01 5.952670000E+01 1.842330000E+00 5.257176780E-02
2.396440000E+01 5.949950000E+01 1.790530000E+00 5.173507369E-02
2.435200000E+01 5.947200000E+01 1.740190000E+00 5.091162943E-02
2.474590000E+01 5.944420000E+01 1.691250000E+00 5.010122889E-02
2.514620000E+01 5.941600000E+01 1.643690000E+00 4.930367213E-02
2.555290000E+01 5.938750000E+01 1.597470000E+00 4.851895480E-02
2.596620000E+01 5.935850000E+01 1.552550000E+00 4.774668608E-02
2.638610000E+01 5.932920000E+01 1.508890000E+00 4.698686051E-02
2.681290000E+01 5.929940000E+01 1.466470000E+00 4.623893723E-02
2.724660000E+01 5.926910000E+01 1.425250000E+00 4.550292514E-02
2.768730000E+01 5.923840000E+01 1.385200000E+00 4.477865303E-02
2.813510000E+01 5.920700000E+01 1.346290000E+00 4.406595320E-02
2.859020000E+01 5.917510000E+01 1.308480000E+00 4.336450952E-02
2.905260000E+01 5.914250000E+01 1.271750000E+00 4.267432175E-02
2.952250000E+01 5.910910000E+01 1.236060000E+00 4.199508849E-02
3.000000000E+01 5.907490000E+01 1.201390000E+00 4.132666667E-02
