# Data retrieved from henke.lbl.gov/optical_constants 03/01/2021
# Element, Ne  (Z = 10) 
# Atomic weight*, g mol-1 = 20.179 
# Nominal density*, g cm-3 =  0 
# Relativistic correction estimate f_rel(5CL)*,  e atom-1 =  0 
# Nuclear Thomson correction f_NT*, e atom-1 =  0 
#    E [keV]      f1 [e atom-1]      f2 [e atom-1]    Wavelength [nm] 
1.000000000E-02 -9.999000000E+03 4.795760000E-16 1.239800000E+02
1.016170000E-02 -9.999000000E+03 4.873330000E-16 1.220071445E+02
1.032610000E-02 -9.999000000E+03 4.952150000E-16 1.200646904E+02
1.049310000E-02 -9.999000000E+03 5.032250000E-16 1.181538344E+02
1.066280000E-02 -9.999000000E+03 5.113640000E-16 1.162733991E+02
1.083530000E-02 -9.999000000E+03 5.196350000E-16 1.144223049E+02
1.101060000E-02 -9.999000000E+03 5.280400000E-16 1.126005849E+02
1.118860000E-02 -9.999000000E+03 5.365800000E-16 1.108092165E+02
1.136960000E-02 -9.999000000E+03 5.452590000E-16 1.090451731E+02
1.155350000E-02 -9.999000000E+03 5.540780000E-16 1.073094733E+02
1.174040000E-02 -9.999000000E+03 5.630400000E-16 1.056011720E+02
1.193030000E-02 -9.999000000E+03 5.721470000E-16 1.039202702E+02
1.212320000E-02 -9.999000000E+03 5.814010000E-16 1.022667283E+02
1.231930000E-02 -9.999000000E+03 5.908050000E-16 1.006388350E+02
1.251860000E-02 -9.999000000E+03 6.003610000E-16 9.903663349E+01
1.272100000E-02 -9.999000000E+03 6.100710000E-16 9.746089144E+01
1.292680000E-02 -9.999000000E+03 6.199380000E-16 9.590927376E+01
1.313590000E-02 -9.999000000E+03 6.299650000E-16 9.438256990E+01
1.334830000E-02 -9.999000000E+03 6.401550000E-16 9.288074137E+01
1.356420000E-02 -9.999000000E+03 6.505090000E-16 9.140236800E+01
1.378360000E-02 -9.999000000E+03 6.610300000E-16 8.994747381E+01
1.400660000E-02 -9.999000000E+03 6.717220000E-16 8.851541416E+01
1.423310000E-02 -9.999000000E+03 6.825860000E-16 8.710681440E+01
1.446330000E-02 -9.999000000E+03 6.936270000E-16 8.572040959E+01
1.469730000E-02 -9.999000000E+03 7.048460000E-16 8.435562995E+01
1.493500000E-02 -9.999000000E+03 7.162460000E-16 8.301305658E+01
1.517650000E-02 -9.999000000E+03 7.278310000E-16 8.169208974E+01
1.542200000E-02 -9.999000000E+03 7.396030000E-16 8.039164829E+01
1.567140000E-02 -9.999000000E+03 7.515650000E-16 7.911226821E+01
1.592490000E-02 -9.999000000E+03 7.637210000E-16 7.785292215E+01
1.618250000E-02 -9.999000000E+03 7.760740000E-16 7.661362583E+01
1.644420000E-02 -9.999000000E+03 7.886260000E-16 7.539436397E+01
1.671020000E-02 -9.999000000E+03 8.013820000E-16 7.419420474E+01
1.698050000E-02 -9.999000000E+03 8.143430000E-16 7.301316216E+01
1.725510000E-02 -9.999000000E+03 8.275150000E-16 7.185122080E+01
1.753420000E-02 -9.999000000E+03 8.408990000E-16 7.070753157E+01
1.781780000E-02 -9.999000000E+03 8.545000000E-16 6.958210329E+01
1.810600000E-02 -9.999000000E+03 8.683210000E-16 6.847453883E+01
1.839890000E-02 -9.999000000E+03 8.823650000E-16 6.738446320E+01
1.869640000E-02 -9.999000000E+03 8.966370000E-16 6.631223123E+01
1.899880000E-02 -9.999000000E+03 9.111390000E-16 6.525675306E+01
1.930610000E-02 -9.999000000E+03 9.258760000E-16 6.421804507E+01
1.961840000E-02 -9.999000000E+03 9.408520000E-16 6.319577539E+01
1.993570000E-02 -9.999000000E+03 9.560690000E-16 6.218994066E+01
2.025820000E-02 -9.999000000E+03 9.715330000E-16 6.119990917E+01
2.058580000E-02 -9.999000000E+03 9.872470000E-16 6.022598102E+01
2.091880000E-02 -9.999000000E+03 1.003210000E-15 5.926726198E+01
2.125710000E-02 -9.999000000E+03 1.019440000E-15 5.832404232E+01
2.150000000E-02 -9.999000000E+03 1.031090000E-15 5.766511628E+01
2.170000000E-02 -9.999000000E+03 1.791390000E+00 5.713364055E+01
2.195030000E-02 -9.999000000E+03 1.956430000E+00 5.648214375E+01
2.230530000E-02 -9.999000000E+03 2.213150000E+00 5.558320220E+01
2.266610000E-02 -9.999000000E+03 2.500790000E+00 5.469842628E+01
2.303270000E-02 -9.999000000E+03 2.648890000E+00 5.382781871E+01
2.340530000E-02 -9.999000000E+03 2.786060000E+00 5.297090830E+01
2.378380000E-02 -9.999000000E+03 2.901360000E+00 5.212791900E+01
2.416850000E-02 -9.999000000E+03 3.011680000E+00 5.129817738E+01
2.455940000E-02 -9.999000000E+03 3.108170000E+00 5.048168929E+01
2.495660000E-02 -9.999000000E+03 3.200740000E+00 4.967824143E+01
2.536030000E-02 -9.999000000E+03 3.280610000E+00 4.888743430E+01
2.577050000E-02 -9.999000000E+03 3.362470000E+00 4.810927223E+01
2.618730000E-02 -9.999000000E+03 3.446380000E+00 4.734355966E+01
2.661090000E-02 -9.999000000E+03 3.516480000E+00 4.658993119E+01
2.704130000E-02 -9.999000000E+03 3.574430000E+00 4.584838747E+01
2.747860000E-02 -9.999000000E+03 3.633320000E+00 4.511874695E+01
2.792310000E-02 -9.999000000E+03 3.693190000E+00 4.440051427E+01
2.837470000E-02 -9.999000000E+03 3.725410000E+00 4.369385403E+01
2.883370000E-02 -9.999000000E+03 3.754540000E+00 4.299829713E+01
2.930000000E-02 -7.227860000E-01 3.783900000E+00 4.231399317E+01
2.977390000E-02 -6.383250000E-01 3.806670000E+00 4.164049721E+01
3.025550000E-02 -5.725760000E-01 3.807770000E+00 4.097767348E+01
3.074490000E-02 -5.471690000E-01 3.808870000E+00 4.032538730E+01
3.124210000E-02 -5.272380000E-01 3.869530000E+00 3.968363202E+01
3.174750000E-02 -4.882790000E-01 3.934030000E+00 3.905189385E+01
3.226090000E-02 -4.398850000E-01 4.000990000E+00 3.843042197E+01
3.278270000E-02 -3.856590000E-01 4.069090000E+00 3.781872756E+01
3.331300000E-02 -3.211600000E-01 4.138330000E+00 3.721670219E+01
3.385180000E-02 -2.522350000E-01 4.198450000E+00 3.662434494E+01
3.439930000E-02 -1.868910000E-01 4.254690000E+00 3.604143108E+01
3.495570000E-02 -1.226220000E-01 4.311700000E+00 3.546774918E+01
3.552110000E-02 -5.820120000E-02 4.369460000E+00 3.490319838E+01
3.609560000E-02 6.745960000E-03 4.428000000E+00 3.434767673E+01
3.667940000E-02 7.163780000E-02 4.488530000E+00 3.380098911E+01
3.727270000E-02 1.396390000E-01 4.552880000E+00 3.326295117E+01
3.787550000E-02 2.128330000E-01 4.618160000E+00 3.273356127E+01
3.848820000E-02 2.910050000E-01 4.684370000E+00 3.221247032E+01
3.911070000E-02 3.771650000E-01 4.751530000E+00 3.169976503E+01
3.974320000E-02 4.798810000E-01 4.817440000E+00 3.119527366E+01
4.038610000E-02 5.831620000E-01 4.853480000E+00 3.069868098E+01
4.103930000E-02 6.755840000E-01 4.889800000E+00 3.021006694E+01
4.170310000E-02 7.852140000E-01 4.926380000E+00 2.972920478E+01
4.237760000E-02 8.866270000E-01 4.923300000E+00 2.925602205E+01
4.306300000E-02 9.506610000E-01 4.919810000E+00 2.879037689E+01
4.375950000E-02 9.953690000E-01 4.929150000E+00 2.833213359E+01
4.446730000E-02 1.042600000E+00 4.966790000E+00 2.788116211E+01
4.518650000E-02 1.098600000E+00 5.004720000E+00 2.743739834E+01
4.591740000E-02 1.155090000E+00 5.042940000E+00 2.700065770E+01
4.666000000E-02 1.210560000E+00 5.083750000E+00 2.657093871E+01
4.741470000E-02 1.267700000E+00 5.129790000E+00 2.614800895E+01
4.818160000E-02 1.326900000E+00 5.176240000E+00 2.573181463E+01
4.896090000E-02 1.380980000E+00 5.223120000E+00 2.532224694E+01
4.975280000E-02 1.430430000E+00 5.279910000E+00 2.491920053E+01
5.055760000E-02 1.490110000E+00 5.356830000E+00 2.452252480E+01
5.137530000E-02 1.564220000E+00 5.434880000E+00 2.413221918E+01
5.220620000E-02 1.656500000E+00 5.514070000E+00 2.374813719E+01
5.305060000E-02 1.759290000E+00 5.579090000E+00 2.337014096E+01
5.390870000E-02 1.859240000E+00 5.634690000E+00 2.299814316E+01
5.478060000E-02 1.959600000E+00 5.690850000E+00 2.263209968E+01
5.566670000E-02 2.064580000E+00 5.747560000E+00 2.227184295E+01
5.656700000E-02 2.181720000E+00 5.804840000E+00 2.191737232E+01
5.748200000E-02 2.304440000E+00 5.839330000E+00 2.156849101E+01
5.841170000E-02 2.419660000E+00 5.867710000E+00 2.122519975E+01
5.935640000E-02 2.531340000E+00 5.896230000E+00 2.088738535E+01
6.031650000E-02 2.652690000E+00 5.924890000E+00 2.055490620E+01
6.129210000E-02 2.766100000E+00 5.917860000E+00 2.022772919E+01
6.228340000E-02 2.842750000E+00 5.909940000E+00 1.990578549E+01
6.329080000E-02 2.914100000E+00 5.951070000E+00 1.958894500E+01
6.431450000E-02 3.004810000E+00 5.992500000E+00 1.927714590E+01
6.535470000E-02 3.103240000E+00 6.034210000E+00 1.897032654E+01
6.641180000E-02 3.208100000E+00 6.076210000E+00 1.866836918E+01
6.748590000E-02 3.319700000E+00 6.118490000E+00 1.837124496E+01
6.857750000E-02 3.438680000E+00 6.161080000E+00 1.807881594E+01
6.968670000E-02 3.580000000E+00 6.203960000E+00 1.779105626E+01
7.081380000E-02 3.735930000E+00 6.220610000E+00 1.750788688E+01
7.195910000E-02 3.876020000E+00 6.204290000E+00 1.722923161E+01
7.312300000E-02 3.996930000E+00 6.188010000E+00 1.695499364E+01
7.430570000E-02 4.105450000E+00 6.176710000E+00 1.668512644E+01
7.550760000E-02 4.212300000E+00 6.174970000E+00 1.641953923E+01
7.672890000E-02 4.323320000E+00 6.173230000E+00 1.615818811E+01
7.796990000E-02 4.434490000E+00 6.171490000E+00 1.590100795E+01
7.923100000E-02 4.546430000E+00 6.169510000E+00 1.564791559E+01
8.051250000E-02 4.659300000E+00 6.167290000E+00 1.539885111E+01
8.181470000E-02 4.773630000E+00 6.165070000E+00 1.515375599E+01
8.313800000E-02 4.890470000E+00 6.162860000E+00 1.491255503E+01
8.448270000E-02 5.011500000E+00 6.160650000E+00 1.467519386E+01
8.584910000E-02 5.143350000E+00 6.158430000E+00 1.444161907E+01
8.723770000E-02 5.279230000E+00 6.131900000E+00 1.421174561E+01
8.864870000E-02 5.403930000E+00 6.099590000E+00 1.398554068E+01
9.008250000E-02 5.521260000E+00 6.067450000E+00 1.376293953E+01
9.153950000E-02 5.635790000E+00 6.035480000E+00 1.354387996E+01
9.302010000E-02 5.748410000E+00 6.003670000E+00 1.332830216E+01
9.452460000E-02 5.860020000E+00 5.972040000E+00 1.311616235E+01
9.605350000E-02 5.967540000E+00 5.940570000E+00 1.290739015E+01
9.760710000E-02 6.071020000E+00 5.916400000E+00 1.270194484E+01
9.918580000E-02 6.210260000E+00 5.915860000E+00 1.249977315E+01
1.007900000E-01 6.362390000E+00 5.860220000E+00 1.230082349E+01
1.024200000E-01 6.490050000E+00 5.805110000E+00 1.210505761E+01
1.040770000E-01 6.623350000E+00 5.745330000E+00 1.191233414E+01
1.057600000E-01 6.748510000E+00 5.660450000E+00 1.172276853E+01
1.074710000E-01 6.856690000E+00 5.576810000E+00 1.153613533E+01
1.092090000E-01 6.956370000E+00 5.494420000E+00 1.135254420E+01
1.109750000E-01 7.049900000E+00 5.413240000E+00 1.117188556E+01
1.127700000E-01 7.138700000E+00 5.333260000E+00 1.099405870E+01
1.145940000E-01 7.224060000E+00 5.254460000E+00 1.081906557E+01
1.164480000E-01 7.308220000E+00 5.175220000E+00 1.064681231E+01
1.183310000E-01 7.388000000E+00 5.092170000E+00 1.047738970E+01
1.202450000E-01 7.461060000E+00 5.010450000E+00 1.031061583E+01
1.221900000E-01 7.530530000E+00 4.930050000E+00 1.014649317E+01
1.241660000E-01 7.596790000E+00 4.850930000E+00 9.985020054E+00
1.261750000E-01 7.660340000E+00 4.773090000E+00 9.826035268E+00
1.282150000E-01 7.721640000E+00 4.696480000E+00 9.669695433E+00
1.302890000E-01 7.781030000E+00 4.621120000E+00 9.515768791E+00
1.323970000E-01 7.842460000E+00 4.546970000E+00 9.364260519E+00
1.345380000E-01 7.901680000E+00 4.466060000E+00 9.215240304E+00
1.367140000E-01 7.953190000E+00 4.386200000E+00 9.068566496E+00
1.389250000E-01 8.001520000E+00 4.307770000E+00 8.924239698E+00
1.411720000E-01 8.046850000E+00 4.230740000E+00 8.782194770E+00
1.434560000E-01 8.089510000E+00 4.155090000E+00 8.642371180E+00
1.457760000E-01 8.129710000E+00 4.080790000E+00 8.504829327E+00
1.481340000E-01 8.167540000E+00 4.007820000E+00 8.369449282E+00
1.505300000E-01 8.203010000E+00 3.936150000E+00 8.236231980E+00
1.529640000E-01 8.236120000E+00 3.865770000E+00 8.105175074E+00
1.554390000E-01 8.263300000E+00 3.796640000E+00 7.976119249E+00
1.579530000E-01 8.287810000E+00 3.736190000E+00 7.849170323E+00
1.605070000E-01 8.317140000E+00 3.682120000E+00 7.724273708E+00
1.631030000E-01 8.350150000E+00 3.628820000E+00 7.601331674E+00
1.657420000E-01 8.385880000E+00 3.576300000E+00 7.480300708E+00
1.684220000E-01 8.424880000E+00 3.524530000E+00 7.361271093E+00
1.711460000E-01 8.469180000E+00 3.473520000E+00 7.244107370E+00
1.739150000E-01 8.527090000E+00 3.423240000E+00 7.128769801E+00
1.767270000E-01 8.605660000E+00 3.339710000E+00 7.015340044E+00
1.795860000E-01 8.632730000E+00 3.187370000E+00 6.903656187E+00
1.824910000E-01 8.609650000E+00 3.128930000E+00 6.793759692E+00
1.854420000E-01 8.617130000E+00 3.069890000E+00 6.685648343E+00
1.884420000E-01 8.628450000E+00 3.011630000E+00 6.579212702E+00
1.914890000E-01 8.641030000E+00 2.954260000E+00 6.474523341E+00
1.945870000E-01 8.653960000E+00 2.898680000E+00 6.371443108E+00
1.977340000E-01 8.667440000E+00 2.844340000E+00 6.270039548E+00
2.009320000E-01 8.681320000E+00 2.791150000E+00 6.170246651E+00
2.041820000E-01 8.695650000E+00 2.739040000E+00 6.072033774E+00
2.074850000E-01 8.710770000E+00 2.687880000E+00 5.975371714E+00
2.108400000E-01 8.728220000E+00 2.637650000E+00 5.880288370E+00
2.142510000E-01 8.746350000E+00 2.581580000E+00 5.786670774E+00
2.177160000E-01 8.760640000E+00 2.525300000E+00 5.694574583E+00
2.212370000E-01 8.772230000E+00 2.469160000E+00 5.603945091E+00
2.248160000E-01 8.781740000E+00 2.414300000E+00 5.514732048E+00
2.284520000E-01 8.789790000E+00 2.360650000E+00 5.426960587E+00
2.321470000E-01 8.796610000E+00 2.308190000E+00 5.340581614E+00
2.359020000E-01 8.802350000E+00 2.256860000E+00 5.255572229E+00
2.397170000E-01 8.807150000E+00 2.206690000E+00 5.171931903E+00
2.435950000E-01 8.811110000E+00 2.157650000E+00 5.089595435E+00
2.475350000E-01 8.814360000E+00 2.109720000E+00 5.008584645E+00
2.515380000E-01 8.816970000E+00 2.062820000E+00 4.928877545E+00
2.556070000E-01 8.818960000E+00 2.016940000E+00 4.850414895E+00
2.597410000E-01 8.820460000E+00 1.972180000E+00 4.773216396E+00
2.639420000E-01 8.821640000E+00 1.928360000E+00 4.697244092E+00
2.682110000E-01 8.822490000E+00 1.885430000E+00 4.622480062E+00
2.725490000E-01 8.823460000E+00 1.843580000E+00 4.548906802E+00
2.769570000E-01 8.824930000E+00 1.801420000E+00 4.476507183E+00
2.814370000E-01 8.825520000E+00 1.758650000E+00 4.405248777E+00
2.859890000E-01 8.824470000E+00 1.716100000E+00 4.335131771E+00
2.906150000E-01 8.822170000E+00 1.674440000E+00 4.266125286E+00
2.953150000E-01 8.818860000E+00 1.633730000E+00 4.198229010E+00
3.000920000E-01 8.814760000E+00 1.594050000E+00 4.131399704E+00
3.049450000E-01 8.810010000E+00 1.555350000E+00 4.065651183E+00
3.098780000E-01 8.804680000E+00 1.517610000E+00 4.000929398E+00
3.148900000E-01 8.798800000E+00 1.480710000E+00 3.937247928E+00
3.199830000E-01 8.792380000E+00 1.444710000E+00 3.874580837E+00
3.251580000E-01 8.785490000E+00 1.409620000E+00 3.812915567E+00
3.304180000E-01 8.778170000E+00 1.375370000E+00 3.752216889E+00
3.357620000E-01 8.770430000E+00 1.341950000E+00 3.692496471E+00
3.411920000E-01 8.762320000E+00 1.309360000E+00 3.633731154E+00
3.467110000E-01 8.753850000E+00 1.277550000E+00 3.575888853E+00
3.523190000E-01 8.745050000E+00 1.246510000E+00 3.518970024E+00
3.580170000E-01 8.735940000E+00 1.216230000E+00 3.462964049E+00
3.638080000E-01 8.726560000E+00 1.186690000E+00 3.407841499E+00
3.696920000E-01 8.716940000E+00 1.157860000E+00 3.353602458E+00
3.756720000E-01 8.707150000E+00 1.129730000E+00 3.300219340E+00
3.817480000E-01 8.697610000E+00 1.102290000E+00 3.247692195E+00
3.879220000E-01 8.688240000E+00 1.074770000E+00 3.196003320E+00
3.941970000E-01 8.677880000E+00 1.046350000E+00 3.145127944E+00
4.005730000E-01 8.666210000E+00 1.018860000E+00 3.095066318E+00
4.070520000E-01 8.653900000E+00 9.921610000E-01 3.045802502E+00
4.136350000E-01 8.641000000E+00 9.661610000E-01 2.997328563E+00
4.203260000E-01 8.627550000E+00 9.408390000E-01 2.949615299E+00
4.271240000E-01 8.613570000E+00 9.161810000E-01 2.902669951E+00
4.340320000E-01 8.599080000E+00 8.921720000E-01 2.856471412E+00
4.410520000E-01 8.584100000E+00 8.687920000E-01 2.811006412E+00
4.481860000E-01 8.568660000E+00 8.460040000E-01 2.766262221E+00
4.554350000E-01 8.552700000E+00 8.237120000E-01 2.722232591E+00
4.628020000E-01 8.536150000E+00 8.019530000E-01 2.678899400E+00
4.702870000E-01 8.518990000E+00 7.807390000E-01 2.636262538E+00
4.778940000E-01 8.501220000E+00 7.600820000E-01 2.594299154E+00
4.856230000E-01 8.482820000E+00 7.399730000E-01 2.553009227E+00
4.934780000E-01 8.463770000E+00 7.203960000E-01 2.512371372E+00
5.014590000E-01 8.444040000E+00 7.013360000E-01 2.472385579E+00
5.095700000E-01 8.423590000E+00 6.827890000E-01 2.433031772E+00
5.178120000E-01 8.402390000E+00 6.647400000E-01 2.394305269E+00
5.261870000E-01 8.380370000E+00 6.471770000E-01 2.356196561E+00
5.346980000E-01 8.357500000E+00 6.301290000E-01 2.318692047E+00
5.433460000E-01 8.333780000E+00 6.135500000E-01 2.281787296E+00
5.521340000E-01 8.309140000E+00 5.973920000E-01 2.245469397E+00
5.610650000E-01 8.283430000E+00 5.814460000E-01 2.209726146E+00
5.701390000E-01 8.256340000E+00 5.658690000E-01 2.174557432E+00
5.793610000E-01 8.227850000E+00 5.509890000E-01 2.139943835E+00
5.887320000E-01 8.198100000E+00 5.365900000E-01 2.105881793E+00
5.982540000E-01 8.166940000E+00 5.226230000E-01 2.072363912E+00
6.079300000E-01 8.134190000E+00 5.090220000E-01 2.039379534E+00
6.177630000E-01 8.099710000E+00 4.957820000E-01 2.006918511E+00
6.277550000E-01 8.063330000E+00 4.828580000E-01 1.974974313E+00
6.379080000E-01 8.024900000E+00 4.698660000E-01 1.943540448E+00
6.482260000E-01 7.983690000E+00 4.566870000E-01 1.912604555E+00
6.587110000E-01 7.938860000E+00 4.435320000E-01 1.882160765E+00
6.693650000E-01 7.889930000E+00 4.307570000E-01 1.852203208E+00
6.801910000E-01 7.836510000E+00 4.195640000E-01 1.822723323E+00
6.911930000E-01 7.779320000E+00 4.095970000E-01 1.793710295E+00
7.023720000E-01 7.718130000E+00 4.001850000E-01 1.765161481E+00
7.137330000E-01 7.651520000E+00 3.904530000E-01 1.737064140E+00
7.252770000E-01 7.577660000E+00 3.805950000E-01 1.709415851E+00
7.370080000E-01 7.495210000E+00 3.709630000E-01 1.682206977E+00
7.489280000E-01 7.402310000E+00 3.615910000E-01 1.655432832E+00
7.610420000E-01 7.296470000E+00 3.524600000E-01 1.629082232E+00
7.733510000E-01 7.174150000E+00 3.434810000E-01 1.603153031E+00
7.858590000E-01 7.030000000E+00 3.344900000E-01 1.577636701E+00
7.985700000E-01 6.855730000E+00 3.255380000E-01 1.552525139E+00
8.114860000E-01 6.638200000E+00 3.168260000E-01 1.527814405E+00
8.246110000E-01 6.353580000E+00 3.083460000E-01 1.503496800E+00
8.379490000E-01 5.951550000E+00 3.000940000E-01 1.479564985E+00
8.515020000E-01 5.293510000E+00 2.920630000E-01 1.456015370E+00
8.652740000E-01 3.597080000E+00 2.842480000E-01 1.432840927E+00
8.701000000E-01 -1.597860000E+00 2.815880000E-01 1.424893690E+00
8.703000000E-01 -1.593680000E+00 4.511610000E+00 1.424566242E+00
8.792690000E-01 4.560450000E+00 4.444490000E+00 1.410034927E+00
8.934910000E-01 5.914620000E+00 4.341460000E+00 1.387590921E+00
9.079430000E-01 6.626760000E+00 4.240780000E+00 1.365504222E+00
9.226280000E-01 7.118040000E+00 4.142400000E+00 1.343770187E+00
9.375510000E-01 7.494450000E+00 4.046320000E+00 1.322381396E+00
9.527150000E-01 7.799600000E+00 3.952470000E+00 1.301333557E+00
9.681240000E-01 8.055960000E+00 3.860780000E+00 1.280621077E+00
9.837830000E-01 8.276870000E+00 3.771220000E+00 1.260237268E+00
9.996950000E-01 8.471210000E+00 3.683100000E+00 1.240178254E+00
1.015860000E+00 8.644760000E+00 3.596370000E+00 1.220443762E+00
1.032290000E+00 8.799820000E+00 3.505830000E+00 1.201019093E+00
1.048990000E+00 8.936320000E+00 3.417810000E+00 1.181898779E+00
1.065960000E+00 9.058900000E+00 3.332310000E+00 1.163083043E+00
1.083200000E+00 9.169780000E+00 3.248960000E+00 1.144571640E+00
1.100720000E+00 9.270540000E+00 3.167690000E+00 1.126353659E+00
1.118520000E+00 9.362450000E+00 3.088430000E+00 1.108428995E+00
1.136610000E+00 9.446550000E+00 3.011190000E+00 1.090787517E+00
1.155000000E+00 9.523750000E+00 2.935870000E+00 1.073419913E+00
1.173680000E+00 9.594780000E+00 2.862430000E+00 1.056335628E+00
1.192660000E+00 9.660280000E+00 2.790830000E+00 1.039525095E+00
1.211950000E+00 9.720840000E+00 2.721020000E+00 1.022979496E+00
1.231550000E+00 9.776990000E+00 2.652950000E+00 1.006698875E+00
1.251470000E+00 9.829240000E+00 2.586240000E+00 9.906749662E-01
1.271720000E+00 9.877610000E+00 2.520880000E+00 9.749001352E-01
1.292290000E+00 9.922230000E+00 2.456790000E+00 9.593821820E-01
1.313190000E+00 9.963380000E+00 2.394280000E+00 9.441131900E-01
1.334430000E+00 1.000140000E+01 2.333370000E+00 9.290858269E-01
1.356010000E+00 1.003660000E+01 2.274030000E+00 9.143000420E-01
1.377940000E+00 1.006930000E+01 2.216180000E+00 8.997489005E-01
1.400230000E+00 1.009970000E+01 2.159800000E+00 8.854259657E-01
1.422880000E+00 1.012790000E+01 2.104840000E+00 8.713313842E-01
1.445890000E+00 1.015430000E+01 2.051280000E+00 8.574649524E-01
1.469280000E+00 1.017900000E+01 1.998900000E+00 8.438146575E-01
1.493040000E+00 1.020230000E+01 1.947580000E+00 8.303863259E-01
1.517190000E+00 1.022400000E+01 1.896390000E+00 8.171685814E-01
1.541730000E+00 1.024320000E+01 1.846370000E+00 8.041615588E-01
1.566670000E+00 1.026070000E+01 1.797660000E+00 7.913600184E-01
1.592010000E+00 1.027670000E+01 1.750220000E+00 7.787639525E-01
1.617760000E+00 1.029120000E+01 1.704050000E+00 7.663683117E-01
1.643920000E+00 1.030450000E+01 1.659120000E+00 7.541729525E-01
1.670510000E+00 1.031670000E+01 1.615350000E+00 7.421685593E-01
1.697530000E+00 1.032780000E+01 1.572730000E+00 7.303552809E-01
1.724990000E+00 1.033830000E+01 1.531240000E+00 7.187288042E-01
1.752890000E+00 1.034800000E+01 1.490170000E+00 7.072891054E-01
1.781240000E+00 1.035630000E+01 1.449960000E+00 6.960319777E-01
1.810050000E+00 1.036360000E+01 1.410600000E+00 6.849534543E-01
1.839320000E+00 1.036990000E+01 1.372350000E+00 6.740534545E-01
1.869070000E+00 1.037530000E+01 1.335130000E+00 6.633245411E-01
1.899300000E+00 1.038000000E+01 1.298920000E+00 6.527668088E-01
1.930020000E+00 1.038400000E+01 1.263710000E+00 6.423767629E-01
1.961240000E+00 1.038740000E+01 1.229440000E+00 6.321510881E-01
1.992960000E+00 1.039010000E+01 1.196080000E+00 6.220897559E-01
2.025200000E+00 1.039260000E+01 1.164100000E+00 6.121864507E-01
2.057950000E+00 1.039500000E+01 1.132180000E+00 6.024441799E-01
2.091240000E+00 1.039640000E+01 1.100970000E+00 5.928540005E-01
2.125060000E+00 1.039730000E+01 1.070620000E+00 5.834188211E-01
2.159430000E+00 1.039780000E+01 1.041100000E+00 5.741329888E-01
2.194360000E+00 1.039790000E+01 1.012230000E+00 5.649938934E-01
2.229850000E+00 1.039760000E+01 9.841360000E-01 5.560015248E-01
2.265920000E+00 1.039690000E+01 9.567700000E-01 5.471508262E-01
2.302570000E+00 1.039580000E+01 9.301030000E-01 5.384418280E-01
2.339810000E+00 1.039440000E+01 9.041270000E-01 5.298720836E-01
2.377660000E+00 1.039270000E+01 8.788250000E-01 5.214370431E-01
2.416110000E+00 1.039070000E+01 8.541880000E-01 5.131388885E-01
2.455190000E+00 1.038850000E+01 8.301870000E-01 5.049711020E-01
2.494900000E+00 1.038600000E+01 8.068170000E-01 4.969337448E-01
2.535260000E+00 1.038330000E+01 7.840610000E-01 4.890228221E-01
2.576260000E+00 1.038040000E+01 7.619010000E-01 4.812402475E-01
2.617930000E+00 1.037740000E+01 7.403210000E-01 4.735802714E-01
2.660270000E+00 1.037410000E+01 7.193200000E-01 4.660429205E-01
2.703300000E+00 1.037070000E+01 6.988700000E-01 4.586246440E-01
2.747030000E+00 1.036710000E+01 6.789650000E-01 4.513237933E-01
2.791460000E+00 1.036340000E+01 6.595890000E-01 4.441403423E-01
2.836610000E+00 1.035960000E+01 6.407260000E-01 4.370710108E-01
2.882490000E+00 1.035570000E+01 6.223780000E-01 4.301142415E-01
2.929110000E+00 1.035160000E+01 6.045040000E-01 4.232685014E-01
2.976480000E+00 1.034750000E+01 5.871150000E-01 4.165322797E-01
3.024630000E+00 1.034330000E+01 5.701930000E-01 4.099013764E-01
3.073550000E+00 1.033900000E+01 5.537280000E-01 4.033772023E-01
3.123260000E+00 1.033470000E+01 5.377030000E-01 3.969570257E-01
3.173780000E+00 1.033030000E+01 5.221160000E-01 3.906382925E-01
3.225110000E+00 1.032590000E+01 5.069560000E-01 3.844209965E-01
3.277270000E+00 1.032140000E+01 4.921960000E-01 3.783026727E-01
3.330280000E+00 1.031690000E+01 4.778240000E-01 3.722810094E-01
3.384150000E+00 1.031240000E+01 4.638610000E-01 3.663549193E-01
3.438880000E+00 1.030780000E+01 4.502680000E-01 3.605243568E-01
3.494500000E+00 1.030320000E+01 4.370390000E-01 3.547860924E-01
3.551020000E+00 1.029860000E+01 4.241800000E-01 3.491391206E-01
3.608460000E+00 1.029400000E+01 4.116600000E-01 3.435814724E-01
3.666820000E+00 1.028940000E+01 3.994950000E-01 3.381131335E-01
3.726130000E+00 1.028480000E+01 3.876460000E-01 3.327312788E-01
3.786400000E+00 1.028020000E+01 3.761360000E-01 3.274350306E-01
3.847640000E+00 1.027560000E+01 3.649290000E-01 3.222234928E-01
3.909870000E+00 1.027110000E+01 3.540380000E-01 3.170949418E-01
3.973110000E+00 1.026650000E+01 3.434340000E-01 3.120477409E-01
4.037380000E+00 1.026200000E+01 3.330680000E-01 3.070803343E-01
4.102680000E+00 1.025740000E+01 3.230580000E-01 3.021927131E-01
4.169030000E+00 1.025290000E+01 3.133210000E-01 2.973833242E-01
4.236460000E+00 1.024830000E+01 3.038510000E-01 2.926499955E-01
4.304980000E+00 1.024390000E+01 2.946630000E-01 2.879920464E-01
4.374620000E+00 1.023940000E+01 2.857290000E-01 2.834074731E-01
4.445370000E+00 1.023500000E+01 2.770400000E-01 2.788969197E-01
4.517270000E+00 1.023060000E+01 2.686030000E-01 2.744578031E-01
4.590330000E+00 1.022630000E+01 2.604040000E-01 2.700895143E-01
4.664580000E+00 1.022200000E+01 2.524550000E-01 2.657902748E-01
4.740030000E+00 1.021770000E+01 2.447120000E-01 2.615595260E-01
4.816690000E+00 1.021350000E+01 2.372080000E-01 2.573966770E-01
4.894600000E+00 1.020930000E+01 2.299200000E-01 2.532995546E-01
4.973770000E+00 1.020520000E+01 2.228380000E-01 2.492676581E-01
5.054210000E+00 1.020110000E+01 2.159630000E-01 2.453004525E-01
5.135960000E+00 1.019700000E+01 2.092890000E-01 2.413959610E-01
5.219030000E+00 1.019300000E+01 2.028090000E-01 2.375537217E-01
5.303440000E+00 1.018910000E+01 1.965190000E-01 2.337727965E-01
5.389220000E+00 1.018520000E+01 1.904120000E-01 2.300518442E-01
5.476390000E+00 1.018130000E+01 1.844850000E-01 2.263900124E-01
5.564970000E+00 1.017750000E+01 1.787350000E-01 2.227864661E-01
5.654980000E+00 1.017380000E+01 1.731510000E-01 2.192403863E-01
5.746440000E+00 1.017010000E+01 1.677350000E-01 2.157509693E-01
5.839390000E+00 1.016640000E+01 1.624780000E-01 2.123166975E-01
5.933830000E+00 1.016280000E+01 1.573790000E-01 2.089375665E-01
6.029810000E+00 1.015930000E+01 1.524310000E-01 2.056117854E-01
6.127330000E+00 1.015580000E+01 1.476320000E-01 2.023393550E-01
6.226440000E+00 1.015240000E+01 1.429740000E-01 1.991185975E-01
6.327150000E+00 1.014900000E+01 1.384570000E-01 1.959492030E-01
6.429480000E+00 1.014570000E+01 1.340770000E-01 1.928305244E-01
6.533480000E+00 1.014240000E+01 1.298270000E-01 1.897610462E-01
6.639150000E+00 1.013920000E+01 1.257060000E-01 1.867407725E-01
6.746540000E+00 1.013600000E+01 1.217090000E-01 1.837682723E-01
6.855650000E+00 1.013290000E+01 1.178340000E-01 1.808435378E-01
6.966540000E+00 1.012980000E+01 1.140740000E-01 1.779649582E-01
7.079220000E+00 1.012680000E+01 1.104310000E-01 1.751322886E-01
7.193720000E+00 1.012390000E+01 1.068980000E-01 1.723447674E-01
7.310070000E+00 1.012100000E+01 1.034740000E-01 1.696016591E-01
7.428310000E+00 1.011810000E+01 1.001540000E-01 1.669020275E-01
7.548450000E+00 1.011530000E+01 9.693500000E-02 1.642456398E-01
7.670540000E+00 1.011260000E+01 9.381400000E-02 1.616313845E-01
7.794610000E+00 1.010990000E+01 9.079080000E-02 1.590586315E-01
7.920680000E+00 1.010720000E+01 8.785840000E-02 1.565269649E-01
8.048790000E+00 1.010460000E+01 8.501800000E-02 1.540355755E-01
8.178980000E+00 1.010210000E+01 8.226560000E-02 1.515836938E-01
8.311260000E+00 1.009960000E+01 7.959850000E-02 1.491711245E-01
8.445690000E+00 1.009710000E+01 7.701350000E-02 1.467967685E-01
8.582290000E+00 1.009470000E+01 7.450800000E-02 1.444602781E-01
8.721110000E+00 1.009230000E+01 7.208250000E-02 1.421608029E-01
8.862160000E+00 1.009000000E+01 6.973220000E-02 1.398981738E-01
9.005500000E+00 1.008780000E+01 6.745510000E-02 1.376714230E-01
9.151160000E+00 1.008550000E+01 6.524580000E-02 1.354800921E-01
9.299170000E+00 1.008340000E+01 6.310960000E-02 1.333237267E-01
9.449580000E+00 1.008120000E+01 6.103920000E-02 1.312015984E-01
9.602420000E+00 1.007910000E+01 5.903240000E-02 1.291132860E-01
9.757730000E+00 1.007710000E+01 5.709070000E-02 1.270582400E-01
9.915550000E+00 1.007510000E+01 5.521070000E-02 1.250359284E-01
1.007590000E+01 1.007310000E+01 5.338910000E-02 1.230460803E-01
1.023890000E+01 1.007120000E+01 5.162510000E-02 1.210872262E-01
1.040450000E+01 1.006930000E+01 4.991690000E-02 1.191599789E-01
1.057280000E+01 1.006750000E+01 4.826300000E-02 1.172631659E-01
1.074380000E+01 1.006570000E+01 4.666160000E-02 1.153967870E-01
1.091760000E+01 1.006390000E+01 4.511120000E-02 1.135597567E-01
1.109420000E+01 1.006220000E+01 4.361030000E-02 1.117520867E-01
1.127360000E+01 1.006050000E+01 4.215720000E-02 1.099737440E-01
1.145590000E+01 1.005880000E+01 4.075070000E-02 1.082237101E-01
1.164120000E+01 1.005720000E+01 3.938930000E-02 1.065010480E-01
1.182950000E+01 1.005560000E+01 3.807150000E-02 1.048057822E-01
1.202080000E+01 1.005410000E+01 3.679610000E-02 1.031378943E-01
1.221530000E+01 1.005260000E+01 3.556170000E-02 1.014956653E-01
1.241280000E+01 1.005110000E+01 3.436720000E-02 9.988076824E-02
1.261360000E+01 1.004960000E+01 3.321130000E-02 9.829073381E-02
1.281760000E+01 1.004820000E+01 3.209280000E-02 9.672637623E-02
1.302500000E+01 1.004680000E+01 3.101050000E-02 9.518618042E-02
1.323560000E+01 1.004550000E+01 2.996340000E-02 9.367161292E-02
1.344970000E+01 1.004420000E+01 2.895040000E-02 9.218049473E-02
1.366720000E+01 1.004290000E+01 2.797030000E-02 9.071353313E-02
1.388830000E+01 1.004160000E+01 2.702230000E-02 8.926938502E-02
1.411290000E+01 1.004040000E+01 2.610520000E-02 8.784870579E-02
1.434120000E+01 1.003920000E+01 2.521820000E-02 8.645022732E-02
1.457310000E+01 1.003800000E+01 2.436030000E-02 8.507455517E-02
1.480890000E+01 1.003690000E+01 2.353060000E-02 8.371992518E-02
1.504840000E+01 1.003570000E+01 2.272820000E-02 8.238749635E-02
1.529180000E+01 1.003460000E+01 2.195220000E-02 8.107613231E-02
1.553910000E+01 1.003360000E+01 2.120200000E-02 7.978583058E-02
1.579040000E+01 1.003250000E+01 2.047650000E-02 7.851606039E-02
1.604580000E+01 1.003150000E+01 1.977510000E-02 7.726632514E-02
1.630540000E+01 1.003050000E+01 1.909700000E-02 7.603615980E-02
1.656910000E+01 1.002950000E+01 1.844150000E-02 7.482603159E-02
1.683710000E+01 1.002860000E+01 1.780780000E-02 7.363500840E-02
1.710940000E+01 1.002770000E+01 1.719530000E-02 7.246309046E-02
1.738610000E+01 1.002680000E+01 1.660340000E-02 7.130983947E-02
1.766740000E+01 1.002590000E+01 1.603120000E-02 7.017444559E-02
1.795310000E+01 1.002500000E+01 1.547840000E-02 6.905771148E-02
1.824350000E+01 1.002420000E+01 1.494410000E-02 6.795845096E-02
1.853860000E+01 1.002340000E+01 1.442790000E-02 6.687667893E-02
1.883840000E+01 1.002260000E+01 1.392910000E-02 6.581238322E-02
1.914310000E+01 1.002180000E+01 1.344720000E-02 6.476485000E-02
1.945270000E+01 1.002100000E+01 1.298170000E-02 6.373408319E-02
1.976740000E+01 1.002030000E+01 1.253200000E-02 6.271942694E-02
2.008710000E+01 1.001950000E+01 1.210050000E-02 6.172120416E-02
2.041200000E+01 1.001880000E+01 1.168110000E-02 6.073878111E-02
2.074210000E+01 1.001820000E+01 1.127630000E-02 5.977215422E-02
2.107760000E+01 1.001750000E+01 1.088550000E-02 5.882073860E-02
2.141850000E+01 1.001680000E+01 1.050830000E-02 5.788453907E-02
2.176500000E+01 1.001620000E+01 1.014420000E-02 5.696301401E-02
2.211700000E+01 1.001560000E+01 9.792700000E-03 5.605642718E-02
2.247470000E+01 1.001500000E+01 9.453380000E-03 5.516425136E-02
2.283820000E+01 1.001440000E+01 9.125810000E-03 5.428623972E-02
2.320760000E+01 1.001380000E+01 8.809580000E-03 5.342215481E-02
2.358300000E+01 1.001320000E+01 8.504280000E-03 5.257176780E-02
2.396440000E+01 1.001270000E+01 8.209560000E-03 5.173507369E-02
2.435200000E+01 1.001220000E+01 7.925010000E-03 5.091162943E-02
2.474590000E+01 1.001170000E+01 7.650310000E-03 5.010122889E-02
2.514620000E+01 1.001120000E+01 7.385080000E-03 4.930367213E-02
2.555290000E+01 1.001070000E+01 7.129030000E-03 4.851895480E-02
2.596620000E+01 1.001020000E+01 6.881810000E-03 4.774668608E-02
2.638610000E+01 1.000970000E+01 6.643110000E-03 4.698686051E-02
2.681290000E+01 1.000930000E+01 6.412660000E-03 4.623893723E-02
2.724660000E+01 1.000880000E+01 6.190140000E-03 4.550292514E-02
2.768730000E+01 1.000840000E+01 5.975310000E-03 4.477865303E-02
2.813510000E+01 1.000800000E+01 5.767870000E-03 4.406595320E-02
2.859020000E+01 1.000760000E+01 5.567590000E-03 4.336450952E-02
2.905260000E+01 1.000720000E+01 5.374200000E-03 4.267432175E-02
2.952250000E+01 1.000680000E+01 5.187480000E-03 4.199508849E-02
3.000000000E+01 1.000640000E+01 5.007180000E-03 4.132666667E-02
