# Data retrieved from henke.lbl.gov/optical_constants 03/01/2021
# Element, Os  (Z = 76) 
# Atomic weight*, g mol-1 = 190.2 
# Nominal density*, g cm-3 =  0 
# Relativistic correction estimate f_rel(5CL)*,  e atom-1 =  0 
# Nuclear Thomson correction f_NT*, e atom-1 =  0 
#    E [keV]      f1 [e atom-1]      f2 [e atom-1]    Wavelength [nm] 
1.000000000E-02 -9.999000000E+03 1.881170000E+00 1.239800000E+02
1.016170000E-02 -9.999000000E+03 1.937890000E+00 1.220071445E+02
1.032610000E-02 -9.999000000E+03 1.996320000E+00 1.200646904E+02
1.049310000E-02 -9.999000000E+03 2.056520000E+00 1.181538344E+02
1.066280000E-02 -9.999000000E+03 2.130320000E+00 1.162733991E+02
1.083530000E-02 -9.999000000E+03 2.208120000E+00 1.144223049E+02
1.101060000E-02 -9.999000000E+03 2.288770000E+00 1.126005849E+02
1.118860000E-02 -9.999000000E+03 2.372370000E+00 1.108092165E+02
1.136960000E-02 -9.999000000E+03 2.457960000E+00 1.090451731E+02
1.155350000E-02 -9.999000000E+03 2.537550000E+00 1.073094733E+02
1.174040000E-02 -9.999000000E+03 2.619720000E+00 1.056011720E+02
1.193030000E-02 -9.999000000E+03 2.704550000E+00 1.039202702E+02
1.212320000E-02 -9.999000000E+03 2.792650000E+00 1.022667283E+02
1.231930000E-02 -9.999000000E+03 2.887640000E+00 1.006388350E+02
1.251860000E-02 -9.999000000E+03 2.985860000E+00 9.903663349E+01
1.272100000E-02 -9.999000000E+03 3.087420000E+00 9.746089144E+01
1.292680000E-02 -9.999000000E+03 3.189380000E+00 9.590927376E+01
1.313590000E-02 -9.999000000E+03 3.273520000E+00 9.438256990E+01
1.334830000E-02 -9.999000000E+03 3.359890000E+00 9.288074137E+01
1.356420000E-02 -9.999000000E+03 3.448540000E+00 9.140236800E+01
1.378360000E-02 -9.999000000E+03 3.539520000E+00 8.994747381E+01
1.400660000E-02 -9.999000000E+03 3.632910000E+00 8.851541416E+01
1.423310000E-02 -9.999000000E+03 3.728760000E+00 8.710681440E+01
1.446330000E-02 -9.999000000E+03 3.858030000E+00 8.572040959E+01
1.469730000E-02 -9.999000000E+03 3.996050000E+00 8.435562995E+01
1.493500000E-02 -9.999000000E+03 4.139020000E+00 8.301305658E+01
1.517650000E-02 -9.999000000E+03 4.287090000E+00 8.169208974E+01
1.542200000E-02 -9.999000000E+03 4.440470000E+00 8.039164829E+01
1.567140000E-02 -9.999000000E+03 4.599330000E+00 7.911226821E+01
1.592490000E-02 -9.999000000E+03 4.746830000E+00 7.785292215E+01
1.618250000E-02 -9.999000000E+03 4.885830000E+00 7.661362583E+01
1.644420000E-02 -9.999000000E+03 5.028900000E+00 7.539436397E+01
1.671020000E-02 -9.999000000E+03 5.176150000E+00 7.419420474E+01
1.698050000E-02 -9.999000000E+03 5.327710000E+00 7.301316216E+01
1.725510000E-02 -9.999000000E+03 5.483720000E+00 7.185122080E+01
1.753420000E-02 -9.999000000E+03 5.649810000E+00 7.070753157E+01
1.781780000E-02 -9.999000000E+03 5.823420000E+00 6.958210329E+01
1.810600000E-02 -9.999000000E+03 6.002380000E+00 6.847453883E+01
1.839890000E-02 -9.999000000E+03 6.186830000E+00 6.738446320E+01
1.869640000E-02 -9.999000000E+03 6.376960000E+00 6.631223123E+01
1.899880000E-02 -9.999000000E+03 6.572920000E+00 6.525675306E+01
1.930610000E-02 -9.999000000E+03 6.772400000E+00 6.421804507E+01
1.961840000E-02 -9.999000000E+03 6.931160000E+00 6.319577539E+01
1.993570000E-02 -9.999000000E+03 7.093640000E+00 6.218994066E+01
2.025820000E-02 -9.999000000E+03 7.259930000E+00 6.119990917E+01
2.058580000E-02 -9.999000000E+03 7.430120000E+00 6.022598102E+01
2.091880000E-02 -9.999000000E+03 7.604290000E+00 5.926726198E+01
2.125710000E-02 -9.999000000E+03 7.782550000E+00 5.832404232E+01
2.160090000E-02 -9.999000000E+03 7.906570000E+00 5.739575666E+01
2.195030000E-02 -9.999000000E+03 8.032060000E+00 5.648214375E+01
2.230530000E-02 -9.999000000E+03 8.159540000E+00 5.558320220E+01
2.266610000E-02 -9.999000000E+03 8.289050000E+00 5.469842628E+01
2.303270000E-02 -9.999000000E+03 8.420620000E+00 5.382781871E+01
2.340530000E-02 -9.999000000E+03 8.547470000E+00 5.297090830E+01
2.378380000E-02 -9.999000000E+03 8.610030000E+00 5.212791900E+01
2.416850000E-02 -9.999000000E+03 8.673050000E+00 5.129817738E+01
2.455940000E-02 -9.999000000E+03 8.736530000E+00 5.048168929E+01
2.495660000E-02 -9.999000000E+03 8.800470000E+00 4.967824143E+01
2.536030000E-02 -9.999000000E+03 8.809320000E+00 4.888743430E+01
2.577050000E-02 -9.999000000E+03 8.771790000E+00 4.810927223E+01
2.618730000E-02 -9.999000000E+03 8.734420000E+00 4.734355966E+01
2.661090000E-02 -9.999000000E+03 8.697210000E+00 4.658993119E+01
2.704130000E-02 -9.999000000E+03 8.660160000E+00 4.584838747E+01
2.747860000E-02 -9.999000000E+03 8.617960000E+00 4.511874695E+01
2.792310000E-02 -9.999000000E+03 8.521260000E+00 4.440051427E+01
2.837470000E-02 -9.999000000E+03 8.425650000E+00 4.369385403E+01
2.883370000E-02 -9.999000000E+03 8.331110000E+00 4.299829713E+01
2.930000000E-02 8.300110000E+00 8.237640000E+00 4.231399317E+01
2.977390000E-02 8.464730000E+00 8.145210000E+00 4.164049721E+01
3.025550000E-02 8.637960000E+00 8.053820000E+00 4.097767348E+01
3.074490000E-02 8.825330000E+00 7.914000000E+00 4.032538730E+01
3.124210000E-02 8.964860000E+00 7.751900000E+00 3.968363202E+01
3.174750000E-02 9.079200000E+00 7.593140000E+00 3.905189385E+01
3.226090000E-02 9.176660000E+00 7.437620000E+00 3.843042197E+01
3.278270000E-02 9.263150000E+00 7.285290000E+00 3.781872756E+01
3.331300000E-02 9.345990000E+00 7.135490000E+00 3.721670219E+01
3.385180000E-02 9.416160000E+00 6.965570000E+00 3.662434494E+01
3.439930000E-02 9.468700000E+00 6.799690000E+00 3.604143108E+01
3.495570000E-02 9.513400000E+00 6.637760000E+00 3.546774918E+01
3.552110000E-02 9.559190000E+00 6.479690000E+00 3.490319838E+01
3.609560000E-02 9.647130000E+00 6.325380000E+00 3.434767673E+01
3.667940000E-02 9.838500000E+00 6.013240000E+00 3.380098911E+01
3.727270000E-02 9.815420000E+00 5.591440000E+00 3.326295117E+01
3.787550000E-02 9.677600000E+00 5.199250000E+00 3.273356127E+01
3.848820000E-02 9.476660000E+00 4.802830000E+00 3.221247032E+01
3.911070000E-02 9.163860000E+00 4.414350000E+00 3.169976503E+01
3.974320000E-02 8.730780000E+00 4.020780000E+00 3.119527366E+01
4.038610000E-02 8.057950000E+00 3.819180000E+00 3.069868098E+01
4.103930000E-02 7.471990000E+00 3.761500000E+00 3.021006694E+01
4.170310000E-02 6.826590000E+00 3.791780000E+00 2.972920478E+01
4.237760000E-02 6.221620000E+00 3.906900000E+00 2.925602205E+01
4.306300000E-02 5.523230000E+00 4.082950000E+00 2.879037689E+01
4.375950000E-02 4.861510000E+00 4.466730000E+00 2.833213359E+01
4.446730000E-02 4.203010000E+00 4.950630000E+00 2.788116211E+01
4.518650000E-02 3.630120000E+00 5.558020000E+00 2.743739834E+01
4.591740000E-02 3.087820000E+00 6.239960000E+00 2.700065770E+01
4.666000000E-02 2.607600000E+00 7.119750000E+00 2.657093871E+01
4.741470000E-02 2.254120000E+00 8.124060000E+00 2.614800895E+01
4.818160000E-02 2.067380000E+00 9.250930000E+00 2.573181463E+01
4.896090000E-02 2.054410000E+00 1.048030000E+01 2.532224694E+01
4.975280000E-02 2.360270000E+00 1.182000000E+01 2.491920053E+01
5.055760000E-02 2.904690000E+00 1.303550000E+01 2.452252480E+01
5.137530000E-02 3.894010000E+00 1.432580000E+01 2.413221918E+01
5.220620000E-02 4.998790000E+00 1.482530000E+01 2.374813719E+01
5.305060000E-02 6.005640000E+00 1.534220000E+01 2.337014096E+01
5.390870000E-02 6.967940000E+00 1.560000000E+01 2.299814316E+01
5.478060000E-02 7.871840000E+00 1.584850000E+01 2.263209968E+01
5.566670000E-02 8.757600000E+00 1.596340000E+01 2.227184295E+01
5.656700000E-02 9.609520000E+00 1.605750000E+01 2.191737232E+01
5.748200000E-02 1.056800000E+01 1.608280000E+01 2.156849101E+01
5.841170000E-02 1.141060000E+01 1.586330000E+01 2.122519975E+01
5.935640000E-02 1.214790000E+01 1.564670000E+01 2.088738535E+01
6.031650000E-02 1.290330000E+01 1.536420000E+01 2.055490620E+01
6.129210000E-02 1.352810000E+01 1.498190000E+01 2.022772919E+01
6.228340000E-02 1.409430000E+01 1.460900000E+01 1.990578549E+01
6.329080000E-02 1.466070000E+01 1.413790000E+01 1.958894500E+01
6.431450000E-02 1.505490000E+01 1.360210000E+01 1.927714590E+01
6.535470000E-02 1.531730000E+01 1.308670000E+01 1.897032654E+01
6.641180000E-02 1.544200000E+01 1.264850000E+01 1.866836918E+01
6.748590000E-02 1.558920000E+01 1.231700000E+01 1.837124496E+01
6.857750000E-02 1.573240000E+01 1.199420000E+01 1.807881594E+01
6.968670000E-02 1.585120000E+01 1.167990000E+01 1.779105626E+01
7.081380000E-02 1.591810000E+01 1.140660000E+01 1.750788688E+01
7.195910000E-02 1.601310000E+01 1.118270000E+01 1.722923161E+01
7.312300000E-02 1.611620000E+01 1.096310000E+01 1.695499364E+01
7.430570000E-02 1.621910000E+01 1.074790000E+01 1.668512644E+01
7.550760000E-02 1.631990000E+01 1.053700000E+01 1.641953923E+01
7.672890000E-02 1.641880000E+01 1.033010000E+01 1.615818811E+01
7.796990000E-02 1.651840000E+01 1.012730000E+01 1.590100795E+01
7.923100000E-02 1.662600000E+01 9.928520000E+00 1.564791559E+01
8.051250000E-02 1.677240000E+01 9.718180000E+00 1.539885111E+01
8.181470000E-02 1.687800000E+01 9.408130000E+00 1.515375599E+01
8.313800000E-02 1.692720000E+01 9.107960000E+00 1.491255503E+01
8.448270000E-02 1.693730000E+01 8.817380000E+00 1.467519386E+01
8.584910000E-02 1.691850000E+01 8.536060000E+00 1.444161907E+01
8.723770000E-02 1.687310000E+01 8.263710000E+00 1.421174561E+01
8.864870000E-02 1.680140000E+01 8.000070000E+00 1.398554068E+01
9.008250000E-02 1.670150000E+01 7.744810000E+00 1.376293953E+01
9.153950000E-02 1.656510000E+01 7.497730000E+00 1.354387996E+01
9.302010000E-02 1.635600000E+01 7.258510000E+00 1.332830216E+01
9.452460000E-02 1.613860000E+01 7.157940000E+00 1.311616235E+01
9.605350000E-02 1.596820000E+01 7.070170000E+00 1.290739015E+01
9.760710000E-02 1.581060000E+01 6.983470000E+00 1.270194484E+01
9.918580000E-02 1.565200000E+01 6.897830000E+00 1.249977315E+01
1.007900000E-01 1.547920000E+01 6.813240000E+00 1.230082349E+01
1.024200000E-01 1.526260000E+01 6.762450000E+00 1.210505761E+01
1.040770000E-01 1.507660000E+01 6.753650000E+00 1.191233414E+01
1.057600000E-01 1.490560000E+01 6.744870000E+00 1.172276853E+01
1.074710000E-01 1.472680000E+01 6.736100000E+00 1.153613533E+01
1.092090000E-01 1.450690000E+01 6.748130000E+00 1.135254420E+01
1.109750000E-01 1.431230000E+01 6.811110000E+00 1.117188556E+01
1.127700000E-01 1.413560000E+01 6.874690000E+00 1.099405870E+01
1.145940000E-01 1.395250000E+01 6.938850000E+00 1.081906557E+01
1.164480000E-01 1.371750000E+01 7.036570000E+00 1.064681231E+01
1.183310000E-01 1.352970000E+01 7.198760000E+00 1.047738970E+01
1.202450000E-01 1.337820000E+01 7.364690000E+00 1.031061583E+01
1.221900000E-01 1.324240000E+01 7.534450000E+00 1.014649317E+01
1.241660000E-01 1.311860000E+01 7.708110000E+00 9.985020054E+00
1.261750000E-01 1.300380000E+01 7.885790000E+00 9.826035268E+00
1.282150000E-01 1.289570000E+01 8.067550000E+00 9.669695433E+00
1.302890000E-01 1.279090000E+01 8.253510000E+00 9.515768791E+00
1.323970000E-01 1.267650000E+01 8.448140000E+00 9.364260519E+00
1.345380000E-01 1.257650000E+01 8.675140000E+00 9.215240304E+00
1.367140000E-01 1.249520000E+01 8.908230000E+00 9.068566496E+00
1.389250000E-01 1.242610000E+01 9.147590000E+00 8.924239698E+00
1.411720000E-01 1.236790000E+01 9.393370000E+00 8.782194770E+00
1.434560000E-01 1.232020000E+01 9.645770000E+00 8.642371180E+00
1.457760000E-01 1.228290000E+01 9.904940000E+00 8.504829327E+00
1.481340000E-01 1.225650000E+01 1.017110000E+01 8.369449282E+00
1.505300000E-01 1.224300000E+01 1.044290000E+01 8.236231980E+00
1.529640000E-01 1.223910000E+01 1.071940000E+01 8.105175074E+00
1.554390000E-01 1.224600000E+01 1.100330000E+01 7.976119249E+00
1.579530000E-01 1.226630000E+01 1.129480000E+01 7.849170323E+00
1.605070000E-01 1.230300000E+01 1.159390000E+01 7.724273708E+00
1.631030000E-01 1.236600000E+01 1.190100000E+01 7.601331674E+00
1.657420000E-01 1.244620000E+01 1.218210000E+01 7.480300708E+00
1.684220000E-01 1.252750000E+01 1.246360000E+01 7.361271093E+00
1.711460000E-01 1.261600000E+01 1.275170000E+01 7.244107370E+00
1.739150000E-01 1.272320000E+01 1.304640000E+01 7.128769801E+00
1.767270000E-01 1.289160000E+01 1.332020000E+01 7.015340044E+00
1.795860000E-01 1.303040000E+01 1.354210000E+01 6.903656187E+00
1.824910000E-01 1.314510000E+01 1.376760000E+01 6.793759692E+00
1.854420000E-01 1.325500000E+01 1.399690000E+01 6.685648343E+00
1.884420000E-01 1.336240000E+01 1.423000000E+01 6.579212702E+00
1.914890000E-01 1.346880000E+01 1.446690000E+01 6.474523341E+00
1.945870000E-01 1.357480000E+01 1.470790000E+01 6.371443108E+00
1.977340000E-01 1.368040000E+01 1.495280000E+01 6.270039548E+00
2.009320000E-01 1.377880000E+01 1.520180000E+01 6.170246651E+00
2.041820000E-01 1.388230000E+01 1.547510000E+01 6.072033774E+00
2.074850000E-01 1.399830000E+01 1.575450000E+01 5.975371714E+00
2.108400000E-01 1.412360000E+01 1.603890000E+01 5.880288370E+00
2.142510000E-01 1.425700000E+01 1.632840000E+01 5.786670774E+00
2.177160000E-01 1.439860000E+01 1.662320000E+01 5.694574583E+00
2.212370000E-01 1.454070000E+01 1.692330000E+01 5.603945091E+00
2.248160000E-01 1.470540000E+01 1.725530000E+01 5.514732048E+00
2.284520000E-01 1.490890000E+01 1.756760000E+01 5.426960587E+00
2.321470000E-01 1.511020000E+01 1.786490000E+01 5.340581614E+00
2.359020000E-01 1.531060000E+01 1.816720000E+01 5.255572229E+00
2.397170000E-01 1.551960000E+01 1.847460000E+01 5.171931903E+00
2.435950000E-01 1.573900000E+01 1.878720000E+01 5.089595435E+00
2.475350000E-01 1.597100000E+01 1.910510000E+01 5.008584645E+00
2.515380000E-01 1.621790000E+01 1.942840000E+01 4.928877545E+00
2.556070000E-01 1.648340000E+01 1.975720000E+01 4.850414895E+00
2.597410000E-01 1.678010000E+01 2.009150000E+01 4.773216396E+00
2.639420000E-01 1.709820000E+01 2.040370000E+01 4.697244092E+00
2.682110000E-01 1.742880000E+01 2.071520000E+01 4.622480062E+00
2.725490000E-01 1.779180000E+01 2.103150000E+01 4.548906802E+00
2.769570000E-01 1.822710000E+01 2.130000000E+01 4.476507183E+00
2.814370000E-01 1.864350000E+01 2.150500000E+01 4.405248777E+00
2.859890000E-01 1.902710000E+01 2.167040000E+01 4.335131771E+00
2.906150000E-01 1.938760000E+01 2.183070000E+01 4.266125286E+00
2.953150000E-01 1.973150000E+01 2.199160000E+01 4.198229010E+00
3.000920000E-01 2.006760000E+01 2.215390000E+01 4.131399704E+00
3.049450000E-01 2.039900000E+01 2.231760000E+01 4.065651183E+00
3.098780000E-01 2.072840000E+01 2.248300000E+01 4.000929398E+00
3.148900000E-01 2.105710000E+01 2.264910000E+01 3.937247928E+00
3.199830000E-01 2.138580000E+01 2.281640000E+01 3.874580837E+00
3.251580000E-01 2.171640000E+01 2.298540000E+01 3.812915567E+00
3.304180000E-01 2.204940000E+01 2.315490000E+01 3.752216889E+00
3.357620000E-01 2.238520000E+01 2.332580000E+01 3.692496471E+00
3.411920000E-01 2.272530000E+01 2.349830000E+01 3.633731154E+00
3.467110000E-01 2.307110000E+01 2.367230000E+01 3.575888853E+00
3.523190000E-01 2.342380000E+01 2.384750000E+01 3.518970024E+00
3.580170000E-01 2.378410000E+01 2.402360000E+01 3.462964049E+00
3.638080000E-01 2.415420000E+01 2.420130000E+01 3.407841499E+00
3.696920000E-01 2.453680000E+01 2.438040000E+01 3.353602458E+00
3.756720000E-01 2.493550000E+01 2.456060000E+01 3.300219340E+00
3.817480000E-01 2.535830000E+01 2.474220000E+01 3.247692195E+00
3.879220000E-01 2.582240000E+01 2.491230000E+01 3.196003320E+00
3.941970000E-01 2.634220000E+01 2.505480000E+01 3.145127944E+00
4.005730000E-01 2.687000000E+01 2.507550000E+01 3.095066318E+00
4.070520000E-01 2.732170000E+01 2.504770000E+01 3.045802502E+00
4.136350000E-01 2.772780000E+01 2.502030000E+01 2.997328563E+00
4.203260000E-01 2.810380000E+01 2.499330000E+01 2.949615299E+00
4.271240000E-01 2.845400000E+01 2.496640000E+01 2.902669951E+00
4.340320000E-01 2.877640000E+01 2.493840000E+01 2.856471412E+00
4.410520000E-01 2.906800000E+01 2.491110000E+01 2.811006412E+00
4.481860000E-01 2.926230000E+01 2.490460000E+01 2.766262221E+00
4.554350000E-01 2.945790000E+01 2.500130000E+01 2.722232591E+00
4.628020000E-01 2.968050000E+01 2.517140000E+01 2.678899400E+00
4.702870000E-01 2.996200000E+01 2.538240000E+01 2.636262538E+00
4.778940000E-01 3.030020000E+01 2.559550000E+01 2.594299154E+00
4.856230000E-01 3.067400000E+01 2.580940000E+01 2.553009227E+00
4.934780000E-01 3.108180000E+01 2.602490000E+01 2.512371372E+00
5.014590000E-01 3.152920000E+01 2.624350000E+01 2.472385579E+00
5.095700000E-01 3.202710000E+01 2.646320000E+01 2.433031772E+00
5.178120000E-01 3.261640000E+01 2.666270000E+01 2.394305269E+00
5.261870000E-01 3.327240000E+01 2.678550000E+01 2.356196561E+00
5.346980000E-01 3.394160000E+01 2.676160000E+01 2.318692047E+00
5.433460000E-01 3.452110000E+01 2.666470000E+01 2.281787296E+00
5.521340000E-01 3.505510000E+01 2.656800000E+01 2.245469397E+00
5.610650000E-01 3.556550000E+01 2.645510000E+01 2.209726146E+00
5.701390000E-01 3.605670000E+01 2.633190000E+01 2.174557432E+00
5.793610000E-01 3.651700000E+01 2.618830000E+01 2.139943835E+00
5.887320000E-01 3.695020000E+01 2.604060000E+01 2.105881793E+00
5.982540000E-01 3.735610000E+01 2.589070000E+01 2.072363912E+00
6.079300000E-01 3.773650000E+01 2.574160000E+01 2.039379534E+00
6.177630000E-01 3.808710000E+01 2.559350000E+01 2.006918511E+00
6.277550000E-01 3.838080000E+01 2.545270000E+01 1.974974313E+00
6.379080000E-01 3.863090000E+01 2.539140000E+01 1.943540448E+00
6.482260000E-01 3.889140000E+01 2.544750000E+01 1.912604555E+00
6.587110000E-01 3.927930000E+01 2.558180000E+01 1.882160765E+00
6.693650000E-01 3.980990000E+01 2.571670000E+01 1.852203208E+00
6.801910000E-01 4.047170000E+01 2.567820000E+01 1.822723323E+00
6.911930000E-01 4.109490000E+01 2.550180000E+01 1.793710295E+00
7.023720000E-01 4.161940000E+01 2.526590000E+01 1.765161481E+00
7.137330000E-01 4.209970000E+01 2.501690000E+01 1.737064140E+00
7.252770000E-01 4.253740000E+01 2.475970000E+01 1.709415851E+00
7.370080000E-01 4.294640000E+01 2.450530000E+01 1.682206977E+00
7.489280000E-01 4.333520000E+01 2.425340000E+01 1.655432832E+00
7.610420000E-01 4.371020000E+01 2.400360000E+01 1.629082232E+00
7.733510000E-01 4.407790000E+01 2.375210000E+01 1.603153031E+00
7.858590000E-01 4.443600000E+01 2.348810000E+01 1.577636701E+00
7.985700000E-01 4.477050000E+01 2.321460000E+01 1.552525139E+00
8.114860000E-01 4.508670000E+01 2.294430000E+01 1.527814405E+00
8.246110000E-01 4.538970000E+01 2.267690000E+01 1.503496800E+00
8.379490000E-01 4.568400000E+01 2.241240000E+01 1.479564985E+00
8.515020000E-01 4.597050000E+01 2.214430000E+01 1.456015370E+00
8.652740000E-01 4.624760000E+01 2.187180000E+01 1.432840927E+00
8.792690000E-01 4.650870000E+01 2.159590000E+01 1.410034927E+00
8.934910000E-01 4.675740000E+01 2.132320000E+01 1.387590921E+00
9.079430000E-01 4.699800000E+01 2.105380000E+01 1.365504222E+00
9.226280000E-01 4.723840000E+01 2.078750000E+01 1.343770187E+00
9.375510000E-01 4.746860000E+01 2.050200000E+01 1.322381396E+00
9.527150000E-01 4.768380000E+01 2.021460000E+01 1.301333557E+00
9.681240000E-01 4.788140000E+01 1.992610000E+01 1.280621077E+00
9.837830000E-01 4.806600000E+01 1.964140000E+01 1.260237268E+00
9.996950000E-01 4.824160000E+01 1.935860000E+01 1.240178254E+00
1.015860000E+00 4.841190000E+01 1.907760000E+01 1.220443762E+00
1.032290000E+00 4.856900000E+01 1.878360000E+01 1.201019093E+00
1.048990000E+00 4.871060000E+01 1.848940000E+01 1.181898779E+00
1.065960000E+00 4.883340000E+01 1.819490000E+01 1.163083043E+00
1.083200000E+00 4.894030000E+01 1.790480000E+01 1.144571640E+00
1.100720000E+00 4.903350000E+01 1.761910000E+01 1.126353659E+00
1.118520000E+00 4.911390000E+01 1.733780000E+01 1.108428995E+00
1.136610000E+00 4.918180000E+01 1.706030000E+01 1.090787517E+00
1.155000000E+00 4.923760000E+01 1.678700000E+01 1.073419913E+00
1.173680000E+00 4.928150000E+01 1.651790000E+01 1.056335628E+00
1.192660000E+00 4.931380000E+01 1.625290000E+01 1.039525095E+00
1.211950000E+00 4.933510000E+01 1.599180000E+01 1.022979496E+00
1.231550000E+00 4.934590000E+01 1.573430000E+01 1.006698875E+00
1.251470000E+00 4.934600000E+01 1.547740000E+01 9.906749662E-01
1.271720000E+00 4.933400000E+01 1.522040000E+01 9.749001352E-01
1.292290000E+00 4.930430000E+01 1.496240000E+01 9.593821820E-01
1.313190000E+00 4.925720000E+01 1.470840000E+01 9.441131900E-01
1.334430000E+00 4.919350000E+01 1.445840000E+01 9.290858269E-01
1.356010000E+00 4.911300000E+01 1.421230000E+01 9.143000420E-01
1.377940000E+00 4.901480000E+01 1.397000000E+01 8.997489005E-01
1.400230000E+00 4.889810000E+01 1.373170000E+01 8.854259657E-01
1.422880000E+00 4.876230000E+01 1.349740000E+01 8.713313842E-01
1.445890000E+00 4.860590000E+01 1.326630000E+01 8.574649524E-01
1.469280000E+00 4.842730000E+01 1.303840000E+01 8.438146575E-01
1.493040000E+00 4.822510000E+01 1.281360000E+01 8.303863259E-01
1.517190000E+00 4.799420000E+01 1.258790000E+01 8.171685814E-01
1.541730000E+00 4.773050000E+01 1.236560000E+01 8.041615588E-01
1.566670000E+00 4.743090000E+01 1.214710000E+01 7.913600184E-01
1.592010000E+00 4.709140000E+01 1.193190000E+01 7.787639525E-01
1.617760000E+00 4.670600000E+01 1.172040000E+01 7.663683117E-01
1.643920000E+00 4.626800000E+01 1.151260000E+01 7.541729525E-01
1.670510000E+00 4.576780000E+01 1.130810000E+01 7.421685593E-01
1.697530000E+00 4.519310000E+01 1.110690000E+01 7.303552809E-01
1.724990000E+00 4.453000000E+01 1.090910000E+01 7.187288042E-01
1.752890000E+00 4.375140000E+01 1.070880000E+01 7.072891054E-01
1.781240000E+00 4.282080000E+01 1.051000000E+01 6.960319777E-01
1.810050000E+00 4.168590000E+01 1.031300000E+01 6.849534543E-01
1.839320000E+00 4.026060000E+01 1.011960000E+01 6.740534545E-01
1.869070000E+00 3.838810000E+01 9.929780000E+00 6.633245411E-01
1.899300000E+00 3.572360000E+01 9.743760000E+00 6.527668088E-01
1.930020000E+00 3.119110000E+01 9.560690000E+00 6.423767629E-01
1.960000000E+00 -1.980250000E+00 9.388090000E+00 6.325510204E-01
1.960200000E+00 -1.982540000E+00 2.725150000E+01 6.324864810E-01
1.961240000E+00 1.183930000E+01 2.723320000E+01 6.321510881E-01
1.992960000E+00 2.926380000E+01 2.668670000E+01 6.220897559E-01
2.025200000E+00 2.628240000E+01 2.615110000E+01 6.121864507E-01
2.030700000E+00 1.139600000E+01 2.606160000E+01 6.105283892E-01
2.030900000E+00 1.142840000E+01 3.824960000E+01 6.104682653E-01
2.057950000E+00 3.539980000E+01 3.755160000E+01 6.024441799E-01
2.091240000E+00 4.053700000E+01 3.672230000E+01 5.928540005E-01
2.125060000E+00 4.381810000E+01 3.591160000E+01 5.834188211E-01
2.159430000E+00 4.626390000E+01 3.511850000E+01 5.741329888E-01
2.194360000E+00 4.819900000E+01 3.434290000E+01 5.649938934E-01
2.229850000E+00 4.977370000E+01 3.358500000E+01 5.560015248E-01
2.265920000E+00 5.106580000E+01 3.284390000E+01 5.471508262E-01
2.302570000E+00 5.211370000E+01 3.212000000E+01 5.384418280E-01
2.339810000E+00 5.292300000E+01 3.141200000E+01 5.298720836E-01
2.377660000E+00 5.344620000E+01 3.071960000E+01 5.214370431E-01
2.416110000E+00 5.347410000E+01 3.004390000E+01 5.131388885E-01
2.455190000E+00 4.987360000E+01 2.938350000E+01 5.049711020E-01
2.457100000E+00 4.546690000E+01 2.935190000E+01 5.045785682E-01
2.457300000E+00 4.548110000E+01 3.409000000E+01 5.045375005E-01
2.494900000E+00 5.525870000E+01 3.331300000E+01 4.969337448E-01
2.535260000E+00 5.710550000E+01 3.251120000E+01 4.890228221E-01
2.576260000E+00 5.838030000E+01 3.172900000E+01 4.812402475E-01
2.617930000E+00 5.937020000E+01 3.096610000E+01 4.735802714E-01
2.660270000E+00 6.015870000E+01 3.022340000E+01 4.660429205E-01
2.703300000E+00 6.076010000E+01 2.949800000E+01 4.586246440E-01
2.747030000E+00 6.110590000E+01 2.879160000E+01 4.513237933E-01
2.791460000E+00 5.941940000E+01 2.810320000E+01 4.441403423E-01
2.792100000E+00 5.832160000E+01 2.809340000E+01 4.440385373E-01
2.792300000E+00 5.833050000E+01 2.986660000E+01 4.440067328E-01
2.836610000E+00 6.232820000E+01 2.919080000E+01 4.370710108E-01
2.882490000E+00 6.322810000E+01 2.851770000E+01 4.301142415E-01
2.929110000E+00 6.387980000E+01 2.786030000E+01 4.232685014E-01
2.976480000E+00 6.435620000E+01 2.722000000E+01 4.165322797E-01
3.024630000E+00 6.453950000E+01 2.659470000E+01 4.099013764E-01
3.048400000E+00 6.279870000E+01 2.629480000E+01 4.067051568E-01
3.048600000E+00 6.280090000E+01 2.744370000E+01 4.066784754E-01
3.073550000E+00 6.508790000E+01 2.713570000E+01 4.033772023E-01
3.123260000E+00 6.597480000E+01 2.653920000E+01 3.969570257E-01
3.173780000E+00 6.661260000E+01 2.595410000E+01 3.906382925E-01
3.225110000E+00 6.715250000E+01 2.537870000E+01 3.844209965E-01
3.277270000E+00 6.762920000E+01 2.481390000E+01 3.783026727E-01
3.330280000E+00 6.805940000E+01 2.426030000E+01 3.722810094E-01
3.384150000E+00 6.845190000E+01 2.371690000E+01 3.663549193E-01
3.438880000E+00 6.881140000E+01 2.318320000E+01 3.605243568E-01
3.494500000E+00 6.914220000E+01 2.266010000E+01 3.547860924E-01
3.551020000E+00 6.944690000E+01 2.214650000E+01 3.491391206E-01
3.608460000E+00 6.972830000E+01 2.164420000E+01 3.435814724E-01
3.666820000E+00 6.998910000E+01 2.115140000E+01 3.381131335E-01
3.726130000E+00 7.023020000E+01 2.066810000E+01 3.327312788E-01
3.786400000E+00 7.045350000E+01 2.019460000E+01 3.274350306E-01
3.847640000E+00 7.065940000E+01 1.973020000E+01 3.222234928E-01
3.909870000E+00 7.084960000E+01 1.927600000E+01 3.170949418E-01
3.973110000E+00 7.102600000E+01 1.883120000E+01 3.120477409E-01
4.037380000E+00 7.118910000E+01 1.839500000E+01 3.070803343E-01
4.102680000E+00 7.133840000E+01 1.796710000E+01 3.021927131E-01
4.169030000E+00 7.147540000E+01 1.754900000E+01 2.973833242E-01
4.236460000E+00 7.160160000E+01 1.713960000E+01 2.926499955E-01
4.304980000E+00 7.171700000E+01 1.673860000E+01 2.879920464E-01
4.374620000E+00 7.182210000E+01 1.634620000E+01 2.834074731E-01
4.445370000E+00 7.191770000E+01 1.596190000E+01 2.788969197E-01
4.517270000E+00 7.200410000E+01 1.558600000E+01 2.744578031E-01
4.590330000E+00 7.208200000E+01 1.521810000E+01 2.700895143E-01
4.664580000E+00 7.215160000E+01 1.485810000E+01 2.657902748E-01
4.740030000E+00 7.221350000E+01 1.450590000E+01 2.615595260E-01
4.816690000E+00 7.226800000E+01 1.416130000E+01 2.573966770E-01
4.894600000E+00 7.231540000E+01 1.382420000E+01 2.532995546E-01
4.973770000E+00 7.235610000E+01 1.349460000E+01 2.492676581E-01
5.054210000E+00 7.239040000E+01 1.317220000E+01 2.453004525E-01
5.135960000E+00 7.241860000E+01 1.285690000E+01 2.413959610E-01
5.219030000E+00 7.244100000E+01 1.254870000E+01 2.375537217E-01
5.303440000E+00 7.245780000E+01 1.224730000E+01 2.337727965E-01
5.389220000E+00 7.246930000E+01 1.195260000E+01 2.300518442E-01
5.476390000E+00 7.247550000E+01 1.166460000E+01 2.263900124E-01
5.564970000E+00 7.247700000E+01 1.138310000E+01 2.227864661E-01
5.654980000E+00 7.247370000E+01 1.110780000E+01 2.192403863E-01
5.746440000E+00 7.246570000E+01 1.083890000E+01 2.157509693E-01
5.839390000E+00 7.245320000E+01 1.057600000E+01 2.123166975E-01
5.933830000E+00 7.243650000E+01 1.031920000E+01 2.089375665E-01
6.029810000E+00 7.241570000E+01 1.006840000E+01 2.056117854E-01
6.127330000E+00 7.239080000E+01 9.823200000E+00 2.023393550E-01
6.226440000E+00 7.236190000E+01 9.583730000E+00 1.991185975E-01
6.327150000E+00 7.232920000E+01 9.349730000E+00 1.959492030E-01
6.429480000E+00 7.229260000E+01 9.121210000E+00 1.928305244E-01
6.533480000E+00 7.225230000E+01 8.897820000E+00 1.897610462E-01
6.639150000E+00 7.220810000E+01 8.679660000E+00 1.867407725E-01
6.746540000E+00 7.216010000E+01 8.466690000E+00 1.837682723E-01
6.855650000E+00 7.210840000E+01 8.258450000E+00 1.808435378E-01
6.966540000E+00 7.205270000E+01 8.055310000E+00 1.779649582E-01
7.079220000E+00 7.199330000E+01 7.856880000E+00 1.751322886E-01
7.193720000E+00 7.193000000E+01 7.662940000E+00 1.723447674E-01
7.310070000E+00 7.186230000E+01 7.473580000E+00 1.696016591E-01
7.428310000E+00 7.179050000E+01 7.288870000E+00 1.669020275E-01
7.548450000E+00 7.171430000E+01 7.108270000E+00 1.642456398E-01
7.670540000E+00 7.163350000E+01 6.932170000E+00 1.616313845E-01
7.794610000E+00 7.154770000E+01 6.760020000E+00 1.590586315E-01
7.920680000E+00 7.145670000E+01 6.592160000E+00 1.565269649E-01
8.048790000E+00 7.136010000E+01 6.427880000E+00 1.540355755E-01
8.178980000E+00 7.125710000E+01 6.267620000E+00 1.515836938E-01
8.311260000E+00 7.114750000E+01 6.111190000E+00 1.491711245E-01
8.445690000E+00 7.103030000E+01 5.958520000E+00 1.467967685E-01
8.582290000E+00 7.090490000E+01 5.809420000E+00 1.444602781E-01
8.721110000E+00 7.077020000E+01 5.663970000E+00 1.421608029E-01
8.862160000E+00 7.062480000E+01 5.521700000E+00 1.398981738E-01
9.005500000E+00 7.046690000E+01 5.382970000E+00 1.376714230E-01
9.151160000E+00 7.029460000E+01 5.247440000E+00 1.354800921E-01
9.299170000E+00 7.010520000E+01 5.115230000E+00 1.333237267E-01
9.449580000E+00 6.989500000E+01 4.986080000E+00 1.312015984E-01
9.602420000E+00 6.965920000E+01 4.860060000E+00 1.291132860E-01
9.757730000E+00 6.939090000E+01 4.736700000E+00 1.270582400E-01
9.915550000E+00 6.908030000E+01 4.616470000E+00 1.250359284E-01
1.007590000E+01 6.870990000E+01 4.494610000E+00 1.230460803E-01
1.023890000E+01 6.824770000E+01 4.375810000E+00 1.210872262E-01
1.040450000E+01 6.764030000E+01 4.259990000E+00 1.191599789E-01
1.057280000E+01 6.675280000E+01 4.147070000E+00 1.172631659E-01
1.074380000E+01 6.507310000E+01 4.037010000E+00 1.153967870E-01
1.087080000E+01 5.079730000E+01 3.958240000E+00 1.140486441E-01
1.087100000E+01 5.079790000E+01 1.026300000E+01 1.140465459E-01
1.091760000E+01 6.317980000E+01 1.018360000E+01 1.135597567E-01
1.109420000E+01 6.633570000E+01 9.891080000E+00 1.117520867E-01
1.127360000E+01 6.744930000E+01 9.606960000E+00 1.099737440E-01
1.145590000E+01 6.806320000E+01 9.331010000E+00 1.082237101E-01
1.164120000E+01 6.840900000E+01 9.062990000E+00 1.065010480E-01
1.182950000E+01 6.854740000E+01 8.802660000E+00 1.048057822E-01
1.202080000E+01 6.845660000E+01 8.549820000E+00 1.031378943E-01
1.221530000E+01 6.796320000E+01 8.304240000E+00 1.014956653E-01
1.238490000E+01 6.064570000E+01 8.098780000E+00 1.001057740E-01
1.238510000E+01 6.064700000E+01 1.135830000E+01 1.001041574E-01
1.241280000E+01 6.631130000E+01 1.131520000E+01 9.988076824E-02
1.261360000E+01 6.856970000E+01 1.101140000E+01 9.829073381E-02
1.281760000E+01 6.906750000E+01 1.071570000E+01 9.672637623E-02
1.296790000E+01 6.588500000E+01 1.050590000E+01 9.560530232E-02
1.296810000E+01 6.588560000E+01 1.207800000E+01 9.560382785E-02
1.302500000E+01 6.922070000E+01 1.199860000E+01 9.518618042E-02
1.323560000E+01 7.049310000E+01 1.171200000E+01 9.367161292E-02
1.344970000E+01 7.119820000E+01 1.143070000E+01 9.218049473E-02
1.366720000E+01 7.173420000E+01 1.115480000E+01 9.071353313E-02
1.388830000E+01 7.217460000E+01 1.088420000E+01 8.926938502E-02
1.411290000E+01 7.254980000E+01 1.061890000E+01 8.784870579E-02
1.434120000E+01 7.287630000E+01 1.035890000E+01 8.645022732E-02
1.457310000E+01 7.316410000E+01 1.010410000E+01 8.507455517E-02
1.480890000E+01 7.342040000E+01 9.854580000E+00 8.371992518E-02
1.504840000E+01 7.365000000E+01 9.610210000E+00 8.238749635E-02
1.529180000E+01 7.385680000E+01 9.370980000E+00 8.107613231E-02
1.553910000E+01 7.404380000E+01 9.136820000E+00 7.978583058E-02
1.579040000E+01 7.421320000E+01 8.907680000E+00 7.851606039E-02
1.604580000E+01 7.436710000E+01 8.683510000E+00 7.726632514E-02
1.630540000E+01 7.450710000E+01 8.464240000E+00 7.603615980E-02
1.656910000E+01 7.463450000E+01 8.249810000E+00 7.482603159E-02
1.683710000E+01 7.475050000E+01 8.040150000E+00 7.363500840E-02
1.710940000E+01 7.485620000E+01 7.835210000E+00 7.246309046E-02
1.738610000E+01 7.495240000E+01 7.634910000E+00 7.130983947E-02
1.766740000E+01 7.503990000E+01 7.439170000E+00 7.017444559E-02
1.795310000E+01 7.511950000E+01 7.247940000E+00 6.905771148E-02
1.824350000E+01 7.519170000E+01 7.061140000E+00 6.795845096E-02
1.853860000E+01 7.525710000E+01 6.878690000E+00 6.687667893E-02
1.883840000E+01 7.531630000E+01 6.700520000E+00 6.581238322E-02
1.914310000E+01 7.536960000E+01 6.526560000E+00 6.476485000E-02
1.945270000E+01 7.541740000E+01 6.356730000E+00 6.373408319E-02
1.976740000E+01 7.546030000E+01 6.190950000E+00 6.271942694E-02
2.008710000E+01 7.549850000E+01 6.029160000E+00 6.172120416E-02
2.041200000E+01 7.553240000E+01 5.871270000E+00 6.073878111E-02
2.074210000E+01 7.556220000E+01 5.717230000E+00 5.977215422E-02
2.107760000E+01 7.558820000E+01 5.566930000E+00 5.882073860E-02
2.141850000E+01 7.561070000E+01 5.420320000E+00 5.788453907E-02
2.176500000E+01 7.562990000E+01 5.277310000E+00 5.696301401E-02
2.211700000E+01 7.564600000E+01 5.137850000E+00 5.605642718E-02
2.247470000E+01 7.565930000E+01 5.001850000E+00 5.516425136E-02
2.283820000E+01 7.566990000E+01 4.869230000E+00 5.428623972E-02
2.320760000E+01 7.567800000E+01 4.739940000E+00 5.342215481E-02
2.358300000E+01 7.568370000E+01 4.613890000E+00 5.257176780E-02
2.396440000E+01 7.568730000E+01 4.491020000E+00 5.173507369E-02
2.435200000E+01 7.568880000E+01 4.371260000E+00 5.091162943E-02
2.474590000E+01 7.568840000E+01 4.254540000E+00 5.010122889E-02
2.514620000E+01 7.568630000E+01 4.140790000E+00 4.930367213E-02
2.555290000E+01 7.568250000E+01 4.029940000E+00 4.851895480E-02
2.596620000E+01 7.567710000E+01 3.921940000E+00 4.774668608E-02
2.638610000E+01 7.567030000E+01 3.816710000E+00 4.698686051E-02
2.681290000E+01 7.566210000E+01 3.714190000E+00 4.623893723E-02
2.724660000E+01 7.565270000E+01 3.614310000E+00 4.550292514E-02
2.768730000E+01 7.564210000E+01 3.517030000E+00 4.477865303E-02
2.813510000E+01 7.563050000E+01 3.422260000E+00 4.406595320E-02
2.859020000E+01 7.561790000E+01 3.329970000E+00 4.336450952E-02
2.905260000E+01 7.560500000E+01 3.240080000E+00 4.267432175E-02
2.952250000E+01 7.559950000E+01 3.152530000E+00 4.199508849E-02
3.000000000E+01 7.554810000E+01 3.067280000E+00 4.132666667E-02
