# Data retrieved from henke.lbl.gov/optical_constants 03/01/2021
# Element, P  (Z = 15) 
# Atomic weight*, g mol-1 = 30.9738 
# Nominal density*, g cm-3 =  0 
# Relativistic correction estimate f_rel(5CL)*,  e atom-1 =  0 
# Nuclear Thomson correction f_NT*, e atom-1 =  0 
#    E [keV]      f1 [e atom-1]      f2 [e atom-1]    Wavelength [nm] 
1.000000000E-02 -9.999000000E+03 8.477380000E+00 1.239800000E+02
1.016170000E-02 -9.999000000E+03 8.270920000E+00 1.220071445E+02
1.032610000E-02 -9.999000000E+03 8.069490000E+00 1.200646904E+02
1.049310000E-02 -9.999000000E+03 7.872970000E+00 1.181538344E+02
1.066280000E-02 -9.999000000E+03 7.681230000E+00 1.162733991E+02
1.083530000E-02 -9.999000000E+03 7.494160000E+00 1.144223049E+02
1.101060000E-02 -9.999000000E+03 7.311650000E+00 1.126005849E+02
1.118860000E-02 -9.999000000E+03 7.133590000E+00 1.108092165E+02
1.136960000E-02 -9.999000000E+03 6.959850000E+00 1.090451731E+02
1.155350000E-02 -9.999000000E+03 6.790350000E+00 1.073094733E+02
1.174040000E-02 -9.999000000E+03 6.624980000E+00 1.056011720E+02
1.193030000E-02 -9.999000000E+03 6.463640000E+00 1.039202702E+02
1.212320000E-02 -9.999000000E+03 6.306230000E+00 1.022667283E+02
1.231930000E-02 -9.999000000E+03 6.142790000E+00 1.006388350E+02
1.251860000E-02 -9.999000000E+03 5.969380000E+00 9.903663349E+01
1.272100000E-02 -9.999000000E+03 5.800870000E+00 9.746089144E+01
1.292680000E-02 -9.999000000E+03 5.637110000E+00 9.590927376E+01
1.313590000E-02 -9.999000000E+03 5.477970000E+00 9.438256990E+01
1.334830000E-02 -9.999000000E+03 5.320590000E+00 9.288074137E+01
1.356420000E-02 -9.999000000E+03 5.102320000E+00 9.140236800E+01
1.378360000E-02 -9.999000000E+03 4.893000000E+00 8.994747381E+01
1.400660000E-02 -9.999000000E+03 4.692270000E+00 8.851541416E+01
1.423310000E-02 -9.999000000E+03 4.499770000E+00 8.710681440E+01
1.446330000E-02 -9.999000000E+03 4.315170000E+00 8.572040959E+01
1.469730000E-02 -9.999000000E+03 4.138150000E+00 8.435562995E+01
1.493500000E-02 -9.999000000E+03 3.968380000E+00 8.301305658E+01
1.517650000E-02 -9.999000000E+03 3.805580000E+00 8.169208974E+01
1.542200000E-02 -9.999000000E+03 3.649460000E+00 8.039164829E+01
1.567140000E-02 -9.999000000E+03 3.494980000E+00 7.911226821E+01
1.592490000E-02 -9.999000000E+03 3.335590000E+00 7.785292215E+01
1.618250000E-02 -9.999000000E+03 3.183470000E+00 7.661362583E+01
1.644420000E-02 -9.999000000E+03 3.038280000E+00 7.539436397E+01
1.671020000E-02 -9.999000000E+03 2.894190000E+00 7.419420474E+01
1.698050000E-02 -9.999000000E+03 2.693180000E+00 7.301316216E+01
1.725510000E-02 -9.999000000E+03 2.506140000E+00 7.185122080E+01
1.753420000E-02 -9.999000000E+03 2.319860000E+00 7.070753157E+01
1.781780000E-02 -9.999000000E+03 2.100760000E+00 6.958210329E+01
1.810600000E-02 -9.999000000E+03 1.902370000E+00 6.847453883E+01
1.839890000E-02 -9.999000000E+03 1.700080000E+00 6.738446320E+01
1.869640000E-02 -9.999000000E+03 1.515720000E+00 6.631223123E+01
1.899880000E-02 -9.999000000E+03 1.371840000E+00 6.525675306E+01
1.930610000E-02 -9.999000000E+03 1.243200000E+00 6.421804507E+01
1.961840000E-02 -9.999000000E+03 1.124940000E+00 6.319577539E+01
1.993570000E-02 -9.999000000E+03 1.015740000E+00 6.218994066E+01
2.025820000E-02 -9.999000000E+03 9.142880000E-01 6.119990917E+01
2.058580000E-02 -9.999000000E+03 8.161190000E-01 6.022598102E+01
2.091880000E-02 -9.999000000E+03 7.315900000E-01 5.926726198E+01
2.125710000E-02 -9.999000000E+03 6.616290000E-01 5.832404232E+01
2.160090000E-02 -9.999000000E+03 5.971790000E-01 5.739575666E+01
2.195030000E-02 -9.999000000E+03 5.372660000E-01 5.648214375E+01
2.230530000E-02 -9.999000000E+03 4.833650000E-01 5.558320220E+01
2.266610000E-02 -9.999000000E+03 4.381160000E-01 5.469842628E+01
2.303270000E-02 -9.999000000E+03 3.975240000E-01 5.382781871E+01
2.340530000E-02 -9.999000000E+03 3.626560000E-01 5.297090830E+01
2.378380000E-02 -9.999000000E+03 3.344410000E-01 5.212791900E+01
2.416850000E-02 -9.999000000E+03 3.084210000E-01 5.129817738E+01
2.455940000E-02 -9.999000000E+03 2.821820000E-01 5.048168929E+01
2.495660000E-02 -9.999000000E+03 2.570090000E-01 4.967824143E+01
2.536030000E-02 -9.999000000E+03 2.365940000E-01 4.888743430E+01
2.577050000E-02 -9.999000000E+03 2.227720000E-01 4.810927223E+01
2.618730000E-02 -9.999000000E+03 2.099170000E-01 4.734355966E+01
2.661090000E-02 -9.999000000E+03 2.064600000E-01 4.658993119E+01
2.704130000E-02 -9.999000000E+03 2.030590000E-01 4.584838747E+01
2.747860000E-02 -9.999000000E+03 2.042550000E-01 4.511874695E+01
2.792310000E-02 -9.999000000E+03 2.097530000E-01 4.440051427E+01
2.837470000E-02 -9.999000000E+03 2.153990000E-01 4.369385403E+01
2.883370000E-02 -9.999000000E+03 2.211960000E-01 4.299829713E+01
2.930000000E-02 4.978050000E+00 2.297080000E-01 4.231399317E+01
2.977390000E-02 4.942450000E+00 2.387080000E-01 4.164049721E+01
3.025550000E-02 4.909150000E+00 2.480610000E-01 4.097767348E+01
3.074490000E-02 4.877530000E+00 2.580730000E-01 4.032538730E+01
3.124210000E-02 4.848090000E+00 2.689950000E-01 3.968363202E+01
3.174750000E-02 4.820710000E+00 2.803800000E-01 3.905189385E+01
3.226090000E-02 4.795310000E+00 2.922470000E-01 3.843042197E+01
3.278270000E-02 4.772330000E+00 3.046150000E-01 3.781872756E+01
3.331300000E-02 4.752850000E+00 3.163070000E-01 3.721670219E+01
3.385180000E-02 4.733450000E+00 3.253680000E-01 3.662434494E+01
3.439930000E-02 4.714160000E+00 3.346880000E-01 3.604143108E+01
3.495570000E-02 4.695750000E+00 3.437380000E-01 3.546774918E+01
3.552110000E-02 4.677460000E+00 3.526390000E-01 3.490319838E+01
3.609560000E-02 4.659580000E+00 3.617690000E-01 3.434767673E+01
3.667940000E-02 4.642180000E+00 3.711360000E-01 3.380098911E+01
3.727270000E-02 4.625280000E+00 3.807460000E-01 3.326295117E+01
3.787550000E-02 4.608890000E+00 3.906050000E-01 3.273356127E+01
3.848820000E-02 4.593010000E+00 4.007180000E-01 3.221247032E+01
3.911070000E-02 4.577630000E+00 4.110940000E-01 3.169976503E+01
3.974320000E-02 4.562760000E+00 4.217390000E-01 3.119527366E+01
4.038610000E-02 4.548410000E+00 4.326580000E-01 3.069868098E+01
4.103930000E-02 4.534590000E+00 4.438610000E-01 3.021006694E+01
4.170310000E-02 4.521330000E+00 4.553540000E-01 2.972920478E+01
4.237760000E-02 4.508720000E+00 4.671450000E-01 2.925602205E+01
4.306300000E-02 4.496960000E+00 4.792400000E-01 2.879037689E+01
4.375950000E-02 4.486180000E+00 4.906900000E-01 2.833213359E+01
4.446730000E-02 4.475170000E+00 5.018720000E-01 2.788116211E+01
4.518650000E-02 4.464310000E+00 5.133080000E-01 2.743739834E+01
4.591740000E-02 4.453720000E+00 5.250050000E-01 2.700065770E+01
4.666000000E-02 4.443480000E+00 5.369680000E-01 2.657093871E+01
4.741470000E-02 4.433660000E+00 5.492040000E-01 2.614800895E+01
4.818160000E-02 4.424330000E+00 5.617190000E-01 2.573181463E+01
4.896090000E-02 4.415570000E+00 5.745190000E-01 2.532224694E+01
4.975280000E-02 4.407510000E+00 5.876100000E-01 2.491920053E+01
5.055760000E-02 4.400350000E+00 6.010000000E-01 2.452252480E+01
5.137530000E-02 4.394470000E+00 6.146950000E-01 2.413221918E+01
5.220620000E-02 4.390760000E+00 6.287030000E-01 2.374813719E+01
5.305060000E-02 4.392230000E+00 6.392880000E-01 2.337014096E+01
5.390870000E-02 4.389770000E+00 6.441380000E-01 2.299814316E+01
5.478060000E-02 4.384940000E+00 6.490260000E-01 2.263209968E+01
5.566670000E-02 4.378810000E+00 6.539500000E-01 2.227184295E+01
5.656700000E-02 4.371800000E+00 6.589110000E-01 2.191737232E+01
5.748200000E-02 4.364110000E+00 6.639110000E-01 2.156849101E+01
5.841170000E-02 4.355880000E+00 6.689480000E-01 2.122519975E+01
5.935640000E-02 4.347260000E+00 6.740230000E-01 2.088738535E+01
6.031650000E-02 4.338420000E+00 6.791370000E-01 2.055490620E+01
6.129210000E-02 4.329790000E+00 6.842900000E-01 2.022772919E+01
6.228340000E-02 4.322750000E+00 6.880050000E-01 1.990578549E+01
6.329080000E-02 4.313220000E+00 6.885150000E-01 1.958894500E+01
6.431450000E-02 4.301560000E+00 6.890240000E-01 1.927714590E+01
6.535470000E-02 4.288320000E+00 6.895350000E-01 1.897032654E+01
6.641180000E-02 4.273730000E+00 6.900450000E-01 1.866836918E+01
6.748590000E-02 4.257860000E+00 6.905560000E-01 1.837124496E+01
6.857750000E-02 4.240720000E+00 6.910670000E-01 1.807881594E+01
6.968670000E-02 4.222310000E+00 6.915790000E-01 1.779105626E+01
7.081380000E-02 4.202630000E+00 6.920910000E-01 1.750788688E+01
7.195910000E-02 4.181640000E+00 6.926030000E-01 1.722923161E+01
7.312300000E-02 4.159330000E+00 6.931160000E-01 1.695499364E+01
7.430570000E-02 4.135680000E+00 6.936290000E-01 1.668512644E+01
7.550760000E-02 4.110730000E+00 6.941430000E-01 1.641953923E+01
7.672890000E-02 4.084720000E+00 6.946570000E-01 1.615818811E+01
7.796990000E-02 4.057720000E+00 6.938180000E-01 1.590100795E+01
7.923100000E-02 4.027760000E+00 6.920600000E-01 1.564791559E+01
8.051250000E-02 3.995270000E+00 6.903060000E-01 1.539885111E+01
8.181470000E-02 3.960340000E+00 6.885580000E-01 1.515375599E+01
8.313800000E-02 3.922930000E+00 6.868130000E-01 1.491255503E+01
8.448270000E-02 3.882920000E+00 6.850730000E-01 1.467519386E+01
8.584910000E-02 3.840180000E+00 6.833370000E-01 1.444161907E+01
8.723770000E-02 3.794570000E+00 6.816050000E-01 1.421174561E+01
8.864870000E-02 3.745900000E+00 6.798790000E-01 1.398554068E+01
9.008250000E-02 3.693990000E+00 6.781560000E-01 1.376293953E+01
9.153950000E-02 3.638670000E+00 6.764380000E-01 1.354387996E+01
9.302010000E-02 3.579760000E+00 6.747230000E-01 1.332830216E+01
9.452460000E-02 3.517450000E+00 6.730140000E-01 1.311616235E+01
9.605350000E-02 3.453380000E+00 6.690230000E-01 1.290739015E+01
9.760710000E-02 3.381160000E+00 6.619180000E-01 1.270194484E+01
9.918580000E-02 3.301170000E+00 6.548880000E-01 1.249977315E+01
1.007900000E-01 3.213870000E+00 6.479320000E-01 1.230082349E+01
1.024200000E-01 3.118700000E+00 6.410510000E-01 1.210505761E+01
1.040770000E-01 3.014920000E+00 6.342430000E-01 1.191233414E+01
1.057600000E-01 2.901590000E+00 6.275070000E-01 1.172276853E+01
1.074710000E-01 2.777600000E+00 6.208420000E-01 1.153613533E+01
1.092090000E-01 2.641620000E+00 6.142480000E-01 1.135254420E+01
1.109750000E-01 2.492490000E+00 6.077250000E-01 1.117188556E+01
1.127700000E-01 2.327080000E+00 5.983300000E-01 1.099405870E+01
1.145940000E-01 2.140490000E+00 5.884390000E-01 1.081906557E+01
1.164480000E-01 1.929320000E+00 5.787120000E-01 1.064681231E+01
1.183310000E-01 1.688840000E+00 5.691450000E-01 1.047738970E+01
1.202450000E-01 1.411890000E+00 5.597360000E-01 1.031061583E+01
1.221900000E-01 1.088140000E+00 5.504830000E-01 1.014649317E+01
1.241660000E-01 7.017910000E-01 5.413830000E-01 9.985020054E+00
1.261750000E-01 2.271040000E-01 5.324330000E-01 9.826035268E+00
1.282150000E-01 -3.823960000E-01 5.236310000E-01 9.669695433E+00
1.302890000E-01 -1.225120000E+00 5.149750000E-01 9.515768791E+00
1.323970000E-01 -2.580990000E+00 5.064620000E-01 9.364260519E+00
1.345380000E-01 -6.429910000E+00 4.980890000E-01 9.215240304E+00
1.349000000E-01 -9.750360000E+00 4.967010000E-01 9.190511490E+00
1.351000000E-01 -9.780400000E+00 7.248210000E+00 9.176905996E+00
1.367140000E-01 -3.806880000E+00 7.376240000E+00 9.068566496E+00
1.389250000E-01 -2.118710000E+00 7.552810000E+00 8.924239698E+00
1.411720000E-01 -1.197000000E+00 7.733600000E+00 8.782194770E+00
1.434560000E-01 -5.413820000E-01 7.918720000E+00 8.642371180E+00
1.457760000E-01 -1.416020000E-02 8.108280000E+00 8.504829327E+00
1.481340000E-01 4.449850000E-01 8.302360000E+00 8.369449282E+00
1.505300000E-01 8.724700000E-01 8.501100000E+00 8.236231980E+00
1.529640000E-01 1.313260000E+00 8.704600000E+00 8.105175074E+00
1.554390000E-01 1.730130000E+00 8.807970000E+00 7.976119249E+00
1.579530000E-01 2.101060000E+00 8.911010000E+00 7.849170323E+00
1.605070000E-01 2.444140000E+00 9.015260000E+00 7.724273708E+00
1.631030000E-01 2.777460000E+00 9.120730000E+00 7.601331674E+00
1.657420000E-01 3.113130000E+00 9.227440000E+00 7.480300708E+00
1.684220000E-01 3.481350000E+00 9.335390000E+00 7.361271093E+00
1.711460000E-01 3.909620000E+00 9.324040000E+00 7.244107370E+00
1.739150000E-01 4.224550000E+00 9.221280000E+00 7.128769801E+00
1.767270000E-01 4.437980000E+00 9.119660000E+00 7.015340044E+00
1.795860000E-01 4.570840000E+00 9.019150000E+00 6.903656187E+00
1.824910000E-01 4.488350000E+00 8.919770000E+00 6.793759692E+00
1.854420000E-01 4.438270000E+00 9.232340000E+00 6.685648343E+00
1.884420000E-01 4.568130000E+00 9.572780000E+00 6.579212702E+00
1.914890000E-01 4.810790000E+00 9.925770000E+00 6.474523341E+00
1.945870000E-01 5.175140000E+00 1.029180000E+01 6.371443108E+00
1.977340000E-01 5.790930000E+00 1.063650000E+01 6.270039548E+00
2.009320000E-01 6.361320000E+00 1.055130000E+01 6.170246651E+00
2.041820000E-01 6.810580000E+00 1.046680000E+01 6.072033774E+00
2.074850000E-01 7.188380000E+00 1.038300000E+01 5.975371714E+00
2.108400000E-01 7.538600000E+00 1.029990000E+01 5.880288370E+00
2.142510000E-01 7.899180000E+00 1.020100000E+01 5.786670774E+00
2.177160000E-01 8.214300000E+00 1.006100000E+01 5.694574583E+00
2.212370000E-01 8.488640000E+00 9.922810000E+00 5.603945091E+00
2.248160000E-01 8.739230000E+00 9.786550000E+00 5.514732048E+00
2.284520000E-01 8.969130000E+00 9.652180000E+00 5.426960587E+00
2.321470000E-01 9.177020000E+00 9.519640000E+00 5.340581614E+00
2.359020000E-01 9.368140000E+00 9.405940000E+00 5.255572229E+00
2.397170000E-01 9.557500000E+00 9.300220000E+00 5.171931903E+00
2.435950000E-01 9.744550000E+00 9.195680000E+00 5.089595435E+00
2.475350000E-01 9.926360000E+00 9.092330000E+00 5.008584645E+00
2.515380000E-01 1.010320000E+01 8.990120000E+00 4.928877545E+00
2.556070000E-01 1.027560000E+01 8.889070000E+00 4.850414895E+00
2.597410000E-01 1.044400000E+01 8.789160000E+00 4.773216396E+00
2.639420000E-01 1.060920000E+01 8.690370000E+00 4.697244092E+00
2.682110000E-01 1.077230000E+01 8.592700000E+00 4.622480062E+00
2.725490000E-01 1.093460000E+01 8.496110000E+00 4.548906802E+00
2.769570000E-01 1.109920000E+01 8.400620000E+00 4.476507183E+00
2.814370000E-01 1.127990000E+01 8.297840000E+00 4.405248777E+00
2.859890000E-01 1.144200000E+01 8.164940000E+00 4.335131771E+00
2.906150000E-01 1.158760000E+01 8.034170000E+00 4.266125286E+00
2.953150000E-01 1.172250000E+01 7.905500000E+00 4.198229010E+00
3.000920000E-01 1.184940000E+01 7.778880000E+00 4.131399704E+00
3.049450000E-01 1.196960000E+01 7.654290000E+00 4.065651183E+00
3.098780000E-01 1.208400000E+01 7.531710000E+00 4.000929398E+00
3.148900000E-01 1.219320000E+01 7.411080000E+00 3.937247928E+00
3.199830000E-01 1.229780000E+01 7.292380000E+00 3.874580837E+00
3.251580000E-01 1.239800000E+01 7.175590000E+00 3.812915567E+00
3.304180000E-01 1.249440000E+01 7.060670000E+00 3.752216889E+00
3.357620000E-01 1.258730000E+01 6.947580000E+00 3.692496471E+00
3.411920000E-01 1.267690000E+01 6.836310000E+00 3.633731154E+00
3.467110000E-01 1.276360000E+01 6.726820000E+00 3.575888853E+00
3.523190000E-01 1.284770000E+01 6.619090000E+00 3.518970024E+00
3.580170000E-01 1.292950000E+01 6.513080000E+00 3.462964049E+00
3.638080000E-01 1.300920000E+01 6.408760000E+00 3.407841499E+00
3.696920000E-01 1.308740000E+01 6.306120000E+00 3.353602458E+00
3.756720000E-01 1.316450000E+01 6.205120000E+00 3.300219340E+00
3.817480000E-01 1.324150000E+01 6.105750000E+00 3.247692195E+00
3.879220000E-01 1.332120000E+01 6.006350000E+00 3.196003320E+00
3.941970000E-01 1.340250000E+01 5.903910000E+00 3.145127944E+00
4.005730000E-01 1.348110000E+01 5.791780000E+00 3.095066318E+00
4.070520000E-01 1.354970000E+01 5.677350000E+00 3.045802502E+00
4.136350000E-01 1.361200000E+01 5.565360000E+00 2.997328563E+00
4.203260000E-01 1.367010000E+01 5.455500000E+00 2.949615299E+00
4.271240000E-01 1.372480000E+01 5.347770000E+00 2.902669951E+00
4.340320000E-01 1.377660000E+01 5.242100000E+00 2.856471412E+00
4.410520000E-01 1.382630000E+01 5.138550000E+00 2.811006412E+00
4.481860000E-01 1.387650000E+01 5.036300000E+00 2.766262221E+00
4.554350000E-01 1.392400000E+01 4.932390000E+00 2.722232591E+00
4.628020000E-01 1.396810000E+01 4.827900000E+00 2.678899400E+00
4.702870000E-01 1.400800000E+01 4.724160000E+00 2.636262538E+00
4.778940000E-01 1.404390000E+01 4.622510000E+00 2.594299154E+00
4.856230000E-01 1.407720000E+01 4.523200000E+00 2.553009227E+00
4.934780000E-01 1.410820000E+01 4.426100000E+00 2.512371372E+00
5.014590000E-01 1.413760000E+01 4.331160000E+00 2.472385579E+00
5.095700000E-01 1.416560000E+01 4.238090000E+00 2.433031772E+00
5.178120000E-01 1.419290000E+01 4.146640000E+00 2.394305269E+00
5.261870000E-01 1.421950000E+01 4.056030000E+00 2.356196561E+00
5.346980000E-01 1.424480000E+01 3.965110000E+00 2.318692047E+00
5.433460000E-01 1.426760000E+01 3.875110000E+00 2.281787296E+00
5.521340000E-01 1.429090000E+01 3.787200000E+00 2.245469397E+00
5.610650000E-01 1.431270000E+01 3.693000000E+00 2.209726146E+00
5.701390000E-01 1.432450000E+01 3.598320000E+00 2.174557432E+00
5.793610000E-01 1.433220000E+01 3.512890000E+00 2.139943835E+00
5.887320000E-01 1.433940000E+01 3.431560000E+00 2.105881793E+00
5.982540000E-01 1.434760000E+01 3.353390000E+00 2.072363912E+00
6.079300000E-01 1.435610000E+01 3.277010000E+00 2.039379534E+00
6.177630000E-01 1.436520000E+01 3.202350000E+00 2.006918511E+00
6.277550000E-01 1.437640000E+01 3.128990000E+00 1.974974313E+00
6.379080000E-01 1.438890000E+01 3.052640000E+00 1.943540448E+00
6.482260000E-01 1.439970000E+01 2.971380000E+00 1.912604555E+00
6.587110000E-01 1.440260000E+01 2.887940000E+00 1.882160765E+00
6.693650000E-01 1.439780000E+01 2.806810000E+00 1.852203208E+00
6.801910000E-01 1.438720000E+01 2.735380000E+00 1.822723323E+00
6.911930000E-01 1.437870000E+01 2.671410000E+00 1.793710295E+00
7.023720000E-01 1.437600000E+01 2.610540000E+00 1.765161481E+00
7.137330000E-01 1.437520000E+01 2.547300000E+00 1.737064140E+00
7.252770000E-01 1.437210000E+01 2.483060000E+00 1.709415851E+00
7.370080000E-01 1.436760000E+01 2.420450000E+00 1.682206977E+00
7.489280000E-01 1.436220000E+01 2.359420000E+00 1.655432832E+00
7.610420000E-01 1.435640000E+01 2.299870000E+00 1.629082232E+00
7.733510000E-01 1.435080000E+01 2.241350000E+00 1.603153031E+00
7.858590000E-01 1.434480000E+01 2.182670000E+00 1.577636701E+00
7.985700000E-01 1.433670000E+01 2.124200000E+00 1.552525139E+00
8.114860000E-01 1.432710000E+01 2.067310000E+00 1.527814405E+00
8.246110000E-01 1.431640000E+01 2.011930000E+00 1.503496800E+00
8.379490000E-01 1.430480000E+01 1.958030000E+00 1.479564985E+00
8.515020000E-01 1.429220000E+01 1.905790000E+00 1.456015370E+00
8.652740000E-01 1.427900000E+01 1.855170000E+00 1.432840927E+00
8.792690000E-01 1.426540000E+01 1.806100000E+00 1.410034927E+00
8.934910000E-01 1.425140000E+01 1.758350000E+00 1.387590921E+00
9.079430000E-01 1.423700000E+01 1.711850000E+00 1.365504222E+00
9.226280000E-01 1.422240000E+01 1.666580000E+00 1.343770187E+00
9.375510000E-01 1.420730000E+01 1.622250000E+00 1.322381396E+00
9.527150000E-01 1.419170000E+01 1.579060000E+00 1.301333557E+00
9.681240000E-01 1.417560000E+01 1.536980000E+00 1.280621077E+00
9.837830000E-01 1.415920000E+01 1.496040000E+00 1.260237268E+00
9.996950000E-01 1.414230000E+01 1.456210000E+00 1.240178254E+00
1.015860000E+00 1.412510000E+01 1.417470000E+00 1.220443762E+00
1.032290000E+00 1.410790000E+01 1.379830000E+00 1.201019093E+00
1.048990000E+00 1.409050000E+01 1.342730000E+00 1.181898779E+00
1.065960000E+00 1.407240000E+01 1.306150000E+00 1.163083043E+00
1.083200000E+00 1.405350000E+01 1.270560000E+00 1.144571640E+00
1.100720000E+00 1.403410000E+01 1.235960000E+00 1.126353659E+00
1.118520000E+00 1.401420000E+01 1.202320000E+00 1.108428995E+00
1.136610000E+00 1.399390000E+01 1.169560000E+00 1.090787517E+00
1.155000000E+00 1.397300000E+01 1.137700000E+00 1.073419913E+00
1.173680000E+00 1.395160000E+01 1.106730000E+00 1.056335628E+00
1.192660000E+00 1.392970000E+01 1.076570000E+00 1.039525095E+00
1.211950000E+00 1.390720000E+01 1.047230000E+00 1.022979496E+00
1.231550000E+00 1.388410000E+01 1.018670000E+00 1.006698875E+00
1.251470000E+00 1.386040000E+01 9.909960000E-01 9.906749662E-01
1.271720000E+00 1.383600000E+01 9.641460000E-01 9.749001352E-01
1.292290000E+00 1.381100000E+01 9.381070000E-01 9.593821820E-01
1.313190000E+00 1.378540000E+01 9.127750000E-01 9.441131900E-01
1.334430000E+00 1.375910000E+01 8.881280000E-01 9.290858269E-01
1.356010000E+00 1.373190000E+01 8.641450000E-01 9.143000420E-01
1.377940000E+00 1.370390000E+01 8.408140000E-01 8.997489005E-01
1.400230000E+00 1.367480000E+01 8.181120000E-01 8.854259657E-01
1.422880000E+00 1.364470000E+01 7.960240000E-01 8.713313842E-01
1.445890000E+00 1.361340000E+01 7.745300000E-01 8.574649524E-01
1.469280000E+00 1.358070000E+01 7.536730000E-01 8.438146575E-01
1.493040000E+00 1.354650000E+01 7.334580000E-01 8.303863259E-01
1.517190000E+00 1.351080000E+01 7.141440000E-01 8.171685814E-01
1.541730000E+00 1.347360000E+01 6.953860000E-01 8.041615588E-01
1.566670000E+00 1.343450000E+01 6.771140000E-01 7.913600184E-01
1.592010000E+00 1.339330000E+01 6.593320000E-01 7.787639525E-01
1.617760000E+00 1.334970000E+01 6.420150000E-01 7.663683117E-01
1.643920000E+00 1.330320000E+01 6.251480000E-01 7.541729525E-01
1.670510000E+00 1.325360000E+01 6.087230000E-01 7.421685593E-01
1.697530000E+00 1.320040000E+01 5.927320000E-01 7.303552809E-01
1.724990000E+00 1.314300000E+01 5.771640000E-01 7.187288042E-01
1.752890000E+00 1.308060000E+01 5.614790000E-01 7.072891054E-01
1.781240000E+00 1.301180000E+01 5.460480000E-01 6.960319777E-01
1.810050000E+00 1.293550000E+01 5.309170000E-01 6.849534543E-01
1.839320000E+00 1.285010000E+01 5.162000000E-01 6.740534545E-01
1.869070000E+00 1.275350000E+01 5.018890000E-01 6.633245411E-01
1.899300000E+00 1.264260000E+01 4.879770000E-01 6.527668088E-01
1.930020000E+00 1.251320000E+01 4.744480000E-01 6.423767629E-01
1.961240000E+00 1.235880000E+01 4.612960000E-01 6.321510881E-01
1.992960000E+00 1.216870000E+01 4.485130000E-01 6.220897559E-01
2.025200000E+00 1.192490000E+01 4.363610000E-01 6.121864507E-01
2.057950000E+00 1.158950000E+01 4.238950000E-01 6.024441799E-01
2.091240000E+00 1.106760000E+01 4.116650000E-01 5.928540005E-01
2.125060000E+00 9.954150000E+00 3.997000000E-01 5.834188211E-01
2.145400000E+00 3.545950000E+00 3.927620000E-01 5.778875734E-01
2.145600000E+00 3.547650000E+00 4.222840000E+00 5.778337062E-01
2.159430000E+00 9.609590000E+00 4.185090000E+00 5.741329888E-01
2.194360000E+00 1.121870000E+01 4.092330000E+00 5.649938934E-01
2.229850000E+00 1.194230000E+01 4.000670000E+00 5.560015248E-01
2.265920000E+00 1.242190000E+01 3.910210000E+00 5.471508262E-01
2.302570000E+00 1.278260000E+01 3.821000000E+00 5.384418280E-01
2.339810000E+00 1.307190000E+01 3.732930000E+00 5.298720836E-01
2.377660000E+00 1.331270000E+01 3.646050000E+00 5.214370431E-01
2.416110000E+00 1.351860000E+01 3.560550000E+00 5.131388885E-01
2.455190000E+00 1.369760000E+01 3.476300000E+00 5.049711020E-01
2.494900000E+00 1.385530000E+01 3.393390000E+00 4.969337448E-01
2.535260000E+00 1.399570000E+01 3.311850000E+00 4.890228221E-01
2.576260000E+00 1.412160000E+01 3.231750000E+00 4.812402475E-01
2.617930000E+00 1.423520000E+01 3.152960000E+00 4.735802714E-01
2.660270000E+00 1.433830000E+01 3.075760000E+00 4.660429205E-01
2.703300000E+00 1.443210000E+01 2.999680000E+00 4.586246440E-01
2.747030000E+00 1.451770000E+01 2.925120000E+00 4.513237933E-01
2.791460000E+00 1.459610000E+01 2.851950000E+00 4.441403423E-01
2.836610000E+00 1.466790000E+01 2.780220000E+00 4.370710108E-01
2.882490000E+00 1.473400000E+01 2.709920000E+00 4.301142415E-01
2.929110000E+00 1.479470000E+01 2.640910000E+00 4.232685014E-01
2.976480000E+00 1.485060000E+01 2.573410000E+00 4.165322797E-01
3.024630000E+00 1.490200000E+01 2.507310000E+00 4.099013764E-01
3.073550000E+00 1.494960000E+01 2.442700000E+00 4.033772023E-01
3.123260000E+00 1.499350000E+01 2.379240000E+00 3.969570257E-01
3.173780000E+00 1.503390000E+01 2.317150000E+00 3.906382925E-01
3.225110000E+00 1.507100000E+01 2.256490000E+00 3.844209965E-01
3.277270000E+00 1.510530000E+01 2.197150000E+00 3.783026727E-01
3.330280000E+00 1.513690000E+01 2.139100000E+00 3.722810094E-01
3.384150000E+00 1.516600000E+01 2.082370000E+00 3.663549193E-01
3.438880000E+00 1.519270000E+01 2.026910000E+00 3.605243568E-01
3.494500000E+00 1.521720000E+01 1.972730000E+00 3.547860924E-01
3.551020000E+00 1.523970000E+01 1.919810000E+00 3.491391206E-01
3.608460000E+00 1.526030000E+01 1.868110000E+00 3.435814724E-01
3.666820000E+00 1.527910000E+01 1.817620000E+00 3.381131335E-01
3.726130000E+00 1.529620000E+01 1.768330000E+00 3.327312788E-01
3.786400000E+00 1.531180000E+01 1.720210000E+00 3.274350306E-01
3.847640000E+00 1.532590000E+01 1.673250000E+00 3.222234928E-01
3.909870000E+00 1.533870000E+01 1.627430000E+00 3.170949418E-01
3.973110000E+00 1.535020000E+01 1.582740000E+00 3.120477409E-01
4.037380000E+00 1.536050000E+01 1.539140000E+00 3.070803343E-01
4.102680000E+00 1.536970000E+01 1.496610000E+00 3.021927131E-01
4.169030000E+00 1.537780000E+01 1.455150000E+00 2.973833242E-01
4.236460000E+00 1.538500000E+01 1.414720000E+00 2.926499955E-01
4.304980000E+00 1.539120000E+01 1.375290000E+00 2.879920464E-01
4.374620000E+00 1.539660000E+01 1.336870000E+00 2.834074731E-01
4.445370000E+00 1.540110000E+01 1.299430000E+00 2.788969197E-01
4.517270000E+00 1.540490000E+01 1.262950000E+00 2.744578031E-01
4.590330000E+00 1.540800000E+01 1.227420000E+00 2.700895143E-01
4.664580000E+00 1.541050000E+01 1.192780000E+00 2.657902748E-01
4.740030000E+00 1.541230000E+01 1.159060000E+00 2.615595260E-01
4.816690000E+00 1.541350000E+01 1.126210000E+00 2.573966770E-01
4.894600000E+00 1.541420000E+01 1.094230000E+00 2.532995546E-01
4.973770000E+00 1.541440000E+01 1.063060000E+00 2.492676581E-01
5.054210000E+00 1.541410000E+01 1.032740000E+00 2.453004525E-01
5.135960000E+00 1.541340000E+01 1.003230000E+00 2.413959610E-01
5.219030000E+00 1.541230000E+01 9.745050000E-01 2.375537217E-01
5.303440000E+00 1.541080000E+01 9.465280000E-01 2.337727965E-01
5.389220000E+00 1.540900000E+01 9.193100000E-01 2.300518442E-01
5.476390000E+00 1.540680000E+01 8.928280000E-01 2.263900124E-01
5.564970000E+00 1.540430000E+01 8.670470000E-01 2.227864661E-01
5.654980000E+00 1.540160000E+01 8.419860000E-01 2.192403863E-01
5.746440000E+00 1.539850000E+01 8.175830000E-01 2.157509693E-01
5.839390000E+00 1.539530000E+01 7.938810000E-01 2.123166975E-01
5.933830000E+00 1.539180000E+01 7.707950000E-01 2.089375665E-01
6.029810000E+00 1.538820000E+01 7.483230000E-01 2.056117854E-01
6.127330000E+00 1.538430000E+01 7.265320000E-01 2.023393550E-01
6.226440000E+00 1.538030000E+01 7.052920000E-01 1.991185975E-01
6.327150000E+00 1.537610000E+01 6.846700000E-01 1.959492030E-01
6.429480000E+00 1.537180000E+01 6.646050000E-01 1.928305244E-01
6.533480000E+00 1.536740000E+01 6.450710000E-01 1.897610462E-01
6.639150000E+00 1.536280000E+01 6.261220000E-01 1.867407725E-01
6.746540000E+00 1.535820000E+01 6.076800000E-01 1.837682723E-01
6.855650000E+00 1.535340000E+01 5.897680000E-01 1.808435378E-01
6.966540000E+00 1.534860000E+01 5.723840000E-01 1.779649582E-01
7.079220000E+00 1.534370000E+01 5.554270000E-01 1.751322886E-01
7.193720000E+00 1.533880000E+01 5.390000000E-01 1.723447674E-01
7.310070000E+00 1.533380000E+01 5.230220000E-01 1.696016591E-01
7.428310000E+00 1.532880000E+01 5.074940000E-01 1.669020275E-01
7.548450000E+00 1.532370000E+01 4.924060000E-01 1.642456398E-01
7.670540000E+00 1.531860000E+01 4.777500000E-01 1.616313845E-01
7.794610000E+00 1.531350000E+01 4.635150000E-01 1.590586315E-01
7.920680000E+00 1.530840000E+01 4.496840000E-01 1.565269649E-01
8.048790000E+00 1.530330000E+01 4.362440000E-01 1.540355755E-01
8.178980000E+00 1.529810000E+01 4.231940000E-01 1.515836938E-01
8.311260000E+00 1.529300000E+01 4.105150000E-01 1.491711245E-01
8.445690000E+00 1.528790000E+01 3.982080000E-01 1.467967685E-01
8.582290000E+00 1.528280000E+01 3.862480000E-01 1.444602781E-01
8.721110000E+00 1.527770000E+01 3.746380000E-01 1.421608029E-01
8.862160000E+00 1.527270000E+01 3.633590000E-01 1.398981738E-01
9.005500000E+00 1.526760000E+01 3.524110000E-01 1.376714230E-01
9.151160000E+00 1.526260000E+01 3.417800000E-01 1.354800921E-01
9.299170000E+00 1.525770000E+01 3.314570000E-01 1.333237267E-01
9.449580000E+00 1.525270000E+01 3.214310000E-01 1.312015984E-01
9.602420000E+00 1.524780000E+01 3.117000000E-01 1.291132860E-01
9.757730000E+00 1.524300000E+01 3.022540000E-01 1.270582400E-01
9.915550000E+00 1.523820000E+01 2.930890000E-01 1.250359284E-01
1.007590000E+01 1.523340000E+01 2.841850000E-01 1.230460803E-01
1.023890000E+01 1.522870000E+01 2.755430000E-01 1.210872262E-01
1.040450000E+01 1.522400000E+01 2.671530000E-01 1.191599789E-01
1.057280000E+01 1.521940000E+01 2.590100000E-01 1.172631659E-01
1.074380000E+01 1.521480000E+01 2.511060000E-01 1.153967870E-01
1.091760000E+01 1.521030000E+01 2.434350000E-01 1.135597567E-01
1.109420000E+01 1.520590000E+01 2.359890000E-01 1.117520867E-01
1.127360000E+01 1.520150000E+01 2.287640000E-01 1.099737440E-01
1.145590000E+01 1.519710000E+01 2.217510000E-01 1.082237101E-01
1.164120000E+01 1.519280000E+01 2.149460000E-01 1.065010480E-01
1.182950000E+01 1.518860000E+01 2.083420000E-01 1.048057822E-01
1.202080000E+01 1.518440000E+01 2.019340000E-01 1.031378943E-01
1.221530000E+01 1.518030000E+01 1.957150000E-01 1.014956653E-01
1.241280000E+01 1.517630000E+01 1.896810000E-01 9.988076824E-02
1.261360000E+01 1.517230000E+01 1.838270000E-01 9.829073381E-02
1.281760000E+01 1.516840000E+01 1.781460000E-01 9.672637623E-02
1.302500000E+01 1.516450000E+01 1.726340000E-01 9.518618042E-02
1.323560000E+01 1.516070000E+01 1.672870000E-01 9.367161292E-02
1.344970000E+01 1.515690000E+01 1.620990000E-01 9.218049473E-02
1.366720000E+01 1.515320000E+01 1.570650000E-01 9.071353313E-02
1.388830000E+01 1.514960000E+01 1.521820000E-01 8.926938502E-02
1.411290000E+01 1.514600000E+01 1.474450000E-01 8.784870579E-02
1.434120000E+01 1.514250000E+01 1.428490000E-01 8.645022732E-02
1.457310000E+01 1.513910000E+01 1.383910000E-01 8.507455517E-02
1.480890000E+01 1.513570000E+01 1.340670000E-01 8.371992518E-02
1.504840000E+01 1.513240000E+01 1.298710000E-01 8.238749635E-02
1.529180000E+01 1.512910000E+01 1.258020000E-01 8.107613231E-02
1.553910000E+01 1.512590000E+01 1.218550000E-01 7.978583058E-02
1.579040000E+01 1.512270000E+01 1.180270000E-01 7.851606039E-02
1.604580000E+01 1.511960000E+01 1.143130000E-01 7.726632514E-02
1.630540000E+01 1.511660000E+01 1.107110000E-01 7.603615980E-02
1.656910000E+01 1.511360000E+01 1.072180000E-01 7.482603159E-02
1.683710000E+01 1.511060000E+01 1.038290000E-01 7.363500840E-02
1.710940000E+01 1.510780000E+01 1.005430000E-01 7.246309046E-02
1.738610000E+01 1.510490000E+01 9.735590000E-02 7.130983947E-02
1.766740000E+01 1.510220000E+01 9.426470000E-02 7.017444559E-02
1.795310000E+01 1.509940000E+01 9.126680000E-02 6.905771148E-02
1.824350000E+01 1.509680000E+01 8.835940000E-02 6.795845096E-02
1.853860000E+01 1.509420000E+01 8.553990000E-02 6.687667893E-02
1.883840000E+01 1.509160000E+01 8.280550000E-02 6.581238322E-02
1.914310000E+01 1.508910000E+01 8.015380000E-02 6.476485000E-02
1.945270000E+01 1.508660000E+01 7.758240000E-02 6.373408319E-02
1.976740000E+01 1.508420000E+01 7.508860000E-02 6.271942694E-02
2.008710000E+01 1.508180000E+01 7.268020000E-02 6.172120416E-02
2.041200000E+01 1.507950000E+01 7.033660000E-02 6.073878111E-02
2.074210000E+01 1.507720000E+01 6.806650000E-02 5.977215422E-02
2.107760000E+01 1.507500000E+01 6.586730000E-02 5.882073860E-02
2.141850000E+01 1.507280000E+01 6.373710000E-02 5.788453907E-02
2.176500000E+01 1.507060000E+01 6.167360000E-02 5.696301401E-02
2.211700000E+01 1.506850000E+01 5.967500000E-02 5.605642718E-02
2.247470000E+01 1.506650000E+01 5.773920000E-02 5.516425136E-02
2.283820000E+01 1.506450000E+01 5.586430000E-02 5.428623972E-02
2.320760000E+01 1.506250000E+01 5.404840000E-02 5.342215481E-02
2.358300000E+01 1.506060000E+01 5.228970000E-02 5.257176780E-02
2.396440000E+01 1.505870000E+01 5.058650000E-02 5.173507369E-02
2.435200000E+01 1.505680000E+01 4.893710000E-02 5.091162943E-02
2.474590000E+01 1.505500000E+01 4.733980000E-02 5.010122889E-02
2.514620000E+01 1.505320000E+01 4.579300000E-02 4.930367213E-02
2.555290000E+01 1.505150000E+01 4.429530000E-02 4.851895480E-02
2.596620000E+01 1.504980000E+01 4.284500000E-02 4.774668608E-02
2.638610000E+01 1.504820000E+01 4.144070000E-02 4.698686051E-02
2.681290000E+01 1.504650000E+01 4.008100000E-02 4.623893723E-02
2.724660000E+01 1.504500000E+01 3.876450000E-02 4.550292514E-02
2.768730000E+01 1.504340000E+01 3.748990000E-02 4.477865303E-02
2.813510000E+01 1.504190000E+01 3.625580000E-02 4.406595320E-02
2.859020000E+01 1.504040000E+01 3.506120000E-02 4.336450952E-02
2.905260000E+01 1.503900000E+01 3.390460000E-02 4.267432175E-02
2.952250000E+01 1.503770000E+01 3.278490000E-02 4.199508849E-02
3.000000000E+01 1.503590000E+01 3.170110000E-02 4.132666667E-02
