# Data retrieved from henke.lbl.gov/optical_constants 03/01/2021
# Element, Ra  (Z = 88) 
# Atomic weight*, g mol-1 = 226.0254 
# Nominal density*, g cm-3 =  0 
# Relativistic correction estimate f_rel(5CL)*,  e atom-1 =  0 
# Nuclear Thomson correction f_NT*, e atom-1 =  0 
#    E [keV]      f1 [e atom-1]      f2 [e atom-1]    Wavelength [nm] 
1.000000000E-02 -9.999000000E+03 4.161550000E-02 1.239800000E+02
1.016170000E-02 -9.999000000E+03 4.478910000E-02 1.220071445E+02
1.032610000E-02 -9.999000000E+03 4.820470000E-02 1.200646904E+02
1.049310000E-02 -9.999000000E+03 5.188080000E-02 1.181538344E+02
1.066280000E-02 -9.999000000E+03 5.583730000E-02 1.162733991E+02
1.083530000E-02 -9.999000000E+03 6.009540000E-02 1.144223049E+02
1.101060000E-02 -9.999000000E+03 6.467840000E-02 1.126005849E+02
1.118860000E-02 -9.999000000E+03 6.961080000E-02 1.108092165E+02
1.136960000E-02 -9.999000000E+03 7.491930000E-02 1.090451731E+02
1.155350000E-02 -9.999000000E+03 8.102390000E-02 1.073094733E+02
1.174040000E-02 -9.999000000E+03 8.956580000E-02 1.056011720E+02
1.193030000E-02 -9.999000000E+03 9.835880000E-02 1.039202702E+02
1.212320000E-02 -9.999000000E+03 1.060420000E-01 1.022667283E+02
1.231930000E-02 -9.999000000E+03 1.143250000E-01 1.006388350E+02
1.251860000E-02 -9.999000000E+03 1.232560000E-01 9.903663349E+01
1.272100000E-02 -9.999000000E+03 1.341440000E-01 9.746089144E+01
1.292680000E-02 -9.999000000E+03 1.460050000E-01 9.590927376E+01
1.313590000E-02 -9.999000000E+03 1.592230000E-01 9.438256990E+01
1.334830000E-02 -9.999000000E+03 1.778300000E-01 9.288074137E+01
1.356420000E-02 -9.999000000E+03 1.986120000E-01 9.140236800E+01
1.378360000E-02 -9.999000000E+03 2.181470000E-01 8.994747381E+01
1.400660000E-02 -9.999000000E+03 2.382320000E-01 8.851541416E+01
1.423310000E-02 -9.999000000E+03 2.614040000E-01 8.710681440E+01
1.446330000E-02 -9.999000000E+03 3.100390000E-01 8.572040959E+01
1.469730000E-02 -9.999000000E+03 3.463010000E-01 8.435562995E+01
1.493500000E-02 -9.999000000E+03 3.943220000E-01 8.301305658E+01
1.517650000E-02 -9.999000000E+03 4.507380000E-01 8.169208974E+01
1.542200000E-02 -9.999000000E+03 5.076850000E-01 8.039164829E+01
1.567140000E-02 -9.999000000E+03 6.016510000E-01 7.911226821E+01
1.592490000E-02 -9.999000000E+03 7.741020000E-01 7.785292215E+01
1.618250000E-02 -9.999000000E+03 1.024880000E+00 7.661362583E+01
1.644420000E-02 -9.999000000E+03 1.518830000E+00 7.539436397E+01
1.671020000E-02 -9.999000000E+03 2.219840000E+00 7.419420474E+01
1.698050000E-02 -9.999000000E+03 3.072940000E+00 7.301316216E+01
1.725510000E-02 -9.999000000E+03 3.836270000E+00 7.185122080E+01
1.753420000E-02 -9.999000000E+03 4.656830000E+00 7.070753157E+01
1.781780000E-02 -9.999000000E+03 5.539030000E+00 6.958210329E+01
1.810600000E-02 -9.999000000E+03 6.336540000E+00 6.847453883E+01
1.839890000E-02 -9.999000000E+03 7.248890000E+00 6.738446320E+01
1.869640000E-02 -9.999000000E+03 7.794410000E+00 6.631223123E+01
1.899880000E-02 -9.999000000E+03 8.378950000E+00 6.525675306E+01
1.930610000E-02 -9.999000000E+03 9.007330000E+00 6.421804507E+01
1.961840000E-02 -9.999000000E+03 9.348820000E+00 6.319577539E+01
1.993570000E-02 -9.999000000E+03 9.661550000E+00 6.218994066E+01
2.025820000E-02 -9.999000000E+03 9.946110000E+00 6.119990917E+01
2.058580000E-02 -9.999000000E+03 1.021400000E+01 6.022598102E+01
2.091880000E-02 -9.999000000E+03 1.048900000E+01 5.926726198E+01
2.125710000E-02 -9.999000000E+03 1.066660000E+01 5.832404232E+01
2.160090000E-02 -9.999000000E+03 1.079060000E+01 5.739575666E+01
2.195030000E-02 -9.999000000E+03 1.091610000E+01 5.648214375E+01
2.230530000E-02 -9.999000000E+03 1.096290000E+01 5.558320220E+01
2.266610000E-02 -9.999000000E+03 1.099020000E+01 5.469842628E+01
2.303270000E-02 -9.999000000E+03 1.101760000E+01 5.382781871E+01
2.340530000E-02 -9.999000000E+03 1.104510000E+01 5.297090830E+01
2.378380000E-02 -9.999000000E+03 1.107880000E+01 5.212791900E+01
2.416850000E-02 -9.999000000E+03 1.112010000E+01 5.129817738E+01
2.455940000E-02 -9.999000000E+03 1.116150000E+01 5.048168929E+01
2.495660000E-02 -9.999000000E+03 1.120300000E+01 4.967824143E+01
2.536030000E-02 -9.999000000E+03 1.124470000E+01 4.888743430E+01
2.577050000E-02 -9.999000000E+03 1.126540000E+01 4.810927223E+01
2.618730000E-02 -9.999000000E+03 1.116280000E+01 4.734355966E+01
2.661090000E-02 -9.999000000E+03 1.106120000E+01 4.658993119E+01
2.704130000E-02 -9.999000000E+03 1.096060000E+01 4.584838747E+01
2.747860000E-02 -9.999000000E+03 1.086080000E+01 4.511874695E+01
2.792310000E-02 -9.999000000E+03 1.069470000E+01 4.440051427E+01
2.837470000E-02 -9.999000000E+03 1.033800000E+01 4.369385403E+01
2.883370000E-02 -9.999000000E+03 9.993210000E+00 4.299829713E+01
2.930000000E-02 1.002310000E+01 9.659930000E+00 4.231399317E+01
2.977390000E-02 1.038690000E+01 9.313870000E+00 4.164049721E+01
3.025550000E-02 1.067310000E+01 8.801510000E+00 4.097767348E+01
3.074490000E-02 1.083780000E+01 8.317360000E+00 4.032538730E+01
3.124210000E-02 1.092760000E+01 7.859820000E+00 3.968363202E+01
3.174750000E-02 1.095640000E+01 7.427460000E+00 3.905189385E+01
3.226090000E-02 1.091560000E+01 7.037940000E+00 3.843042197E+01
3.278270000E-02 1.087500000E+01 6.728260000E+00 3.781872756E+01
3.331300000E-02 1.084010000E+01 6.432210000E+00 3.721670219E+01
3.385180000E-02 1.079750000E+01 6.149180000E+00 3.662434494E+01
3.439930000E-02 1.074490000E+01 5.878610000E+00 3.604143108E+01
3.495570000E-02 1.068210000E+01 5.619940000E+00 3.546774918E+01
3.552110000E-02 1.060940000E+01 5.372660000E+00 3.490319838E+01
3.609560000E-02 1.052750000E+01 5.136260000E+00 3.434767673E+01
3.667940000E-02 1.043780000E+01 4.910250000E+00 3.380098911E+01
3.727270000E-02 1.034400000E+01 4.693560000E+00 3.326295117E+01
3.787550000E-02 1.023880000E+01 4.471250000E+00 3.273356127E+01
3.848820000E-02 1.011750000E+01 4.259450000E+00 3.221247032E+01
3.911070000E-02 9.983720000E+00 4.057700000E+00 3.169976503E+01
3.974320000E-02 9.839460000E+00 3.865490000E+00 3.119527366E+01
4.038610000E-02 9.685480000E+00 3.682390000E+00 3.069868098E+01
4.103930000E-02 9.522300000E+00 3.507970000E+00 3.021006694E+01
4.170310000E-02 9.350410000E+00 3.341810000E+00 2.972920478E+01
4.237760000E-02 9.170940000E+00 3.183510000E+00 2.925602205E+01
4.306300000E-02 8.986570000E+00 3.032100000E+00 2.879037689E+01
4.375950000E-02 8.790120000E+00 2.876240000E+00 2.833213359E+01
4.446730000E-02 8.578170000E+00 2.728390000E+00 2.788116211E+01
4.518650000E-02 8.353570000E+00 2.588140000E+00 2.743739834E+01
4.591740000E-02 8.116930000E+00 2.455100000E+00 2.700065770E+01
4.666000000E-02 7.868330000E+00 2.328900000E+00 2.657093871E+01
4.741470000E-02 7.607770000E+00 2.209180000E+00 2.614800895E+01
4.818160000E-02 7.336370000E+00 2.095620000E+00 2.573181463E+01
4.896090000E-02 7.055860000E+00 1.980100000E+00 2.532224694E+01
4.975280000E-02 6.750560000E+00 1.864950000E+00 2.491920053E+01
5.055760000E-02 6.423060000E+00 1.756500000E+00 2.452252480E+01
5.137530000E-02 6.072390000E+00 1.654360000E+00 2.413221918E+01
5.220620000E-02 5.691150000E+00 1.559780000E+00 2.374813719E+01
5.305060000E-02 5.295610000E+00 1.496930000E+00 2.337014096E+01
5.390870000E-02 4.892950000E+00 1.436610000E+00 2.299814316E+01
5.478060000E-02 4.484020000E+00 1.366560000E+00 2.263209968E+01
5.566670000E-02 4.015500000E+00 1.261620000E+00 2.227184295E+01
5.656700000E-02 3.474590000E+00 1.200050000E+00 2.191737232E+01
5.748200000E-02 2.923140000E+00 1.169700000E+00 2.156849101E+01
5.841170000E-02 2.336010000E+00 1.140110000E+00 2.122519975E+01
5.935640000E-02 1.700940000E+00 1.123690000E+00 2.088738535E+01
6.031650000E-02 1.008970000E+00 1.121440000E+00 2.055490620E+01
6.129210000E-02 2.547540000E-01 1.127850000E+00 2.022772919E+01
6.228340000E-02 -5.823890000E-01 1.173080000E+00 1.990578549E+01
6.329080000E-02 -1.495770000E+00 1.237170000E+00 1.958894500E+01
6.431450000E-02 -2.510510000E+00 1.349640000E+00 1.927714590E+01
6.535470000E-02 -3.654520000E+00 1.520640000E+00 1.897032654E+01
6.641180000E-02 -4.936680000E+00 1.755470000E+00 1.866836918E+01
6.748590000E-02 -6.346320000E+00 2.148590000E+00 1.837124496E+01
6.857750000E-02 -7.890920000E+00 2.629720000E+00 1.807881594E+01
6.968670000E-02 -9.635150000E+00 3.218610000E+00 1.779105626E+01
7.081380000E-02 -1.171330000E+01 3.939350000E+00 1.750788688E+01
7.195910000E-02 -1.452970000E+01 4.854180000E+00 1.722923161E+01
7.312300000E-02 -1.777660000E+01 7.248850000E+00 1.695499364E+01
7.430570000E-02 -2.099280000E+01 1.082500000E+01 1.668512644E+01
7.550760000E-02 -2.360660000E+01 1.616570000E+01 1.641953923E+01
7.672890000E-02 -2.348430000E+01 2.419760000E+01 1.615818811E+01
7.796990000E-02 -2.001330000E+01 2.891890000E+01 1.590100795E+01
7.923100000E-02 -1.657710000E+01 3.255970000E+01 1.564791559E+01
8.051250000E-02 -1.356520000E+01 3.439120000E+01 1.539885111E+01
8.181470000E-02 -1.114540000E+01 3.632570000E+01 1.515375599E+01
8.313800000E-02 -8.674610000E+00 3.836900000E+01 1.491255503E+01
8.448270000E-02 -5.529210000E+00 4.002680000E+01 1.467519386E+01
8.584910000E-02 -2.796820000E+00 4.109780000E+01 1.444161907E+01
8.723770000E-02 -1.620600000E-01 4.219760000E+01 1.421174561E+01
8.864870000E-02 2.917580000E+00 4.294950000E+01 1.398554068E+01
9.008250000E-02 5.572330000E+00 4.316390000E+01 1.376293953E+01
9.153950000E-02 8.064840000E+00 4.337950000E+01 1.354387996E+01
9.302010000E-02 1.060090000E+01 4.359610000E+01 1.332830216E+01
9.452460000E-02 1.355270000E+01 4.355070000E+01 1.311616235E+01
9.605350000E-02 1.607870000E+01 4.271580000E+01 1.290739015E+01
9.760710000E-02 1.824530000E+01 4.189680000E+01 1.270194484E+01
9.918580000E-02 2.021580000E+01 4.109360000E+01 1.249977315E+01
1.007900000E-01 2.211170000E+01 4.030570000E+01 1.230082349E+01
1.024200000E-01 2.412830000E+01 3.953300000E+01 1.210505761E+01
1.040770000E-01 2.610220000E+01 3.819530000E+01 1.191233414E+01
1.057600000E-01 2.762290000E+01 3.673670000E+01 1.172276853E+01
1.074710000E-01 2.888480000E+01 3.533370000E+01 1.153613533E+01
1.092090000E-01 2.997200000E+01 3.398430000E+01 1.135254420E+01
1.109750000E-01 3.092620000E+01 3.268650000E+01 1.117188556E+01
1.127700000E-01 3.177650000E+01 3.143810000E+01 1.099405870E+01
1.145940000E-01 3.254800000E+01 3.023750000E+01 1.081906557E+01
1.164480000E-01 3.327150000E+01 2.908280000E+01 1.064681231E+01
1.183310000E-01 3.402740000E+01 2.797210000E+01 1.047738970E+01
1.202450000E-01 3.468120000E+01 2.661420000E+01 1.031061583E+01
1.221900000E-01 3.515130000E+01 2.531190000E+01 1.014649317E+01
1.241660000E-01 3.549190000E+01 2.407330000E+01 9.985020054E+00
1.261750000E-01 3.574890000E+01 2.289540000E+01 9.826035268E+00
1.282150000E-01 3.593950000E+01 2.177500000E+01 9.669695433E+00
1.302890000E-01 3.607760000E+01 2.070950000E+01 9.515768791E+00
1.323970000E-01 3.617760000E+01 1.969620000E+01 9.364260519E+00
1.345380000E-01 3.626900000E+01 1.873240000E+01 9.215240304E+00
1.367140000E-01 3.631790000E+01 1.772150000E+01 9.068566496E+00
1.389250000E-01 3.628700000E+01 1.675270000E+01 8.924239698E+00
1.411720000E-01 3.619730000E+01 1.583700000E+01 8.782194770E+00
1.434560000E-01 3.606880000E+01 1.497130000E+01 8.642371180E+00
1.457760000E-01 3.590940000E+01 1.415300000E+01 8.504829327E+00
1.481340000E-01 3.572460000E+01 1.337930000E+01 8.369449282E+00
1.505300000E-01 3.551950000E+01 1.264800000E+01 8.236231980E+00
1.529640000E-01 3.529800000E+01 1.195660000E+01 8.105175074E+00
1.554390000E-01 3.506440000E+01 1.130300000E+01 7.976119249E+00
1.579530000E-01 3.482350000E+01 1.068520000E+01 7.849170323E+00
1.605070000E-01 3.458330000E+01 1.010110000E+01 7.724273708E+00
1.631030000E-01 3.437230000E+01 9.548980000E+00 7.601331674E+00
1.657420000E-01 3.413560000E+01 8.916290000E+00 7.480300708E+00
1.684220000E-01 3.383750000E+01 8.317160000E+00 7.361271093E+00
1.711460000E-01 3.349700000E+01 7.758310000E+00 7.244107370E+00
1.739150000E-01 3.313150000E+01 7.237000000E+00 7.128769801E+00
1.767270000E-01 3.274490000E+01 6.750720000E+00 7.015340044E+00
1.795860000E-01 3.233660000E+01 6.297110000E+00 6.903656187E+00
1.824910000E-01 3.188690000E+01 5.873990000E+00 6.793759692E+00
1.854420000E-01 3.141170000E+01 5.552370000E+00 6.685648343E+00
1.884420000E-01 3.099270000E+01 5.290720000E+00 6.579212702E+00
1.914890000E-01 3.060140000E+01 5.041420000E+00 6.474523341E+00
1.945870000E-01 3.022390000E+01 4.803850000E+00 6.371443108E+00
1.977340000E-01 2.985430000E+01 4.577490000E+00 6.270039548E+00
2.009320000E-01 2.948920000E+01 4.361780000E+00 6.170246651E+00
2.041820000E-01 2.912620000E+01 4.156250000E+00 6.072033774E+00
2.074850000E-01 2.876630000E+01 3.958290000E+00 5.975371714E+00
2.108400000E-01 2.839970000E+01 3.764960000E+00 5.880288370E+00
2.142510000E-01 2.802440000E+01 3.581080000E+00 5.786670774E+00
2.177160000E-01 2.763870000E+01 3.406180000E+00 5.694574583E+00
2.212370000E-01 2.723340000E+01 3.239830000E+00 5.603945091E+00
2.248160000E-01 2.679600000E+01 3.109250000E+00 5.514732048E+00
2.284520000E-01 2.638170000E+01 3.020740000E+00 5.426960587E+00
2.321470000E-01 2.597400000E+01 2.934740000E+00 5.340581614E+00
2.359020000E-01 2.555670000E+01 2.851200000E+00 5.255572229E+00
2.397170000E-01 2.509910000E+01 2.779430000E+00 5.171931903E+00
2.435950000E-01 2.465860000E+01 2.785810000E+00 5.089595435E+00
2.475350000E-01 2.423770000E+01 2.792210000E+00 5.008584645E+00
2.515380000E-01 2.380980000E+01 2.805530000E+00 4.928877545E+00
2.556070000E-01 2.339160000E+01 2.838980000E+00 4.850414895E+00
2.597410000E-01 2.297690000E+01 2.872830000E+00 4.773216396E+00
2.639420000E-01 2.254560000E+01 2.908900000E+00 4.697244092E+00
2.682110000E-01 2.211240000E+01 2.975950000E+00 4.622480062E+00
2.725490000E-01 2.167780000E+01 3.044550000E+00 4.548906802E+00
2.769570000E-01 2.123220000E+01 3.114730000E+00 4.476507183E+00
2.814370000E-01 2.076120000E+01 3.186530000E+00 4.405248777E+00
2.859890000E-01 2.024530000E+01 3.291830000E+00 4.335131771E+00
2.906150000E-01 1.972840000E+01 3.433720000E+00 4.266125286E+00
2.953150000E-01 1.917830000E+01 3.581720000E+00 4.198229010E+00
3.000920000E-01 1.860950000E+01 3.805750000E+00 4.131399704E+00
3.049450000E-01 1.805150000E+01 4.060950000E+00 4.065651183E+00
3.098780000E-01 1.748690000E+01 4.338030000E+00 4.000929398E+00
3.148900000E-01 1.690130000E+01 4.635970000E+00 3.937247928E+00
3.199830000E-01 1.624990000E+01 4.961350000E+00 3.874580837E+00
3.251580000E-01 1.560300000E+01 5.439120000E+00 3.812915567E+00
3.304180000E-01 1.499690000E+01 5.962900000E+00 3.752216889E+00
3.357620000E-01 1.440180000E+01 6.499230000E+00 3.692496471E+00
3.411920000E-01 1.378380000E+01 7.081470000E+00 3.633731154E+00
3.467110000E-01 1.314110000E+01 7.779060000E+00 3.575888853E+00
3.523190000E-01 1.254760000E+01 8.582570000E+00 3.518970024E+00
3.580170000E-01 1.202470000E+01 9.469060000E+00 3.462964049E+00
3.638080000E-01 1.160200000E+01 1.039800000E+01 3.407841499E+00
3.696920000E-01 1.118480000E+01 1.133030000E+01 3.353602458E+00
3.756720000E-01 1.079440000E+01 1.234610000E+01 3.300219340E+00
3.817480000E-01 1.045840000E+01 1.345310000E+01 3.247692195E+00
3.879220000E-01 1.022660000E+01 1.465930000E+01 3.196003320E+00
3.941970000E-01 1.010490000E+01 1.588950000E+01 3.145127944E+00
4.005730000E-01 1.011940000E+01 1.719950000E+01 3.095066318E+00
4.070520000E-01 1.024040000E+01 1.845170000E+01 3.045802502E+00
4.136350000E-01 1.044880000E+01 1.976910000E+01 2.997328563E+00
4.203260000E-01 1.106320000E+01 2.106970000E+01 2.949615299E+00
4.271240000E-01 1.161240000E+01 2.202210000E+01 2.902669951E+00
4.340320000E-01 1.205950000E+01 2.301760000E+01 2.856471412E+00
4.410520000E-01 1.259000000E+01 2.405800000E+01 2.811006412E+00
4.481860000E-01 1.324490000E+01 2.498770000E+01 2.766262221E+00
4.554350000E-01 1.387240000E+01 2.583760000E+01 2.722232591E+00
4.628020000E-01 1.449010000E+01 2.671630000E+01 2.678899400E+00
4.702870000E-01 1.517200000E+01 2.762500000E+01 2.636262538E+00
4.778940000E-01 1.621300000E+01 2.845960000E+01 2.594299154E+00
4.856230000E-01 1.712150000E+01 2.891170000E+01 2.553009227E+00
4.934780000E-01 1.784510000E+01 2.937110000E+01 2.512371372E+00
5.014590000E-01 1.852990000E+01 2.983770000E+01 2.472385579E+00
5.095700000E-01 1.919790000E+01 3.031150000E+01 2.433031772E+00
5.178120000E-01 1.986000000E+01 3.078700000E+01 2.394305269E+00
5.261870000E-01 2.055930000E+01 3.127000000E+01 2.356196561E+00
5.346980000E-01 2.127920000E+01 3.167380000E+01 2.318692047E+00
5.433460000E-01 2.193550000E+01 3.202360000E+01 2.281787296E+00
5.521340000E-01 2.254680000E+01 3.237730000E+01 2.245469397E+00
5.610650000E-01 2.308840000E+01 3.273490000E+01 2.209726146E+00
5.701390000E-01 2.359850000E+01 3.319460000E+01 2.174557432E+00
5.793610000E-01 2.417790000E+01 3.372500000E+01 2.139943835E+00
5.887320000E-01 2.481340000E+01 3.426380000E+01 2.105881793E+00
5.982540000E-01 2.551850000E+01 3.481120000E+01 2.072363912E+00
6.079300000E-01 2.626510000E+01 3.531510000E+01 2.039379534E+00
6.177630000E-01 2.703070000E+01 3.581360000E+01 2.006918511E+00
6.277550000E-01 2.783310000E+01 3.631920000E+01 1.974974313E+00
6.379080000E-01 2.877480000E+01 3.679940000E+01 1.943540448E+00
6.482260000E-01 2.969930000E+01 3.715170000E+01 1.912604555E+00
6.587110000E-01 3.058800000E+01 3.750740000E+01 1.882160765E+00
6.693650000E-01 3.149480000E+01 3.787000000E+01 1.852203208E+00
6.801910000E-01 3.245830000E+01 3.825530000E+01 1.822723323E+00
6.911930000E-01 3.349790000E+01 3.864460000E+01 1.793710295E+00
7.023720000E-01 3.486680000E+01 3.903780000E+01 1.765161481E+00
7.137330000E-01 3.625590000E+01 3.890040000E+01 1.737064140E+00
7.252770000E-01 3.737950000E+01 3.863170000E+01 1.709415851E+00
7.370080000E-01 3.836930000E+01 3.836370000E+01 1.682206977E+00
7.489280000E-01 3.928160000E+01 3.809760000E+01 1.655432832E+00
7.610420000E-01 4.014410000E+01 3.783240000E+01 1.629082232E+00
7.733510000E-01 4.097830000E+01 3.755780000E+01 1.603153031E+00
7.858590000E-01 4.178070000E+01 3.724630000E+01 1.577636701E+00
7.985700000E-01 4.251520000E+01 3.690520000E+01 1.552525139E+00
8.114860000E-01 4.319490000E+01 3.656700000E+01 1.527814405E+00
8.246110000E-01 4.383160000E+01 3.623200000E+01 1.503496800E+00
8.379490000E-01 4.443390000E+01 3.590040000E+01 1.479564985E+00
8.515020000E-01 4.500130000E+01 3.555720000E+01 1.456015370E+00
8.652740000E-01 4.552540000E+01 3.520140000E+01 1.432840927E+00
8.792690000E-01 4.598340000E+01 3.483490000E+01 1.410034927E+00
8.934910000E-01 4.636820000E+01 3.447230000E+01 1.387590921E+00
9.079430000E-01 4.665380000E+01 3.411360000E+01 1.365504222E+00
9.226280000E-01 4.669190000E+01 3.375880000E+01 1.343770187E+00
9.375510000E-01 4.672770000E+01 3.390540000E+01 1.322381396E+00
9.527150000E-01 4.690050000E+01 3.418210000E+01 1.301333557E+00
9.681240000E-01 4.731310000E+01 3.457590000E+01 1.280621077E+00
9.837830000E-01 4.793250000E+01 3.497400000E+01 1.260237268E+00
9.996950000E-01 4.877800000E+01 3.530260000E+01 1.240178254E+00
1.015860000E+00 4.994820000E+01 3.555400000E+01 1.220443762E+00
1.032290000E+00 5.095650000E+01 3.509960000E+01 1.201019093E+00
1.048990000E+00 5.170780000E+01 3.471240000E+01 1.181898779E+00
1.065960000E+00 5.237320000E+01 3.440270000E+01 1.163083043E+00
1.083200000E+00 5.301120000E+01 3.409520000E+01 1.144571640E+00
1.100720000E+00 5.362160000E+01 3.379020000E+01 1.126353659E+00
1.118520000E+00 5.421040000E+01 3.348740000E+01 1.108428995E+00
1.136610000E+00 5.478240000E+01 3.318670000E+01 1.090787517E+00
1.155000000E+00 5.534250000E+01 3.288830000E+01 1.073419913E+00
1.173680000E+00 5.589510000E+01 3.259210000E+01 1.056335628E+00
1.192660000E+00 5.644540000E+01 3.229810000E+01 1.039525095E+00
1.211950000E+00 5.700200000E+01 3.200620000E+01 1.022979496E+00
1.231550000E+00 5.758830000E+01 3.171620000E+01 1.006698875E+00
1.251470000E+00 5.820240000E+01 3.136330000E+01 9.906749662E-01
1.271720000E+00 5.882170000E+01 3.094300000E+01 9.749001352E-01
1.292290000E+00 5.935750000E+01 3.044150000E+01 9.593821820E-01
1.313190000E+00 5.982690000E+01 2.994740000E+01 9.441131900E-01
1.334430000E+00 6.025490000E+01 2.946100000E+01 9.290858269E-01
1.356010000E+00 6.065040000E+01 2.898170000E+01 9.143000420E-01
1.377940000E+00 6.101830000E+01 2.850940000E+01 8.997489005E-01
1.400230000E+00 6.136260000E+01 2.804440000E+01 8.854259657E-01
1.422880000E+00 6.168590000E+01 2.758640000E+01 8.713313842E-01
1.445890000E+00 6.199030000E+01 2.713480000E+01 8.574649524E-01
1.469280000E+00 6.227840000E+01 2.668910000E+01 8.438146575E-01
1.493040000E+00 6.255220000E+01 2.624870000E+01 8.303863259E-01
1.517190000E+00 6.280800000E+01 2.580660000E+01 8.171685814E-01
1.541730000E+00 6.304490000E+01 2.537060000E+01 8.041615588E-01
1.566670000E+00 6.326500000E+01 2.494170000E+01 7.913600184E-01
1.592010000E+00 6.347010000E+01 2.451910000E+01 7.787639525E-01
1.617760000E+00 6.366130000E+01 2.410320000E+01 7.663683117E-01
1.643920000E+00 6.383950000E+01 2.369360000E+01 7.541729525E-01
1.670510000E+00 6.400530000E+01 2.329020000E+01 7.421685593E-01
1.697530000E+00 6.415940000E+01 2.289330000E+01 7.303552809E-01
1.724990000E+00 6.431040000E+01 2.250290000E+01 7.187288042E-01
1.752890000E+00 6.444910000E+01 2.210400000E+01 7.072891054E-01
1.781240000E+00 6.456960000E+01 2.170680000E+01 6.960319777E-01
1.810050000E+00 6.467270000E+01 2.131270000E+01 6.849534543E-01
1.839320000E+00 6.475850000E+01 2.092500000E+01 6.740534545E-01
1.869070000E+00 6.482980000E+01 2.054400000E+01 6.633245411E-01
1.899300000E+00 6.488700000E+01 2.016960000E+01 6.527668088E-01
1.930020000E+00 6.493070000E+01 1.980170000E+01 6.423767629E-01
1.961240000E+00 6.496140000E+01 1.944000000E+01 6.321510881E-01
1.992960000E+00 6.497520000E+01 1.908370000E+01 6.220897559E-01
2.025200000E+00 6.498850000E+01 1.874420000E+01 6.121864507E-01
2.057950000E+00 6.499020000E+01 1.839040000E+01 6.024441799E-01
2.091240000E+00 6.497040000E+01 1.804090000E+01 5.928540005E-01
2.125060000E+00 6.493300000E+01 1.769520000E+01 5.834188211E-01
2.159430000E+00 6.487780000E+01 1.735430000E+01 5.741329888E-01
2.194360000E+00 6.480480000E+01 1.701760000E+01 5.649938934E-01
2.229850000E+00 6.471220000E+01 1.668480000E+01 5.560015248E-01
2.265920000E+00 6.459890000E+01 1.635650000E+01 5.471508262E-01
2.302570000E+00 6.446420000E+01 1.603320000E+01 5.384418280E-01
2.339810000E+00 6.430660000E+01 1.571400000E+01 5.298720836E-01
2.377660000E+00 6.412360000E+01 1.539860000E+01 5.214370431E-01
2.416110000E+00 6.391230000E+01 1.508730000E+01 5.131388885E-01
2.455190000E+00 6.367050000E+01 1.478070000E+01 5.049711020E-01
2.494900000E+00 6.339410000E+01 1.447770000E+01 4.969337448E-01
2.535260000E+00 6.307830000E+01 1.417940000E+01 4.890228221E-01
2.576260000E+00 6.271840000E+01 1.388570000E+01 4.812402475E-01
2.617930000E+00 6.230700000E+01 1.359600000E+01 4.735802714E-01
2.660270000E+00 6.183500000E+01 1.331070000E+01 4.660429205E-01
2.703300000E+00 6.129020000E+01 1.302940000E+01 4.586246440E-01
2.747030000E+00 6.065610000E+01 1.275230000E+01 4.513237933E-01
2.791460000E+00 5.990930000E+01 1.247940000E+01 4.441403423E-01
2.836610000E+00 5.901570000E+01 1.221080000E+01 4.370710108E-01
2.882490000E+00 5.792180000E+01 1.194610000E+01 4.301142415E-01
2.929110000E+00 5.653620000E+01 1.168540000E+01 4.232685014E-01
2.976480000E+00 5.468270000E+01 1.142880000E+01 4.165322797E-01
3.024630000E+00 5.193830000E+01 1.117630000E+01 4.099013764E-01
3.073550000E+00 4.662760000E+01 1.092770000E+01 4.033772023E-01
3.104800000E+00 1.619600000E+01 1.077380000E+01 3.993171863E-01
3.105000000E+00 1.619740000E+01 2.727620000E+01 3.992914654E-01
3.123260000E+00 4.338430000E+01 2.701600000E+01 3.969570257E-01
3.173780000E+00 4.902420000E+01 2.631670000E+01 3.906382925E-01
3.225110000E+00 4.824050000E+01 2.563680000E+01 3.844209965E-01
3.248300000E+00 2.997840000E+01 2.533890000E+01 3.816765693E-01
3.248500000E+00 2.998900000E+01 3.652300000E+01 3.816530706E-01
3.277270000E+00 5.135360000E+01 3.603810000E+01 3.783026727E-01
3.330280000E+00 5.672900000E+01 3.517220000E+01 3.722810094E-01
3.384150000E+00 5.979220000E+01 3.432840000E+01 3.663549193E-01
3.438880000E+00 6.198100000E+01 3.350500000E+01 3.605243568E-01
3.494500000E+00 6.365490000E+01 3.270400000E+01 3.547860924E-01
3.551020000E+00 6.495800000E+01 3.192280000E+01 3.491391206E-01
3.608460000E+00 6.594570000E+01 3.116150000E+01 3.435814724E-01
3.666820000E+00 6.660310000E+01 3.041950000E+01 3.381131335E-01
3.726130000E+00 6.675000000E+01 2.969460000E+01 3.327312788E-01
3.786400000E+00 6.408950000E+01 2.898950000E+01 3.274350306E-01
3.791700000E+00 5.834840000E+01 2.892880000E+01 3.269773453E-01
3.791900000E+00 5.835790000E+01 3.354900000E+01 3.269600992E-01
3.847640000E+00 6.846140000E+01 3.281590000E+01 3.222234928E-01
3.909870000E+00 7.034550000E+01 3.202830000E+01 3.170949418E-01
3.973110000E+00 7.165600000E+01 3.125920000E+01 3.120477409E-01
4.037380000E+00 7.269580000E+01 3.051140000E+01 3.070803343E-01
4.102680000E+00 7.355900000E+01 2.978100000E+01 3.021927131E-01
4.169030000E+00 7.428470000E+01 2.906890000E+01 2.973833242E-01
4.236460000E+00 7.489270000E+01 2.837540000E+01 2.926499955E-01
4.304980000E+00 7.538230000E+01 2.769670000E+01 2.879920464E-01
4.374620000E+00 7.572720000E+01 2.703720000E+01 2.834074731E-01
4.445370000E+00 7.600830000E+01 2.639190000E+01 2.788969197E-01
4.489400000E+00 7.343970000E+01 2.600320000E+01 2.761616252E-01
4.489600000E+00 7.344720000E+01 2.756840000E+01 2.761493229E-01
4.517270000E+00 7.602020000E+01 2.732230000E+01 2.744578031E-01
4.590330000E+00 7.704750000E+01 2.669010000E+01 2.700895143E-01
4.664580000E+00 7.763980000E+01 2.607510000E+01 2.657902748E-01
4.740030000E+00 7.801280000E+01 2.547450000E+01 2.615595260E-01
4.816690000E+00 7.759270000E+01 2.488740000E+01 2.573966770E-01
4.821900000E+00 7.624920000E+01 2.484830000E+01 2.571185632E-01
4.822100000E+00 7.625060000E+01 2.593730000E+01 2.571078990E-01
4.894600000E+00 7.897900000E+01 2.538520000E+01 2.532995546E-01
4.973770000E+00 7.966030000E+01 2.480470000E+01 2.492676581E-01
5.054210000E+00 8.019460000E+01 2.423440000E+01 2.453004525E-01
5.135960000E+00 8.065160000E+01 2.367520000E+01 2.413959610E-01
5.219030000E+00 8.105560000E+01 2.312680000E+01 2.375537217E-01
5.303440000E+00 8.141830000E+01 2.258940000E+01 2.337727965E-01
5.389220000E+00 8.174650000E+01 2.206230000E+01 2.300518442E-01
5.476390000E+00 8.204510000E+01 2.154600000E+01 2.263900124E-01
5.564970000E+00 8.231780000E+01 2.104040000E+01 2.227864661E-01
5.654980000E+00 8.256740000E+01 2.054530000E+01 2.192403863E-01
5.746440000E+00 8.279590000E+01 2.006010000E+01 2.157509693E-01
5.839390000E+00 8.300510000E+01 1.958510000E+01 2.123166975E-01
5.933830000E+00 8.319660000E+01 1.912020000E+01 2.089375665E-01
6.029810000E+00 8.337200000E+01 1.866520000E+01 2.056117854E-01
6.127330000E+00 8.353200000E+01 1.821980000E+01 2.023393550E-01
6.226440000E+00 8.367810000E+01 1.778420000E+01 1.991185975E-01
6.327150000E+00 8.381100000E+01 1.735800000E+01 1.959492030E-01
6.429480000E+00 8.393170000E+01 1.694120000E+01 1.928305244E-01
6.533480000E+00 8.404090000E+01 1.653340000E+01 1.897610462E-01
6.639150000E+00 8.413930000E+01 1.613460000E+01 1.867407725E-01
6.746540000E+00 8.422750000E+01 1.574490000E+01 1.837682723E-01
6.855650000E+00 8.430630000E+01 1.536390000E+01 1.808435378E-01
6.966540000E+00 8.437590000E+01 1.499130000E+01 1.779649582E-01
7.079220000E+00 8.443710000E+01 1.462750000E+01 1.751322886E-01
7.193720000E+00 8.449040000E+01 1.427160000E+01 1.723447674E-01
7.310070000E+00 8.453590000E+01 1.392400000E+01 1.696016591E-01
7.428310000E+00 8.457440000E+01 1.358470000E+01 1.669020275E-01
7.548450000E+00 8.460640000E+01 1.325290000E+01 1.642456398E-01
7.670540000E+00 8.463180000E+01 1.292890000E+01 1.616313845E-01
7.794610000E+00 8.465110000E+01 1.261230000E+01 1.590586315E-01
7.920680000E+00 8.466450000E+01 1.230310000E+01 1.565269649E-01
8.048790000E+00 8.467230000E+01 1.200150000E+01 1.540355755E-01
8.178980000E+00 8.467540000E+01 1.170680000E+01 1.515836938E-01
8.311260000E+00 8.467320000E+01 1.141880000E+01 1.491711245E-01
8.445690000E+00 8.466630000E+01 1.113820000E+01 1.467967685E-01
8.582290000E+00 8.465520000E+01 1.086370000E+01 1.444602781E-01
8.721110000E+00 8.463940000E+01 1.059590000E+01 1.421608029E-01
8.862160000E+00 8.461950000E+01 1.033470000E+01 1.398981738E-01
9.005500000E+00 8.459610000E+01 1.007980000E+01 1.376714230E-01
9.151160000E+00 8.456910000E+01 9.830550000E+00 1.354800921E-01
9.299170000E+00 8.453840000E+01 9.587690000E+00 1.333237267E-01
9.449580000E+00 8.450470000E+01 9.350530000E+00 1.312015984E-01
9.602420000E+00 8.446840000E+01 9.119290000E+00 1.291132860E-01
9.757730000E+00 8.443010000E+01 8.893650000E+00 1.270582400E-01
9.915550000E+00 8.439790000E+01 8.673290000E+00 1.250359284E-01
1.007590000E+01 8.436310000E+01 8.438690000E+00 1.230460803E-01
1.023890000E+01 8.430810000E+01 8.210200000E+00 1.210872262E-01
1.040450000E+01 8.424700000E+01 7.987710000E+00 1.191599789E-01
1.057280000E+01 8.417920000E+01 7.771100000E+00 1.172631659E-01
1.074380000E+01 8.410490000E+01 7.560290000E+00 1.153967870E-01
1.091760000E+01 8.402440000E+01 7.355170000E+00 1.135597567E-01
1.109420000E+01 8.393770000E+01 7.155620000E+00 1.117520867E-01
1.127360000E+01 8.384480000E+01 6.961540000E+00 1.099737440E-01
1.145590000E+01 8.374550000E+01 6.772830000E+00 1.082237101E-01
1.164120000E+01 8.363950000E+01 6.589370000E+00 1.065010480E-01
1.182950000E+01 8.352640000E+01 6.411060000E+00 1.048057822E-01
1.202080000E+01 8.340560000E+01 6.237790000E+00 1.031378943E-01
1.221530000E+01 8.327660000E+01 6.069450000E+00 1.014956653E-01
1.241280000E+01 8.313830000E+01 5.905940000E+00 9.988076824E-02
1.261360000E+01 8.298960000E+01 5.747150000E+00 9.829073381E-02
1.281760000E+01 8.282920000E+01 5.592990000E+00 9.672637623E-02
1.302500000E+01 8.265490000E+01 5.443320000E+00 9.518618042E-02
1.323560000E+01 8.246440000E+01 5.298080000E+00 9.367161292E-02
1.344970000E+01 8.225420000E+01 5.157140000E+00 9.218049473E-02
1.366720000E+01 8.201960000E+01 5.020400000E+00 9.071353313E-02
1.388830000E+01 8.175370000E+01 4.887770000E+00 8.926938502E-02
1.411290000E+01 8.144640000E+01 4.759150000E+00 8.784870579E-02
1.434120000E+01 8.108110000E+01 4.634450000E+00 8.645022732E-02
1.457310000E+01 8.062920000E+01 4.513550000E+00 8.507455517E-02
1.480890000E+01 8.003300000E+01 4.396380000E+00 8.371992518E-02
1.504840000E+01 7.914800000E+01 4.282840000E+00 8.238749635E-02
1.529180000E+01 7.737300000E+01 4.172830000E+00 8.107613231E-02
1.544430000E+01 6.344450000E+01 4.106180000E+00 8.027557092E-02
1.544450000E+01 6.344530000E+01 1.013330000E+01 8.027453139E-02
1.553910000E+01 7.658950000E+01 1.002540000E+01 7.978583058E-02
1.579040000E+01 7.911000000E+01 9.747350000E+00 7.851606039E-02
1.604580000E+01 8.014540000E+01 9.477010000E+00 7.726632514E-02
1.630540000E+01 8.076720000E+01 9.214170000E+00 7.603615980E-02
1.656910000E+01 8.117620000E+01 8.958630000E+00 7.482603159E-02
1.683710000E+01 8.144420000E+01 8.710170000E+00 7.363500840E-02
1.710940000E+01 8.160030000E+01 8.468610000E+00 7.246309046E-02
1.738610000E+01 8.165130000E+01 8.233760000E+00 7.130983947E-02
1.766740000E+01 8.158260000E+01 8.005420000E+00 7.017444559E-02
1.795310000E+01 8.133850000E+01 7.783420000E+00 6.905771148E-02
1.824350000E+01 8.070110000E+01 7.567580000E+00 6.795845096E-02
1.848420000E+01 7.324210000E+01 7.395700000E+00 6.707350061E-02
1.848440000E+01 7.324220000E+01 1.043240000E+01 6.707277488E-02
1.853860000E+01 7.934390000E+01 1.038770000E+01 6.687667893E-02
1.883840000E+01 8.111690000E+01 1.014610000E+01 6.581238322E-02
1.914310000E+01 8.124550000E+01 9.910060000E+00 6.476485000E-02
1.923660000E+01 7.825140000E+01 9.839470000E+00 6.445005874E-02
1.923680000E+01 7.825190000E+01 1.130160000E+01 6.444938867E-02
1.945270000E+01 8.220570000E+01 1.111400000E+01 6.373408319E-02
1.976740000E+01 8.305440000E+01 1.084970000E+01 6.271942694E-02
2.008710000E+01 8.362550000E+01 1.059030000E+01 6.172120416E-02
2.041200000E+01 8.407320000E+01 1.033580000E+01 6.073878111E-02
2.074210000E+01 8.444470000E+01 1.008620000E+01 5.977215422E-02
2.107760000E+01 8.476260000E+01 9.841490000E+00 5.882073860E-02
2.141850000E+01 8.503960000E+01 9.601630000E+00 5.788453907E-02
2.176500000E+01 8.528400000E+01 9.366580000E+00 5.696301401E-02
2.211700000E+01 8.550150000E+01 9.136330000E+00 5.605642718E-02
2.247470000E+01 8.569630000E+01 8.910830000E+00 5.516425136E-02
2.283820000E+01 8.587160000E+01 8.690030000E+00 5.428623972E-02
2.320760000E+01 8.602990000E+01 8.473900000E+00 5.342215481E-02
2.358300000E+01 8.617320000E+01 8.262380000E+00 5.257176780E-02
2.396440000E+01 8.630310000E+01 8.055430000E+00 5.173507369E-02
2.435200000E+01 8.642110000E+01 7.852980000E+00 5.091162943E-02
2.474590000E+01 8.652830000E+01 7.654990000E+00 5.010122889E-02
2.514620000E+01 8.662560000E+01 7.461390000E+00 4.930367213E-02
2.555290000E+01 8.671410000E+01 7.272130000E+00 4.851895480E-02
2.596620000E+01 8.679430000E+01 7.087140000E+00 4.774668608E-02
2.638610000E+01 8.686710000E+01 6.906350000E+00 4.698686051E-02
2.681290000E+01 8.693290000E+01 6.729720000E+00 4.623893723E-02
2.724660000E+01 8.699250000E+01 6.557150000E+00 4.550292514E-02
2.768730000E+01 8.704610000E+01 6.388600000E+00 4.477865303E-02
2.813510000E+01 8.709430000E+01 6.223980000E+00 4.406595320E-02
2.859020000E+01 8.713750000E+01 6.063250000E+00 4.336450952E-02
2.905260000E+01 8.717600000E+01 5.906320000E+00 4.267432175E-02
2.952250000E+01 8.721010000E+01 5.753130000E+00 4.199508849E-02
3.000000000E+01 8.724020000E+01 5.603610000E+00 4.132666667E-02
