# Data retrieved from henke.lbl.gov/optical_constants 03/01/2021
# Element, Rb  (Z = 37) 
# Atomic weight*, g mol-1 = 85.4678 
# Nominal density*, g cm-3 =  0 
# Relativistic correction estimate f_rel(5CL)*,  e atom-1 =  0 
# Nuclear Thomson correction f_NT*, e atom-1 =  0 
#    E [keV]      f1 [e atom-1]      f2 [e atom-1]    Wavelength [nm] 
1.000000000E-02 -9.999000000E+03 6.968330000E-02 1.239800000E+02
1.016170000E-02 -9.999000000E+03 7.104280000E-02 1.220071445E+02
1.032610000E-02 -9.999000000E+03 7.252920000E-02 1.200646904E+02
1.049310000E-02 -9.999000000E+03 7.441460000E-02 1.181538344E+02
1.066280000E-02 -9.999000000E+03 7.634900000E-02 1.162733991E+02
1.083530000E-02 -9.999000000E+03 7.833370000E-02 1.144223049E+02
1.101060000E-02 -9.999000000E+03 8.037000000E-02 1.126005849E+02
1.118860000E-02 -9.999000000E+03 8.299750000E-02 1.108092165E+02
1.136960000E-02 -9.999000000E+03 8.599300000E-02 1.090451731E+02
1.155350000E-02 -9.999000000E+03 8.909670000E-02 1.073094733E+02
1.174040000E-02 -9.999000000E+03 9.231230000E-02 1.056011720E+02
1.193030000E-02 -9.999000000E+03 9.564400000E-02 1.039202702E+02
1.212320000E-02 -9.999000000E+03 9.920700000E-02 1.022667283E+02
1.231930000E-02 -9.999000000E+03 1.037550000E-01 1.006388350E+02
1.251860000E-02 -9.999000000E+03 1.085110000E-01 9.903663349E+01
1.272100000E-02 -9.999000000E+03 1.134850000E-01 9.746089144E+01
1.292680000E-02 -9.999000000E+03 1.186870000E-01 9.590927376E+01
1.313590000E-02 -9.999000000E+03 1.253550000E-01 9.438256990E+01
1.334830000E-02 -9.999000000E+03 1.329680000E-01 9.288074137E+01
1.356420000E-02 -9.999000000E+03 1.410440000E-01 9.140236800E+01
1.378360000E-02 -9.999000000E+03 1.501920000E-01 8.994747381E+01
1.400660000E-02 -9.999000000E+03 1.607760000E-01 8.851541416E+01
1.423310000E-02 -9.999000000E+03 1.721050000E-01 8.710681440E+01
1.446330000E-02 -9.999000000E+03 1.842330000E-01 8.572040959E+01
1.469730000E-02 -9.999000000E+03 1.991240000E-01 8.435562995E+01
1.493500000E-02 -9.999000000E+03 2.187600000E-01 8.301305658E+01
1.517650000E-02 -9.999000000E+03 4.142940000E-01 8.169208974E+01
1.542200000E-02 -9.999000000E+03 8.897370000E-01 8.039164829E+01
1.567140000E-02 -9.999000000E+03 1.910820000E+00 7.911226821E+01
1.592490000E-02 -9.999000000E+03 4.103710000E+00 7.785292215E+01
1.618250000E-02 -9.999000000E+03 8.813220000E+00 7.661362583E+01
1.644420000E-02 -9.999000000E+03 9.741570000E+00 7.539436397E+01
1.671020000E-02 -9.999000000E+03 1.026300000E+01 7.419420474E+01
1.698050000E-02 -9.999000000E+03 1.081240000E+01 7.301316216E+01
1.725510000E-02 -9.999000000E+03 1.139110000E+01 7.185122080E+01
1.753420000E-02 -9.999000000E+03 1.200090000E+01 7.070753157E+01
1.781780000E-02 -9.999000000E+03 1.264320000E+01 6.958210329E+01
1.810600000E-02 -9.999000000E+03 1.321060000E+01 6.847453883E+01
1.839890000E-02 -9.999000000E+03 1.363420000E+01 6.738446320E+01
1.869640000E-02 -9.999000000E+03 1.407130000E+01 6.631223123E+01
1.899880000E-02 -9.999000000E+03 1.452250000E+01 6.525675306E+01
1.930610000E-02 -9.999000000E+03 1.498810000E+01 6.421804507E+01
1.961840000E-02 -9.999000000E+03 1.546870000E+01 6.319577539E+01
1.993570000E-02 -9.999000000E+03 1.593040000E+01 6.218994066E+01
2.025820000E-02 -9.999000000E+03 1.632390000E+01 6.119990917E+01
2.058580000E-02 -9.999000000E+03 1.672720000E+01 6.022598102E+01
2.091880000E-02 -9.999000000E+03 1.714040000E+01 5.926726198E+01
2.125710000E-02 -9.999000000E+03 1.756370000E+01 5.832404232E+01
2.160090000E-02 -9.999000000E+03 1.799760000E+01 5.739575666E+01
2.195030000E-02 -9.999000000E+03 1.844220000E+01 5.648214375E+01
2.230530000E-02 -9.999000000E+03 1.889770000E+01 5.558320220E+01
2.266610000E-02 -9.999000000E+03 1.936450000E+01 5.469842628E+01
2.303270000E-02 -9.999000000E+03 1.974410000E+01 5.382781871E+01
2.340530000E-02 -9.999000000E+03 1.995360000E+01 5.297090830E+01
2.378380000E-02 -9.999000000E+03 2.016530000E+01 5.212791900E+01
2.416850000E-02 -9.999000000E+03 2.037930000E+01 5.129817738E+01
2.455940000E-02 -9.999000000E+03 2.059550000E+01 5.048168929E+01
2.495660000E-02 -9.999000000E+03 2.081400000E+01 4.967824143E+01
2.536030000E-02 -9.999000000E+03 2.103490000E+01 4.888743430E+01
2.577050000E-02 -9.999000000E+03 2.125810000E+01 4.810927223E+01
2.618730000E-02 -9.999000000E+03 2.093850000E+01 4.734355966E+01
2.661090000E-02 -9.999000000E+03 2.061130000E+01 4.658993119E+01
2.704130000E-02 -9.999000000E+03 2.028920000E+01 4.584838747E+01
2.747860000E-02 -9.999000000E+03 1.997210000E+01 4.511874695E+01
2.792310000E-02 -9.999000000E+03 1.961790000E+01 4.440051427E+01
2.837470000E-02 -9.999000000E+03 1.888530000E+01 4.369385403E+01
2.883370000E-02 -9.999000000E+03 1.818010000E+01 4.299829713E+01
2.930000000E-02 1.306550000E+01 1.750130000E+01 4.231399317E+01
2.977390000E-02 1.363430000E+01 1.684780000E+01 4.164049721E+01
3.025550000E-02 1.416440000E+01 1.621870000E+01 4.097767348E+01
3.074490000E-02 1.467870000E+01 1.561310000E+01 4.032538730E+01
3.124210000E-02 1.526580000E+01 1.503010000E+01 3.968363202E+01
3.174750000E-02 1.604010000E+01 1.421680000E+01 3.905189385E+01
3.226090000E-02 1.644510000E+01 1.318150000E+01 3.843042197E+01
3.278270000E-02 1.665050000E+01 1.222160000E+01 3.781872756E+01
3.331300000E-02 1.674980000E+01 1.133160000E+01 3.721670219E+01
3.385180000E-02 1.677220000E+01 1.050640000E+01 3.662434494E+01
3.439930000E-02 1.673670000E+01 9.741250000E+00 3.604143108E+01
3.495570000E-02 1.665640000E+01 9.031860000E+00 3.546774918E+01
3.552110000E-02 1.654090000E+01 8.374130000E+00 3.490319838E+01
3.609560000E-02 1.639740000E+01 7.764300000E+00 3.434767673E+01
3.667940000E-02 1.623150000E+01 7.198880000E+00 3.380098911E+01
3.727270000E-02 1.604770000E+01 6.674640000E+00 3.326295117E+01
3.787550000E-02 1.584890000E+01 6.188580000E+00 3.273356127E+01
3.848820000E-02 1.563620000E+01 5.737890000E+00 3.221247032E+01
3.911070000E-02 1.540560000E+01 5.321740000E+00 3.169976503E+01
3.974320000E-02 1.517590000E+01 4.966400000E+00 3.119527366E+01
4.038610000E-02 1.495810000E+01 4.634790000E+00 3.069868098E+01
4.103930000E-02 1.474600000E+01 4.325320000E+00 3.021006694E+01
4.170310000E-02 1.453680000E+01 4.036510000E+00 2.972920478E+01
4.237760000E-02 1.433020000E+01 3.766990000E+00 2.925602205E+01
4.306300000E-02 1.412630000E+01 3.515460000E+00 2.879037689E+01
4.375950000E-02 1.392490000E+01 3.280740000E+00 2.833213359E+01
4.446730000E-02 1.372640000E+01 3.061680000E+00 2.788116211E+01
4.518650000E-02 1.353080000E+01 2.857250000E+00 2.743739834E+01
4.591740000E-02 1.333820000E+01 2.666460000E+00 2.700065770E+01
4.666000000E-02 1.314880000E+01 2.488420000E+00 2.657093871E+01
4.741470000E-02 1.296280000E+01 2.322270000E+00 2.614800895E+01
4.818160000E-02 1.278050000E+01 2.167210000E+00 2.573181463E+01
4.896090000E-02 1.260310000E+01 2.022500000E+00 2.532224694E+01
4.975280000E-02 1.243040000E+01 1.881590000E+00 2.491920053E+01
5.055760000E-02 1.225540000E+01 1.747990000E+00 2.452252480E+01
5.137530000E-02 1.208040000E+01 1.623860000E+00 2.413221918E+01
5.220620000E-02 1.190660000E+01 1.508560000E+00 2.374813719E+01
5.305060000E-02 1.173420000E+01 1.401440000E+00 2.337014096E+01
5.390870000E-02 1.156290000E+01 1.301930000E+00 2.299814316E+01
5.478060000E-02 1.139240000E+01 1.209480000E+00 2.263209968E+01
5.566670000E-02 1.122100000E+01 1.123600000E+00 2.227184295E+01
5.656700000E-02 1.104280000E+01 1.043810000E+00 2.191737232E+01
5.748200000E-02 1.086770000E+01 9.920200000E-01 2.156849101E+01
5.841170000E-02 1.070750000E+01 9.464840000E-01 2.122519975E+01
5.935640000E-02 1.055500000E+01 9.030380000E-01 2.088738535E+01
6.031650000E-02 1.040700000E+01 8.615850000E-01 2.055490620E+01
6.129210000E-02 1.026190000E+01 8.220350000E-01 2.022772919E+01
6.228340000E-02 1.011820000E+01 7.843020000E-01 1.990578549E+01
6.329080000E-02 9.973880000E+00 7.483010000E-01 1.958894500E+01
6.431450000E-02 9.821970000E+00 7.139510000E-01 1.927714590E+01
6.535470000E-02 9.672250000E+00 7.023030000E-01 1.897032654E+01
6.641180000E-02 9.534310000E+00 6.937700000E-01 1.866836918E+01
6.748590000E-02 9.401760000E+00 6.853400000E-01 1.837124496E+01
6.857750000E-02 9.270790000E+00 6.770130000E-01 1.807881594E+01
6.968670000E-02 9.141350000E+00 6.730570000E-01 1.779105626E+01
7.081380000E-02 9.015670000E+00 6.705940000E-01 1.750788688E+01
7.195910000E-02 8.891490000E+00 6.681390000E-01 1.722923161E+01
7.312300000E-02 8.766060000E+00 6.656930000E-01 1.695499364E+01
7.430570000E-02 8.640300000E+00 6.679550000E-01 1.668512644E+01
7.550760000E-02 8.516190000E+00 6.714850000E-01 1.641953923E+01
7.672890000E-02 8.390570000E+00 6.763060000E-01 1.615818811E+01
7.796990000E-02 8.265850000E+00 6.837340000E-01 1.590100795E+01
7.923100000E-02 8.139560000E+00 6.912450000E-01 1.564791559E+01
8.051250000E-02 8.011010000E+00 7.036440000E-01 1.539885111E+01
8.181470000E-02 7.883880000E+00 7.185070000E-01 1.515375599E+01
8.313800000E-02 7.757190000E+00 7.336840000E-01 1.491255503E+01
8.448270000E-02 7.629830000E+00 7.491810000E-01 1.467519386E+01
8.584910000E-02 7.499860000E+00 7.624270000E-01 1.444161907E+01
8.723770000E-02 7.365270000E+00 7.755890000E-01 1.421174561E+01
8.864870000E-02 7.225190000E+00 7.889780000E-01 1.398554068E+01
9.008250000E-02 7.078580000E+00 8.025980000E-01 1.376293953E+01
9.153950000E-02 6.920100000E+00 8.176670000E-01 1.354387996E+01
9.302010000E-02 6.755990000E+00 8.409220000E-01 1.332830216E+01
9.452460000E-02 6.585660000E+00 8.648370000E-01 1.311616235E+01
9.605350000E-02 6.404380000E+00 8.894320000E-01 1.290739015E+01
9.760710000E-02 6.198940000E+00 9.147280000E-01 1.270194484E+01
9.918580000E-02 5.980930000E+00 9.659740000E-01 1.249977315E+01
1.007900000E-01 5.752570000E+00 1.021600000E+00 1.230082349E+01
1.024200000E-01 5.489860000E+00 1.083410000E+00 1.210505761E+01
1.040770000E-01 5.196760000E+00 1.199990000E+00 1.191233414E+01
1.057600000E-01 4.886900000E+00 1.350340000E+00 1.172276853E+01
1.074710000E-01 4.511520000E+00 1.610970000E+00 1.153613533E+01
1.092090000E-01 4.210370000E+00 2.108890000E+00 1.135254420E+01
1.109750000E-01 4.362980000E+00 2.618450000E+00 1.117188556E+01
1.127700000E-01 4.652020000E+00 2.774370000E+00 1.099405870E+01
1.145940000E-01 4.758190000E+00 2.547040000E+00 1.081906557E+01
1.164480000E-01 4.390790000E+00 2.259450000E+00 1.064681231E+01
1.183310000E-01 3.945650000E+00 2.467380000E+00 1.047738970E+01
1.202450000E-01 3.629490000E+00 2.729270000E+00 1.031061583E+01
1.221900000E-01 3.363640000E+00 2.983130000E+00 1.014649317E+01
1.241660000E-01 3.101660000E+00 3.260590000E+00 9.985020054E+00
1.261750000E-01 2.842500000E+00 3.580130000E+00 9.826035268E+00
1.282150000E-01 2.607520000E+00 3.943020000E+00 9.669695433E+00
1.302890000E-01 2.404510000E+00 4.342680000E+00 9.515768791E+00
1.323970000E-01 2.261960000E+00 4.782850000E+00 9.364260519E+00
1.345380000E-01 2.148840000E+00 5.179400000E+00 9.215240304E+00
1.367140000E-01 2.042690000E+00 5.598800000E+00 9.068566496E+00
1.389250000E-01 1.983000000E+00 6.052170000E+00 8.924239698E+00
1.411720000E-01 1.959450000E+00 6.474630000E+00 8.782194770E+00
1.434560000E-01 1.935170000E+00 6.895530000E+00 8.642371180E+00
1.457760000E-01 1.953210000E+00 7.343790000E+00 8.504829327E+00
1.481340000E-01 1.979370000E+00 7.732050000E+00 8.369449282E+00
1.505300000E-01 1.999330000E+00 8.137800000E+00 8.236231980E+00
1.529640000E-01 2.027020000E+00 8.564840000E+00 8.105175074E+00
1.554390000E-01 2.095960000E+00 9.014290000E+00 7.976119249E+00
1.579530000E-01 2.183100000E+00 9.417780000E+00 7.849170323E+00
1.605070000E-01 2.264210000E+00 9.825080000E+00 7.724273708E+00
1.631030000E-01 2.344710000E+00 1.025000000E+01 7.601331674E+00
1.657420000E-01 2.440900000E+00 1.069330000E+01 7.480300708E+00
1.684220000E-01 2.560450000E+00 1.115570000E+01 7.361271093E+00
1.711460000E-01 2.725890000E+00 1.163820000E+01 7.244107370E+00
1.739150000E-01 2.920740000E+00 1.208740000E+01 7.128769801E+00
1.767270000E-01 3.127330000E+00 1.254230000E+01 7.015340044E+00
1.795860000E-01 3.387130000E+00 1.301430000E+01 6.903656187E+00
1.824910000E-01 3.675670000E+00 1.343780000E+01 6.793759692E+00
1.854420000E-01 3.967170000E+00 1.385800000E+01 6.685648343E+00
1.884420000E-01 4.313010000E+00 1.429140000E+01 6.579212702E+00
1.914890000E-01 4.689700000E+00 1.463140000E+01 6.474523341E+00
1.945870000E-01 5.040390000E+00 1.493850000E+01 6.371443108E+00
1.977340000E-01 5.369860000E+00 1.525200000E+01 6.270039548E+00
2.009320000E-01 5.709470000E+00 1.556570000E+01 6.170246651E+00
2.041820000E-01 6.048020000E+00 1.586510000E+01 6.072033774E+00
2.074850000E-01 6.387460000E+00 1.617030000E+01 5.975371714E+00
2.108400000E-01 6.736670000E+00 1.648130000E+01 5.880288370E+00
2.142510000E-01 7.102200000E+00 1.679830000E+01 5.786670774E+00
2.177160000E-01 7.490790000E+00 1.712140000E+01 5.694574583E+00
2.212370000E-01 7.913000000E+00 1.745070000E+01 5.603945091E+00
2.248160000E-01 8.388220000E+00 1.778640000E+01 5.514732048E+00
2.284520000E-01 9.007080000E+00 1.812850000E+01 5.426960587E+00
2.321470000E-01 9.636640000E+00 1.817690000E+01 5.340581614E+00
2.359020000E-01 1.014630000E+01 1.817850000E+01 5.255572229E+00
2.397170000E-01 1.055260000E+01 1.818020000E+01 5.171931903E+00
2.435950000E-01 1.089040000E+01 1.821090000E+01 5.089595435E+00
2.475350000E-01 1.122920000E+01 1.832720000E+01 5.008584645E+00
2.515380000E-01 1.159390000E+01 1.844430000E+01 4.928877545E+00
2.556070000E-01 1.196730000E+01 1.856210000E+01 4.850414895E+00
2.597410000E-01 1.234760000E+01 1.868070000E+01 4.773216396E+00
2.639420000E-01 1.273560000E+01 1.880000000E+01 4.697244092E+00
2.682110000E-01 1.313360000E+01 1.892000000E+01 4.622480062E+00
2.725490000E-01 1.354570000E+01 1.904090000E+01 4.548906802E+00
2.769570000E-01 1.398260000E+01 1.916250000E+01 4.476507183E+00
2.814370000E-01 1.445800000E+01 1.925040000E+01 4.405248777E+00
2.859890000E-01 1.492470000E+01 1.928360000E+01 4.335131771E+00
2.906150000E-01 1.535980000E+01 1.931680000E+01 4.266125286E+00
2.953150000E-01 1.579530000E+01 1.935010000E+01 4.198229010E+00
3.000920000E-01 1.623550000E+01 1.938350000E+01 4.131399704E+00
3.049450000E-01 1.668710000E+01 1.941690000E+01 4.065651183E+00
3.098780000E-01 1.716130000E+01 1.945040000E+01 4.000929398E+00
3.148900000E-01 1.769350000E+01 1.948390000E+01 3.937247928E+00
3.199830000E-01 1.827490000E+01 1.938160000E+01 3.874580837E+00
3.251580000E-01 1.878380000E+01 1.919860000E+01 3.812915567E+00
3.304180000E-01 1.921410000E+01 1.901720000E+01 3.752216889E+00
3.357620000E-01 1.961510000E+01 1.883760000E+01 3.692496471E+00
3.411920000E-01 1.999050000E+01 1.865960000E+01 3.633731154E+00
3.467110000E-01 2.034410000E+01 1.848340000E+01 3.575888853E+00
3.523190000E-01 2.067660000E+01 1.830880000E+01 3.518970024E+00
3.580170000E-01 2.098030000E+01 1.813580000E+01 3.462964049E+00
3.638080000E-01 2.126350000E+01 1.800960000E+01 3.407841499E+00
3.696920000E-01 2.156710000E+01 1.789970000E+01 3.353602458E+00
3.756720000E-01 2.188640000E+01 1.779080000E+01 3.300219340E+00
3.817480000E-01 2.221730000E+01 1.768230000E+01 3.247692195E+00
3.879220000E-01 2.256750000E+01 1.756600000E+01 3.196003320E+00
3.941970000E-01 2.293780000E+01 1.743190000E+01 3.145127944E+00
4.005730000E-01 2.331330000E+01 1.723340000E+01 3.095066318E+00
4.070520000E-01 2.364360000E+01 1.701180000E+01 3.045802502E+00
4.136350000E-01 2.394210000E+01 1.679350000E+01 2.997328563E+00
4.203260000E-01 2.422450000E+01 1.657780000E+01 2.949615299E+00
4.271240000E-01 2.449370000E+01 1.636480000E+01 2.902669951E+00
4.340320000E-01 2.475240000E+01 1.615440000E+01 2.856471412E+00
4.410520000E-01 2.500430000E+01 1.594670000E+01 2.811006412E+00
4.481860000E-01 2.525130000E+01 1.573950000E+01 2.766262221E+00
4.554350000E-01 2.549310000E+01 1.552450000E+01 2.722232591E+00
4.628020000E-01 2.572400000E+01 1.530580000E+01 2.678899400E+00
4.702870000E-01 2.594070000E+01 1.508640000E+01 2.636262538E+00
4.778940000E-01 2.614700000E+01 1.486950000E+01 2.594299154E+00
4.856230000E-01 2.634460000E+01 1.465630000E+01 2.553009227E+00
4.934780000E-01 2.653570000E+01 1.444620000E+01 2.512371372E+00
5.014590000E-01 2.672140000E+01 1.423890000E+01 2.472385579E+00
5.095700000E-01 2.690280000E+01 1.403440000E+01 2.433031772E+00
5.178120000E-01 2.708250000E+01 1.383120000E+01 2.394305269E+00
5.261870000E-01 2.726010000E+01 1.362550000E+01 2.356196561E+00
5.346980000E-01 2.743370000E+01 1.341290000E+01 2.318692047E+00
5.433460000E-01 2.759540000E+01 1.319860000E+01 2.281787296E+00
5.521340000E-01 2.775320000E+01 1.298740000E+01 2.245469397E+00
5.610650000E-01 2.790640000E+01 1.276700000E+01 2.209726146E+00
5.701390000E-01 2.803880000E+01 1.254560000E+01 2.174557432E+00
5.793610000E-01 2.816130000E+01 1.233500000E+01 2.139943835E+00
5.887320000E-01 2.827990000E+01 1.212930000E+01 2.105881793E+00
5.982540000E-01 2.839430000E+01 1.192800000E+01 2.072363912E+00
6.079300000E-01 2.850520000E+01 1.173040000E+01 2.039379534E+00
6.177630000E-01 2.861380000E+01 1.153600000E+01 2.006918511E+00
6.277550000E-01 2.872280000E+01 1.134410000E+01 1.974974313E+00
6.379080000E-01 2.883150000E+01 1.114640000E+01 1.943540448E+00
6.482260000E-01 2.893550000E+01 1.093880000E+01 1.912604555E+00
6.587110000E-01 2.902130000E+01 1.072660000E+01 1.882160765E+00
6.693650000E-01 2.908310000E+01 1.051840000E+01 1.852203208E+00
6.801910000E-01 2.912780000E+01 1.033680000E+01 1.822723323E+00
6.911930000E-01 2.918870000E+01 1.017530000E+01 1.793710295E+00
7.023720000E-01 2.926120000E+01 1.001990000E+01 1.765161481E+00
7.137330000E-01 2.934710000E+01 9.848770000E+00 1.737064140E+00
7.252770000E-01 2.941920000E+01 9.668180000E+00 1.709415851E+00
7.370080000E-01 2.948190000E+01 9.490790000E+00 1.682206977E+00
7.489280000E-01 2.953980000E+01 9.316660000E+00 1.655432832E+00
7.610420000E-01 2.959450000E+01 9.145610000E+00 1.629082232E+00
7.733510000E-01 2.964730000E+01 8.976150000E+00 1.603153031E+00
7.858590000E-01 2.969890000E+01 8.804130000E+00 1.577636701E+00
7.985700000E-01 2.974190000E+01 8.630780000E+00 1.552525139E+00
8.114860000E-01 2.977820000E+01 8.460960000E+00 1.527814405E+00
8.246110000E-01 2.980980000E+01 8.294420000E+00 1.503496800E+00
8.379490000E-01 2.983750000E+01 8.131110000E+00 1.479564985E+00
8.515020000E-01 2.986180000E+01 7.969770000E+00 1.456015370E+00
8.652740000E-01 2.988260000E+01 7.810150000E+00 1.432840927E+00
8.792690000E-01 2.989830000E+01 7.652430000E+00 1.410034927E+00
8.934910000E-01 2.990960000E+01 7.497940000E+00 1.387590921E+00
9.079430000E-01 2.991750000E+01 7.346520000E+00 1.365504222E+00
9.226280000E-01 2.992280000E+01 7.198110000E+00 1.343770187E+00
9.375510000E-01 2.992490000E+01 7.049440000E+00 1.322381396E+00
9.527150000E-01 2.992200000E+01 6.903020000E+00 1.301333557E+00
9.681240000E-01 2.991420000E+01 6.758940000E+00 1.280621077E+00
9.837830000E-01 2.990190000E+01 6.617840000E+00 1.260237268E+00
9.996950000E-01 2.988520000E+01 6.480020000E+00 1.240178254E+00
1.015860000E+00 2.986470000E+01 6.345430000E+00 1.220443762E+00
1.032290000E+00 2.984140000E+01 6.215930000E+00 1.201019093E+00
1.048990000E+00 2.981730000E+01 6.086960000E+00 1.181898779E+00
1.065960000E+00 2.978810000E+01 5.958370000E+00 1.163083043E+00
1.083200000E+00 2.975390000E+01 5.832390000E+00 1.144571640E+00
1.100720000E+00 2.971540000E+01 5.709060000E+00 1.126353659E+00
1.118520000E+00 2.967250000E+01 5.588310000E+00 1.108428995E+00
1.136610000E+00 2.962540000E+01 5.470180000E+00 1.090787517E+00
1.155000000E+00 2.957380000E+01 5.354500000E+00 1.073419913E+00
1.173680000E+00 2.951770000E+01 5.241230000E+00 1.056335628E+00
1.192660000E+00 2.945700000E+01 5.130400000E+00 1.039525095E+00
1.211950000E+00 2.939150000E+01 5.021950000E+00 1.022979496E+00
1.231550000E+00 2.932170000E+01 4.915840000E+00 1.006698875E+00
1.251470000E+00 2.924690000E+01 4.810040000E+00 9.906749662E-01
1.271720000E+00 2.916640000E+01 4.704630000E+00 9.749001352E-01
1.292290000E+00 2.907680000E+01 4.599240000E+00 9.593821820E-01
1.313190000E+00 2.897810000E+01 4.496280000E+00 9.441131900E-01
1.334430000E+00 2.887060000E+01 4.395640000E+00 9.290858269E-01
1.356010000E+00 2.875350000E+01 4.297250000E+00 9.143000420E-01
1.377940000E+00 2.862620000E+01 4.201030000E+00 8.997489005E-01
1.400230000E+00 2.848750000E+01 4.106880000E+00 8.854259657E-01
1.422880000E+00 2.833610000E+01 4.014730000E+00 8.713313842E-01
1.445890000E+00 2.817100000E+01 3.924860000E+00 8.574649524E-01
1.469280000E+00 2.799120000E+01 3.835770000E+00 8.438146575E-01
1.493040000E+00 2.779270000E+01 3.746820000E+00 8.303863259E-01
1.517190000E+00 2.757100000E+01 3.652250000E+00 8.171685814E-01
1.541730000E+00 2.731600000E+01 3.558980000E+00 8.041615588E-01
1.566670000E+00 2.702470000E+01 3.468040000E+00 7.913600184E-01
1.592010000E+00 2.669000000E+01 3.379440000E+00 7.787639525E-01
1.617760000E+00 2.630070000E+01 3.293120000E+00 7.663683117E-01
1.643920000E+00 2.584050000E+01 3.209020000E+00 7.541729525E-01
1.670510000E+00 2.528350000E+01 3.127080000E+00 7.421685593E-01
1.697530000E+00 2.458660000E+01 3.047230000E+00 7.303552809E-01
1.724990000E+00 2.366780000E+01 2.969420000E+00 7.187288042E-01
1.752890000E+00 2.233590000E+01 2.889000000E+00 7.072891054E-01
1.781240000E+00 1.992550000E+01 2.809780000E+00 6.960319777E-01
1.804300000E+00 4.471160000E+00 2.747840000E+00 6.871362855E-01
1.804500000E+00 4.475350000E+00 1.159810000E+01 6.870601275E-01
1.810050000E+00 1.579860000E+01 1.150780000E+01 6.849534543E-01
1.839320000E+00 2.012840000E+01 1.104700000E+01 6.740534545E-01
1.863800000E+00 1.437710000E+01 1.068130000E+01 6.652001288E-01
1.864000000E+00 1.439180000E+01 1.488900000E+01 6.651287554E-01
1.869070000E+00 1.982180000E+01 1.483700000E+01 6.633245411E-01
1.899300000E+00 2.348520000E+01 1.453390000E+01 6.527668088E-01
1.930020000E+00 2.510740000E+01 1.423700000E+01 6.423767629E-01
1.961240000E+00 2.620650000E+01 1.394620000E+01 6.321510881E-01
1.992960000E+00 2.699610000E+01 1.366130000E+01 6.220897559E-01
2.025200000E+00 2.750890000E+01 1.338550000E+01 6.121864507E-01
2.057950000E+00 2.721040000E+01 1.311220000E+01 6.024441799E-01
2.065000000E+00 2.533020000E+01 1.305470000E+01 6.003874092E-01
2.065200000E+00 2.534020000E+01 1.474860000E+01 6.003292659E-01
2.091240000E+00 2.865520000E+01 1.450890000E+01 5.928540005E-01
2.125060000E+00 2.966400000E+01 1.420770000E+01 5.834188211E-01
2.159430000E+00 3.041020000E+01 1.390920000E+01 5.741329888E-01
2.194360000E+00 3.103170000E+01 1.361320000E+01 5.649938934E-01
2.229850000E+00 3.157180000E+01 1.331990000E+01 5.560015248E-01
2.265920000E+00 3.205120000E+01 1.303010000E+01 5.471508262E-01
2.302570000E+00 3.248200000E+01 1.274350000E+01 5.384418280E-01
2.339810000E+00 3.287240000E+01 1.246060000E+01 5.298720836E-01
2.377660000E+00 3.322870000E+01 1.218130000E+01 5.214370431E-01
2.416110000E+00 3.355520000E+01 1.190560000E+01 5.131388885E-01
2.455190000E+00 3.385500000E+01 1.163400000E+01 5.049711020E-01
2.494900000E+00 3.413130000E+01 1.136650000E+01 4.969337448E-01
2.535260000E+00 3.438670000E+01 1.110300000E+01 4.890228221E-01
2.576260000E+00 3.462260000E+01 1.084350000E+01 4.812402475E-01
2.617930000E+00 3.484130000E+01 1.058850000E+01 4.735802714E-01
2.660270000E+00 3.504380000E+01 1.033740000E+01 4.660429205E-01
2.703300000E+00 3.523140000E+01 1.009080000E+01 4.586246440E-01
2.747030000E+00 3.540530000E+01 9.848330000E+00 4.513237933E-01
2.791460000E+00 3.556670000E+01 9.610380000E+00 4.441403423E-01
2.836610000E+00 3.571620000E+01 9.376890000E+00 4.370710108E-01
2.882490000E+00 3.585480000E+01 9.147570000E+00 4.301142415E-01
2.929110000E+00 3.598320000E+01 8.922740000E+00 4.232685014E-01
2.976480000E+00 3.610220000E+01 8.702310000E+00 4.165322797E-01
3.024630000E+00 3.621210000E+01 8.486160000E+00 4.099013764E-01
3.073550000E+00 3.631390000E+01 8.274440000E+00 4.033772023E-01
3.123260000E+00 3.640740000E+01 8.066750000E+00 3.969570257E-01
3.173780000E+00 3.649430000E+01 7.863610000E+00 3.906382925E-01
3.225110000E+00 3.657380000E+01 7.664770000E+00 3.844209965E-01
3.277270000E+00 3.664700000E+01 7.469900000E+00 3.783026727E-01
3.330280000E+00 3.671380000E+01 7.279160000E+00 3.722810094E-01
3.384150000E+00 3.677520000E+01 7.092880000E+00 3.663549193E-01
3.438880000E+00 3.683120000E+01 6.910440000E+00 3.605243568E-01
3.494500000E+00 3.688200000E+01 6.732070000E+00 3.547860924E-01
3.551020000E+00 3.692800000E+01 6.557720000E+00 3.491391206E-01
3.608460000E+00 3.696960000E+01 6.387300000E+00 3.435814724E-01
3.666820000E+00 3.700690000E+01 6.220780000E+00 3.381131335E-01
3.726130000E+00 3.704020000E+01 6.058060000E+00 3.327312788E-01
3.786400000E+00 3.706970000E+01 5.899080000E+00 3.274350306E-01
3.847640000E+00 3.709570000E+01 5.743850000E+00 3.222234928E-01
3.909870000E+00 3.711840000E+01 5.592270000E+00 3.170949418E-01
3.973110000E+00 3.713790000E+01 5.444330000E+00 3.120477409E-01
4.037380000E+00 3.715450000E+01 5.299840000E+00 3.070803343E-01
4.102680000E+00 3.716830000E+01 5.158880000E+00 3.021927131E-01
4.169030000E+00 3.717950000E+01 5.021290000E+00 2.973833242E-01
4.236460000E+00 3.718820000E+01 4.887070000E+00 2.926499955E-01
4.304980000E+00 3.719450000E+01 4.756120000E+00 2.879920464E-01
4.374620000E+00 3.719880000E+01 4.628450000E+00 2.834074731E-01
4.445370000E+00 3.720090000E+01 4.503840000E+00 2.788969197E-01
4.517270000E+00 3.720110000E+01 4.382410000E+00 2.744578031E-01
4.590330000E+00 3.719950000E+01 4.264010000E+00 2.700895143E-01
4.664580000E+00 3.719620000E+01 4.148600000E+00 2.657902748E-01
4.740030000E+00 3.719140000E+01 4.036080000E+00 2.615595260E-01
4.816690000E+00 3.718500000E+01 3.926440000E+00 2.573966770E-01
4.894600000E+00 3.717720000E+01 3.819540000E+00 2.532995546E-01
4.973770000E+00 3.716820000E+01 3.715460000E+00 2.492676581E-01
5.054210000E+00 3.715790000E+01 3.613970000E+00 2.453004525E-01
5.135960000E+00 3.714640000E+01 3.515190000E+00 2.413959610E-01
5.219030000E+00 3.713380000E+01 3.418890000E+00 2.375537217E-01
5.303440000E+00 3.712030000E+01 3.325180000E+00 2.337727965E-01
5.389220000E+00 3.710580000E+01 3.233890000E+00 2.300518442E-01
5.476390000E+00 3.709050000E+01 3.144920000E+00 2.263900124E-01
5.564970000E+00 3.707430000E+01 3.058390000E+00 2.227864661E-01
5.654980000E+00 3.705730000E+01 2.974090000E+00 2.192403863E-01
5.746440000E+00 3.703960000E+01 2.892020000E+00 2.157509693E-01
5.839390000E+00 3.702130000E+01 2.812170000E+00 2.123166975E-01
5.933830000E+00 3.700240000E+01 2.734380000E+00 2.089375665E-01
6.029810000E+00 3.698280000E+01 2.658710000E+00 2.056117854E-01
6.127330000E+00 3.696270000E+01 2.585030000E+00 2.023393550E-01
6.226440000E+00 3.694210000E+01 2.513410000E+00 1.991185975E-01
6.327150000E+00 3.692110000E+01 2.443690000E+00 1.959492030E-01
6.429480000E+00 3.689950000E+01 2.375840000E+00 1.928305244E-01
6.533480000E+00 3.687770000E+01 2.309860000E+00 1.897610462E-01
6.639150000E+00 3.685530000E+01 2.245610000E+00 1.867407725E-01
6.746540000E+00 3.683270000E+01 2.183160000E+00 1.837682723E-01
6.855650000E+00 3.680960000E+01 2.122310000E+00 1.808435378E-01
6.966540000E+00 3.678620000E+01 2.063200000E+00 1.779649582E-01
7.079220000E+00 3.676260000E+01 2.005740000E+00 1.751322886E-01
7.193720000E+00 3.673870000E+01 1.949810000E+00 1.723447674E-01
7.310070000E+00 3.671440000E+01 1.895370000E+00 1.696016591E-01
7.428310000E+00 3.668980000E+01 1.842500000E+00 1.669020275E-01
7.548450000E+00 3.666490000E+01 1.791100000E+00 1.642456398E-01
7.670540000E+00 3.663980000E+01 1.741110000E+00 1.616313845E-01
7.794610000E+00 3.661450000E+01 1.692490000E+00 1.590586315E-01
7.920680000E+00 3.658880000E+01 1.645230000E+00 1.565269649E-01
8.048790000E+00 3.656290000E+01 1.599260000E+00 1.540355755E-01
8.178980000E+00 3.653670000E+01 1.554560000E+00 1.515836938E-01
8.311260000E+00 3.651020000E+01 1.511130000E+00 1.491711245E-01
8.445690000E+00 3.648340000E+01 1.468910000E+00 1.467967685E-01
8.582290000E+00 3.645630000E+01 1.427850000E+00 1.444602781E-01
8.721110000E+00 3.642880000E+01 1.387950000E+00 1.421608029E-01
8.862160000E+00 3.640090000E+01 1.349180000E+00 1.398981738E-01
9.005500000E+00 3.637270000E+01 1.311470000E+00 1.376714230E-01
9.151160000E+00 3.634400000E+01 1.274850000E+00 1.354800921E-01
9.299170000E+00 3.631490000E+01 1.239240000E+00 1.333237267E-01
9.449580000E+00 3.628520000E+01 1.204630000E+00 1.312015984E-01
9.602420000E+00 3.625500000E+01 1.171000000E+00 1.291132860E-01
9.757730000E+00 3.622420000E+01 1.138330000E+00 1.270582400E-01
9.915550000E+00 3.619270000E+01 1.106550000E+00 1.250359284E-01
1.007590000E+01 3.616040000E+01 1.075690000E+00 1.230460803E-01
1.023890000E+01 3.612730000E+01 1.045700000E+00 1.210872262E-01
1.040450000E+01 3.609330000E+01 1.016560000E+00 1.191599789E-01
1.057280000E+01 3.605830000E+01 9.882420000E-01 1.172631659E-01
1.074380000E+01 3.602210000E+01 9.607290000E-01 1.153967870E-01
1.091760000E+01 3.598460000E+01 9.339960000E-01 1.135597567E-01
1.109420000E+01 3.594550000E+01 9.080230000E-01 1.117520867E-01
1.127360000E+01 3.590490000E+01 8.827860000E-01 1.099737440E-01
1.145590000E+01 3.586220000E+01 8.582680000E-01 1.082237101E-01
1.164120000E+01 3.581740000E+01 8.344470000E-01 1.065010480E-01
1.182950000E+01 3.577010000E+01 8.113030000E-01 1.048057822E-01
1.202080000E+01 3.571980000E+01 7.888190000E-01 1.031378943E-01
1.221530000E+01 3.566600000E+01 7.669740000E-01 1.014956653E-01
1.241280000E+01 3.560820000E+01 7.457530000E-01 9.988076824E-02
1.261360000E+01 3.554550000E+01 7.251360000E-01 9.829073381E-02
1.281760000E+01 3.547700000E+01 7.051080000E-01 9.672637623E-02
1.302500000E+01 3.540130000E+01 6.856510000E-01 9.518618042E-02
1.323560000E+01 3.531670000E+01 6.667490000E-01 9.367161292E-02
1.344970000E+01 3.522060000E+01 6.483880000E-01 9.218049473E-02
1.366720000E+01 3.510970000E+01 6.305500000E-01 9.071353313E-02
1.388830000E+01 3.497860000E+01 6.132230000E-01 8.926938502E-02
1.411290000E+01 3.481870000E+01 5.963900000E-01 8.784870579E-02
1.434120000E+01 3.461510000E+01 5.800390000E-01 8.645022732E-02
1.457310000E+01 3.433760000E+01 5.641550000E-01 8.507455517E-02
1.480890000E+01 3.391050000E+01 5.487250000E-01 8.371992518E-02
1.504840000E+01 3.302080000E+01 5.337370000E-01 8.238749635E-02
1.519960000E+01 2.571960000E+01 5.246050000E-01 8.156793600E-02
1.519980000E+01 2.571990000E+01 3.685560000E+00 8.156686272E-02
1.529180000E+01 3.262050000E+01 3.652140000E+00 8.107613231E-02
1.553910000E+01 3.399810000E+01 3.564700000E+00 7.978583058E-02
1.579040000E+01 3.460090000E+01 3.478720000E+00 7.851606039E-02
1.604580000E+01 3.499640000E+01 3.394220000E+00 7.726632514E-02
1.630540000E+01 3.529150000E+01 3.311210000E+00 7.603615980E-02
1.656910000E+01 3.552650000E+01 3.229680000E+00 7.482603159E-02
1.683710000E+01 3.572100000E+01 3.149660000E+00 7.363500840E-02
1.710940000E+01 3.588620000E+01 3.071150000E+00 7.246309046E-02
1.738610000E+01 3.602890000E+01 2.994140000E+00 7.130983947E-02
1.766740000E+01 3.615390000E+01 2.918620000E+00 7.017444559E-02
1.795310000E+01 3.626440000E+01 2.844610000E+00 6.905771148E-02
1.824350000E+01 3.636290000E+01 2.772090000E+00 6.795845096E-02
1.853860000E+01 3.645120000E+01 2.701050000E+00 6.687667893E-02
1.883840000E+01 3.653080000E+01 2.631490000E+00 6.581238322E-02
1.914310000E+01 3.660270000E+01 2.563400000E+00 6.476485000E-02
1.945270000E+01 3.666790000E+01 2.496750000E+00 6.373408319E-02
1.976740000E+01 3.672720000E+01 2.431550000E+00 6.271942694E-02
2.008710000E+01 3.678130000E+01 2.367770000E+00 6.172120416E-02
2.041200000E+01 3.683050000E+01 2.305400000E+00 6.073878111E-02
2.074210000E+01 3.687550000E+01 2.244420000E+00 5.977215422E-02
2.107760000E+01 3.691650000E+01 2.184820000E+00 5.882073860E-02
2.141850000E+01 3.695410000E+01 2.126580000E+00 5.788453907E-02
2.176500000E+01 3.698840000E+01 2.069670000E+00 5.696301401E-02
2.211700000E+01 3.701970000E+01 2.014090000E+00 5.605642718E-02
2.247470000E+01 3.704830000E+01 1.959810000E+00 5.516425136E-02
2.283820000E+01 3.707440000E+01 1.906810000E+00 5.428623972E-02
2.320760000E+01 3.709820000E+01 1.855070000E+00 5.342215481E-02
2.358300000E+01 3.711990000E+01 1.804570000E+00 5.257176780E-02
2.396440000E+01 3.713960000E+01 1.755290000E+00 5.173507369E-02
2.435200000E+01 3.715740000E+01 1.707210000E+00 5.091162943E-02
2.474590000E+01 3.717360000E+01 1.660300000E+00 5.010122889E-02
2.514620000E+01 3.718810000E+01 1.614560000E+00 4.930367213E-02
2.555290000E+01 3.720120000E+01 1.569940000E+00 4.851895480E-02
2.596620000E+01 3.721300000E+01 1.526440000E+00 4.774668608E-02
2.638610000E+01 3.722350000E+01 1.484030000E+00 4.698686051E-02
2.681290000E+01 3.723270000E+01 1.442700000E+00 4.623893723E-02
2.724660000E+01 3.724090000E+01 1.402410000E+00 4.550292514E-02
2.768730000E+01 3.724810000E+01 1.363140000E+00 4.477865303E-02
2.813510000E+01 3.725430000E+01 1.324890000E+00 4.406595320E-02
2.859020000E+01 3.725970000E+01 1.287620000E+00 4.336450952E-02
2.905260000E+01 3.726450000E+01 1.251310000E+00 4.267432175E-02
2.952250000E+01 3.727180000E+01 1.215950000E+00 4.199508849E-02
3.000000000E+01 3.726050000E+01 1.181520000E+00 4.132666667E-02
