# Data retrieved from henke.lbl.gov/optical_constants 03/01/2021
# Element, Re  (Z = 75) 
# Atomic weight*, g mol-1 = 186.207 
# Nominal density*, g cm-3 =  0 
# Relativistic correction estimate f_rel(5CL)*,  e atom-1 =  0 
# Nuclear Thomson correction f_NT*, e atom-1 =  0 
#    E [keV]      f1 [e atom-1]      f2 [e atom-1]    Wavelength [nm] 
1.000000000E-02 -9.999000000E+03 1.820900000E+00 1.239800000E+02
1.016170000E-02 -9.999000000E+03 1.911450000E+00 1.220071445E+02
1.032610000E-02 -9.999000000E+03 2.006500000E+00 1.200646904E+02
1.049310000E-02 -9.999000000E+03 2.106290000E+00 1.181538344E+02
1.066280000E-02 -9.999000000E+03 2.211030000E+00 1.162733991E+02
1.083530000E-02 -9.999000000E+03 2.287530000E+00 1.144223049E+02
1.101060000E-02 -9.999000000E+03 2.360200000E+00 1.126005849E+02
1.118860000E-02 -9.999000000E+03 2.435180000E+00 1.108092165E+02
1.136960000E-02 -9.999000000E+03 2.512550000E+00 1.090451731E+02
1.155350000E-02 -9.999000000E+03 2.592370000E+00 1.073094733E+02
1.174040000E-02 -9.999000000E+03 2.675980000E+00 1.056011720E+02
1.193030000E-02 -9.999000000E+03 2.762720000E+00 1.039202702E+02
1.212320000E-02 -9.999000000E+03 2.852270000E+00 1.022667283E+02
1.231930000E-02 -9.999000000E+03 2.944720000E+00 1.006388350E+02
1.251860000E-02 -9.999000000E+03 3.040170000E+00 9.903663349E+01
1.272100000E-02 -9.999000000E+03 3.140120000E+00 9.746089144E+01
1.292680000E-02 -9.999000000E+03 3.243610000E+00 9.590927376E+01
1.313590000E-02 -9.999000000E+03 3.350520000E+00 9.438256990E+01
1.334830000E-02 -9.999000000E+03 3.460950000E+00 9.288074137E+01
1.356420000E-02 -9.999000000E+03 3.576220000E+00 9.140236800E+01
1.378360000E-02 -9.999000000E+03 3.705120000E+00 8.994747381E+01
1.400660000E-02 -9.999000000E+03 3.838670000E+00 8.851541416E+01
1.423310000E-02 -9.999000000E+03 3.977030000E+00 8.710681440E+01
1.446330000E-02 -9.999000000E+03 4.120390000E+00 8.572040959E+01
1.469730000E-02 -9.999000000E+03 4.258380000E+00 8.435562995E+01
1.493500000E-02 -9.999000000E+03 4.385650000E+00 8.301305658E+01
1.517650000E-02 -9.999000000E+03 4.516730000E+00 8.169208974E+01
1.542200000E-02 -9.999000000E+03 4.651710000E+00 8.039164829E+01
1.567140000E-02 -9.999000000E+03 4.790730000E+00 7.911226821E+01
1.592490000E-02 -9.999000000E+03 4.934630000E+00 7.785292215E+01
1.618250000E-02 -9.999000000E+03 5.089740000E+00 7.661362583E+01
1.644420000E-02 -9.999000000E+03 5.249720000E+00 7.539436397E+01
1.671020000E-02 -9.999000000E+03 5.414720000E+00 7.419420474E+01
1.698050000E-02 -9.999000000E+03 5.584910000E+00 7.301316216E+01
1.725510000E-02 -9.999000000E+03 5.760460000E+00 7.185122080E+01
1.753420000E-02 -9.999000000E+03 5.941510000E+00 7.070753157E+01
1.781780000E-02 -9.999000000E+03 6.128260000E+00 6.958210329E+01
1.810600000E-02 -9.999000000E+03 6.299070000E+00 6.847453883E+01
1.839890000E-02 -9.999000000E+03 6.465640000E+00 6.738446320E+01
1.869640000E-02 -9.999000000E+03 6.636620000E+00 6.631223123E+01
1.899880000E-02 -9.999000000E+03 6.812110000E+00 6.525675306E+01
1.930610000E-02 -9.999000000E+03 6.977070000E+00 6.421804507E+01
1.961840000E-02 -9.999000000E+03 7.076370000E+00 6.319577539E+01
1.993570000E-02 -9.999000000E+03 7.177080000E+00 6.218994066E+01
2.025820000E-02 -9.999000000E+03 7.279220000E+00 6.119990917E+01
2.058580000E-02 -9.999000000E+03 7.382810000E+00 6.022598102E+01
2.091880000E-02 -9.999000000E+03 7.487880000E+00 5.926726198E+01
2.125710000E-02 -9.999000000E+03 7.594450000E+00 5.832404232E+01
2.160090000E-02 -9.999000000E+03 7.633480000E+00 5.739575666E+01
2.195030000E-02 -9.999000000E+03 7.667760000E+00 5.648214375E+01
2.230530000E-02 -9.999000000E+03 7.702190000E+00 5.558320220E+01
2.266610000E-02 -9.999000000E+03 7.736780000E+00 5.469842628E+01
2.303270000E-02 -9.999000000E+03 7.771510000E+00 5.382781871E+01
2.340530000E-02 -9.999000000E+03 7.766010000E+00 5.297090830E+01
2.378380000E-02 -9.999000000E+03 7.709760000E+00 5.212791900E+01
2.416850000E-02 -9.999000000E+03 7.653920000E+00 5.129817738E+01
2.455940000E-02 -9.999000000E+03 7.598490000E+00 5.048168929E+01
2.495660000E-02 -9.999000000E+03 7.530390000E+00 4.967824143E+01
2.536030000E-02 -9.999000000E+03 7.283780000E+00 4.888743430E+01
2.577050000E-02 -9.999000000E+03 7.045240000E+00 4.810927223E+01
2.618730000E-02 -9.999000000E+03 6.814520000E+00 4.734355966E+01
2.661090000E-02 -9.999000000E+03 6.568170000E+00 4.658993119E+01
2.704130000E-02 -9.999000000E+03 6.300650000E+00 4.584838747E+01
2.747860000E-02 -9.999000000E+03 6.044020000E+00 4.511874695E+01
2.792310000E-02 -9.999000000E+03 5.797840000E+00 4.440051427E+01
2.837470000E-02 -9.999000000E+03 5.570900000E+00 4.369385403E+01
2.883370000E-02 -9.999000000E+03 5.352970000E+00 4.299829713E+01
2.930000000E-02 7.459800000E+00 5.143570000E+00 4.231399317E+01
2.977390000E-02 7.362940000E+00 4.942370000E+00 4.164049721E+01
3.025550000E-02 7.246780000E+00 4.740370000E+00 4.097767348E+01
3.074490000E-02 7.083140000E+00 4.534410000E+00 4.032538730E+01
3.124210000E-02 6.858610000E+00 4.337390000E+00 3.968363202E+01
3.174750000E-02 6.539460000E+00 4.242520000E+00 3.905189385E+01
3.226090000E-02 6.296680000E+00 4.227050000E+00 3.843042197E+01
3.278270000E-02 6.073140000E+00 4.211640000E+00 3.781872756E+01
3.331300000E-02 5.843670000E+00 4.202380000E+00 3.721670219E+01
3.385180000E-02 5.614740000E+00 4.207000000E+00 3.662434494E+01
3.439930000E-02 5.375240000E+00 4.211610000E+00 3.604143108E+01
3.495570000E-02 5.101460000E+00 4.216240000E+00 3.546774918E+01
3.552110000E-02 4.803310000E+00 4.284530000E+00 3.490319838E+01
3.609560000E-02 4.511570000E+00 4.360920000E+00 3.434767673E+01
3.667940000E-02 4.199780000E+00 4.438670000E+00 3.380098911E+01
3.727270000E-02 3.835030000E+00 4.517810000E+00 3.326295117E+01
3.787550000E-02 3.365190000E+00 4.636320000E+00 3.273356127E+01
3.848820000E-02 2.754140000E+00 4.797230000E+00 3.221247032E+01
3.911070000E-02 2.134770000E+00 5.414050000E+00 3.169976503E+01
3.974320000E-02 1.693540000E+00 6.110190000E+00 3.119527366E+01
4.038610000E-02 1.383240000E+00 6.895840000E+00 3.069868098E+01
4.103930000E-02 1.227260000E+00 7.782510000E+00 3.021006694E+01
4.170310000E-02 1.342240000E+00 8.783190000E+00 2.972920478E+01
4.237760000E-02 1.599850000E+00 9.454880000E+00 2.925602205E+01
4.306300000E-02 1.853720000E+00 1.017290000E+01 2.879037689E+01
4.375950000E-02 2.282140000E+00 1.094540000E+01 2.833213359E+01
4.446730000E-02 3.011430000E+00 1.140420000E+01 2.788116211E+01
4.518650000E-02 3.502930000E+00 1.164650000E+01 2.743739834E+01
4.591740000E-02 3.896200000E+00 1.189400000E+01 2.700065770E+01
4.666000000E-02 4.298320000E+00 1.214670000E+01 2.657093871E+01
4.741470000E-02 4.741590000E+00 1.227780000E+01 2.614800895E+01
4.818160000E-02 5.055660000E+00 1.233890000E+01 2.573181463E+01
4.896090000E-02 5.221970000E+00 1.233640000E+01 2.532224694E+01
4.975280000E-02 5.261700000E+00 1.251600000E+01 2.491920053E+01
5.055760000E-02 5.311470000E+00 1.275070000E+01 2.452252480E+01
5.137530000E-02 5.209560000E+00 1.306800000E+01 2.413221918E+01
5.220620000E-02 5.314330000E+00 1.380970000E+01 2.374813719E+01
5.305060000E-02 5.644800000E+00 1.452610000E+01 2.337014096E+01
5.390870000E-02 6.250130000E+00 1.513550000E+01 2.299814316E+01
5.478060000E-02 6.838990000E+00 1.562710000E+01 2.263209968E+01
5.566670000E-02 7.504070000E+00 1.613470000E+01 2.227184295E+01
5.656700000E-02 8.296230000E+00 1.648580000E+01 2.191737232E+01
5.748200000E-02 9.412980000E+00 1.679150000E+01 2.156849101E+01
5.841170000E-02 1.027760000E+01 1.672230000E+01 2.122519975E+01
5.935640000E-02 1.102420000E+01 1.664390000E+01 2.088738535E+01
6.031650000E-02 1.174550000E+01 1.656030000E+01 2.055490620E+01
6.129210000E-02 1.249850000E+01 1.647720000E+01 2.022772919E+01
6.228340000E-02 1.332780000E+01 1.624750000E+01 1.990578549E+01
6.329080000E-02 1.404550000E+01 1.591970000E+01 1.958894500E+01
6.431450000E-02 1.478580000E+01 1.554110000E+01 1.927714590E+01
6.535470000E-02 1.545390000E+01 1.504530000E+01 1.897032654E+01
6.641180000E-02 1.609880000E+01 1.436840000E+01 1.866836918E+01
6.748590000E-02 1.645510000E+01 1.359080000E+01 1.837124496E+01
6.857750000E-02 1.658750000E+01 1.285540000E+01 1.807881594E+01
6.968670000E-02 1.662720000E+01 1.237540000E+01 1.779105626E+01
7.081380000E-02 1.670190000E+01 1.193480000E+01 1.750788688E+01
7.195910000E-02 1.677890000E+01 1.151000000E+01 1.722923161E+01
7.312300000E-02 1.683560000E+01 1.110030000E+01 1.695499364E+01
7.430570000E-02 1.687000000E+01 1.070510000E+01 1.668512644E+01
7.550760000E-02 1.688110000E+01 1.032400000E+01 1.641953923E+01
7.672890000E-02 1.686760000E+01 9.956540000E+00 1.615818811E+01
7.796990000E-02 1.682410000E+01 9.603820000E+00 1.590100795E+01
7.923100000E-02 1.676420000E+01 9.285030000E+00 1.564791559E+01
8.051250000E-02 1.669240000E+01 8.976800000E+00 1.539885111E+01
8.181470000E-02 1.660410000E+01 8.678820000E+00 1.515375599E+01
8.313800000E-02 1.649530000E+01 8.390710000E+00 1.491255503E+01
8.448270000E-02 1.636260000E+01 8.112190000E+00 1.467519386E+01
8.584910000E-02 1.619460000E+01 7.842910000E+00 1.444161907E+01
8.723770000E-02 1.594570000E+01 7.626330000E+00 1.421174561E+01
8.864870000E-02 1.574020000E+01 7.484140000E+00 1.398554068E+01
9.008250000E-02 1.555500000E+01 7.344600000E+00 1.376293953E+01
9.153950000E-02 1.536070000E+01 7.207670000E+00 1.354387996E+01
9.302010000E-02 1.513890000E+01 7.073280000E+00 1.332830216E+01
9.452460000E-02 1.484930000E+01 6.999640000E+00 1.311616235E+01
9.605350000E-02 1.462100000E+01 7.002890000E+00 1.290739015E+01
9.760710000E-02 1.441950000E+01 7.006150000E+00 1.270194484E+01
9.918580000E-02 1.422470000E+01 7.009400000E+00 1.249977315E+01
1.007900000E-01 1.402040000E+01 7.012660000E+00 1.230082349E+01
1.024200000E-01 1.376060000E+01 7.031960000E+00 1.210505761E+01
1.040770000E-01 1.353190000E+01 7.155940000E+00 1.191233414E+01
1.057600000E-01 1.334880000E+01 7.282100000E+00 1.172276853E+01
1.074710000E-01 1.318400000E+01 7.410490000E+00 1.153613533E+01
1.092090000E-01 1.302570000E+01 7.541140000E+00 1.135254420E+01
1.109750000E-01 1.285190000E+01 7.694410000E+00 1.117188556E+01
1.127700000E-01 1.271410000E+01 7.884630000E+00 1.099405870E+01
1.145940000E-01 1.260120000E+01 8.079560000E+00 1.081906557E+01
1.164480000E-01 1.250650000E+01 8.279300000E+00 1.064681231E+01
1.183310000E-01 1.242880000E+01 8.483980000E+00 1.047738970E+01
1.202450000E-01 1.237240000E+01 8.693730000E+00 1.031061583E+01
1.221900000E-01 1.232760000E+01 8.890180000E+00 1.014649317E+01
1.241660000E-01 1.228610000E+01 9.089420000E+00 9.985020054E+00
1.261750000E-01 1.225140000E+01 9.293130000E+00 9.826035268E+00
1.282150000E-01 1.222470000E+01 9.501410000E+00 9.669695433E+00
1.302890000E-01 1.220670000E+01 9.714340000E+00 9.515768791E+00
1.323970000E-01 1.219820000E+01 9.932060000E+00 9.364260519E+00
1.345380000E-01 1.220040000E+01 1.015470000E+01 9.215240304E+00
1.367140000E-01 1.221590000E+01 1.038220000E+01 9.068566496E+00
1.389250000E-01 1.225410000E+01 1.060540000E+01 8.924239698E+00
1.411720000E-01 1.229030000E+01 1.081690000E+01 8.782194770E+00
1.434560000E-01 1.233010000E+01 1.103250000E+01 8.642371180E+00
1.457760000E-01 1.237790000E+01 1.125250000E+01 8.504829327E+00
1.481340000E-01 1.243860000E+01 1.147690000E+01 8.369449282E+00
1.505300000E-01 1.253350000E+01 1.170580000E+01 8.236231980E+00
1.529640000E-01 1.263240000E+01 1.187590000E+01 8.105175074E+00
1.554390000E-01 1.270570000E+01 1.204040000E+01 7.976119249E+00
1.579530000E-01 1.276610000E+01 1.220720000E+01 7.849170323E+00
1.605070000E-01 1.281620000E+01 1.237630000E+01 7.724273708E+00
1.631030000E-01 1.285000000E+01 1.254780000E+01 7.601331674E+00
1.657420000E-01 1.286180000E+01 1.275450000E+01 7.480300708E+00
1.684220000E-01 1.289710000E+01 1.298880000E+01 7.361271093E+00
1.711460000E-01 1.295180000E+01 1.322730000E+01 7.244107370E+00
1.739150000E-01 1.301690000E+01 1.347030000E+01 7.128769801E+00
1.767270000E-01 1.309230000E+01 1.371770000E+01 7.015340044E+00
1.795860000E-01 1.317910000E+01 1.396960000E+01 6.903656187E+00
1.824910000E-01 1.328940000E+01 1.422220000E+01 6.793759692E+00
1.854420000E-01 1.339940000E+01 1.445350000E+01 6.685648343E+00
1.884420000E-01 1.350460000E+01 1.468860000E+01 6.579212702E+00
1.914890000E-01 1.361150000E+01 1.492740000E+01 6.474523341E+00
1.945870000E-01 1.372130000E+01 1.517020000E+01 6.371443108E+00
1.977340000E-01 1.383490000E+01 1.541690000E+01 6.270039548E+00
2.009320000E-01 1.395240000E+01 1.566760000E+01 6.170246651E+00
2.041820000E-01 1.407390000E+01 1.592240000E+01 6.072033774E+00
2.074850000E-01 1.419730000E+01 1.618130000E+01 5.975371714E+00
2.108400000E-01 1.432390000E+01 1.645210000E+01 5.880288370E+00
2.142510000E-01 1.446270000E+01 1.673240000E+01 5.786670774E+00
2.177160000E-01 1.461240000E+01 1.701740000E+01 5.694574583E+00
2.212370000E-01 1.477230000E+01 1.730740000E+01 5.603945091E+00
2.248160000E-01 1.494330000E+01 1.760220000E+01 5.514732048E+00
2.284520000E-01 1.512610000E+01 1.790210000E+01 5.426960587E+00
2.321470000E-01 1.532220000E+01 1.820710000E+01 5.340581614E+00
2.359020000E-01 1.553380000E+01 1.851730000E+01 5.255572229E+00
2.397170000E-01 1.576480000E+01 1.883280000E+01 5.171931903E+00
2.435950000E-01 1.604350000E+01 1.914450000E+01 5.089595435E+00
2.475350000E-01 1.631830000E+01 1.940920000E+01 5.008584645E+00
2.515380000E-01 1.658260000E+01 1.967750000E+01 4.928877545E+00
2.556070000E-01 1.685150000E+01 1.994960000E+01 4.850414895E+00
2.597410000E-01 1.712920000E+01 2.022550000E+01 4.773216396E+00
2.639420000E-01 1.741960000E+01 2.050510000E+01 4.697244092E+00
2.682110000E-01 1.772700000E+01 2.078860000E+01 4.622480062E+00
2.725490000E-01 1.805840000E+01 2.107610000E+01 4.548906802E+00
2.769570000E-01 1.847410000E+01 2.134380000E+01 4.476507183E+00
2.814370000E-01 1.885980000E+01 2.151490000E+01 4.405248777E+00
2.859890000E-01 1.920500000E+01 2.168740000E+01 4.335131771E+00
2.906150000E-01 1.954050000E+01 2.186130000E+01 4.266125286E+00
2.953150000E-01 1.987130000E+01 2.203660000E+01 4.198229010E+00
3.000920000E-01 2.020160000E+01 2.221330000E+01 4.131399704E+00
3.049450000E-01 2.053310000E+01 2.238780000E+01 4.065651183E+00
3.098780000E-01 2.086460000E+01 2.256210000E+01 4.000929398E+00
3.148900000E-01 2.119780000E+01 2.273780000E+01 3.937247928E+00
3.199830000E-01 2.153520000E+01 2.291480000E+01 3.874580837E+00
3.251580000E-01 2.187860000E+01 2.309320000E+01 3.812915567E+00
3.304180000E-01 2.223080000E+01 2.327300000E+01 3.752216889E+00
3.357620000E-01 2.259680000E+01 2.345420000E+01 3.692496471E+00
3.411920000E-01 2.299680000E+01 2.363020000E+01 3.633731154E+00
3.467110000E-01 2.338740000E+01 2.375220000E+01 3.575888853E+00
3.523190000E-01 2.376430000E+01 2.387500000E+01 3.518970024E+00
3.580170000E-01 2.413530000E+01 2.399830000E+01 3.462964049E+00
3.638080000E-01 2.450650000E+01 2.412230000E+01 3.407841499E+00
3.696920000E-01 2.488120000E+01 2.424690000E+01 3.353602458E+00
3.756720000E-01 2.526280000E+01 2.437220000E+01 3.300219340E+00
3.817480000E-01 2.566800000E+01 2.449810000E+01 3.247692195E+00
3.879220000E-01 2.609570000E+01 2.458300000E+01 3.196003320E+00
3.941970000E-01 2.649000000E+01 2.462960000E+01 3.145127944E+00
4.005730000E-01 2.686050000E+01 2.467630000E+01 3.095066318E+00
4.070520000E-01 2.721360000E+01 2.472310000E+01 3.045802502E+00
4.136350000E-01 2.754100000E+01 2.477000000E+01 2.997328563E+00
4.203260000E-01 2.784230000E+01 2.486570000E+01 2.949615299E+00
4.271240000E-01 2.817450000E+01 2.499640000E+01 2.902669951E+00
4.340320000E-01 2.854100000E+01 2.512790000E+01 2.856471412E+00
4.410520000E-01 2.893520000E+01 2.526000000E+01 2.811006412E+00
4.481860000E-01 2.935320000E+01 2.535720000E+01 2.766262221E+00
4.554350000E-01 2.976200000E+01 2.543470000E+01 2.722232591E+00
4.628020000E-01 3.016240000E+01 2.551260000E+01 2.678899400E+00
4.702870000E-01 3.056530000E+01 2.559060000E+01 2.636262538E+00
4.778940000E-01 3.097290000E+01 2.566890000E+01 2.594299154E+00
4.856230000E-01 3.138750000E+01 2.574750000E+01 2.553009227E+00
4.934780000E-01 3.181150000E+01 2.582620000E+01 2.512371372E+00
5.014590000E-01 3.224800000E+01 2.590520000E+01 2.472385579E+00
5.095700000E-01 3.270160000E+01 2.598450000E+01 2.433031772E+00
5.178120000E-01 3.318080000E+01 2.606400000E+01 2.394305269E+00
5.261870000E-01 3.370560000E+01 2.614370000E+01 2.356196561E+00
5.346980000E-01 3.438800000E+01 2.622370000E+01 2.318692047E+00
5.433460000E-01 3.491140000E+01 2.590530000E+01 2.281787296E+00
5.521340000E-01 3.532910000E+01 2.576090000E+01 2.245469397E+00
5.610650000E-01 3.571320000E+01 2.559510000E+01 2.209726146E+00
5.701390000E-01 3.598580000E+01 2.544150000E+01 2.174557432E+00
5.793610000E-01 3.626640000E+01 2.544090000E+01 2.139943835E+00
5.887320000E-01 3.658810000E+01 2.548190000E+01 2.105881793E+00
5.982540000E-01 3.697330000E+01 2.554980000E+01 2.072363912E+00
6.079300000E-01 3.740870000E+01 2.561760000E+01 2.039379534E+00
6.177630000E-01 3.789680000E+01 2.568570000E+01 2.006918511E+00
6.277550000E-01 3.847850000E+01 2.574510000E+01 1.974974313E+00
6.379080000E-01 3.914030000E+01 2.569420000E+01 1.943540448E+00
6.482260000E-01 3.981370000E+01 2.548050000E+01 1.912604555E+00
6.587110000E-01 4.035300000E+01 2.516220000E+01 1.882160765E+00
6.693650000E-01 4.079490000E+01 2.484770000E+01 1.852203208E+00
6.801910000E-01 4.117180000E+01 2.458120000E+01 1.822723323E+00
6.911930000E-01 4.154040000E+01 2.435150000E+01 1.793710295E+00
7.023720000E-01 4.193100000E+01 2.413290000E+01 1.765161481E+00
7.137330000E-01 4.232230000E+01 2.388720000E+01 1.737064140E+00
7.252770000E-01 4.268550000E+01 2.362400000E+01 1.709415851E+00
7.370080000E-01 4.302760000E+01 2.336360000E+01 1.682206977E+00
7.489280000E-01 4.335570000E+01 2.310590000E+01 1.655432832E+00
7.610420000E-01 4.367440000E+01 2.285070000E+01 1.629082232E+00
7.733510000E-01 4.398890000E+01 2.259380000E+01 1.603153031E+00
7.858590000E-01 4.429600000E+01 2.232460000E+01 1.577636701E+00
7.985700000E-01 4.458070000E+01 2.204620000E+01 1.552525139E+00
8.114860000E-01 4.484780000E+01 2.177100000E+01 1.527814405E+00
8.246110000E-01 4.510150000E+01 2.149930000E+01 1.503496800E+00
8.379490000E-01 4.534510000E+01 2.123090000E+01 1.479564985E+00
8.515020000E-01 4.557920000E+01 2.096250000E+01 1.456015370E+00
8.652740000E-01 4.580350000E+01 2.069420000E+01 1.432840927E+00
8.792690000E-01 4.601570000E+01 2.042640000E+01 1.410034927E+00
8.934910000E-01 4.621760000E+01 2.016170000E+01 1.387590921E+00
9.079430000E-01 4.641140000E+01 1.990030000E+01 1.365504222E+00
9.226280000E-01 4.660170000E+01 1.964210000E+01 1.343770187E+00
9.375510000E-01 4.678300000E+01 1.937510000E+01 1.322381396E+00
9.527150000E-01 4.695320000E+01 1.910850000E+01 1.301333557E+00
9.681240000E-01 4.711120000E+01 1.884300000E+01 1.280621077E+00
9.837830000E-01 4.726040000E+01 1.858090000E+01 1.260237268E+00
9.996950000E-01 4.740390000E+01 1.831970000E+01 1.240178254E+00
1.015860000E+00 4.754620000E+01 1.805940000E+01 1.220443762E+00
1.032290000E+00 4.767420000E+01 1.777950000E+01 1.201019093E+00
1.048990000E+00 4.778490000E+01 1.750040000E+01 1.181898779E+00
1.065960000E+00 4.787710000E+01 1.722180000E+01 1.163083043E+00
1.083200000E+00 4.795380000E+01 1.694750000E+01 1.144571640E+00
1.100720000E+00 4.801690000E+01 1.667730000E+01 1.126353659E+00
1.118520000E+00 4.806720000E+01 1.641130000E+01 1.108428995E+00
1.136610000E+00 4.810510000E+01 1.614930000E+01 1.090787517E+00
1.155000000E+00 4.813090000E+01 1.589120000E+01 1.073419913E+00
1.173680000E+00 4.814470000E+01 1.563680000E+01 1.056335628E+00
1.192660000E+00 4.814670000E+01 1.538640000E+01 1.039525095E+00
1.211950000E+00 4.813760000E+01 1.513980000E+01 1.022979496E+00
1.231550000E+00 4.811910000E+01 1.489660000E+01 1.006698875E+00
1.251470000E+00 4.809020000E+01 1.465050000E+01 9.906749662E-01
1.271720000E+00 4.804810000E+01 1.440090000E+01 9.749001352E-01
1.292290000E+00 4.798280000E+01 1.414630000E+01 9.593821820E-01
1.313190000E+00 4.789510000E+01 1.389590000E+01 9.441131900E-01
1.334430000E+00 4.778660000E+01 1.365000000E+01 9.290858269E-01
1.356010000E+00 4.765710000E+01 1.340820000E+01 9.143000420E-01
1.377940000E+00 4.750570000E+01 1.317040000E+01 8.997489005E-01
1.400230000E+00 4.733110000E+01 1.293640000E+01 8.854259657E-01
1.422880000E+00 4.713100000E+01 1.270620000E+01 8.713313842E-01
1.445890000E+00 4.690340000E+01 1.248000000E+01 8.574649524E-01
1.469280000E+00 4.664600000E+01 1.225750000E+01 8.438146575E-01
1.493040000E+00 4.635520000E+01 1.203840000E+01 8.303863259E-01
1.517190000E+00 4.602620000E+01 1.182190000E+01 8.171685814E-01
1.541730000E+00 4.565340000E+01 1.160880000E+01 8.041615588E-01
1.566670000E+00 4.523010000E+01 1.139920000E+01 7.913600184E-01
1.592010000E+00 4.474790000E+01 1.119310000E+01 7.787639525E-01
1.617760000E+00 4.419590000E+01 1.099080000E+01 7.663683117E-01
1.643920000E+00 4.355970000E+01 1.079230000E+01 7.541729525E-01
1.670510000E+00 4.281920000E+01 1.059690000E+01 7.421685593E-01
1.697530000E+00 4.194530000E+01 1.040480000E+01 7.303552809E-01
1.724990000E+00 4.089780000E+01 1.021600000E+01 7.187288042E-01
1.752890000E+00 3.960550000E+01 1.002540000E+01 7.072891054E-01
1.781240000E+00 3.794870000E+01 9.836480000E+00 6.960319777E-01
1.810050000E+00 3.569430000E+01 9.649570000E+00 6.849534543E-01
1.839320000E+00 3.225590000E+01 9.466270000E+00 6.740534545E-01
1.869070000E+00 2.489460000E+01 9.286450000E+00 6.633245411E-01
1.882800000E+00 -4.117230000E+00 9.205580000E+00 6.584873593E-01
1.883000000E+00 -4.113730000E+00 2.754690000E+01 6.584174190E-01
1.899300000E+00 2.491870000E+01 2.716080000E+01 6.527668088E-01
1.930020000E+00 2.776890000E+01 2.645650000E+01 6.423767629E-01
1.948800000E+00 9.567070000E+00 2.604040000E+01 6.361863711E-01
1.949000000E+00 9.603360000E+00 3.860320000E+01 6.361210877E-01
1.961240000E+00 2.967350000E+01 3.826840000E+01 6.321510881E-01
1.992960000E+00 3.711250000E+01 3.742350000E+01 6.220897559E-01
2.025200000E+00 4.107480000E+01 3.660570000E+01 6.121864507E-01
2.057950000E+00 4.389550000E+01 3.579700000E+01 6.024441799E-01
2.091240000E+00 4.608140000E+01 3.500570000E+01 5.928540005E-01
2.125060000E+00 4.784520000E+01 3.423220000E+01 5.834188211E-01
2.159430000E+00 4.929410000E+01 3.347590000E+01 5.741329888E-01
2.194360000E+00 5.048460000E+01 3.273600000E+01 5.649938934E-01
2.229850000E+00 5.144020000E+01 3.201250000E+01 5.560015248E-01
2.265920000E+00 5.215160000E+01 3.130540000E+01 5.471508262E-01
2.302570000E+00 5.254220000E+01 3.061390000E+01 5.384418280E-01
2.339810000E+00 5.223420000E+01 2.993790000E+01 5.298720836E-01
2.367200000E+00 4.476190000E+01 2.945700000E+01 5.237411288E-01
2.367400000E+00 4.478080000E+01 3.433170000E+01 5.236968827E-01
2.377660000E+00 5.176770000E+01 3.410100000E+01 5.214370431E-01
2.416110000E+00 5.498820000E+01 3.325820000E+01 5.131388885E-01
2.455190000E+00 5.660510000E+01 3.243630000E+01 5.049711020E-01
2.494900000E+00 5.777900000E+01 3.163630000E+01 4.969337448E-01
2.535260000E+00 5.869500000E+01 3.085520000E+01 4.890228221E-01
2.576260000E+00 5.940710000E+01 3.009460000E+01 4.812402475E-01
2.617930000E+00 5.990110000E+01 2.935310000E+01 4.735802714E-01
2.660270000E+00 5.994340000E+01 2.863060000E+01 4.660429205E-01
2.681500000E+00 5.741140000E+01 2.827930000E+01 4.623531605E-01
2.681700000E+00 5.742460000E+01 3.014720000E+01 4.623186785E-01
2.703300000E+00 6.058130000E+01 2.979530000E+01 4.586246440E-01
2.747030000E+00 6.177130000E+01 2.910410000E+01 4.513237933E-01
2.791460000E+00 6.254210000E+01 2.842920000E+01 4.441403423E-01
2.836610000E+00 6.312150000E+01 2.777120000E+01 4.370710108E-01
2.882490000E+00 6.350960000E+01 2.712900000E+01 4.301142415E-01
2.929110000E+00 6.296270000E+01 2.650270000E+01 4.232685014E-01
2.931600000E+00 6.184860000E+01 2.647000000E+01 4.229089917E-01
2.931800000E+00 6.185680000E+01 2.761980000E+01 4.228801419E-01
2.976480000E+00 6.454610000E+01 2.705040000E+01 4.165322797E-01
3.024630000E+00 6.528650000E+01 2.645930000E+01 4.099013764E-01
3.073550000E+00 6.587900000E+01 2.587630000E+01 4.033772023E-01
3.123260000E+00 6.639350000E+01 2.530440000E+01 3.969570257E-01
3.173780000E+00 6.685380000E+01 2.474250000E+01 3.906382925E-01
3.225110000E+00 6.727220000E+01 2.419140000E+01 3.844209965E-01
3.277270000E+00 6.765410000E+01 2.364890000E+01 3.783026727E-01
3.330280000E+00 6.800510000E+01 2.311800000E+01 3.722810094E-01
3.384150000E+00 6.832960000E+01 2.259640000E+01 3.663549193E-01
3.438880000E+00 6.862850000E+01 2.208410000E+01 3.605243568E-01
3.494500000E+00 6.890500000E+01 2.158270000E+01 3.547860924E-01
3.551020000E+00 6.916120000E+01 2.109060000E+01 3.491391206E-01
3.608460000E+00 6.939800000E+01 2.060820000E+01 3.435814724E-01
3.666820000E+00 6.961730000E+01 2.013540000E+01 3.381131335E-01
3.726130000E+00 6.981990000E+01 1.967160000E+01 3.327312788E-01
3.786400000E+00 7.000720000E+01 1.921790000E+01 3.274350306E-01
3.847640000E+00 7.017970000E+01 1.877260000E+01 3.222234928E-01
3.909870000E+00 7.033910000E+01 1.833790000E+01 3.170949418E-01
3.973110000E+00 7.048600000E+01 1.791060000E+01 3.120477409E-01
4.037380000E+00 7.062050000E+01 1.749310000E+01 3.070803343E-01
4.102680000E+00 7.074410000E+01 1.708420000E+01 3.021927131E-01
4.169030000E+00 7.085710000E+01 1.668390000E+01 2.973833242E-01
4.236460000E+00 7.096010000E+01 1.629210000E+01 2.926499955E-01
4.304980000E+00 7.105370000E+01 1.590840000E+01 2.879920464E-01
4.374620000E+00 7.113820000E+01 1.553310000E+01 2.834074731E-01
4.445370000E+00 7.121430000E+01 1.516560000E+01 2.788969197E-01
4.517270000E+00 7.128210000E+01 1.480610000E+01 2.744578031E-01
4.590330000E+00 7.134230000E+01 1.445450000E+01 2.700895143E-01
4.664580000E+00 7.139520000E+01 1.411050000E+01 2.657902748E-01
4.740030000E+00 7.144110000E+01 1.377390000E+01 2.615595260E-01
4.816690000E+00 7.148040000E+01 1.344490000E+01 2.573966770E-01
4.894600000E+00 7.151350000E+01 1.312310000E+01 2.532995546E-01
4.973770000E+00 7.154040000E+01 1.280820000E+01 2.492676581E-01
5.054210000E+00 7.156150000E+01 1.250050000E+01 2.453004525E-01
5.135960000E+00 7.157720000E+01 1.219970000E+01 2.413959610E-01
5.219030000E+00 7.158760000E+01 1.190550000E+01 2.375537217E-01
5.303440000E+00 7.159280000E+01 1.161790000E+01 2.337727965E-01
5.389220000E+00 7.159310000E+01 1.133690000E+01 2.300518442E-01
5.476390000E+00 7.158890000E+01 1.106230000E+01 2.263900124E-01
5.564970000E+00 7.158000000E+01 1.079380000E+01 2.227864661E-01
5.654980000E+00 7.156680000E+01 1.053170000E+01 2.192403863E-01
5.746440000E+00 7.154940000E+01 1.027530000E+01 2.157509693E-01
5.839390000E+00 7.152780000E+01 1.002490000E+01 2.123166975E-01
5.933830000E+00 7.150220000E+01 9.780270000E+00 2.089375665E-01
6.029810000E+00 7.147260000E+01 9.541300000E+00 2.056117854E-01
6.127330000E+00 7.143920000E+01 9.307810000E+00 2.023393550E-01
6.226440000E+00 7.140200000E+01 9.079850000E+00 1.991185975E-01
6.327150000E+00 7.136110000E+01 8.857150000E+00 1.959492030E-01
6.429480000E+00 7.131640000E+01 8.639700000E+00 1.928305244E-01
6.533480000E+00 7.126800000E+01 8.427210000E+00 1.897610462E-01
6.639150000E+00 7.121590000E+01 8.219850000E+00 1.867407725E-01
6.746540000E+00 7.116010000E+01 8.017230000E+00 1.837682723E-01
6.855650000E+00 7.110030000E+01 7.819510000E+00 1.808435378E-01
6.966540000E+00 7.103680000E+01 7.626490000E+00 1.779649582E-01
7.079220000E+00 7.096920000E+01 7.437710000E+00 1.751322886E-01
7.193720000E+00 7.089730000E+01 7.253780000E+00 1.723447674E-01
7.310070000E+00 7.082130000E+01 7.074100000E+00 1.696016591E-01
7.428310000E+00 7.074070000E+01 6.898620000E+00 1.669020275E-01
7.548450000E+00 7.065520000E+01 6.727300000E+00 1.642456398E-01
7.670540000E+00 7.056460000E+01 6.560160000E+00 1.616313845E-01
7.794610000E+00 7.046850000E+01 6.396860000E+00 1.590586315E-01
7.920680000E+00 7.036620000E+01 6.237310000E+00 1.565269649E-01
8.048790000E+00 7.025730000E+01 6.081810000E+00 1.540355755E-01
8.178980000E+00 7.014110000E+01 5.930070000E+00 1.515836938E-01
8.311260000E+00 7.001690000E+01 5.781760000E+00 1.491711245E-01
8.445690000E+00 6.988340000E+01 5.637010000E+00 1.467967685E-01
8.582290000E+00 6.973940000E+01 5.495840000E+00 1.444602781E-01
8.721110000E+00 6.958330000E+01 5.358060000E+00 1.421608029E-01
8.862160000E+00 6.941320000E+01 5.223570000E+00 1.398981738E-01
9.005500000E+00 6.922620000E+01 5.092390000E+00 1.376714230E-01
9.151160000E+00 6.901890000E+01 4.963990000E+00 1.354800921E-01
9.299170000E+00 6.878630000E+01 4.839030000E+00 1.333237267E-01
9.449580000E+00 6.852170000E+01 4.716950000E+00 1.312015984E-01
9.602420000E+00 6.821490000E+01 4.597880000E+00 1.291132860E-01
9.757730000E+00 6.784990000E+01 4.481590000E+00 1.270582400E-01
9.915550000E+00 6.739840000E+01 4.367980000E+00 1.250359284E-01
1.007590000E+01 6.680900000E+01 4.262430000E+00 1.230460803E-01
1.023890000E+01 6.596100000E+01 4.159880000E+00 1.210872262E-01
1.040450000E+01 6.439270000E+01 4.060240000E+00 1.191599789E-01
1.053520000E+01 5.044850000E+01 3.984380000E+00 1.176816767E-01
1.053540000E+01 5.044910000E+01 1.012140000E+01 1.176794426E-01
1.057280000E+01 6.207230000E+01 1.005610000E+01 1.172631659E-01
1.074380000E+01 6.544650000E+01 9.765270000E+00 1.153967870E-01
1.091760000E+01 6.656240000E+01 9.482900000E+00 1.135597567E-01
1.109420000E+01 6.716770000E+01 9.208700000E+00 1.117520867E-01
1.127360000E+01 6.750070000E+01 8.942420000E+00 1.099737440E-01
1.145590000E+01 6.761980000E+01 8.683850000E+00 1.082237101E-01
1.164120000E+01 6.749150000E+01 8.432760000E+00 1.065010480E-01
1.182950000E+01 6.685760000E+01 8.188920000E+00 1.048057822E-01
1.195860000E+01 5.983860000E+01 8.028010000E+00 1.036743432E-01
1.195880000E+01 5.983980000E+01 1.123800000E+01 1.036726093E-01
1.202080000E+01 6.631920000E+01 1.114070000E+01 1.031378943E-01
1.221530000E+01 6.783970000E+01 1.084420000E+01 1.014956653E-01
1.241280000E+01 6.820980000E+01 1.055560000E+01 9.988076824E-02
1.252660000E+01 6.532100000E+01 1.039490000E+01 9.897338464E-02
1.252680000E+01 6.532160000E+01 1.184110000E+01 9.897180445E-02
1.261360000E+01 6.867370000E+01 1.172330000E+01 9.829073381E-02
1.281760000E+01 6.969770000E+01 1.145400000E+01 9.672637623E-02
1.302500000E+01 7.033710000E+01 1.118900000E+01 9.518618042E-02
1.323560000E+01 7.083560000E+01 1.092830000E+01 9.367161292E-02
1.344970000E+01 7.125060000E+01 1.067190000E+01 9.218049473E-02
1.366720000E+01 7.160730000E+01 1.041980000E+01 9.071353313E-02
1.388830000E+01 7.191970000E+01 1.017220000E+01 8.926938502E-02
1.411290000E+01 7.219670000E+01 9.928950000E+00 8.784870579E-02
1.434120000E+01 7.244430000E+01 9.690170000E+00 8.645022732E-02
1.457310000E+01 7.266730000E+01 9.455810000E+00 8.507455517E-02
1.480890000E+01 7.286880000E+01 9.225900000E+00 8.371992518E-02
1.504840000E+01 7.305160000E+01 9.000410000E+00 8.238749635E-02
1.529180000E+01 7.321780000E+01 8.779350000E+00 8.107613231E-02
1.553910000E+01 7.336920000E+01 8.562670000E+00 7.978583058E-02
1.579040000E+01 7.350740000E+01 8.350370000E+00 7.851606039E-02
1.604580000E+01 7.363350000E+01 8.142400000E+00 7.726632514E-02
1.630540000E+01 7.374870000E+01 7.938750000E+00 7.603615980E-02
1.656910000E+01 7.385390000E+01 7.739370000E+00 7.482603159E-02
1.683710000E+01 7.394990000E+01 7.544220000E+00 7.363500840E-02
1.710940000E+01 7.403740000E+01 7.353260000E+00 7.246309046E-02
1.738610000E+01 7.411720000E+01 7.166450000E+00 7.130983947E-02
1.766740000E+01 7.418990000E+01 6.983720000E+00 7.017444559E-02
1.795310000E+01 7.425580000E+01 6.805050000E+00 6.905771148E-02
1.824350000E+01 7.431560000E+01 6.630360000E+00 6.795845096E-02
1.853860000E+01 7.436960000E+01 6.459620000E+00 6.687667893E-02
1.883840000E+01 7.441830000E+01 6.292750000E+00 6.581238322E-02
1.914310000E+01 7.446200000E+01 6.129710000E+00 6.476485000E-02
1.945270000E+01 7.450110000E+01 5.970440000E+00 6.373408319E-02
1.976740000E+01 7.453580000E+01 5.814870000E+00 6.271942694E-02
2.008710000E+01 7.456650000E+01 5.662950000E+00 6.172120416E-02
2.041200000E+01 7.459340000E+01 5.514610000E+00 6.073878111E-02
2.074210000E+01 7.461680000E+01 5.369800000E+00 5.977215422E-02
2.107760000E+01 7.463680000E+01 5.228440000E+00 5.882073860E-02
2.141850000E+01 7.465380000E+01 5.090490000E+00 5.788453907E-02
2.176500000E+01 7.466790000E+01 4.955870000E+00 5.696301401E-02
2.211700000E+01 7.467930000E+01 4.824530000E+00 5.605642718E-02
2.247470000E+01 7.468810000E+01 4.696410000E+00 5.516425136E-02
2.283820000E+01 7.469460000E+01 4.571420000E+00 5.428623972E-02
2.320760000E+01 7.469880000E+01 4.449530000E+00 5.342215481E-02
2.358300000E+01 7.470100000E+01 4.330670000E+00 5.257176780E-02
2.396440000E+01 7.470120000E+01 4.214770000E+00 5.173507369E-02
2.435200000E+01 7.469960000E+01 4.101770000E+00 5.091162943E-02
2.474590000E+01 7.469630000E+01 3.991610000E+00 5.010122889E-02
2.514620000E+01 7.469150000E+01 3.884240000E+00 4.930367213E-02
2.555290000E+01 7.468510000E+01 3.779590000E+00 4.851895480E-02
2.596620000E+01 7.467730000E+01 3.677610000E+00 4.774668608E-02
2.638610000E+01 7.466820000E+01 3.578230000E+00 4.698686051E-02
2.681290000E+01 7.465800000E+01 3.481410000E+00 4.623893723E-02
2.724660000E+01 7.464650000E+01 3.387070000E+00 4.550292514E-02
2.768730000E+01 7.463410000E+01 3.295170000E+00 4.477865303E-02
2.813510000E+01 7.462070000E+01 3.205650000E+00 4.406595320E-02
2.859020000E+01 7.460650000E+01 3.118450000E+00 4.336450952E-02
2.905260000E+01 7.459190000E+01 3.033530000E+00 4.267432175E-02
2.952250000E+01 7.458430000E+01 2.950830000E+00 4.199508849E-02
3.000000000E+01 7.453370000E+01 2.870300000E+00 4.132666667E-02
