# Data retrieved from henke.lbl.gov/optical_constants 03/01/2021
# Element, Rn  (Z = 86) 
# Atomic weight*, g mol-1 = 222.0 
# Nominal density*, g cm-3 =  0 
# Relativistic correction estimate f_rel(5CL)*,  e atom-1 =  0 
# Nuclear Thomson correction f_NT*, e atom-1 =  0 
#    E [keV]      f1 [e atom-1]      f2 [e atom-1]    Wavelength [nm] 
1.000000000E-02 -9.999000000E+03 2.839640000E+00 1.239800000E+02
1.016170000E-02 -9.999000000E+03 3.217910000E+00 1.220071445E+02
1.032610000E-02 -9.999000000E+03 3.646560000E+00 1.200646904E+02
1.049310000E-02 -9.999000000E+03 4.050830000E+00 1.181538344E+02
1.066280000E-02 -9.999000000E+03 4.428800000E+00 1.162733991E+02
1.083530000E-02 -9.999000000E+03 4.834370000E+00 1.144223049E+02
1.101060000E-02 -9.999000000E+03 5.244450000E+00 1.126005849E+02
1.118860000E-02 -9.999000000E+03 5.689320000E+00 1.108092165E+02
1.136960000E-02 -9.999000000E+03 6.152770000E+00 1.090451731E+02
1.155350000E-02 -9.999000000E+03 6.620720000E+00 1.073094733E+02
1.174040000E-02 -9.999000000E+03 7.124240000E+00 1.056011720E+02
1.193030000E-02 -9.999000000E+03 7.666060000E+00 1.039202702E+02
1.212320000E-02 -9.999000000E+03 8.110120000E+00 1.022667283E+02
1.231930000E-02 -9.999000000E+03 8.553170000E+00 1.006388350E+02
1.251860000E-02 -9.999000000E+03 9.020440000E+00 9.903663349E+01
1.272100000E-02 -9.999000000E+03 9.513220000E+00 9.746089144E+01
1.292680000E-02 -9.999000000E+03 9.952290000E+00 9.590927376E+01
1.313590000E-02 -9.999000000E+03 1.029620000E+01 9.438256990E+01
1.334830000E-02 -9.999000000E+03 1.065200000E+01 9.288074137E+01
1.356420000E-02 -9.999000000E+03 1.102010000E+01 9.140236800E+01
1.378360000E-02 -9.999000000E+03 1.126570000E+01 8.994747381E+01
1.400660000E-02 -9.999000000E+03 1.151310000E+01 8.851541416E+01
1.423310000E-02 -9.999000000E+03 1.176600000E+01 8.710681440E+01
1.446330000E-02 -9.999000000E+03 1.202430000E+01 8.572040959E+01
1.469730000E-02 -9.999000000E+03 1.217070000E+01 8.435562995E+01
1.493500000E-02 -9.999000000E+03 1.231540000E+01 8.301305658E+01
1.517650000E-02 -9.999000000E+03 1.246180000E+01 8.169208974E+01
1.542200000E-02 -9.999000000E+03 1.257270000E+01 8.039164829E+01
1.567140000E-02 -9.999000000E+03 1.262190000E+01 7.911226821E+01
1.592490000E-02 -9.999000000E+03 1.267130000E+01 7.785292215E+01
1.618250000E-02 -9.999000000E+03 1.272080000E+01 7.661362583E+01
1.644420000E-02 -9.999000000E+03 1.265980000E+01 7.539436397E+01
1.671020000E-02 -9.999000000E+03 1.259580000E+01 7.419420474E+01
1.698050000E-02 -9.999000000E+03 1.253210000E+01 7.301316216E+01
1.725510000E-02 -9.999000000E+03 1.230590000E+01 7.185122080E+01
1.753420000E-02 -9.999000000E+03 1.204860000E+01 7.070753157E+01
1.781780000E-02 -9.999000000E+03 1.179660000E+01 6.958210329E+01
1.810600000E-02 -9.999000000E+03 1.160130000E+01 6.847453883E+01
1.839890000E-02 -9.999000000E+03 1.146640000E+01 6.738446320E+01
1.869640000E-02 -9.999000000E+03 1.133310000E+01 6.631223123E+01
1.899880000E-02 -9.999000000E+03 1.120140000E+01 6.525675306E+01
1.930610000E-02 -9.999000000E+03 1.103860000E+01 6.421804507E+01
1.961840000E-02 -9.999000000E+03 1.076110000E+01 6.319577539E+01
1.993570000E-02 -9.999000000E+03 1.049050000E+01 6.218994066E+01
2.025820000E-02 -9.999000000E+03 1.022670000E+01 6.119990917E+01
2.058580000E-02 -9.999000000E+03 9.969570000E+00 6.022598102E+01
2.091880000E-02 -9.999000000E+03 9.766650000E+00 5.926726198E+01
2.125710000E-02 -9.999000000E+03 9.569950000E+00 5.832404232E+01
2.160090000E-02 -9.999000000E+03 9.377220000E+00 5.739575666E+01
2.195030000E-02 -9.999000000E+03 9.188360000E+00 5.648214375E+01
2.230530000E-02 -9.999000000E+03 9.003310000E+00 5.558320220E+01
2.266610000E-02 -9.999000000E+03 8.821990000E+00 5.469842628E+01
2.303270000E-02 -9.999000000E+03 8.644330000E+00 5.382781871E+01
2.340530000E-02 -9.999000000E+03 8.454220000E+00 5.297090830E+01
2.378380000E-02 -9.999000000E+03 8.267050000E+00 5.212791900E+01
2.416850000E-02 -9.999000000E+03 8.084010000E+00 5.129817738E+01
2.455940000E-02 -9.999000000E+03 7.905030000E+00 5.048168929E+01
2.495660000E-02 -9.999000000E+03 7.623250000E+00 4.967824143E+01
2.536030000E-02 -9.999000000E+03 7.301200000E+00 4.888743430E+01
2.577050000E-02 -9.999000000E+03 6.992770000E+00 4.810927223E+01
2.618730000E-02 -9.999000000E+03 6.697360000E+00 4.734355966E+01
2.661090000E-02 -9.999000000E+03 6.455070000E+00 4.658993119E+01
2.704130000E-02 -9.999000000E+03 6.261640000E+00 4.584838747E+01
2.747860000E-02 -9.999000000E+03 6.074000000E+00 4.511874695E+01
2.792310000E-02 -9.999000000E+03 5.892000000E+00 4.440051427E+01
2.837470000E-02 -9.999000000E+03 5.715440000E+00 4.369385403E+01
2.883370000E-02 -9.999000000E+03 5.528590000E+00 4.299829713E+01
2.930000000E-02 8.715180000E+00 5.269070000E+00 4.231399317E+01
2.977390000E-02 8.687860000E+00 5.021730000E+00 4.164049721E+01
3.025550000E-02 8.647410000E+00 4.773510000E+00 4.097767348E+01
3.074490000E-02 8.571590000E+00 4.521530000E+00 4.032538730E+01
3.124210000E-02 8.470770000E+00 4.282840000E+00 3.968363202E+01
3.174750000E-02 8.351980000E+00 4.056760000E+00 3.905189385E+01
3.226090000E-02 8.217660000E+00 3.842980000E+00 3.843042197E+01
3.278270000E-02 8.070200000E+00 3.640900000E+00 3.781872756E+01
3.331300000E-02 7.909890000E+00 3.449450000E+00 3.721670219E+01
3.385180000E-02 7.734360000E+00 3.268070000E+00 3.662434494E+01
3.439930000E-02 7.547900000E+00 3.110980000E+00 3.604143108E+01
3.495570000E-02 7.362470000E+00 2.964180000E+00 3.546774918E+01
3.552110000E-02 7.173970000E+00 2.824300000E+00 3.490319838E+01
3.609560000E-02 6.983310000E+00 2.691020000E+00 3.434767673E+01
3.667940000E-02 6.797130000E+00 2.560300000E+00 3.380098911E+01
3.727270000E-02 6.592110000E+00 2.404560000E+00 3.326295117E+01
3.787550000E-02 6.360700000E+00 2.258290000E+00 3.273356127E+01
3.848820000E-02 6.111280000E+00 2.120910000E+00 3.221247032E+01
3.911070000E-02 5.847090000E+00 1.990310000E+00 3.169976503E+01
3.974320000E-02 5.559140000E+00 1.858930000E+00 3.119527366E+01
4.038610000E-02 5.241230000E+00 1.736240000E+00 3.069868098E+01
4.103930000E-02 4.881270000E+00 1.642470000E+00 3.021006694E+01
4.170310000E-02 4.521960000E+00 1.577590000E+00 2.972920478E+01
4.237760000E-02 4.133690000E+00 1.529760000E+00 2.925602205E+01
4.306300000E-02 3.750630000E+00 1.523760000E+00 2.879037689E+01
4.375950000E-02 3.365190000E+00 1.517780000E+00 2.833213359E+01
4.446730000E-02 2.957210000E+00 1.518650000E+00 2.788116211E+01
4.518650000E-02 2.539220000E+00 1.538840000E+00 2.743739834E+01
4.591740000E-02 2.102060000E+00 1.559300000E+00 2.700065770E+01
4.666000000E-02 1.622960000E+00 1.589810000E+00 2.657093871E+01
4.741470000E-02 1.121020000E+00 1.652730000E+00 2.614800895E+01
4.818160000E-02 5.820670000E-01 1.725220000E+00 2.573181463E+01
4.896090000E-02 2.049210000E-03 1.816280000E+00 2.532224694E+01
4.975280000E-02 -6.653240000E-01 1.933860000E+00 2.491920053E+01
5.055760000E-02 -1.364700000E+00 2.159380000E+00 2.452252480E+01
5.137530000E-02 -2.098330000E+00 2.411210000E+00 2.413221918E+01
5.220620000E-02 -2.926880000E+00 2.692410000E+00 2.374813719E+01
5.305060000E-02 -3.950700000E+00 3.183670000E+00 2.337014096E+01
5.390870000E-02 -4.888600000E+00 3.950120000E+00 2.299814316E+01
5.478060000E-02 -5.709610000E+00 4.927160000E+00 2.263209968E+01
5.566670000E-02 -6.172810000E+00 5.922730000E+00 2.227184295E+01
5.656700000E-02 -6.773050000E+00 6.811270000E+00 2.191737232E+01
5.748200000E-02 -7.464130000E+00 7.859800000E+00 2.156849101E+01
5.841170000E-02 -8.053130000E+00 9.187500000E+00 2.122519975E+01
5.935640000E-02 -8.408360000E+00 1.073950000E+01 2.088738535E+01
6.031650000E-02 -8.189390000E+00 1.229230000E+01 2.055490620E+01
6.129210000E-02 -8.048230000E+00 1.335090000E+01 2.022772919E+01
6.228340000E-02 -7.997040000E+00 1.450060000E+01 1.990578549E+01
6.329080000E-02 -7.924500000E+00 1.574940000E+01 1.958894500E+01
6.431450000E-02 -7.725380000E+00 1.710570000E+01 1.927714590E+01
6.535470000E-02 -7.212370000E+00 1.857880000E+01 1.897032654E+01
6.641180000E-02 -6.591420000E+00 1.955600000E+01 1.866836918E+01
6.748590000E-02 -6.120190000E+00 2.054180000E+01 1.837124496E+01
6.857750000E-02 -5.674510000E+00 2.157730000E+01 1.807881594E+01
6.968670000E-02 -5.206330000E+00 2.266500000E+01 1.779105626E+01
7.081380000E-02 -4.686470000E+00 2.380760000E+01 1.750788688E+01
7.195910000E-02 -4.089770000E+00 2.500770000E+01 1.722923161E+01
7.312300000E-02 -3.385980000E+00 2.626830000E+01 1.695499364E+01
7.430570000E-02 -2.536450000E+00 2.759250000E+01 1.668512644E+01
7.550760000E-02 -1.449690000E+00 2.898340000E+01 1.641953923E+01
7.672890000E-02 1.524360000E-01 3.044450000E+01 1.615818811E+01
7.796990000E-02 1.939620000E+00 3.099090000E+01 1.590100795E+01
7.923100000E-02 3.381440000E+00 3.139860000E+01 1.564791559E+01
8.051250000E-02 4.713690000E+00 3.180980000E+01 1.539885111E+01
8.181470000E-02 5.995530000E+00 3.217980000E+01 1.515375599E+01
8.313800000E-02 7.252370000E+00 3.255410000E+01 1.491255503E+01
8.448270000E-02 8.517830000E+00 3.293280000E+01 1.467519386E+01
8.584910000E-02 9.822300000E+00 3.331600000E+01 1.444161907E+01
8.723770000E-02 1.119680000E+01 3.370350000E+01 1.421174561E+01
8.864870000E-02 1.271230000E+01 3.409560000E+01 1.398554068E+01
9.008250000E-02 1.462360000E+01 3.433900000E+01 1.376293953E+01
9.153950000E-02 1.636760000E+01 3.407430000E+01 1.354387996E+01
9.302010000E-02 1.796220000E+01 3.381160000E+01 1.332830216E+01
9.452460000E-02 1.966350000E+01 3.355100000E+01 1.311616235E+01
9.605350000E-02 2.134910000E+01 3.280910000E+01 1.290739015E+01
9.760710000E-02 2.280050000E+01 3.201430000E+01 1.270194484E+01
9.918580000E-02 2.421880000E+01 3.115910000E+01 1.249977315E+01
1.007900000E-01 2.541160000E+01 3.014060000E+01 1.230082349E+01
1.024200000E-01 2.639110000E+01 2.923280000E+01 1.210505761E+01
1.040770000E-01 2.752810000E+01 2.844800000E+01 1.191233414E+01
1.057600000E-01 2.884440000E+01 2.719520000E+01 1.172276853E+01
1.074710000E-01 2.970670000E+01 2.572440000E+01 1.153613533E+01
1.092090000E-01 3.025280000E+01 2.433310000E+01 1.135254420E+01
1.109750000E-01 3.062850000E+01 2.301710000E+01 1.117188556E+01
1.127700000E-01 3.085460000E+01 2.177220000E+01 1.099405870E+01
1.145940000E-01 3.090050000E+01 2.066110000E+01 1.081906557E+01
1.164480000E-01 3.096430000E+01 1.971040000E+01 1.064681231E+01
1.183310000E-01 3.101090000E+01 1.880360000E+01 1.047738970E+01
1.202450000E-01 3.102070000E+01 1.793840000E+01 1.031061583E+01
1.221900000E-01 3.097290000E+01 1.711300000E+01 1.014649317E+01
1.241660000E-01 3.086880000E+01 1.641240000E+01 9.985020054E+00
1.261750000E-01 3.081270000E+01 1.578770000E+01 9.826035268E+00
1.282150000E-01 3.078790000E+01 1.518680000E+01 9.669695433E+00
1.302890000E-01 3.077420000E+01 1.460880000E+01 9.515768791E+00
1.323970000E-01 3.077450000E+01 1.405280000E+01 9.364260519E+00
1.345380000E-01 3.080570000E+01 1.351790000E+01 9.215240304E+00
1.367140000E-01 3.098450000E+01 1.293180000E+01 9.068566496E+00
1.389250000E-01 3.102120000E+01 1.215050000E+01 8.924239698E+00
1.411720000E-01 3.092040000E+01 1.141640000E+01 8.782194770E+00
1.434560000E-01 3.075830000E+01 1.072670000E+01 8.642371180E+00
1.457760000E-01 3.055150000E+01 1.007870000E+01 8.504829327E+00
1.481340000E-01 3.030880000E+01 9.469780000E+00 8.369449282E+00
1.505300000E-01 3.003420000E+01 8.897660000E+00 8.236231980E+00
1.529640000E-01 2.971960000E+01 8.360100000E+00 8.105175074E+00
1.554390000E-01 2.939100000E+01 7.907310000E+00 7.976119249E+00
1.579530000E-01 2.907500000E+01 7.486890000E+00 7.849170323E+00
1.605070000E-01 2.876440000E+01 7.088820000E+00 7.724273708E+00
1.631030000E-01 2.845120000E+01 6.711900000E+00 7.601331674E+00
1.657420000E-01 2.813410000E+01 6.355040000E+00 7.480300708E+00
1.684220000E-01 2.781250000E+01 6.017140000E+00 7.361271093E+00
1.711460000E-01 2.748750000E+01 5.697220000E+00 7.244107370E+00
1.739150000E-01 2.715430000E+01 5.388700000E+00 7.128769801E+00
1.767270000E-01 2.680860000E+01 5.096800000E+00 7.015340044E+00
1.795860000E-01 2.644850000E+01 4.828450000E+00 6.903656187E+00
1.824910000E-01 2.608860000E+01 4.583330000E+00 6.793759692E+00
1.854420000E-01 2.572280000E+01 4.350650000E+00 6.685648343E+00
1.884420000E-01 2.533600000E+01 4.130240000E+00 6.579212702E+00
1.914890000E-01 2.494840000E+01 3.953150000E+00 6.474523341E+00
1.945870000E-01 2.456490000E+01 3.783650000E+00 6.371443108E+00
1.977340000E-01 2.416920000E+01 3.621420000E+00 6.270039548E+00
2.009320000E-01 2.375050000E+01 3.491890000E+00 6.170246651E+00
2.041820000E-01 2.334200000E+01 3.388330000E+00 6.072033774E+00
2.074850000E-01 2.292780000E+01 3.287840000E+00 5.975371714E+00
2.108400000E-01 2.248180000E+01 3.222280000E+00 5.880288370E+00
2.142510000E-01 2.206480000E+01 3.200490000E+00 5.786670774E+00
2.177160000E-01 2.165810000E+01 3.178850000E+00 5.694574583E+00
2.212370000E-01 2.123140000E+01 3.166230000E+00 5.603945091E+00
2.248160000E-01 2.081480000E+01 3.182420000E+00 5.514732048E+00
2.284520000E-01 2.040310000E+01 3.198690000E+00 5.426960587E+00
2.321470000E-01 1.997700000E+01 3.215040000E+00 5.340581614E+00
2.359020000E-01 1.951700000E+01 3.258950000E+00 5.255572229E+00
2.397170000E-01 1.906700000E+01 3.334160000E+00 5.171931903E+00
2.435950000E-01 1.861770000E+01 3.411100000E+00 5.089595435E+00
2.475350000E-01 1.814010000E+01 3.492270000E+00 5.008584645E+00
2.515380000E-01 1.765190000E+01 3.615720000E+00 4.928877545E+00
2.556070000E-01 1.715090000E+01 3.743520000E+00 4.850414895E+00
2.597410000E-01 1.660810000E+01 3.875850000E+00 4.773216396E+00
2.639420000E-01 1.598420000E+01 4.074930000E+00 4.697244092E+00
2.682110000E-01 1.539620000E+01 4.378860000E+00 4.622480062E+00
2.725490000E-01 1.482510000E+01 4.705460000E+00 4.548906802E+00
2.769570000E-01 1.424530000E+01 5.056410000E+00 4.476507183E+00
2.814370000E-01 1.362340000E+01 5.433540000E+00 4.405248777E+00
2.859890000E-01 1.298250000E+01 5.936280000E+00 4.335131771E+00
2.906150000E-01 1.236190000E+01 6.500850000E+00 4.266125286E+00
2.953150000E-01 1.166890000E+01 7.119100000E+00 4.198229010E+00
3.000920000E-01 1.103520000E+01 8.039850000E+00 4.131399704E+00
3.049450000E-01 1.073510000E+01 9.111530000E+00 4.065651183E+00
3.098780000E-01 1.056940000E+01 9.898100000E+00 4.000929398E+00
3.148900000E-01 1.033160000E+01 1.067000000E+01 3.937247928E+00
3.199830000E-01 1.009790000E+01 1.150210000E+01 3.874580837E+00
3.251580000E-01 9.953470000E+00 1.236930000E+01 3.812915567E+00
3.304180000E-01 9.823440000E+00 1.322710000E+01 3.752216889E+00
3.357620000E-01 9.748720000E+00 1.414450000E+01 3.692496471E+00
3.411920000E-01 9.761200000E+00 1.503220000E+01 3.633731154E+00
3.467110000E-01 9.767940000E+00 1.590050000E+01 3.575888853E+00
3.523190000E-01 9.803470000E+00 1.681910000E+01 3.518970024E+00
3.580170000E-01 9.965940000E+00 1.775520000E+01 3.462964049E+00
3.638080000E-01 1.013910000E+01 1.864010000E+01 3.407841499E+00
3.696920000E-01 1.033660000E+01 1.956900000E+01 3.353602458E+00
3.756720000E-01 1.066080000E+01 2.054420000E+01 3.300219340E+00
3.817480000E-01 1.106760000E+01 2.135350000E+01 3.247692195E+00
3.879220000E-01 1.144340000E+01 2.213210000E+01 3.196003320E+00
3.941970000E-01 1.180870000E+01 2.293920000E+01 3.145127944E+00
4.005730000E-01 1.221920000E+01 2.377560000E+01 3.095066318E+00
4.070520000E-01 1.278570000E+01 2.464260000E+01 3.045802502E+00
4.136350000E-01 1.340760000E+01 2.530370000E+01 2.997328563E+00
4.203260000E-01 1.395300000E+01 2.591360000E+01 2.949615299E+00
4.271240000E-01 1.448210000E+01 2.653820000E+01 2.902669951E+00
4.340320000E-01 1.503560000E+01 2.717790000E+01 2.856471412E+00
4.410520000E-01 1.569940000E+01 2.779140000E+01 2.811006412E+00
4.481860000E-01 1.630450000E+01 2.825500000E+01 2.766262221E+00
4.554350000E-01 1.685880000E+01 2.872640000E+01 2.722232591E+00
4.628020000E-01 1.739300000E+01 2.920560000E+01 2.678899400E+00
4.702870000E-01 1.791980000E+01 2.969280000E+01 2.636262538E+00
4.778940000E-01 1.843970000E+01 3.018820000E+01 2.594299154E+00
4.856230000E-01 1.896010000E+01 3.070830000E+01 2.553009227E+00
4.934780000E-01 1.950740000E+01 3.125290000E+01 2.512371372E+00
5.014590000E-01 2.008450000E+01 3.180720000E+01 2.472385579E+00
5.095700000E-01 2.069460000E+01 3.237130000E+01 2.433031772E+00
5.178120000E-01 2.134530000E+01 3.294540000E+01 2.394305269E+00
5.261870000E-01 2.209800000E+01 3.352980000E+01 2.356196561E+00
5.346980000E-01 2.288350000E+01 3.399490000E+01 2.318692047E+00
5.433460000E-01 2.364340000E+01 3.444020000E+01 2.281787296E+00
5.521340000E-01 2.441480000E+01 3.489140000E+01 2.245469397E+00
5.610650000E-01 2.522050000E+01 3.534840000E+01 2.209726146E+00
5.701390000E-01 2.608910000E+01 3.581150000E+01 2.174557432E+00
5.793610000E-01 2.713060000E+01 3.617680000E+01 2.139943835E+00
5.887320000E-01 2.809920000E+01 3.635340000E+01 2.105881793E+00
5.982540000E-01 2.897350000E+01 3.653090000E+01 2.072363912E+00
6.079300000E-01 2.983830000E+01 3.670920000E+01 2.039379534E+00
6.177630000E-01 3.071080000E+01 3.688850000E+01 2.006918511E+00
6.277550000E-01 3.160680000E+01 3.706860000E+01 1.974974313E+00
6.379080000E-01 3.265750000E+01 3.724110000E+01 1.943540448E+00
6.482260000E-01 3.374220000E+01 3.715320000E+01 1.912604555E+00
6.587110000E-01 3.464750000E+01 3.692910000E+01 1.882160765E+00
6.693650000E-01 3.543240000E+01 3.670940000E+01 1.852203208E+00
6.801910000E-01 3.613920000E+01 3.653680000E+01 1.822723323E+00
6.911930000E-01 3.683400000E+01 3.639910000E+01 1.793710295E+00
7.023720000E-01 3.756140000E+01 3.625940000E+01 1.765161481E+00
7.137330000E-01 3.827960000E+01 3.603780000E+01 1.737064140E+00
7.252770000E-01 3.890470000E+01 3.576100000E+01 1.709415851E+00
7.370080000E-01 3.944860000E+01 3.548660000E+01 1.682206977E+00
7.489280000E-01 3.991200000E+01 3.521420000E+01 1.655432832E+00
7.610420000E-01 4.025570000E+01 3.495280000E+01 1.629082232E+00
7.733510000E-01 4.040640000E+01 3.479050000E+01 1.603153031E+00
7.858590000E-01 4.046690000E+01 3.496830000E+01 1.577636701E+00
7.985700000E-01 4.080700000E+01 3.543270000E+01 1.552525139E+00
8.114860000E-01 4.137200000E+01 3.590300000E+01 1.527814405E+00
8.246110000E-01 4.212270000E+01 3.637980000E+01 1.503496800E+00
8.379490000E-01 4.314860000E+01 3.686320000E+01 1.479564985E+00
8.515020000E-01 4.441700000E+01 3.702920000E+01 1.456015370E+00
8.652740000E-01 4.577460000E+01 3.683750000E+01 1.432840927E+00
8.792690000E-01 4.683800000E+01 3.632990000E+01 1.410034927E+00
8.934910000E-01 4.770380000E+01 3.582900000E+01 1.387590921E+00
9.079430000E-01 4.845690000E+01 3.533500000E+01 1.365504222E+00
9.226280000E-01 4.911440000E+01 3.484790000E+01 1.343770187E+00
9.375510000E-01 4.971520000E+01 3.441230000E+01 1.322381396E+00
9.527150000E-01 5.028110000E+01 3.399350000E+01 1.301333557E+00
9.681240000E-01 5.082630000E+01 3.358950000E+01 1.280621077E+00
9.837830000E-01 5.134990000E+01 3.319060000E+01 1.260237268E+00
9.996950000E-01 5.185330000E+01 3.279290000E+01 1.240178254E+00
1.015860000E+00 5.234070000E+01 3.239620000E+01 1.220443762E+00
1.032290000E+00 5.277380000E+01 3.197390000E+01 1.201019093E+00
1.048990000E+00 5.315750000E+01 3.159810000E+01 1.181898779E+00
1.065960000E+00 5.355120000E+01 3.127170000E+01 1.163083043E+00
1.083200000E+00 5.395230000E+01 3.094830000E+01 1.144571640E+00
1.100720000E+00 5.435150000E+01 3.062780000E+01 1.126353659E+00
1.118520000E+00 5.474660000E+01 3.031030000E+01 1.108428995E+00
1.136610000E+00 5.513730000E+01 2.999540000E+01 1.090787517E+00
1.155000000E+00 5.552430000E+01 2.968350000E+01 1.073419913E+00
1.173680000E+00 5.590870000E+01 2.937450000E+01 1.056335628E+00
1.192660000E+00 5.629260000E+01 2.906800000E+01 1.039525095E+00
1.211950000E+00 5.668010000E+01 2.876420000E+01 1.022979496E+00
1.231550000E+00 5.708370000E+01 2.846300000E+01 1.006698875E+00
1.251470000E+00 5.750200000E+01 2.812790000E+01 9.906749662E-01
1.271720000E+00 5.792210000E+01 2.775640000E+01 9.749001352E-01
1.292290000E+00 5.829410000E+01 2.734060000E+01 9.593821820E-01
1.313190000E+00 5.862730000E+01 2.693020000E+01 9.441131900E-01
1.334430000E+00 5.893570000E+01 2.652570000E+01 9.290858269E-01
1.356010000E+00 5.922470000E+01 2.612680000E+01 9.143000420E-01
1.377940000E+00 5.949690000E+01 2.573290000E+01 8.997489005E-01
1.400230000E+00 5.975460000E+01 2.534450000E+01 8.854259657E-01
1.422880000E+00 6.000030000E+01 2.496180000E+01 8.713313842E-01
1.445890000E+00 6.023640000E+01 2.458380000E+01 8.574649524E-01
1.469280000E+00 6.046710000E+01 2.420710000E+01 8.438146575E-01
1.493040000E+00 6.069450000E+01 2.382970000E+01 8.303863259E-01
1.517190000E+00 6.090340000E+01 2.343100000E+01 8.171685814E-01
1.541730000E+00 6.108860000E+01 2.303500000E+01 8.041615588E-01
1.566670000E+00 6.125360000E+01 2.264530000E+01 7.913600184E-01
1.592010000E+00 6.140290000E+01 2.226150000E+01 7.787639525E-01
1.617760000E+00 6.153810000E+01 2.188360000E+01 7.663683117E-01
1.643920000E+00 6.166000000E+01 2.151140000E+01 7.541729525E-01
1.670510000E+00 6.176960000E+01 2.114510000E+01 7.421685593E-01
1.697530000E+00 6.186760000E+01 2.078480000E+01 7.303552809E-01
1.724990000E+00 6.196240000E+01 2.043000000E+01 7.187288042E-01
1.752890000E+00 6.204460000E+01 2.006580000E+01 7.072891054E-01
1.781240000E+00 6.210760000E+01 1.970280000E+01 6.960319777E-01
1.810050000E+00 6.215240000E+01 1.934230000E+01 6.849534543E-01
1.839320000E+00 6.217910000E+01 1.898780000E+01 6.740534545E-01
1.869070000E+00 6.219010000E+01 1.863950000E+01 6.633245411E-01
1.899300000E+00 6.218550000E+01 1.829710000E+01 6.527668088E-01
1.930020000E+00 6.216550000E+01 1.796070000E+01 6.423767629E-01
1.961240000E+00 6.213030000E+01 1.763010000E+01 6.321510881E-01
1.992960000E+00 6.207630000E+01 1.730490000E+01 6.220897559E-01
2.025200000E+00 6.201800000E+01 1.699430000E+01 6.121864507E-01
2.057950000E+00 6.194450000E+01 1.667040000E+01 6.024441799E-01
2.091240000E+00 6.184540000E+01 1.634990000E+01 5.928540005E-01
2.125060000E+00 6.172440000E+01 1.603320000E+01 5.834188211E-01
2.159430000E+00 6.157940000E+01 1.571970000E+01 5.741329888E-01
2.194360000E+00 6.140990000E+01 1.541080000E+01 5.649938934E-01
2.229850000E+00 6.121250000E+01 1.510450000E+01 5.560015248E-01
2.265920000E+00 6.098500000E+01 1.480320000E+01 5.471508262E-01
2.302570000E+00 6.072510000E+01 1.450520000E+01 5.384418280E-01
2.339810000E+00 6.042740000E+01 1.421050000E+01 5.298720836E-01
2.377660000E+00 6.008710000E+01 1.392030000E+01 5.214370431E-01
2.416110000E+00 5.969840000E+01 1.363400000E+01 5.131388885E-01
2.455190000E+00 5.925300000E+01 1.335110000E+01 5.049711020E-01
2.494900000E+00 5.874000000E+01 1.307210000E+01 4.969337448E-01
2.535260000E+00 5.814540000E+01 1.279690000E+01 4.890228221E-01
2.576260000E+00 5.744970000E+01 1.252560000E+01 4.812402475E-01
2.617930000E+00 5.662470000E+01 1.225810000E+01 4.735802714E-01
2.660270000E+00 5.562850000E+01 1.199460000E+01 4.660429205E-01
2.703300000E+00 5.439300000E+01 1.173450000E+01 4.586246440E-01
2.747030000E+00 5.279690000E+01 1.147820000E+01 4.513237933E-01
2.791460000E+00 5.058830000E+01 1.122580000E+01 4.441403423E-01
2.836610000E+00 4.706620000E+01 1.097720000E+01 4.370710108E-01
2.882490000E+00 3.736150000E+01 1.073220000E+01 4.301142415E-01
2.892300000E+00 1.270180000E+01 1.068110000E+01 4.286553954E-01
2.892500000E+00 1.270270000E+01 2.748000000E+01 4.286257563E-01
2.929110000E+00 4.359820000E+01 2.694580000E+01 4.232685014E-01
2.976480000E+00 4.604940000E+01 2.627940000E+01 4.165322797E-01
3.021400000E+00 2.688880000E+01 2.567230000E+01 4.103395777E-01
3.021600000E+00 2.691050000E+01 3.720300000E+01 4.103124173E-01
3.024630000E+00 3.920730000E+01 3.714590000E+01 4.099013764E-01
3.073550000E+00 5.141750000E+01 3.624060000E+01 4.033772023E-01
3.123260000E+00 5.537060000E+01 3.535780000E+01 3.969570257E-01
3.173780000E+00 5.799590000E+01 3.449850000E+01 3.906382925E-01
3.225110000E+00 5.994710000E+01 3.366020000E+01 3.844209965E-01
3.277270000E+00 6.144970000E+01 3.284410000E+01 3.783026727E-01
3.330280000E+00 6.260080000E+01 3.204980000E+01 3.722810094E-01
3.384150000E+00 6.342160000E+01 3.127510000E+01 3.663549193E-01
3.438880000E+00 6.384180000E+01 3.052000000E+01 3.605243568E-01
3.494500000E+00 6.368080000E+01 2.978360000E+01 3.547860924E-01
3.537900000E+00 5.355580000E+01 2.922940000E+01 3.504338732E-01
3.538100000E+00 5.357010000E+01 3.510800000E+01 3.504140640E-01
3.551020000E+00 6.238090000E+01 3.489280000E+01 3.491391206E-01
3.608460000E+00 6.644870000E+01 3.396120000E+01 3.435814724E-01
3.666820000E+00 6.836550000E+01 3.305560000E+01 3.381131335E-01
3.726130000E+00 6.974590000E+01 3.217390000E+01 3.327312788E-01
3.786400000E+00 7.083690000E+01 3.131740000E+01 3.274350306E-01
3.847640000E+00 7.172920000E+01 3.048540000E+01 3.222234928E-01
3.909870000E+00 7.246400000E+01 2.967680000E+01 3.170949418E-01
3.973110000E+00 7.305570000E+01 2.888990000E+01 3.120477409E-01
4.037380000E+00 7.349460000E+01 2.812410000E+01 3.070803343E-01
4.102680000E+00 7.464900000E+01 2.737930000E+01 3.021927131E-01
4.158900000E+00 7.168930000E+01 2.676280000E+01 2.981076727E-01
4.159100000E+00 7.169790000E+01 2.827880000E+01 2.980933375E-01
4.169030000E+00 7.338430000E+01 2.817830000E+01 2.973833242E-01
4.236460000E+00 7.469420000E+01 2.751230000E+01 2.926499955E-01
4.304980000E+00 7.533900000E+01 2.686090000E+01 2.879920464E-01
4.374620000E+00 7.577300000E+01 2.622450000E+01 2.834074731E-01
4.445370000E+00 7.591740000E+01 2.560450000E+01 2.788969197E-01
4.481900000E+00 7.404240000E+01 2.529400000E+01 2.766237533E-01
4.482100000E+00 7.404370000E+01 2.642220000E+01 2.766114098E-01
4.517270000E+00 7.637740000E+01 2.613010000E+01 2.744578031E-01
4.590330000E+00 7.721180000E+01 2.554060000E+01 2.700895143E-01
4.664580000E+00 7.779520000E+01 2.496270000E+01 2.657902748E-01
4.740030000E+00 7.828320000E+01 2.439510000E+01 2.615595260E-01
4.816690000E+00 7.871080000E+01 2.383810000E+01 2.573966770E-01
4.894600000E+00 7.909400000E+01 2.329240000E+01 2.532995546E-01
4.973770000E+00 7.944150000E+01 2.275680000E+01 2.492676581E-01
5.054210000E+00 7.975800000E+01 2.223170000E+01 2.453004525E-01
5.135960000E+00 8.004750000E+01 2.171700000E+01 2.413959610E-01
5.219030000E+00 8.031320000E+01 2.121260000E+01 2.375537217E-01
5.303440000E+00 8.055710000E+01 2.071800000E+01 2.337727965E-01
5.389220000E+00 8.078100000E+01 2.023360000E+01 2.300518442E-01
5.476390000E+00 8.098670000E+01 1.975930000E+01 2.263900124E-01
5.564970000E+00 8.117570000E+01 1.929450000E+01 2.227864661E-01
5.654980000E+00 8.134890000E+01 1.883950000E+01 2.192403863E-01
5.746440000E+00 8.150760000E+01 1.839420000E+01 2.157509693E-01
5.839390000E+00 8.165260000E+01 1.795800000E+01 2.123166975E-01
5.933830000E+00 8.178480000E+01 1.753130000E+01 2.089375665E-01
6.029810000E+00 8.190520000E+01 1.711380000E+01 2.056117854E-01
6.127330000E+00 8.201420000E+01 1.670520000E+01 2.023393550E-01
6.226440000E+00 8.211260000E+01 1.630560000E+01 1.991185975E-01
6.327150000E+00 8.220110000E+01 1.591470000E+01 1.959492030E-01
6.429480000E+00 8.228020000E+01 1.553250000E+01 1.928305244E-01
6.533480000E+00 8.235050000E+01 1.515880000E+01 1.897610462E-01
6.639150000E+00 8.241230000E+01 1.479320000E+01 1.867407725E-01
6.746540000E+00 8.246610000E+01 1.443610000E+01 1.837682723E-01
6.855650000E+00 8.251250000E+01 1.408690000E+01 1.808435378E-01
6.966540000E+00 8.255180000E+01 1.374570000E+01 1.779649582E-01
7.079220000E+00 8.258430000E+01 1.341220000E+01 1.751322886E-01
7.193720000E+00 8.261030000E+01 1.308620000E+01 1.723447674E-01
7.310070000E+00 8.263010000E+01 1.276780000E+01 1.696016591E-01
7.428310000E+00 8.264420000E+01 1.245700000E+01 1.669020275E-01
7.548450000E+00 8.265270000E+01 1.215310000E+01 1.642456398E-01
7.670540000E+00 8.265590000E+01 1.185640000E+01 1.616313845E-01
7.794610000E+00 8.265400000E+01 1.156670000E+01 1.590586315E-01
7.920680000E+00 8.264740000E+01 1.128360000E+01 1.565269649E-01
8.048790000E+00 8.263600000E+01 1.100730000E+01 1.540355755E-01
8.178980000E+00 8.262020000E+01 1.073740000E+01 1.515836938E-01
8.311260000E+00 8.260000000E+01 1.047390000E+01 1.491711245E-01
8.445690000E+00 8.257570000E+01 1.021680000E+01 1.467967685E-01
8.582290000E+00 8.254740000E+01 9.965740000E+00 1.444602781E-01
8.721110000E+00 8.251520000E+01 9.720600000E+00 1.421608029E-01
8.862160000E+00 8.247930000E+01 9.481350000E+00 1.398981738E-01
9.005500000E+00 8.243970000E+01 9.247730000E+00 1.376714230E-01
9.151160000E+00 8.239640000E+01 9.019890000E+00 1.354800921E-01
9.299170000E+00 8.234980000E+01 8.797440000E+00 1.333237267E-01
9.449580000E+00 8.229980000E+01 8.580410000E+00 1.312015984E-01
9.602420000E+00 8.224700000E+01 8.368760000E+00 1.291132860E-01
9.757730000E+00 8.219180000E+01 8.161990000E+00 1.270582400E-01
9.915550000E+00 8.213690000E+01 7.960510000E+00 1.250359284E-01
1.007590000E+01 8.207930000E+01 7.750740000E+00 1.230460803E-01
1.023890000E+01 8.200880000E+01 7.546340000E+00 1.210872262E-01
1.040450000E+01 8.193150000E+01 7.347210000E+00 1.191599789E-01
1.057280000E+01 8.184750000E+01 7.153240000E+00 1.172631659E-01
1.074380000E+01 8.175680000E+01 6.964340000E+00 1.153967870E-01
1.091760000E+01 8.165950000E+01 6.780400000E+00 1.135597567E-01
1.109420000E+01 8.155520000E+01 6.601330000E+00 1.117520867E-01
1.127360000E+01 8.144350000E+01 6.427030000E+00 1.099737440E-01
1.145590000E+01 8.132380000E+01 6.257390000E+00 1.082237101E-01
1.164120000E+01 8.119530000E+01 6.092320000E+00 1.065010480E-01
1.182950000E+01 8.105700000E+01 5.931720000E+00 1.048057822E-01
1.202080000E+01 8.090780000E+01 5.775490000E+00 1.031378943E-01
1.221530000E+01 8.074580000E+01 5.623530000E+00 1.014956653E-01
1.241280000E+01 8.056900000E+01 5.475750000E+00 9.988076824E-02
1.261360000E+01 8.037450000E+01 5.332060000E+00 9.829073381E-02
1.281760000E+01 8.015830000E+01 5.192360000E+00 9.672637623E-02
1.302500000E+01 7.991500000E+01 5.056550000E+00 9.518618042E-02
1.323560000E+01 7.963660000E+01 4.924560000E+00 9.367161292E-02
1.344970000E+01 7.931070000E+01 4.796280000E+00 9.218049473E-02
1.366720000E+01 7.891680000E+01 4.671630000E+00 9.071353313E-02
1.388830000E+01 7.841740000E+01 4.550520000E+00 8.926938502E-02
1.411290000E+01 7.773120000E+01 4.432870000E+00 8.784870579E-02
1.434120000E+01 7.661980000E+01 4.318590000E+00 8.645022732E-02
1.457310000E+01 7.327830000E+01 4.207600000E+00 8.507455517E-02
1.461930000E+01 6.164560000E+01 4.186070000E+00 8.480570205E-02
1.461950000E+01 6.164630000E+01 1.015840000E+01 8.480454188E-02
1.480890000E+01 7.606950000E+01 9.934520000E+00 8.371992518E-02
1.504840000E+01 7.762190000E+01 9.662310000E+00 8.238749635E-02
1.529180000E+01 7.842540000E+01 9.397570000E+00 8.107613231E-02
1.553910000E+01 7.892960000E+01 9.140100000E+00 7.978583058E-02
1.579040000E+01 7.925760000E+01 8.889670000E+00 7.851606039E-02
1.604580000E+01 7.945610000E+01 8.646120000E+00 7.726632514E-02
1.630540000E+01 7.953960000E+01 8.409230000E+00 7.603615980E-02
1.656910000E+01 7.949770000E+01 8.178850000E+00 7.482603159E-02
1.683710000E+01 7.927830000E+01 7.954780000E+00 7.363500840E-02
1.710940000E+01 7.868140000E+01 7.736860000E+00 7.246309046E-02
1.733700000E+01 7.146630000E+01 7.561870000E+00 7.151179558E-02
1.733720000E+01 7.146700000E+01 1.060490000E+01 7.151097063E-02
1.738610000E+01 7.730180000E+01 1.056050000E+01 7.130983947E-02
1.766740000E+01 7.912620000E+01 1.031140000E+01 7.017444559E-02
1.795310000E+01 7.933760000E+01 1.006810000E+01 6.905771148E-02
1.804890000E+01 7.659770000E+01 9.988630000E+00 6.869116677E-02
1.804910000E+01 7.659810000E+01 1.133520000E+01 6.869040562E-02
1.824350000E+01 8.020270000E+01 1.116280000E+01 6.795845096E-02
1.853860000E+01 8.102960000E+01 1.090950000E+01 6.687667893E-02
1.883840000E+01 8.158990000E+01 1.066000000E+01 6.581238322E-02
1.914310000E+01 8.203240000E+01 1.041440000E+01 6.476485000E-02
1.945270000E+01 8.240200000E+01 1.017270000E+01 6.373408319E-02
1.976740000E+01 8.272000000E+01 9.935000000E+00 6.271942694E-02
2.008710000E+01 8.299840000E+01 9.701310000E+00 6.172120416E-02
2.041200000E+01 8.324530000E+01 9.471650000E+00 6.073878111E-02
2.074210000E+01 8.346610000E+01 9.246080000E+00 5.977215422E-02
2.107760000E+01 8.366460000E+01 9.024570000E+00 5.882073860E-02
2.141850000E+01 8.384400000E+01 8.807170000E+00 5.788453907E-02
2.176500000E+01 8.400670000E+01 8.593850000E+00 5.696301401E-02
2.211700000E+01 8.415450000E+01 8.384620000E+00 5.605642718E-02
2.247470000E+01 8.428910000E+01 8.179460000E+00 5.516425136E-02
2.283820000E+01 8.441170000E+01 7.978360000E+00 5.428623972E-02
2.320760000E+01 8.452350000E+01 7.781300000E+00 5.342215481E-02
2.358300000E+01 8.462550000E+01 7.588250000E+00 5.257176780E-02
2.396440000E+01 8.471850000E+01 7.399190000E+00 5.173507369E-02
2.435200000E+01 8.480330000E+01 7.214070000E+00 5.091162943E-02
2.474590000E+01 8.488040000E+01 7.032880000E+00 5.010122889E-02
2.514620000E+01 8.495050000E+01 6.855560000E+00 4.930367213E-02
2.555290000E+01 8.501420000E+01 6.682080000E+00 4.851895480E-02
2.596620000E+01 8.507180000E+01 6.512390000E+00 4.774668608E-02
2.638610000E+01 8.512390000E+01 6.346440000E+00 4.698686051E-02
2.681290000E+01 8.517070000E+01 6.184200000E+00 4.623893723E-02
2.724660000E+01 8.521270000E+01 6.025600000E+00 4.550292514E-02
2.768730000E+01 8.525020000E+01 5.870610000E+00 4.477865303E-02
2.813510000E+01 8.528360000E+01 5.719150000E+00 4.406595320E-02
2.859020000E+01 8.531290000E+01 5.571190000E+00 4.336450952E-02
2.905260000E+01 8.533870000E+01 5.426670000E+00 4.267432175E-02
2.952250000E+01 8.536090000E+01 5.285530000E+00 4.199508849E-02
3.000000000E+01 8.538000000E+01 5.147720000E+00 4.132666667E-02
