# Data retrieved from henke.lbl.gov/optical_constants 03/01/2021
# Element, Sb  (Z = 51) 
# Atomic weight*, g mol-1 = 121.75 
# Nominal density*, g cm-3 =  0 
# Relativistic correction estimate f_rel(5CL)*,  e atom-1 =  0 
# Nuclear Thomson correction f_NT*, e atom-1 =  0 
#    E [keV]      f1 [e atom-1]      f2 [e atom-1]    Wavelength [nm] 
1.000000000E-02 -9.999000000E+03 9.950910000E+00 1.239800000E+02
1.016170000E-02 -9.999000000E+03 1.006810000E+01 1.220071445E+02
1.032610000E-02 -9.999000000E+03 9.929270000E+00 1.200646904E+02
1.049310000E-02 -9.999000000E+03 9.423770000E+00 1.181538344E+02
1.066280000E-02 -9.999000000E+03 8.926850000E+00 1.162733991E+02
1.083530000E-02 -9.999000000E+03 8.352870000E+00 1.144223049E+02
1.101060000E-02 -9.999000000E+03 7.840040000E+00 1.126005849E+02
1.118860000E-02 -9.999000000E+03 7.467800000E+00 1.108092165E+02
1.136960000E-02 -9.999000000E+03 7.105030000E+00 1.090451731E+02
1.155350000E-02 -9.999000000E+03 6.739070000E+00 1.073094733E+02
1.174040000E-02 -9.999000000E+03 6.405780000E+00 1.056011720E+02
1.193030000E-02 -9.999000000E+03 6.137260000E+00 1.039202702E+02
1.212320000E-02 -9.999000000E+03 5.879980000E+00 1.022667283E+02
1.231930000E-02 -9.999000000E+03 5.666840000E+00 1.006388350E+02
1.251860000E-02 -9.999000000E+03 5.464460000E+00 9.903663349E+01
1.272100000E-02 -9.999000000E+03 5.259110000E+00 9.746089144E+01
1.292680000E-02 -9.999000000E+03 5.022740000E+00 9.590927376E+01
1.313590000E-02 -9.999000000E+03 4.806460000E+00 9.438256990E+01
1.334830000E-02 -9.999000000E+03 4.664690000E+00 9.288074137E+01
1.356420000E-02 -9.999000000E+03 4.515860000E+00 9.140236800E+01
1.378360000E-02 -9.999000000E+03 4.357660000E+00 8.994747381E+01
1.400660000E-02 -9.999000000E+03 4.205000000E+00 8.851541416E+01
1.423310000E-02 -9.999000000E+03 4.060560000E+00 8.710681440E+01
1.446330000E-02 -9.999000000E+03 3.932970000E+00 8.572040959E+01
1.469730000E-02 -9.999000000E+03 3.809390000E+00 8.435562995E+01
1.493500000E-02 -9.999000000E+03 3.623910000E+00 8.301305658E+01
1.517650000E-02 -9.999000000E+03 3.436090000E+00 8.169208974E+01
1.542200000E-02 -9.999000000E+03 3.238970000E+00 8.039164829E+01
1.567140000E-02 -9.999000000E+03 3.067630000E+00 7.911226821E+01
1.592490000E-02 -9.999000000E+03 2.912920000E+00 7.785292215E+01
1.618250000E-02 -9.999000000E+03 2.761800000E+00 7.661362583E+01
1.644420000E-02 -9.999000000E+03 2.615270000E+00 7.539436397E+01
1.671020000E-02 -9.999000000E+03 2.475180000E+00 7.419420474E+01
1.698050000E-02 -9.999000000E+03 2.339060000E+00 7.301316216E+01
1.725510000E-02 -9.999000000E+03 2.210430000E+00 7.185122080E+01
1.753420000E-02 -9.999000000E+03 2.098220000E+00 7.070753157E+01
1.781780000E-02 -9.999000000E+03 1.992210000E+00 6.958210329E+01
1.810600000E-02 -9.999000000E+03 1.888250000E+00 6.847453883E+01
1.839890000E-02 -9.999000000E+03 1.789170000E+00 6.738446320E+01
1.869640000E-02 -9.999000000E+03 1.695290000E+00 6.631223123E+01
1.899880000E-02 -9.999000000E+03 1.611940000E+00 6.525675306E+01
1.930610000E-02 -9.999000000E+03 1.535940000E+00 6.421804507E+01
1.961840000E-02 -9.999000000E+03 1.470000000E+00 6.319577539E+01
1.993570000E-02 -9.999000000E+03 1.391590000E+00 6.218994066E+01
2.025820000E-02 -9.999000000E+03 1.315360000E+00 6.119990917E+01
2.058580000E-02 -9.999000000E+03 1.245080000E+00 6.022598102E+01
2.091880000E-02 -9.999000000E+03 1.198520000E+00 5.926726198E+01
2.125710000E-02 -9.999000000E+03 1.153700000E+00 5.832404232E+01
2.160090000E-02 -9.999000000E+03 1.110560000E+00 5.739575666E+01
2.195030000E-02 -9.999000000E+03 1.061140000E+00 5.648214375E+01
2.230530000E-02 -9.999000000E+03 9.924110000E-01 5.558320220E+01
2.266610000E-02 -9.999000000E+03 9.327950000E-01 5.469842628E+01
2.303270000E-02 -9.999000000E+03 9.011140000E-01 5.382781871E+01
2.340530000E-02 -9.999000000E+03 8.705070000E-01 5.297090830E+01
2.378380000E-02 -9.999000000E+03 8.268120000E-01 5.212791900E+01
2.416850000E-02 -9.999000000E+03 7.712250000E-01 5.129817738E+01
2.455940000E-02 -9.999000000E+03 7.468810000E-01 5.048168929E+01
2.495660000E-02 -9.999000000E+03 7.227260000E-01 4.967824143E+01
2.536030000E-02 -9.999000000E+03 6.805210000E-01 4.888743430E+01
2.577050000E-02 -9.999000000E+03 6.515500000E-01 4.810927223E+01
2.618730000E-02 -9.999000000E+03 6.328940000E-01 4.734355966E+01
2.661090000E-02 -9.999000000E+03 6.147730000E-01 4.658993119E+01
2.704130000E-02 -9.999000000E+03 5.929950000E-01 4.584838747E+01
2.747860000E-02 -9.999000000E+03 5.704750000E-01 4.511874695E+01
2.792310000E-02 -9.999000000E+03 5.509720000E-01 4.440051427E+01
2.837470000E-02 -9.999000000E+03 5.367390000E-01 4.369385403E+01
2.883370000E-02 -9.999000000E+03 5.363780000E-01 4.299829713E+01
2.930000000E-02 3.112320000E+00 5.360180000E-01 4.231399317E+01
2.977390000E-02 2.914670000E+00 5.399360000E-01 4.164049721E+01
3.025550000E-02 2.693180000E+00 5.503100000E-01 4.097767348E+01
3.074490000E-02 2.447940000E+00 5.688910000E-01 4.032538730E+01
3.124210000E-02 2.153450000E+00 6.095530000E-01 3.968363202E+01
3.174750000E-02 1.815750000E+00 6.815880000E-01 3.905189385E+01
3.226090000E-02 1.357560000E+00 8.107520000E-01 3.843042197E+01
3.278270000E-02 7.359660000E-01 1.009780000E+00 3.781872756E+01
3.331300000E-02 7.701830000E-01 2.166560000E+00 3.721670219E+01
3.385180000E-02 1.272440000E+00 2.622150000E+00 3.662434494E+01
3.439930000E-02 1.559940000E+00 2.686260000E+00 3.604143108E+01
3.495570000E-02 1.818730000E+00 2.645910000E+00 3.546774918E+01
3.552110000E-02 1.788950000E+00 2.426020000E+00 3.490319838E+01
3.609560000E-02 1.712940000E+00 2.325070000E+00 3.434767673E+01
3.667940000E-02 1.586470000E+00 2.228570000E+00 3.380098911E+01
3.727270000E-02 1.395520000E+00 2.142720000E+00 3.326295117E+01
3.787550000E-02 1.146760000E+00 2.073320000E+00 3.273356127E+01
3.848820000E-02 8.161390000E-01 2.056920000E+00 3.221247032E+01
3.911070000E-02 4.468300000E-01 2.075050000E+00 3.169976503E+01
3.974320000E-02 4.082440000E-02 2.226730000E+00 3.119527366E+01
4.038610000E-02 -3.549050000E-01 2.422880000E+00 3.069868098E+01
4.103930000E-02 -7.215920000E-01 2.698510000E+00 3.021006694E+01
4.170310000E-02 -1.054250000E+00 2.995000000E+00 2.972920478E+01
4.237760000E-02 -1.397480000E+00 3.313110000E+00 2.925602205E+01
4.306300000E-02 -1.735620000E+00 3.720830000E+00 2.879037689E+01
4.375950000E-02 -2.000620000E+00 4.155170000E+00 2.833213359E+01
4.446730000E-02 -2.264440000E+00 4.602580000E+00 2.788116211E+01
4.518650000E-02 -2.506990000E+00 5.110240000E+00 2.743739834E+01
4.591740000E-02 -2.667020000E+00 5.736930000E+00 2.700065770E+01
4.666000000E-02 -2.635560000E+00 6.165470000E+00 2.657093871E+01
4.741470000E-02 -2.760760000E+00 6.636010000E+00 2.614800895E+01
4.818160000E-02 -2.853500000E+00 7.142440000E+00 2.573181463E+01
4.896090000E-02 -2.871410000E+00 7.687530000E+00 2.532224694E+01
4.975280000E-02 -2.843240000E+00 8.121420000E+00 2.491920053E+01
5.055760000E-02 -2.877550000E+00 8.542490000E+00 2.452252480E+01
5.137530000E-02 -2.949370000E+00 8.985390000E+00 2.413221918E+01
5.220620000E-02 -3.083850000E+00 9.499490000E+00 2.374813719E+01
5.305060000E-02 -3.141150000E+00 1.011540000E+01 2.337014096E+01
5.390870000E-02 -3.103330000E+00 1.077130000E+01 2.299814316E+01
5.478060000E-02 -2.999010000E+00 1.134450000E+01 2.263209968E+01
5.566670000E-02 -2.924680000E+00 1.191120000E+01 2.227184295E+01
5.656700000E-02 -2.843800000E+00 1.250620000E+01 2.191737232E+01
5.748200000E-02 -2.731440000E+00 1.312340000E+01 2.156849101E+01
5.841170000E-02 -2.609800000E+00 1.373890000E+01 2.122519975E+01
5.935640000E-02 -2.481840000E+00 1.438340000E+01 2.088738535E+01
6.031650000E-02 -2.354490000E+00 1.508380000E+01 2.055490620E+01
6.129210000E-02 -2.146110000E+00 1.586670000E+01 2.022772919E+01
6.228340000E-02 -1.819110000E+00 1.669020000E+01 1.990578549E+01
6.329080000E-02 -1.371970000E+00 1.741040000E+01 1.958894500E+01
6.431450000E-02 -9.442690000E-01 1.810380000E+01 1.927714590E+01
6.535470000E-02 -4.917820000E-01 1.882480000E+01 1.897032654E+01
6.641180000E-02 4.522850000E-02 1.957460000E+01 1.866836918E+01
6.748590000E-02 7.797900000E-01 2.027520000E+01 1.837124496E+01
6.857750000E-02 1.458340000E+00 2.077540000E+01 1.807881594E+01
6.968670000E-02 2.083650000E+00 2.128790000E+01 1.779105626E+01
7.081380000E-02 2.715450000E+00 2.181300000E+01 1.750788688E+01
7.195910000E-02 3.375500000E+00 2.235110000E+01 1.722923161E+01
7.312300000E-02 4.096860000E+00 2.288340000E+01 1.695499364E+01
7.430570000E-02 4.832370000E+00 2.337530000E+01 1.668512644E+01
7.550760000E-02 5.592290000E+00 2.387350000E+01 1.641953923E+01
7.672890000E-02 6.391130000E+00 2.438030000E+01 1.615818811E+01
7.796990000E-02 7.249120000E+00 2.489780000E+01 1.590100795E+01
7.923100000E-02 8.193510000E+00 2.542640000E+01 1.564791559E+01
8.051250000E-02 9.297090000E+00 2.594350000E+01 1.539885111E+01
8.181470000E-02 1.044960000E+01 2.627100000E+01 1.515375599E+01
8.313800000E-02 1.164710000E+01 2.660260000E+01 1.491255503E+01
8.448270000E-02 1.303960000E+01 2.687220000E+01 1.467519386E+01
8.584910000E-02 1.451290000E+01 2.690770000E+01 1.444161907E+01
8.723770000E-02 1.588180000E+01 2.670690000E+01 1.421174561E+01
8.864870000E-02 1.724570000E+01 2.650360000E+01 1.398554068E+01
9.008250000E-02 1.894410000E+01 2.614280000E+01 1.376293953E+01
9.153950000E-02 2.018930000E+01 2.503370000E+01 1.354387996E+01
9.302010000E-02 2.056470000E+01 2.439590000E+01 1.332830216E+01
9.452460000E-02 2.169190000E+01 2.414910000E+01 1.311616235E+01
9.605350000E-02 2.273990000E+01 2.344540000E+01 1.290739015E+01
9.760710000E-02 2.365610000E+01 2.276210000E+01 1.270194484E+01
9.918580000E-02 2.452900000E+01 2.209870000E+01 1.249977315E+01
1.007900000E-01 2.541360000E+01 2.145240000E+01 1.230082349E+01
1.024200000E-01 2.637900000E+01 2.082380000E+01 1.210505761E+01
1.040770000E-01 2.768630000E+01 2.016950000E+01 1.191233414E+01
1.057600000E-01 2.877480000E+01 1.860950000E+01 1.172276853E+01
1.074710000E-01 2.954550000E+01 1.709470000E+01 1.153613533E+01
1.092090000E-01 2.991690000E+01 1.552050000E+01 1.135254420E+01
1.109750000E-01 3.006120000E+01 1.409140000E+01 1.117188556E+01
1.127700000E-01 3.007480000E+01 1.279390000E+01 1.099405870E+01
1.145940000E-01 3.003500000E+01 1.161570000E+01 1.081906557E+01
1.164480000E-01 2.997060000E+01 1.045750000E+01 1.064681231E+01
1.183310000E-01 2.996190000E+01 9.304870000E+00 1.047738970E+01
1.202450000E-01 2.965020000E+01 7.921160000E+00 1.031061583E+01
1.221900000E-01 2.911480000E+01 6.743140000E+00 1.014649317E+01
1.241660000E-01 2.846290000E+01 5.741240000E+00 9.985020054E+00
1.261750000E-01 2.775890000E+01 4.897360000E+00 9.826035268E+00
1.282150000E-01 2.703070000E+01 4.187510000E+00 9.669695433E+00
1.302890000E-01 2.629330000E+01 3.586830000E+00 9.515768791E+00
1.323970000E-01 2.552910000E+01 3.074490000E+00 9.364260519E+00
1.345380000E-01 2.475690000E+01 2.718070000E+00 9.215240304E+00
1.367140000E-01 2.397110000E+01 2.492810000E+00 9.068566496E+00
1.389250000E-01 2.333000000E+01 2.404630000E+00 8.924239698E+00
1.411720000E-01 2.278960000E+01 2.319570000E+00 8.782194770E+00
1.434560000E-01 2.228920000E+01 2.237510000E+00 8.642371180E+00
1.457760000E-01 2.180440000E+01 2.158370000E+00 8.504829327E+00
1.481340000E-01 2.130990000E+01 2.108930000E+00 8.369449282E+00
1.505300000E-01 2.080240000E+01 2.112390000E+00 8.236231980E+00
1.529640000E-01 2.035490000E+01 2.198880000E+00 8.105175074E+00
1.554390000E-01 1.995680000E+01 2.310690000E+00 7.976119249E+00
1.579530000E-01 1.961170000E+01 2.444920000E+00 7.849170323E+00
1.605070000E-01 1.931040000E+01 2.586970000E+00 7.724273708E+00
1.631030000E-01 1.904450000E+01 2.737270000E+00 7.601331674E+00
1.657420000E-01 1.881310000E+01 2.896300000E+00 7.480300708E+00
1.684220000E-01 1.862140000E+01 3.064570000E+00 7.361271093E+00
1.711460000E-01 1.849300000E+01 3.218250000E+00 7.244107370E+00
1.739150000E-01 1.838240000E+01 3.344430000E+00 7.128769801E+00
1.767270000E-01 1.827200000E+01 3.430470000E+00 7.015340044E+00
1.795860000E-01 1.815830000E+01 3.517270000E+00 6.903656187E+00
1.824910000E-01 1.804510000E+01 3.606790000E+00 6.793759692E+00
1.854420000E-01 1.794100000E+01 3.701380000E+00 6.685648343E+00
1.884420000E-01 1.784890000E+01 3.799010000E+00 6.579212702E+00
1.914890000E-01 1.777830000E+01 3.895940000E+00 6.474523341E+00
1.945870000E-01 1.771320000E+01 3.974220000E+00 6.371443108E+00
1.977340000E-01 1.765250000E+01 4.047400000E+00 6.270039548E+00
2.009320000E-01 1.759000000E+01 4.116340000E+00 6.170246651E+00
2.041820000E-01 1.752980000E+01 4.186430000E+00 6.072033774E+00
2.074850000E-01 1.747460000E+01 4.257720000E+00 5.975371714E+00
2.108400000E-01 1.742980000E+01 4.330220000E+00 5.880288370E+00
2.142510000E-01 1.738870000E+01 4.387310000E+00 5.786670774E+00
2.177160000E-01 1.734690000E+01 4.441540000E+00 5.694574583E+00
2.212370000E-01 1.730150000E+01 4.493570000E+00 5.603945091E+00
2.248160000E-01 1.725540000E+01 4.546150000E+00 5.514732048E+00
2.284520000E-01 1.720940000E+01 4.599370000E+00 5.426960587E+00
2.321470000E-01 1.716400000E+01 4.653260000E+00 5.340581614E+00
2.359020000E-01 1.711940000E+01 4.707740000E+00 5.255572229E+00
2.397170000E-01 1.707590000E+01 4.762850000E+00 5.171931903E+00
2.435950000E-01 1.703340000E+01 4.818590000E+00 5.089595435E+00
2.475350000E-01 1.699210000E+01 4.875020000E+00 5.008584645E+00
2.515380000E-01 1.695230000E+01 4.932090000E+00 4.928877545E+00
2.556070000E-01 1.691400000E+01 4.989810000E+00 4.850414895E+00
2.597410000E-01 1.687760000E+01 5.048250000E+00 4.773216396E+00
2.639420000E-01 1.684380000E+01 5.107380000E+00 4.697244092E+00
2.682110000E-01 1.681370000E+01 5.167190000E+00 4.622480062E+00
2.725490000E-01 1.679060000E+01 5.227680000E+00 4.548906802E+00
2.769570000E-01 1.678380000E+01 5.275170000E+00 4.476507183E+00
2.814370000E-01 1.676910000E+01 5.305680000E+00 4.405248777E+00
2.859890000E-01 1.674210000E+01 5.325240000E+00 4.335131771E+00
2.906150000E-01 1.670500000E+01 5.343290000E+00 4.266125286E+00
2.953150000E-01 1.665920000E+01 5.361400000E+00 4.198229010E+00
3.000920000E-01 1.660670000E+01 5.379600000E+00 4.131399704E+00
3.049450000E-01 1.654800000E+01 5.397840000E+00 4.065651183E+00
3.098780000E-01 1.648290000E+01 5.416100000E+00 4.000929398E+00
3.148900000E-01 1.641140000E+01 5.434490000E+00 3.937247928E+00
3.199830000E-01 1.633330000E+01 5.452930000E+00 3.874580837E+00
3.251580000E-01 1.624830000E+01 5.471420000E+00 3.812915567E+00
3.304180000E-01 1.615600000E+01 5.489950000E+00 3.752216889E+00
3.357620000E-01 1.605580000E+01 5.508550000E+00 3.692496471E+00
3.411920000E-01 1.594740000E+01 5.527260000E+00 3.633731154E+00
3.467110000E-01 1.583000000E+01 5.545990000E+00 3.575888853E+00
3.523190000E-01 1.570300000E+01 5.564770000E+00 3.518970024E+00
3.580170000E-01 1.556550000E+01 5.583630000E+00 3.462964049E+00
3.638080000E-01 1.541680000E+01 5.602600000E+00 3.407841499E+00
3.696920000E-01 1.525610000E+01 5.621620000E+00 3.353602458E+00
3.756720000E-01 1.508260000E+01 5.640680000E+00 3.300219340E+00
3.817480000E-01 1.489620000E+01 5.659830000E+00 3.247692195E+00
3.879220000E-01 1.469830000E+01 5.676520000E+00 3.196003320E+00
3.941970000E-01 1.449040000E+01 5.687640000E+00 3.145127944E+00
4.005730000E-01 1.425920000E+01 5.672240000E+00 3.095066318E+00
4.070520000E-01 1.398320000E+01 5.646380000E+00 3.045802502E+00
4.136350000E-01 1.366520000E+01 5.620630000E+00 2.997328563E+00
4.203260000E-01 1.330400000E+01 5.594990000E+00 2.949615299E+00
4.271240000E-01 1.289490000E+01 5.569470000E+00 2.902669951E+00
4.340320000E-01 1.243140000E+01 5.544170000E+00 2.856471412E+00
4.410520000E-01 1.190430000E+01 5.518900000E+00 2.811006412E+00
4.481860000E-01 1.130370000E+01 5.493110000E+00 2.766262221E+00
4.554350000E-01 1.061040000E+01 5.464400000E+00 2.722232591E+00
4.628020000E-01 9.801540000E+00 5.433720000E+00 2.678899400E+00
4.702870000E-01 8.845250000E+00 5.402070000E+00 2.636262538E+00
4.778940000E-01 7.696000000E+00 5.370550000E+00 2.594299154E+00
4.856230000E-01 6.284020000E+00 5.339220000E+00 2.553009227E+00
4.934780000E-01 4.492580000E+00 5.308100000E+00 2.512371372E+00
5.014590000E-01 2.107010000E+00 5.277180000E+00 2.472385579E+00
5.095700000E-01 -1.335530000E+00 5.246440000E+00 2.433031772E+00
5.178120000E-01 -7.171670000E+00 5.215870000E+00 2.394305269E+00
5.261870000E-01 -2.464680000E+01 5.185480000E+00 2.356196561E+00
5.281000000E-01 -5.804670000E+01 5.178630000E+00 2.347661428E+00
5.283000000E-01 -5.799110000E+01 4.046630000E+01 2.346772667E+00
5.346980000E-01 -1.022720000E+01 3.978570000E+01 2.318692047E+00
5.433460000E-01 9.932040000E-03 3.889620000E+01 2.281787296E+00
5.521340000E-01 5.684860000E+00 3.802590000E+01 2.245469397E+00
5.610650000E-01 9.654380000E+00 3.717500000E+01 2.209726146E+00
5.701390000E-01 1.268110000E+01 3.634870000E+01 2.174557432E+00
5.793610000E-01 1.513720000E+01 3.557880000E+01 2.139943835E+00
5.887320000E-01 1.720580000E+01 3.483460000E+01 2.105881793E+00
5.982540000E-01 1.898600000E+01 3.411210000E+01 2.072363912E+00
6.079300000E-01 2.054350000E+01 3.340510000E+01 2.039379534E+00
6.177630000E-01 2.191950000E+01 3.271220000E+01 2.006918511E+00
6.277550000E-01 2.315830000E+01 3.203130000E+01 1.974974313E+00
6.379080000E-01 2.426810000E+01 3.134080000E+01 1.943540448E+00
6.482260000E-01 2.525460000E+01 3.063030000E+01 1.912604555E+00
6.587110000E-01 2.610160000E+01 2.991340000E+01 1.882160765E+00
6.693650000E-01 2.678450000E+01 2.921430000E+01 1.852203208E+00
6.801910000E-01 2.734690000E+01 2.861020000E+01 1.822723323E+00
6.911930000E-01 2.786310000E+01 2.808000000E+01 1.793710295E+00
7.023720000E-01 2.834230000E+01 2.758630000E+01 1.765161481E+00
7.137330000E-01 2.877640000E+01 2.710860000E+01 1.737064140E+00
7.252770000E-01 2.915530000E+01 2.664430000E+01 1.709415851E+00
7.370080000E-01 2.946790000E+01 2.618810000E+01 1.682206977E+00
7.489280000E-01 2.969660000E+01 2.573960000E+01 1.655432832E+00
7.610420000E-01 2.974120000E+01 2.531050000E+01 1.629082232E+00
7.733510000E-01 2.961110000E+01 2.501250000E+01 1.603153031E+00
7.858590000E-01 2.930950000E+01 2.515540000E+01 1.577636701E+00
7.985700000E-01 2.929740000E+01 2.567010000E+01 1.552525139E+00
8.114860000E-01 2.962970000E+01 2.619470000E+01 1.527814405E+00
8.246110000E-01 3.014410000E+01 2.673040000E+01 1.503496800E+00
8.379490000E-01 3.100270000E+01 2.727720000E+01 1.479564985E+00
8.515020000E-01 3.205140000E+01 2.751810000E+01 1.456015370E+00
8.652740000E-01 3.322190000E+01 2.740780000E+01 1.432840927E+00
8.792690000E-01 3.417360000E+01 2.698580000E+01 1.410034927E+00
8.934910000E-01 3.487060000E+01 2.657150000E+01 1.387590921E+00
9.079430000E-01 3.547340000E+01 2.616400000E+01 1.365504222E+00
9.226280000E-01 3.592470000E+01 2.576300000E+01 1.343770187E+00
9.375510000E-01 3.634690000E+01 2.552290000E+01 1.322381396E+00
9.527150000E-01 3.679950000E+01 2.532450000E+01 1.301333557E+00
9.681240000E-01 3.729210000E+01 2.516200000E+01 1.280621077E+00
9.837830000E-01 3.784630000E+01 2.500060000E+01 1.260237268E+00
9.996950000E-01 3.844060000E+01 2.481110000E+01 1.240178254E+00
1.015860000E+00 3.917220000E+01 2.459190000E+01 1.220443762E+00
1.032290000E+00 3.984090000E+01 2.410340000E+01 1.201019093E+00
1.048990000E+00 4.036660000E+01 2.361810000E+01 1.181898779E+00
1.065960000E+00 4.082850000E+01 2.313790000E+01 1.163083043E+00
1.083200000E+00 4.124210000E+01 2.266730000E+01 1.144571640E+00
1.100720000E+00 4.161910000E+01 2.220630000E+01 1.126353659E+00
1.118520000E+00 4.196530000E+01 2.175460000E+01 1.108428995E+00
1.136610000E+00 4.228520000E+01 2.131220000E+01 1.090787517E+00
1.155000000E+00 4.258200000E+01 2.087870000E+01 1.073419913E+00
1.173680000E+00 4.285820000E+01 2.045410000E+01 1.056335628E+00
1.192660000E+00 4.311570000E+01 2.003810000E+01 1.039525095E+00
1.211950000E+00 4.335630000E+01 1.963060000E+01 1.022979496E+00
1.231550000E+00 4.358110000E+01 1.923140000E+01 1.006698875E+00
1.251470000E+00 4.379150000E+01 1.884080000E+01 9.906749662E-01
1.271720000E+00 4.398880000E+01 1.845870000E+01 9.749001352E-01
1.292290000E+00 4.417430000E+01 1.808480000E+01 9.593821820E-01
1.313190000E+00 4.434920000E+01 1.771880000E+01 9.441131900E-01
1.334430000E+00 4.451410000E+01 1.736000000E+01 9.290858269E-01
1.356010000E+00 4.466930000E+01 1.700840000E+01 9.143000420E-01
1.377940000E+00 4.481570000E+01 1.666400000E+01 8.997489005E-01
1.400230000E+00 4.495420000E+01 1.632660000E+01 8.854259657E-01
1.422880000E+00 4.508520000E+01 1.599590000E+01 8.713313842E-01
1.445890000E+00 4.521030000E+01 1.567220000E+01 8.574649524E-01
1.469280000E+00 4.533010000E+01 1.535340000E+01 8.438146575E-01
1.493040000E+00 4.544720000E+01 1.503860000E+01 8.303863259E-01
1.517190000E+00 4.555550000E+01 1.472100000E+01 8.171685814E-01
1.541730000E+00 4.565180000E+01 1.440890000E+01 8.041615588E-01
1.566670000E+00 4.573970000E+01 1.410350000E+01 7.913600184E-01
1.592010000E+00 4.582030000E+01 1.380430000E+01 7.787639525E-01
1.617760000E+00 4.589410000E+01 1.351150000E+01 7.663683117E-01
1.643920000E+00 4.596210000E+01 1.322510000E+01 7.541729525E-01
1.670510000E+00 4.602480000E+01 1.294470000E+01 7.421685593E-01
1.697530000E+00 4.608290000E+01 1.267020000E+01 7.303552809E-01
1.724990000E+00 4.613810000E+01 1.240160000E+01 7.187288042E-01
1.752890000E+00 4.618890000E+01 1.213370000E+01 7.072891054E-01
1.781240000E+00 4.623350000E+01 1.186980000E+01 6.960319777E-01
1.810050000E+00 4.627120000E+01 1.161030000E+01 6.849534543E-01
1.839320000E+00 4.630320000E+01 1.135680000E+01 6.740534545E-01
1.869070000E+00 4.633040000E+01 1.110870000E+01 6.633245411E-01
1.899300000E+00 4.635320000E+01 1.086590000E+01 6.527668088E-01
1.930020000E+00 4.637160000E+01 1.062840000E+01 6.423767629E-01
1.961240000E+00 4.638640000E+01 1.039620000E+01 6.321510881E-01
1.992960000E+00 4.639600000E+01 1.016920000E+01 6.220897559E-01
2.025200000E+00 4.640600000E+01 9.951450000E+00 6.121864507E-01
2.057950000E+00 4.641460000E+01 9.730740000E+00 6.024441799E-01
2.091240000E+00 4.641770000E+01 9.513750000E+00 5.928540005E-01
2.125060000E+00 4.641610000E+01 9.301140000E+00 5.834188211E-01
2.159430000E+00 4.641060000E+01 9.092490000E+00 5.741329888E-01
2.194360000E+00 4.640180000E+01 8.888300000E+00 5.649938934E-01
2.229850000E+00 4.638920000E+01 8.687230000E+00 5.560015248E-01
2.265920000E+00 4.637300000E+01 8.490540000E+00 5.471508262E-01
2.302570000E+00 4.635300000E+01 8.297140000E+00 5.384418280E-01
2.339810000E+00 4.632970000E+01 8.108100000E+00 5.298720836E-01
2.377660000E+00 4.630300000E+01 7.922050000E+00 5.214370431E-01
2.416110000E+00 4.627240000E+01 7.739730000E+00 5.131388885E-01
2.455190000E+00 4.623850000E+01 7.560870000E+00 5.049711020E-01
2.494900000E+00 4.620050000E+01 7.385060000E+00 4.969337448E-01
2.535260000E+00 4.615870000E+01 7.212970000E+00 4.890228221E-01
2.576260000E+00 4.611310000E+01 7.044070000E+00 4.812402475E-01
2.617930000E+00 4.606350000E+01 6.878430000E+00 4.735802714E-01
2.660270000E+00 4.600980000E+01 6.715930000E+00 4.660429205E-01
2.703300000E+00 4.595180000E+01 6.556470000E+00 4.586246440E-01
2.747030000E+00 4.588920000E+01 6.400020000E+00 4.513237933E-01
2.791460000E+00 4.582180000E+01 6.246570000E+00 4.441403423E-01
2.836610000E+00 4.574950000E+01 6.096120000E+00 4.370710108E-01
2.882490000E+00 4.567180000E+01 5.948410000E+00 4.301142415E-01
2.929110000E+00 4.558820000E+01 5.803540000E+00 4.232685014E-01
2.976480000E+00 4.549860000E+01 5.661460000E+00 4.165322797E-01
3.024630000E+00 4.540210000E+01 5.522050000E+00 4.099013764E-01
3.073550000E+00 4.529850000E+01 5.385340000E+00 4.033772023E-01
3.123260000E+00 4.518670000E+01 5.251130000E+00 3.969570257E-01
3.173780000E+00 4.506610000E+01 5.119490000E+00 3.906382925E-01
3.225110000E+00 4.493550000E+01 4.990390000E+00 3.844209965E-01
3.277270000E+00 4.479380000E+01 4.863680000E+00 3.783026727E-01
3.330280000E+00 4.463950000E+01 4.739330000E+00 3.722810094E-01
3.384150000E+00 4.447050000E+01 4.617370000E+00 3.663549193E-01
3.438880000E+00 4.428460000E+01 4.497740000E+00 3.605243568E-01
3.494500000E+00 4.407900000E+01 4.380400000E+00 3.547860924E-01
3.551020000E+00 4.384960000E+01 4.265140000E+00 3.491391206E-01
3.608460000E+00 4.359120000E+01 4.152110000E+00 3.435814724E-01
3.666820000E+00 4.329710000E+01 4.041240000E+00 3.381131335E-01
3.726130000E+00 4.295700000E+01 3.932450000E+00 3.327312788E-01
3.786400000E+00 4.255620000E+01 3.825670000E+00 3.274350306E-01
3.847640000E+00 4.207090000E+01 3.720910000E+00 3.222234928E-01
3.909870000E+00 4.145960000E+01 3.618110000E+00 3.170949418E-01
3.973110000E+00 4.063920000E+01 3.517260000E+00 3.120477409E-01
4.037380000E+00 3.939390000E+01 3.418250000E+00 3.070803343E-01
4.102680000E+00 3.673620000E+01 3.321400000E+00 3.021927131E-01
4.132100000E+00 2.390240000E+01 3.279150000E+00 3.000411413E-01
4.132300000E+00 2.390390000E+01 1.034310000E+01 3.000266196E-01
4.169030000E+00 3.708550000E+01 1.020340000E+01 2.973833242E-01
4.236460000E+00 3.911690000E+01 9.954900000E+00 2.926499955E-01
4.304980000E+00 3.960960000E+01 9.712450000E+00 2.879920464E-01
4.374620000E+00 3.754460000E+01 9.476070000E+00 2.834074731E-01
4.380300000E+00 3.300680000E+01 9.457190000E+00 2.830399744E-01
4.380500000E+00 3.301100000E+01 1.302360000E+01 2.830270517E-01
4.445370000E+00 4.091830000E+01 1.271800000E+01 2.788969197E-01
4.517270000E+00 4.216830000E+01 1.239260000E+01 2.744578031E-01
4.590330000E+00 4.285460000E+01 1.207570000E+01 2.700895143E-01
4.664580000E+00 4.302600000E+01 1.176670000E+01 2.657902748E-01
4.698200000E+00 4.015990000E+01 1.163100000E+01 2.638882976E-01
4.698400000E+00 4.016430000E+01 1.337680000E+01 2.638770645E-01
4.740030000E+00 4.372550000E+01 1.320230000E+01 2.615595260E-01
4.816690000E+00 4.483870000E+01 1.289070000E+01 2.573966770E-01
4.894600000E+00 4.558230000E+01 1.258460000E+01 2.532995546E-01
4.973770000E+00 4.617610000E+01 1.228380000E+01 2.492676581E-01
5.054210000E+00 4.667720000E+01 1.198860000E+01 2.453004525E-01
5.135960000E+00 4.711200000E+01 1.169890000E+01 2.413959610E-01
5.219030000E+00 4.749560000E+01 1.141490000E+01 2.375537217E-01
5.303440000E+00 4.783760000E+01 1.113610000E+01 2.337727965E-01
5.389220000E+00 4.814460000E+01 1.086290000E+01 2.300518442E-01
5.476390000E+00 4.842190000E+01 1.059520000E+01 2.263900124E-01
5.564970000E+00 4.867340000E+01 1.033280000E+01 2.227864661E-01
5.654980000E+00 4.890230000E+01 1.007590000E+01 2.192403863E-01
5.746440000E+00 4.911110000E+01 9.824160000E+00 2.157509693E-01
5.839390000E+00 4.930170000E+01 9.577800000E+00 2.123166975E-01
5.933830000E+00 4.947610000E+01 9.336720000E+00 2.089375665E-01
6.029810000E+00 4.963590000E+01 9.100890000E+00 2.056117854E-01
6.127330000E+00 4.978230000E+01 8.870020000E+00 2.023393550E-01
6.226440000E+00 4.991640000E+01 8.644290000E+00 1.991185975E-01
6.327150000E+00 5.003940000E+01 8.423560000E+00 1.959492030E-01
6.429480000E+00 5.015200000E+01 8.207700000E+00 1.928305244E-01
6.533480000E+00 5.025510000E+01 7.996760000E+00 1.897610462E-01
6.639150000E+00 5.034950000E+01 7.790560000E+00 1.867407725E-01
6.746540000E+00 5.043560000E+01 7.589210000E+00 1.837682723E-01
6.855650000E+00 5.051440000E+01 7.392450000E+00 1.808435378E-01
6.966540000E+00 5.058600000E+01 7.200180000E+00 1.779649582E-01
7.079220000E+00 5.065110000E+01 7.012520000E+00 1.751322886E-01
7.193720000E+00 5.071020000E+01 6.829200000E+00 1.723447674E-01
7.310070000E+00 5.076360000E+01 6.650310000E+00 1.696016591E-01
7.428310000E+00 5.081180000E+01 6.475680000E+00 1.669020275E-01
7.548450000E+00 5.085510000E+01 6.305080000E+00 1.642456398E-01
7.670540000E+00 5.089360000E+01 6.138810000E+00 1.616313845E-01
7.794610000E+00 5.092790000E+01 5.976540000E+00 1.590586315E-01
7.920680000E+00 5.095830000E+01 5.818230000E+00 1.565269649E-01
8.048790000E+00 5.098490000E+01 5.663700000E+00 1.540355755E-01
8.178980000E+00 5.100790000E+01 5.513020000E+00 1.515836938E-01
8.311260000E+00 5.102750000E+01 5.366030000E+00 1.491711245E-01
8.445690000E+00 5.104420000E+01 5.222940000E+00 1.467967685E-01
8.582290000E+00 5.105810000E+01 5.083110000E+00 1.444602781E-01
8.721110000E+00 5.106900000E+01 4.946870000E+00 1.421608029E-01
8.862160000E+00 5.107750000E+01 4.814170000E+00 1.398981738E-01
9.005500000E+00 5.108360000E+01 4.684830000E+00 1.376714230E-01
9.151160000E+00 5.108760000E+01 4.558740000E+00 1.354800921E-01
9.299170000E+00 5.108940000E+01 4.435830000E+00 1.333237267E-01
9.449580000E+00 5.108930000E+01 4.316150000E+00 1.312015984E-01
9.602420000E+00 5.108750000E+01 4.199540000E+00 1.291132860E-01
9.757730000E+00 5.108400000E+01 4.085760000E+00 1.270582400E-01
9.915550000E+00 5.107880000E+01 3.975160000E+00 1.250359284E-01
1.007590000E+01 5.107230000E+01 3.867300000E+00 1.230460803E-01
1.023890000E+01 5.106430000E+01 3.762230000E+00 1.210872262E-01
1.040450000E+01 5.105500000E+01 3.659910000E+00 1.191599789E-01
1.057280000E+01 5.104450000E+01 3.560250000E+00 1.172631659E-01
1.074380000E+01 5.103290000E+01 3.463200000E+00 1.153967870E-01
1.091760000E+01 5.102020000E+01 3.368710000E+00 1.135597567E-01
1.109420000E+01 5.100660000E+01 3.276690000E+00 1.117520867E-01
1.127360000E+01 5.099200000E+01 3.187110000E+00 1.099737440E-01
1.145590000E+01 5.097660000E+01 3.099890000E+00 1.082237101E-01
1.164120000E+01 5.096040000E+01 3.014990000E+00 1.065010480E-01
1.182950000E+01 5.094340000E+01 2.932340000E+00 1.048057822E-01
1.202080000E+01 5.092580000E+01 2.851880000E+00 1.031378943E-01
1.221530000E+01 5.090750000E+01 2.773570000E+00 1.014956653E-01
1.241280000E+01 5.088860000E+01 2.697350000E+00 9.988076824E-02
1.261360000E+01 5.086920000E+01 2.623170000E+00 9.829073381E-02
1.281760000E+01 5.084920000E+01 2.550980000E+00 9.672637623E-02
1.302500000E+01 5.082870000E+01 2.480720000E+00 9.518618042E-02
1.323560000E+01 5.080780000E+01 2.412350000E+00 9.367161292E-02
1.344970000E+01 5.078650000E+01 2.345820000E+00 9.218049473E-02
1.366720000E+01 5.076470000E+01 2.281080000E+00 9.071353313E-02
1.388830000E+01 5.074260000E+01 2.218100000E+00 8.926938502E-02
1.411290000E+01 5.072010000E+01 2.156810000E+00 8.784870579E-02
1.434120000E+01 5.069730000E+01 2.097180000E+00 8.645022732E-02
1.457310000E+01 5.067410000E+01 2.039160000E+00 8.507455517E-02
1.480890000E+01 5.065060000E+01 1.982720000E+00 8.371992518E-02
1.504840000E+01 5.062680000E+01 1.927810000E+00 8.238749635E-02
1.529180000E+01 5.060270000E+01 1.874390000E+00 8.107613231E-02
1.553910000E+01 5.057830000E+01 1.822430000E+00 7.978583058E-02
1.579040000E+01 5.055360000E+01 1.771880000E+00 7.851606039E-02
1.604580000E+01 5.052870000E+01 1.722710000E+00 7.726632514E-02
1.630540000E+01 5.050340000E+01 1.674870000E+00 7.603615980E-02
1.656910000E+01 5.047780000E+01 1.628350000E+00 7.482603159E-02
1.683710000E+01 5.045190000E+01 1.583090000E+00 7.363500840E-02
1.710940000E+01 5.042570000E+01 1.539070000E+00 7.246309046E-02
1.738610000E+01 5.039920000E+01 1.496250000E+00 7.130983947E-02
1.766740000E+01 5.037230000E+01 1.454610000E+00 7.017444559E-02
1.795310000E+01 5.034500000E+01 1.414100000E+00 6.905771148E-02
1.824350000E+01 5.031730000E+01 1.374700000E+00 6.795845096E-02
1.853860000E+01 5.028910000E+01 1.336390000E+00 6.687667893E-02
1.883840000E+01 5.026050000E+01 1.299120000E+00 6.581238322E-02
1.914310000E+01 5.023140000E+01 1.262870000E+00 6.476485000E-02
1.945270000E+01 5.020170000E+01 1.227620000E+00 6.373408319E-02
1.976740000E+01 5.017140000E+01 1.193340000E+00 6.271942694E-02
2.008710000E+01 5.014040000E+01 1.159990000E+00 6.172120416E-02
2.041200000E+01 5.010860000E+01 1.127560000E+00 6.073878111E-02
2.074210000E+01 5.007600000E+01 1.096030000E+00 5.977215422E-02
2.107760000E+01 5.004240000E+01 1.065350000E+00 5.882073860E-02
2.141850000E+01 5.000780000E+01 1.035520000E+00 5.788453907E-02
2.176500000E+01 4.997200000E+01 1.006510000E+00 5.696301401E-02
2.211700000E+01 4.993480000E+01 9.782920000E-01 5.605642718E-02
2.247470000E+01 4.989620000E+01 9.508520000E-01 5.516425136E-02
2.283820000E+01 4.985580000E+01 9.241630000E-01 5.428623972E-02
2.320760000E+01 4.981340000E+01 8.982080000E-01 5.342215481E-02
2.358300000E+01 4.976880000E+01 8.729650000E-01 5.257176780E-02
2.396440000E+01 4.972150000E+01 8.484150000E-01 5.173507369E-02
2.435200000E+01 4.967120000E+01 8.245370000E-01 5.091162943E-02
2.474590000E+01 4.961730000E+01 8.013150000E-01 5.010122889E-02
2.514620000E+01 4.955920000E+01 7.787300000E-01 4.930367213E-02
2.555290000E+01 4.949590000E+01 7.567640000E-01 4.851895480E-02
2.596620000E+01 4.942630000E+01 7.354000000E-01 4.774668608E-02
2.638610000E+01 4.934910000E+01 7.146200000E-01 4.698686051E-02
2.681290000E+01 4.926210000E+01 6.944100000E-01 4.623893723E-02
2.724660000E+01 4.916250000E+01 6.747530000E-01 4.550292514E-02
2.768730000E+01 4.904600000E+01 6.556340000E-01 4.477865303E-02
2.813510000E+01 4.890600000E+01 6.370370000E-01 4.406595320E-02
2.859020000E+01 4.873130000E+01 6.189490000E-01 4.336450952E-02
2.905260000E+01 4.850050000E+01 6.013550000E-01 4.267432175E-02
2.952250000E+01 4.816540000E+01 5.842410000E-01 4.199508849E-02
3.000000000E+01 4.757110000E+01 5.675940000E-01 4.132666667E-02
