# Data retrieved from henke.lbl.gov/optical_constants 03/01/2021
# Element, Si  (Z = 14) 
# Atomic weight*, g mol-1 = 28.0855 
# Nominal density*, g cm-3 =  0 
# Relativistic correction estimate f_rel(5CL)*,  e atom-1 =  0 
# Nuclear Thomson correction f_NT*, e atom-1 =  0 
#    E [keV]      f1 [e atom-1]      f2 [e atom-1]    Wavelength [nm] 
1.000000000E-02 -9.999000000E+03 3.948510000E+00 1.239800000E+02
1.016170000E-02 -9.999000000E+03 3.955310000E+00 1.220071445E+02
1.032610000E-02 -9.999000000E+03 3.962120000E+00 1.200646904E+02
1.049310000E-02 -9.999000000E+03 3.968940000E+00 1.181538344E+02
1.066280000E-02 -9.999000000E+03 3.975770000E+00 1.162733991E+02
1.083530000E-02 -9.999000000E+03 3.982620000E+00 1.144223049E+02
1.101050000E-02 -9.999000000E+03 3.989480000E+00 1.126016076E+02
1.118860000E-02 -9.999000000E+03 3.996350000E+00 1.108092165E+02
1.136960000E-02 -9.999000000E+03 4.003220000E+00 1.090451731E+02
1.155350000E-02 -9.999000000E+03 4.010120000E+00 1.073094733E+02
1.174040000E-02 -9.999000000E+03 4.017020000E+00 1.056011720E+02
1.193030000E-02 -9.999000000E+03 4.023940000E+00 1.039202702E+02
1.212320000E-02 -9.999000000E+03 4.000190000E+00 1.022667283E+02
1.231930000E-02 -9.999000000E+03 3.959300000E+00 1.006388350E+02
1.251860000E-02 -9.999000000E+03 3.918830000E+00 9.903663349E+01
1.272100000E-02 -9.999000000E+03 3.878760000E+00 9.746089144E+01
1.292680000E-02 -9.999000000E+03 3.839110000E+00 9.590927376E+01
1.313590000E-02 -9.999000000E+03 3.799870000E+00 9.438256990E+01
1.334830000E-02 -9.999000000E+03 3.761020000E+00 9.288074137E+01
1.356420000E-02 -9.999000000E+03 3.722570000E+00 9.140236800E+01
1.378360000E-02 -9.999000000E+03 3.684520000E+00 8.994747381E+01
1.400660000E-02 -9.999000000E+03 3.645130000E+00 8.851541416E+01
1.423310000E-02 -9.999000000E+03 3.550200000E+00 8.710681440E+01
1.446330000E-02 -9.999000000E+03 3.457740000E+00 8.572040959E+01
1.469720000E-02 -9.999000000E+03 3.367690000E+00 8.435620390E+01
1.493500000E-02 -9.999000000E+03 3.279980000E+00 8.301305658E+01
1.517650000E-02 -9.999000000E+03 3.194550000E+00 8.169208974E+01
1.542200000E-02 -9.999000000E+03 3.111360000E+00 8.039164829E+01
1.567140000E-02 -9.999000000E+03 3.030320000E+00 7.911226821E+01
1.592490000E-02 -9.999000000E+03 2.951400000E+00 7.785292215E+01
1.618250000E-02 -9.999000000E+03 2.831140000E+00 7.661362583E+01
1.644420000E-02 -9.999000000E+03 2.698690000E+00 7.539436397E+01
1.671020000E-02 -9.999000000E+03 2.572440000E+00 7.419420474E+01
1.698050000E-02 -9.999000000E+03 2.452100000E+00 7.301316216E+01
1.725510000E-02 -9.999000000E+03 2.337380000E+00 7.185122080E+01
1.753420000E-02 -9.999000000E+03 2.228030000E+00 7.070753157E+01
1.781780000E-02 -9.999000000E+03 2.123800000E+00 6.958210329E+01
1.810600000E-02 -9.999000000E+03 1.975540000E+00 6.847453883E+01
1.839880000E-02 -9.999000000E+03 1.761380000E+00 6.738482945E+01
1.869640000E-02 -9.999000000E+03 1.570430000E+00 6.631223123E+01
1.899880000E-02 -9.999000000E+03 1.400190000E+00 6.525675306E+01
1.930610000E-02 -9.999000000E+03 1.248400000E+00 6.421804507E+01
1.961840000E-02 -9.999000000E+03 1.113060000E+00 6.319577539E+01
1.993570000E-02 -9.999000000E+03 9.923960000E-01 6.218994066E+01
2.025810000E-02 -9.999000000E+03 8.623360000E-01 6.120021127E+01
2.058580000E-02 -9.999000000E+03 7.535640000E-01 6.022598102E+01
2.091870000E-02 -9.999000000E+03 6.988710000E-01 5.926754531E+01
2.125710000E-02 -9.999000000E+03 6.481480000E-01 5.832404232E+01
2.160090000E-02 -9.999000000E+03 6.025430000E-01 5.739575666E+01
2.195030000E-02 -9.999000000E+03 5.615160000E-01 5.648214375E+01
2.230530000E-02 -9.999000000E+03 5.232810000E-01 5.558320220E+01
2.266610000E-02 -9.999000000E+03 4.968950000E-01 5.469842628E+01
2.303270000E-02 -9.999000000E+03 4.780710000E-01 5.382781871E+01
2.340520000E-02 -9.999000000E+03 4.599620000E-01 5.297113462E+01
2.378380000E-02 -9.999000000E+03 4.425380000E-01 5.212791900E+01
2.416850000E-02 -9.999000000E+03 4.257740000E-01 5.129817738E+01
2.455940000E-02 -9.999000000E+03 4.130960000E-01 5.048168929E+01
2.495660000E-02 -9.999000000E+03 4.030410000E-01 4.967824143E+01
2.536020000E-02 -9.999000000E+03 3.932310000E-01 4.888762707E+01
2.577040000E-02 -9.999000000E+03 3.836600000E-01 4.810945891E+01
2.618720000E-02 -9.999000000E+03 3.743210000E-01 4.734374045E+01
2.661080000E-02 -9.999000000E+03 3.652100000E-01 4.659010627E+01
2.704120000E-02 -9.999000000E+03 3.662880000E-01 4.584855702E+01
2.747860000E-02 -9.999000000E+03 3.673740000E-01 4.511874695E+01
2.792300000E-02 -9.999000000E+03 3.684630000E-01 4.440067328E+01
2.837470000E-02 -9.999000000E+03 3.695550000E-01 4.369385403E+01
2.883360000E-02 -9.999000000E+03 3.706500000E-01 4.299844626E+01
2.930000000E-02 3.833800000E+00 3.717490000E-01 4.231399317E+01
2.977390000E-02 3.806910000E+00 3.728510000E-01 4.164049721E+01
3.025540000E-02 3.780970000E+00 3.739560000E-01 4.097780892E+01
3.074480000E-02 3.755820000E+00 3.750640000E-01 4.032551846E+01
3.124210000E-02 3.730480000E+00 3.761760000E-01 3.968363202E+01
3.174740000E-02 3.705500000E+00 3.780880000E-01 3.905201686E+01
3.226090000E-02 3.681470000E+00 3.819960000E-01 3.843042197E+01
3.278270000E-02 3.659050000E+00 3.859450000E-01 3.781872756E+01
3.331290000E-02 3.637640000E+00 3.899350000E-01 3.721681391E+01
3.385170000E-02 3.617030000E+00 3.939650000E-01 3.662445313E+01
3.439920000E-02 3.597110000E+00 3.980380000E-01 3.604153585E+01
3.495560000E-02 3.577790000E+00 4.021520000E-01 3.546785064E+01
3.552100000E-02 3.559000000E+00 4.063090000E-01 3.490329664E+01
3.609550000E-02 3.540710000E+00 4.105090000E-01 3.434777188E+01
3.667930000E-02 3.522860000E+00 4.147530000E-01 3.380108126E+01
3.727260000E-02 3.505450000E+00 4.190400000E-01 3.326304041E+01
3.787540000E-02 3.488480000E+00 4.233720000E-01 3.273364770E+01
3.848800000E-02 3.472000000E+00 4.277480000E-01 3.221263771E+01
3.911060000E-02 3.456280000E+00 4.321700000E-01 3.169984608E+01
3.974310000E-02 3.441760000E+00 4.355370000E-01 3.119535215E+01
4.038600000E-02 3.426890000E+00 4.371360000E-01 3.069875699E+01
4.103920000E-02 3.410500000E+00 4.387410000E-01 3.021014055E+01
4.170290000E-02 3.393780000E+00 4.403510000E-01 2.972934736E+01
4.237740000E-02 3.376670000E+00 4.419680000E-01 2.925616012E+01
4.306290000E-02 3.359170000E+00 4.435900000E-01 2.879044375E+01
4.375940000E-02 3.341300000E+00 4.452180000E-01 2.833219834E+01
4.446710000E-02 3.323040000E+00 4.468520000E-01 2.788128751E+01
4.518640000E-02 3.304400000E+00 4.484930000E-01 2.743745906E+01
4.591720000E-02 3.285490000E+00 4.501390000E-01 2.700077531E+01
4.665990000E-02 3.266150000E+00 4.511980000E-01 2.657099565E+01
4.741460000E-02 3.245990000E+00 4.519790000E-01 2.614806410E+01
4.818150000E-02 3.224760000E+00 4.527620000E-01 2.573186804E+01
4.896080000E-02 3.202670000E+00 4.535470000E-01 2.532229866E+01
4.975270000E-02 3.179640000E+00 4.543320000E-01 2.491925061E+01
5.055740000E-02 3.155580000E+00 4.551190000E-01 2.452262181E+01
5.137510000E-02 3.130420000E+00 4.559080000E-01 2.413231312E+01
5.220610000E-02 3.103250000E+00 4.566980000E-01 2.374818268E+01
5.305050000E-02 3.074440000E+00 4.583010000E-01 2.337018501E+01
5.390850000E-02 3.045070000E+00 4.619480000E-01 2.299822848E+01
5.478040000E-02 3.015450000E+00 4.656240000E-01 2.263218231E+01
5.566650000E-02 2.984980000E+00 4.693280000E-01 2.227192297E+01
5.656680000E-02 2.953380000E+00 4.730620000E-01 2.191744981E+01
5.748170000E-02 2.920400000E+00 4.768260000E-01 2.156860357E+01
5.841150000E-02 2.885190000E+00 4.806200000E-01 2.122527242E+01
5.935620000E-02 2.845980000E+00 4.844440000E-01 2.088745573E+01
6.031630000E-02 2.806060000E+00 4.949470000E-01 2.055497436E+01
6.129180000E-02 2.767880000E+00 5.065040000E-01 2.022782819E+01
6.228320000E-02 2.730420000E+00 5.183320000E-01 1.990584941E+01
6.329060000E-02 2.693330000E+00 5.304360000E-01 1.958900690E+01
6.431420000E-02 2.656960000E+00 5.428220000E-01 1.927723582E+01
6.535450000E-02 2.624180000E+00 5.548840000E-01 1.897038459E+01
6.641150000E-02 2.588740000E+00 5.589680000E-01 1.866845351E+01
6.748570000E-02 2.549710000E+00 5.630810000E-01 1.837129940E+01
6.857720000E-02 2.509170000E+00 5.672240000E-01 1.807889503E+01
6.968640000E-02 2.469350000E+00 5.713980000E-01 1.779113285E+01
7.081350000E-02 2.431290000E+00 5.668140000E-01 1.750796105E+01
7.195880000E-02 2.382750000E+00 5.529790000E-01 1.722930343E+01
7.312270000E-02 2.325040000E+00 5.394830000E-01 1.695506320E+01
7.430540000E-02 2.263220000E+00 5.263160000E-01 1.668519381E+01
7.550720000E-02 2.198280000E+00 5.047820000E-01 1.641962621E+01
7.672850000E-02 2.116350000E+00 4.774170000E-01 1.615827235E+01
7.796950000E-02 2.016180000E+00 4.515350000E-01 1.590108953E+01
7.923060000E-02 1.901700000E+00 4.273640000E-01 1.564799459E+01
8.051210000E-02 1.774370000E+00 4.226230000E-01 1.539892761E+01
8.181430000E-02 1.644580000E+00 4.179360000E-01 1.515383008E+01
8.313760000E-02 1.505180000E+00 4.133000000E-01 1.491262678E+01
8.448230000E-02 1.347270000E+00 4.093260000E-01 1.467526334E+01
8.584870000E-02 1.176210000E+00 4.159460000E-01 1.444168636E+01
8.723730000E-02 9.953390000E-01 4.226740000E-01 1.421181077E+01
8.864830000E-02 7.944970000E-01 4.295100000E-01 1.398560378E+01
9.008210000E-02 5.680590000E-01 4.364570000E-01 1.376300064E+01
9.153910000E-02 3.069620000E-01 4.449260000E-01 1.354393915E+01
9.301970000E-02 1.615880000E-03 4.565280000E-01 1.332835948E+01
9.452420000E-02 -3.669110000E-01 4.684340000E-01 1.311621786E+01
9.605300000E-02 -8.413880000E-01 4.806500000E-01 1.290745734E+01
9.760660000E-02 -1.526050000E+00 4.950350000E-01 1.270200991E+01
9.918530000E-02 -2.881150000E+00 5.176440000E-01 1.249983617E+01
9.950000000E-02 -3.503920000E+00 5.222280000E-01 1.246030151E+01
9.952400000E-02 -3.567930000E+00 5.176440000E-01 1.245729673E+01
9.954900000E-02 -3.650860000E+00 5.178410000E-01 1.245416830E+01
9.957600000E-02 -3.748610000E+00 5.212840000E-01 1.245079136E+01
9.960100000E-02 -3.849770000E+00 5.352970000E-01 1.244766619E+01
9.962600000E-02 -3.957880000E+00 5.520220000E-01 1.244454259E+01
9.964900000E-02 -4.070480000E+00 5.817480000E-01 1.244167026E+01
9.967600000E-02 -4.213700000E+00 6.300010000E-01 1.243830009E+01
9.969900000E-02 -4.337380000E+00 7.087840000E-01 1.243543065E+01
9.972600000E-02 -4.474390000E+00 8.134150000E-01 1.243206385E+01
9.974900000E-02 -4.570870000E+00 9.415690000E-01 1.242919729E+01
9.977500000E-02 -4.654990000E+00 1.077210000E+00 1.242595841E+01
9.982600000E-02 -4.769590000E+00 1.375130000E+00 1.241961012E+01
9.985100000E-02 -4.791090000E+00 1.522030000E+00 1.241650059E+01
9.987500000E-02 -4.786990000E+00 1.659930000E+00 1.241351690E+01
9.989900000E-02 -4.766740000E+00 1.779950000E+00 1.241053464E+01
9.992600000E-02 -4.739840000E+00 1.879680000E+00 1.240718131E+01
9.995100000E-02 -4.725710000E+00 1.974480000E+00 1.240407800E+01
9.997400000E-02 -4.698970000E+00 2.058150000E+00 1.240122432E+01
1.000000000E-01 -4.674050000E+00 2.133110000E+00 1.239800000E+01
1.000300000E-01 -4.654900000E+00 2.201710000E+00 1.239428172E+01
1.001200000E-01 -4.600240000E+00 2.416670000E+00 1.238314023E+01
1.001800000E-01 -4.600590000E+00 2.497290000E+00 1.237572370E+01
1.002200000E-01 -4.620850000E+00 2.585050000E+00 1.237078427E+01
1.002500000E-01 -4.645100000E+00 2.620890000E+00 1.236708229E+01
1.002800000E-01 -4.702750000E+00 2.672410000E+00 1.236338253E+01
1.003000000E-01 -4.739160000E+00 2.730720000E+00 1.236091725E+01
1.003500000E-01 -4.824060000E+00 2.913600000E+00 1.235475835E+01
1.003800000E-01 -4.877540000E+00 3.019590000E+00 1.235106595E+01
1.004500000E-01 -4.894610000E+00 3.396220000E+00 1.234245893E+01
1.004800000E-01 -4.891770000E+00 3.526550000E+00 1.233877389E+01
1.005000000E-01 -4.871330000E+00 3.647320000E+00 1.233631841E+01
1.005500000E-01 -4.805570000E+00 3.868470000E+00 1.233018399E+01
1.006000000E-01 -4.710480000E+00 4.106680000E+00 1.232405567E+01
1.006200000E-01 -4.635140000E+00 4.236780000E+00 1.232160604E+01
1.006800000E-01 -4.543370000E+00 4.364640000E+00 1.231426301E+01
1.007000000E-01 -4.486070000E+00 4.495090000E+00 1.231181728E+01
1.007500000E-01 -4.337020000E+00 4.757640000E+00 1.230570720E+01
1.007700000E-01 -4.233250000E+00 4.859610000E+00 1.230326486E+01
1.008000000E-01 -4.073370000E+00 4.946370000E+00 1.229960317E+01
1.008500000E-01 -3.817980000E+00 5.074300000E+00 1.229350521E+01
1.009000000E-01 -3.565480000E+00 5.123350000E+00 1.228741328E+01
1.010000000E-01 -3.157850000E+00 5.130320000E+00 1.227524752E+01
1.010200000E-01 -3.088610000E+00 5.120480000E+00 1.227281726E+01
1.012500000E-01 -2.521000000E+00 5.159040000E+00 1.224493827E+01
1.013200000E-01 -2.304050000E+00 5.199590000E+00 1.223647848E+01
1.013800000E-01 -2.085340000E+00 5.201460000E+00 1.222923654E+01
1.014000000E-01 -2.009710000E+00 5.189890000E+00 1.222682446E+01
1.014500000E-01 -1.812700000E+00 5.134420000E+00 1.222079842E+01
1.015000000E-01 -1.651520000E+00 5.029770000E+00 1.221477833E+01
1.016000000E-01 -1.411050000E+00 4.786180000E+00 1.220275591E+01
1.016300000E-01 -1.363590000E+00 4.726480000E+00 1.219915379E+01
1.016500000E-01 -1.352920000E+00 4.658610000E+00 1.219675357E+01
1.017500000E-01 -1.254550000E+00 4.441250000E+00 1.218476658E+01
1.018200000E-01 -1.213890000E+00 4.301650000E+00 1.217638971E+01
1.018800000E-01 -1.194580000E+00 4.186200000E+00 1.216921869E+01
1.019000000E-01 -1.209850000E+00 4.132880000E+00 1.216683023E+01
1.019500000E-01 -1.205810000E+00 4.088500000E+00 1.216086317E+01
1.020000000E-01 -1.198010000E+00 3.976060000E+00 1.215490196E+01
1.020300000E-01 -1.227100000E+00 3.930100000E+00 1.215132804E+01
1.020500000E-01 -1.249040000E+00 3.897840000E+00 1.214894659E+01
1.021000000E-01 -1.281030000E+00 3.867310000E+00 1.214299706E+01
1.021500000E-01 -1.309900000E+00 3.805790000E+00 1.213705335E+01
1.021800000E-01 -1.339910000E+00 3.784270000E+00 1.213348992E+01
1.022500000E-01 -1.397000000E+00 3.768020000E+00 1.212518337E+01
1.023000000E-01 -1.426080000E+00 3.748490000E+00 1.211925709E+01
1.023500000E-01 -1.467280000E+00 3.742610000E+00 1.211333659E+01
1.024000000E-01 -1.503090000E+00 3.760840000E+00 1.210742187E+01
1.024500000E-01 -1.525380000E+00 3.793860000E+00 1.210151293E+01
1.025300000E-01 -1.506080000E+00 3.874840000E+00 1.209207061E+01
1.025500000E-01 -1.481530000E+00 3.893730000E+00 1.208971234E+01
1.026000000E-01 -1.420090000E+00 3.901790000E+00 1.208382066E+01
1.026500000E-01 -1.362790000E+00 3.882390000E+00 1.207793473E+01
1.027000000E-01 -1.318200000E+00 3.839580000E+00 1.207205453E+01
1.027800000E-01 -1.292020000E+00 3.764160000E+00 1.206265810E+01
1.028800000E-01 -1.299630000E+00 3.679930000E+00 1.205093313E+01
1.029500000E-01 -1.329510000E+00 3.645390000E+00 1.204273919E+01
1.030000000E-01 -1.346330000E+00 3.632860000E+00 1.203689320E+01
1.031200000E-01 -1.361980000E+00 3.659190000E+00 1.202288596E+01
1.032000000E-01 -1.322640000E+00 3.655210000E+00 1.201356589E+01
1.032800000E-01 -1.271170000E+00 3.625780000E+00 1.200426026E+01
1.033200000E-01 -1.258820000E+00 3.577670000E+00 1.199961285E+01
1.033500000E-01 -1.242000000E+00 3.560290000E+00 1.199612966E+01
1.034300000E-01 -1.233270000E+00 3.479030000E+00 1.198685101E+01
1.034500000E-01 -1.261470000E+00 3.442000000E+00 1.198453359E+01
1.035500000E-01 -1.322670000E+00 3.375380000E+00 1.197295992E+01
1.036000000E-01 -1.360220000E+00 3.353290000E+00 1.196718147E+01
1.036200000E-01 -1.376580000E+00 3.352420000E+00 1.196487165E+01
1.037000000E-01 -1.426900000E+00 3.330360000E+00 1.195564127E+01
1.038000000E-01 -1.480610000E+00 3.332050000E+00 1.194412331E+01
1.038800000E-01 -1.509690000E+00 3.339400000E+00 1.193492491E+01
1.040000000E-01 -1.536300000E+00 3.334720000E+00 1.192115385E+01
1.041000000E-01 -1.561670000E+00 3.315760000E+00 1.190970221E+01
1.042200000E-01 -1.621930000E+00 3.273680000E+00 1.189598925E+01
1.042800000E-01 -1.654000000E+00 3.274170000E+00 1.188914461E+01
1.044300000E-01 -1.726940000E+00 3.286060000E+00 1.187206741E+01
1.044700000E-01 -1.753870000E+00 3.279780000E+00 1.186752178E+01
1.045000000E-01 -1.768290000E+00 3.287910000E+00 1.186411483E+01
1.045300000E-01 -1.786930000E+00 3.288850000E+00 1.186070984E+01
1.045700000E-01 -1.802940000E+00 3.297510000E+00 1.185617290E+01
1.046500000E-01 -1.836790000E+00 3.308560000E+00 1.184710941E+01
1.047300000E-01 -1.872700000E+00 3.305560000E+00 1.183805977E+01
1.047500000E-01 -1.881240000E+00 3.311090000E+00 1.183579952E+01
1.048000000E-01 -1.908010000E+00 3.301760000E+00 1.183015267E+01
1.049000000E-01 -1.987060000E+00 3.331160000E+00 1.181887512E+01
1.049300000E-01 -2.000670000E+00 3.333590000E+00 1.181549604E+01
1.049500000E-01 -2.002980000E+00 3.349910000E+00 1.181324440E+01
1.050300000E-01 -2.045700000E+00 3.362980000E+00 1.180424641E+01
1.051500000E-01 -2.119340000E+00 3.395040000E+00 1.179077508E+01
1.051800000E-01 -2.139490000E+00 3.409770000E+00 1.178741206E+01
1.052500000E-01 -2.179520000E+00 3.435150000E+00 1.177957245E+01
1.053200000E-01 -2.213430000E+00 3.471530000E+00 1.177174326E+01
1.053500000E-01 -2.238480000E+00 3.476880000E+00 1.176839108E+01
1.054300000E-01 -2.284830000E+00 3.523780000E+00 1.175946125E+01
1.055000000E-01 -2.329990000E+00 3.564570000E+00 1.175165877E+01
1.055500000E-01 -2.358320000E+00 3.601980000E+00 1.174609190E+01
1.056000000E-01 -2.385780000E+00 3.647810000E+00 1.174053030E+01
1.056300000E-01 -2.390890000E+00 3.665690000E+00 1.173719587E+01
1.057500000E-01 -2.448610000E+00 3.776440000E+00 1.172387707E+01
1.057800000E-01 -2.453260000E+00 3.797430000E+00 1.172055209E+01
1.058500000E-01 -2.482450000E+00 3.884080000E+00 1.171280113E+01
1.058700000E-01 -2.480520000E+00 3.915840000E+00 1.171058846E+01
1.059700000E-01 -2.426890000E+00 4.016160000E+00 1.169953760E+01
1.060300000E-01 -2.399720000E+00 4.047170000E+00 1.169291710E+01
1.060700000E-01 -2.382400000E+00 4.066040000E+00 1.168850759E+01
1.061000000E-01 -2.373980000E+00 4.068740000E+00 1.168520264E+01
1.062300000E-01 -2.383610000E+00 4.119470000E+00 1.167090276E+01
1.062700000E-01 -2.379960000E+00 4.153080000E+00 1.166650983E+01
1.063200000E-01 -2.374620000E+00 4.168090000E+00 1.166102333E+01
1.064000000E-01 -2.360040000E+00 4.213910000E+00 1.165225564E+01
1.064300000E-01 -2.361960000E+00 4.220640000E+00 1.164897115E+01
1.064500000E-01 -2.365090000E+00 4.239830000E+00 1.164678253E+01
1.065500000E-01 -2.339250000E+00 4.282150000E+00 1.163585171E+01
1.066200000E-01 -2.333790000E+00 4.308940000E+00 1.162821234E+01
1.066500000E-01 -2.335070000E+00 4.325460000E+00 1.162494140E+01
1.067000000E-01 -2.328650000E+00 4.346220000E+00 1.161949391E+01
1.067500000E-01 -2.325430000E+00 4.379180000E+00 1.161405152E+01
1.068000000E-01 -2.311000000E+00 4.395280000E+00 1.160861423E+01
1.068700000E-01 -2.302750000E+00 4.437890000E+00 1.160101057E+01
1.069200000E-01 -2.280310000E+00 4.450740000E+00 1.159558548E+01
1.069700000E-01 -2.272620000E+00 4.474460000E+00 1.159016547E+01
1.070000000E-01 -2.250350000E+00 4.471930000E+00 1.158691589E+01
1.071500000E-01 -2.249760000E+00 4.520750000E+00 1.157069529E+01
1.071700000E-01 -2.232670000E+00 4.521950000E+00 1.156853597E+01
1.072000000E-01 -2.224310000E+00 4.535600000E+00 1.156529851E+01
1.072800000E-01 -2.223720000E+00 4.534680000E+00 1.155667412E+01
1.073000000E-01 -2.222180000E+00 4.546920000E+00 1.155452004E+01
1.073200000E-01 -2.217890000E+00 4.548270000E+00 1.155236675E+01
1.073500000E-01 -2.217470000E+00 4.559930000E+00 1.154913833E+01
1.074000000E-01 -2.225680000E+00 4.565210000E+00 1.154376164E+01
1.074200000E-01 -2.212010000E+00 4.584990000E+00 1.154161236E+01
1.075000000E-01 -2.211960000E+00 4.600020000E+00 1.153302326E+01
1.075300000E-01 -2.214390000E+00 4.608340000E+00 1.152980564E+01
1.075500000E-01 -2.214780000E+00 4.624060000E+00 1.152766155E+01
1.075800000E-01 -2.202270000E+00 4.632100000E+00 1.152444692E+01
1.076000000E-01 -2.208620000E+00 4.629220000E+00 1.152230483E+01
1.076200000E-01 -2.199870000E+00 4.648040000E+00 1.152016354E+01
1.076700000E-01 -2.197450000E+00 4.666950000E+00 1.151481378E+01
1.077300000E-01 -2.182270000E+00 4.674720000E+00 1.150840063E+01
1.077500000E-01 -2.193000000E+00 4.687170000E+00 1.150626450E+01
1.078500000E-01 -2.170680000E+00 4.702390000E+00 1.149559573E+01
1.078800000E-01 -2.184240000E+00 4.718320000E+00 1.149239896E+01
1.079300000E-01 -2.182940000E+00 4.735050000E+00 1.148707496E+01
1.079500000E-01 -2.191990000E+00 4.755390000E+00 1.148494673E+01
1.080700000E-01 -2.157720000E+00 4.796600000E+00 1.147219395E+01
1.082200000E-01 -2.130840000E+00 4.829550000E+00 1.145629274E+01
1.082800000E-01 -2.112400000E+00 4.855930000E+00 1.144994459E+01
1.084200000E-01 -2.088970000E+00 4.880590000E+00 1.143515956E+01
1.084500000E-01 -2.089580000E+00 4.883460000E+00 1.143199631E+01
1.085200000E-01 -2.076110000E+00 4.913200000E+00 1.142462219E+01
1.085700000E-01 -2.060680000E+00 4.917930000E+00 1.141936078E+01
1.086000000E-01 -2.059850000E+00 4.930160000E+00 1.141620626E+01
1.087300000E-01 -2.027930000E+00 4.928660000E+00 1.140255679E+01
1.088300000E-01 -2.030870000E+00 4.941620000E+00 1.139207939E+01
1.089000000E-01 -2.019930000E+00 4.967830000E+00 1.138475666E+01
1.090000000E-01 -1.998750000E+00 4.972390000E+00 1.137431193E+01
1.090300000E-01 -1.993610000E+00 4.972670000E+00 1.137118224E+01
1.090700000E-01 -1.995790000E+00 4.959350000E+00 1.136701201E+01
1.091200000E-01 -2.000660000E+00 4.975760000E+00 1.136180352E+01
1.092000000E-01 -2.004210000E+00 4.982760000E+00 1.135347985E+01
1.092500000E-01 -1.999810000E+00 4.998970000E+00 1.134828375E+01
1.092700000E-01 -1.986980000E+00 4.988290000E+00 1.134620664E+01
1.093500000E-01 -2.006030000E+00 4.991350000E+00 1.133790581E+01
1.093800000E-01 -2.008500000E+00 4.983160000E+00 1.133479612E+01
1.094000000E-01 -2.012110000E+00 4.993420000E+00 1.133272395E+01
1.094300000E-01 -2.021830000E+00 4.989670000E+00 1.132961711E+01
1.094500000E-01 -2.015150000E+00 5.005930000E+00 1.132754683E+01
1.095300000E-01 -2.042920000E+00 5.015800000E+00 1.131927326E+01
1.095500000E-01 -2.033760000E+00 5.031410000E+00 1.131720675E+01
1.095700000E-01 -2.038380000E+00 5.026560000E+00 1.131514101E+01
1.096000000E-01 -2.036770000E+00 5.044830000E+00 1.131204380E+01
1.096200000E-01 -2.037050000E+00 5.038730000E+00 1.130997993E+01
1.096700000E-01 -2.027730000E+00 5.053250000E+00 1.130482356E+01
1.098000000E-01 -2.055720000E+00 5.086730000E+00 1.129143898E+01
1.099700000E-01 -2.058410000E+00 5.122200000E+00 1.127398381E+01
1.100000000E-01 -2.084770000E+00 5.137910000E+00 1.127090909E+01
1.105000000E-01 -2.083180000E+00 5.282670000E+00 1.121990950E+01
1.110000000E-01 -2.071050000E+00 5.457790000E+00 1.116936937E+01
1.115000000E-01 -2.029870000E+00 5.615440000E+00 1.111928251E+01
1.125000000E-01 -1.948450000E+00 5.859090000E+00 1.102044444E+01
1.140000000E-01 -1.925170000E+00 6.164500000E+00 1.087543860E+01
1.145000000E-01 -1.963950000E+00 6.333380000E+00 1.082794760E+01
1.150000000E-01 -1.989870000E+00 6.518620000E+00 1.078086957E+01
1.155000000E-01 -1.963200000E+00 6.723120000E+00 1.073419913E+01
1.170000000E-01 -1.778090000E+00 7.402540000E+00 1.059658120E+01
1.175000000E-01 -1.611730000E+00 7.594880000E+00 1.055148936E+01
1.180000000E-01 -1.459340000E+00 7.771800000E+00 1.050677966E+01
1.185000000E-01 -1.286160000E+00 7.875530000E+00 1.046244726E+01
1.190000000E-01 -1.139840000E+00 8.022340000E+00 1.041848739E+01
1.195000000E-01 -9.599180000E-01 8.058430000E+00 1.037489540E+01
1.214330000E-01 -5.783940000E-01 8.423710000E+00 1.020974529E+01
1.215000000E-01 -5.732310000E-01 8.436600000E+00 1.020411523E+01
1.220000000E-01 -4.056510000E-01 8.514470000E+00 1.016229508E+01
1.235000000E-01 -2.641260000E-02 8.671920000E+00 1.003886640E+01
1.240000000E-01 7.791550000E-02 8.699580000E+00 9.998387097E+00
1.245000000E-01 1.713450000E-01 8.777040000E+00 9.958232932E+00
1.250000000E-01 2.939450000E-01 8.787260000E+00 9.918400000E+00
1.270000000E-01 5.724640000E-01 9.000760000E+00 9.762204724E+00
1.275000000E-01 6.718360000E-01 9.042150000E+00 9.723921569E+00
1.285000000E-01 8.270380000E-01 9.194550000E+00 9.648249027E+00
1.295000000E-01 9.950740000E-01 9.334390000E+00 9.573745174E+00
1.300000000E-01 1.118320000E+00 9.437240000E+00 9.536923077E+00
1.315000000E-01 1.531310000E+00 9.688320000E+00 9.428136882E+00
1.330000000E-01 2.076110000E+00 9.806830000E+00 9.321804511E+00
1.335000000E-01 2.287410000E+00 9.782210000E+00 9.286891386E+00
1.345000000E-01 2.619720000E+00 9.608610000E+00 9.217843866E+00
1.360000000E-01 2.847360000E+00 9.248270000E+00 9.116176471E+00
1.365000000E-01 2.879430000E+00 9.173850000E+00 9.082783883E+00
1.370000000E-01 2.877450000E+00 9.118570000E+00 9.049635036E+00
1.375000000E-01 2.851520000E+00 9.036120000E+00 9.016727273E+00
1.395000000E-01 2.833480000E+00 9.098830000E+00 8.887455197E+00
1.400000000E-01 2.843070000E+00 9.126310000E+00 8.855714286E+00
1.405000000E-01 2.883840000E+00 9.183570000E+00 8.824199288E+00
1.415000000E-01 3.003100000E+00 9.197640000E+00 8.761837456E+00
1.420000000E-01 3.030930000E+00 9.175080000E+00 8.730985915E+00
1.425000000E-01 3.033580000E+00 9.185220000E+00 8.700350877E+00
1.430000000E-01 3.033740000E+00 9.173930000E+00 8.669930070E+00
1.440000000E-01 3.032150000E+00 9.322090000E+00 8.609722222E+00
1.450000000E-01 3.099000000E+00 9.418180000E+00 8.550344828E+00
1.455000000E-01 3.162880000E+00 9.498440000E+00 8.520962199E+00
1.460000000E-01 3.222590000E+00 9.519970000E+00 8.491780822E+00
1.465000000E-01 3.280490000E+00 9.579950000E+00 8.462798635E+00
1.470000000E-01 3.341720000E+00 9.608620000E+00 8.434013605E+00
1.475000000E-01 3.414790000E+00 9.662580000E+00 8.405423729E+00
1.480000000E-01 3.481510000E+00 9.673500000E+00 8.377027027E+00
1.485000000E-01 3.561990000E+00 9.711130000E+00 8.348821549E+00
1.495000000E-01 3.682560000E+00 9.718350000E+00 8.292976589E+00
1.500000000E-01 3.702540000E+00 9.699790000E+00 8.265333333E+00
1.505000000E-01 3.683730000E+00 9.740960000E+00 8.237873754E+00
1.510000000E-01 3.692070000E+00 9.847100000E+00 8.210596026E+00
1.515000000E-01 3.769040000E+00 1.000370000E+01 8.183498350E+00
1.520000000E-01 3.949000000E+00 1.011800000E+01 8.156578947E+00
1.525000000E-01 4.151470000E+00 1.014310000E+01 8.129836066E+00
1.535000000E-01 4.474020000E+00 9.964240000E+00 8.076872964E+00
1.545000000E-01 4.522140000E+00 9.691320000E+00 8.024595469E+00
1.550000000E-01 4.477880000E+00 9.641670000E+00 7.998709677E+00
1.555000000E-01 4.416640000E+00 9.636440000E+00 7.972990354E+00
1.560000000E-01 4.381770000E+00 9.661280000E+00 7.947435897E+00
1.565000000E-01 4.359290000E+00 9.732880000E+00 7.922044728E+00
1.575000000E-01 4.390200000E+00 9.798550000E+00 7.871746032E+00
1.580000000E-01 4.367370000E+00 9.870360000E+00 7.846835443E+00
1.585000000E-01 4.429510000E+00 9.996280000E+00 7.822082019E+00
1.590000000E-01 4.486630000E+00 9.998410000E+00 7.797484277E+00
1.600000000E-01 4.579540000E+00 1.010710000E+01 7.748750000E+00
1.625000000E-01 4.845890000E+00 1.050190000E+01 7.629538462E+00
1.635000000E-01 5.054090000E+00 1.063360000E+01 7.582874618E+00
1.645000000E-01 5.275830000E+00 1.073240000E+01 7.536778116E+00
1.655000000E-01 5.507950000E+00 1.076560000E+01 7.491238671E+00
1.665000000E-01 5.733890000E+00 1.082390000E+01 7.446246246E+00
1.670000000E-01 5.796950000E+00 1.078000000E+01 7.423952096E+00
1.675000000E-01 5.864890000E+00 1.090150000E+01 7.401791045E+00
1.690000000E-01 6.355220000E+00 1.095200000E+01 7.336094675E+00
1.700000000E-01 6.666440000E+00 1.092100000E+01 7.292941176E+00
1.715000000E-01 7.133980000E+00 1.075540000E+01 7.229154519E+00
1.720000000E-01 7.242790000E+00 1.054950000E+01 7.208139535E+00
1.725000000E-01 7.292810000E+00 1.053690000E+01 7.187246377E+00
1.730000000E-01 7.383430000E+00 1.043910000E+01 7.166473988E+00
1.735000000E-01 7.523030000E+00 1.042080000E+01 7.145821326E+00
1.740000000E-01 7.606000000E+00 1.019230000E+01 7.125287356E+00
1.745000000E-01 7.642120000E+00 1.012490000E+01 7.104871060E+00
1.750000000E-01 7.668420000E+00 9.980380000E+00 7.084571429E+00
1.760000000E-01 7.685910000E+00 9.825840000E+00 7.044318182E+00
1.765000000E-01 7.673320000E+00 9.725460000E+00 7.024362606E+00
1.770000000E-01 7.685630000E+00 9.661450000E+00 7.004519774E+00
1.780000000E-01 7.675110000E+00 9.605420000E+00 6.965168539E+00
1.785000000E-01 7.697400000E+00 9.515650000E+00 6.945658263E+00
1.790000000E-01 7.640950000E+00 9.492830000E+00 6.926256983E+00
1.795000000E-01 7.639250000E+00 9.437040000E+00 6.906963788E+00
1.799900000E-01 7.553980000E+00 9.497650000E+00 6.888160453E+00
1.829010000E-01 7.851490000E+00 9.420720000E+00 6.778530462E+00
1.858590000E-01 7.948470000E+00 9.344420000E+00 6.670648180E+00
1.888660000E-01 8.105740000E+00 9.266400000E+00 6.564442515E+00
1.919200000E-01 8.270050000E+00 9.179180000E+00 6.459983326E+00
1.950250000E-01 8.432020000E+00 9.092780000E+00 6.357133701E+00
1.981790000E-01 8.591280000E+00 9.007190000E+00 6.255960521E+00
2.013840000E-01 8.742510000E+00 8.922410000E+00 6.156397728E+00
2.046410000E-01 8.886460000E+00 8.850100000E+00 6.058414492E+00
2.079510000E-01 9.039600000E+00 8.785330000E+00 5.961981428E+00
2.113150000E-01 9.198610000E+00 8.721040000E+00 5.867070487E+00
2.147330000E-01 9.360850000E+00 8.657220000E+00 5.773681735E+00
2.182060000E-01 9.536680000E+00 8.593860000E+00 5.681786935E+00
2.217350000E-01 9.725090000E+00 8.523130000E+00 5.591359055E+00
2.253220000E-01 9.904510000E+00 8.411150000E+00 5.502347751E+00
2.289660000E-01 1.006440000E+01 8.300650000E+00 5.414777740E+00
2.326690000E-01 1.021420000E+01 8.191590000E+00 5.328599856E+00
2.364320000E-01 1.035740000E+01 8.083970000E+00 5.243791027E+00
2.402570000E-01 1.049580000E+01 7.977760000E+00 5.160307504E+00
2.441430000E-01 1.063140000E+01 7.872950000E+00 5.078171400E+00
2.480910000E-01 1.077160000E+01 7.769520000E+00 4.997359840E+00
2.521040000E-01 1.090630000E+01 7.650240000E+00 4.917811697E+00
2.561820000E-01 1.102830000E+01 7.530050000E+00 4.839528148E+00
2.603250000E-01 1.114260000E+01 7.411740000E+00 4.762508403E+00
2.645360000E-01 1.125090000E+01 7.295290000E+00 4.686696707E+00
2.688140000E-01 1.135430000E+01 7.180670000E+00 4.612110976E+00
2.731620000E-01 1.145350000E+01 7.067840000E+00 4.538698648E+00
2.775800000E-01 1.154890000E+01 6.956800000E+00 4.466460120E+00
2.820700000E-01 1.164110000E+01 6.847500000E+00 4.395362853E+00
2.866320000E-01 1.173060000E+01 6.739910000E+00 4.325406793E+00
2.912680000E-01 1.181810000E+01 6.634020000E+00 4.256560968E+00
2.959790000E-01 1.190570000E+01 6.529790000E+00 4.188810693E+00
3.007670000E-01 1.199180000E+01 6.421570000E+00 4.122127760E+00
3.056310000E-01 1.207330000E+01 6.310710000E+00 4.056525680E+00
3.105750000E-01 1.214860000E+01 6.201750000E+00 3.991950415E+00
3.155980000E-01 1.222030000E+01 6.094690000E+00 3.928415262E+00
3.207020000E-01 1.228890000E+01 5.989470000E+00 3.865894195E+00
3.258900000E-01 1.235510000E+01 5.886070000E+00 3.804351161E+00
3.311610000E-01 1.241910000E+01 5.784450000E+00 3.743798334E+00
3.365170000E-01 1.248120000E+01 5.684590000E+00 3.684212090E+00
3.419600000E-01 1.254200000E+01 5.586450000E+00 3.625570242E+00
3.474910000E-01 1.260180000E+01 5.490000000E+00 3.567862189E+00
3.531110000E-01 1.266140000E+01 5.395230000E+00 3.511077253E+00
3.588220000E-01 1.272220000E+01 5.302080000E+00 3.455195055E+00
3.646260000E-01 1.278890000E+01 5.210550000E+00 3.400196366E+00
3.705230000E-01 1.285760000E+01 5.100560000E+00 3.346081080E+00
3.765160000E-01 1.291420000E+01 4.987680000E+00 3.292821553E+00
3.826060000E-01 1.296080000E+01 4.877310000E+00 3.240409194E+00
3.887950000E-01 1.300270000E+01 4.769370000E+00 3.188827017E+00
3.950830000E-01 1.304070000E+01 4.663820000E+00 3.138074784E+00
4.014730000E-01 1.307530000E+01 4.560610000E+00 3.088127969E+00
4.079670000E-01 1.310690000E+01 4.459670000E+00 3.038971289E+00
4.145650000E-01 1.313600000E+01 4.360980000E+00 2.990604610E+00
4.212700000E-01 1.316280000E+01 4.264470000E+00 2.943005673E+00
4.280840000E-01 1.318760000E+01 4.170090000E+00 2.896160567E+00
4.350080000E-01 1.321070000E+01 4.077810000E+00 2.850062528E+00
4.420440000E-01 1.323220000E+01 3.987560000E+00 2.804698175E+00
4.491940000E-01 1.325270000E+01 3.899310000E+00 2.760054676E+00
4.564590000E-01 1.327270000E+01 3.813020000E+00 2.716125654E+00
4.638420000E-01 1.329330000E+01 3.727270000E+00 2.672892925E+00
4.713440000E-01 1.331170000E+01 3.638090000E+00 2.630350657E+00
4.789680000E-01 1.332600000E+01 3.551050000E+00 2.588481903E+00
4.867150000E-01 1.333750000E+01 3.466080000E+00 2.547281263E+00
4.945870000E-01 1.334720000E+01 3.383160000E+00 2.506737945E+00
5.025870000E-01 1.335520000E+01 3.302210000E+00 2.466836587E+00
5.107150000E-01 1.336170000E+01 3.223200000E+00 2.427577024E+00
5.189760000E-01 1.336700000E+01 3.146090000E+00 2.388935134E+00
5.273700000E-01 1.337110000E+01 3.070810000E+00 2.350911125E+00
5.359000000E-01 1.337420000E+01 2.997340000E+00 2.313491323E+00
5.445670000E-01 1.337640000E+01 2.925630000E+00 2.276671190E+00
5.533750000E-01 1.337790000E+01 2.855630000E+00 2.240433702E+00
5.623260000E-01 1.337890000E+01 2.787300000E+00 2.204770898E+00
5.714210000E-01 1.337970000E+01 2.720610000E+00 2.169678748E+00
5.806630000E-01 1.338150000E+01 2.655520000E+00 2.135145515E+00
5.900550000E-01 1.338320000E+01 2.588130000E+00 2.101160061E+00
5.995990000E-01 1.338230000E+01 2.520060000E+00 2.067715256E+00
6.092970000E-01 1.337860000E+01 2.453780000E+00 2.034804045E+00
6.191510000E-01 1.337310000E+01 2.389250000E+00 2.002419442E+00
6.291660000E-01 1.336630000E+01 2.326410000E+00 1.970545134E+00
6.393420000E-01 1.335820000E+01 2.265220000E+00 1.939181221E+00
6.496830000E-01 1.334910000E+01 2.205650000E+00 1.908315286E+00
6.601910000E-01 1.333900000E+01 2.147640000E+00 1.877941384E+00
6.708690000E-01 1.332780000E+01 2.091150000E+00 1.848050812E+00
6.817200000E-01 1.331580000E+01 2.036160000E+00 1.818635217E+00
6.927460000E-01 1.330060000E+01 1.982610000E+00 1.789689150E+00
7.039510000E-01 1.328450000E+01 1.933920000E+00 1.761202129E+00
7.153360000E-01 1.327060000E+01 1.888120000E+00 1.733171545E+00
7.269060000E-01 1.325780000E+01 1.843390000E+00 1.705585041E+00
7.386640000E-01 1.324530000E+01 1.799730000E+00 1.678435662E+00
7.506110000E-01 1.323320000E+01 1.757100000E+00 1.651721065E+00
7.627510000E-01 1.322150000E+01 1.715480000E+00 1.625432153E+00
7.750880000E-01 1.321020000E+01 1.674840000E+00 1.599560308E+00
7.876250000E-01 1.319960000E+01 1.635170000E+00 1.574099349E+00
8.003640000E-01 1.319120000E+01 1.595080000E+00 1.549045184E+00
8.133090000E-01 1.318070000E+01 1.552560000E+00 1.524389869E+00
8.264640000E-01 1.316850000E+01 1.511180000E+00 1.500125837E+00
8.398310000E-01 1.315550000E+01 1.470890000E+00 1.476249388E+00
8.534150000E-01 1.314180000E+01 1.431680000E+00 1.452751592E+00
8.672180000E-01 1.312780000E+01 1.393520000E+00 1.429628998E+00
8.812450000E-01 1.311360000E+01 1.356370000E+00 1.406873230E+00
8.954980000E-01 1.310010000E+01 1.320210000E+00 1.384481037E+00
9.099820000E-01 1.308740000E+01 1.281960000E+00 1.362444532E+00
9.247000000E-01 1.307170000E+01 1.243080000E+00 1.340759165E+00
9.396560000E-01 1.305420000E+01 1.205380000E+00 1.319419021E+00
9.548550000E-01 1.303530000E+01 1.168820000E+00 1.298417037E+00
9.702990000E-01 1.301540000E+01 1.133370000E+00 1.277750467E+00
9.859920000E-01 1.299460000E+01 1.098990000E+00 1.257413853E+00
1.001940000E+00 1.297290000E+01 1.065610000E+00 1.237399445E+00
1.018150000E+00 1.295020000E+01 1.033180000E+00 1.217698767E+00
1.034610000E+00 1.292660000E+01 1.001740000E+00 1.198325939E+00
1.051350000E+00 1.290200000E+01 9.712490000E-01 1.179245732E+00
1.068350000E+00 1.287610000E+01 9.416880000E-01 1.160481116E+00
1.085630000E+00 1.284870000E+01 9.130280000E-01 1.142009709E+00
1.103190000E+00 1.281920000E+01 8.875470000E-01 1.123831797E+00
1.121030000E+00 1.279110000E+01 8.644070000E-01 1.105947209E+00
1.139170000E+00 1.276320000E+01 8.418170000E-01 1.088336245E+00
1.157590000E+00 1.273500000E+01 8.198260000E-01 1.071018236E+00
1.176310000E+00 1.270630000E+01 7.984110000E-01 1.053973867E+00
1.195340000E+00 1.267710000E+01 7.775310000E-01 1.037194438E+00
1.214670000E+00 1.264700000E+01 7.571390000E-01 1.020688747E+00
1.234320000E+00 1.261590000E+01 7.372340000E-01 1.004439691E+00
1.254280000E+00 1.258370000E+01 7.178560000E-01 9.884555283E-01
1.274570000E+00 1.255030000E+01 6.989890000E-01 9.727202115E-01
1.295190000E+00 1.251560000E+01 6.806090000E-01 9.572340738E-01
1.316130000E+00 1.247920000E+01 6.625520000E-01 9.420042093E-01
1.337420000E+00 1.244090000E+01 6.449540000E-01 9.270087183E-01
1.359050000E+00 1.240060000E+01 6.278060000E-01 9.122548839E-01
1.381040000E+00 1.235790000E+01 6.111170000E-01 8.977292475E-01
1.403370000E+00 1.231250000E+01 5.948140000E-01 8.834448506E-01
1.426070000E+00 1.226400000E+01 5.788920000E-01 8.693822884E-01
1.449140000E+00 1.221200000E+01 5.633570000E-01 8.555419076E-01
1.472580000E+00 1.215590000E+01 5.482400000E-01 8.419236985E-01
1.496390000E+00 1.209500000E+01 5.335190000E-01 8.285273224E-01
1.520600000E+00 1.202840000E+01 5.185120000E-01 8.153360516E-01
1.545190000E+00 1.195460000E+01 5.038840000E-01 8.023608747E-01
1.570180000E+00 1.187210000E+01 4.896270000E-01 7.895910023E-01
1.595580000E+00 1.177900000E+01 4.757810000E-01 7.770215220E-01
1.621390000E+00 1.167270000E+01 4.623220000E-01 7.646525512E-01
1.647610000E+00 1.154930000E+01 4.492400000E-01 7.524839009E-01
1.674260000E+00 1.140290000E+01 4.365290000E-01 7.405062535E-01
1.701340000E+00 1.122430000E+01 4.241800000E-01 7.287197150E-01
1.728860000E+00 1.099820000E+01 4.121810000E-01 7.171199519E-01
1.756820000E+00 1.069350000E+01 3.999950000E-01 7.057069022E-01
1.785240000E+00 1.023770000E+01 3.880660000E-01 6.944724519E-01
1.814110000E+00 9.379420000E+00 3.764000000E-01 6.834205203E-01
1.815000000E+00 9.334350000E+00 3.760490000E-01 6.830853994E-01
1.838800000E+00 2.820130000E+00 3.668430000E-01 6.742440722E-01
1.839000000E+00 2.822040000E+00 2.266080000E+00 6.741707450E-01
1.838900000E+00 7.969570000E+00 4.157730000E+00 6.742074066E-01
1.860000000E+00 9.348660000E+00 4.092220000E+00 6.665591398E-01
1.890080000E+00 1.048590000E+01 4.001840000E+00 6.559510709E-01
1.920650000E+00 1.110170000E+01 3.913400000E+00 6.455106344E-01
1.951720000E+00 1.153050000E+01 3.826870000E+00 6.352345623E-01
1.983290000E+00 1.186090000E+01 3.742240000E+00 6.251229018E-01
2.015370000E+00 1.213010000E+01 3.658960000E+00 6.151724001E-01
2.047960000E+00 1.235710000E+01 3.576980000E+00 6.053829176E-01
2.081090000E+00 1.255330000E+01 3.496640000E+00 5.957454988E-01
2.114750000E+00 1.272540000E+01 3.415230000E+00 5.862631517E-01
2.148950000E+00 1.287750000E+01 3.335210000E+00 5.769329207E-01
2.183710000E+00 1.301310000E+01 3.256410000E+00 5.677493806E-01
2.219030000E+00 1.313500000E+01 3.178680000E+00 5.587125906E-01
2.254920000E+00 1.324520000E+01 3.102450000E+00 5.498199493E-01
2.291390000E+00 1.334530000E+01 3.027410000E+00 5.410689581E-01
2.328450000E+00 1.343690000E+01 2.953590000E+00 5.324572140E-01
2.366110000E+00 1.352050000E+01 2.881210000E+00 5.239824015E-01
2.404380000E+00 1.359720000E+01 2.809930000E+00 5.156422862E-01
2.443270000E+00 1.366760000E+01 2.740110000E+00 5.074347084E-01
2.482790000E+00 1.373240000E+01 2.671520000E+00 4.993575776E-01
2.522950000E+00 1.379210000E+01 2.604240000E+00 4.914088666E-01
2.563750000E+00 1.384720000E+01 2.538440000E+00 4.835884934E-01
2.605220000E+00 1.389810000E+01 2.473740000E+00 4.758907117E-01
2.647360000E+00 1.394490000E+01 2.410450000E+00 4.683156050E-01
2.690180000E+00 1.398820000E+01 2.348540000E+00 4.608613550E-01
2.733690000E+00 1.402820000E+01 2.287690000E+00 4.535261862E-01
2.777900000E+00 1.406510000E+01 2.228270000E+00 4.463083624E-01
2.822830000E+00 1.409910000E+01 2.170140000E+00 4.392046280E-01
2.868490000E+00 1.413050000E+01 2.113200000E+00 4.322134642E-01
2.914890000E+00 1.415940000E+01 2.057560000E+00 4.253333745E-01
2.962030000E+00 1.418590000E+01 2.003070000E+00 4.185642954E-01
3.009940000E+00 1.421040000E+01 1.949880000E+00 4.119018984E-01
3.058620000E+00 1.423290000E+01 1.897880000E+00 4.053462019E-01
3.108090000E+00 1.425350000E+01 1.847030000E+00 3.988944979E-01
3.158370000E+00 1.427230000E+01 1.797420000E+00 3.925442554E-01
3.209450000E+00 1.428940000E+01 1.748900000E+00 3.862967175E-01
3.261360000E+00 1.430510000E+01 1.701540000E+00 3.801481591E-01
3.314110000E+00 1.431940000E+01 1.655340000E+00 3.740974198E-01
3.367710000E+00 1.433220000E+01 1.610150000E+00 3.681433378E-01
3.422180000E+00 1.434380000E+01 1.566120000E+00 3.622836905E-01
3.477530000E+00 1.435420000E+01 1.523140000E+00 3.565174132E-01
3.533780000E+00 1.436350000E+01 1.481190000E+00 3.508424407E-01
3.590940000E+00 1.437180000E+01 1.440320000E+00 3.452577877E-01
3.649020000E+00 1.437910000E+01 1.400390000E+00 3.397624568E-01
3.708040000E+00 1.438550000E+01 1.361490000E+00 3.343545377E-01
3.768010000E+00 1.439100000E+01 1.323590000E+00 3.290330970E-01
3.828960000E+00 1.439570000E+01 1.286580000E+00 3.237954954E-01
3.890890000E+00 1.439970000E+01 1.250560000E+00 3.186417503E-01
3.953820000E+00 1.440290000E+01 1.215430000E+00 3.135701676E-01
4.017770000E+00 1.440550000E+01 1.181200000E+00 3.085791372E-01
4.082750000E+00 1.440750000E+01 1.147880000E+00 3.036678709E-01
4.148790000E+00 1.440890000E+01 1.115370000E+00 2.988341179E-01
4.215890000E+00 1.440970000E+01 1.083750000E+00 2.940778815E-01
4.284080000E+00 1.441010000E+01 1.052950000E+00 2.893970234E-01
4.353370000E+00 1.441000000E+01 1.022940000E+00 2.847908632E-01
4.423780000E+00 1.440940000E+01 9.937440000E-01 2.802580598E-01
4.495330000E+00 1.440850000E+01 9.652950000E-01 2.757973274E-01
4.568040000E+00 1.440710000E+01 9.376060000E-01 2.714074308E-01
4.641930000E+00 1.440540000E+01 9.106630000E-01 2.670871814E-01
4.717010000E+00 1.440340000E+01 8.844150000E-01 2.628359914E-01
4.793300000E+00 1.440110000E+01 8.588960000E-01 2.586527027E-01
4.870830000E+00 1.439840000E+01 8.340740000E-01 2.545356746E-01
4.949610000E+00 1.439560000E+01 8.099170000E-01 2.504843816E-01
5.029670000E+00 1.439250000E+01 7.864290000E-01 2.464972851E-01
5.111020000E+00 1.438910000E+01 7.635350000E-01 2.425738894E-01
5.193680000E+00 1.438560000E+01 7.412890000E-01 2.387132053E-01
5.277690000E+00 1.438180000E+01 7.196720000E-01 2.349133807E-01
5.363050000E+00 1.437790000E+01 6.986350000E-01 2.311744250E-01
5.449790000E+00 1.437390000E+01 6.781890000E-01 2.274950044E-01
5.537940000E+00 1.436970000E+01 6.582940000E-01 2.238738592E-01
5.627510000E+00 1.436540000E+01 6.389500000E-01 2.203105814E-01
5.718530000E+00 1.436090000E+01 6.201470000E-01 2.168039689E-01
5.811020000E+00 1.435640000E+01 6.018730000E-01 2.133532495E-01
5.905010000E+00 1.435170000E+01 5.841160000E-01 2.099573074E-01
6.000520000E+00 1.434700000E+01 5.668430000E-01 2.066154267E-01
6.097570000E+00 1.434220000E+01 5.500550000E-01 2.033268991E-01
6.196200000E+00 1.433740000E+01 5.337510000E-01 2.000903780E-01
6.296420000E+00 1.433250000E+01 5.179130000E-01 1.969055431E-01
6.349000000E+00 1.433000000E+01 5.098890000E-01 1.952748464E-01
6.432000000E+00 1.432590000E+01 4.975360000E-01 1.927549751E-01
6.536030000E+00 1.432090000E+01 4.827270000E-01 1.896870118E-01
6.641750000E+00 1.431590000E+01 4.683360000E-01 1.866676704E-01
6.749170000E+00 1.431090000E+01 4.543390000E-01 1.836966620E-01
6.858330000E+00 1.430590000E+01 4.407460000E-01 1.807728704E-01
6.969260000E+00 1.430080000E+01 4.275500000E-01 1.778955011E-01
7.081980000E+00 1.429580000E+01 4.147250000E-01 1.750640358E-01
7.196530000E+00 1.429070000E+01 4.022710000E-01 1.722774726E-01
7.312930000E+00 1.428570000E+01 3.901790000E-01 1.695353299E-01
7.431210000E+00 1.428060000E+01 3.784270000E-01 1.668368947E-01
7.551400000E+00 1.427560000E+01 3.670200000E-01 1.641814763E-01
7.673540000E+00 1.427060000E+01 3.559460000E-01 1.615681941E-01
7.797650000E+00 1.426570000E+01 3.451890000E-01 1.589966208E-01
7.923770000E+00 1.426070000E+01 3.347470000E-01 1.564659247E-01
8.051940000E+00 1.425580000E+01 3.246050000E-01 1.539753153E-01
8.182170000E+00 1.425100000E+01 3.147620000E-01 1.515245956E-01
8.314510000E+00 1.424610000E+01 3.052070000E-01 1.491128160E-01
8.448990000E+00 1.424140000E+01 2.959290000E-01 1.467394328E-01
8.585640000E+00 1.423660000E+01 2.869260000E-01 1.444039116E-01
8.724510000E+00 1.423190000E+01 2.781830000E-01 1.421054019E-01
8.865620000E+00 1.422730000E+01 2.696970000E-01 1.398435755E-01
9.009020000E+00 1.422270000E+01 2.614650000E-01 1.376176321E-01
9.154730000E+00 1.421810000E+01 2.534690000E-01 1.354272600E-01
9.302800000E+00 1.421360000E+01 2.457130000E-01 1.332717031E-01
9.453270000E+00 1.420910000E+01 2.381880000E-01 1.311503850E-01
9.606170000E+00 1.420470000E+01 2.308800000E-01 1.290628835E-01
9.761540000E+00 1.420040000E+01 2.237900000E-01 1.270086482E-01
9.919420000E+00 1.419610000E+01 2.169110000E-01 1.249871464E-01
1.007990000E+01 1.419190000E+01 2.102350000E-01 1.229972520E-01
1.024290000E+01 1.418770000E+01 2.037580000E-01 1.210399399E-01
1.040860000E+01 1.418360000E+01 1.974740000E-01 1.191130411E-01
1.057690000E+01 1.417950000E+01 1.913760000E-01 1.172177103E-01
1.074800000E+01 1.417560000E+01 1.854610000E-01 1.153516933E-01
1.092180000E+01 1.417160000E+01 1.797210000E-01 1.135160871E-01
1.109850000E+01 1.416770000E+01 1.741540000E-01 1.117087895E-01
1.127800000E+01 1.416390000E+01 1.687520000E-01 1.099308388E-01
1.146040000E+01 1.416020000E+01 1.635130000E-01 1.081812153E-01
1.164580000E+01 1.415650000E+01 1.584300000E-01 1.064589809E-01
1.183410000E+01 1.415280000E+01 1.535000000E-01 1.047650434E-01
1.202550000E+01 1.414920000E+01 1.487170000E-01 1.030975843E-01
1.222000000E+01 1.414570000E+01 1.440790000E-01 1.014566285E-01
1.241770000E+01 1.414230000E+01 1.395800000E-01 9.984135548E-02
1.261850000E+01 1.413890000E+01 1.352160000E-01 9.825256568E-02
1.282260000E+01 1.413550000E+01 1.309840000E-01 9.668865909E-02
1.303000000E+01 1.413220000E+01 1.268790000E-01 9.514965464E-02
1.324080000E+01 1.412900000E+01 1.228990000E-01 9.363482569E-02
1.345490000E+01 1.412580000E+01 1.190380000E-01 9.214486916E-02
1.367260000E+01 1.412270000E+01 1.152940000E-01 9.067770578E-02
1.389370000E+01 1.411970000E+01 1.116640000E-01 8.923468910E-02
1.411840000E+01 1.411670000E+01 1.081430000E-01 8.781448323E-02
1.434680000E+01 1.411370000E+01 1.047300000E-01 8.641648312E-02
1.457880000E+01 1.411080000E+01 1.014190000E-01 8.504129284E-02
1.481460000E+01 1.410800000E+01 9.820930000E-02 8.368771347E-02
1.505420000E+01 1.410520000E+01 9.509680000E-02 8.235575454E-02
1.529770000E+01 1.410250000E+01 9.207900000E-02 8.104486295E-02
1.554520000E+01 1.409980000E+01 8.915300000E-02 7.975452230E-02
1.579660000E+01 1.409720000E+01 8.631600000E-02 7.848524366E-02
1.605210000E+01 1.409460000E+01 8.356540000E-02 7.723600027E-02
1.631170000E+01 1.409210000E+01 8.089870000E-02 7.600679267E-02
1.657550000E+01 1.408960000E+01 7.831320000E-02 7.479714036E-02
1.684360000E+01 1.408720000E+01 7.580670000E-02 7.360659241E-02
1.711610000E+01 1.408480000E+01 7.337670000E-02 7.243472520E-02
1.739290000E+01 1.408250000E+01 7.102100000E-02 7.128195988E-02
1.767420000E+01 1.408020000E+01 6.873730000E-02 7.014744656E-02
1.796010000E+01 1.407800000E+01 6.652340000E-02 6.903079604E-02
1.825060000E+01 1.407580000E+01 6.437730000E-02 6.793201319E-02
1.854580000E+01 1.407360000E+01 6.229700000E-02 6.685071553E-02
1.884570000E+01 1.407150000E+01 6.028040000E-02 6.578689038E-02
1.915050000E+01 1.406950000E+01 5.832560000E-02 6.473982403E-02
1.946030000E+01 1.406750000E+01 5.643080000E-02 6.370919256E-02
1.977500000E+01 1.406550000E+01 5.459420000E-02 6.269532238E-02
2.009490000E+01 1.406360000E+01 5.281240000E-02 6.169724657E-02
2.041990000E+01 1.406170000E+01 5.108840000E-02 6.071528264E-02
2.075020000E+01 1.405980000E+01 4.941930000E-02 5.974882170E-02
2.108580000E+01 1.405800000E+01 4.780340000E-02 5.879786397E-02
2.142680000E+01 1.405620000E+01 4.623900000E-02 5.786211660E-02
2.177340000E+01 1.405450000E+01 4.472450000E-02 5.694103815E-02
2.212560000E+01 1.405280000E+01 4.325830000E-02 5.603463861E-02
2.248340000E+01 1.405110000E+01 4.183900000E-02 5.514290543E-02
2.284710000E+01 1.404950000E+01 4.046500000E-02 5.426509273E-02
2.321660000E+01 1.404790000E+01 3.913490000E-02 5.340144552E-02
2.359210000E+01 1.404630000E+01 3.784750000E-02 5.255148969E-02
2.397370000E+01 1.404480000E+01 3.660130000E-02 5.171500436E-02
2.436150000E+01 1.404330000E+01 3.539500000E-02 5.089177596E-02
2.475550000E+01 1.404190000E+01 3.422740000E-02 5.008180000E-02
2.515590000E+01 1.404050000E+01 3.309730000E-02 4.928466085E-02
2.556280000E+01 1.403910000E+01 3.200350000E-02 4.850016430E-02
2.597620000E+01 1.403770000E+01 3.094480000E-02 4.772830514E-02
2.639640000E+01 1.403640000E+01 2.992020000E-02 4.696852601E-02
2.682330000E+01 1.403510000E+01 2.892860000E-02 4.622100935E-02
2.725720000E+01 1.403380000E+01 2.796900000E-02 4.548522959E-02
2.769800000E+01 1.403260000E+01 2.704030000E-02 4.476135461E-02
2.814600000E+01 1.403140000E+01 2.614150000E-02 4.404888794E-02
2.860130000E+01 1.403020000E+01 2.527180000E-02 4.334768000E-02
2.906390000E+01 1.402910000E+01 2.443010000E-02 4.265773004E-02
2.953390000E+01 1.402790000E+01 2.361570000E-02 4.197887851E-02
3.000000000E+01 1.402690000E+01 2.284640000E-02 4.132666667E-02
