# Data retrieved from henke.lbl.gov/optical_constants 03/01/2021
# Element, Sr  (Z = 38) 
# Atomic weight*, g mol-1 = 87.62 
# Nominal density*, g cm-3 =  0 
# Relativistic correction estimate f_rel(5CL)*,  e atom-1 =  0 
# Nuclear Thomson correction f_NT*, e atom-1 =  0 
#    E [keV]      f1 [e atom-1]      f2 [e atom-1]    Wavelength [nm] 
1.000000000E-02 -9.999000000E+03 1.712620000E-01 1.239800000E+02
1.016170000E-02 -9.999000000E+03 1.748960000E-01 1.220071445E+02
1.032610000E-02 -9.999000000E+03 1.786080000E-01 1.200646904E+02
1.049310000E-02 -9.999000000E+03 1.823980000E-01 1.181538344E+02
1.066280000E-02 -9.999000000E+03 1.862690000E-01 1.162733991E+02
1.083530000E-02 -9.999000000E+03 1.906140000E-01 1.144223049E+02
1.101060000E-02 -9.999000000E+03 1.951360000E-01 1.126005849E+02
1.118860000E-02 -9.999000000E+03 1.997660000E-01 1.108092165E+02
1.136960000E-02 -9.999000000E+03 2.045050000E-01 1.090451731E+02
1.155350000E-02 -9.999000000E+03 2.093570000E-01 1.073094733E+02
1.174040000E-02 -9.999000000E+03 2.143240000E-01 1.056011720E+02
1.193030000E-02 -9.999000000E+03 2.194100000E-01 1.039202702E+02
1.212320000E-02 -9.999000000E+03 2.253850000E-01 1.022667283E+02
1.231930000E-02 -9.999000000E+03 2.315220000E-01 1.006388350E+02
1.251860000E-02 -9.999000000E+03 2.378270000E-01 9.903663349E+01
1.272100000E-02 -9.999000000E+03 2.443030000E-01 9.746089144E+01
1.292680000E-02 -9.999000000E+03 2.509550000E-01 9.590927376E+01
1.313590000E-02 -9.999000000E+03 2.580140000E-01 9.438256990E+01
1.334830000E-02 -9.999000000E+03 2.669250000E-01 9.288074137E+01
1.356420000E-02 -9.999000000E+03 2.761440000E-01 9.140236800E+01
1.378360000E-02 -9.999000000E+03 2.856810000E-01 8.994747381E+01
1.400660000E-02 -9.999000000E+03 2.955470000E-01 8.851541416E+01
1.423310000E-02 -9.999000000E+03 3.057550000E-01 8.710681440E+01
1.446330000E-02 -9.999000000E+03 3.164100000E-01 8.572040959E+01
1.469730000E-02 -9.999000000E+03 3.290670000E-01 8.435562995E+01
1.493500000E-02 -9.999000000E+03 3.422300000E-01 8.301305658E+01
1.517650000E-02 -9.999000000E+03 3.559200000E-01 8.169208974E+01
1.542200000E-02 -9.999000000E+03 3.701570000E-01 8.039164829E+01
1.567140000E-02 -9.999000000E+03 3.849640000E-01 7.911226821E+01
1.592490000E-02 -9.999000000E+03 4.003630000E-01 7.785292215E+01
1.618250000E-02 -9.999000000E+03 4.169220000E-01 7.661362583E+01
1.644420000E-02 -9.999000000E+03 4.341770000E-01 7.539436397E+01
1.671020000E-02 -9.999000000E+03 4.521470000E-01 7.419420474E+01
1.698050000E-02 -9.999000000E+03 4.708600000E-01 7.301316216E+01
1.725510000E-02 -9.999000000E+03 4.903470000E-01 7.185122080E+01
1.753420000E-02 -9.999000000E+03 5.106410000E-01 7.070753157E+01
1.781780000E-02 -9.999000000E+03 5.327030000E-01 6.958210329E+01
1.810600000E-02 -9.999000000E+03 5.605470000E-01 6.847453883E+01
1.839890000E-02 -9.999000000E+03 5.898470000E-01 6.738446320E+01
1.869640000E-02 -9.999000000E+03 6.206790000E-01 6.631223123E+01
1.899880000E-02 -9.999000000E+03 6.531220000E-01 6.525675306E+01
1.930610000E-02 -9.999000000E+03 6.872610000E-01 6.421804507E+01
1.961840000E-02 -9.999000000E+03 7.238630000E-01 6.319577539E+01
1.993570000E-02 -9.999000000E+03 7.696530000E-01 6.218994066E+01
2.025820000E-02 -9.999000000E+03 8.183410000E-01 6.119990917E+01
2.058580000E-02 -9.999000000E+03 8.701070000E-01 6.022598102E+01
2.091880000E-02 -9.999000000E+03 9.251480000E-01 5.926726198E+01
2.125710000E-02 -9.999000000E+03 9.836720000E-01 5.832404232E+01
2.160090000E-02 -9.999000000E+03 1.064310000E+00 5.739575666E+01
2.195030000E-02 -9.999000000E+03 1.167880000E+00 5.648214375E+01
2.230530000E-02 -9.999000000E+03 1.281530000E+00 5.558320220E+01
2.266610000E-02 -9.999000000E+03 2.581840000E+00 5.469842628E+01
2.303270000E-02 -9.999000000E+03 5.671610000E+00 5.382781871E+01
2.340530000E-02 -9.999000000E+03 1.233680000E+01 5.297090830E+01
2.378380000E-02 -9.999000000E+03 1.341180000E+01 5.212791900E+01
2.416850000E-02 -9.999000000E+03 1.455850000E+01 5.129817738E+01
2.455940000E-02 -9.999000000E+03 1.577820000E+01 5.048168929E+01
2.495660000E-02 -9.999000000E+03 1.689640000E+01 4.967824143E+01
2.536030000E-02 -9.999000000E+03 1.776140000E+01 4.888743430E+01
2.577050000E-02 -9.999000000E+03 1.867060000E+01 4.810927223E+01
2.618730000E-02 -9.999000000E+03 1.922980000E+01 4.734355966E+01
2.661090000E-02 -9.999000000E+03 1.977470000E+01 4.658993119E+01
2.704130000E-02 -9.999000000E+03 2.033500000E+01 4.584838747E+01
2.747860000E-02 -9.999000000E+03 2.045600000E+01 4.511874695E+01
2.792310000E-02 -9.999000000E+03 2.038820000E+01 4.440051427E+01
2.837470000E-02 -9.999000000E+03 2.032070000E+01 4.369385403E+01
2.883370000E-02 -9.999000000E+03 2.008750000E+01 4.299829713E+01
2.930000000E-02 5.581410000E+00 1.978090000E+01 4.231399317E+01
2.977390000E-02 6.607300000E+00 1.947900000E+01 4.164049721E+01
3.025550000E-02 7.630840000E+00 1.918170000E+01 4.097767348E+01
3.074490000E-02 8.770900000E+00 1.874450000E+01 4.032538730E+01
3.124210000E-02 9.691250000E+00 1.806430000E+01 3.968363202E+01
3.174750000E-02 1.044290000E+01 1.740870000E+01 3.905189385E+01
3.226090000E-02 1.109180000E+01 1.677690000E+01 3.843042197E+01
3.278270000E-02 1.166980000E+01 1.616810000E+01 3.781872756E+01
3.331300000E-02 1.219500000E+01 1.558130000E+01 3.721670219E+01
3.385180000E-02 1.268430000E+01 1.501590000E+01 3.662434494E+01
3.439930000E-02 1.316130000E+01 1.447090000E+01 3.604143108E+01
3.495570000E-02 1.368620000E+01 1.392920000E+01 3.546774918E+01
3.552110000E-02 1.413620000E+01 1.317510000E+01 3.490319838E+01
3.609560000E-02 1.444270000E+01 1.246180000E+01 3.434767673E+01
3.667940000E-02 1.466430000E+01 1.178720000E+01 3.380098911E+01
3.727270000E-02 1.483030000E+01 1.114910000E+01 3.326295117E+01
3.787550000E-02 1.495220000E+01 1.054550000E+01 3.273356127E+01
3.848820000E-02 1.503860000E+01 9.974650000E+00 3.221247032E+01
3.911070000E-02 1.509580000E+01 9.434670000E+00 3.169976503E+01
3.974320000E-02 1.512910000E+01 8.923920000E+00 3.119527366E+01
4.038610000E-02 1.514310000E+01 8.440810000E+00 3.069868098E+01
4.103930000E-02 1.514210000E+01 7.983860000E+00 3.021006694E+01
4.170310000E-02 1.513040000E+01 7.551650000E+00 2.972920478E+01
4.237760000E-02 1.511600000E+01 7.142840000E+00 2.925602205E+01
4.306300000E-02 1.511540000E+01 6.756160000E+00 2.879037689E+01
4.375950000E-02 1.512070000E+01 6.316300000E+00 2.833213359E+01
4.446730000E-02 1.505830000E+01 5.877740000E+00 2.788116211E+01
4.518650000E-02 1.496200000E+01 5.469650000E+00 2.743739834E+01
4.591740000E-02 1.484470000E+01 5.089880000E+00 2.700065770E+01
4.666000000E-02 1.471270000E+01 4.736480000E+00 2.657093871E+01
4.741470000E-02 1.456980000E+01 4.407620000E+00 2.614800895E+01
4.818160000E-02 1.441890000E+01 4.101590000E+00 2.573181463E+01
4.896090000E-02 1.426190000E+01 3.816820000E+00 2.532224694E+01
4.975280000E-02 1.410060000E+01 3.551810000E+00 2.491920053E+01
5.055760000E-02 1.393590000E+01 3.305200000E+00 2.452252480E+01
5.137530000E-02 1.376830000E+01 3.075720000E+00 2.413221918E+01
5.220620000E-02 1.359820000E+01 2.865070000E+00 2.374813719E+01
5.305060000E-02 1.343050000E+01 2.670440000E+00 2.337014096E+01
5.390870000E-02 1.326430000E+01 2.489030000E+00 2.299814316E+01
5.478060000E-02 1.309910000E+01 2.319940000E+00 2.263209968E+01
5.566670000E-02 1.293500000E+01 2.162330000E+00 2.227184295E+01
5.656700000E-02 1.277200000E+01 2.015440000E+00 2.191737232E+01
5.748200000E-02 1.261020000E+01 1.878520000E+00 2.156849101E+01
5.841170000E-02 1.244930000E+01 1.750910000E+00 2.122519975E+01
5.935640000E-02 1.228890000E+01 1.631960000E+00 2.088738535E+01
6.031650000E-02 1.212940000E+01 1.523300000E+00 2.055490620E+01
6.129210000E-02 1.197240000E+01 1.422350000E+00 2.022772919E+01
6.228340000E-02 1.181660000E+01 1.328100000E+00 1.990578549E+01
6.329080000E-02 1.166120000E+01 1.240100000E+00 1.958894500E+01
6.431450000E-02 1.150540000E+01 1.157920000E+00 1.927714590E+01
6.535470000E-02 1.134720000E+01 1.081190000E+00 1.897032654E+01
6.641180000E-02 1.118050000E+01 1.009550000E+00 1.866836918E+01
6.748590000E-02 1.101360000E+01 9.692120000E-01 1.837124496E+01
6.857750000E-02 1.086170000E+01 9.346700000E-01 1.807881594E+01
6.968670000E-02 1.071740000E+01 9.013570000E-01 1.779105626E+01
7.081380000E-02 1.057460000E+01 8.692340000E-01 1.750788688E+01
7.195910000E-02 1.043130000E+01 8.420440000E-01 1.722923161E+01
7.312300000E-02 1.028200000E+01 8.238730000E-01 1.695499364E+01
7.430570000E-02 1.014430000E+01 8.174430000E-01 1.668512644E+01
7.550760000E-02 1.000940000E+01 8.110640000E-01 1.641953923E+01
7.672890000E-02 9.878870000E+00 8.167390000E-01 1.615818811E+01
7.796990000E-02 9.756280000E+00 8.231150000E-01 1.590100795E+01
7.923100000E-02 9.638490000E+00 8.295410000E-01 1.564791559E+01
8.051250000E-02 9.522580000E+00 8.360170000E-01 1.539885111E+01
8.181470000E-02 9.408910000E+00 8.458420000E-01 1.515375599E+01
8.313800000E-02 9.297990000E+00 8.559110000E-01 1.491255503E+01
8.448270000E-02 9.188640000E+00 8.660990000E-01 1.467519386E+01
8.584910000E-02 9.079600000E+00 8.764090000E-01 1.444161907E+01
8.723770000E-02 8.968700000E+00 8.878950000E-01 1.421174561E+01
8.864870000E-02 8.859410000E+00 9.030270000E-01 1.398554068E+01
9.008250000E-02 8.751470000E+00 9.184150000E-01 1.376293953E+01
9.153950000E-02 8.643630000E+00 9.340670000E-01 1.354387996E+01
9.302010000E-02 8.535380000E+00 9.499850000E-01 1.332830216E+01
9.452460000E-02 8.426360000E+00 9.661750000E-01 1.311616235E+01
9.605350000E-02 8.316750000E+00 9.826390000E-01 1.290739015E+01
9.760710000E-02 8.205360000E+00 9.971540000E-01 1.270194484E+01
9.918580000E-02 8.090190000E+00 1.011320000E+00 1.249977315E+01
1.007900000E-01 7.971260000E+00 1.025690000E+00 1.230082349E+01
1.024200000E-01 7.848160000E+00 1.040260000E+00 1.210505761E+01
1.040770000E-01 7.720300000E+00 1.055050000E+00 1.191233414E+01
1.057600000E-01 7.586910000E+00 1.070040000E+00 1.172276853E+01
1.074710000E-01 7.446860000E+00 1.085240000E+00 1.153613533E+01
1.092090000E-01 7.299030000E+00 1.101900000E+00 1.135254420E+01
1.109750000E-01 7.143680000E+00 1.119540000E+00 1.117188556E+01
1.127700000E-01 6.978970000E+00 1.137460000E+00 1.099405870E+01
1.145940000E-01 6.802220000E+00 1.155670000E+00 1.081906557E+01
1.164480000E-01 6.608270000E+00 1.174170000E+00 1.064681231E+01
1.183310000E-01 6.395770000E+00 1.202640000E+00 1.047738970E+01
1.202450000E-01 6.164480000E+00 1.235460000E+00 1.031061583E+01
1.221900000E-01 5.910590000E+00 1.284420000E+00 1.014649317E+01
1.241660000E-01 5.623480000E+00 1.339150000E+00 9.985020054E+00
1.261750000E-01 5.299740000E+00 1.445410000E+00 9.826035268E+00
1.282150000E-01 4.900590000E+00 1.576520000E+00 9.669695433E+00
1.302890000E-01 4.604390000E+00 1.994850000E+00 9.515768791E+00
1.323970000E-01 4.563250000E+00 2.214660000E+00 9.364260519E+00
1.345380000E-01 4.378060000E+00 2.285530000E+00 9.215240304E+00
1.367140000E-01 4.077430000E+00 2.419050000E+00 9.068566496E+00
1.389250000E-01 3.719980000E+00 2.575570000E+00 8.924239698E+00
1.411720000E-01 3.341080000E+00 2.868180000E+00 8.782194770E+00
1.434560000E-01 2.978610000E+00 3.203280000E+00 8.642371180E+00
1.457760000E-01 2.616500000E+00 3.620920000E+00 8.504829327E+00
1.481340000E-01 2.324050000E+00 4.125500000E+00 8.369449282E+00
1.505300000E-01 2.129730000E+00 4.627360000E+00 8.236231980E+00
1.529640000E-01 1.938040000E+00 5.131250000E+00 8.105175074E+00
1.554390000E-01 1.770180000E+00 5.689990000E+00 7.976119249E+00
1.579530000E-01 1.694560000E+00 6.309590000E+00 7.849170323E+00
1.605070000E-01 1.721490000E+00 6.837080000E+00 7.724273708E+00
1.631030000E-01 1.722340000E+00 7.339100000E+00 7.601331674E+00
1.657420000E-01 1.727330000E+00 7.877960000E+00 7.480300708E+00
1.684220000E-01 1.822470000E+00 8.417800000E+00 7.361271093E+00
1.711460000E-01 1.898220000E+00 8.894480000E+00 7.244107370E+00
1.739150000E-01 1.974730000E+00 9.398160000E+00 7.128769801E+00
1.767270000E-01 2.081110000E+00 9.930350000E+00 7.015340044E+00
1.795860000E-01 2.272110000E+00 1.049270000E+01 6.903656187E+00
1.824910000E-01 2.490290000E+00 1.092330000E+01 6.793759692E+00
1.854420000E-01 2.683760000E+00 1.136080000E+01 6.685648343E+00
1.884420000E-01 2.875960000E+00 1.181570000E+01 6.579212702E+00
1.914890000E-01 3.112750000E+00 1.228890000E+01 6.474523341E+00
1.945870000E-01 3.365720000E+00 1.269060000E+01 6.371443108E+00
1.977340000E-01 3.605710000E+00 1.309680000E+01 6.270039548E+00
2.009320000E-01 3.852440000E+00 1.351610000E+01 6.170246651E+00
2.041820000E-01 4.111250000E+00 1.392880000E+01 6.072033774E+00
2.074850000E-01 4.382890000E+00 1.435280000E+01 5.975371714E+00
2.108400000E-01 4.683020000E+00 1.478980000E+01 5.880288370E+00
2.142510000E-01 5.071490000E+00 1.524000000E+01 5.786670774E+00
2.177160000E-01 5.462850000E+00 1.555400000E+01 5.694574583E+00
2.212370000E-01 5.813900000E+00 1.587090000E+01 5.603945091E+00
2.248160000E-01 6.157960000E+00 1.619420000E+01 5.514732048E+00
2.284520000E-01 6.509220000E+00 1.652410000E+01 5.426960587E+00
2.321470000E-01 6.890360000E+00 1.685110000E+01 5.340581614E+00
2.359020000E-01 7.264120000E+00 1.714270000E+01 5.255572229E+00
2.397170000E-01 7.633250000E+00 1.743930000E+01 5.171931903E+00
2.435950000E-01 8.006300000E+00 1.774100000E+01 5.089595435E+00
2.475350000E-01 8.389480000E+00 1.804800000E+01 5.008584645E+00
2.515380000E-01 8.786730000E+00 1.836020000E+01 4.928877545E+00
2.556070000E-01 9.201000000E+00 1.867890000E+01 4.850414895E+00
2.597410000E-01 9.643370000E+00 1.900880000E+01 4.773216396E+00
2.639420000E-01 1.012350000E+01 1.934440000E+01 4.697244092E+00
2.682110000E-01 1.065820000E+01 1.968600000E+01 4.622480062E+00
2.725490000E-01 1.131460000E+01 2.002290000E+01 4.548906802E+00
2.769570000E-01 1.196720000E+01 2.015980000E+01 4.476507183E+00
2.814370000E-01 1.259060000E+01 2.029770000E+01 4.405248777E+00
2.859890000E-01 1.323340000E+01 2.043640000E+01 4.335131771E+00
2.906150000E-01 1.400560000E+01 2.048470000E+01 4.266125286E+00
2.953150000E-01 1.464050000E+01 2.033310000E+01 4.198229010E+00
3.000920000E-01 1.517370000E+01 2.018260000E+01 4.131399704E+00
3.049450000E-01 1.563270000E+01 2.003320000E+01 4.065651183E+00
3.098780000E-01 1.602720000E+01 1.992670000E+01 4.000929398E+00
3.148900000E-01 1.643140000E+01 1.986520000E+01 3.937247928E+00
3.199830000E-01 1.683730000E+01 1.980380000E+01 3.874580837E+00
3.251580000E-01 1.723850000E+01 1.974280000E+01 3.812915567E+00
3.304180000E-01 1.763460000E+01 1.968210000E+01 3.752216889E+00
3.357620000E-01 1.802620000E+01 1.962150000E+01 3.692496471E+00
3.411920000E-01 1.841380000E+01 1.956100000E+01 3.633731154E+00
3.467110000E-01 1.879880000E+01 1.950080000E+01 3.575888853E+00
3.523190000E-01 1.918260000E+01 1.944080000E+01 3.518970024E+00
3.580170000E-01 1.956640000E+01 1.938080000E+01 3.462964049E+00
3.638080000E-01 1.995210000E+01 1.932090000E+01 3.407841499E+00
3.696920000E-01 2.034240000E+01 1.926120000E+01 3.353602458E+00
3.756720000E-01 2.074080000E+01 1.920160000E+01 3.300219340E+00
3.817480000E-01 2.115550000E+01 1.914240000E+01 3.247692195E+00
3.879220000E-01 2.160530000E+01 1.906740000E+01 3.196003320E+00
3.941970000E-01 2.208160000E+01 1.895730000E+01 3.145127944E+00
4.005730000E-01 2.255180000E+01 1.875840000E+01 3.095066318E+00
4.070520000E-01 2.295830000E+01 1.852660000E+01 3.045802502E+00
4.136350000E-01 2.332710000E+01 1.829770000E+01 2.997328563E+00
4.203260000E-01 2.367180000E+01 1.807170000E+01 2.949615299E+00
4.271240000E-01 2.399860000E+01 1.784850000E+01 2.902669951E+00
4.340320000E-01 2.431060000E+01 1.762760000E+01 2.856471412E+00
4.410520000E-01 2.461070000E+01 1.740970000E+01 2.811006412E+00
4.481860000E-01 2.490710000E+01 1.719280000E+01 2.766262221E+00
4.554350000E-01 2.519240000E+01 1.696940000E+01 2.722232591E+00
4.628020000E-01 2.546530000E+01 1.674190000E+01 2.678899400E+00
4.702870000E-01 2.572350000E+01 1.651390000E+01 2.636262538E+00
4.778940000E-01 2.596990000E+01 1.628990000E+01 2.594299154E+00
4.856230000E-01 2.620720000E+01 1.606820000E+01 2.553009227E+00
4.934780000E-01 2.643610000E+01 1.584930000E+01 2.512371372E+00
5.014590000E-01 2.665800000E+01 1.563340000E+01 2.472385579E+00
5.095700000E-01 2.687460000E+01 1.542060000E+01 2.433031772E+00
5.178120000E-01 2.708940000E+01 1.520940000E+01 2.394305269E+00
5.261870000E-01 2.730170000E+01 1.499610000E+01 2.356196561E+00
5.346980000E-01 2.750820000E+01 1.477550000E+01 2.318692047E+00
5.433460000E-01 2.770250000E+01 1.455320000E+01 2.281787296E+00
5.521340000E-01 2.789070000E+01 1.433450000E+01 2.245469397E+00
5.610650000E-01 2.807310000E+01 1.411040000E+01 2.209726146E+00
5.701390000E-01 2.824440000E+01 1.388560000E+01 2.174557432E+00
5.793610000E-01 2.840490000E+01 1.366400000E+01 2.139943835E+00
5.887320000E-01 2.855810000E+01 1.344650000E+01 2.105881793E+00
5.982540000E-01 2.870550000E+01 1.323280000E+01 2.072363912E+00
6.079300000E-01 2.884850000E+01 1.302260000E+01 2.039379534E+00
6.177630000E-01 2.898830000E+01 1.281560000E+01 2.006918511E+00
6.277550000E-01 2.912940000E+01 1.261100000E+01 1.974974313E+00
6.379080000E-01 2.927020000E+01 1.239910000E+01 1.943540448E+00
6.482260000E-01 2.940420000E+01 1.217530000E+01 1.912604555E+00
6.587110000E-01 2.951670000E+01 1.194550000E+01 1.882160765E+00
6.693650000E-01 2.960730000E+01 1.172010000E+01 1.852203208E+00
6.801910000E-01 2.968000000E+01 1.152290000E+01 1.822723323E+00
6.911930000E-01 2.976120000E+01 1.134730000E+01 1.793710295E+00
7.023720000E-01 2.986620000E+01 1.117750000E+01 1.765161481E+00
7.137330000E-01 2.997870000E+01 1.098750000E+01 1.737064140E+00
7.252770000E-01 3.007510000E+01 1.078520000E+01 1.709415851E+00
7.370080000E-01 3.016030000E+01 1.058650000E+01 1.682206977E+00
7.489280000E-01 3.023860000E+01 1.039160000E+01 1.655432832E+00
7.610420000E-01 3.031230000E+01 1.020020000E+01 1.629082232E+00
7.733510000E-01 3.038280000E+01 1.001090000E+01 1.603153031E+00
7.858590000E-01 3.044960000E+01 9.820930000E+00 1.577636701E+00
7.985700000E-01 3.050850000E+01 9.631060000E+00 1.552525139E+00
8.114860000E-01 3.056100000E+01 9.444800000E+00 1.527814405E+00
8.246110000E-01 3.060830000E+01 9.262180000E+00 1.503496800E+00
8.379490000E-01 3.065150000E+01 9.083110000E+00 1.479564985E+00
8.515020000E-01 3.069070000E+01 8.906710000E+00 1.456015370E+00
8.652740000E-01 3.072600000E+01 8.733010000E+00 1.432840927E+00
8.792690000E-01 3.075710000E+01 8.562080000E+00 1.410034927E+00
8.934910000E-01 3.078430000E+01 8.394380000E+00 1.387590921E+00
9.079430000E-01 3.080850000E+01 8.229980000E+00 1.365504222E+00
9.226280000E-01 3.083120000E+01 8.068800000E+00 1.343770187E+00
9.375510000E-01 3.085040000E+01 7.905880000E+00 1.322381396E+00
9.527150000E-01 3.086480000E+01 7.744940000E+00 1.301333557E+00
9.681240000E-01 3.087360000E+01 7.586160000E+00 1.280621077E+00
9.837830000E-01 3.087790000E+01 7.430760000E+00 1.260237268E+00
9.996950000E-01 3.087810000E+01 7.278600000E+00 1.240178254E+00
1.015860000E+00 3.087420000E+01 7.129640000E+00 1.220443762E+00
1.032290000E+00 3.086880000E+01 6.985360000E+00 1.201019093E+00
1.048990000E+00 3.086160000E+01 6.841290000E+00 1.181898779E+00
1.065960000E+00 3.084900000E+01 6.697260000E+00 1.163083043E+00
1.083200000E+00 3.083130000E+01 6.556340000E+00 1.144571640E+00
1.100720000E+00 3.080940000E+01 6.418420000E+00 1.126353659E+00
1.118520000E+00 3.078350000E+01 6.283420000E+00 1.108428995E+00
1.136610000E+00 3.075360000E+01 6.151100000E+00 1.090787517E+00
1.155000000E+00 3.071970000E+01 6.021660000E+00 1.073419913E+00
1.173680000E+00 3.068220000E+01 5.895090000E+00 1.056335628E+00
1.192660000E+00 3.064080000E+01 5.770910000E+00 1.039525095E+00
1.211950000E+00 3.059540000E+01 5.649460000E+00 1.022979496E+00
1.231550000E+00 3.054700000E+01 5.530740000E+00 1.006698875E+00
1.251470000E+00 3.049510000E+01 5.412290000E+00 9.906749662E-01
1.271720000E+00 3.043850000E+01 5.294370000E+00 9.749001352E-01
1.292290000E+00 3.037460000E+01 5.176610000E+00 9.593821820E-01
1.313190000E+00 3.030370000E+01 5.061270000E+00 9.441131900E-01
1.334430000E+00 3.022580000E+01 4.948530000E+00 9.290858269E-01
1.356010000E+00 3.014100000E+01 4.838380000E+00 9.143000420E-01
1.377940000E+00 3.004890000E+01 4.730700000E+00 8.997489005E-01
1.400230000E+00 2.994910000E+01 4.625440000E+00 8.854259657E-01
1.422880000E+00 2.984100000E+01 4.522580000E+00 8.713313842E-01
1.445890000E+00 2.972370000E+01 4.421900000E+00 8.574649524E-01
1.469280000E+00 2.959630000E+01 4.323510000E+00 8.438146575E-01
1.493040000E+00 2.945780000E+01 4.227430000E+00 8.303863259E-01
1.517190000E+00 2.930690000E+01 4.133830000E+00 8.171685814E-01
1.541730000E+00 2.914210000E+01 4.042410000E+00 8.041615588E-01
1.566670000E+00 2.896150000E+01 3.953070000E+00 7.913600184E-01
1.592010000E+00 2.876250000E+01 3.865800000E+00 7.787639525E-01
1.617760000E+00 2.854220000E+01 3.780450000E+00 7.663683117E-01
1.643920000E+00 2.829640000E+01 3.696950000E+00 7.541729525E-01
1.670510000E+00 2.801980000E+01 3.615200000E+00 7.421685593E-01
1.697530000E+00 2.770560000E+01 3.535270000E+00 7.303552809E-01
1.724990000E+00 2.734220000E+01 3.457130000E+00 7.187288042E-01
1.752890000E+00 2.691840000E+01 3.384380000E+00 7.072891054E-01
1.781240000E+00 2.641540000E+01 3.314430000E+00 6.960319777E-01
1.810050000E+00 2.580000000E+01 3.246840000E+00 6.849534543E-01
1.839320000E+00 2.501380000E+01 3.180640000E+00 6.740534545E-01
1.869070000E+00 2.393630000E+01 3.115780000E+00 6.633245411E-01
1.899300000E+00 2.224380000E+01 3.052230000E+00 6.527668088E-01
1.930020000E+00 1.805030000E+01 2.989980000E+00 6.423767629E-01
1.939500000E+00 5.280100000E+00 2.971230000E+00 6.392369167E-01
1.939700000E+00 5.284030000E+00 1.176400000E+01 6.391710058E-01
1.961240000E+00 2.005660000E+01 1.146240000E+01 6.321510881E-01
1.992960000E+00 2.109430000E+01 1.103790000E+01 6.220897559E-01
2.006700000E+00 1.523580000E+01 1.086090000E+01 6.178302686E-01
2.006900000E+00 1.525010000E+01 1.513200000E+01 6.177686980E-01
2.025200000E+00 2.288540000E+01 1.494790000E+01 6.121864507E-01
2.057950000E+00 2.520330000E+01 1.462790000E+01 6.024441799E-01
2.091240000E+00 2.655850000E+01 1.431480000E+01 5.928540005E-01
2.125060000E+00 2.749870000E+01 1.400820000E+01 5.834188211E-01
2.159430000E+00 2.813440000E+01 1.370830000E+01 5.741329888E-01
2.194360000E+00 2.832270000E+01 1.341440000E+01 5.649938934E-01
2.216200000E+00 2.559520000E+01 1.323610000E+01 5.594260446E-01
2.216400000E+00 2.560510000E+01 1.520770000E+01 5.593755640E-01
2.229850000E+00 2.876700000E+01 1.507790000E+01 5.560015248E-01
2.265920000E+00 3.019290000E+01 1.473900000E+01 5.471508262E-01
2.302570000E+00 3.108050000E+01 1.440540000E+01 5.384418280E-01
2.339810000E+00 3.178650000E+01 1.407670000E+01 5.298720836E-01
2.377660000E+00 3.238480000E+01 1.375290000E+01 5.214370431E-01
2.416110000E+00 3.290740000E+01 1.343480000E+01 5.131388885E-01
2.455190000E+00 3.337150000E+01 1.312190000E+01 5.049711020E-01
2.494900000E+00 3.378840000E+01 1.281450000E+01 4.969337448E-01
2.535260000E+00 3.416540000E+01 1.251210000E+01 4.890228221E-01
2.576260000E+00 3.450820000E+01 1.221520000E+01 4.812402475E-01
2.617930000E+00 3.482110000E+01 1.192380000E+01 4.735802714E-01
2.660270000E+00 3.510810000E+01 1.163830000E+01 4.660429205E-01
2.703300000E+00 3.537180000E+01 1.135750000E+01 4.586246440E-01
2.747030000E+00 3.561430000E+01 1.108210000E+01 4.513237933E-01
2.791460000E+00 3.583730000E+01 1.081230000E+01 4.441403423E-01
2.836610000E+00 3.604340000E+01 1.054830000E+01 4.370710108E-01
2.882490000E+00 3.623390000E+01 1.028900000E+01 4.301142415E-01
2.929110000E+00 3.640970000E+01 1.003500000E+01 4.232685014E-01
2.976480000E+00 3.657180000E+01 9.786340000E+00 4.165322797E-01
3.024630000E+00 3.672180000E+01 9.543150000E+00 4.099013764E-01
3.073550000E+00 3.686040000E+01 9.304730000E+00 4.033772023E-01
3.123260000E+00 3.698840000E+01 9.071650000E+00 3.969570257E-01
3.173780000E+00 3.710640000E+01 8.843280000E+00 3.906382925E-01
3.225110000E+00 3.721520000E+01 8.620190000E+00 3.844209965E-01
3.277270000E+00 3.731540000E+01 8.401940000E+00 3.783026727E-01
3.330280000E+00 3.740790000E+01 8.188710000E+00 3.722810094E-01
3.384150000E+00 3.749290000E+01 7.980010000E+00 3.663549193E-01
3.438880000E+00 3.757090000E+01 7.776030000E+00 3.605243568E-01
3.494500000E+00 3.764220000E+01 7.576470000E+00 3.547860924E-01
3.551020000E+00 3.770720000E+01 7.381930000E+00 3.491391206E-01
3.608460000E+00 3.776680000E+01 7.191790000E+00 3.435814724E-01
3.666820000E+00 3.782100000E+01 7.006020000E+00 3.381131335E-01
3.726130000E+00 3.787010000E+01 6.824580000E+00 3.327312788E-01
3.786400000E+00 3.791450000E+01 6.647420000E+00 3.274350306E-01
3.847640000E+00 3.795440000E+01 6.474400000E+00 3.222234928E-01
3.909870000E+00 3.799010000E+01 6.305530000E+00 3.170949418E-01
3.973110000E+00 3.802180000E+01 6.140740000E+00 3.120477409E-01
4.037380000E+00 3.804990000E+01 5.979910000E+00 3.070803343E-01
4.102680000E+00 3.807460000E+01 5.822980000E+00 3.021927131E-01
4.169030000E+00 3.809590000E+01 5.669850000E+00 2.973833242E-01
4.236460000E+00 3.811420000E+01 5.520480000E+00 2.926499955E-01
4.304980000E+00 3.812970000E+01 5.374800000E+00 2.879920464E-01
4.374620000E+00 3.814240000E+01 5.232700000E+00 2.834074731E-01
4.445370000E+00 3.815270000E+01 5.094110000E+00 2.788969197E-01
4.517270000E+00 3.816050000E+01 4.958920000E+00 2.744578031E-01
4.590330000E+00 3.816600000E+01 4.827200000E+00 2.700895143E-01
4.664580000E+00 3.816960000E+01 4.698720000E+00 2.657902748E-01
4.740030000E+00 3.817110000E+01 4.573510000E+00 2.615595260E-01
4.816690000E+00 3.817070000E+01 4.451430000E+00 2.573966770E-01
4.894600000E+00 3.816870000E+01 4.332450000E+00 2.532995546E-01
4.973770000E+00 3.816500000E+01 4.216540000E+00 2.492676581E-01
5.054210000E+00 3.815980000E+01 4.103540000E+00 2.453004525E-01
5.135960000E+00 3.815320000E+01 3.993450000E+00 2.413959610E-01
5.219030000E+00 3.814520000E+01 3.886170000E+00 2.375537217E-01
5.303440000E+00 3.813600000E+01 3.781680000E+00 2.337727965E-01
5.389220000E+00 3.812560000E+01 3.679820000E+00 2.300518442E-01
5.476390000E+00 3.811410000E+01 3.580620000E+00 2.263900124E-01
5.564970000E+00 3.810170000E+01 3.484010000E+00 2.227864661E-01
5.654980000E+00 3.808820000E+01 3.389850000E+00 2.192403863E-01
5.746440000E+00 3.807380000E+01 3.298250000E+00 2.157509693E-01
5.839390000E+00 3.805860000E+01 3.208940000E+00 2.123166975E-01
5.933830000E+00 3.804260000E+01 3.121990000E+00 2.089375665E-01
6.029810000E+00 3.802590000E+01 3.037330000E+00 2.056117854E-01
6.127330000E+00 3.800850000E+01 2.954940000E+00 2.023393550E-01
6.226440000E+00 3.799050000E+01 2.874670000E+00 1.991185975E-01
6.327150000E+00 3.797190000E+01 2.796540000E+00 1.959492030E-01
6.429480000E+00 3.795270000E+01 2.720440000E+00 1.928305244E-01
6.533480000E+00 3.793300000E+01 2.646350000E+00 1.897610462E-01
6.639150000E+00 3.791290000E+01 2.574250000E+00 1.867407725E-01
6.746540000E+00 3.789230000E+01 2.504020000E+00 1.837682723E-01
6.855650000E+00 3.787120000E+01 2.435670000E+00 1.808435378E-01
6.966540000E+00 3.784970000E+01 2.369170000E+00 1.779649582E-01
7.079220000E+00 3.782790000E+01 2.304410000E+00 1.751322886E-01
7.193720000E+00 3.780560000E+01 2.241320000E+00 1.723447674E-01
7.310070000E+00 3.778310000E+01 2.180040000E+00 1.696016591E-01
7.428310000E+00 3.776020000E+01 2.120350000E+00 1.669020275E-01
7.548450000E+00 3.773700000E+01 2.062160000E+00 1.642456398E-01
7.670540000E+00 3.771350000E+01 2.005630000E+00 1.616313845E-01
7.794610000E+00 3.768970000E+01 1.950540000E+00 1.590586315E-01
7.920680000E+00 3.766550000E+01 1.896970000E+00 1.565269649E-01
8.048790000E+00 3.764110000E+01 1.844900000E+00 1.540355755E-01
8.178980000E+00 3.761650000E+01 1.794190000E+00 1.515836938E-01
8.311260000E+00 3.759160000E+01 1.744780000E+00 1.491711245E-01
8.445690000E+00 3.756630000E+01 1.696720000E+00 1.467967685E-01
8.582290000E+00 3.754070000E+01 1.649970000E+00 1.444602781E-01
8.721110000E+00 3.751480000E+01 1.604470000E+00 1.421608029E-01
8.862160000E+00 3.748860000E+01 1.560200000E+00 1.398981738E-01
9.005500000E+00 3.746210000E+01 1.517130000E+00 1.376714230E-01
9.151160000E+00 3.743520000E+01 1.475200000E+00 1.354800921E-01
9.299170000E+00 3.740790000E+01 1.434410000E+00 1.333237267E-01
9.449580000E+00 3.738030000E+01 1.394720000E+00 1.312015984E-01
9.602420000E+00 3.735220000E+01 1.356110000E+00 1.291132860E-01
9.757730000E+00 3.732360000E+01 1.318530000E+00 1.270582400E-01
9.915550000E+00 3.729450000E+01 1.281950000E+00 1.250359284E-01
1.007590000E+01 3.726480000E+01 1.246380000E+00 1.230460803E-01
1.023890000E+01 3.723450000E+01 1.211760000E+00 1.210872262E-01
1.040450000E+01 3.720360000E+01 1.178080000E+00 1.191599789E-01
1.057280000E+01 3.717190000E+01 1.145300000E+00 1.172631659E-01
1.074380000E+01 3.713940000E+01 1.113410000E+00 1.153967870E-01
1.091760000E+01 3.710590000E+01 1.082380000E+00 1.135597567E-01
1.109420000E+01 3.707150000E+01 1.052190000E+00 1.117520867E-01
1.127360000E+01 3.703590000E+01 1.022810000E+00 1.099737440E-01
1.145590000E+01 3.699900000E+01 9.942220000E-01 1.082237101E-01
1.164120000E+01 3.696070000E+01 9.664060000E-01 1.065010480E-01
1.182950000E+01 3.692080000E+01 9.393390000E-01 1.048057822E-01
1.202080000E+01 3.687910000E+01 9.130020000E-01 1.031378943E-01
1.221530000E+01 3.683520000E+01 8.873740000E-01 1.014956653E-01
1.241280000E+01 3.678900000E+01 8.624360000E-01 9.988076824E-02
1.261360000E+01 3.673990000E+01 8.381690000E-01 9.829073381E-02
1.281760000E+01 3.668770000E+01 8.145550000E-01 9.672637623E-02
1.302500000E+01 3.663160000E+01 7.915750000E-01 9.518618042E-02
1.323560000E+01 3.657110000E+01 7.692140000E-01 9.367161292E-02
1.344970000E+01 3.650530000E+01 7.474530000E-01 9.218049473E-02
1.366720000E+01 3.643290000E+01 7.262750000E-01 9.071353313E-02
1.388830000E+01 3.635260000E+01 7.056670000E-01 8.926938502E-02
1.411290000E+01 3.626220000E+01 6.856100000E-01 8.784870579E-02
1.434120000E+01 3.615890000E+01 6.660910000E-01 8.645022732E-02
1.457310000E+01 3.603850000E+01 6.470940000E-01 8.507455517E-02
1.480890000E+01 3.589460000E+01 6.286060000E-01 8.371992518E-02
1.504840000E+01 3.571640000E+01 6.106110000E-01 8.238749635E-02
1.529180000E+01 3.548410000E+01 5.930980000E-01 8.107613231E-02
1.553910000E+01 3.515510000E+01 5.760520000E-01 7.978583058E-02
1.579040000E+01 3.460580000E+01 5.594590000E-01 7.851606039E-02
1.604580000E+01 3.296280000E+01 5.433100000E-01 7.726632514E-02
1.610450000E+01 2.645710000E+01 5.397020000E-01 7.698469372E-02
1.610470000E+01 2.645730000E+01 3.757330000E+00 7.698373767E-02
1.630540000E+01 3.432000000E+01 3.687520000E+00 7.603615980E-02
1.656910000E+01 3.523440000E+01 3.598990000E+00 7.482603159E-02
1.683710000E+01 3.574130000E+01 3.511940000E+00 7.363500840E-02
1.710940000E+01 3.609560000E+01 3.426390000E+00 7.246309046E-02
1.738610000E+01 3.636810000E+01 3.342340000E+00 7.130983947E-02
1.766740000E+01 3.658890000E+01 3.259810000E+00 7.017444559E-02
1.795310000E+01 3.677370000E+01 3.178800000E+00 6.905771148E-02
1.824350000E+01 3.693180000E+01 3.099320000E+00 6.795845096E-02
1.853860000E+01 3.706920000E+01 3.021360000E+00 6.687667893E-02
1.883840000E+01 3.719000000E+01 2.944920000E+00 6.581238322E-02
1.914310000E+01 3.729720000E+01 2.870000000E+00 6.476485000E-02
1.945270000E+01 3.739300000E+01 2.796600000E+00 6.373408319E-02
1.976740000E+01 3.747900000E+01 2.724690000E+00 6.271942694E-02
2.008710000E+01 3.755660000E+01 2.654290000E+00 6.172120416E-02
2.041200000E+01 3.762680000E+01 2.585370000E+00 6.073878111E-02
2.074210000E+01 3.769060000E+01 2.517930000E+00 5.977215422E-02
2.107760000E+01 3.774860000E+01 2.451940000E+00 5.882073860E-02
2.141850000E+01 3.780140000E+01 2.387400000E+00 5.788453907E-02
2.176500000E+01 3.784960000E+01 2.324290000E+00 5.696301401E-02
2.211700000E+01 3.789360000E+01 2.262590000E+00 5.605642718E-02
2.247470000E+01 3.793380000E+01 2.202290000E+00 5.516425136E-02
2.283820000E+01 3.797050000E+01 2.143360000E+00 5.428623972E-02
2.320760000E+01 3.800400000E+01 2.085800000E+00 5.342215481E-02
2.358300000E+01 3.803460000E+01 2.029570000E+00 5.257176780E-02
2.396440000E+01 3.806250000E+01 1.974660000E+00 5.173507369E-02
2.435200000E+01 3.808800000E+01 1.921050000E+00 5.091162943E-02
2.474590000E+01 3.811120000E+01 1.868730000E+00 5.010122889E-02
2.514620000E+01 3.813230000E+01 1.817660000E+00 4.930367213E-02
2.555290000E+01 3.815140000E+01 1.767820000E+00 4.851895480E-02
2.596620000E+01 3.816870000E+01 1.719200000E+00 4.774668608E-02
2.638610000E+01 3.818430000E+01 1.671780000E+00 4.698686051E-02
2.681290000E+01 3.819840000E+01 1.625530000E+00 4.623893723E-02
2.724660000E+01 3.821100000E+01 1.580430000E+00 4.550292514E-02
2.768730000E+01 3.822230000E+01 1.536450000E+00 4.477865303E-02
2.813510000E+01 3.823240000E+01 1.493590000E+00 4.406595320E-02
2.859020000E+01 3.824130000E+01 1.451810000E+00 4.336450952E-02
2.905260000E+01 3.824940000E+01 1.411090000E+00 4.267432175E-02
2.952250000E+01 3.826020000E+01 1.371420000E+00 4.199508849E-02
3.000000000E+01 3.824990000E+01 1.332760000E+00 4.132666667E-02
