# Data retrieved from henke.lbl.gov/optical_constants 03/01/2021
# Element, Ta  (Z = 73) 
# Atomic weight*, g mol-1 = 180.9479 
# Nominal density*, g cm-3 =  0 
# Relativistic correction estimate f_rel(5CL)*,  e atom-1 =  0 
# Nuclear Thomson correction f_NT*, e atom-1 =  0 
#    E [keV]      f1 [e atom-1]      f2 [e atom-1]    Wavelength [nm] 
1.000000000E-02 -9.999000000E+03 3.137200000E+00 1.239800000E+02
1.016170000E-02 -9.999000000E+03 3.252280000E+00 1.220071445E+02
1.032610000E-02 -9.999000000E+03 3.371590000E+00 1.200646904E+02
1.049310000E-02 -9.999000000E+03 3.495170000E+00 1.181538344E+02
1.066280000E-02 -9.999000000E+03 3.621990000E+00 1.162733991E+02
1.083530000E-02 -9.999000000E+03 3.753420000E+00 1.144223049E+02
1.101060000E-02 -9.999000000E+03 3.889620000E+00 1.126005849E+02
1.118860000E-02 -9.999000000E+03 4.030750000E+00 1.108092165E+02
1.136960000E-02 -9.999000000E+03 4.177010000E+00 1.090451731E+02
1.155350000E-02 -9.999000000E+03 4.324680000E+00 1.073094733E+02
1.174040000E-02 -9.999000000E+03 4.469880000E+00 1.056011720E+02
1.193030000E-02 -9.999000000E+03 4.619950000E+00 1.039202702E+02
1.212320000E-02 -9.999000000E+03 4.775070000E+00 1.022667283E+02
1.231930000E-02 -9.999000000E+03 4.935390000E+00 1.006388350E+02
1.251860000E-02 -9.999000000E+03 5.101090000E+00 9.903663349E+01
1.272100000E-02 -9.999000000E+03 5.240260000E+00 9.746089144E+01
1.292680000E-02 -9.999000000E+03 5.377130000E+00 9.590927376E+01
1.313590000E-02 -9.999000000E+03 5.517590000E+00 9.438256990E+01
1.334830000E-02 -9.999000000E+03 5.661710000E+00 9.288074137E+01
1.356420000E-02 -9.999000000E+03 5.809600000E+00 9.140236800E+01
1.378360000E-02 -9.999000000E+03 5.961350000E+00 8.994747381E+01
1.400660000E-02 -9.999000000E+03 6.073380000E+00 8.851541416E+01
1.423310000E-02 -9.999000000E+03 6.153580000E+00 8.710681440E+01
1.446330000E-02 -9.999000000E+03 6.234830000E+00 8.572040959E+01
1.469730000E-02 -9.999000000E+03 6.317170000E+00 8.435562995E+01
1.493500000E-02 -9.999000000E+03 6.400580000E+00 8.301305658E+01
1.517650000E-02 -9.999000000E+03 6.482800000E+00 8.169208974E+01
1.542200000E-02 -9.999000000E+03 6.559920000E+00 8.039164829E+01
1.567140000E-02 -9.999000000E+03 6.637950000E+00 7.911226821E+01
1.592490000E-02 -9.999000000E+03 6.716910000E+00 7.785292215E+01
1.618250000E-02 -9.999000000E+03 6.796800000E+00 7.661362583E+01
1.644420000E-02 -9.999000000E+03 6.861540000E+00 7.539436397E+01
1.671020000E-02 -9.999000000E+03 6.846860000E+00 7.419420474E+01
1.698050000E-02 -9.999000000E+03 6.832210000E+00 7.301316216E+01
1.725510000E-02 -9.999000000E+03 6.817600000E+00 7.185122080E+01
1.753420000E-02 -9.999000000E+03 6.803020000E+00 7.070753157E+01
1.781780000E-02 -9.999000000E+03 6.737820000E+00 6.958210329E+01
1.810600000E-02 -9.999000000E+03 6.663580000E+00 6.847453883E+01
1.839890000E-02 -9.999000000E+03 6.590140000E+00 6.738446320E+01
1.869640000E-02 -9.999000000E+03 6.517520000E+00 6.631223123E+01
1.899880000E-02 -9.999000000E+03 6.445700000E+00 6.525675306E+01
1.930610000E-02 -9.999000000E+03 6.370670000E+00 6.421804507E+01
1.961840000E-02 -9.999000000E+03 6.295520000E+00 6.319577539E+01
1.993570000E-02 -9.999000000E+03 6.221260000E+00 6.218994066E+01
2.025820000E-02 -9.999000000E+03 6.147880000E+00 6.119990917E+01
2.058580000E-02 -9.999000000E+03 6.075370000E+00 6.022598102E+01
2.091880000E-02 -9.999000000E+03 6.003710000E+00 5.926726198E+01
2.125710000E-02 -9.999000000E+03 5.932880000E+00 5.832404232E+01
2.160090000E-02 -9.999000000E+03 5.862900000E+00 5.739575666E+01
2.195030000E-02 -9.999000000E+03 5.793750000E+00 5.648214375E+01
2.230530000E-02 -9.999000000E+03 5.725410000E+00 5.558320220E+01
2.266610000E-02 -9.999000000E+03 5.645290000E+00 5.469842628E+01
2.303270000E-02 -9.999000000E+03 5.540040000E+00 5.382781871E+01
2.340530000E-02 -9.999000000E+03 5.436740000E+00 5.297090830E+01
2.378380000E-02 -9.999000000E+03 5.335380000E+00 5.212791900E+01
2.416850000E-02 -9.999000000E+03 5.235900000E+00 5.129817738E+01
2.455940000E-02 -9.999000000E+03 5.152220000E+00 5.048168929E+01
2.495660000E-02 -9.999000000E+03 5.076900000E+00 4.967824143E+01
2.536030000E-02 -9.999000000E+03 5.002690000E+00 4.888743430E+01
2.577050000E-02 -9.999000000E+03 4.929560000E+00 4.810927223E+01
2.618730000E-02 -9.999000000E+03 4.857500000E+00 4.734355966E+01
2.661090000E-02 -9.999000000E+03 4.786500000E+00 4.658993119E+01
2.704130000E-02 -9.999000000E+03 4.719850000E+00 4.584838747E+01
2.747860000E-02 -9.999000000E+03 4.678610000E+00 4.511874695E+01
2.792310000E-02 -9.999000000E+03 4.637720000E+00 4.440051427E+01
2.837470000E-02 -9.999000000E+03 4.597200000E+00 4.369385403E+01
2.883370000E-02 -9.999000000E+03 4.555900000E+00 4.299829713E+01
2.930000000E-02 1.978240000E+00 4.509880000E+00 4.231399317E+01
2.977390000E-02 1.677260000E+00 4.464330000E+00 4.164049721E+01
3.025550000E-02 1.337330000E+00 4.553610000E+00 4.097767348E+01
3.074490000E-02 1.015800000E+00 4.652690000E+00 4.032538730E+01
3.124210000E-02 6.472420000E-01 4.753930000E+00 3.968363202E+01
3.174750000E-02 2.144560000E-01 5.020130000E+00 3.905189385E+01
3.226090000E-02 -1.190690000E-01 5.367740000E+00 3.843042197E+01
3.278270000E-02 -4.051350000E-01 5.739410000E+00 3.781872756E+01
3.331300000E-02 -6.594840000E-01 6.136810000E+00 3.721670219E+01
3.385180000E-02 -8.875860000E-01 6.561740000E+00 3.662434494E+01
3.439930000E-02 -1.092000000E+00 7.016970000E+00 3.604143108E+01
3.495570000E-02 -1.267310000E+00 7.510430000E+00 3.546774918E+01
3.552110000E-02 -1.408180000E+00 8.038580000E+00 3.490319838E+01
3.609560000E-02 -1.509780000E+00 8.603890000E+00 3.434767673E+01
3.667940000E-02 -1.563060000E+00 9.208930000E+00 3.380098911E+01
3.727270000E-02 -1.536690000E+00 9.856540000E+00 3.326295117E+01
3.787550000E-02 -1.369930000E+00 1.046300000E+01 3.273356127E+01
3.848820000E-02 -1.240610000E+00 1.101740000E+01 3.221247032E+01
3.911070000E-02 -1.099370000E+00 1.160110000E+01 3.169976503E+01
3.974320000E-02 -9.093610000E-01 1.221570000E+01 3.119527366E+01
4.038610000E-02 -6.352680000E-01 1.286290000E+01 3.069868098E+01
4.103930000E-02 -2.678590000E-01 1.342510000E+01 3.021006694E+01
4.170310000E-02 8.196370000E-02 1.396300000E+01 2.972920478E+01
4.237760000E-02 4.630060000E-01 1.452240000E+01 2.925602205E+01
4.306300000E-02 9.116530000E-01 1.510420000E+01 2.879037689E+01
4.375950000E-02 1.502200000E+00 1.567870000E+01 2.833213359E+01
4.446730000E-02 2.113110000E+00 1.605960000E+01 2.788116211E+01
4.518650000E-02 2.702080000E+00 1.644970000E+01 2.743739834E+01
4.591740000E-02 3.331370000E+00 1.684930000E+01 2.700065770E+01
4.666000000E-02 4.096160000E+00 1.717630000E+01 2.657093871E+01
4.741470000E-02 4.796860000E+00 1.734440000E+01 2.614800895E+01
4.818160000E-02 5.462190000E+00 1.751410000E+01 2.573181463E+01
4.896090000E-02 6.134450000E+00 1.768550000E+01 2.532224694E+01
4.975280000E-02 6.858960000E+00 1.785850000E+01 2.491920053E+01
5.055760000E-02 7.723040000E+00 1.803330000E+01 2.452252480E+01
5.137530000E-02 8.626390000E+00 1.786740000E+01 2.413221918E+01
5.220620000E-02 9.371800000E+00 1.764910000E+01 2.374813719E+01
5.305060000E-02 1.007080000E+01 1.743360000E+01 2.337014096E+01
5.390870000E-02 1.080990000E+01 1.722060000E+01 2.299814316E+01
5.478060000E-02 1.156460000E+01 1.676370000E+01 2.263209968E+01
5.566670000E-02 1.211360000E+01 1.623230000E+01 2.227184295E+01
5.656700000E-02 1.254790000E+01 1.571790000E+01 2.191737232E+01
5.748200000E-02 1.290070000E+01 1.521970000E+01 2.156849101E+01
5.841170000E-02 1.317910000E+01 1.473730000E+01 2.122519975E+01
5.935640000E-02 1.340770000E+01 1.431090000E+01 2.088738535E+01
6.031650000E-02 1.361360000E+01 1.390040000E+01 2.055490620E+01
6.129210000E-02 1.379310000E+01 1.350170000E+01 2.022772919E+01
6.228340000E-02 1.394430000E+01 1.311440000E+01 1.990578549E+01
6.329080000E-02 1.406860000E+01 1.273830000E+01 1.958894500E+01
6.431450000E-02 1.416690000E+01 1.237290000E+01 1.927714590E+01
6.535470000E-02 1.424010000E+01 1.201800000E+01 1.897032654E+01
6.641180000E-02 1.428830000E+01 1.167330000E+01 1.866836918E+01
6.748590000E-02 1.431090000E+01 1.133850000E+01 1.837124496E+01
6.857750000E-02 1.430590000E+01 1.101330000E+01 1.807881594E+01
6.968670000E-02 1.426710000E+01 1.069730000E+01 1.779105626E+01
7.081380000E-02 1.417010000E+01 1.039370000E+01 1.750788688E+01
7.195910000E-02 1.406720000E+01 1.019930000E+01 1.722923161E+01
7.312300000E-02 1.398520000E+01 1.000860000E+01 1.695499364E+01
7.430570000E-02 1.390010000E+01 9.828350000E+00 1.668512644E+01
7.550760000E-02 1.381760000E+01 9.660500000E+00 1.641953923E+01
7.672890000E-02 1.372820000E+01 9.495520000E+00 1.615818811E+01
7.796990000E-02 1.361730000E+01 9.333340000E+00 1.590100795E+01
7.923100000E-02 1.344890000E+01 9.173940000E+00 1.564791559E+01
8.051250000E-02 1.328340000E+01 9.144890000E+00 1.539885111E+01
8.181470000E-02 1.317040000E+01 9.123270000E+00 1.515375599E+01
8.313800000E-02 1.307920000E+01 9.101700000E+00 1.491255503E+01
8.448270000E-02 1.299900000E+01 9.080180000E+00 1.467519386E+01
8.584910000E-02 1.292430000E+01 9.058720000E+00 1.444161907E+01
8.723770000E-02 1.285050000E+01 9.037310000E+00 1.421174561E+01
8.864870000E-02 1.277050000E+01 9.018810000E+00 1.398554068E+01
9.008250000E-02 1.269350000E+01 9.013810000E+00 1.376293953E+01
9.153950000E-02 1.261870000E+01 9.008820000E+00 1.354387996E+01
9.302010000E-02 1.254130000E+01 9.003830000E+00 1.332830216E+01
9.452460000E-02 1.245680000E+01 8.998840000E+00 1.311616235E+01
9.605350000E-02 1.236010000E+01 8.993860000E+00 1.290739015E+01
9.760710000E-02 1.223710000E+01 8.988880000E+00 1.270194484E+01
9.918580000E-02 1.203510000E+01 9.038620000E+00 1.249977315E+01
1.007900000E-01 1.189650000E+01 9.167270000E+00 1.230082349E+01
1.024200000E-01 1.180050000E+01 9.297760000E+00 1.210505761E+01
1.040770000E-01 1.172060000E+01 9.430100000E+00 1.191233414E+01
1.057600000E-01 1.165220000E+01 9.564330000E+00 1.172276853E+01
1.074710000E-01 1.159200000E+01 9.700460000E+00 1.153613533E+01
1.092090000E-01 1.153710000E+01 9.838530000E+00 1.135254420E+01
1.109750000E-01 1.148340000E+01 9.978570000E+00 1.117188556E+01
1.127700000E-01 1.141870000E+01 1.012060000E+01 1.099405870E+01
1.145940000E-01 1.134970000E+01 1.030380000E+01 1.081906557E+01
1.164480000E-01 1.131120000E+01 1.050670000E+01 1.064681231E+01
1.183310000E-01 1.129280000E+01 1.071370000E+01 1.047738970E+01
1.202450000E-01 1.129030000E+01 1.092470000E+01 1.031061583E+01
1.221900000E-01 1.130380000E+01 1.113990000E+01 1.014649317E+01
1.241660000E-01 1.133570000E+01 1.135940000E+01 9.985020054E+00
1.261750000E-01 1.140110000E+01 1.157020000E+01 9.826035268E+00
1.282150000E-01 1.145890000E+01 1.175200000E+01 9.669695433E+00
1.302890000E-01 1.151280000E+01 1.193660000E+01 9.515768791E+00
1.323970000E-01 1.156790000E+01 1.212420000E+01 9.364260519E+00
1.345380000E-01 1.162670000E+01 1.231470000E+01 9.215240304E+00
1.367140000E-01 1.169040000E+01 1.250810000E+01 9.068566496E+00
1.389250000E-01 1.176120000E+01 1.270460000E+01 8.924239698E+00
1.411720000E-01 1.184810000E+01 1.290230000E+01 8.782194770E+00
1.434560000E-01 1.193270000E+01 1.307910000E+01 8.642371180E+00
1.457760000E-01 1.200630000E+01 1.325840000E+01 8.504829327E+00
1.481340000E-01 1.207650000E+01 1.345220000E+01 8.369449282E+00
1.505300000E-01 1.215580000E+01 1.365430000E+01 8.236231980E+00
1.529640000E-01 1.224190000E+01 1.385940000E+01 8.105175074E+00
1.554390000E-01 1.233400000E+01 1.406770000E+01 7.976119249E+00
1.579530000E-01 1.243220000E+01 1.427900000E+01 7.849170323E+00
1.605070000E-01 1.253740000E+01 1.449360000E+01 7.724273708E+00
1.631030000E-01 1.265320000E+01 1.471140000E+01 7.601331674E+00
1.657420000E-01 1.278990000E+01 1.491320000E+01 7.480300708E+00
1.684220000E-01 1.290490000E+01 1.509530000E+01 7.361271093E+00
1.711460000E-01 1.298480000E+01 1.529700000E+01 7.244107370E+00
1.739150000E-01 1.307110000E+01 1.552580000E+01 7.128769801E+00
1.767270000E-01 1.317680000E+01 1.578880000E+01 7.015340044E+00
1.795860000E-01 1.330440000E+01 1.605750000E+01 6.903656187E+00
1.824910000E-01 1.345190000E+01 1.633070000E+01 6.793759692E+00
1.854420000E-01 1.361760000E+01 1.660800000E+01 6.685648343E+00
1.884420000E-01 1.380500000E+01 1.688980000E+01 6.579212702E+00
1.914890000E-01 1.403050000E+01 1.716830000E+01 6.474523341E+00
1.945870000E-01 1.426210000E+01 1.740960000E+01 6.371443108E+00
1.977340000E-01 1.449860000E+01 1.764120000E+01 6.270039548E+00
2.009320000E-01 1.472890000E+01 1.786490000E+01 6.170246651E+00
2.041820000E-01 1.496160000E+01 1.809130000E+01 6.072033774E+00
2.074850000E-01 1.520310000E+01 1.832080000E+01 5.975371714E+00
2.108400000E-01 1.546700000E+01 1.855350000E+01 5.880288370E+00
2.142510000E-01 1.573750000E+01 1.874880000E+01 5.786670774E+00
2.177160000E-01 1.600410000E+01 1.893780000E+01 5.694574583E+00
2.212370000E-01 1.626160000E+01 1.912220000E+01 5.603945091E+00
2.248160000E-01 1.651700000E+01 1.930790000E+01 5.514732048E+00
2.284520000E-01 1.677300000E+01 1.949570000E+01 5.426960587E+00
2.321470000E-01 1.703160000E+01 1.968540000E+01 5.340581614E+00
2.359020000E-01 1.729450000E+01 1.987740000E+01 5.255572229E+00
2.397170000E-01 1.756270000E+01 2.007100000E+01 5.171931903E+00
2.435950000E-01 1.783720000E+01 2.026620000E+01 5.089595435E+00
2.475350000E-01 1.811880000E+01 2.046290000E+01 5.008584645E+00
2.515380000E-01 1.840860000E+01 2.066180000E+01 4.928877545E+00
2.556070000E-01 1.870890000E+01 2.086300000E+01 4.850414895E+00
2.597410000E-01 1.902230000E+01 2.106630000E+01 4.773216396E+00
2.639420000E-01 1.935210000E+01 2.127130000E+01 4.697244092E+00
2.682110000E-01 1.970310000E+01 2.147800000E+01 4.622480062E+00
2.725490000E-01 2.008980000E+01 2.168690000E+01 4.548906802E+00
2.769570000E-01 2.055170000E+01 2.184180000E+01 4.476507183E+00
2.814370000E-01 2.099020000E+01 2.192680000E+01 4.405248777E+00
2.859890000E-01 2.138900000E+01 2.196660000E+01 4.335131771E+00
2.906150000E-01 2.175810000E+01 2.200020000E+01 4.266125286E+00
2.953150000E-01 2.210500000E+01 2.203380000E+01 4.198229010E+00
3.000920000E-01 2.243930000E+01 2.206770000E+01 4.131399704E+00
3.049450000E-01 2.276390000E+01 2.210170000E+01 4.065651183E+00
3.098780000E-01 2.308060000E+01 2.213550000E+01 4.000929398E+00
3.148900000E-01 2.339050000E+01 2.216940000E+01 3.937247928E+00
3.199830000E-01 2.369480000E+01 2.220320000E+01 3.874580837E+00
3.251580000E-01 2.399370000E+01 2.223690000E+01 3.812915567E+00
3.304180000E-01 2.428800000E+01 2.227110000E+01 3.752216889E+00
3.357620000E-01 2.457820000E+01 2.230530000E+01 3.692496471E+00
3.411920000E-01 2.486420000E+01 2.233920000E+01 3.633731154E+00
3.467110000E-01 2.514570000E+01 2.237330000E+01 3.575888853E+00
3.523190000E-01 2.542270000E+01 2.240760000E+01 3.518970024E+00
3.580170000E-01 2.569550000E+01 2.244240000E+01 3.462964049E+00
3.638080000E-01 2.596300000E+01 2.247690000E+01 3.407841499E+00
3.696920000E-01 2.622420000E+01 2.251120000E+01 3.353602458E+00
3.756720000E-01 2.647590000E+01 2.254510000E+01 3.300219340E+00
3.817480000E-01 2.671450000E+01 2.258020000E+01 3.247692195E+00
3.879220000E-01 2.693320000E+01 2.261880000E+01 3.196003320E+00
3.941970000E-01 2.709230000E+01 2.266460000E+01 3.145127944E+00
4.005730000E-01 2.724090000E+01 2.283060000E+01 3.095066318E+00
4.070520000E-01 2.746550000E+01 2.304630000E+01 3.045802502E+00
4.136350000E-01 2.774110000E+01 2.326540000E+01 2.997328563E+00
4.203260000E-01 2.805520000E+01 2.348520000E+01 2.949615299E+00
4.271240000E-01 2.840450000E+01 2.370690000E+01 2.902669951E+00
4.340320000E-01 2.879330000E+01 2.393150000E+01 2.856471412E+00
4.410520000E-01 2.922810000E+01 2.415810000E+01 2.811006412E+00
4.481860000E-01 2.979770000E+01 2.436040000E+01 2.766262221E+00
4.554350000E-01 3.037730000E+01 2.443090000E+01 2.722232591E+00
4.628020000E-01 3.093410000E+01 2.440700000E+01 2.678899400E+00
4.702870000E-01 3.142850000E+01 2.433260000E+01 2.636262538E+00
4.778940000E-01 3.186900000E+01 2.425920000E+01 2.594299154E+00
4.856230000E-01 3.228640000E+01 2.418560000E+01 2.553009227E+00
4.934780000E-01 3.268670000E+01 2.411180000E+01 2.512371372E+00
5.014590000E-01 3.307300000E+01 2.403750000E+01 2.472385579E+00
5.095700000E-01 3.344920000E+01 2.396390000E+01 2.433031772E+00
5.178120000E-01 3.382430000E+01 2.388610000E+01 2.394305269E+00
5.261870000E-01 3.419030000E+01 2.379170000E+01 2.356196561E+00
5.346980000E-01 3.452750000E+01 2.366500000E+01 2.318692047E+00
5.433460000E-01 3.479210000E+01 2.352290000E+01 2.281787296E+00
5.521340000E-01 3.489010000E+01 2.338260000E+01 2.245469397E+00
5.610650000E-01 3.494670000E+01 2.370240000E+01 2.209726146E+00
5.701390000E-01 3.551020000E+01 2.418390000E+01 2.174557432E+00
5.793610000E-01 3.622700000E+01 2.419550000E+01 2.139943835E+00
5.887320000E-01 3.689450000E+01 2.406590000E+01 2.105881793E+00
5.982540000E-01 3.743350000E+01 2.384750000E+01 2.072363912E+00
6.079300000E-01 3.790340000E+01 2.363110000E+01 2.039379534E+00
6.177630000E-01 3.833630000E+01 2.341650000E+01 2.006918511E+00
6.277550000E-01 3.874890000E+01 2.320270000E+01 1.974974313E+00
6.379080000E-01 3.914560000E+01 2.297810000E+01 1.943540448E+00
6.482260000E-01 3.952220000E+01 2.273680000E+01 1.912604555E+00
6.587110000E-01 3.986370000E+01 2.248580000E+01 1.882160765E+00
6.693650000E-01 4.016950000E+01 2.223740000E+01 1.852203208E+00
6.801910000E-01 4.044590000E+01 2.202570000E+01 1.822723323E+00
6.911930000E-01 4.073250000E+01 2.184170000E+01 1.793710295E+00
7.023720000E-01 4.105530000E+01 2.166140000E+01 1.765161481E+00
7.137330000E-01 4.138830000E+01 2.143860000E+01 1.737064140E+00
7.252770000E-01 4.168740000E+01 2.118800000E+01 1.709415851E+00
7.370080000E-01 4.196260000E+01 2.094020000E+01 1.682206977E+00
7.489280000E-01 4.222280000E+01 2.069510000E+01 1.655432832E+00
7.610420000E-01 4.247210000E+01 2.045270000E+01 1.629082232E+00
7.733510000E-01 4.271410000E+01 2.021040000E+01 1.603153031E+00
7.858590000E-01 4.294760000E+01 1.996290000E+01 1.577636701E+00
7.985700000E-01 4.316530000E+01 1.971190000E+01 1.552525139E+00
8.114860000E-01 4.337000000E+01 1.946370000E+01 1.527814405E+00
8.246110000E-01 4.356430000E+01 1.921850000E+01 1.503496800E+00
8.379490000E-01 4.375130000E+01 1.897650000E+01 1.479564985E+00
8.515020000E-01 4.393110000E+01 1.873300000E+01 1.456015370E+00
8.652740000E-01 4.410270000E+01 1.848780000E+01 1.432840927E+00
8.792690000E-01 4.426190000E+01 1.824160000E+01 1.410034927E+00
8.934910000E-01 4.441110000E+01 1.799850000E+01 1.387590921E+00
9.079430000E-01 4.455290000E+01 1.775860000E+01 1.365504222E+00
9.226280000E-01 4.469410000E+01 1.752190000E+01 1.343770187E+00
9.375510000E-01 4.482570000E+01 1.726950000E+01 1.322381396E+00
9.527150000E-01 4.494360000E+01 1.701580000E+01 1.301333557E+00
9.681240000E-01 4.504490000E+01 1.676150000E+01 1.280621077E+00
9.837830000E-01 4.513350000E+01 1.651090000E+01 1.260237268E+00
9.996950000E-01 4.521190000E+01 1.626270000E+01 1.240178254E+00
1.015860000E+00 4.528300000E+01 1.601700000E+01 1.220443762E+00
1.032290000E+00 4.534140000E+01 1.576330000E+01 1.201019093E+00
1.048990000E+00 4.538520000E+01 1.551000000E+01 1.181898779E+00
1.065960000E+00 4.541140000E+01 1.525680000E+01 1.163083043E+00
1.083200000E+00 4.542180000E+01 1.500760000E+01 1.144571640E+00
1.100720000E+00 4.541740000E+01 1.476230000E+01 1.126353659E+00
1.118520000E+00 4.539860000E+01 1.452090000E+01 1.108428995E+00
1.136610000E+00 4.536550000E+01 1.428330000E+01 1.090787517E+00
1.155000000E+00 4.531790000E+01 1.404940000E+01 1.073419913E+00
1.173680000E+00 4.525550000E+01 1.381930000E+01 1.056335628E+00
1.192660000E+00 4.517790000E+01 1.359240000E+01 1.039525095E+00
1.211950000E+00 4.508450000E+01 1.336930000E+01 1.022979496E+00
1.231550000E+00 4.497670000E+01 1.314990000E+01 1.006698875E+00
1.251470000E+00 4.485290000E+01 1.292820000E+01 9.906749662E-01
1.271720000E+00 4.470950000E+01 1.270430000E+01 9.749001352E-01
1.292290000E+00 4.453750000E+01 1.247690000E+01 9.593821820E-01
1.313190000E+00 4.433610000E+01 1.225320000E+01 9.441131900E-01
1.334430000E+00 4.410490000E+01 1.203340000E+01 9.290858269E-01
1.356010000E+00 4.384180000E+01 1.181760000E+01 9.143000420E-01
1.377940000E+00 4.354360000E+01 1.160530000E+01 8.997489005E-01
1.400230000E+00 4.320610000E+01 1.139680000E+01 8.854259657E-01
1.422880000E+00 4.282460000E+01 1.119210000E+01 8.713313842E-01
1.445890000E+00 4.239220000E+01 1.099040000E+01 8.574649524E-01
1.469280000E+00 4.190040000E+01 1.079180000E+01 8.438146575E-01
1.493040000E+00 4.133890000E+01 1.059610000E+01 8.303863259E-01
1.517190000E+00 4.069020000E+01 1.039980000E+01 8.171685814E-01
1.541730000E+00 3.993300000E+01 1.020650000E+01 8.041615588E-01
1.566670000E+00 3.903880000E+01 1.001680000E+01 7.913600184E-01
1.592010000E+00 3.796530000E+01 9.830480000E+00 7.787639525E-01
1.617760000E+00 3.664510000E+01 9.647520000E+00 7.663683117E-01
1.643920000E+00 3.496230000E+01 9.467830000E+00 7.541729525E-01
1.670510000E+00 3.269050000E+01 9.291540000E+00 7.421685593E-01
1.697530000E+00 2.926970000E+01 9.118300000E+00 7.303552809E-01
1.724990000E+00 2.209680000E+01 8.947820000E+00 7.187288042E-01
1.735000000E+00 4.243590000E+00 8.887100000E+00 7.145821326E-01
1.735200000E+00 4.151650000E+00 1.972750000E+01 7.144997695E-01
1.752890000E+00 1.900160000E+01 2.300410000E+01 7.072891054E-01
1.781240000E+00 2.014060000E+01 2.933530000E+01 6.960319777E-01
1.810050000E+00 2.640100000E+01 3.740910000E+01 6.849534543E-01
1.839320000E+00 3.382000000E+01 3.824640000E+01 6.740534545E-01
1.869070000E+00 3.807060000E+01 3.736840000E+01 6.633245411E-01
1.899300000E+00 4.104100000E+01 3.651050000E+01 6.527668088E-01
1.930020000E+00 4.333740000E+01 3.567140000E+01 6.423767629E-01
1.961240000E+00 4.518850000E+01 3.485150000E+01 6.321510881E-01
1.992960000E+00 4.670530000E+01 3.405030000E+01 6.220897559E-01
2.025200000E+00 4.795780000E+01 3.327500000E+01 6.121864507E-01
2.057950000E+00 4.897360000E+01 3.250990000E+01 6.024441799E-01
2.091240000E+00 4.974600000E+01 3.176230000E+01 5.928540005E-01
2.125060000E+00 5.021810000E+01 3.103130000E+01 5.834188211E-01
2.159430000E+00 5.014540000E+01 3.031780000E+01 5.741329888E-01
2.193900000E+00 4.188410000E+01 2.962980000E+01 5.651123570E-01
2.194100000E+00 4.189140000E+01 3.459270000E+01 5.650608450E-01
2.194360000E+00 4.393110000E+01 3.458620000E+01 5.649938934E-01
2.229850000E+00 5.209310000E+01 3.372860000E+01 5.560015248E-01
2.265920000E+00 5.392190000E+01 3.289260000E+01 5.471508262E-01
2.302570000E+00 5.518440000E+01 3.207670000E+01 5.384418280E-01
2.339810000E+00 5.615080000E+01 3.128170000E+01 5.298720836E-01
2.377660000E+00 5.689210000E+01 3.050720000E+01 5.214370431E-01
2.416110000E+00 5.738620000E+01 2.975110000E+01 5.131388885E-01
2.455190000E+00 5.728300000E+01 2.901420000E+01 5.049711020E-01
2.468600000E+00 5.447740000E+01 2.876820000E+01 5.022279835E-01
2.468800000E+00 5.448100000E+01 3.071280000E+01 5.021872975E-01
2.494900000E+00 5.835850000E+01 3.022520000E+01 4.969337448E-01
2.535260000E+00 5.950540000E+01 2.949620000E+01 4.890228221E-01
2.576260000E+00 6.028630000E+01 2.878420000E+01 4.812402475E-01
2.617930000E+00 6.087840000E+01 2.808970000E+01 4.735802714E-01
2.660270000E+00 6.128370000E+01 2.741330000E+01 4.660429205E-01
2.703300000E+00 6.098560000E+01 2.675260000E+01 4.586246440E-01
2.707900000E+00 5.981290000E+01 2.668350000E+01 4.578455630E-01
2.708100000E+00 5.982210000E+01 2.775600000E+01 4.578117499E-01
2.747030000E+00 6.222610000E+01 2.723130000E+01 4.513237933E-01
2.791460000E+00 6.294760000E+01 2.665320000E+01 4.441403423E-01
2.836610000E+00 6.353140000E+01 2.608360000E+01 4.370710108E-01
2.882490000E+00 6.404340000E+01 2.552140000E+01 4.301142415E-01
2.929110000E+00 6.450450000E+01 2.496800000E+01 4.232685014E-01
2.976480000E+00 6.492600000E+01 2.442370000E+01 4.165322797E-01
3.024630000E+00 6.531310000E+01 2.388720000E+01 4.099013764E-01
3.073550000E+00 6.567050000E+01 2.336050000E+01 4.033772023E-01
3.123260000E+00 6.600140000E+01 2.284220000E+01 3.969570257E-01
3.173780000E+00 6.630800000E+01 2.233300000E+01 3.906382925E-01
3.225110000E+00 6.659220000E+01 2.183270000E+01 3.844209965E-01
3.277270000E+00 6.685590000E+01 2.134160000E+01 3.783026727E-01
3.330280000E+00 6.710030000E+01 2.085920000E+01 3.722810094E-01
3.384150000E+00 6.732720000E+01 2.038670000E+01 3.663549193E-01
3.438880000E+00 6.753760000E+01 1.992240000E+01 3.605243568E-01
3.494500000E+00 6.773220000E+01 1.946730000E+01 3.547860924E-01
3.551020000E+00 6.791260000E+01 1.902130000E+01 3.491391206E-01
3.608460000E+00 6.807930000E+01 1.858360000E+01 3.435814724E-01
3.666820000E+00 6.823270000E+01 1.815470000E+01 3.381131335E-01
3.726130000E+00 6.837430000E+01 1.773480000E+01 3.327312788E-01
3.786400000E+00 6.850390000E+01 1.732270000E+01 3.274350306E-01
3.847640000E+00 6.862260000E+01 1.692000000E+01 3.222234928E-01
3.909870000E+00 6.873140000E+01 1.652530000E+01 3.170949418E-01
3.973110000E+00 6.883040000E+01 1.613880000E+01 3.120477409E-01
4.037380000E+00 6.892020000E+01 1.576040000E+01 3.070803343E-01
4.102680000E+00 6.900120000E+01 1.539010000E+01 3.021927131E-01
4.169030000E+00 6.907390000E+01 1.502760000E+01 2.973833242E-01
4.236460000E+00 6.913870000E+01 1.467290000E+01 2.926499955E-01
4.304980000E+00 6.919610000E+01 1.432580000E+01 2.879920464E-01
4.374620000E+00 6.924630000E+01 1.398620000E+01 2.834074731E-01
4.445370000E+00 6.928970000E+01 1.365390000E+01 2.788969197E-01
4.517270000E+00 6.932650000E+01 1.332890000E+01 2.744578031E-01
4.590330000E+00 6.935730000E+01 1.301130000E+01 2.700895143E-01
4.664580000E+00 6.938220000E+01 1.270040000E+01 2.657902748E-01
4.740030000E+00 6.940130000E+01 1.239650000E+01 2.615595260E-01
4.816690000E+00 6.941500000E+01 1.209940000E+01 2.573966770E-01
4.894600000E+00 6.942350000E+01 1.180880000E+01 2.532995546E-01
4.973770000E+00 6.942710000E+01 1.152480000E+01 2.492676581E-01
5.054210000E+00 6.942580000E+01 1.124710000E+01 2.453004525E-01
5.135960000E+00 6.941980000E+01 1.097580000E+01 2.413959610E-01
5.219030000E+00 6.940940000E+01 1.071050000E+01 2.375537217E-01
5.303440000E+00 6.939460000E+01 1.045150000E+01 2.337727965E-01
5.389220000E+00 6.937560000E+01 1.019810000E+01 2.300518442E-01
5.476390000E+00 6.935250000E+01 9.950740000E+00 2.263900124E-01
5.564970000E+00 6.932560000E+01 9.709050000E+00 2.227864661E-01
5.654980000E+00 6.929460000E+01 9.472650000E+00 2.192403863E-01
5.746440000E+00 6.925970000E+01 9.241970000E+00 2.157509693E-01
5.839390000E+00 6.922100000E+01 9.016630000E+00 2.123166975E-01
5.933830000E+00 6.917860000E+01 8.796490000E+00 2.089375665E-01
6.029810000E+00 6.913240000E+01 8.581460000E+00 2.056117854E-01
6.127330000E+00 6.908240000E+01 8.371380000E+00 2.023393550E-01
6.226440000E+00 6.902860000E+01 8.166370000E+00 1.991185975E-01
6.327150000E+00 6.897110000E+01 7.966230000E+00 1.959492030E-01
6.429480000E+00 6.890970000E+01 7.770720000E+00 1.928305244E-01
6.533480000E+00 6.884430000E+01 7.579770000E+00 1.897610462E-01
6.639150000E+00 6.877470000E+01 7.393390000E+00 1.867407725E-01
6.746540000E+00 6.870100000E+01 7.211440000E+00 1.837682723E-01
6.855650000E+00 6.862270000E+01 7.033620000E+00 1.808435378E-01
6.966540000E+00 6.853960000E+01 6.860320000E+00 1.779649582E-01
7.079220000E+00 6.845170000E+01 6.691100000E+00 1.751322886E-01
7.193720000E+00 6.835840000E+01 6.525740000E+00 1.723447674E-01
7.310070000E+00 6.825930000E+01 6.364550000E+00 1.696016591E-01
7.428310000E+00 6.815410000E+01 6.207130000E+00 1.669020275E-01
7.548450000E+00 6.804190000E+01 6.053410000E+00 1.642456398E-01
7.670540000E+00 6.792220000E+01 5.903580000E+00 1.616313845E-01
7.794610000E+00 6.779400000E+01 5.757200000E+00 1.590586315E-01
7.920680000E+00 6.765620000E+01 5.614350000E+00 1.565269649E-01
8.048790000E+00 6.750740000E+01 5.475010000E+00 1.540355755E-01
8.178980000E+00 6.734610000E+01 5.339110000E+00 1.515836938E-01
8.311260000E+00 6.717010000E+01 5.206460000E+00 1.491711245E-01
8.445690000E+00 6.697670000E+01 5.077050000E+00 1.467967685E-01
8.582290000E+00 6.676180000E+01 4.950390000E+00 1.444602781E-01
8.721110000E+00 6.652050000E+01 4.827200000E+00 1.421608029E-01
8.862160000E+00 6.624590000E+01 4.706860000E+00 1.398981738E-01
9.005500000E+00 6.592710000E+01 4.589420000E+00 1.376714230E-01
9.151160000E+00 6.554750000E+01 4.474890000E+00 1.354800921E-01
9.299170000E+00 6.507900000E+01 4.363180000E+00 1.333237267E-01
9.449580000E+00 6.446640000E+01 4.254040000E+00 1.312015984E-01
9.602420000E+00 6.357870000E+01 4.147650000E+00 1.291132860E-01
9.757730000E+00 6.194720000E+01 4.043840000E+00 1.270582400E-01
9.881000000E+00 4.747340000E+01 3.964420000E+00 1.254731302E-01
9.881200000E+00 4.747470000E+01 1.042070000E+01 1.254705906E-01
9.915550000E+00 5.944120000E+01 1.035420000E+01 1.250359284E-01
1.007590000E+01 6.301510000E+01 1.005270000E+01 1.230460803E-01
1.023890000E+01 6.418430000E+01 9.759910000E+00 1.210872262E-01
1.040450000E+01 6.480940000E+01 9.475670000E+00 1.191599789E-01
1.057280000E+01 6.513710000E+01 9.199700000E+00 1.172631659E-01
1.074380000E+01 6.521570000E+01 8.931780000E+00 1.153967870E-01
1.091760000E+01 6.495750000E+01 8.671650000E+00 1.135597567E-01
1.109420000E+01 6.348450000E+01 8.419110000E+00 1.117520867E-01
1.113600000E+01 5.705060000E+01 8.360920000E+00 1.113326149E-01
1.113620000E+01 5.705200000E+01 1.175880000E+01 1.113306155E-01
1.127360000E+01 6.501800000E+01 1.149020000E+01 1.099737440E-01
1.145590000E+01 6.597580000E+01 1.114810000E+01 1.082237101E-01
1.164120000E+01 6.596610000E+01 1.081620000E+01 1.065010480E-01
1.168140000E+01 6.353020000E+01 1.074620000E+01 1.061345387E-01
1.168160000E+01 6.353070000E+01 1.208310000E+01 1.061327215E-01
1.182950000E+01 6.703860000E+01 1.187230000E+01 1.048057822E-01
1.202080000E+01 6.783270000E+01 1.160880000E+01 1.031378943E-01
1.221530000E+01 6.840490000E+01 1.134880000E+01 1.014956653E-01
1.241280000E+01 6.887010000E+01 1.109230000E+01 9.988076824E-02
1.261360000E+01 6.926600000E+01 1.083950000E+01 9.829073381E-02
1.281760000E+01 6.961120000E+01 1.059050000E+01 9.672637623E-02
1.302500000E+01 6.991680000E+01 1.034530000E+01 9.518618042E-02
1.323560000E+01 7.019000000E+01 1.010390000E+01 9.367161292E-02
1.344970000E+01 7.043600000E+01 9.866560000E+00 9.218049473E-02
1.366720000E+01 7.065880000E+01 9.633160000E+00 9.071353313E-02
1.388830000E+01 7.086120000E+01 9.403790000E+00 8.926938502E-02
1.411290000E+01 7.104570000E+01 9.178460000E+00 8.784870579E-02
1.434120000E+01 7.121420000E+01 8.957200000E+00 8.645022732E-02
1.457310000E+01 7.136830000E+01 8.740000000E+00 8.507455517E-02
1.480890000E+01 7.150940000E+01 8.526890000E+00 8.371992518E-02
1.504840000E+01 7.163870000E+01 8.317840000E+00 8.238749635E-02
1.529180000E+01 7.175720000E+01 8.112860000E+00 8.107613231E-02
1.553910000E+01 7.186570000E+01 7.911940000E+00 7.978583058E-02
1.579040000E+01 7.196520000E+01 7.715030000E+00 7.851606039E-02
1.604580000E+01 7.205620000E+01 7.522150000E+00 7.726632514E-02
1.630540000E+01 7.213930000E+01 7.333230000E+00 7.603615980E-02
1.656910000E+01 7.221530000E+01 7.148270000E+00 7.482603159E-02
1.683710000E+01 7.228450000E+01 6.967230000E+00 7.363500840E-02
1.710940000E+01 7.234740000E+01 6.790060000E+00 7.246309046E-02
1.738610000E+01 7.240450000E+01 6.616730000E+00 7.130983947E-02
1.766740000E+01 7.245620000E+01 6.447190000E+00 7.017444559E-02
1.795310000E+01 7.250270000E+01 6.281400000E+00 6.905771148E-02
1.824350000E+01 7.254460000E+01 6.119310000E+00 6.795845096E-02
1.853860000E+01 7.258190000E+01 5.960880000E+00 6.687667893E-02
1.883840000E+01 7.261510000E+01 5.806050000E+00 6.581238322E-02
1.914310000E+01 7.264440000E+01 5.654770000E+00 6.476485000E-02
1.945270000E+01 7.267010000E+01 5.506990000E+00 6.373408319E-02
1.976740000E+01 7.269230000E+01 5.362650000E+00 6.271942694E-02
2.008710000E+01 7.271130000E+01 5.221700000E+00 6.172120416E-02
2.041200000E+01 7.272730000E+01 5.084080000E+00 6.073878111E-02
2.074210000E+01 7.274050000E+01 4.949740000E+00 5.977215422E-02
2.107760000E+01 7.275100000E+01 4.818610000E+00 5.882073860E-02
2.141850000E+01 7.275900000E+01 4.690650000E+00 5.788453907E-02
2.176500000E+01 7.276470000E+01 4.565800000E+00 5.696301401E-02
2.211700000E+01 7.276830000E+01 4.443990000E+00 5.605642718E-02
2.247470000E+01 7.276980000E+01 4.325170000E+00 5.516425136E-02
2.283820000E+01 7.276930000E+01 4.209290000E+00 5.428623972E-02
2.320760000E+01 7.276710000E+01 4.096280000E+00 5.342215481E-02
2.358300000E+01 7.276320000E+01 3.986080000E+00 5.257176780E-02
2.396440000E+01 7.275770000E+01 3.878650000E+00 5.173507369E-02
2.435200000E+01 7.275070000E+01 3.773920000E+00 5.091162943E-02
2.474590000E+01 7.274240000E+01 3.671850000E+00 5.010122889E-02
2.514620000E+01 7.273270000E+01 3.572360000E+00 4.930367213E-02
2.555290000E+01 7.272190000E+01 3.475410000E+00 4.851895480E-02
2.596620000E+01 7.270990000E+01 3.380950000E+00 4.774668608E-02
2.638610000E+01 7.269680000E+01 3.288910000E+00 4.698686051E-02
2.681290000E+01 7.268280000E+01 3.199250000E+00 4.623893723E-02
2.724660000E+01 7.266780000E+01 3.111910000E+00 4.550292514E-02
2.768730000E+01 7.265200000E+01 3.026840000E+00 4.477865303E-02
2.813510000E+01 7.263540000E+01 2.943990000E+00 4.406595320E-02
2.859020000E+01 7.261820000E+01 2.863310000E+00 4.336450952E-02
2.905260000E+01 7.260070000E+01 2.784750000E+00 4.267432175E-02
2.952250000E+01 7.258980000E+01 2.708250000E+00 4.199508849E-02
3.000000000E+01 7.253920000E+01 2.633780000E+00 4.132666667E-02
