# Data retrieved from henke.lbl.gov/optical_constants 03/01/2021
# Element, Tc  (Z = 43) 
# Atomic weight*, g mol-1 = 98.0 
# Nominal density*, g cm-3 =  0 
# Relativistic correction estimate f_rel(5CL)*,  e atom-1 =  0 
# Nuclear Thomson correction f_NT*, e atom-1 =  0 
#    E [keV]      f1 [e atom-1]      f2 [e atom-1]    Wavelength [nm] 
1.000000000E-02 -9.999000000E+03 1.168900000E+00 1.239800000E+02
1.016170000E-02 -9.999000000E+03 1.226300000E+00 1.220071445E+02
1.032610000E-02 -9.999000000E+03 1.286510000E+00 1.200646904E+02
1.049310000E-02 -9.999000000E+03 1.349680000E+00 1.181538344E+02
1.066280000E-02 -9.999000000E+03 1.415950000E+00 1.162733991E+02
1.083530000E-02 -9.999000000E+03 1.485470000E+00 1.144223049E+02
1.101060000E-02 -9.999000000E+03 1.558410000E+00 1.126005849E+02
1.118860000E-02 -9.999000000E+03 1.634930000E+00 1.108092165E+02
1.136960000E-02 -9.999000000E+03 1.715200000E+00 1.090451731E+02
1.155350000E-02 -9.999000000E+03 1.790600000E+00 1.073094733E+02
1.174040000E-02 -9.999000000E+03 1.858210000E+00 1.056011720E+02
1.193030000E-02 -9.999000000E+03 1.928370000E+00 1.039202702E+02
1.212320000E-02 -9.999000000E+03 2.001190000E+00 1.022667283E+02
1.231930000E-02 -9.999000000E+03 2.076750000E+00 1.006388350E+02
1.251860000E-02 -9.999000000E+03 2.156430000E+00 9.903663349E+01
1.272100000E-02 -9.999000000E+03 2.240830000E+00 9.746089144E+01
1.292680000E-02 -9.999000000E+03 2.328540000E+00 9.590927376E+01
1.313590000E-02 -9.999000000E+03 2.419670000E+00 9.438256990E+01
1.334830000E-02 -9.999000000E+03 2.510720000E+00 9.288074137E+01
1.356420000E-02 -9.999000000E+03 2.597150000E+00 9.140236800E+01
1.378360000E-02 -9.999000000E+03 2.686560000E+00 8.994747381E+01
1.400660000E-02 -9.999000000E+03 2.779040000E+00 8.851541416E+01
1.423310000E-02 -9.999000000E+03 2.874710000E+00 8.710681440E+01
1.446330000E-02 -9.999000000E+03 2.970730000E+00 8.572040959E+01
1.469730000E-02 -9.999000000E+03 3.066800000E+00 8.435562995E+01
1.493500000E-02 -9.999000000E+03 3.165980000E+00 8.301305658E+01
1.517650000E-02 -9.999000000E+03 3.268360000E+00 8.169208974E+01
1.542200000E-02 -9.999000000E+03 3.374060000E+00 8.039164829E+01
1.567140000E-02 -9.999000000E+03 3.468860000E+00 7.911226821E+01
1.592490000E-02 -9.999000000E+03 3.548050000E+00 7.785292215E+01
1.618250000E-02 -9.999000000E+03 3.629040000E+00 7.661362583E+01
1.644420000E-02 -9.999000000E+03 3.711880000E+00 7.539436397E+01
1.671020000E-02 -9.999000000E+03 3.796610000E+00 7.419420474E+01
1.698050000E-02 -9.999000000E+03 3.882920000E+00 7.301316216E+01
1.725510000E-02 -9.999000000E+03 3.969080000E+00 7.185122080E+01
1.753420000E-02 -9.999000000E+03 4.057150000E+00 7.070753157E+01
1.781780000E-02 -9.999000000E+03 4.147180000E+00 6.958210329E+01
1.810600000E-02 -9.999000000E+03 4.239200000E+00 6.847453883E+01
1.839890000E-02 -9.999000000E+03 4.333260000E+00 6.738446320E+01
1.869640000E-02 -9.999000000E+03 4.429420000E+00 6.631223123E+01
1.899880000E-02 -9.999000000E+03 4.527700000E+00 6.525675306E+01
1.930610000E-02 -9.999000000E+03 4.581740000E+00 6.421804507E+01
1.961840000E-02 -9.999000000E+03 4.636230000E+00 6.319577539E+01
1.993570000E-02 -9.999000000E+03 4.691490000E+00 6.218994066E+01
2.025820000E-02 -9.999000000E+03 4.748620000E+00 6.119990917E+01
2.058580000E-02 -9.999000000E+03 4.806460000E+00 6.022598102E+01
2.091880000E-02 -9.999000000E+03 4.864990000E+00 5.926726198E+01
2.125710000E-02 -9.999000000E+03 4.924240000E+00 5.832404232E+01
2.160090000E-02 -9.999000000E+03 4.984210000E+00 5.739575666E+01
2.195030000E-02 -9.999000000E+03 5.044910000E+00 5.648214375E+01
2.230530000E-02 -9.999000000E+03 5.106350000E+00 5.558320220E+01
2.266610000E-02 -9.999000000E+03 5.165040000E+00 5.469842628E+01
2.303270000E-02 -9.999000000E+03 5.192430000E+00 5.382781871E+01
2.340530000E-02 -9.999000000E+03 5.219960000E+00 5.297090830E+01
2.378380000E-02 -9.999000000E+03 5.247650000E+00 5.212791900E+01
2.416850000E-02 -9.999000000E+03 5.275480000E+00 5.129817738E+01
2.455940000E-02 -9.999000000E+03 5.303450000E+00 5.048168929E+01
2.495660000E-02 -9.999000000E+03 5.309740000E+00 4.967824143E+01
2.536030000E-02 -9.999000000E+03 5.299500000E+00 4.888743430E+01
2.577050000E-02 -9.999000000E+03 5.289290000E+00 4.810927223E+01
2.618730000E-02 -9.999000000E+03 5.279090000E+00 4.734355966E+01
2.661090000E-02 -9.999000000E+03 5.268920000E+00 4.658993119E+01
2.704130000E-02 -9.999000000E+03 5.258760000E+00 4.584838747E+01
2.747860000E-02 -9.999000000E+03 5.226520000E+00 4.511874695E+01
2.792310000E-02 -9.999000000E+03 5.165400000E+00 4.440051427E+01
2.837470000E-02 -9.999000000E+03 5.105000000E+00 4.369385403E+01
2.883370000E-02 -9.999000000E+03 5.045310000E+00 4.299829713E+01
2.930000000E-02 7.371660000E+00 4.986310000E+00 4.231399317E+01
2.977390000E-02 7.435090000E+00 4.925250000E+00 4.164049721E+01
3.025550000E-02 7.482670000E+00 4.813450000E+00 4.097767348E+01
3.074490000E-02 7.495470000E+00 4.704190000E+00 4.032538730E+01
3.124210000E-02 7.485780000E+00 4.597410000E+00 3.968363202E+01
3.174750000E-02 7.462060000E+00 4.489680000E+00 3.905189385E+01
3.226090000E-02 7.412430000E+00 4.368590000E+00 3.843042197E+01
3.278270000E-02 7.335200000E+00 4.250770000E+00 3.781872756E+01
3.331300000E-02 7.237230000E+00 4.128590000E+00 3.721670219E+01
3.385180000E-02 7.087840000E+00 3.990000000E+00 3.662434494E+01
3.439930000E-02 6.870340000E+00 3.863220000E+00 3.604143108E+01
3.495570000E-02 6.610760000E+00 3.789040000E+00 3.546774918E+01
3.552110000E-02 6.291200000E+00 3.732880000E+00 3.490319838E+01
3.609560000E-02 5.940670000E+00 3.754220000E+00 3.434767673E+01
3.667940000E-02 5.518990000E+00 3.831280000E+00 3.380098911E+01
3.727270000E-02 5.095330000E+00 3.977730000E+00 3.326295117E+01
3.787550000E-02 4.583410000E+00 4.267420000E+00 3.273356127E+01
3.848820000E-02 4.187560000E+00 4.684690000E+00 3.221247032E+01
3.911070000E-02 3.850000000E+00 5.142750000E+00 3.169976503E+01
3.974320000E-02 3.529040000E+00 5.645600000E+00 3.119527366E+01
4.038610000E-02 3.184210000E+00 6.227390000E+00 3.069868098E+01
4.103930000E-02 2.921300000E+00 6.993850000E+00 3.021006694E+01
4.170310000E-02 2.782500000E+00 7.854630000E+00 2.972920478E+01
4.237760000E-02 2.814060000E+00 8.821360000E+00 2.925602205E+01
4.306300000E-02 3.159310000E+00 9.808630000E+00 2.879037689E+01
4.375950000E-02 3.573130000E+00 1.058600000E+01 2.833213359E+01
4.446730000E-02 4.118580000E+00 1.133610000E+01 2.788116211E+01
4.518650000E-02 4.671360000E+00 1.200040000E+01 2.743739834E+01
4.591740000E-02 5.356190000E+00 1.270370000E+01 2.700065770E+01
4.666000000E-02 6.103110000E+00 1.314310000E+01 2.657093871E+01
4.741470000E-02 6.841150000E+00 1.359660000E+01 2.614800895E+01
4.818160000E-02 7.720590000E+00 1.396980000E+01 2.573181463E+01
4.896090000E-02 8.538170000E+00 1.418360000E+01 2.532224694E+01
4.975280000E-02 9.364730000E+00 1.440070000E+01 2.491920053E+01
5.055760000E-02 1.031790000E+01 1.462110000E+01 2.452252480E+01
5.137530000E-02 1.135790000E+01 1.449110000E+01 2.413221918E+01
5.220620000E-02 1.219960000E+01 1.425520000E+01 2.374813719E+01
5.305060000E-02 1.297250000E+01 1.402310000E+01 2.337014096E+01
5.390870000E-02 1.375870000E+01 1.379480000E+01 2.299814316E+01
5.478060000E-02 1.472000000E+01 1.340120000E+01 2.263209968E+01
5.566670000E-02 1.538200000E+01 1.265850000E+01 2.227184295E+01
5.656700000E-02 1.576990000E+01 1.198120000E+01 2.191737232E+01
5.748200000E-02 1.607900000E+01 1.148170000E+01 2.156849101E+01
5.841170000E-02 1.637300000E+01 1.100310000E+01 2.122519975E+01
5.935640000E-02 1.664730000E+01 1.054430000E+01 2.088738535E+01
6.031650000E-02 1.688620000E+01 1.008090000E+01 2.055490620E+01
6.129210000E-02 1.708690000E+01 9.637850000E+00 2.022772919E+01
6.228340000E-02 1.725990000E+01 9.214310000E+00 1.990578549E+01
6.329080000E-02 1.741210000E+01 8.809390000E+00 1.958894500E+01
6.431450000E-02 1.755050000E+01 8.422240000E+00 1.927714590E+01
6.535470000E-02 1.768710000E+01 8.052120000E+00 1.897032654E+01
6.641180000E-02 1.785660000E+01 7.658870000E+00 1.866836918E+01
6.748590000E-02 1.795480000E+01 7.215690000E+00 1.837124496E+01
6.857750000E-02 1.800800000E+01 6.798170000E+00 1.807881594E+01
6.968670000E-02 1.804070000E+01 6.404800000E+00 1.779105626E+01
7.081380000E-02 1.808800000E+01 5.996280000E+00 1.750788688E+01
7.195910000E-02 1.805440000E+01 5.561110000E+00 1.722923161E+01
7.312300000E-02 1.796230000E+01 5.157540000E+00 1.695499364E+01
7.430570000E-02 1.782360000E+01 4.822220000E+00 1.668512644E+01
7.550760000E-02 1.770020000E+01 4.531990000E+00 1.641953923E+01
7.672890000E-02 1.758080000E+01 4.259220000E+00 1.615818811E+01
7.796990000E-02 1.745180000E+01 4.002870000E+00 1.590100795E+01
7.923100000E-02 1.729830000E+01 3.785620000E+00 1.564791559E+01
8.051250000E-02 1.717760000E+01 3.606750000E+00 1.539885111E+01
8.181470000E-02 1.708290000E+01 3.436340000E+00 1.515375599E+01
8.313800000E-02 1.702350000E+01 3.264440000E+00 1.491255503E+01
8.448270000E-02 1.694180000E+01 3.029630000E+00 1.467519386E+01
8.584910000E-02 1.682640000E+01 2.811710000E+00 1.444161907E+01
8.723770000E-02 1.668820000E+01 2.616120000E+00 1.421174561E+01
8.864870000E-02 1.654820000E+01 2.439980000E+00 1.398554068E+01
9.008250000E-02 1.640670000E+01 2.275690000E+00 1.376293953E+01
9.153950000E-02 1.626460000E+01 2.122470000E+00 1.354387996E+01
9.302010000E-02 1.611650000E+01 1.968210000E+00 1.332830216E+01
9.452460000E-02 1.595710000E+01 1.824560000E+00 1.311616235E+01
9.605350000E-02 1.578410000E+01 1.691400000E+00 1.290739015E+01
9.760710000E-02 1.560450000E+01 1.585920000E+00 1.270194484E+01
9.918580000E-02 1.543150000E+01 1.492490000E+00 1.249977315E+01
1.007900000E-01 1.525490000E+01 1.404560000E+00 1.230082349E+01
1.024200000E-01 1.505460000E+01 1.331540000E+00 1.210505761E+01
1.040770000E-01 1.487070000E+01 1.301030000E+00 1.191233414E+01
1.057600000E-01 1.469820000E+01 1.275220000E+00 1.172276853E+01
1.074710000E-01 1.453760000E+01 1.260460000E+00 1.153613533E+01
1.092090000E-01 1.438010000E+01 1.245870000E+00 1.135254420E+01
1.109750000E-01 1.422490000E+01 1.248190000E+00 1.117188556E+01
1.127700000E-01 1.407990000E+01 1.255350000E+00 1.099405870E+01
1.145940000E-01 1.393590000E+01 1.270650000E+00 1.081906557E+01
1.164480000E-01 1.380440000E+01 1.294760000E+00 1.064681231E+01
1.183310000E-01 1.368000000E+01 1.319330000E+00 1.047738970E+01
1.202450000E-01 1.355630000E+01 1.345120000E+00 1.031061583E+01
1.221900000E-01 1.343870000E+01 1.380770000E+00 1.014649317E+01
1.241660000E-01 1.332800000E+01 1.417380000E+00 9.985020054E+00
1.261750000E-01 1.322130000E+01 1.454950000E+00 9.826035268E+00
1.282150000E-01 1.311490000E+01 1.493520000E+00 9.669695433E+00
1.302890000E-01 1.301210000E+01 1.541530000E+00 9.515768791E+00
1.323970000E-01 1.291650000E+01 1.591940000E+00 9.364260519E+00
1.345380000E-01 1.282630000E+01 1.644000000E+00 9.215240304E+00
1.367140000E-01 1.274150000E+01 1.697760000E+00 9.068566496E+00
1.389250000E-01 1.266480000E+01 1.753280000E+00 8.924239698E+00
1.411720000E-01 1.259290000E+01 1.798790000E+00 8.782194770E+00
1.434560000E-01 1.251840000E+01 1.843040000E+00 8.642371180E+00
1.457760000E-01 1.244310000E+01 1.888380000E+00 8.504829327E+00
1.481340000E-01 1.236830000E+01 1.934260000E+00 8.369449282E+00
1.505300000E-01 1.229390000E+01 1.980950000E+00 8.236231980E+00
1.529640000E-01 1.222040000E+01 2.028770000E+00 8.105175074E+00
1.554390000E-01 1.214810000E+01 2.077740000E+00 7.976119249E+00
1.579530000E-01 1.207810000E+01 2.127900000E+00 7.849170323E+00
1.605070000E-01 1.201510000E+01 2.179260000E+00 7.724273708E+00
1.631030000E-01 1.195370000E+01 2.217500000E+00 7.601331674E+00
1.657420000E-01 1.188530000E+01 2.252970000E+00 7.480300708E+00
1.684220000E-01 1.181360000E+01 2.289010000E+00 7.361271093E+00
1.711460000E-01 1.174110000E+01 2.325620000E+00 7.244107370E+00
1.739150000E-01 1.167430000E+01 2.357990000E+00 7.128769801E+00
1.767270000E-01 1.159670000E+01 2.376640000E+00 7.015340044E+00
1.795860000E-01 1.150910000E+01 2.395440000E+00 6.903656187E+00
1.824910000E-01 1.141350000E+01 2.414390000E+00 6.793759692E+00
1.854420000E-01 1.131030000E+01 2.433580000E+00 6.685648343E+00
1.884420000E-01 1.119990000E+01 2.453030000E+00 6.579212702E+00
1.914890000E-01 1.108170000E+01 2.472640000E+00 6.474523341E+00
1.945870000E-01 1.095570000E+01 2.492390000E+00 6.371443108E+00
1.977340000E-01 1.082230000E+01 2.512320000E+00 6.270039548E+00
2.009320000E-01 1.067810000E+01 2.526810000E+00 6.170246651E+00
2.041820000E-01 1.052010000E+01 2.541170000E+00 6.072033774E+00
2.074850000E-01 1.034730000E+01 2.555620000E+00 5.975371714E+00
2.108400000E-01 1.015840000E+01 2.570150000E+00 5.880288370E+00
2.142510000E-01 9.950730000E+00 2.585660000E+00 5.786670774E+00
2.177160000E-01 9.723170000E+00 2.602380000E+00 5.694574583E+00
2.212370000E-01 9.471490000E+00 2.619210000E+00 5.603945091E+00
2.248160000E-01 9.187360000E+00 2.636370000E+00 5.514732048E+00
2.284520000E-01 8.863880000E+00 2.665240000E+00 5.426960587E+00
2.321470000E-01 8.505990000E+00 2.709370000E+00 5.340581614E+00
2.359020000E-01 8.064190000E+00 2.765570000E+00 5.255572229E+00
2.397170000E-01 7.609290000E+00 2.919460000E+00 5.171931903E+00
2.435950000E-01 7.146700000E+00 3.081930000E+00 5.089595435E+00
2.475350000E-01 6.619800000E+00 3.253430000E+00 5.008584645E+00
2.515380000E-01 6.054360000E+00 3.538830000E+00 4.928877545E+00
2.556070000E-01 5.470500000E+00 3.833350000E+00 4.850414895E+00
2.597410000E-01 4.702380000E+00 4.190800000E+00 4.773216396E+00
2.639420000E-01 3.870480000E+00 4.739850000E+00 4.697244092E+00
2.682110000E-01 3.086380000E+00 5.627850000E+00 4.622480062E+00
2.725490000E-01 2.421750000E+00 6.682230000E+00 4.548906802E+00
2.769570000E-01 1.925260000E+00 7.926840000E+00 4.476507183E+00
2.814370000E-01 1.740730000E+00 9.379680000E+00 4.405248777E+00
2.859890000E-01 1.786650000E+00 1.062470000E+01 4.335131771E+00
2.906150000E-01 2.109130000E+00 1.195870000E+01 4.266125286E+00
2.953150000E-01 2.462630000E+00 1.293000000E+01 4.198229010E+00
3.000920000E-01 2.866460000E+00 1.398020000E+01 4.131399704E+00
3.049450000E-01 3.371080000E+00 1.490000000E+01 4.065651183E+00
3.098780000E-01 3.870910000E+00 1.578290000E+01 4.000929398E+00
3.148900000E-01 4.544410000E+00 1.665370000E+01 3.937247928E+00
3.199830000E-01 5.191360000E+00 1.735450000E+01 3.874580837E+00
3.251580000E-01 5.955510000E+00 1.801670000E+01 3.812915567E+00
3.304180000E-01 6.635230000E+00 1.849300000E+01 3.752216889E+00
3.357620000E-01 7.245870000E+00 1.897720000E+01 3.692496471E+00
3.411920000E-01 7.843970000E+00 1.944890000E+01 3.633731154E+00
3.467110000E-01 8.447740000E+00 1.993240000E+01 3.575888853E+00
3.523190000E-01 9.094720000E+00 2.042800000E+01 3.518970024E+00
3.580170000E-01 9.900550000E+00 2.083650000E+01 3.462964049E+00
3.638080000E-01 1.061740000E+01 2.107510000E+01 3.407841499E+00
3.696920000E-01 1.124070000E+01 2.131630000E+01 3.353602458E+00
3.756720000E-01 1.184060000E+01 2.156040000E+01 3.300219340E+00
3.817480000E-01 1.242930000E+01 2.181450000E+01 3.247692195E+00
3.879220000E-01 1.302400000E+01 2.207540000E+01 3.196003320E+00
3.941970000E-01 1.363470000E+01 2.233940000E+01 3.145127944E+00
4.005730000E-01 1.427150000E+01 2.260650000E+01 3.095066318E+00
4.070520000E-01 1.502720000E+01 2.287680000E+01 3.045802502E+00
4.136350000E-01 1.578470000E+01 2.293700000E+01 2.997328563E+00
4.203260000E-01 1.643980000E+01 2.295620000E+01 2.949615299E+00
4.271240000E-01 1.704140000E+01 2.297550000E+01 2.902669951E+00
4.340320000E-01 1.758850000E+01 2.299480000E+01 2.856471412E+00
4.410520000E-01 1.806840000E+01 2.308740000E+01 2.811006412E+00
4.481860000E-01 1.868860000E+01 2.330230000E+01 2.766262221E+00
4.554350000E-01 1.950370000E+01 2.338510000E+01 2.722232591E+00
4.628020000E-01 2.017950000E+01 2.325040000E+01 2.678899400E+00
4.702870000E-01 2.077070000E+01 2.313370000E+01 2.636262538E+00
4.778940000E-01 2.132620000E+01 2.301760000E+01 2.594299154E+00
4.856230000E-01 2.185140000E+01 2.290220000E+01 2.553009227E+00
4.934780000E-01 2.235220000E+01 2.278730000E+01 2.512371372E+00
5.014590000E-01 2.282950000E+01 2.267260000E+01 2.472385579E+00
5.095700000E-01 2.327980000E+01 2.255900000E+01 2.433031772E+00
5.178120000E-01 2.367780000E+01 2.246310000E+01 2.394305269E+00
5.261870000E-01 2.405090000E+01 2.242720000E+01 2.356196561E+00
5.346980000E-01 2.445140000E+01 2.250470000E+01 2.318692047E+00
5.433460000E-01 2.498150000E+01 2.263910000E+01 2.281787296E+00
5.521340000E-01 2.569470000E+01 2.277400000E+01 2.245469397E+00
5.610650000E-01 2.651800000E+01 2.260370000E+01 2.209726146E+00
5.701390000E-01 2.722040000E+01 2.228800000E+01 2.174557432E+00
5.793610000E-01 2.778090000E+01 2.195350000E+01 2.139943835E+00
5.887320000E-01 2.828290000E+01 2.162840000E+01 2.105881793E+00
5.982540000E-01 2.874660000E+01 2.131080000E+01 2.072363912E+00
6.079300000E-01 2.918080000E+01 2.099750000E+01 2.039379534E+00
6.177630000E-01 2.959170000E+01 2.068890000E+01 2.006918511E+00
6.277550000E-01 2.998810000E+01 2.038370000E+01 1.974974313E+00
6.379080000E-01 3.037140000E+01 2.007010000E+01 1.943540448E+00
6.482260000E-01 3.073440000E+01 1.974070000E+01 1.912604555E+00
6.587110000E-01 3.105880000E+01 1.940330000E+01 1.882160765E+00
6.693650000E-01 3.134270000E+01 1.907130000E+01 1.852203208E+00
6.801910000E-01 3.159230000E+01 1.878400000E+01 1.822723323E+00
6.911930000E-01 3.185120000E+01 1.853080000E+01 1.793710295E+00
7.023720000E-01 3.214440000E+01 1.828620000E+01 1.765161481E+00
7.137330000E-01 3.244630000E+01 1.800800000E+01 1.737064140E+00
7.252770000E-01 3.271850000E+01 1.770910000E+01 1.709415851E+00
7.370080000E-01 3.297020000E+01 1.741610000E+01 1.682206977E+00
7.489280000E-01 3.320890000E+01 1.712770000E+01 1.655432832E+00
7.610420000E-01 3.343780000E+01 1.684390000E+01 1.629082232E+00
7.733510000E-01 3.366020000E+01 1.656260000E+01 1.603153031E+00
7.858590000E-01 3.387490000E+01 1.627870000E+01 1.577636701E+00
7.985700000E-01 3.407510000E+01 1.599370000E+01 1.552525139E+00
8.114860000E-01 3.426370000E+01 1.571370000E+01 1.527814405E+00
8.246110000E-01 3.444330000E+01 1.543870000E+01 1.503496800E+00
8.379490000E-01 3.461600000E+01 1.516840000E+01 1.479564985E+00
8.515020000E-01 3.478240000E+01 1.490020000E+01 1.456015370E+00
8.652740000E-01 3.494220000E+01 1.463360000E+01 1.432840927E+00
8.792690000E-01 3.509290000E+01 1.436910000E+01 1.410034927E+00
8.934910000E-01 3.523640000E+01 1.410940000E+01 1.387590921E+00
9.079430000E-01 3.537470000E+01 1.385430000E+01 1.365504222E+00
9.226280000E-01 3.551280000E+01 1.360380000E+01 1.343770187E+00
9.375510000E-01 3.564450000E+01 1.334460000E+01 1.322381396E+00
9.527150000E-01 3.576700000E+01 1.308700000E+01 1.301333557E+00
9.681240000E-01 3.587890000E+01 1.283140000E+01 1.280621077E+00
9.837830000E-01 3.598300000E+01 1.258090000E+01 1.260237268E+00
9.996950000E-01 3.608160000E+01 1.233450000E+01 1.240178254E+00
1.015860000E+00 3.617680000E+01 1.209190000E+01 1.220443762E+00
1.032290000E+00 3.626520000E+01 1.184640000E+01 1.201019093E+00
1.048990000E+00 3.634600000E+01 1.160340000E+01 1.181898779E+00
1.065960000E+00 3.641730000E+01 1.136280000E+01 1.163083043E+00
1.083200000E+00 3.648090000E+01 1.112720000E+01 1.144571640E+00
1.100720000E+00 3.653800000E+01 1.089650000E+01 1.126353659E+00
1.118520000E+00 3.658930000E+01 1.067050000E+01 1.108428995E+00
1.136610000E+00 3.663500000E+01 1.044910000E+01 1.090787517E+00
1.155000000E+00 3.667560000E+01 1.023230000E+01 1.073419913E+00
1.173680000E+00 3.671150000E+01 1.002010000E+01 1.056335628E+00
1.192660000E+00 3.674290000E+01 9.812290000E+00 1.039525095E+00
1.211950000E+00 3.676990000E+01 9.608760000E+00 1.022979496E+00
1.231550000E+00 3.679270000E+01 9.409490000E+00 1.006698875E+00
1.251470000E+00 3.681160000E+01 9.214580000E+00 9.906749662E-01
1.271720000E+00 3.682670000E+01 9.023980000E+00 9.749001352E-01
1.292290000E+00 3.683860000E+01 8.837640000E+00 9.593821820E-01
1.313190000E+00 3.684720000E+01 8.654980000E+00 9.441131900E-01
1.334430000E+00 3.685260000E+01 8.476130000E+00 9.290858269E-01
1.356010000E+00 3.685490000E+01 8.301030000E+00 9.143000420E-01
1.377940000E+00 3.685420000E+01 8.129480000E+00 8.997489005E-01
1.400230000E+00 3.685050000E+01 7.961520000E+00 8.854259657E-01
1.422880000E+00 3.684440000E+01 7.797150000E+00 8.713313842E-01
1.445890000E+00 3.683610000E+01 7.636130000E+00 8.574649524E-01
1.469280000E+00 3.682640000E+01 7.477440000E+00 8.438146575E-01
1.493040000E+00 3.681550000E+01 7.320560000E+00 8.303863259E-01
1.517190000E+00 3.679980000E+01 7.160850000E+00 8.171685814E-01
1.541730000E+00 3.677800000E+01 7.003790000E+00 8.041615588E-01
1.566670000E+00 3.675050000E+01 6.850160000E+00 7.913600184E-01
1.592010000E+00 3.671870000E+01 6.700090000E+00 7.787639525E-01
1.617760000E+00 3.668270000E+01 6.553280000E+00 7.663683117E-01
1.643920000E+00 3.664270000E+01 6.409590000E+00 7.541729525E-01
1.670510000E+00 3.659830000E+01 6.268930000E+00 7.421685593E-01
1.697530000E+00 3.654980000E+01 6.131450000E+00 7.303552809E-01
1.724990000E+00 3.649840000E+01 5.997140000E+00 7.187288042E-01
1.752890000E+00 3.644250000E+01 5.863280000E+00 7.072891054E-01
1.781240000E+00 3.638070000E+01 5.731510000E+00 6.960319777E-01
1.810050000E+00 3.631290000E+01 5.601970000E+00 6.849534543E-01
1.839320000E+00 3.623870000E+01 5.475390000E+00 6.740534545E-01
1.869070000E+00 3.615820000E+01 5.351780000E+00 6.633245411E-01
1.899300000E+00 3.607150000E+01 5.231180000E+00 6.527668088E-01
1.930020000E+00 3.597790000E+01 5.112900000E+00 6.423767629E-01
1.961240000E+00 3.587650000E+01 4.997370000E+00 6.321510881E-01
1.992960000E+00 3.576660000E+01 4.884810000E+00 6.220897559E-01
2.025200000E+00 3.565010000E+01 4.776240000E+00 6.121864507E-01
2.057950000E+00 3.552410000E+01 4.666950000E+00 6.024441799E-01
2.091240000E+00 3.538580000E+01 4.559790000E+00 5.928540005E-01
2.125060000E+00 3.523460000E+01 4.454780000E+00 5.834188211E-01
2.159430000E+00 3.506880000E+01 4.351920000E+00 5.741329888E-01
2.194360000E+00 3.488640000E+01 4.251150000E+00 5.649938934E-01
2.229850000E+00 3.468440000E+01 4.152410000E+00 5.560015248E-01
2.265920000E+00 3.445950000E+01 4.055680000E+00 5.471508262E-01
2.302570000E+00 3.420720000E+01 3.960960000E+00 5.384418280E-01
2.339810000E+00 3.392120000E+01 3.868110000E+00 5.298720836E-01
2.377660000E+00 3.359340000E+01 3.777220000E+00 5.214370431E-01
2.416110000E+00 3.321180000E+01 3.688160000E+00 5.131388885E-01
2.455190000E+00 3.275850000E+01 3.600950000E+00 5.049711020E-01
2.494900000E+00 3.220520000E+01 3.515520000E+00 4.969337448E-01
2.535260000E+00 3.150200000E+01 3.431860000E+00 4.890228221E-01
2.576260000E+00 3.054820000E+01 3.349940000E+00 4.812402475E-01
2.617930000E+00 2.907940000E+01 3.269690000E+00 4.735802714E-01
2.660270000E+00 2.572830000E+01 3.191100000E+00 4.660429205E-01
2.676800000E+00 1.283190000E+01 3.161270000E+00 4.631649731E-01
2.677000000E+00 1.283360000E+01 1.106930000E+01 4.631303698E-01
2.703300000E+00 2.667080000E+01 1.090970000E+01 4.586246440E-01
2.747030000E+00 2.844830000E+01 1.065270000E+01 4.513237933E-01
2.791460000E+00 2.569810000E+01 1.040160000E+01 4.441403423E-01
2.793100000E+00 2.217570000E+01 1.039250000E+01 4.438795603E-01
2.793300000E+00 2.218030000E+01 1.430740000E+01 4.438477786E-01
2.836610000E+00 3.060580000E+01 1.407490000E+01 4.370710108E-01
2.882490000E+00 3.217110000E+01 1.383660000E+01 4.301142415E-01
2.929110000E+00 3.319560000E+01 1.360290000E+01 4.232685014E-01
2.976480000E+00 3.390610000E+01 1.337280000E+01 4.165322797E-01
3.024630000E+00 3.416760000E+01 1.314680000E+01 4.099013764E-01
3.042400000E+00 3.226610000E+01 1.306520000E+01 4.075072311E-01
3.042600000E+00 3.227000000E+01 1.439220000E+01 4.074804444E-01
3.073550000E+00 3.515550000E+01 1.418710000E+01 4.033772023E-01
3.123260000E+00 3.617630000E+01 1.386800000E+01 3.969570257E-01
3.173780000E+00 3.691580000E+01 1.355390000E+01 3.906382925E-01
3.225110000E+00 3.752660000E+01 1.324420000E+01 3.844209965E-01
3.277270000E+00 3.805310000E+01 1.293950000E+01 3.783026727E-01
3.330280000E+00 3.851720000E+01 1.263970000E+01 3.722810094E-01
3.384150000E+00 3.893100000E+01 1.234430000E+01 3.663549193E-01
3.438880000E+00 3.930380000E+01 1.205470000E+01 3.605243568E-01
3.494500000E+00 3.964180000E+01 1.176960000E+01 3.547860924E-01
3.551020000E+00 3.994930000E+01 1.148950000E+01 3.491391206E-01
3.608460000E+00 4.023030000E+01 1.121470000E+01 3.435814724E-01
3.666820000E+00 4.048760000E+01 1.094480000E+01 3.381131335E-01
3.726130000E+00 4.072410000E+01 1.068050000E+01 3.327312788E-01
3.786400000E+00 4.094210000E+01 1.042080000E+01 3.274350306E-01
3.847640000E+00 4.114210000E+01 1.016560000E+01 3.222234928E-01
3.909870000E+00 4.132630000E+01 9.916100000E+00 3.170949418E-01
3.973110000E+00 4.149640000E+01 9.671510000E+00 3.120477409E-01
4.037380000E+00 4.165330000E+01 9.431920000E+00 3.070803343E-01
4.102680000E+00 4.179800000E+01 9.197190000E+00 3.021927131E-01
4.169030000E+00 4.193150000E+01 8.967360000E+00 2.973833242E-01
4.236460000E+00 4.205460000E+01 8.742430000E+00 2.926499955E-01
4.304980000E+00 4.216810000E+01 8.522250000E+00 2.879920464E-01
4.374620000E+00 4.227250000E+01 8.306750000E+00 2.834074731E-01
4.445370000E+00 4.236860000E+01 8.095940000E+00 2.788969197E-01
4.517270000E+00 4.245680000E+01 7.889830000E+00 2.744578031E-01
4.590330000E+00 4.253780000E+01 7.688280000E+00 2.700895143E-01
4.664580000E+00 4.261190000E+01 7.491200000E+00 2.657902748E-01
4.740030000E+00 4.267970000E+01 7.298600000E+00 2.615595260E-01
4.816690000E+00 4.274150000E+01 7.110470000E+00 2.573966770E-01
4.894600000E+00 4.279780000E+01 6.926600000E+00 2.532995546E-01
4.973770000E+00 4.284880000E+01 6.746870000E+00 2.492676581E-01
5.054210000E+00 4.289480000E+01 6.571460000E+00 2.453004525E-01
5.135960000E+00 4.293630000E+01 6.400080000E+00 2.413959610E-01
5.219030000E+00 4.297340000E+01 6.232820000E+00 2.375537217E-01
5.303440000E+00 4.300650000E+01 6.069490000E+00 2.337727965E-01
5.389220000E+00 4.303580000E+01 5.910100000E+00 2.300518442E-01
5.476390000E+00 4.306160000E+01 5.754500000E+00 2.263900124E-01
5.564970000E+00 4.308390000E+01 5.602650000E+00 2.227864661E-01
5.654980000E+00 4.310310000E+01 5.454550000E+00 2.192403863E-01
5.746440000E+00 4.311940000E+01 5.309980000E+00 2.157509693E-01
5.839390000E+00 4.313290000E+01 5.169040000E+00 2.123166975E-01
5.933830000E+00 4.314370000E+01 5.031500000E+00 2.089375665E-01
6.029810000E+00 4.315210000E+01 4.897380000E+00 2.056117854E-01
6.127330000E+00 4.315820000E+01 4.766660000E+00 2.023393550E-01
6.226440000E+00 4.316210000E+01 4.639160000E+00 1.991185975E-01
6.327150000E+00 4.316400000E+01 4.514950000E+00 1.959492030E-01
6.429480000E+00 4.316410000E+01 4.393810000E+00 1.928305244E-01
6.533480000E+00 4.316230000E+01 4.275690000E+00 1.897610462E-01
6.639150000E+00 4.315890000E+01 4.160570000E+00 1.867407725E-01
6.746540000E+00 4.315390000E+01 4.048400000E+00 1.837682723E-01
6.855650000E+00 4.314740000E+01 3.939120000E+00 1.808435378E-01
6.966540000E+00 4.313950000E+01 3.832610000E+00 1.779649582E-01
7.079220000E+00 4.313040000E+01 3.728910000E+00 1.751322886E-01
7.193720000E+00 4.312010000E+01 3.627860000E+00 1.723447674E-01
7.310070000E+00 4.310860000E+01 3.529340000E+00 1.696016591E-01
7.428310000E+00 4.309610000E+01 3.433560000E+00 1.669020275E-01
7.548450000E+00 4.308270000E+01 3.340070000E+00 1.642456398E-01
7.670540000E+00 4.306830000E+01 3.249080000E+00 1.616313845E-01
7.794610000E+00 4.305300000E+01 3.160520000E+00 1.590586315E-01
7.920680000E+00 4.303700000E+01 3.074240000E+00 1.565269649E-01
8.048790000E+00 4.302010000E+01 2.990230000E+00 1.540355755E-01
8.178980000E+00 4.300260000E+01 2.908490000E+00 1.515836938E-01
8.311260000E+00 4.298440000E+01 2.828870000E+00 1.491711245E-01
8.445690000E+00 4.296570000E+01 2.751440000E+00 1.467967685E-01
8.582290000E+00 4.294640000E+01 2.675840000E+00 1.444602781E-01
8.721110000E+00 4.292650000E+01 2.602430000E+00 1.421608029E-01
8.862160000E+00 4.290610000E+01 2.530910000E+00 1.398981738E-01
9.005500000E+00 4.288530000E+01 2.461270000E+00 1.376714230E-01
9.151160000E+00 4.286390000E+01 2.393550000E+00 1.354800921E-01
9.299170000E+00 4.284220000E+01 2.327690000E+00 1.333237267E-01
9.449580000E+00 4.282010000E+01 2.263600000E+00 1.312015984E-01
9.602420000E+00 4.279770000E+01 2.201110000E+00 1.291132860E-01
9.757730000E+00 4.277490000E+01 2.140330000E+00 1.270582400E-01
9.915550000E+00 4.275170000E+01 2.081230000E+00 1.250359284E-01
1.007590000E+01 4.272820000E+01 2.023690000E+00 1.230460803E-01
1.023890000E+01 4.270440000E+01 1.967710000E+00 1.210872262E-01
1.040450000E+01 4.268030000E+01 1.913240000E+00 1.191599789E-01
1.057280000E+01 4.265590000E+01 1.860240000E+00 1.172631659E-01
1.074380000E+01 4.263120000E+01 1.808680000E+00 1.153967870E-01
1.091760000E+01 4.260620000E+01 1.758510000E+00 1.135597567E-01
1.109420000E+01 4.258080000E+01 1.709700000E+00 1.117520867E-01
1.127360000E+01 4.255520000E+01 1.662220000E+00 1.099737440E-01
1.145590000E+01 4.252930000E+01 1.616030000E+00 1.082237101E-01
1.164120000E+01 4.250300000E+01 1.571090000E+00 1.065010480E-01
1.182950000E+01 4.247640000E+01 1.527370000E+00 1.048057822E-01
1.202080000E+01 4.244940000E+01 1.484850000E+00 1.031378943E-01
1.221530000E+01 4.242210000E+01 1.443480000E+00 1.014956653E-01
1.241280000E+01 4.239430000E+01 1.403240000E+00 9.988076824E-02
1.261360000E+01 4.236610000E+01 1.364100000E+00 9.829073381E-02
1.281760000E+01 4.233750000E+01 1.326030000E+00 9.672637623E-02
1.302500000E+01 4.230830000E+01 1.288990000E+00 9.518618042E-02
1.323560000E+01 4.227860000E+01 1.252970000E+00 9.367161292E-02
1.344970000E+01 4.224830000E+01 1.217930000E+00 9.218049473E-02
1.366720000E+01 4.221730000E+01 1.183850000E+00 9.071353313E-02
1.388830000E+01 4.218560000E+01 1.150700000E+00 8.926938502E-02
1.411290000E+01 4.215310000E+01 1.118460000E+00 8.784870579E-02
1.434120000E+01 4.211960000E+01 1.087090000E+00 8.645022732E-02
1.457310000E+01 4.208520000E+01 1.056590000E+00 8.507455517E-02
1.480890000E+01 4.204960000E+01 1.026920000E+00 8.371992518E-02
1.504840000E+01 4.201280000E+01 9.980650000E-01 8.238749635E-02
1.529180000E+01 4.197450000E+01 9.699970000E-01 8.107613231E-02
1.553910000E+01 4.193470000E+01 9.426990000E-01 7.978583058E-02
1.579040000E+01 4.189300000E+01 9.161460000E-01 7.851606039E-02
1.604580000E+01 4.184920000E+01 8.903200000E-01 7.726632514E-02
1.630540000E+01 4.180290000E+01 8.652010000E-01 7.603615980E-02
1.656910000E+01 4.175390000E+01 8.407690000E-01 7.482603159E-02
1.683710000E+01 4.170170000E+01 8.170060000E-01 7.363500840E-02
1.710940000E+01 4.164560000E+01 7.938920000E-01 7.246309046E-02
1.738610000E+01 4.158490000E+01 7.714110000E-01 7.130983947E-02
1.766740000E+01 4.151880000E+01 7.495430000E-01 7.017444559E-02
1.795310000E+01 4.144600000E+01 7.282740000E-01 6.905771148E-02
1.824350000E+01 4.136500000E+01 7.075850000E-01 6.795845096E-02
1.853860000E+01 4.127350000E+01 6.874610000E-01 6.687667893E-02
1.883840000E+01 4.116850000E+01 6.678870000E-01 6.581238322E-02
1.914310000E+01 4.104520000E+01 6.488470000E-01 6.476485000E-02
1.945270000E+01 4.089650000E+01 6.303270000E-01 6.373408319E-02
1.976740000E+01 4.070970000E+01 6.123100000E-01 6.271942694E-02
2.008710000E+01 4.046100000E+01 5.947860000E-01 6.172120416E-02
2.041200000E+01 4.009450000E+01 5.777380000E-01 6.073878111E-02
2.074210000E+01 3.942020000E+01 5.611540000E-01 5.977215422E-02
2.104390000E+01 3.158020000E+01 5.466320000E-01 5.891493497E-02
2.104410000E+01 3.158040000E+01 3.656330000E+00 5.891437505E-02
2.107760000E+01 3.734160000E+01 3.647360000E+00 5.882073860E-02
2.141850000E+01 3.980130000E+01 3.558200000E+00 5.788453907E-02
2.176500000E+01 4.049750000E+01 3.470640000E+00 5.696301401E-02
2.211700000E+01 4.092620000E+01 3.384680000E+00 5.605642718E-02
2.247470000E+01 4.123750000E+01 3.300330000E+00 5.516425136E-02
2.283820000E+01 4.148150000E+01 3.217590000E+00 5.428623972E-02
2.320760000E+01 4.168130000E+01 3.136460000E+00 5.342215481E-02
2.358300000E+01 4.184960000E+01 3.056940000E+00 5.257176780E-02
2.396440000E+01 4.199430000E+01 2.979010000E+00 5.173507369E-02
2.435200000E+01 4.212030000E+01 2.902680000E+00 5.091162943E-02
2.474590000E+01 4.223140000E+01 2.827930000E+00 5.010122889E-02
2.514620000E+01 4.233000000E+01 2.754750000E+00 4.930367213E-02
2.555290000E+01 4.241810000E+01 2.683130000E+00 4.851895480E-02
2.596620000E+01 4.249720000E+01 2.613050000E+00 4.774668608E-02
2.638610000E+01 4.256860000E+01 2.544500000E+00 4.698686051E-02
2.681290000E+01 4.263310000E+01 2.477470000E+00 4.623893723E-02
2.724660000E+01 4.269170000E+01 2.411930000E+00 4.550292514E-02
2.768730000E+01 4.274490000E+01 2.347870000E+00 4.477865303E-02
2.813510000E+01 4.279330000E+01 2.285270000E+00 4.406595320E-02
2.859020000E+01 4.283750000E+01 2.224100000E+00 4.336450952E-02
2.905260000E+01 4.287820000E+01 2.164360000E+00 4.267432175E-02
2.952250000E+01 4.292090000E+01 2.106020000E+00 4.199508849E-02
3.000000000E+01 4.293020000E+01 2.049050000E+00 4.132666667E-02
