# Data retrieved from henke.lbl.gov/optical_constants 03/01/2021
# Element, Ti  (Z = 22) 
# Atomic weight*, g mol-1 = 47.88 
# Nominal density*, g cm-3 =  0 
# Relativistic correction estimate f_rel(5CL)*,  e atom-1 =  0 
# Nuclear Thomson correction f_NT*, e atom-1 =  0 
#    E [keV]      f1 [e atom-1]      f2 [e atom-1]    Wavelength [nm] 
1.000000000E-02 -9.999000000E+03 1.516680000E+00 1.239800000E+02
1.014280000E-02 -9.999000000E+03 1.542460000E+00 1.222344915E+02
1.030680000E-02 -9.999000000E+03 1.572170000E+00 1.202895176E+02
1.047350000E-02 -9.999000000E+03 1.602450000E+00 1.183749463E+02
1.064290000E-02 -9.999000000E+03 1.633310000E+00 1.164908061E+02
1.081510000E-02 -9.999000000E+03 1.664770000E+00 1.146360182E+02
1.099000000E-02 -9.999000000E+03 1.706360000E+00 1.128116470E+02
1.116770000E-02 -9.999000000E+03 1.752570000E+00 1.110165925E+02
1.134840000E-02 -9.999000000E+03 1.800030000E+00 1.092488809E+02
1.153190000E-02 -9.999000000E+03 1.848780000E+00 1.075104710E+02
1.171840000E-02 -9.999000000E+03 1.898850000E+00 1.057994265E+02
1.190800000E-02 -9.999000000E+03 1.950270000E+00 1.041148808E+02
1.210060000E-02 -9.999000000E+03 2.003090000E+00 1.024577294E+02
1.229630000E-02 -9.999000000E+03 2.057330000E+00 1.008270781E+02
1.249520000E-02 -9.999000000E+03 2.112780000E+00 9.922210129E+01
1.269730000E-02 -9.999000000E+03 2.161860000E+00 9.764280595E+01
1.290260000E-02 -9.999000000E+03 2.212070000E+00 9.608916032E+01
1.311130000E-02 -9.999000000E+03 2.263450000E+00 9.455965465E+01
1.332340000E-02 -9.999000000E+03 2.316020000E+00 9.305432547E+01
1.353890000E-02 -9.999000000E+03 2.369810000E+00 9.157317064E+01
1.375790000E-02 -9.999000000E+03 2.424850000E+00 9.011549728E+01
1.398040000E-02 -9.999000000E+03 2.467580000E+00 8.868129667E+01
1.420650000E-02 -9.999000000E+03 2.479590000E+00 8.726991166E+01
1.443630000E-02 -9.999000000E+03 2.491660000E+00 8.588073121E+01
1.466980000E-02 -9.999000000E+03 2.503790000E+00 8.451376297E+01
1.490710000E-02 -9.999000000E+03 2.515980000E+00 8.316842310E+01
1.514820000E-02 -9.999000000E+03 2.528230000E+00 8.184470762E+01
1.539320000E-02 -9.999000000E+03 2.540540000E+00 8.054205753E+01
1.564220000E-02 -9.999000000E+03 2.552910000E+00 7.925995065E+01
1.589520000E-02 -9.999000000E+03 2.565340000E+00 7.799838945E+01
1.615230000E-02 -9.999000000E+03 2.577830000E+00 7.675687054E+01
1.641350000E-02 -9.999000000E+03 2.590380000E+00 7.553538246E+01
1.667900000E-02 -9.999000000E+03 2.602990000E+00 7.433299358E+01
1.694870000E-02 -9.999000000E+03 2.595440000E+00 7.315015311E+01
1.722290000E-02 -9.999000000E+03 2.580590000E+00 7.198555412E+01
1.750140000E-02 -9.999000000E+03 2.565820000E+00 7.084004708E+01
1.778450000E-02 -9.999000000E+03 2.551130000E+00 6.971239000E+01
1.807220000E-02 -9.999000000E+03 2.536530000E+00 6.860260511E+01
1.836450000E-02 -9.999000000E+03 2.522010000E+00 6.751068638E+01
1.866150000E-02 -9.999000000E+03 2.507580000E+00 6.643624575E+01
1.896330000E-02 -9.999000000E+03 2.452380000E+00 6.537891612E+01
1.927010000E-02 3.133340000E+00 2.392740000E+00 6.433801589E+01
1.958170000E-02 3.160300000E+00 2.334550000E+00 6.331421685E+01
1.989850000E-02 3.177540000E+00 2.277770000E+00 6.230620399E+01
2.022030000E-02 3.199990000E+00 2.222380000E+00 6.131461947E+01
2.054730000E-02 3.215350000E+00 2.137940000E+00 6.033882797E+01
2.087970000E-02 3.214280000E+00 2.046110000E+00 5.937824777E+01
2.121740000E-02 3.181300000E+00 1.958230000E+00 5.843317277E+01
2.156060000E-02 3.121960000E+00 1.874110000E+00 5.750303795E+01
2.190930000E-02 3.048480000E+00 1.793620000E+00 5.658784169E+01
2.226370000E-02 2.965420000E+00 1.743550000E+00 5.568706010E+01
2.262370000E-02 2.877850000E+00 1.723430000E+00 5.480093884E+01
2.298970000E-02 2.803510000E+00 1.703540000E+00 5.392849841E+01
2.336150000E-02 2.731500000E+00 1.683890000E+00 5.307022237E+01
2.373940000E-02 2.658650000E+00 1.664460000E+00 5.222541429E+01
2.412330000E-02 2.583630000E+00 1.645260000E+00 5.139429514E+01
2.451350000E-02 2.505740000E+00 1.626280000E+00 5.057621311E+01
2.491000000E-02 2.423700000E+00 1.607510000E+00 4.977117623E+01
2.531290000E-02 2.337520000E+00 1.587100000E+00 4.897897910E+01
2.572230000E-02 2.244650000E+00 1.560260000E+00 4.819942229E+01
2.613830000E-02 2.139670000E+00 1.533870000E+00 4.743231197E+01
2.656110000E-02 2.023870000E+00 1.507930000E+00 4.667728370E+01
2.699070000E-02 1.896550000E+00 1.482430000E+00 4.593434035E+01
2.742730000E-02 1.755600000E+00 1.457360000E+00 4.520313702E+01
2.787090000E-02 1.599580000E+00 1.432710000E+00 4.448367293E+01
2.832170000E-02 1.426750000E+00 1.409000000E+00 4.377562081E+01
2.877970000E-02 1.234380000E+00 1.388330000E+00 4.307897581E+01
2.924520000E-02 1.019640000E+00 1.367960000E+00 4.239328163E+01
2.971830000E-02 7.768700000E-01 1.347900000E+00 4.171840247E+01
3.019890000E-02 4.980630000E-01 1.328120000E+00 4.105447549E+01
3.068740000E-02 1.708300000E-01 1.308640000E+00 4.040094632E+01
3.118370000E-02 -2.271760000E-01 1.289440000E+00 3.975795047E+01
3.168810000E-02 -7.491090000E-01 1.270530000E+00 3.912509743E+01
3.202890000E-02 -1.291370000E+00 1.258070000E+00 3.870879112E+01
3.245660000E-02 -2.003260000E+00 1.749550000E+00 3.819870227E+01
3.289000000E-02 -2.447020000E+00 2.390630000E+00 3.769534813E+01
3.331750000E-02 -2.622890000E+00 3.119580000E+00 3.721167555E+01
3.385640000E-02 -2.531270000E+00 3.580410000E+00 3.661936886E+01
3.440400000E-02 -2.448700000E+00 3.982570000E+00 3.603650738E+01
3.496040000E-02 -2.781370000E+00 4.150240000E+00 3.546298097E+01
3.552590000E-02 -3.265980000E+00 4.379540000E+00 3.489848252E+01
3.610050000E-02 -3.779840000E+00 4.982160000E+00 3.434301464E+01
3.668440000E-02 -4.238790000E+00 5.667710000E+00 3.379638211E+01
3.727770000E-02 -4.716740000E+00 6.458040000E+00 3.325848966E+01
3.788070000E-02 -5.106330000E+00 7.605040000E+00 3.272906784E+01
3.849340000E-02 -5.312140000E+00 8.948820000E+00 3.220811879E+01
3.911600000E-02 -5.211450000E+00 1.012610000E+01 3.169546988E+01
3.974860000E-02 -5.083630000E+00 1.145820000E+01 3.119103566E+01
4.039150000E-02 -4.787420000E+00 1.295930000E+01 3.069457683E+01
4.104480000E-02 -3.582890000E+00 1.464660000E+01 3.020601879E+01
4.170870000E-02 -2.091920000E+00 1.552060000E+01 2.972521320E+01
4.238330000E-02 -7.523910000E-01 1.609700000E+01 2.925208750E+01
4.306880000E-02 1.463110000E-01 1.669490000E+01 2.878649974E+01
4.376540000E-02 1.317060000E+00 1.731500000E+01 2.832831415E+01
4.447330000E-02 2.527770000E+00 1.764640000E+01 2.787740060E+01
4.519260000E-02 3.667190000E+00 1.793180000E+01 2.743369490E+01
4.592360000E-02 4.812430000E+00 1.822180000E+01 2.699701243E+01
4.666640000E-02 6.129840000E+00 1.851650000E+01 2.656729467E+01
4.742110000E-02 7.494420000E+00 1.849090000E+01 2.614447999E+01
4.818810000E-02 8.813490000E+00 1.846540000E+01 2.572834372E+01
4.896750000E-02 1.037510000E+01 1.843990000E+01 2.531883392E+01
4.975960000E-02 1.203450000E+01 1.780460000E+01 2.491579514E+01
5.056440000E-02 1.358840000E+01 1.676260000E+01 2.451922697E+01
5.138220000E-02 1.482860000E+01 1.578160000E+01 2.412897852E+01
5.221330000E-02 1.570530000E+01 1.449150000E+01 2.374490791E+01
5.305780000E-02 1.634930000E+01 1.305990000E+01 2.336696961E+01
5.391600000E-02 1.678010000E+01 1.176980000E+01 2.299502930E+01
5.478800000E-02 1.695140000E+01 1.043820000E+01 2.262904286E+01
5.567420000E-02 1.703900000E+01 9.257360000E+00 2.226884266E+01
5.657460000E-02 1.699050000E+01 8.210060000E+00 2.191442803E+01
5.748970000E-02 1.672820000E+01 6.927550000E+00 2.156560219E+01
5.841950000E-02 1.606200000E+01 5.845410000E+00 2.122236582E+01
5.936440000E-02 1.551280000E+01 5.408260000E+00 2.088457055E+01
6.032460000E-02 1.502760000E+01 5.081210000E+00 2.055214622E+01
6.130030000E-02 1.463030000E+01 4.773940000E+00 2.022502337E+01
6.229180000E-02 1.439620000E+01 4.469280000E+00 1.990310121E+01
6.329930000E-02 1.408650000E+01 4.076070000E+00 1.958631454E+01
6.432310000E-02 1.376130000E+01 3.717460000E+00 1.927456855E+01
6.536350000E-02 1.343640000E+01 3.503930000E+00 1.896777253E+01
6.642070000E-02 1.311530000E+01 3.320840000E+00 1.866586772E+01
6.749500000E-02 1.279390000E+01 3.147330000E+00 1.836876806E+01
6.858670000E-02 1.249330000E+01 3.063140000E+00 1.807639090E+01
6.969600000E-02 1.223860000E+01 2.994450000E+00 1.778868228E+01
7.082330000E-02 1.203780000E+01 2.927290000E+00 1.750553843E+01
7.196880000E-02 1.183560000E+01 2.861630000E+00 1.722690944E+01
7.313280000E-02 1.164260000E+01 2.797450000E+00 1.695272162E+01
7.431570000E-02 1.145120000E+01 2.779290000E+00 1.668288128E+01
7.551770000E-02 1.128440000E+01 2.779170000E+00 1.641734322E+01
7.673910000E-02 1.114260000E+01 2.779060000E+00 1.615604040E+01
7.798030000E-02 1.101440000E+01 2.778940000E+00 1.589888728E+01
7.924160000E-02 1.089180000E+01 2.778820000E+00 1.564582240E+01
8.052330000E-02 1.077510000E+01 2.783370000E+00 1.539678578E+01
8.182570000E-02 1.066920000E+01 2.816170000E+00 1.515171884E+01
8.314910000E-02 1.057630000E+01 2.849350000E+00 1.491056428E+01
8.449400000E-02 1.050260000E+01 2.882930000E+00 1.467323124E+01
8.586060000E-02 1.044120000E+01 2.916900000E+00 1.443968479E+01
8.724930000E-02 1.039020000E+01 2.951270000E+00 1.420985612E+01
8.866050000E-02 1.035040000E+01 2.986050000E+00 1.398367932E+01
9.009450000E-02 1.032640000E+01 3.021240000E+00 1.376110639E+01
9.155170000E-02 1.030340000E+01 3.035340000E+00 1.354207513E+01
9.303250000E-02 1.028270000E+01 3.048850000E+00 1.332652568E+01
9.453720000E-02 1.026360000E+01 3.062430000E+00 1.311441422E+01
9.606630000E-02 1.024430000E+01 3.076070000E+00 1.290567035E+01
9.762010000E-02 1.022750000E+01 3.089770000E+00 1.270025333E+01
9.919900000E-02 1.021320000E+01 3.103530000E+00 1.249810986E+01
1.008030000E-01 1.020130000E+01 3.117350000E+00 1.229923713E+01
1.024340000E-01 1.019200000E+01 3.131230000E+00 1.210340317E+01
1.040910000E-01 1.018590000E+01 3.145170000E+00 1.191073196E+01
1.057740000E-01 1.018170000E+01 3.156950000E+00 1.172121693E+01
1.074850000E-01 1.017850000E+01 3.168460000E+00 1.153463274E+01
1.092240000E-01 1.017560000E+01 3.180010000E+00 1.135098513E+01
1.109900000E-01 1.017410000E+01 3.191600000E+00 1.117037571E+01
1.127850000E-01 1.017360000E+01 3.203230000E+00 1.099259653E+01
1.146100000E-01 1.017400000E+01 3.214910000E+00 1.081755519E+01
1.164630000E-01 1.017490000E+01 3.226630000E+00 1.064544104E+01
1.183470000E-01 1.017590000E+01 3.238390000E+00 1.047597320E+01
1.202610000E-01 1.017590000E+01 3.250190000E+00 1.030924406E+01
1.222060000E-01 1.016940000E+01 3.262040000E+00 1.014516472E+01
1.241830000E-01 1.016810000E+01 3.290600000E+00 9.983653157E+00
1.261910000E-01 1.017370000E+01 3.320200000E+00 9.824789407E+00
1.282320000E-01 1.018420000E+01 3.350070000E+00 9.668413501E+00
1.303070000E-01 1.019990000E+01 3.380200000E+00 9.514454327E+00
1.324140000E-01 1.022060000E+01 3.410610000E+00 9.363058287E+00
1.345560000E-01 1.024640000E+01 3.441290000E+00 9.214007551E+00
1.367320000E-01 1.027890000E+01 3.472250000E+00 9.067372671E+00
1.389440000E-01 1.032400000E+01 3.492620000E+00 8.923019346E+00
1.411910000E-01 1.036120000E+01 3.502810000E+00 8.781012954E+00
1.434750000E-01 1.039550000E+01 3.513030000E+00 8.641226695E+00
1.457950000E-01 1.042900000E+01 3.523270000E+00 8.503720978E+00
1.481530000E-01 1.046270000E+01 3.533560000E+00 8.368375936E+00
1.505500000E-01 1.049700000E+01 3.543870000E+00 8.235137828E+00
1.529850000E-01 1.053240000E+01 3.554210000E+00 8.104062490E+00
1.554590000E-01 1.056900000E+01 3.564580000E+00 7.975093111E+00
1.579730000E-01 1.060890000E+01 3.574980000E+00 7.848176587E+00
1.605290000E-01 1.065630000E+01 3.585410000E+00 7.723215120E+00
1.631250000E-01 1.070610000E+01 3.595870000E+00 7.600306513E+00
1.657630000E-01 1.075670000E+01 3.586650000E+00 7.479353052E+00
1.684440000E-01 1.080440000E+01 3.572600000E+00 7.360309658E+00
1.711690000E-01 1.084510000E+01 3.558600000E+00 7.243133979E+00
1.739370000E-01 1.088270000E+01 3.544650000E+00 7.127868136E+00
1.767510000E-01 1.091830000E+01 3.530760000E+00 7.014387472E+00
1.796090000E-01 1.095110000E+01 3.516930000E+00 6.902772133E+00
1.825150000E-01 1.098190000E+01 3.503860000E+00 6.792866340E+00
1.854670000E-01 1.101260000E+01 3.494180000E+00 6.684747152E+00
1.884660000E-01 1.104460000E+01 3.484530000E+00 6.578374879E+00
1.915150000E-01 1.108080000E+01 3.474910000E+00 6.473644362E+00
1.946120000E-01 1.111940000E+01 3.465320000E+00 6.370624627E+00
1.977600000E-01 1.116030000E+01 3.455750000E+00 6.269215210E+00
2.009590000E-01 1.120820000E+01 3.429410000E+00 6.169417642E+00
2.042090000E-01 1.124610000E+01 3.395220000E+00 6.071230945E+00
2.075120000E-01 1.127710000E+01 3.361370000E+00 5.974594240E+00
2.108680000E-01 1.130420000E+01 3.327850000E+00 5.879507559E+00
2.142790000E-01 1.132960000E+01 3.294680000E+00 5.785914625E+00
2.177450000E-01 1.135490000E+01 3.261830000E+00 5.693816161E+00
2.212660000E-01 1.137690000E+01 3.215780000E+00 5.603210615E+00
2.248450000E-01 1.139310000E+01 3.170170000E+00 5.514020770E+00
2.284820000E-01 1.139920000E+01 3.125200000E+00 5.426248020E+00
2.321770000E-01 1.139610000E+01 3.080870000E+00 5.339891548E+00
2.359330000E-01 1.138820000E+01 3.037180000E+00 5.254881683E+00
2.397490000E-01 1.137770000E+01 3.006420000E+00 5.171241590E+00
2.436260000E-01 1.136730000E+01 2.977710000E+00 5.088947813E+00
2.475670000E-01 1.135770000E+01 2.949270000E+00 5.007937245E+00
2.515710000E-01 1.134780000E+01 2.921100000E+00 4.928230996E+00
2.556400000E-01 1.133810000E+01 2.893200000E+00 4.849788765E+00
2.597750000E-01 1.132860000E+01 2.860430000E+00 4.772591666E+00
2.639770000E-01 1.131230000E+01 2.824260000E+00 4.696621297E+00
2.682460000E-01 1.129160000E+01 2.788540000E+00 4.621876934E+00
2.725850000E-01 1.126660000E+01 2.753270000E+00 4.548306033E+00
2.769940000E-01 1.123710000E+01 2.718450000E+00 4.475909225E+00
2.814740000E-01 1.120340000E+01 2.683210000E+00 4.404669703E+00
2.860260000E-01 1.116510000E+01 2.648290000E+00 4.334570983E+00
2.906530000E-01 1.112190000E+01 2.613820000E+00 4.265567532E+00
2.953540000E-01 1.107360000E+01 2.579800000E+00 4.197674655E+00
3.001310000E-01 1.102020000E+01 2.546230000E+00 4.130862857E+00
3.049850000E-01 1.096130000E+01 2.513080000E+00 4.065117957E+00
3.099180000E-01 1.089700000E+01 2.480150000E+00 4.000413012E+00
3.149310000E-01 1.082590000E+01 2.446880000E+00 3.936735348E+00
3.200250000E-01 1.074750000E+01 2.414050000E+00 3.874072338E+00
3.252010000E-01 1.066140000E+01 2.381660000E+00 3.812411401E+00
3.304610000E-01 1.056710000E+01 2.349710000E+00 3.751728646E+00
3.358050000E-01 1.046380000E+01 2.318190000E+00 3.692023645E+00
3.412370000E-01 1.035100000E+01 2.287090000E+00 3.633251963E+00
3.467560000E-01 1.022840000E+01 2.256410000E+00 3.575424794E+00
3.523650000E-01 1.009750000E+01 2.226130000E+00 3.518510635E+00
3.580640000E-01 9.948670000E+00 2.183730000E+00 3.462509496E+00
3.638550000E-01 9.779370000E+00 2.137160000E+00 3.407401300E+00
3.697400000E-01 9.585730000E+00 2.091590000E+00 3.353167090E+00
3.757200000E-01 9.361530000E+00 2.046990000E+00 3.299797722E+00
3.817970000E-01 9.105320000E+00 2.003340000E+00 3.247275385E+00
3.879730000E-01 8.805390000E+00 1.964290000E+00 3.195583198E+00
3.942480000E-01 8.471570000E+00 1.938740000E+00 3.144721089E+00
4.006250000E-01 8.090590000E+00 1.910890000E+00 3.094664587E+00
4.071040000E-01 7.642720000E+00 1.882440000E+00 3.045413457E+00
4.136890000E-01 7.105250000E+00 1.854430000E+00 2.996937313E+00
4.203800000E-01 6.443140000E+00 1.826820000E+00 2.949236405E+00
4.271790000E-01 5.594770000E+00 1.799620000E+00 2.902296227E+00
4.340890000E-01 4.439930000E+00 1.772820000E+00 2.856096330E+00
4.411100000E-01 2.690190000E+00 1.746430000E+00 2.810636803E+00
4.482440000E-01 -7.368730000E-01 1.720440000E+00 2.765904284E+00
4.537000000E-01 -1.827140000E+01 1.701100000E+00 2.732642715E+00
4.539000000E-01 -1.825000000E+01 1.564130000E+01 2.731438643E+00
4.554940000E-01 -5.608490000E+00 1.557790000E+01 2.721879981E+00
4.628610000E-01 2.112850000E+00 1.529090000E+01 2.678557926E+00
4.703480000E-01 4.979940000E+00 1.500920000E+01 2.635920637E+00
4.779550000E-01 6.806460000E+00 1.473270000E+01 2.593968051E+00
4.856860000E-01 8.152510000E+00 1.446120000E+01 2.552678068E+00
4.935410000E-01 9.215520000E+00 1.419470000E+01 2.512050671E+00
5.015240000E-01 1.008860000E+01 1.393330000E+01 2.472065145E+00
5.096360000E-01 1.082230000E+01 1.367670000E+01 2.432716684E+00
5.178790000E-01 1.144610000E+01 1.342460000E+01 2.393995509E+00
5.262550000E-01 1.197700000E+01 1.317690000E+01 2.355892106E+00
5.347670000E-01 1.242510000E+01 1.293420000E+01 2.318392870E+00
5.434160000E-01 1.282420000E+01 1.269610000E+01 2.281493368E+00
5.522060000E-01 1.289110000E+01 1.246230000E+01 2.245176619E+00
5.611370000E-01 1.287190000E+01 1.263220000E+01 2.209442614E+00
5.702130000E-01 1.302160000E+01 1.299460000E+01 2.174275227E+00
5.794360000E-01 1.372200000E+01 1.336750000E+01 2.139666848E+00
5.888080000E-01 1.467170000E+01 1.335230000E+01 2.105609978E+00
5.983310000E-01 1.536360000E+01 1.309650000E+01 2.072097217E+00
6.080090000E-01 1.582670000E+01 1.284550000E+01 2.039114553E+00
6.178430000E-01 1.625260000E+01 1.259940000E+01 2.006658650E+00
6.278360000E-01 1.664090000E+01 1.235730000E+01 1.974719513E+00
6.379900000E-01 1.700250000E+01 1.211190000E+01 1.943290647E+00
6.483090000E-01 1.733450000E+01 1.186010000E+01 1.912359693E+00
6.587950000E-01 1.763430000E+01 1.160630000E+01 1.881920780E+00
6.694510000E-01 1.788170000E+01 1.135740000E+01 1.851965267E+00
6.802790000E-01 1.810220000E+01 1.113900000E+01 1.822487538E+00
6.912820000E-01 1.832240000E+01 1.094330000E+01 1.793479362E+00
7.024630000E-01 1.856920000E+01 1.075400000E+01 1.764932815E+00
7.138240000E-01 1.881430000E+01 1.054200000E+01 1.736842695E+00
7.253700000E-01 1.903350000E+01 1.031700000E+01 1.709196686E+00
7.371020000E-01 1.922400000E+01 1.009690000E+01 1.681992452E+00
7.490240000E-01 1.940310000E+01 9.881380000E+00 1.655220660E+00
7.611390000E-01 1.957080000E+01 9.670340000E+00 1.628874621E+00
7.734500000E-01 1.973010000E+01 9.463050000E+00 1.602947831E+00
7.859600000E-01 1.988030000E+01 9.257500000E+00 1.577433966E+00
7.986720000E-01 2.001950000E+01 9.054280000E+00 1.552326863E+00
8.115900000E-01 2.014820000E+01 8.855540000E+00 1.527618625E+00
8.247170000E-01 2.026910000E+01 8.661120000E+00 1.503303557E+00
8.380560000E-01 2.038280000E+01 8.470970000E+00 1.479376080E+00
8.516110000E-01 2.049030000E+01 8.284270000E+00 1.455829011E+00
8.653850000E-01 2.059150000E+01 8.100920000E+00 1.432657141E+00
8.793820000E-01 2.068630000E+01 7.920990000E+00 1.409853738E+00
8.936050000E-01 2.077510000E+01 7.744980000E+00 1.387413902E+00
9.080580000E-01 2.085920000E+01 7.572900000E+00 1.365331289E+00
9.227460000E-01 2.094030000E+01 7.404690000E+00 1.343598347E+00
9.376700000E-01 2.101750000E+01 7.235100000E+00 1.322213572E+00
9.528360000E-01 2.108810000E+01 7.068180000E+00 1.301168302E+00
9.682480000E-01 2.115280000E+01 6.904070000E+00 1.280457073E+00
9.839080000E-01 2.121160000E+01 6.743780000E+00 1.260077162E+00
9.998220000E-01 2.126600000E+01 6.587360000E+00 1.240020724E+00
1.015990000E+00 2.131600000E+01 6.434710000E+00 1.220287601E+00
1.032430000E+00 2.136450000E+01 6.286800000E+00 1.200856232E+00
1.049130000E+00 2.141130000E+01 6.140090000E+00 1.181741062E+00
1.066090000E+00 2.145370000E+01 5.994500000E+00 1.162941215E+00
1.083340000E+00 2.149050000E+01 5.852390000E+00 1.144423727E+00
1.100860000E+00 2.152430000E+01 5.713660000E+00 1.126210417E+00
1.118660000E+00 2.155530000E+01 5.578240000E+00 1.108290276E+00
1.136760000E+00 2.158350000E+01 5.445970000E+00 1.090643584E+00
1.155140000E+00 2.160910000E+01 5.316870000E+00 1.073289818E+00
1.173830000E+00 2.163260000E+01 5.190860000E+00 1.056200642E+00
1.192810000E+00 2.165400000E+01 5.067780000E+00 1.039394371E+00
1.212110000E+00 2.167360000E+01 4.947630000E+00 1.022844461E+00
1.231710000E+00 2.169180000E+01 4.830340000E+00 1.006568105E+00
1.251630000E+00 2.170930000E+01 4.714640000E+00 9.905483250E-01
1.271880000E+00 2.172520000E+01 4.600490000E+00 9.747774947E-01
1.292450000E+00 2.173850000E+01 4.487670000E+00 9.592634144E-01
1.313350000E+00 2.174850000E+01 4.377620000E+00 9.439981726E-01
1.334600000E+00 2.175690000E+01 4.270230000E+00 9.289674809E-01
1.356180000E+00 2.176370000E+01 4.165440000E+00 9.141854326E-01
1.378120000E+00 2.176890000E+01 4.063260000E+00 8.996313819E-01
1.400410000E+00 2.177290000E+01 3.963580000E+00 8.853121586E-01
1.423060000E+00 2.177580000E+01 3.866320000E+00 8.712211713E-01
1.446070000E+00 2.177800000E+01 3.771510000E+00 8.573582192E-01
1.469460000E+00 2.177990000E+01 3.678580000E+00 8.437112953E-01
1.493230000E+00 2.178150000E+01 3.587260000E+00 8.302806667E-01
1.517380000E+00 2.178190000E+01 3.495280000E+00 8.170662589E-01
1.541930000E+00 2.177930000E+01 3.405310000E+00 8.040572529E-01
1.566860000E+00 2.177500000E+01 3.317690000E+00 7.912640568E-01
1.592210000E+00 2.176950000E+01 3.232310000E+00 7.786661307E-01
1.617960000E+00 2.176280000E+01 3.149120000E+00 7.662735791E-01
1.644130000E+00 2.175510000E+01 3.068060000E+00 7.540766241E-01
1.670720000E+00 2.174650000E+01 2.989170000E+00 7.420752729E-01
1.697740000E+00 2.173740000E+01 2.912280000E+00 7.302649405E-01
1.725200000E+00 2.172770000E+01 2.837260000E+00 7.186413169E-01
1.753110000E+00 2.171760000E+01 2.763300000E+00 7.072003468E-01
1.781460000E+00 2.170630000E+01 2.691000000E+00 6.959460218E-01
1.810280000E+00 2.169400000E+01 2.620440000E+00 6.848664295E-01
1.839560000E+00 2.168090000E+01 2.551710000E+00 6.739655135E-01
1.869310000E+00 2.166710000E+01 2.484760000E+00 6.632393771E-01
1.899540000E+00 2.165270000E+01 2.419530000E+00 6.526843341E-01
1.930270000E+00 2.163770000E+01 2.356020000E+00 6.422935651E-01
1.961490000E+00 2.162220000E+01 2.294180000E+00 6.320705178E-01
1.993210000E+00 2.160610000E+01 2.233980000E+00 6.220117298E-01
2.000000000E+00 2.160270000E+01 2.221430000E+00 6.199000000E-01
2.026000000E+00 2.158970000E+01 2.175100000E+00 6.119447187E-01
2.052000000E+00 2.157700000E+01 2.129300000E+00 6.041910331E-01
2.079000000E+00 2.156330000E+01 2.083320000E+00 5.963443963E-01
2.106000000E+00 2.154950000E+01 2.038840000E+00 5.886989554E-01
2.134000000E+00 2.153510000E+01 1.994260000E+00 5.809746954E-01
2.161000000E+00 2.152110000E+01 1.952670000E+00 5.737158723E-01
2.190000000E+00 2.150590000E+01 1.909520000E+00 5.661187215E-01
2.218000000E+00 2.149120000E+01 1.869210000E+00 5.589720469E-01
2.247000000E+00 2.147600000E+01 1.828880000E+00 5.517578994E-01
2.277000000E+00 2.146010000E+01 1.788540000E+00 5.444883619E-01
2.306000000E+00 2.144480000E+01 1.750860000E+00 5.376409367E-01
2.337000000E+00 2.142840000E+01 1.711920000E+00 5.305091998E-01
2.367000000E+00 2.141240000E+01 1.675520000E+00 5.237853823E-01
2.398000000E+00 2.139600000E+01 1.639140000E+00 5.170141785E-01
2.429000000E+00 2.137950000E+01 1.603990000E+00 5.104158090E-01
2.461000000E+00 2.136250000E+01 1.568930000E+00 5.037789516E-01
2.493000000E+00 2.134550000E+01 1.535020000E+00 4.973124749E-01
2.526000000E+00 2.132790000E+01 1.501260000E+00 4.908155186E-01
2.559000000E+00 2.131030000E+01 1.468650000E+00 4.844861274E-01
2.592000000E+00 2.129270000E+01 1.437110000E+00 4.783179012E-01
2.626000000E+00 2.127460000E+01 1.405720000E+00 4.721249048E-01
2.660000000E+00 2.125650000E+01 1.375410000E+00 4.660902256E-01
2.695000000E+00 2.123780000E+01 1.345220000E+00 4.600371058E-01
2.730000000E+00 2.121900000E+01 1.316080000E+00 4.541391941E-01
2.766000000E+00 2.119970000E+01 1.287120000E+00 4.482284888E-01
2.802000000E+00 2.118040000E+01 1.259120000E+00 4.424696645E-01
2.839000000E+00 2.116050000E+01 1.231340000E+00 4.367030645E-01
2.876000000E+00 2.114050000E+01 1.204530000E+00 4.310848401E-01
2.914000000E+00 2.111990000E+01 1.177880000E+00 4.254632807E-01
2.952000000E+00 2.109920000E+01 1.152170000E+00 4.199864499E-01
2.990000000E+00 2.107830000E+01 1.127340000E+00 4.146488294E-01
3.029000000E+00 2.105690000E+01 1.102690000E+00 4.093100033E-01
3.069000000E+00 2.103470000E+01 1.078290000E+00 4.039752362E-01
3.109000000E+00 2.101230000E+01 1.054720000E+00 3.987777420E-01
3.150000000E+00 2.098920000E+01 1.031360000E+00 3.935873016E-01
3.191000000E+00 2.096590000E+01 1.008810000E+00 3.885302413E-01
3.232000000E+00 2.094220000E+01 9.870290000E-01 3.836014851E-01
3.275000000E+00 2.091720000E+01 9.649540000E-01 3.785648855E-01
3.317000000E+00 2.089240000E+01 9.441610000E-01 3.737714803E-01
3.361000000E+00 2.086600000E+01 9.230780000E-01 3.688783100E-01
3.405000000E+00 2.083910000E+01 9.027420000E-01 3.641116006E-01
3.449000000E+00 2.081180000E+01 8.830980000E-01 3.594665120E-01
3.494000000E+00 2.078330000E+01 8.636570000E-01 3.548368632E-01
3.540000000E+00 2.075360000E+01 8.445030000E-01 3.502259887E-01
3.586000000E+00 2.072310000E+01 8.259830000E-01 3.457334077E-01
3.633000000E+00 2.069110000E+01 8.077140000E-01 3.412606661E-01
3.680000000E+00 2.065820000E+01 7.900320000E-01 3.369021739E-01
3.729000000E+00 2.062280000E+01 7.722570000E-01 3.324751944E-01
3.777000000E+00 2.058700000E+01 7.554730000E-01 3.282499338E-01
3.827000000E+00 2.054830000E+01 7.385260000E-01 3.239613274E-01
3.877000000E+00 2.050800000E+01 7.221980000E-01 3.197833376E-01
3.927000000E+00 2.046600000E+01 7.064500000E-01 3.157117392E-01
3.979000000E+00 2.042020000E+01 6.905930000E-01 3.115858256E-01
4.031000000E+00 2.037200000E+01 6.752690000E-01 3.075663607E-01
4.083000000E+00 2.032100000E+01 6.604770000E-01 3.036492775E-01
4.137000000E+00 2.026480000E+01 6.456820000E-01 2.996857626E-01
4.191000000E+00 2.020460000E+01 6.313210000E-01 2.958243856E-01
4.245000000E+00 2.013990000E+01 6.174830000E-01 2.920612485E-01
4.301000000E+00 2.006720000E+01 6.036610000E-01 2.882585445E-01
4.357000000E+00 1.998760000E+01 5.902580000E-01 2.845535919E-01
4.414000000E+00 1.989810000E+01 5.770910000E-01 2.808790213E-01
4.472000000E+00 1.979600000E+01 5.641730000E-01 2.772361360E-01
4.530000000E+00 1.968000000E+01 5.517020000E-01 2.736865342E-01
4.589000000E+00 1.954330000E+01 5.394150000E-01 2.701677925E-01
4.649000000E+00 1.937790000E+01 5.273500000E-01 2.666810067E-01
4.710000000E+00 1.917040000E+01 5.155110000E-01 2.632271762E-01
4.771000000E+00 1.890070000E+01 5.040770000E-01 2.598616642E-01
4.834000000E+00 1.850460000E+01 4.926740000E-01 2.564749690E-01
4.897000000E+00 1.782600000E+01 4.816580000E-01 2.531754135E-01
4.961000000E+00 1.500490000E+01 4.708480000E-01 2.499092925E-01
4.966300000E+00 1.048920000E+01 4.699690000E-01 2.496425911E-01
4.966500000E+00 1.049000000E+01 4.036190000E+00 2.496325380E-01
5.026000000E+00 1.781900000E+01 3.967270000E+00 2.466772782E-01
5.091000000E+00 1.870950000E+01 3.894240000E+00 2.435277941E-01
5.158000000E+00 1.924030000E+01 3.820740000E+00 2.403644824E-01
5.225000000E+00 1.961480000E+01 3.749000000E+00 2.372822967E-01
5.294000000E+00 1.991180000E+01 3.676920000E+00 2.341896487E-01
5.363000000E+00 2.015210000E+01 3.606670000E+00 2.311765803E-01
5.433000000E+00 2.035600000E+01 3.537240000E+00 2.281980490E-01
5.504000000E+00 2.053260000E+01 3.468580000E+00 2.252543605E-01
5.576000000E+00 2.068810000E+01 3.400730000E+00 2.223457676E-01
5.649000000E+00 2.082650000E+01 3.333760000E+00 2.194724730E-01
5.722000000E+00 2.094920000E+01 3.268520000E+00 2.166724921E-01
5.797000000E+00 2.106180000E+01 3.203350000E+00 2.138692427E-01
5.873000000E+00 2.116430000E+01 3.139120000E+00 2.111016516E-01
5.950000000E+00 2.125790000E+01 3.075770000E+00 2.083697479E-01
6.027000000E+00 2.134280000E+01 3.014170000E+00 2.057076489E-01
6.106000000E+00 2.142190000E+01 2.952750000E+00 2.030461841E-01
6.186000000E+00 2.149500000E+01 2.892290000E+00 2.004203039E-01
6.267000000E+00 2.156250000E+01 2.832840000E+00 1.978299027E-01
6.349000000E+00 2.162510000E+01 2.774360000E+00 1.952748464E-01
6.432000000E+00 2.168320000E+01 2.716820000E+00 1.927549751E-01
6.516000000E+00 2.173710000E+01 2.660320000E+00 1.902701044E-01
6.601000000E+00 2.178720000E+01 2.604840000E+00 1.878200273E-01
6.687000000E+00 2.183390000E+01 2.550380000E+00 1.854045162E-01
6.774000000E+00 2.187740000E+01 2.496870000E+00 1.830233245E-01
6.863000000E+00 2.191840000E+01 2.443720000E+00 1.806498616E-01
6.952000000E+00 2.195610000E+01 2.392210000E+00 1.783371692E-01
7.043000000E+00 2.199160000E+01 2.341160000E+00 1.760329405E-01
7.135000000E+00 2.202480000E+01 2.291070000E+00 1.737631395E-01
7.229000000E+00 2.205590000E+01 2.241480000E+00 1.715036658E-01
7.323000000E+00 2.208470000E+01 2.193400000E+00 1.693021986E-01
7.419000000E+00 2.211170000E+01 2.145780000E+00 1.671114705E-01
7.516000000E+00 2.213680000E+01 2.099190000E+00 1.649547632E-01
7.614000000E+00 2.216010000E+01 2.053550000E+00 1.628316260E-01
7.713000000E+00 2.218180000E+01 2.008920000E+00 1.607416051E-01
7.814000000E+00 2.220210000E+01 1.964820000E+00 1.586639365E-01
7.916000000E+00 2.222100000E+01 1.921670000E+00 1.566195048E-01
8.019000000E+00 2.223840000E+01 1.879540000E+00 1.546078065E-01
8.124000000E+00 2.225480000E+01 1.837880000E+00 1.526095519E-01
8.230000000E+00 2.226980000E+01 1.797170000E+00 1.506439854E-01
8.338000000E+00 2.228390000E+01 1.757020000E+00 1.486927321E-01
8.447000000E+00 2.229670000E+01 1.717810000E+00 1.467740026E-01
8.557000000E+00 2.230850000E+01 1.679540000E+00 1.448872268E-01
8.669000000E+00 2.231950000E+01 1.641860000E+00 1.430153420E-01
8.782000000E+00 2.232940000E+01 1.605020000E+00 1.411751309E-01
8.897000000E+00 2.233860000E+01 1.568850000E+00 1.393503428E-01
9.013000000E+00 2.234700000E+01 1.533430000E+00 1.375568623E-01
9.131000000E+00 2.235460000E+01 1.498660000E+00 1.357792137E-01
9.250000000E+00 2.236140000E+01 1.464740000E+00 1.340324324E-01
9.371000000E+00 2.236760000E+01 1.431450000E+00 1.323017821E-01
9.494000000E+00 2.237320000E+01 1.398610000E+00 1.305877396E-01
9.618000000E+00 2.237810000E+01 1.366660000E+00 1.289041381E-01
9.743000000E+00 2.238240000E+01 1.335550000E+00 1.272503336E-01
9.900580000E+00 2.238700000E+01 1.297760000E+00 1.252249868E-01
1.006070000E+01 2.239080000E+01 1.260950000E+00 1.232319819E-01
1.022340000E+01 2.239390000E+01 1.225090000E+00 1.212708101E-01
1.038880000E+01 2.239620000E+01 1.190160000E+00 1.193400585E-01
1.055680000E+01 2.239800000E+01 1.156150000E+00 1.174408912E-01
1.072760000E+01 2.239910000E+01 1.123030000E+00 1.155710504E-01
1.090110000E+01 2.239970000E+01 1.090790000E+00 1.137316418E-01
1.107740000E+01 2.239980000E+01 1.059400000E+00 1.119215700E-01
1.125660000E+01 2.239930000E+01 1.028850000E+00 1.101398291E-01
1.143860000E+01 2.239850000E+01 9.991180000E-01 1.083873901E-01
1.162360000E+01 2.239720000E+01 9.701810000E-01 1.066623077E-01
1.181170000E+01 2.239550000E+01 9.420250000E-01 1.049637224E-01
1.200270000E+01 2.239340000E+01 9.146300000E-01 1.032934256E-01
1.219680000E+01 2.239110000E+01 8.879790000E-01 1.016496130E-01
1.239410000E+01 2.238840000E+01 8.620550000E-01 1.000314666E-01
1.259460000E+01 2.238540000E+01 8.368390000E-01 9.843901355E-02
1.279830000E+01 2.238220000E+01 8.123160000E-01 9.687224084E-02
1.300530000E+01 2.237870000E+01 7.884670000E-01 9.533036531E-02
1.321560000E+01 2.237500000E+01 7.652770000E-01 9.381337208E-02
1.342940000E+01 2.237110000E+01 7.427290000E-01 9.231983558E-02
1.364660000E+01 2.236700000E+01 7.208080000E-01 9.085046825E-02
1.386730000E+01 2.236280000E+01 6.994980000E-01 8.940457046E-02
1.409160000E+01 2.235840000E+01 6.787830000E-01 8.798149252E-02
1.431950000E+01 2.235380000E+01 6.586490000E-01 8.658123538E-02
1.455110000E+01 2.234920000E+01 6.390810000E-01 8.520318052E-02
1.478650000E+01 2.234440000E+01 6.200640000E-01 8.384675210E-02
1.502560000E+01 2.233950000E+01 6.015840000E-01 8.251251198E-02
1.526870000E+01 2.233450000E+01 5.836280000E-01 8.119879230E-02
1.551560000E+01 2.232950000E+01 5.661810000E-01 7.990667457E-02
1.576660000E+01 2.232440000E+01 5.492320000E-01 7.863458196E-02
1.602160000E+01 2.231920000E+01 5.327650000E-01 7.738303291E-02
1.628070000E+01 2.231400000E+01 5.167700000E-01 7.615151683E-02
1.654410000E+01 2.230880000E+01 5.012330000E-01 7.493910216E-02
1.681160000E+01 2.230350000E+01 4.861430000E-01 7.374669871E-02
1.708360000E+01 2.229820000E+01 4.714860000E-01 7.257252570E-02
1.735990000E+01 2.229290000E+01 4.572530000E-01 7.141746208E-02
1.764060000E+01 2.228750000E+01 4.434310000E-01 7.028105620E-02
1.792600000E+01 2.228220000E+01 4.300090000E-01 6.916211090E-02
1.821590000E+01 2.227690000E+01 4.169770000E-01 6.806141887E-02
1.851050000E+01 2.227150000E+01 4.043240000E-01 6.697820156E-02
1.880990000E+01 2.226620000E+01 3.920390000E-01 6.591209948E-02
1.911420000E+01 2.226090000E+01 3.801130000E-01 6.486277218E-02
1.942330000E+01 2.225570000E+01 3.685360000E-01 6.383055403E-02
1.973750000E+01 2.225040000E+01 3.572980000E-01 6.281443952E-02
2.005670000E+01 2.224520000E+01 3.463900000E-01 6.181475517E-02
2.038110000E+01 2.224000000E+01 3.358020000E-01 6.083086781E-02
2.071080000E+01 2.223490000E+01 3.255260000E-01 5.986248720E-02
2.104570000E+01 2.222980000E+01 3.155530000E-01 5.890989608E-02
2.138610000E+01 2.222470000E+01 3.058750000E-01 5.797223430E-02
2.173200000E+01 2.221970000E+01 2.964830000E-01 5.704951224E-02
2.208350000E+01 2.221480000E+01 2.873700000E-01 5.614146308E-02
2.244070000E+01 2.220980000E+01 2.785270000E-01 5.524783095E-02
2.280370000E+01 2.220500000E+01 2.699470000E-01 5.436837005E-02
2.317250000E+01 2.220020000E+01 2.616220000E-01 5.350307477E-02
2.354730000E+01 2.219540000E+01 2.535450000E-01 5.265147172E-02
2.392820000E+01 2.219070000E+01 2.457100000E-01 5.181334158E-02
2.431520000E+01 2.218600000E+01 2.381090000E-01 5.098868198E-02
2.470850000E+01 2.218150000E+01 2.307350000E-01 5.017706457E-02
2.510810000E+01 2.217690000E+01 2.235820000E-01 4.937848742E-02
2.551420000E+01 2.217250000E+01 2.166440000E-01 4.859254846E-02
2.592690000E+01 2.216810000E+01 2.099150000E-01 4.781906051E-02
2.634620000E+01 2.216370000E+01 2.033880000E-01 4.705801975E-02
2.677240000E+01 2.215940000E+01 1.970580000E-01 4.630888527E-02
2.720540000E+01 2.215520000E+01 1.909190000E-01 4.557183500E-02
2.764540000E+01 2.215100000E+01 1.849650000E-01 4.484652058E-02
2.809260000E+01 2.214700000E+01 1.791910000E-01 4.413261855E-02
2.854690000E+01 2.214290000E+01 1.735920000E-01 4.343028490E-02
2.900870000E+01 2.213900000E+01 1.681630000E-01 4.273890247E-02
2.947790000E+01 2.213520000E+01 1.628990000E-01 4.205862697E-02
2.995460000E+01 2.212940000E+01 1.577950000E-01 4.138930248E-02
3.000000000E+01 2.212940000E+01 1.573210000E-01 4.132666667E-02
