# Data retrieved from henke.lbl.gov/optical_constants 03/01/2021
# Element, Xe  (Z = 54) 
# Atomic weight*, g mol-1 = 131.29 
# Nominal density*, g cm-3 =  0 
# Relativistic correction estimate f_rel(5CL)*,  e atom-1 =  0 
# Nuclear Thomson correction f_NT*, e atom-1 =  0 
#    E [keV]      f1 [e atom-1]      f2 [e atom-1]    Wavelength [nm] 
1.000000000E-02 -9.999000000E+03 3.120140000E-15 1.239800000E+02
1.016170000E-02 -9.999000000E+03 3.170610000E-15 1.220071445E+02
1.032610000E-02 -9.999000000E+03 3.221890000E-15 1.200646904E+02
1.049310000E-02 -9.999000000E+03 3.274000000E-15 1.181538344E+02
1.066280000E-02 -9.999000000E+03 3.326960000E-15 1.162733991E+02
1.083530000E-02 -9.999000000E+03 3.380770000E-15 1.144223049E+02
1.101060000E-02 -9.999000000E+03 3.435450000E-15 1.126005849E+02
1.118860000E-02 -9.999000000E+03 3.491020000E-15 1.108092165E+02
1.136960000E-02 -9.999000000E+03 3.547480000E-15 1.090451731E+02
1.155350000E-02 -9.999000000E+03 3.604860000E-15 1.073094733E+02
1.174040000E-02 -9.999000000E+03 3.663160000E-15 1.056011720E+02
1.193030000E-02 -9.999000000E+03 3.722410000E-15 1.039202702E+02
1.200000000E-02 -9.999000000E+03 3.744170000E-15 1.033166667E+02
1.220000000E-02 -9.999000000E+03 3.077390000E-05 1.016229508E+02
1.231930000E-02 -9.999000000E+03 1.785510000E+00 1.006388350E+02
1.251860000E-02 -9.999000000E+03 1.861630000E+00 9.903663349E+01
1.272100000E-02 -9.999000000E+03 7.899980000E+00 9.746089144E+01
1.292680000E-02 -9.999000000E+03 9.287770000E+00 9.590927376E+01
1.313590000E-02 -9.999000000E+03 1.018060000E+01 9.438256990E+01
1.334830000E-02 -9.999000000E+03 1.084500000E+01 9.288074137E+01
1.356420000E-02 -9.999000000E+03 1.147830000E+01 9.140236800E+01
1.378360000E-02 -9.999000000E+03 1.199870000E+01 8.994747381E+01
1.400660000E-02 -9.999000000E+03 1.255030000E+01 8.851541416E+01
1.423310000E-02 -9.999000000E+03 1.314640000E+01 8.710681440E+01
1.446330000E-02 -9.999000000E+03 1.333560000E+01 8.572040959E+01
1.469730000E-02 -9.999000000E+03 1.347050000E+01 8.435562995E+01
1.493500000E-02 -9.999000000E+03 1.360680000E+01 8.301305658E+01
1.517650000E-02 -9.999000000E+03 1.374450000E+01 8.169208974E+01
1.542200000E-02 -9.999000000E+03 1.378670000E+01 8.039164829E+01
1.567140000E-02 -9.999000000E+03 1.369260000E+01 7.911226821E+01
1.592490000E-02 -9.999000000E+03 1.359910000E+01 7.785292215E+01
1.618250000E-02 -9.999000000E+03 1.350630000E+01 7.661362583E+01
1.644420000E-02 -9.999000000E+03 1.341410000E+01 7.539436397E+01
1.671020000E-02 -9.999000000E+03 1.323020000E+01 7.419420474E+01
1.698050000E-02 -9.999000000E+03 1.293840000E+01 7.301316216E+01
1.725510000E-02 -9.999000000E+03 1.265300000E+01 7.185122080E+01
1.753420000E-02 -9.999000000E+03 1.237380000E+01 7.070753157E+01
1.781780000E-02 -9.999000000E+03 1.210090000E+01 6.958210329E+01
1.810600000E-02 -9.999000000E+03 1.183400000E+01 6.847453883E+01
1.839890000E-02 -9.999000000E+03 1.155970000E+01 6.738446320E+01
1.869640000E-02 -9.999000000E+03 1.126200000E+01 6.631223123E+01
1.899880000E-02 -9.999000000E+03 1.097200000E+01 6.525675306E+01
1.930610000E-02 -9.999000000E+03 1.068950000E+01 6.421804507E+01
1.961840000E-02 -9.999000000E+03 1.041420000E+01 6.319577539E+01
1.993570000E-02 -9.999000000E+03 1.014600000E+01 6.218994066E+01
2.025820000E-02 -9.999000000E+03 9.884720000E+00 6.119990917E+01
2.058580000E-02 -9.999000000E+03 9.630170000E+00 6.022598102E+01
2.091880000E-02 -9.999000000E+03 9.382180000E+00 5.926726198E+01
2.125710000E-02 -9.999000000E+03 9.140570000E+00 5.832404232E+01
2.160090000E-02 -9.999000000E+03 8.905180000E+00 5.739575666E+01
2.195030000E-02 -9.999000000E+03 8.653260000E+00 5.648214375E+01
2.230530000E-02 -9.999000000E+03 8.240730000E+00 5.558320220E+01
2.266610000E-02 -9.999000000E+03 7.847880000E+00 5.469842628E+01
2.303270000E-02 -9.999000000E+03 7.473750000E+00 5.382781871E+01
2.340530000E-02 -9.999000000E+03 7.117450000E+00 5.297090830E+01
2.378380000E-02 -9.999000000E+03 6.778140000E+00 5.212791900E+01
2.416850000E-02 -9.999000000E+03 6.455000000E+00 5.129817738E+01
2.455940000E-02 -9.999000000E+03 6.147270000E+00 5.048168929E+01
2.495660000E-02 -9.999000000E+03 5.854210000E+00 4.967824143E+01
2.536030000E-02 -9.999000000E+03 5.575120000E+00 4.888743430E+01
2.577050000E-02 -9.999000000E+03 5.309340000E+00 4.810927223E+01
2.618730000E-02 -9.999000000E+03 5.056230000E+00 4.734355966E+01
2.661090000E-02 -9.999000000E+03 4.815180000E+00 4.658993119E+01
2.704130000E-02 -9.999000000E+03 4.585630000E+00 4.584838747E+01
2.747860000E-02 -9.999000000E+03 4.358790000E+00 4.511874695E+01
2.792310000E-02 -9.999000000E+03 4.142420000E+00 4.440051427E+01
2.837470000E-02 -9.999000000E+03 3.936790000E+00 4.369385403E+01
2.883370000E-02 -9.999000000E+03 3.741360000E+00 4.299829713E+01
2.930000000E-02 9.247870000E+00 3.555640000E+00 4.231399317E+01
2.977390000E-02 9.154010000E+00 3.379140000E+00 4.164049721E+01
3.025550000E-02 9.056650000E+00 3.211390000E+00 4.097767348E+01
3.074490000E-02 8.956590000E+00 3.051980000E+00 4.032538730E+01
3.124210000E-02 8.854950000E+00 2.900470000E+00 3.968363202E+01
3.174750000E-02 8.752520000E+00 2.756490000E+00 3.905189385E+01
3.226090000E-02 8.668630000E+00 2.611170000E+00 3.843042197E+01
3.278270000E-02 8.565780000E+00 2.444320000E+00 3.781872756E+01
3.331300000E-02 8.439210000E+00 2.288130000E+00 3.721670219E+01
3.385180000E-02 8.302860000E+00 2.141920000E+00 3.662434494E+01
3.439930000E-02 8.158450000E+00 2.005050000E+00 3.604143108E+01
3.495570000E-02 8.006860000E+00 1.876930000E+00 3.546774918E+01
3.552110000E-02 7.848550000E+00 1.756990000E+00 3.490319838E+01
3.609560000E-02 7.683580000E+00 1.644720000E+00 3.434767673E+01
3.667940000E-02 7.504280000E+00 1.539630000E+00 3.380098911E+01
3.727270000E-02 7.321270000E+00 1.458080000E+00 3.326295117E+01
3.787550000E-02 7.143350000E+00 1.384990000E+00 3.273356127E+01
3.848820000E-02 6.964450000E+00 1.315560000E+00 3.221247032E+01
3.911070000E-02 6.772220000E+00 1.249610000E+00 3.169976503E+01
3.974320000E-02 6.577040000E+00 1.208220000E+00 3.119527366E+01
4.038610000E-02 6.392610000E+00 1.176500000E+00 3.069868098E+01
4.103930000E-02 6.211680000E+00 1.145620000E+00 3.021006694E+01
4.170310000E-02 6.029820000E+00 1.115540000E+00 2.972920478E+01
4.237760000E-02 5.842140000E+00 1.087020000E+00 2.925602205E+01
4.306300000E-02 5.653820000E+00 1.067310000E+00 2.879037689E+01
4.375950000E-02 5.464290000E+00 1.047950000E+00 2.833213359E+01
4.446730000E-02 5.270810000E+00 1.028940000E+00 2.788116211E+01
4.518650000E-02 5.071470000E+00 1.010280000E+00 2.743739834E+01
4.591740000E-02 4.859310000E+00 9.919620000E-01 2.700065770E+01
4.666000000E-02 4.640810000E+00 9.853510000E-01 2.657093871E+01
4.741470000E-02 4.419090000E+00 9.800270000E-01 2.614800895E+01
4.818160000E-02 4.189570000E+00 9.747320000E-01 2.573181463E+01
4.896090000E-02 3.942280000E+00 9.705760000E-01 2.532224694E+01
4.975280000E-02 3.687330000E+00 9.796800000E-01 2.491920053E+01
5.055760000E-02 3.426260000E+00 9.888700000E-01 2.452252480E+01
5.137530000E-02 3.151720000E+00 9.981450000E-01 2.413221918E+01
5.220620000E-02 2.859450000E+00 1.011570000E+00 2.374813719E+01
5.305060000E-02 2.552350000E+00 1.029980000E+00 2.337014096E+01
5.390870000E-02 2.227800000E+00 1.048730000E+00 2.299814316E+01
5.478060000E-02 1.878920000E+00 1.067810000E+00 2.263209968E+01
5.566670000E-02 1.499570000E+00 1.090670000E+00 2.227184295E+01
5.656700000E-02 1.087900000E+00 1.117830000E+00 2.191737232E+01
5.748200000E-02 6.356030000E-01 1.145670000E+00 2.156849101E+01
5.841170000E-02 1.288850000E-01 1.174200000E+00 2.122519975E+01
5.935640000E-02 -4.695270000E-01 1.203430000E+00 2.088738535E+01
6.031650000E-02 -1.170740000E+00 1.271890000E+00 2.055490620E+01
6.129210000E-02 -2.018980000E+00 1.358470000E+00 2.022772919E+01
6.228340000E-02 -3.329530000E+00 1.548400000E+00 1.990578549E+01
6.329080000E-02 -4.784920000E+00 2.600030000E+00 1.958894500E+01
6.431450000E-02 -6.073240000E+00 4.365940000E+00 1.927714590E+01
6.535470000E-02 -4.991110000E+00 7.331140000E+00 1.897032654E+01
6.641180000E-02 -3.141740000E+00 7.312050000E+00 1.866836918E+01
6.748590000E-02 -2.754210000E+00 6.326070000E+00 1.837124496E+01
6.857750000E-02 -3.338900000E+00 5.473060000E+00 1.807881594E+01
6.968670000E-02 -4.967330000E+00 5.263320000E+00 1.779105626E+01
7.081380000E-02 -6.429270000E+00 6.130150000E+00 1.750788688E+01
7.195910000E-02 -7.443640000E+00 7.139750000E+00 1.722923161E+01
7.312300000E-02 -8.369010000E+00 8.315600000E+00 1.695499364E+01
7.430570000E-02 -9.207090000E+00 9.685140000E+00 1.668512644E+01
7.550760000E-02 -9.887670000E+00 1.128020000E+01 1.641953923E+01
7.672890000E-02 -1.027340000E+01 1.299160000E+01 1.615818811E+01
7.796990000E-02 -1.056190000E+01 1.471160000E+01 1.590100795E+01
7.923100000E-02 -1.056380000E+01 1.665940000E+01 1.564791559E+01
8.051250000E-02 -1.038590000E+01 1.841080000E+01 1.539885111E+01
8.181470000E-02 -1.019790000E+01 2.024920000E+01 1.515375599E+01
8.313800000E-02 -9.868620000E+00 2.227110000E+01 1.491255503E+01
8.448270000E-02 -8.894940000E+00 2.437690000E+01 1.467519386E+01
8.584910000E-02 -7.873940000E+00 2.599970000E+01 1.444161907E+01
8.723770000E-02 -6.971340000E+00 2.773060000E+01 1.421174561E+01
8.864870000E-02 -5.914920000E+00 2.957660000E+01 1.398554068E+01
9.008250000E-02 -4.320970000E+00 3.154560000E+01 1.376293953E+01
9.153950000E-02 -2.541960000E+00 3.298790000E+01 1.354387996E+01
9.302010000E-02 -8.179330000E-01 3.439500000E+01 1.332830216E+01
9.452460000E-02 1.091800000E+00 3.586210000E+01 1.311616235E+01
9.605350000E-02 3.617120000E+00 3.708810000E+01 1.290739015E+01
9.760710000E-02 6.042740000E+00 3.763830000E+01 1.270194484E+01
9.918580000E-02 8.206090000E+00 3.819650000E+01 1.249977315E+01
1.007900000E-01 1.047560000E+01 3.876310000E+01 1.230082349E+01
1.024200000E-01 1.313260000E+01 3.910400000E+01 1.210505761E+01
1.040770000E-01 1.568640000E+01 3.894480000E+01 1.191233414E+01
1.057600000E-01 1.806650000E+01 3.878630000E+01 1.172276853E+01
1.074710000E-01 2.076330000E+01 3.862840000E+01 1.153613533E+01
1.092090000E-01 2.342170000E+01 3.767720000E+01 1.135254420E+01
1.109750000E-01 2.578650000E+01 3.663230000E+01 1.117188556E+01
1.127700000E-01 2.868330000E+01 3.561630000E+01 1.099405870E+01
1.145940000E-01 3.114900000E+01 3.321170000E+01 1.081906557E+01
1.164480000E-01 3.271830000E+01 3.094790000E+01 1.064681231E+01
1.183310000E-01 3.396230000E+01 2.883840000E+01 1.047738970E+01
1.202450000E-01 3.514080000E+01 2.687260000E+01 1.031061583E+01
1.221900000E-01 3.647390000E+01 2.474080000E+01 1.014649317E+01
1.241660000E-01 3.714090000E+01 2.197110000E+01 9.985020054E+00
1.261750000E-01 3.722290000E+01 1.951130000E+01 9.826035268E+00
1.282150000E-01 3.701630000E+01 1.732690000E+01 9.669695433E+00
1.302890000E-01 3.661800000E+01 1.538710000E+01 9.515768791E+00
1.323970000E-01 3.609810000E+01 1.366450000E+01 9.364260519E+00
1.345380000E-01 3.548970000E+01 1.213470000E+01 9.215240304E+00
1.367140000E-01 3.482700000E+01 1.077620000E+01 9.068566496E+00
1.389250000E-01 3.411900000E+01 9.569740000E+00 8.924239698E+00
1.411720000E-01 3.339830000E+01 8.516870000E+00 8.782194770E+00
1.434560000E-01 3.267550000E+01 7.582110000E+00 8.642371180E+00
1.457760000E-01 3.195910000E+01 6.749970000E+00 8.504829327E+00
1.481340000E-01 3.124770000E+01 6.009160000E+00 8.369449282E+00
1.505300000E-01 3.054840000E+01 5.349630000E+00 8.236231980E+00
1.529640000E-01 2.986930000E+01 4.758530000E+00 8.105175074E+00
1.554390000E-01 2.918290000E+01 4.203730000E+00 7.976119249E+00
1.579530000E-01 2.847950000E+01 3.713610000E+00 7.849170323E+00
1.605070000E-01 2.775060000E+01 3.309960000E+00 7.724273708E+00
1.631030000E-01 2.705540000E+01 3.008030000E+00 7.601331674E+00
1.657420000E-01 2.639680000E+01 2.733650000E+00 7.480300708E+00
1.684220000E-01 2.570070000E+01 2.508140000E+00 7.361271093E+00
1.711460000E-01 2.506920000E+01 2.422900000E+00 7.244107370E+00
1.739150000E-01 2.450100000E+01 2.340560000E+00 7.128769801E+00
1.767270000E-01 2.391710000E+01 2.290850000E+00 7.015340044E+00
1.795860000E-01 2.338830000E+01 2.328770000E+00 6.903656187E+00
1.824910000E-01 2.292770000E+01 2.367310000E+00 6.793759692E+00
1.854420000E-01 2.249830000E+01 2.421920000E+00 6.685648343E+00
1.884420000E-01 2.209950000E+01 2.481940000E+00 6.579212702E+00
1.914890000E-01 2.171140000E+01 2.543450000E+00 6.474523341E+00
1.945870000E-01 2.132910000E+01 2.641070000E+00 6.371443108E+00
1.977340000E-01 2.098060000E+01 2.769300000E+00 6.270039548E+00
2.009320000E-01 2.066920000E+01 2.903750000E+00 6.170246651E+00
2.041820000E-01 2.038050000E+01 3.044730000E+00 6.072033774E+00
2.074850000E-01 2.011170000E+01 3.193620000E+00 5.975371714E+00
2.108400000E-01 1.986250000E+01 3.350460000E+00 5.880288370E+00
2.142510000E-01 1.963160000E+01 3.515000000E+00 5.786670774E+00
2.177160000E-01 1.941840000E+01 3.687620000E+00 5.694574583E+00
2.212370000E-01 1.922670000E+01 3.868720000E+00 5.603945091E+00
2.248160000E-01 1.905170000E+01 4.050530000E+00 5.514732048E+00
2.284520000E-01 1.888960000E+01 4.240190000E+00 5.426960587E+00
2.321470000E-01 1.874420000E+01 4.438740000E+00 5.340581614E+00
2.359020000E-01 1.861710000E+01 4.646580000E+00 5.255572229E+00
2.397170000E-01 1.851060000E+01 4.864160000E+00 5.171931903E+00
2.435950000E-01 1.844600000E+01 5.091930000E+00 5.089595435E+00
2.475350000E-01 1.841120000E+01 5.293540000E+00 5.008584645E+00
2.515380000E-01 1.837380000E+01 5.473870000E+00 4.928877545E+00
2.556070000E-01 1.833950000E+01 5.660340000E+00 4.850414895E+00
2.597410000E-01 1.831730000E+01 5.853160000E+00 4.773216396E+00
2.639420000E-01 1.831140000E+01 6.052550000E+00 4.697244092E+00
2.682110000E-01 1.835140000E+01 6.258720000E+00 4.622480062E+00
2.725490000E-01 1.842160000E+01 6.422720000E+00 4.548906802E+00
2.769570000E-01 1.847560000E+01 6.548190000E+00 4.476507183E+00
2.814370000E-01 1.851930000E+01 6.676110000E+00 4.405248777E+00
2.859890000E-01 1.856520000E+01 6.806540000E+00 4.335131771E+00
2.906150000E-01 1.861950000E+01 6.939510000E+00 4.266125286E+00
2.953150000E-01 1.868970000E+01 7.075080000E+00 4.198229010E+00
3.000920000E-01 1.880570000E+01 7.213310000E+00 4.131399704E+00
3.049450000E-01 1.892340000E+01 7.260600000E+00 4.065651183E+00
3.098780000E-01 1.900800000E+01 7.297160000E+00 4.000929398E+00
3.148900000E-01 1.907130000E+01 7.333920000E+00 3.937247928E+00
3.199830000E-01 1.912480000E+01 7.370850000E+00 3.874580837E+00
3.251580000E-01 1.917130000E+01 7.407970000E+00 3.812915567E+00
3.304180000E-01 1.921240000E+01 7.445290000E+00 3.752216889E+00
3.357620000E-01 1.924930000E+01 7.482780000E+00 3.692496471E+00
3.411920000E-01 1.928290000E+01 7.520470000E+00 3.633731154E+00
3.467110000E-01 1.931380000E+01 7.558350000E+00 3.575888853E+00
3.523190000E-01 1.934260000E+01 7.596410000E+00 3.518970024E+00
3.580170000E-01 1.937010000E+01 7.634670000E+00 3.462964049E+00
3.638080000E-01 1.939740000E+01 7.673130000E+00 3.407841499E+00
3.696920000E-01 1.942630000E+01 7.711770000E+00 3.353602458E+00
3.756720000E-01 1.946550000E+01 7.750610000E+00 3.300219340E+00
3.817480000E-01 1.950310000E+01 7.760710000E+00 3.247692195E+00
3.879220000E-01 1.952530000E+01 7.764180000E+00 3.196003320E+00
3.941970000E-01 1.953450000E+01 7.767650000E+00 3.145127944E+00
4.005730000E-01 1.953560000E+01 7.771120000E+00 3.095066318E+00
4.070520000E-01 1.952940000E+01 7.774600000E+00 3.045802502E+00
4.136350000E-01 1.951640000E+01 7.778070000E+00 2.997328563E+00
4.203260000E-01 1.949720000E+01 7.781540000E+00 2.949615299E+00
4.271240000E-01 1.947220000E+01 7.785030000E+00 2.902669951E+00
4.340320000E-01 1.944220000E+01 7.788500000E+00 2.856471412E+00
4.410520000E-01 1.940820000E+01 7.791980000E+00 2.811006412E+00
4.481860000E-01 1.937830000E+01 7.795470000E+00 2.766262221E+00
4.554350000E-01 1.936450000E+01 7.787760000E+00 2.722232591E+00
4.628020000E-01 1.932520000E+01 7.719600000E+00 2.678899400E+00
4.702870000E-01 1.924380000E+01 7.652060000E+00 2.636262538E+00
4.778940000E-01 1.913440000E+01 7.585100000E+00 2.594299154E+00
4.856230000E-01 1.899920000E+01 7.518730000E+00 2.553009227E+00
4.934780000E-01 1.883830000E+01 7.452940000E+00 2.512371372E+00
5.014590000E-01 1.865060000E+01 7.387720000E+00 2.472385579E+00
5.095700000E-01 1.843430000E+01 7.323080000E+00 2.433031772E+00
5.178120000E-01 1.818670000E+01 7.259010000E+00 2.394305269E+00
5.261870000E-01 1.790460000E+01 7.195490000E+00 2.356196561E+00
5.346980000E-01 1.758390000E+01 7.132520000E+00 2.318692047E+00
5.433460000E-01 1.721490000E+01 7.070110000E+00 2.281787296E+00
5.521340000E-01 1.679590000E+01 7.016710000E+00 2.245469397E+00
5.610650000E-01 1.632530000E+01 6.967790000E+00 2.209726146E+00
5.701390000E-01 1.579080000E+01 6.919210000E+00 2.174557432E+00
5.793610000E-01 1.517750000E+01 6.870970000E+00 2.139943835E+00
5.887320000E-01 1.446680000E+01 6.823070000E+00 2.105881793E+00
5.982540000E-01 1.363670000E+01 6.775500000E+00 2.072363912E+00
6.079300000E-01 1.264930000E+01 6.721630000E+00 2.039379534E+00
6.177630000E-01 1.143920000E+01 6.656680000E+00 2.006918511E+00
6.277550000E-01 9.915440000E+00 6.592350000E+00 1.974974313E+00
6.379080000E-01 7.924580000E+00 6.528650000E+00 1.943540448E+00
6.482260000E-01 5.154050000E+00 6.465550000E+00 1.912604555E+00
6.587110000E-01 8.233890000E-01 6.403070000E+00 1.882160765E+00
6.693650000E-01 -8.218830000E+00 6.341190000E+00 1.852203208E+00
6.763000000E-01 -5.312650000E+01 6.301760000E+00 1.833210114E+00
6.765000000E-01 -5.307650000E+01 4.004430000E+01 1.832668145E+00
6.801910000E-01 -1.359120000E+01 3.971620000E+01 1.822723323E+00
6.911930000E-01 1.882870000E+00 3.876440000E+01 1.793710295E+00
7.023720000E-01 8.509780000E+00 3.783550000E+01 1.765161481E+00
7.137330000E-01 1.283480000E+01 3.692870000E+01 1.737064140E+00
7.252770000E-01 1.604470000E+01 3.604370000E+01 1.709415851E+00
7.370080000E-01 1.858050000E+01 3.518000000E+01 1.682206977E+00
7.489280000E-01 2.065590000E+01 3.433690000E+01 1.655432832E+00
7.610420000E-01 2.239060000E+01 3.351400000E+01 1.629082232E+00
7.733510000E-01 2.384600000E+01 3.271080000E+01 1.603153031E+00
7.858590000E-01 2.507390000E+01 3.194930000E+01 1.577636701E+00
7.985700000E-01 2.614020000E+01 3.124680000E+01 1.552525139E+00
8.114860000E-01 2.707290000E+01 3.055980000E+01 1.527814405E+00
8.246110000E-01 2.787310000E+01 2.988780000E+01 1.503496800E+00
8.379490000E-01 2.854350000E+01 2.923060000E+01 1.479564985E+00
8.515020000E-01 2.907940000E+01 2.858790000E+01 1.456015370E+00
8.652740000E-01 2.946230000E+01 2.795930000E+01 1.432840927E+00
8.792690000E-01 2.964030000E+01 2.734450000E+01 1.410034927E+00
8.934910000E-01 2.936910000E+01 2.674330000E+01 1.387590921E+00
9.079430000E-01 2.884530000E+01 2.712200000E+01 1.365504222E+00
9.226280000E-01 2.882390000E+01 2.796630000E+01 1.343770187E+00
9.375510000E-01 2.934450000E+01 2.883690000E+01 1.322381396E+00
9.527150000E-01 3.021310000E+01 2.973460000E+01 1.301333557E+00
9.681240000E-01 3.187530000E+01 3.043580000E+01 1.280621077E+00
9.837830000E-01 3.353060000E+01 2.999750000E+01 1.260237268E+00
9.996950000E-01 3.450750000E+01 2.956560000E+01 1.240178254E+00
1.015860000E+00 3.538910000E+01 2.913990000E+01 1.220443762E+00
1.032290000E+00 3.617450000E+01 2.872030000E+01 1.201019093E+00
1.048990000E+00 3.688860000E+01 2.830810000E+01 1.181898779E+00
1.065960000E+00 3.755030000E+01 2.790850000E+01 1.163083043E+00
1.083200000E+00 3.817250000E+01 2.751450000E+01 1.144571640E+00
1.100720000E+00 3.876080000E+01 2.712610000E+01 1.126353659E+00
1.118520000E+00 3.932040000E+01 2.674300000E+01 1.108428995E+00
1.136610000E+00 3.985550000E+01 2.636550000E+01 1.090787517E+00
1.155000000E+00 4.037040000E+01 2.599320000E+01 1.073419913E+00
1.173680000E+00 4.086850000E+01 2.562600000E+01 1.056335628E+00
1.192660000E+00 4.135420000E+01 2.526440000E+01 1.039525095E+00
1.211950000E+00 4.183360000E+01 2.490770000E+01 1.022979496E+00
1.231550000E+00 4.231990000E+01 2.455600000E+01 1.006698875E+00
1.251470000E+00 4.282470000E+01 2.416890000E+01 9.906749662E-01
1.271720000E+00 4.331320000E+01 2.374150000E+01 9.749001352E-01
1.292290000E+00 4.374800000E+01 2.326530000E+01 9.593821820E-01
1.313190000E+00 4.412980000E+01 2.279850000E+01 9.441131900E-01
1.334430000E+00 4.447830000E+01 2.234120000E+01 9.290858269E-01
1.356010000E+00 4.479990000E+01 2.189320000E+01 9.143000420E-01
1.377940000E+00 4.509880000E+01 2.145400000E+01 8.997489005E-01
1.400230000E+00 4.537740000E+01 2.102350000E+01 8.854259657E-01
1.422880000E+00 4.563760000E+01 2.060170000E+01 8.713313842E-01
1.445890000E+00 4.588130000E+01 2.018830000E+01 8.574649524E-01
1.469280000E+00 4.610960000E+01 1.978340000E+01 8.438146575E-01
1.493040000E+00 4.632370000E+01 1.938680000E+01 8.303863259E-01
1.517190000E+00 4.652500000E+01 1.899920000E+01 8.171685814E-01
1.541730000E+00 4.671500000E+01 1.861950000E+01 8.041615588E-01
1.566670000E+00 4.689450000E+01 1.824760000E+01 7.913600184E-01
1.592010000E+00 4.706410000E+01 1.788280000E+01 7.787639525E-01
1.617760000E+00 4.722400000E+01 1.752540000E+01 7.663683117E-01
1.643920000E+00 4.737550000E+01 1.717530000E+01 7.541729525E-01
1.670510000E+00 4.751920000E+01 1.683180000E+01 7.421685593E-01
1.697530000E+00 4.765550000E+01 1.649530000E+01 7.303552809E-01
1.724990000E+00 4.778910000E+01 1.616560000E+01 7.187288042E-01
1.752890000E+00 4.791660000E+01 1.583430000E+01 7.072891054E-01
1.781240000E+00 4.803230000E+01 1.550700000E+01 6.960319777E-01
1.810050000E+00 4.813910000E+01 1.518430000E+01 6.849534543E-01
1.839320000E+00 4.823650000E+01 1.486800000E+01 6.740534545E-01
1.869070000E+00 4.832620000E+01 1.455840000E+01 6.633245411E-01
1.899300000E+00 4.840940000E+01 1.425570000E+01 6.527668088E-01
1.930020000E+00 4.848660000E+01 1.395880000E+01 6.423767629E-01
1.961240000E+00 4.855760000E+01 1.366810000E+01 6.321510881E-01
1.992960000E+00 4.862180000E+01 1.338350000E+01 6.220897559E-01
2.025200000E+00 4.868620000E+01 1.311090000E+01 6.121864507E-01
2.057950000E+00 4.875010000E+01 1.283330000E+01 6.024441799E-01
2.091240000E+00 4.880330000E+01 1.255990000E+01 5.928540005E-01
2.125060000E+00 4.885120000E+01 1.229140000E+01 5.834188211E-01
2.159430000E+00 4.889360000E+01 1.202780000E+01 5.741329888E-01
2.194360000E+00 4.893080000E+01 1.176890000E+01 5.649938934E-01
2.229850000E+00 4.896330000E+01 1.151490000E+01 5.560015248E-01
2.265920000E+00 4.899130000E+01 1.126540000E+01 5.471508262E-01
2.302570000E+00 4.901460000E+01 1.102010000E+01 5.384418280E-01
2.339810000E+00 4.903330000E+01 1.077970000E+01 5.298720836E-01
2.377660000E+00 4.904800000E+01 1.054330000E+01 5.214370431E-01
2.416110000E+00 4.905810000E+01 1.031120000E+01 5.131388885E-01
2.455190000E+00 4.906420000E+01 1.008370000E+01 5.049711020E-01
2.494900000E+00 4.906630000E+01 9.859620000E+00 4.969337448E-01
2.535260000E+00 4.906390000E+01 9.640580000E+00 4.890228221E-01
2.576260000E+00 4.905800000E+01 9.425030000E+00 4.812402475E-01
2.617930000E+00 4.904770000E+01 9.213470000E+00 4.735802714E-01
2.660270000E+00 4.903350000E+01 9.006200000E+00 4.660429205E-01
2.703300000E+00 4.901550000E+01 8.802310000E+00 4.586246440E-01
2.747030000E+00 4.899350000E+01 8.602540000E+00 4.513237933E-01
2.791460000E+00 4.896750000E+01 8.406170000E+00 4.441403423E-01
2.836610000E+00 4.893730000E+01 8.213650000E+00 4.370710108E-01
2.882490000E+00 4.890320000E+01 8.024690000E+00 4.301142415E-01
2.929110000E+00 4.886480000E+01 7.839220000E+00 4.232685014E-01
2.976480000E+00 4.882210000E+01 7.657290000E+00 4.165322797E-01
3.024630000E+00 4.877510000E+01 7.478790000E+00 4.099013764E-01
3.073550000E+00 4.872360000E+01 7.303630000E+00 4.033772023E-01
3.123260000E+00 4.866740000E+01 7.131650000E+00 3.969570257E-01
3.173780000E+00 4.860620000E+01 6.962950000E+00 3.906382925E-01
3.225110000E+00 4.854000000E+01 6.797480000E+00 3.844209965E-01
3.277270000E+00 4.846830000E+01 6.635040000E+00 3.783026727E-01
3.330280000E+00 4.839090000E+01 6.475670000E+00 3.722810094E-01
3.384150000E+00 4.830730000E+01 6.319300000E+00 3.663549193E-01
3.438880000E+00 4.821720000E+01 6.165900000E+00 3.605243568E-01
3.494500000E+00 4.812000000E+01 6.015440000E+00 3.547860924E-01
3.551020000E+00 4.801510000E+01 5.867740000E+00 3.491391206E-01
3.608460000E+00 4.790170000E+01 5.722760000E+00 3.435814724E-01
3.666820000E+00 4.777890000E+01 5.580560000E+00 3.381131335E-01
3.726130000E+00 4.764590000E+01 5.441200000E+00 3.327312788E-01
3.786400000E+00 4.750130000E+01 5.304240000E+00 3.274350306E-01
3.847640000E+00 4.734340000E+01 5.169960000E+00 3.222234928E-01
3.909870000E+00 4.717050000E+01 5.038200000E+00 3.170949418E-01
3.973110000E+00 4.698020000E+01 4.908900000E+00 3.120477409E-01
4.037380000E+00 4.676950000E+01 4.782030000E+00 3.070803343E-01
4.102680000E+00 4.653450000E+01 4.657560000E+00 3.021927131E-01
4.169030000E+00 4.627000000E+01 4.535500000E+00 2.973833242E-01
4.236460000E+00 4.596930000E+01 4.415750000E+00 2.926499955E-01
4.304980000E+00 4.562220000E+01 4.298160000E+00 2.879920464E-01
4.374620000E+00 4.521400000E+01 4.182710000E+00 2.834074731E-01
4.445370000E+00 4.472170000E+01 4.069530000E+00 2.788969197E-01
4.517270000E+00 4.410570000E+01 3.958540000E+00 2.744578031E-01
4.590330000E+00 4.328840000E+01 3.849520000E+00 2.700895143E-01
4.664580000E+00 4.207830000E+01 3.742600000E+00 2.657902748E-01
4.740030000E+00 3.969790000E+01 3.637710000E+00 2.615595260E-01
4.787100000E+00 2.473700000E+01 3.574570000E+00 2.589876961E-01
4.787300000E+00 2.473880000E+01 1.123000000E+01 2.589768763E-01
4.816690000E+00 3.853460000E+01 1.111520000E+01 2.573966770E-01
4.894600000E+00 4.147270000E+01 1.081980000E+01 2.532995546E-01
4.973770000E+00 4.236940000E+01 1.053240000E+01 2.492676581E-01
5.054210000E+00 4.224440000E+01 1.025250000E+01 2.453004525E-01
5.107100000E+00 3.554160000E+01 1.007490000E+01 2.427600791E-01
5.107300000E+00 3.554590000E+01 1.373960000E+01 2.427505727E-01
5.135960000E+00 4.222430000E+01 1.361720000E+01 2.413959610E-01
5.219030000E+00 4.428110000E+01 1.327200000E+01 2.375537217E-01
5.303440000E+00 4.520830000E+01 1.293570000E+01 2.337727965E-01
5.389220000E+00 4.560400000E+01 1.260790000E+01 2.300518442E-01
5.452700000E+00 4.243690000E+01 1.237390000E+01 2.273735947E-01
5.452900000E+00 4.244120000E+01 1.427260000E+01 2.273652552E-01
5.476390000E+00 4.571520000E+01 1.418090000E+01 2.263900124E-01
5.564970000E+00 4.725100000E+01 1.384420000E+01 2.227864661E-01
5.654980000E+00 4.812230000E+01 1.351400000E+01 2.192403863E-01
5.746440000E+00 4.879670000E+01 1.318970000E+01 2.157509693E-01
5.839390000E+00 4.935850000E+01 1.287150000E+01 2.123166975E-01
5.933830000E+00 4.984230000E+01 1.255920000E+01 2.089375665E-01
6.029810000E+00 5.026670000E+01 1.225300000E+01 2.056117854E-01
6.127330000E+00 5.064360000E+01 1.195270000E+01 2.023393550E-01
6.226440000E+00 5.098120000E+01 1.165840000E+01 1.991185975E-01
6.327150000E+00 5.128540000E+01 1.137000000E+01 1.959492030E-01
6.429480000E+00 5.156090000E+01 1.108760000E+01 1.928305244E-01
6.533480000E+00 5.181120000E+01 1.081060000E+01 1.897610462E-01
6.639150000E+00 5.203900000E+01 1.053970000E+01 1.867407725E-01
6.746540000E+00 5.224710000E+01 1.027460000E+01 1.837682723E-01
6.855650000E+00 5.243720000E+01 1.001510000E+01 1.808435378E-01
6.966540000E+00 5.261120000E+01 9.761250000E+00 1.779649582E-01
7.079220000E+00 5.277060000E+01 9.512810000E+00 1.751322886E-01
7.193720000E+00 5.291650000E+01 9.269900000E+00 1.723447674E-01
7.310070000E+00 5.305010000E+01 9.032340000E+00 1.696016591E-01
7.428310000E+00 5.317250000E+01 8.800370000E+00 1.669020275E-01
7.548450000E+00 5.328460000E+01 8.573470000E+00 1.642456398E-01
7.670540000E+00 5.338710000E+01 8.351710000E+00 1.616313845E-01
7.794610000E+00 5.348060000E+01 8.135070000E+00 1.590586315E-01
7.920680000E+00 5.356600000E+01 7.923660000E+00 1.565269649E-01
8.048790000E+00 5.364380000E+01 7.716950000E+00 1.540355755E-01
8.178980000E+00 5.371450000E+01 7.515160000E+00 1.515836938E-01
8.311260000E+00 5.377860000E+01 7.318100000E+00 1.491711245E-01
8.445690000E+00 5.383640000E+01 7.125830000E+00 1.467967685E-01
8.582290000E+00 5.388870000E+01 6.938240000E+00 1.444602781E-01
8.721110000E+00 5.393560000E+01 6.755080000E+00 1.421608029E-01
8.862160000E+00 5.397760000E+01 6.576330000E+00 1.398981738E-01
9.005500000E+00 5.401480000E+01 6.401870000E+00 1.376714230E-01
9.151160000E+00 5.404770000E+01 6.231830000E+00 1.354800921E-01
9.299170000E+00 5.407650000E+01 6.065930000E+00 1.333237267E-01
9.449580000E+00 5.410150000E+01 5.904080000E+00 1.312015984E-01
9.602420000E+00 5.412290000E+01 5.746330000E+00 1.291132860E-01
9.757730000E+00 5.414090000E+01 5.592570000E+00 1.270582400E-01
9.915550000E+00 5.415590000E+01 5.442700000E+00 1.250359284E-01
1.007590000E+01 5.416810000E+01 5.296500000E+00 1.230460803E-01
1.023890000E+01 5.417750000E+01 5.154010000E+00 1.210872262E-01
1.040450000E+01 5.418430000E+01 5.015140000E+00 1.191599789E-01
1.057280000E+01 5.418880000E+01 4.879790000E+00 1.172631659E-01
1.074380000E+01 5.419100000E+01 4.747920000E+00 1.153967870E-01
1.091760000E+01 5.419110000E+01 4.619420000E+00 1.135597567E-01
1.109420000E+01 5.418920000E+01 4.494230000E+00 1.117520867E-01
1.127360000E+01 5.418560000E+01 4.372280000E+00 1.099737440E-01
1.145590000E+01 5.418020000E+01 4.253490000E+00 1.082237101E-01
1.164120000E+01 5.417320000E+01 4.137780000E+00 1.065010480E-01
1.182950000E+01 5.416480000E+01 4.025080000E+00 1.048057822E-01
1.202080000E+01 5.415490000E+01 3.915340000E+00 1.031378943E-01
1.221530000E+01 5.414380000E+01 3.808460000E+00 1.014956653E-01
1.241280000E+01 5.413150000E+01 3.704390000E+00 9.988076824E-02
1.261360000E+01 5.411800000E+01 3.603070000E+00 9.829073381E-02
1.281760000E+01 5.410350000E+01 3.504410000E+00 9.672637623E-02
1.302500000E+01 5.408800000E+01 3.408370000E+00 9.518618042E-02
1.323560000E+01 5.407160000E+01 3.314870000E+00 9.367161292E-02
1.344970000E+01 5.405430000E+01 3.223860000E+00 9.218049473E-02
1.366720000E+01 5.403630000E+01 3.135270000E+00 9.071353313E-02
1.388830000E+01 5.401750000E+01 3.049040000E+00 8.926938502E-02
1.411290000E+01 5.399800000E+01 2.965110000E+00 8.784870579E-02
1.434120000E+01 5.397790000E+01 2.883440000E+00 8.645022732E-02
1.457310000E+01 5.395720000E+01 2.803950000E+00 8.507455517E-02
1.480890000E+01 5.393600000E+01 2.726600000E+00 8.371992518E-02
1.504840000E+01 5.391420000E+01 2.651330000E+00 8.238749635E-02
1.529180000E+01 5.389190000E+01 2.578080000E+00 8.107613231E-02
1.553910000E+01 5.386920000E+01 2.506820000E+00 7.978583058E-02
1.579040000E+01 5.384610000E+01 2.437480000E+00 7.851606039E-02
1.604580000E+01 5.382250000E+01 2.370010000E+00 7.726632514E-02
1.630540000E+01 5.379860000E+01 2.304370000E+00 7.603615980E-02
1.656910000E+01 5.377430000E+01 2.240520000E+00 7.482603159E-02
1.683710000E+01 5.374970000E+01 2.178400000E+00 7.363500840E-02
1.710940000E+01 5.372470000E+01 2.117960000E+00 7.246309046E-02
1.738610000E+01 5.369950000E+01 2.059180000E+00 7.130983947E-02
1.766740000E+01 5.367390000E+01 2.001990000E+00 7.017444559E-02
1.795310000E+01 5.364800000E+01 1.946360000E+00 6.905771148E-02
1.824350000E+01 5.362180000E+01 1.892250000E+00 6.795845096E-02
1.853860000E+01 5.359520000E+01 1.839620000E+00 6.687667893E-02
1.883840000E+01 5.356840000E+01 1.788430000E+00 6.581238322E-02
1.914310000E+01 5.354130000E+01 1.738640000E+00 6.476485000E-02
1.945270000E+01 5.351380000E+01 1.690210000E+00 6.373408319E-02
1.976740000E+01 5.348610000E+01 1.643110000E+00 6.271942694E-02
2.008710000E+01 5.345790000E+01 1.597300000E+00 6.172120416E-02
2.041200000E+01 5.342940000E+01 1.552750000E+00 6.073878111E-02
2.074210000E+01 5.340050000E+01 1.509420000E+00 5.977215422E-02
2.107760000E+01 5.337110000E+01 1.467270000E+00 5.882073860E-02
2.141850000E+01 5.334130000E+01 1.426290000E+00 5.788453907E-02
2.176500000E+01 5.331100000E+01 1.386430000E+00 5.696301401E-02
2.211700000E+01 5.328010000E+01 1.347670000E+00 5.605642718E-02
2.247470000E+01 5.324860000E+01 1.309980000E+00 5.516425136E-02
2.283820000E+01 5.321650000E+01 1.273320000E+00 5.428623972E-02
2.320760000E+01 5.318360000E+01 1.237670000E+00 5.342215481E-02
2.358300000E+01 5.314990000E+01 1.203000000E+00 5.257176780E-02
2.396440000E+01 5.311530000E+01 1.169290000E+00 5.173507369E-02
2.435200000E+01 5.307960000E+01 1.136500000E+00 5.091162943E-02
2.474590000E+01 5.304280000E+01 1.104620000E+00 5.010122889E-02
2.514620000E+01 5.300470000E+01 1.073610000E+00 4.930367213E-02
2.555290000E+01 5.296510000E+01 1.043460000E+00 4.851895480E-02
2.596620000E+01 5.292380000E+01 1.014140000E+00 4.774668608E-02
2.638610000E+01 5.288050000E+01 9.856250000E-01 4.698686051E-02
2.681290000E+01 5.283500000E+01 9.578960000E-01 4.623893723E-02
2.724660000E+01 5.278700000E+01 9.309290000E-01 4.550292514E-02
2.768730000E+01 5.273580000E+01 9.047060000E-01 4.477865303E-02
2.813510000E+01 5.268120000E+01 8.792020000E-01 4.406595320E-02
2.859020000E+01 5.262230000E+01 8.544020000E-01 4.336450952E-02
2.905260000E+01 5.255840000E+01 8.302830000E-01 4.267432175E-02
2.952250000E+01 5.249040000E+01 8.068270000E-01 4.199508849E-02
3.000000000E+01 5.240280000E+01 7.840160000E-01 4.132666667E-02
