# Data retrieved from henke.lbl.gov/optical_constants 03/01/2021
# Element, Y  (Z = 39) 
# Atomic weight*, g mol-1 = 88.9059 
# Nominal density*, g cm-3 =  0 
# Relativistic correction estimate f_rel(5CL)*,  e atom-1 =  0 
# Nuclear Thomson correction f_NT*, e atom-1 =  0 
#    E [keV]      f1 [e atom-1]      f2 [e atom-1]    Wavelength [nm] 
1.000000000E-02 -9.999000000E+03 1.917730000E+00 1.239800000E+02
1.016170000E-02 -9.999000000E+03 1.945930000E+00 1.220071445E+02
1.032610000E-02 -9.999000000E+03 1.974560000E+00 1.200646904E+02
1.049310000E-02 -9.999000000E+03 2.003600000E+00 1.181538344E+02
1.066280000E-02 -9.999000000E+03 2.033070000E+00 1.162733991E+02
1.083530000E-02 -9.999000000E+03 2.062980000E+00 1.144223049E+02
1.101060000E-02 -9.999000000E+03 2.089950000E+00 1.126005849E+02
1.118860000E-02 -9.999000000E+03 2.091470000E+00 1.108092165E+02
1.136960000E-02 -9.999000000E+03 2.092990000E+00 1.090451731E+02
1.155350000E-02 -9.999000000E+03 2.094520000E+00 1.073094733E+02
1.174040000E-02 -9.999000000E+03 2.096040000E+00 1.056011720E+02
1.193030000E-02 -9.999000000E+03 2.097570000E+00 1.039202702E+02
1.212320000E-02 -9.999000000E+03 2.099100000E+00 1.022667283E+02
1.231930000E-02 -9.999000000E+03 2.073800000E+00 1.006388350E+02
1.251860000E-02 -9.999000000E+03 2.042690000E+00 9.903663349E+01
1.272100000E-02 -9.999000000E+03 2.012040000E+00 9.746089144E+01
1.292680000E-02 -9.999000000E+03 1.981860000E+00 9.590927376E+01
1.313590000E-02 -9.999000000E+03 1.952120000E+00 9.438256990E+01
1.334830000E-02 -9.999000000E+03 1.922830000E+00 9.288074137E+01
1.356420000E-02 -9.999000000E+03 1.893260000E+00 9.140236800E+01
1.378360000E-02 -9.999000000E+03 1.828640000E+00 8.994747381E+01
1.400660000E-02 -9.999000000E+03 1.766220000E+00 8.851541416E+01
1.423310000E-02 -9.999000000E+03 1.705940000E+00 8.710681440E+01
1.446330000E-02 -9.999000000E+03 1.647710000E+00 8.572040959E+01
1.469730000E-02 -9.999000000E+03 1.589430000E+00 8.435562995E+01
1.493500000E-02 -9.999000000E+03 1.532250000E+00 8.301305658E+01
1.517650000E-02 -9.999000000E+03 1.477130000E+00 8.169208974E+01
1.542200000E-02 -9.999000000E+03 1.423990000E+00 8.039164829E+01
1.567140000E-02 -9.999000000E+03 1.372760000E+00 7.911226821E+01
1.592490000E-02 -9.999000000E+03 1.322650000E+00 7.785292215E+01
1.618250000E-02 -9.999000000E+03 1.273740000E+00 7.661362583E+01
1.644420000E-02 -9.999000000E+03 1.226650000E+00 7.539436397E+01
1.671020000E-02 -9.999000000E+03 1.181290000E+00 7.419420474E+01
1.698050000E-02 -9.999000000E+03 1.137610000E+00 7.301316216E+01
1.725510000E-02 -9.999000000E+03 1.101520000E+00 7.185122080E+01
1.753420000E-02 -9.999000000E+03 1.070440000E+00 7.070753157E+01
1.781780000E-02 -9.999000000E+03 1.040240000E+00 6.958210329E+01
1.810600000E-02 -9.999000000E+03 1.010890000E+00 6.847453883E+01
1.839890000E-02 -9.999000000E+03 9.823680000E-01 6.738446320E+01
1.869640000E-02 -9.999000000E+03 9.546530000E-01 6.631223123E+01
1.899880000E-02 -9.999000000E+03 9.425430000E-01 6.525675306E+01
1.930610000E-02 -9.999000000E+03 9.372720000E-01 6.421804507E+01
1.961840000E-02 -9.999000000E+03 9.320310000E-01 6.319577539E+01
1.993570000E-02 -9.999000000E+03 9.268200000E-01 6.218994066E+01
2.025820000E-02 -9.999000000E+03 9.216370000E-01 6.119990917E+01
2.058580000E-02 -9.999000000E+03 9.221030000E-01 6.022598102E+01
2.091880000E-02 -9.999000000E+03 9.364280000E-01 5.926726198E+01
2.125710000E-02 -9.999000000E+03 9.509750000E-01 5.832404232E+01
2.160090000E-02 -9.999000000E+03 9.657480000E-01 5.739575666E+01
2.195030000E-02 -9.999000000E+03 9.877300000E-01 5.648214375E+01
2.230530000E-02 -9.999000000E+03 1.025980000E+00 5.558320220E+01
2.266610000E-02 -9.999000000E+03 1.065710000E+00 5.469842628E+01
2.303270000E-02 -9.999000000E+03 1.106980000E+00 5.382781871E+01
2.340530000E-02 -9.999000000E+03 1.151270000E+00 5.297090830E+01
2.378380000E-02 -9.999000000E+03 1.232590000E+00 5.212791900E+01
2.416850000E-02 -9.999000000E+03 1.319660000E+00 5.129817738E+01
2.455940000E-02 -9.999000000E+03 1.412880000E+00 5.048168929E+01
2.495660000E-02 -9.999000000E+03 1.512680000E+00 4.967824143E+01
2.536030000E-02 -9.999000000E+03 1.657540000E+00 4.888743430E+01
2.577050000E-02 -9.999000000E+03 1.932790000E+00 4.810927223E+01
2.618730000E-02 -9.999000000E+03 2.253770000E+00 4.734355966E+01
2.661090000E-02 -9.999000000E+03 2.628040000E+00 4.658993119E+01
2.704130000E-02 -9.999000000E+03 3.300600000E+00 4.584838747E+01
2.747860000E-02 -9.999000000E+03 4.831250000E+00 4.511874695E+01
2.792310000E-02 -9.999000000E+03 7.071750000E+00 4.440051427E+01
2.837470000E-02 -9.999000000E+03 1.035130000E+01 4.369385403E+01
2.883370000E-02 -9.999000000E+03 1.431240000E+01 4.299829713E+01
2.930000000E-02 -5.811310000E+00 1.529410000E+01 4.231399317E+01
2.977390000E-02 -4.335370000E+00 1.634320000E+01 4.164049721E+01
3.025550000E-02 -2.915110000E+00 1.746420000E+01 4.097767348E+01
3.074490000E-02 -1.092210000E+00 1.820540000E+01 4.032538730E+01
3.124210000E-02 3.628230000E-01 1.858040000E+01 3.968363202E+01
3.174750000E-02 1.733280000E+00 1.896310000E+01 3.905189385E+01
3.226090000E-02 3.190110000E+00 1.935380000E+01 3.843042197E+01
3.278270000E-02 4.751930000E+00 1.936890000E+01 3.781872756E+01
3.331300000E-02 6.092170000E+00 1.925850000E+01 3.721670219E+01
3.385180000E-02 7.421520000E+00 1.914870000E+01 3.662434494E+01
3.439930000E-02 8.940120000E+00 1.897520000E+01 3.604143108E+01
3.495570000E-02 1.026300000E+01 1.816540000E+01 3.546774918E+01
3.552110000E-02 1.124020000E+01 1.739020000E+01 3.490319838E+01
3.609560000E-02 1.203980000E+01 1.664800000E+01 3.434767673E+01
3.667940000E-02 1.271670000E+01 1.593760000E+01 3.380098911E+01
3.727270000E-02 1.330020000E+01 1.525740000E+01 3.326295117E+01
3.787550000E-02 1.380950000E+01 1.460630000E+01 3.273356127E+01
3.848820000E-02 1.425900000E+01 1.398300000E+01 3.221247032E+01
3.911070000E-02 1.466050000E+01 1.338630000E+01 3.169976503E+01
3.974320000E-02 1.502450000E+01 1.281500000E+01 3.119527366E+01
4.038610000E-02 1.536200000E+01 1.226810000E+01 3.069868098E+01
4.103930000E-02 1.568670000E+01 1.174460000E+01 3.021006694E+01
4.170310000E-02 1.602590000E+01 1.124340000E+01 2.972920478E+01
4.237760000E-02 1.646040000E+01 1.070390000E+01 2.925602205E+01
4.306300000E-02 1.676560000E+01 9.923170000E+00 2.879037689E+01
4.375950000E-02 1.691420000E+01 9.199440000E+00 2.833213359E+01
4.446730000E-02 1.697310000E+01 8.528480000E+00 2.788116211E+01
4.518650000E-02 1.697640000E+01 7.906460000E+00 2.743739834E+01
4.591740000E-02 1.693830000E+01 7.329810000E+00 2.700065770E+01
4.666000000E-02 1.686840000E+01 6.795210000E+00 2.657093871E+01
4.741470000E-02 1.677380000E+01 6.299610000E+00 2.614800895E+01
4.818160000E-02 1.665980000E+01 5.840140000E+00 2.573181463E+01
4.896090000E-02 1.653090000E+01 5.414210000E+00 2.532224694E+01
4.975280000E-02 1.639040000E+01 5.019310000E+00 2.491920053E+01
5.055760000E-02 1.624130000E+01 4.653240000E+00 2.452252480E+01
5.137530000E-02 1.608630000E+01 4.313850000E+00 2.413221918E+01
5.220620000E-02 1.592870000E+01 3.999230000E+00 2.374813719E+01
5.305060000E-02 1.577490000E+01 3.704740000E+00 2.337014096E+01
5.390870000E-02 1.561150000E+01 3.412630000E+00 2.299814316E+01
5.478060000E-02 1.543660000E+01 3.143560000E+00 2.263209968E+01
5.566670000E-02 1.525550000E+01 2.895690000E+00 2.227184295E+01
5.656700000E-02 1.507120000E+01 2.667380000E+00 2.191737232E+01
5.748200000E-02 1.488500000E+01 2.457060000E+00 2.156849101E+01
5.841170000E-02 1.469760000E+01 2.263330000E+00 2.122519975E+01
5.935640000E-02 1.450900000E+01 2.084880000E+00 2.088738535E+01
6.031650000E-02 1.431870000E+01 1.920490000E+00 2.055490620E+01
6.129210000E-02 1.412400000E+01 1.769060000E+00 2.022772919E+01
6.228340000E-02 1.391380000E+01 1.641620000E+00 1.990578549E+01
6.329080000E-02 1.372540000E+01 1.553360000E+00 1.958894500E+01
6.431450000E-02 1.355420000E+01 1.469830000E+00 1.927714590E+01
6.535470000E-02 1.339300000E+01 1.390800000E+00 1.897032654E+01
6.641180000E-02 1.323810000E+01 1.316020000E+00 1.866836918E+01
6.748590000E-02 1.308740000E+01 1.245250000E+00 1.837124496E+01
6.857750000E-02 1.293950000E+01 1.178300000E+00 1.807881594E+01
6.968670000E-02 1.279280000E+01 1.114940000E+00 1.779105626E+01
7.081380000E-02 1.264330000E+01 1.054990000E+00 1.750788688E+01
7.195910000E-02 1.249020000E+01 1.011480000E+00 1.722923161E+01
7.312300000E-02 1.234830000E+01 9.763290000E-01 1.695499364E+01
7.430570000E-02 1.221240000E+01 9.423970000E-01 1.668512644E+01
7.550760000E-02 1.207640000E+01 9.096470000E-01 1.641953923E+01
7.672890000E-02 1.193090000E+01 8.815370000E-01 1.615818811E+01
7.796990000E-02 1.179460000E+01 8.775390000E-01 1.590100795E+01
7.923100000E-02 1.167060000E+01 8.735600000E-01 1.564791559E+01
8.051250000E-02 1.155220000E+01 8.695980000E-01 1.539885111E+01
8.181470000E-02 1.143700000E+01 8.656550000E-01 1.515375599E+01
8.313800000E-02 1.132310000E+01 8.617300000E-01 1.491255503E+01
8.448270000E-02 1.120690000E+01 8.578220000E-01 1.467519386E+01
8.584910000E-02 1.108640000E+01 8.642460000E-01 1.444161907E+01
8.723770000E-02 1.097550000E+01 8.782290000E-01 1.421174561E+01
8.864870000E-02 1.086980000E+01 8.924390000E-01 1.398554068E+01
9.008250000E-02 1.076710000E+01 9.068790000E-01 1.376293953E+01
9.153950000E-02 1.066640000E+01 9.215520000E-01 1.354387996E+01
9.302010000E-02 1.056670000E+01 9.364630000E-01 1.332830216E+01
9.452460000E-02 1.046680000E+01 9.516150000E-01 1.311616235E+01
9.605350000E-02 1.036510000E+01 9.701060000E-01 1.290739015E+01
9.760710000E-02 1.026650000E+01 9.914780000E-01 1.270194484E+01
9.918580000E-02 1.016980000E+01 1.013320000E+00 1.249977315E+01
1.007900000E-01 1.007390000E+01 1.035650000E+00 1.230082349E+01
1.024200000E-01 9.978990000E+00 1.058460000E+00 1.210505761E+01
1.040770000E-01 9.886350000E+00 1.081080000E+00 1.191233414E+01
1.057600000E-01 9.791600000E+00 1.098170000E+00 1.172276853E+01
1.074710000E-01 9.693200000E+00 1.115530000E+00 1.153613533E+01
1.092090000E-01 9.591480000E+00 1.133160000E+00 1.135254420E+01
1.109750000E-01 9.486460000E+00 1.151070000E+00 1.117188556E+01
1.127700000E-01 9.377240000E+00 1.169500000E+00 1.099405870E+01
1.145940000E-01 9.264620000E+00 1.189570000E+00 1.081906557E+01
1.164480000E-01 9.148290000E+00 1.209980000E+00 1.064681231E+01
1.183310000E-01 9.027320000E+00 1.230740000E+00 1.047738970E+01
1.202450000E-01 8.900840000E+00 1.251860000E+00 1.031061583E+01
1.221900000E-01 8.767500000E+00 1.273340000E+00 1.014649317E+01
1.241660000E-01 8.625020000E+00 1.297560000E+00 9.985020054E+00
1.261750000E-01 8.476830000E+00 1.324780000E+00 9.826035268E+00
1.282150000E-01 8.320650000E+00 1.352580000E+00 9.669695433E+00
1.302890000E-01 8.151780000E+00 1.381530000E+00 9.515768791E+00
1.323970000E-01 7.973110000E+00 1.419350000E+00 9.364260519E+00
1.345380000E-01 7.783270000E+00 1.458200000E+00 9.215240304E+00
1.367140000E-01 7.571910000E+00 1.498120000E+00 9.068566496E+00
1.389250000E-01 7.342550000E+00 1.562070000E+00 8.924239698E+00
1.411720000E-01 7.104320000E+00 1.635250000E+00 8.782194770E+00
1.434560000E-01 6.830810000E+00 1.724690000E+00 8.642371180E+00
1.457760000E-01 6.553590000E+00 1.866570000E+00 8.504829327E+00
1.481340000E-01 6.323710000E+00 2.054200000E+00 8.369449282E+00
1.505300000E-01 6.111140000E+00 2.196360000E+00 8.236231980E+00
1.529640000E-01 5.870240000E+00 2.295150000E+00 8.105175074E+00
1.554390000E-01 5.548450000E+00 2.389070000E+00 7.976119249E+00
1.579530000E-01 5.160280000E+00 2.558260000E+00 7.849170323E+00
1.605070000E-01 4.758290000E+00 2.802120000E+00 7.724273708E+00
1.631030000E-01 4.345150000E+00 3.087020000E+00 7.601331674E+00
1.657420000E-01 3.867400000E+00 3.472010000E+00 7.480300708E+00
1.684220000E-01 3.453080000E+00 3.988330000E+00 7.361271093E+00
1.711460000E-01 3.137020000E+00 4.573530000E+00 7.244107370E+00
1.739150000E-01 2.859950000E+00 5.164590000E+00 7.128769801E+00
1.767270000E-01 2.622730000E+00 5.832020000E+00 7.015340044E+00
1.795860000E-01 2.505230000E+00 6.585720000E+00 6.903656187E+00
1.824910000E-01 2.467480000E+00 7.242730000E+00 6.793759692E+00
1.854420000E-01 2.455110000E+00 7.945850000E+00 6.685648343E+00
1.884420000E-01 2.535440000E+00 8.717240000E+00 6.579212702E+00
1.914890000E-01 2.823680000E+00 9.418050000E+00 6.474523341E+00
1.945870000E-01 3.073770000E+00 9.974030000E+00 6.371443108E+00
1.977340000E-01 3.316580000E+00 1.051190000E+01 6.270039548E+00
2.009320000E-01 3.590310000E+00 1.107020000E+01 6.170246651E+00
2.041820000E-01 4.006030000E+00 1.156510000E+01 6.072033774E+00
2.074850000E-01 4.329510000E+00 1.190370000E+01 5.975371714E+00
2.108400000E-01 4.599750000E+00 1.225210000E+01 5.880288370E+00
2.142510000E-01 4.851850000E+00 1.261080000E+01 5.786670774E+00
2.177160000E-01 5.100830000E+00 1.297990000E+01 5.694574583E+00
2.212370000E-01 5.358350000E+00 1.335990000E+01 5.603945091E+00
2.248160000E-01 5.648650000E+00 1.374840000E+01 5.514732048E+00
2.284520000E-01 5.940210000E+00 1.408610000E+01 5.426960587E+00
2.321470000E-01 6.225560000E+00 1.443220000E+01 5.340581614E+00
2.359020000E-01 6.517120000E+00 1.478670000E+01 5.255572229E+00
2.397170000E-01 6.838290000E+00 1.514990000E+01 5.171931903E+00
2.435950000E-01 7.190410000E+00 1.546250000E+01 5.089595435E+00
2.475350000E-01 7.519850000E+00 1.575100000E+01 5.008584645E+00
2.515380000E-01 7.833640000E+00 1.604490000E+01 4.928877545E+00
2.556070000E-01 8.149760000E+00 1.634430000E+01 4.850414895E+00
2.597410000E-01 8.480810000E+00 1.664850000E+01 4.773216396E+00
2.639420000E-01 8.814990000E+00 1.693720000E+01 4.697244092E+00
2.682110000E-01 9.149710000E+00 1.723090000E+01 4.622480062E+00
2.725490000E-01 9.492600000E+00 1.752970000E+01 4.548906802E+00
2.769570000E-01 9.848030000E+00 1.783370000E+01 4.476507183E+00
2.814370000E-01 1.022120000E+01 1.814290000E+01 4.405248777E+00
2.859890000E-01 1.063830000E+01 1.845470000E+01 4.335131771E+00
2.906150000E-01 1.106140000E+01 1.871820000E+01 4.266125286E+00
2.953150000E-01 1.148120000E+01 1.898540000E+01 4.198229010E+00
3.000920000E-01 1.191510000E+01 1.925650000E+01 4.131399704E+00
3.049450000E-01 1.237850000E+01 1.953140000E+01 4.065651183E+00
3.098780000E-01 1.290820000E+01 1.977450000E+01 4.000929398E+00
3.148900000E-01 1.340520000E+01 1.994360000E+01 3.937247928E+00
3.199830000E-01 1.388350000E+01 2.011400000E+01 3.874580837E+00
3.251580000E-01 1.436050000E+01 2.028590000E+01 3.812915567E+00
3.304180000E-01 1.484410000E+01 2.045930000E+01 3.752216889E+00
3.357620000E-01 1.534090000E+01 2.063420000E+01 3.692496471E+00
3.411920000E-01 1.585810000E+01 2.081060000E+01 3.633731154E+00
3.467110000E-01 1.645350000E+01 2.096670000E+01 3.575888853E+00
3.523190000E-01 1.702620000E+01 2.103840000E+01 3.518970024E+00
3.580170000E-01 1.757020000E+01 2.111040000E+01 3.462964049E+00
3.638080000E-01 1.811820000E+01 2.118270000E+01 3.407841499E+00
3.696920000E-01 1.868030000E+01 2.125510000E+01 3.353602458E+00
3.756720000E-01 1.926730000E+01 2.132790000E+01 3.300219340E+00
3.817480000E-01 1.998080000E+01 2.136580000E+01 3.247692195E+00
3.879220000E-01 2.064260000E+01 2.124750000E+01 3.196003320E+00
3.941970000E-01 2.123730000E+01 2.112990000E+01 3.145127944E+00
4.005730000E-01 2.182450000E+01 2.101300000E+01 3.095066318E+00
4.070520000E-01 2.247160000E+01 2.089670000E+01 3.045802502E+00
4.136350000E-01 2.314030000E+01 2.063410000E+01 2.997328563E+00
4.203260000E-01 2.369320000E+01 2.028820000E+01 2.949615299E+00
4.271240000E-01 2.417120000E+01 1.994810000E+01 2.902669951E+00
4.340320000E-01 2.460120000E+01 1.961370000E+01 2.856471412E+00
4.410520000E-01 2.499320000E+01 1.928490000E+01 2.811006412E+00
4.481860000E-01 2.535280000E+01 1.896170000E+01 2.766262221E+00
4.554350000E-01 2.568290000E+01 1.864380000E+01 2.722232591E+00
4.628020000E-01 2.596900000E+01 1.833130000E+01 2.678899400E+00
4.702870000E-01 2.624070000E+01 1.806470000E+01 2.636262538E+00
4.778940000E-01 2.651500000E+01 1.780550000E+01 2.594299154E+00
4.856230000E-01 2.678300000E+01 1.755000000E+01 2.553009227E+00
4.934780000E-01 2.704310000E+01 1.729820000E+01 2.512371372E+00
5.014590000E-01 2.729500000E+01 1.705000000E+01 2.472385579E+00
5.095700000E-01 2.753910000E+01 1.680530000E+01 2.433031772E+00
5.178120000E-01 2.777600000E+01 1.656420000E+01 2.394305269E+00
5.261870000E-01 2.800670000E+01 1.632650000E+01 2.356196561E+00
5.346980000E-01 2.823500000E+01 1.609230000E+01 2.318692047E+00
5.433460000E-01 2.845440000E+01 1.585010000E+01 2.281787296E+00
5.521340000E-01 2.866350000E+01 1.561160000E+01 2.245469397E+00
5.610650000E-01 2.886390000E+01 1.537660000E+01 2.209726146E+00
5.701390000E-01 2.905730000E+01 1.514530000E+01 2.174557432E+00
5.793610000E-01 2.924450000E+01 1.491740000E+01 2.139943835E+00
5.887320000E-01 2.942620000E+01 1.469290000E+01 2.105881793E+00
5.982540000E-01 2.960320000E+01 1.447180000E+01 2.072363912E+00
6.079300000E-01 2.977620000E+01 1.425400000E+01 2.039379534E+00
6.177630000E-01 2.994620000E+01 1.403950000E+01 2.006918511E+00
6.277550000E-01 3.011430000E+01 1.382820000E+01 1.974974313E+00
6.379080000E-01 3.028230000E+01 1.362020000E+01 1.943540448E+00
6.482260000E-01 3.045120000E+01 1.341520000E+01 1.912604555E+00
6.587110000E-01 3.065550000E+01 1.320360000E+01 1.882160765E+00
6.693650000E-01 3.083560000E+01 1.294260000E+01 1.852203208E+00
6.801910000E-01 3.098100000E+01 1.268670000E+01 1.822723323E+00
6.911930000E-01 3.111210000E+01 1.243590000E+01 1.793710295E+00
7.023720000E-01 3.123160000E+01 1.219000000E+01 1.765161481E+00
7.137330000E-01 3.134130000E+01 1.194900000E+01 1.737064140E+00
7.252770000E-01 3.144250000E+01 1.171280000E+01 1.709415851E+00
7.370080000E-01 3.153610000E+01 1.148120000E+01 1.682206977E+00
7.489280000E-01 3.162280000E+01 1.125420000E+01 1.655432832E+00
7.610420000E-01 3.170320000E+01 1.103170000E+01 1.629082232E+00
7.733510000E-01 3.177780000E+01 1.081360000E+01 1.603153031E+00
7.858590000E-01 3.184700000E+01 1.060000000E+01 1.577636701E+00
7.985700000E-01 3.191150000E+01 1.039070000E+01 1.552525139E+00
8.114860000E-01 3.197140000E+01 1.018560000E+01 1.527814405E+00
8.246110000E-01 3.202730000E+01 9.984510000E+00 1.503496800E+00
8.379490000E-01 3.207950000E+01 9.787390000E+00 1.479564985E+00
8.515020000E-01 3.212820000E+01 9.594170000E+00 1.456015370E+00
8.652740000E-01 3.217400000E+01 9.404760000E+00 1.432840927E+00
8.792690000E-01 3.221760000E+01 9.219090000E+00 1.410034927E+00
8.934910000E-01 3.225940000E+01 9.037090000E+00 1.387590921E+00
9.079430000E-01 3.230800000E+01 8.858680000E+00 1.365504222E+00
9.226280000E-01 3.235390000E+01 8.666260000E+00 1.343770187E+00
9.375510000E-01 3.238560000E+01 8.471650000E+00 1.322381396E+00
9.527150000E-01 3.240790000E+01 8.281410000E+00 1.301333557E+00
9.681240000E-01 3.242330000E+01 8.095440000E+00 1.280621077E+00
9.837830000E-01 3.243280000E+01 7.913650000E+00 1.260237268E+00
9.996950000E-01 3.243690000E+01 7.735930000E+00 1.240178254E+00
1.015860000E+00 3.243600000E+01 7.562220000E+00 1.220443762E+00
1.032290000E+00 3.243020000E+01 7.392400000E+00 1.201019093E+00
1.048990000E+00 3.241930000E+01 7.221790000E+00 1.181898779E+00
1.065960000E+00 3.240140000E+01 7.065870000E+00 1.163083043E+00
1.083200000E+00 3.238150000E+01 6.913300000E+00 1.144571640E+00
1.100720000E+00 3.236080000E+01 6.764030000E+00 1.126353659E+00
1.118520000E+00 3.233750000E+01 6.617990000E+00 1.108428995E+00
1.136610000E+00 3.231130000E+01 6.475100000E+00 1.090787517E+00
1.155000000E+00 3.228220000E+01 6.335290000E+00 1.073419913E+00
1.173680000E+00 3.224990000E+01 6.198500000E+00 1.056335628E+00
1.192660000E+00 3.221460000E+01 6.064670000E+00 1.039525095E+00
1.211950000E+00 3.217590000E+01 5.933720000E+00 1.022979496E+00
1.231550000E+00 3.213400000E+01 5.805610000E+00 1.006698875E+00
1.251470000E+00 3.208850000E+01 5.680250000E+00 9.906749662E-01
1.271720000E+00 3.203950000E+01 5.557610000E+00 9.749001352E-01
1.292290000E+00 3.198670000E+01 5.437610000E+00 9.593821820E-01
1.313190000E+00 3.193000000E+01 5.320210000E+00 9.441131900E-01
1.334430000E+00 3.186920000E+01 5.205340000E+00 9.290858269E-01
1.356010000E+00 3.180410000E+01 5.092950000E+00 9.143000420E-01
1.377940000E+00 3.173420000E+01 4.982990000E+00 8.997489005E-01
1.400230000E+00 3.165940000E+01 4.875390000E+00 8.854259657E-01
1.422880000E+00 3.157920000E+01 4.770130000E+00 8.713313842E-01
1.445890000E+00 3.149310000E+01 4.667130000E+00 8.574649524E-01
1.469280000E+00 3.140040000E+01 4.566360000E+00 8.438146575E-01
1.493040000E+00 3.129980000E+01 4.467770000E+00 8.303863259E-01
1.517190000E+00 3.118960000E+01 4.374440000E+00 8.171685814E-01
1.541730000E+00 3.107400000E+01 4.287320000E+00 8.041615588E-01
1.566670000E+00 3.095310000E+01 4.201930000E+00 7.913600184E-01
1.592010000E+00 3.082380000E+01 4.118240000E+00 7.787639525E-01
1.617760000E+00 3.068480000E+01 4.036220000E+00 7.663683117E-01
1.643920000E+00 3.053450000E+01 3.955830000E+00 7.541729525E-01
1.670510000E+00 3.037110000E+01 3.877040000E+00 7.421685593E-01
1.697530000E+00 3.019240000E+01 3.799820000E+00 7.303552809E-01
1.724990000E+00 2.999580000E+01 3.724140000E+00 7.187288042E-01
1.752890000E+00 2.977810000E+01 3.649970000E+00 7.072891054E-01
1.781240000E+00 2.953500000E+01 3.577270000E+00 6.960319777E-01
1.810050000E+00 2.926080000E+01 3.506020000E+00 6.849534543E-01
1.839320000E+00 2.895230000E+01 3.436190000E+00 6.740534545E-01
1.869070000E+00 2.859420000E+01 3.359010000E+00 6.633245411E-01
1.899300000E+00 2.816230000E+01 3.278010000E+00 6.527668088E-01
1.930020000E+00 2.763270000E+01 3.198960000E+00 6.423767629E-01
1.961240000E+00 2.696340000E+01 3.121810000E+00 6.321510881E-01
1.992960000E+00 2.606980000E+01 3.046530000E+00 6.220897559E-01
2.025200000E+00 2.474920000E+01 2.973060000E+00 6.121864507E-01
2.057950000E+00 2.220990000E+01 2.901370000E+00 6.024441799E-01
2.079900000E+00 7.980320000E+00 2.854920000E+00 5.960863503E-01
2.080100000E+00 7.983820000E+00 1.112390000E+01 5.960290371E-01
2.091240000E+00 2.030610000E+01 1.099410000E+01 5.928540005E-01
2.125060000E+00 2.324930000E+01 1.061300000E+01 5.834188211E-01
2.155400000E+00 1.810130000E+01 1.028740000E+01 5.752064582E-01
2.155600000E+00 1.811270000E+01 1.402890000E+01 5.751530896E-01
2.159430000E+00 2.235190000E+01 1.400690000E+01 5.741329888E-01
2.194360000E+00 2.597000000E+01 1.380980000E+01 5.649938934E-01
2.229850000E+00 2.746290000E+01 1.361560000E+01 5.560015248E-01
2.265920000E+00 2.852150000E+01 1.342400000E+01 5.471508262E-01
2.302570000E+00 2.931440000E+01 1.314760000E+01 5.384418280E-01
2.339810000E+00 2.976350000E+01 1.282330000E+01 5.298720836E-01
2.372400000E+00 2.770860000E+01 1.255010000E+01 5.225931546E-01
2.372600000E+00 2.771690000E+01 1.411430000E+01 5.225491023E-01
2.377660000E+00 2.950780000E+01 1.407840000E+01 5.214370431E-01
2.416110000E+00 3.108500000E+01 1.381040000E+01 5.131388885E-01
2.455190000E+00 3.190550000E+01 1.354750000E+01 5.049711020E-01
2.494900000E+00 3.255590000E+01 1.328960000E+01 4.969337448E-01
2.535260000E+00 3.311260000E+01 1.303670000E+01 4.890228221E-01
2.576260000E+00 3.360540000E+01 1.278850000E+01 4.812402475E-01
2.617930000E+00 3.405060000E+01 1.254510000E+01 4.735802714E-01
2.660270000E+00 3.445900000E+01 1.230630000E+01 4.660429205E-01
2.703300000E+00 3.483860000E+01 1.207200000E+01 4.586246440E-01
2.747030000E+00 3.519520000E+01 1.184220000E+01 4.513237933E-01
2.791460000E+00 3.555390000E+01 1.161680000E+01 4.441403423E-01
2.836610000E+00 3.590490000E+01 1.135880000E+01 4.370710108E-01
2.882490000E+00 3.620850000E+01 1.106700000E+01 4.301142415E-01
2.929110000E+00 3.647070000E+01 1.078270000E+01 4.232685014E-01
2.976480000E+00 3.670460000E+01 1.050580000E+01 4.165322797E-01
3.024630000E+00 3.691550000E+01 1.023590000E+01 4.099013764E-01
3.073550000E+00 3.710660000E+01 9.972970000E+00 4.033772023E-01
3.123260000E+00 3.728030000E+01 9.716780000E+00 3.969570257E-01
3.173780000E+00 3.743840000E+01 9.467180000E+00 3.906382925E-01
3.225110000E+00 3.758240000E+01 9.224000000E+00 3.844209965E-01
3.277270000E+00 3.771300000E+01 8.987070000E+00 3.783026727E-01
3.330280000E+00 3.783000000E+01 8.756190000E+00 3.722810094E-01
3.384150000E+00 3.793620000E+01 8.536900000E+00 3.663549193E-01
3.438880000E+00 3.803580000E+01 8.325180000E+00 3.605243568E-01
3.494500000E+00 3.812940000E+01 8.118690000E+00 3.547860924E-01
3.551020000E+00 3.821630000E+01 7.917360000E+00 3.491391206E-01
3.608460000E+00 3.829690000E+01 7.720990000E+00 3.435814724E-01
3.666820000E+00 3.837180000E+01 7.529500000E+00 3.381131335E-01
3.726130000E+00 3.844160000E+01 7.342760000E+00 3.327312788E-01
3.786400000E+00 3.850810000E+01 7.160640000E+00 3.274350306E-01
3.847640000E+00 3.857120000E+01 6.977810000E+00 3.222234928E-01
3.909870000E+00 3.862610000E+01 6.795090000E+00 3.170949418E-01
3.973110000E+00 3.867170000E+01 6.617160000E+00 3.120477409E-01
4.037380000E+00 3.871060000E+01 6.443880000E+00 3.070803343E-01
4.102680000E+00 3.874250000E+01 6.275170000E+00 3.021927131E-01
4.169030000E+00 3.876350000E+01 6.110860000E+00 2.973833242E-01
4.236460000E+00 3.878170000E+01 5.966920000E+00 2.926499955E-01
4.304980000E+00 3.880430000E+01 5.826380000E+00 2.879920464E-01
4.374620000E+00 3.882690000E+01 5.689150000E+00 2.834074731E-01
4.445370000E+00 3.884870000E+01 5.555150000E+00 2.788969197E-01
4.517270000E+00 3.886950000E+01 5.424290000E+00 2.744578031E-01
4.590330000E+00 3.888920000E+01 5.296530000E+00 2.700895143E-01
4.664580000E+00 3.890800000E+01 5.171780000E+00 2.657902748E-01
4.740030000E+00 3.892610000E+01 5.049960000E+00 2.615595260E-01
4.816690000E+00 3.894420000E+01 4.931020000E+00 2.573966770E-01
4.894600000E+00 3.896430000E+01 4.814860000E+00 2.532995546E-01
4.973770000E+00 3.898540000E+01 4.693280000E+00 2.492676581E-01
5.054210000E+00 3.900060000E+01 4.570030000E+00 2.453004525E-01
5.135960000E+00 3.900960000E+01 4.450010000E+00 2.413959610E-01
5.219030000E+00 3.901570000E+01 4.333130000E+00 2.375537217E-01
5.303440000E+00 3.901920000E+01 4.219340000E+00 2.337727965E-01
5.389220000E+00 3.902050000E+01 4.108530000E+00 2.300518442E-01
5.476390000E+00 3.901990000E+01 4.000620000E+00 2.263900124E-01
5.564970000E+00 3.901750000E+01 3.895560000E+00 2.227864661E-01
5.654980000E+00 3.901360000E+01 3.793250000E+00 2.192403863E-01
5.746440000E+00 3.900820000E+01 3.693630000E+00 2.157509693E-01
5.839390000E+00 3.900160000E+01 3.596630000E+00 2.123166975E-01
5.933830000E+00 3.899380000E+01 3.502170000E+00 2.089375665E-01
6.029810000E+00 3.898490000E+01 3.410200000E+00 2.056117854E-01
6.127330000E+00 3.897510000E+01 3.320640000E+00 2.023393550E-01
6.226440000E+00 3.896430000E+01 3.233430000E+00 1.991185975E-01
6.327150000E+00 3.895280000E+01 3.148520000E+00 1.959492030E-01
6.429480000E+00 3.894050000E+01 3.065830000E+00 1.928305244E-01
6.533480000E+00 3.892770000E+01 2.985310000E+00 1.897610462E-01
6.639150000E+00 3.891430000E+01 2.906510000E+00 1.867407725E-01
6.746540000E+00 3.890000000E+01 2.829780000E+00 1.837682723E-01
6.855650000E+00 3.888510000E+01 2.755090000E+00 1.808435378E-01
6.966540000E+00 3.886970000E+01 2.682360000E+00 1.779649582E-01
7.079220000E+00 3.885390000E+01 2.611550000E+00 1.751322886E-01
7.193720000E+00 3.883760000E+01 2.542610000E+00 1.723447674E-01
7.310070000E+00 3.882100000E+01 2.475490000E+00 1.696016591E-01
7.428310000E+00 3.880410000E+01 2.410150000E+00 1.669020275E-01
7.548450000E+00 3.878710000E+01 2.346530000E+00 1.642456398E-01
7.670540000E+00 3.876990000E+01 2.284590000E+00 1.616313845E-01
7.794610000E+00 3.875290000E+01 2.224280000E+00 1.590586315E-01
7.920680000E+00 3.873610000E+01 2.165570000E+00 1.565269649E-01
8.048790000E+00 3.872150000E+01 2.108410000E+00 1.540355755E-01
8.178980000E+00 3.870810000E+01 2.048840000E+00 1.515836938E-01
8.311260000E+00 3.869120000E+01 1.986890000E+00 1.491711245E-01
8.445690000E+00 3.867140000E+01 1.926810000E+00 1.467967685E-01
8.582290000E+00 3.864990000E+01 1.868540000E+00 1.444602781E-01
8.721110000E+00 3.862710000E+01 1.812040000E+00 1.421608029E-01
8.862160000E+00 3.860310000E+01 1.757250000E+00 1.398981738E-01
9.005500000E+00 3.857830000E+01 1.704120000E+00 1.376714230E-01
9.151160000E+00 3.855250000E+01 1.652580000E+00 1.354800921E-01
9.299170000E+00 3.852580000E+01 1.602620000E+00 1.333237267E-01
9.449580000E+00 3.849830000E+01 1.554150000E+00 1.312015984E-01
9.602420000E+00 3.846990000E+01 1.507160000E+00 1.291132860E-01
9.757730000E+00 3.843980000E+01 1.461590000E+00 1.270582400E-01
9.915550000E+00 3.840850000E+01 1.418950000E+00 1.250359284E-01
1.007590000E+01 3.837780000E+01 1.379290000E+00 1.230460803E-01
1.023890000E+01 3.834760000E+01 1.340730000E+00 1.210872262E-01
1.040450000E+01 3.831730000E+01 1.303240000E+00 1.191599789E-01
1.057280000E+01 3.828670000E+01 1.266780000E+00 1.172631659E-01
1.074380000E+01 3.825580000E+01 1.231330000E+00 1.153967870E-01
1.091760000E+01 3.822430000E+01 1.196870000E+00 1.135597567E-01
1.109420000E+01 3.819230000E+01 1.163360000E+00 1.117520867E-01
1.127360000E+01 3.815960000E+01 1.130790000E+00 1.099737440E-01
1.145590000E+01 3.812600000E+01 1.099120000E+00 1.082237101E-01
1.164120000E+01 3.809160000E+01 1.068330000E+00 1.065010480E-01
1.182950000E+01 3.805620000E+01 1.038390000E+00 1.048057822E-01
1.202080000E+01 3.801960000E+01 1.009290000E+00 1.031378943E-01
1.221530000E+01 3.798180000E+01 9.810040000E-01 1.014956653E-01
1.241280000E+01 3.794240000E+01 9.535040000E-01 9.988076824E-02
1.261360000E+01 3.790140000E+01 9.267710000E-01 9.829073381E-02
1.281760000E+01 3.785850000E+01 9.007840000E-01 9.672637623E-02
1.302500000E+01 3.781340000E+01 8.755210000E-01 9.518618042E-02
1.323560000E+01 3.776570000E+01 8.509650000E-01 9.367161292E-02
1.344970000E+01 3.771510000E+01 8.270940000E-01 9.218049473E-02
1.366720000E+01 3.766110000E+01 8.038900000E-01 9.071353313E-02
1.388830000E+01 3.760310000E+01 7.813340000E-01 8.926938502E-02
1.411290000E+01 3.754020000E+01 7.594080000E-01 8.784870579E-02
1.434120000E+01 3.747160000E+01 7.380960000E-01 8.645022732E-02
1.457310000E+01 3.739590000E+01 7.173780000E-01 8.507455517E-02
1.480890000E+01 3.731130000E+01 6.972410000E-01 8.371992518E-02
1.504840000E+01 3.721560000E+01 6.776660000E-01 8.238749635E-02
1.529180000E+01 3.710530000E+01 6.586390000E-01 8.107613231E-02
1.553910000E+01 3.697540000E+01 6.401440000E-01 7.978583058E-02
1.579040000E+01 3.681760000E+01 6.221650000E-01 7.851606039E-02
1.604580000E+01 3.661800000E+01 6.046900000E-01 7.726632514E-02
1.630540000E+01 3.634860000E+01 5.877030000E-01 7.603615980E-02
1.656910000E+01 3.594210000E+01 5.711900000E-01 7.482603159E-02
1.683710000E+01 3.514230000E+01 5.551390000E-01 7.363500840E-02
1.703830000E+01 2.748220000E+01 5.435470000E-01 7.276547543E-02
1.703850000E+01 2.748240000E+01 3.733840000E+00 7.276462130E-02
1.710940000E+01 3.418390000E+01 3.710620000E+00 7.246309046E-02
1.738610000E+01 3.586640000E+01 3.622280000E+00 7.130983947E-02
1.766740000E+01 3.651500000E+01 3.535360000E+00 7.017444559E-02
1.795310000E+01 3.693040000E+01 3.449890000E+00 6.905771148E-02
1.824350000E+01 3.723720000E+01 3.365880000E+00 6.795845096E-02
1.853860000E+01 3.748010000E+01 3.283340000E+00 6.687667893E-02
1.883840000E+01 3.768030000E+01 3.202280000E+00 6.581238322E-02
1.914310000E+01 3.784990000E+01 3.122710000E+00 6.476485000E-02
1.945270000E+01 3.799630000E+01 3.044640000E+00 6.373408319E-02
1.976740000E+01 3.812430000E+01 2.968050000E+00 6.271942694E-02
2.008710000E+01 3.823740000E+01 2.892960000E+00 6.172120416E-02
2.041200000E+01 3.833810000E+01 2.819360000E+00 6.073878111E-02
2.074210000E+01 3.842840000E+01 2.747240000E+00 5.977215422E-02
2.107760000E+01 3.850960000E+01 2.676590000E+00 5.882073860E-02
2.141850000E+01 3.858310000E+01 2.607410000E+00 5.788453907E-02
2.176500000E+01 3.864970000E+01 2.539690000E+00 5.696301401E-02
2.211700000E+01 3.871020000E+01 2.473410000E+00 5.605642718E-02
2.247470000E+01 3.876530000E+01 2.408570000E+00 5.516425136E-02
2.283820000E+01 3.881550000E+01 2.345140000E+00 5.428623972E-02
2.320760000E+01 3.886140000E+01 2.283120000E+00 5.342215481E-02
2.358300000E+01 3.890320000E+01 2.222480000E+00 5.257176780E-02
2.396440000E+01 3.894150000E+01 2.163210000E+00 5.173507369E-02
2.435200000E+01 3.897650000E+01 2.105300000E+00 5.091162943E-02
2.474590000E+01 3.900840000E+01 2.048720000E+00 5.010122889E-02
2.514620000E+01 3.903750000E+01 1.993450000E+00 4.930367213E-02
2.555290000E+01 3.906410000E+01 1.939480000E+00 4.851895480E-02
2.596620000E+01 3.908830000E+01 1.886790000E+00 4.774668608E-02
2.638610000E+01 3.911040000E+01 1.835360000E+00 4.698686051E-02
2.681290000E+01 3.913040000E+01 1.785160000E+00 4.623893723E-02
2.724660000E+01 3.914860000E+01 1.736170000E+00 4.550292514E-02
2.768730000E+01 3.916500000E+01 1.688390000E+00 4.477865303E-02
2.813510000E+01 3.917980000E+01 1.641770000E+00 4.406595320E-02
2.859020000E+01 3.919310000E+01 1.596310000E+00 4.336450952E-02
2.905260000E+01 3.920500000E+01 1.551970000E+00 4.267432175E-02
2.952250000E+01 3.921560000E+01 1.508750000E+00 4.199508849E-02
3.000000000E+01 3.922500000E+01 1.466620000E+00 4.132666667E-02
