# Data retrieved from henke.lbl.gov/optical_constants 03/01/2021
# Element, Yb  (Z = 70) 
# Atomic weight*, g mol-1 = 173.04 
# Nominal density*, g cm-3 =  0 
# Relativistic correction estimate f_rel(5CL)*,  e atom-1 =  0 
# Nuclear Thomson correction f_NT*, e atom-1 =  0 
#    E [keV]      f1 [e atom-1]      f2 [e atom-1]    Wavelength [nm] 
1.000000000E-02 -9.999000000E+03 2.173420000E-01 1.239800000E+02
1.016170000E-02 -9.999000000E+03 2.186360000E-01 1.220071445E+02
1.032610000E-02 -9.999000000E+03 2.199370000E-01 1.200646904E+02
1.049310000E-02 -9.999000000E+03 2.212460000E-01 1.181538344E+02
1.066280000E-02 -9.999000000E+03 2.225630000E-01 1.162733991E+02
1.083530000E-02 -9.999000000E+03 2.238870000E-01 1.144223049E+02
1.101060000E-02 -9.999000000E+03 2.252200000E-01 1.126005849E+02
1.118860000E-02 -9.999000000E+03 2.265600000E-01 1.108092165E+02
1.136960000E-02 -9.999000000E+03 2.288630000E-01 1.090451731E+02
1.155350000E-02 -9.999000000E+03 2.337850000E-01 1.073094733E+02
1.174040000E-02 -9.999000000E+03 2.388130000E-01 1.056011720E+02
1.193030000E-02 -9.999000000E+03 2.439490000E-01 1.039202702E+02
1.212320000E-02 -9.999000000E+03 2.491950000E-01 1.022667283E+02
1.231930000E-02 -9.999000000E+03 2.559240000E-01 1.006388350E+02
1.251860000E-02 -9.999000000E+03 2.642220000E-01 9.903663349E+01
1.272100000E-02 -9.999000000E+03 2.727900000E-01 9.746089144E+01
1.292680000E-02 -9.999000000E+03 2.816360000E-01 9.590927376E+01
1.313590000E-02 -9.999000000E+03 2.907680000E-01 9.438256990E+01
1.334830000E-02 -9.999000000E+03 3.001960000E-01 9.288074137E+01
1.356420000E-02 -9.999000000E+03 3.099300000E-01 9.140236800E+01
1.378360000E-02 -9.999000000E+03 3.199800000E-01 8.994747381E+01
1.400660000E-02 -9.999000000E+03 3.303560000E-01 8.851541416E+01
1.423310000E-02 -9.999000000E+03 3.404040000E-01 8.710681440E+01
1.446330000E-02 -9.999000000E+03 3.504280000E-01 8.572040959E+01
1.469730000E-02 -9.999000000E+03 3.607470000E-01 8.435562995E+01
1.493500000E-02 -9.999000000E+03 3.713690000E-01 8.301305658E+01
1.517650000E-02 -9.999000000E+03 3.823050000E-01 8.169208974E+01
1.542200000E-02 -9.999000000E+03 3.935630000E-01 8.039164829E+01
1.567140000E-02 -9.999000000E+03 4.050920000E-01 7.911226821E+01
1.592490000E-02 -9.999000000E+03 4.163040000E-01 7.785292215E+01
1.618250000E-02 -9.999000000E+03 4.278250000E-01 7.661362583E+01
1.644420000E-02 -9.999000000E+03 4.396660000E-01 7.539436397E+01
1.671020000E-02 -9.999000000E+03 4.518340000E-01 7.419420474E+01
1.698050000E-02 -9.999000000E+03 4.643400000E-01 7.301316216E+01
1.725510000E-02 -9.999000000E+03 4.771900000E-01 7.185122080E+01
1.753420000E-02 -9.999000000E+03 4.906410000E-01 7.070753157E+01
1.781780000E-02 -9.999000000E+03 5.046010000E-01 6.958210329E+01
1.810600000E-02 -9.999000000E+03 5.189580000E-01 6.847453883E+01
1.839890000E-02 -9.999000000E+03 5.337230000E-01 6.738446320E+01
1.869640000E-02 -9.999000000E+03 5.489090000E-01 6.631223123E+01
1.899880000E-02 -9.999000000E+03 5.645270000E-01 6.525675306E+01
1.930610000E-02 -9.999000000E+03 5.802060000E-01 6.421804507E+01
1.961840000E-02 -9.999000000E+03 5.920670000E-01 6.319577539E+01
1.993570000E-02 -9.999000000E+03 6.041700000E-01 6.218994066E+01
2.025820000E-02 -9.999000000E+03 6.165210000E-01 6.119990917E+01
2.058580000E-02 -9.999000000E+03 6.291240000E-01 6.022598102E+01
2.091880000E-02 -9.999000000E+03 6.419850000E-01 5.926726198E+01
2.125710000E-02 -9.999000000E+03 6.551090000E-01 5.832404232E+01
2.160090000E-02 -9.999000000E+03 6.718890000E-01 5.739575666E+01
2.195030000E-02 -9.999000000E+03 6.910550000E-01 5.648214375E+01
2.230530000E-02 -9.999000000E+03 7.107680000E-01 5.558320220E+01
2.266610000E-02 -9.999000000E+03 7.311220000E-01 5.469842628E+01
2.303270000E-02 -9.999000000E+03 7.538190000E-01 5.382781871E+01
2.340530000E-02 -9.999000000E+03 7.772200000E-01 5.297090830E+01
2.378380000E-02 -9.999000000E+03 8.013480000E-01 5.212791900E+01
2.416850000E-02 -9.999000000E+03 8.587330000E-01 5.129817738E+01
2.455940000E-02 -9.999000000E+03 9.426980000E-01 5.048168929E+01
2.495660000E-02 -9.999000000E+03 1.049410000E+00 4.967824143E+01
2.536030000E-02 -9.999000000E+03 1.194210000E+00 4.888743430E+01
2.577050000E-02 -9.999000000E+03 1.358990000E+00 4.810927223E+01
2.618730000E-02 -9.999000000E+03 1.873530000E+00 4.734355966E+01
2.661090000E-02 -9.999000000E+03 2.262450000E+00 4.658993119E+01
2.704130000E-02 -9.999000000E+03 3.322800000E+00 4.584838747E+01
2.747860000E-02 -9.999000000E+03 4.882160000E+00 4.511874695E+01
2.792310000E-02 -9.999000000E+03 6.604200000E+00 4.440051427E+01
2.837470000E-02 -9.999000000E+03 8.213570000E+00 4.369385403E+01
2.883370000E-02 -9.999000000E+03 9.797760000E+00 4.299829713E+01
2.930000000E-02 -7.217650000E+00 1.093000000E+01 4.231399317E+01
2.977390000E-02 -6.315810000E+00 1.147630000E+01 4.164049721E+01
3.025550000E-02 -5.624960000E+00 1.204590000E+01 4.097767348E+01
3.074490000E-02 -4.912620000E+00 1.263790000E+01 4.032538730E+01
3.124210000E-02 -4.173660000E+00 1.312910000E+01 3.968363202E+01
3.174750000E-02 -3.409080000E+00 1.363210000E+01 3.905189385E+01
3.226090000E-02 -2.575540000E+00 1.401060000E+01 3.843042197E+01
3.278270000E-02 -1.688720000E+00 1.433710000E+01 3.781872756E+01
3.331300000E-02 -7.537290000E-01 1.444800000E+01 3.721670219E+01
3.385180000E-02 5.531450000E-02 1.441600000E+01 3.662434494E+01
3.439930000E-02 8.034370000E-01 1.432640000E+01 3.604143108E+01
3.495570000E-02 1.407980000E+00 1.409790000E+01 3.546774918E+01
3.552110000E-02 1.886380000E+00 1.398010000E+01 3.490319838E+01
3.609560000E-02 2.400360000E+00 1.387240000E+01 3.434767673E+01
3.667940000E-02 2.895610000E+00 1.374010000E+01 3.380098911E+01
3.727270000E-02 3.369490000E+00 1.359080000E+01 3.326295117E+01
3.787550000E-02 3.847960000E+00 1.343600000E+01 3.273356127E+01
3.848820000E-02 4.295090000E+00 1.312440000E+01 3.221247032E+01
3.911070000E-02 4.621610000E+00 1.282000000E+01 3.169976503E+01
3.974320000E-02 4.839090000E+00 1.252260000E+01 3.119527366E+01
4.038610000E-02 4.991780000E+00 1.232790000E+01 3.069868098E+01
4.103930000E-02 5.191680000E+00 1.217840000E+01 3.021006694E+01
4.170310000E-02 5.401530000E+00 1.203070000E+01 2.972920478E+01
4.237760000E-02 5.621320000E+00 1.185560000E+01 2.925602205E+01
4.306300000E-02 5.800160000E+00 1.163630000E+01 2.879037689E+01
4.375950000E-02 5.903500000E+00 1.143640000E+01 2.833213359E+01
4.446730000E-02 5.986880000E+00 1.129620000E+01 2.788116211E+01
4.518650000E-02 6.080460000E+00 1.115760000E+01 2.743739834E+01
4.591740000E-02 6.145120000E+00 1.102080000E+01 2.700065770E+01
4.666000000E-02 6.180500000E+00 1.094070000E+01 2.657093871E+01
4.741470000E-02 6.243120000E+00 1.088500000E+01 2.614800895E+01
4.818160000E-02 6.317790000E+00 1.082950000E+01 2.573181463E+01
4.896090000E-02 6.390830000E+00 1.077430000E+01 2.532224694E+01
4.975280000E-02 6.450320000E+00 1.072080000E+01 2.491920053E+01
5.055760000E-02 6.507550000E+00 1.070240000E+01 2.452252480E+01
5.137530000E-02 6.585770000E+00 1.068400000E+01 2.413221918E+01
5.220620000E-02 6.667660000E+00 1.066560000E+01 2.374813719E+01
5.305060000E-02 6.757060000E+00 1.064730000E+01 2.337014096E+01
5.390870000E-02 6.849590000E+00 1.061720000E+01 2.299814316E+01
5.478060000E-02 6.928730000E+00 1.057900000E+01 2.263209968E+01
5.566670000E-02 6.996920000E+00 1.054090000E+01 2.227184295E+01
5.656700000E-02 7.038930000E+00 1.050300000E+01 2.191737232E+01
5.748200000E-02 7.061380000E+00 1.050070000E+01 2.156849101E+01
5.841170000E-02 7.111390000E+00 1.053230000E+01 2.122519975E+01
5.935640000E-02 7.181520000E+00 1.056390000E+01 2.088738535E+01
6.031650000E-02 7.277550000E+00 1.059560000E+01 2.055490620E+01
6.129210000E-02 7.386280000E+00 1.058650000E+01 2.022772919E+01
6.228340000E-02 7.463210000E+00 1.057090000E+01 1.990578549E+01
6.329080000E-02 7.529900000E+00 1.055530000E+01 1.958894500E+01
6.431450000E-02 7.583400000E+00 1.054730000E+01 1.927714590E+01
6.535470000E-02 7.635440000E+00 1.055150000E+01 1.897032654E+01
6.641180000E-02 7.690630000E+00 1.055580000E+01 1.866836918E+01
6.748590000E-02 7.741920000E+00 1.055710000E+01 1.837124496E+01
6.857750000E-02 7.780380000E+00 1.055150000E+01 1.807881594E+01
6.968670000E-02 7.795140000E+00 1.054590000E+01 1.779105626E+01
7.081380000E-02 7.743450000E+00 1.054100000E+01 1.750788688E+01
7.195910000E-02 7.685960000E+00 1.072360000E+01 1.722923161E+01
7.312300000E-02 7.762020000E+00 1.090940000E+01 1.695499364E+01
7.430570000E-02 7.923320000E+00 1.109830000E+01 1.668512644E+01
7.550760000E-02 8.191390000E+00 1.114460000E+01 1.641953923E+01
7.672890000E-02 8.370150000E+00 1.108900000E+01 1.615818811E+01
7.796990000E-02 8.483270000E+00 1.103360000E+01 1.590100795E+01
7.923100000E-02 8.565710000E+00 1.097860000E+01 1.564791559E+01
8.051250000E-02 8.620440000E+00 1.092380000E+01 1.539885111E+01
8.181470000E-02 8.642330000E+00 1.086930000E+01 1.515375599E+01
8.313800000E-02 8.628410000E+00 1.085410000E+01 1.491255503E+01
8.448270000E-02 8.623580000E+00 1.084700000E+01 1.467519386E+01
8.584910000E-02 8.592530000E+00 1.083990000E+01 1.444161907E+01
8.723770000E-02 8.519960000E+00 1.083280000E+01 1.421174561E+01
8.864870000E-02 8.425160000E+00 1.096060000E+01 1.398554068E+01
9.008250000E-02 8.395190000E+00 1.109520000E+01 1.376293953E+01
9.153950000E-02 8.389220000E+00 1.123150000E+01 1.354387996E+01
9.302010000E-02 8.398420000E+00 1.136950000E+01 1.332830216E+01
9.452460000E-02 8.418790000E+00 1.150920000E+01 1.311616235E+01
9.605350000E-02 8.448130000E+00 1.165050000E+01 1.290739015E+01
9.760710000E-02 8.484970000E+00 1.179360000E+01 1.270194484E+01
9.918580000E-02 8.528420000E+00 1.193850000E+01 1.249977315E+01
1.007900000E-01 8.577690000E+00 1.208520000E+01 1.230082349E+01
1.024200000E-01 8.632340000E+00 1.223360000E+01 1.210505761E+01
1.040770000E-01 8.691920000E+00 1.238390000E+01 1.191233414E+01
1.057600000E-01 8.756170000E+00 1.253600000E+01 1.172276853E+01
1.074710000E-01 8.824820000E+00 1.269000000E+01 1.153613533E+01
1.092090000E-01 8.897720000E+00 1.284590000E+01 1.135254420E+01
1.109750000E-01 8.974680000E+00 1.300370000E+01 1.117188556E+01
1.127700000E-01 9.055620000E+00 1.316340000E+01 1.099405870E+01
1.145940000E-01 9.140290000E+00 1.332510000E+01 1.081906557E+01
1.164480000E-01 9.228550000E+00 1.348880000E+01 1.064681231E+01
1.183310000E-01 9.320500000E+00 1.365570000E+01 1.047738970E+01
1.202450000E-01 9.417050000E+00 1.382480000E+01 1.031061583E+01
1.221900000E-01 9.517800000E+00 1.399600000E+01 1.014649317E+01
1.241660000E-01 9.622750000E+00 1.416930000E+01 9.985020054E+00
1.261750000E-01 9.731870000E+00 1.434480000E+01 9.826035268E+00
1.282150000E-01 9.845270000E+00 1.452240000E+01 9.669695433E+00
1.302890000E-01 9.962980000E+00 1.470220000E+01 9.515768791E+00
1.323970000E-01 1.008520000E+01 1.488420000E+01 9.364260519E+00
1.345380000E-01 1.021180000E+01 1.506850000E+01 9.215240304E+00
1.367140000E-01 1.034330000E+01 1.525510000E+01 9.068566496E+00
1.389250000E-01 1.047960000E+01 1.544400000E+01 8.924239698E+00
1.411720000E-01 1.062100000E+01 1.563530000E+01 8.782194770E+00
1.434560000E-01 1.076770000E+01 1.582890000E+01 8.642371180E+00
1.457760000E-01 1.092010000E+01 1.602480000E+01 8.504829327E+00
1.481340000E-01 1.107840000E+01 1.622330000E+01 8.369449282E+00
1.505300000E-01 1.124330000E+01 1.642420000E+01 8.236231980E+00
1.529640000E-01 1.141500000E+01 1.662750000E+01 8.105175074E+00
1.554390000E-01 1.159450000E+01 1.683340000E+01 7.976119249E+00
1.579530000E-01 1.178270000E+01 1.704190000E+01 7.849170323E+00
1.605070000E-01 1.198120000E+01 1.725290000E+01 7.724273708E+00
1.631030000E-01 1.219350000E+01 1.746650000E+01 7.601331674E+00
1.657420000E-01 1.242700000E+01 1.768280000E+01 7.480300708E+00
1.684220000E-01 1.268820000E+01 1.786020000E+01 7.361271093E+00
1.711460000E-01 1.292490000E+01 1.802270000E+01 7.244107370E+00
1.739150000E-01 1.315580000E+01 1.818670000E+01 7.128769801E+00
1.767270000E-01 1.338550000E+01 1.835220000E+01 7.015340044E+00
1.795860000E-01 1.361600000E+01 1.851920000E+01 6.903656187E+00
1.824910000E-01 1.384880000E+01 1.868770000E+01 6.793759692E+00
1.854420000E-01 1.408480000E+01 1.885770000E+01 6.685648343E+00
1.884420000E-01 1.432460000E+01 1.902930000E+01 6.579212702E+00
1.914890000E-01 1.456910000E+01 1.920250000E+01 6.474523341E+00
1.945870000E-01 1.481900000E+01 1.937720000E+01 6.371443108E+00
1.977340000E-01 1.507490000E+01 1.955350000E+01 6.270039548E+00
2.009320000E-01 1.533790000E+01 1.973140000E+01 6.170246651E+00
2.041820000E-01 1.560890000E+01 1.991100000E+01 6.072033774E+00
2.074850000E-01 1.588920000E+01 2.009210000E+01 5.975371714E+00
2.108400000E-01 1.618030000E+01 2.027500000E+01 5.880288370E+00
2.142510000E-01 1.648460000E+01 2.045950000E+01 5.786670774E+00
2.177160000E-01 1.680540000E+01 2.064560000E+01 5.694574583E+00
2.212370000E-01 1.714780000E+01 2.083350000E+01 5.603945091E+00
2.248160000E-01 1.754350000E+01 2.102300000E+01 5.514732048E+00
2.284520000E-01 1.802160000E+01 2.112290000E+01 5.426960587E+00
2.321470000E-01 1.840730000E+01 2.115190000E+01 5.340581614E+00
2.359020000E-01 1.875890000E+01 2.118100000E+01 5.255572229E+00
2.397170000E-01 1.909350000E+01 2.121010000E+01 5.171931903E+00
2.435950000E-01 1.941580000E+01 2.123930000E+01 5.089595435E+00
2.475350000E-01 1.972870000E+01 2.126850000E+01 5.008584645E+00
2.515380000E-01 2.003400000E+01 2.129780000E+01 4.928877545E+00
2.556070000E-01 2.033280000E+01 2.132700000E+01 4.850414895E+00
2.597410000E-01 2.062560000E+01 2.135640000E+01 4.773216396E+00
2.639420000E-01 2.091190000E+01 2.138570000E+01 4.697244092E+00
2.682110000E-01 2.118980000E+01 2.141510000E+01 4.622480062E+00
2.725490000E-01 2.145970000E+01 2.145980000E+01 4.548906802E+00
2.769570000E-01 2.173810000E+01 2.150970000E+01 4.476507183E+00
2.814370000E-01 2.201960000E+01 2.155970000E+01 4.405248777E+00
2.859890000E-01 2.230310000E+01 2.160990000E+01 4.335131771E+00
2.906150000E-01 2.258810000E+01 2.166010000E+01 4.266125286E+00
2.953150000E-01 2.287480000E+01 2.171050000E+01 4.198229010E+00
3.000920000E-01 2.316320000E+01 2.176100000E+01 4.131399704E+00
3.049450000E-01 2.345360000E+01 2.181160000E+01 4.065651183E+00
3.098780000E-01 2.374620000E+01 2.186230000E+01 4.000929398E+00
3.148900000E-01 2.404150000E+01 2.191310000E+01 3.937247928E+00
3.199830000E-01 2.433980000E+01 2.196410000E+01 3.874580837E+00
3.251580000E-01 2.464170000E+01 2.201510000E+01 3.812915567E+00
3.304180000E-01 2.494800000E+01 2.206630000E+01 3.752216889E+00
3.357620000E-01 2.525940000E+01 2.211760000E+01 3.692496471E+00
3.411920000E-01 2.557750000E+01 2.216910000E+01 3.633731154E+00
3.467110000E-01 2.590440000E+01 2.222060000E+01 3.575888853E+00
3.523190000E-01 2.624720000E+01 2.227230000E+01 3.518970024E+00
3.580170000E-01 2.662040000E+01 2.232410000E+01 3.462964049E+00
3.638080000E-01 2.699920000E+01 2.230060000E+01 3.407841499E+00
3.696920000E-01 2.734550000E+01 2.227170000E+01 3.353602458E+00
3.756720000E-01 2.767810000E+01 2.224300000E+01 3.300219340E+00
3.817480000E-01 2.800270000E+01 2.221420000E+01 3.247692195E+00
3.879220000E-01 2.832210000E+01 2.218550000E+01 3.196003320E+00
3.941970000E-01 2.863790000E+01 2.215680000E+01 3.145127944E+00
4.005730000E-01 2.895110000E+01 2.212810000E+01 3.095066318E+00
4.070520000E-01 2.926290000E+01 2.209950000E+01 3.045802502E+00
4.136350000E-01 2.957400000E+01 2.207090000E+01 2.997328563E+00
4.203260000E-01 2.988540000E+01 2.204240000E+01 2.949615299E+00
4.271240000E-01 3.019820000E+01 2.201390000E+01 2.902669951E+00
4.340320000E-01 3.051360000E+01 2.198540000E+01 2.856471412E+00
4.410520000E-01 3.083390000E+01 2.195700000E+01 2.811006412E+00
4.481860000E-01 3.116360000E+01 2.192860000E+01 2.766262221E+00
4.554350000E-01 3.151770000E+01 2.189190000E+01 2.722232591E+00
4.628020000E-01 3.186160000E+01 2.180470000E+01 2.678899400E+00
4.702870000E-01 3.218430000E+01 2.171780000E+01 2.636262538E+00
4.778940000E-01 3.249570000E+01 2.163130000E+01 2.594299154E+00
4.856230000E-01 3.280070000E+01 2.154510000E+01 2.553009227E+00
4.934780000E-01 3.310130000E+01 2.145920000E+01 2.512371372E+00
5.014590000E-01 3.339870000E+01 2.137370000E+01 2.472385579E+00
5.095700000E-01 3.369410000E+01 2.128860000E+01 2.433031772E+00
5.178120000E-01 3.398850000E+01 2.120370000E+01 2.394305269E+00
5.261870000E-01 3.428310000E+01 2.111930000E+01 2.356196561E+00
5.346980000E-01 3.457920000E+01 2.103510000E+01 2.318692047E+00
5.433460000E-01 3.487850000E+01 2.095130000E+01 2.281787296E+00
5.521340000E-01 3.518380000E+01 2.086780000E+01 2.245469397E+00
5.610650000E-01 3.550030000E+01 2.078470000E+01 2.209726146E+00
5.701390000E-01 3.584620000E+01 2.070190000E+01 2.174557432E+00
5.793610000E-01 3.621740000E+01 2.054440000E+01 2.139943835E+00
5.887320000E-01 3.654040000E+01 2.035940000E+01 2.105881793E+00
5.982540000E-01 3.683410000E+01 2.017500000E+01 2.072363912E+00
6.079300000E-01 3.711420000E+01 1.999210000E+01 2.039379534E+00
6.177630000E-01 3.738590000E+01 1.981110000E+01 2.006918511E+00
6.277550000E-01 3.765780000E+01 1.963030000E+01 1.974974313E+00
6.379080000E-01 3.792650000E+01 1.943380000E+01 1.943540448E+00
6.482260000E-01 3.819010000E+01 1.921420000E+01 1.912604555E+00
6.587110000E-01 3.841670000E+01 1.898080000E+01 1.882160765E+00
6.693650000E-01 3.861160000E+01 1.874990000E+01 1.852203208E+00
6.801910000E-01 3.877150000E+01 1.855360000E+01 1.822723323E+00
6.911930000E-01 3.895050000E+01 1.838360000E+01 1.793710295E+00
7.023720000E-01 3.915020000E+01 1.821970000E+01 1.765161481E+00
7.137330000E-01 3.936580000E+01 1.802780000E+01 1.737064140E+00
7.252770000E-01 3.955550000E+01 1.781770000E+01 1.709415851E+00
7.370080000E-01 3.973050000E+01 1.761010000E+01 1.682206977E+00
7.489280000E-01 3.989640000E+01 1.740470000E+01 1.655432832E+00
7.610420000E-01 4.005680000E+01 1.720100000E+01 1.629082232E+00
7.733510000E-01 4.021340000E+01 1.699540000E+01 1.603153031E+00
7.858590000E-01 4.036870000E+01 1.677840000E+01 1.577636701E+00
7.985700000E-01 4.050270000E+01 1.655290000E+01 1.552525139E+00
8.114860000E-01 4.062180000E+01 1.632990000E+01 1.527814405E+00
8.246110000E-01 4.072950000E+01 1.610990000E+01 1.503496800E+00
8.379490000E-01 4.082810000E+01 1.589260000E+01 1.479564985E+00
8.515020000E-01 4.091760000E+01 1.567450000E+01 1.456015370E+00
8.652740000E-01 4.099860000E+01 1.545540000E+01 1.432840927E+00
8.792690000E-01 4.106550000E+01 1.523580000E+01 1.410034927E+00
8.934910000E-01 4.112080000E+01 1.501890000E+01 1.387590921E+00
9.079430000E-01 4.116600000E+01 1.480490000E+01 1.365504222E+00
9.226280000E-01 4.120380000E+01 1.459390000E+01 1.343770187E+00
9.375510000E-01 4.123080000E+01 1.437680000E+01 1.322381396E+00
9.527150000E-01 4.124490000E+01 1.416050000E+01 1.301333557E+00
9.681240000E-01 4.124410000E+01 1.394550000E+01 1.280621077E+00
9.837830000E-01 4.123070000E+01 1.373320000E+01 1.260237268E+00
9.996950000E-01 4.120670000E+01 1.352240000E+01 1.240178254E+00
1.015860000E+00 4.117270000E+01 1.331290000E+01 1.220443762E+00
1.032290000E+00 4.112190000E+01 1.309170000E+01 1.201019093E+00
1.048990000E+00 4.105140000E+01 1.287100000E+01 1.181898779E+00
1.065960000E+00 4.095720000E+01 1.265080000E+01 1.163083043E+00
1.083200000E+00 4.084120000E+01 1.243410000E+01 1.144571640E+00
1.100720000E+00 4.070360000E+01 1.222080000E+01 1.126353659E+00
1.118520000E+00 4.054300000E+01 1.201080000E+01 1.108428995E+00
1.136610000E+00 4.035820000E+01 1.180420000E+01 1.090787517E+00
1.155000000E+00 4.014760000E+01 1.160100000E+01 1.073419913E+00
1.173680000E+00 3.990860000E+01 1.140110000E+01 1.056335628E+00
1.192660000E+00 3.963820000E+01 1.120390000E+01 1.039525095E+00
1.211950000E+00 3.933280000E+01 1.101010000E+01 1.022979496E+00
1.231550000E+00 3.898800000E+01 1.081950000E+01 1.006698875E+00
1.251470000E+00 3.859840000E+01 1.063210000E+01 9.906749662E-01
1.271720000E+00 3.815700000E+01 1.044820000E+01 9.749001352E-01
1.292290000E+00 3.765570000E+01 1.026780000E+01 9.593821820E-01
1.313190000E+00 3.708270000E+01 1.009020000E+01 9.441131900E-01
1.334430000E+00 3.642280000E+01 9.915590000E+00 9.290858269E-01
1.356010000E+00 3.565490000E+01 9.743960000E+00 9.143000420E-01
1.377940000E+00 3.474920000E+01 9.574810000E+00 8.997489005E-01
1.400230000E+00 3.366110000E+01 9.408370000E+00 8.854259657E-01
1.422880000E+00 3.231970000E+01 9.244560000E+00 8.713313842E-01
1.445890000E+00 3.060230000E+01 9.083490000E+00 8.574649524E-01
1.469280000E+00 2.826490000E+01 8.923560000E+00 8.438146575E-01
1.493040000E+00 2.467550000E+01 8.763930000E+00 8.303863259E-01
1.517190000E+00 1.681460000E+01 8.607150000E+00 8.171685814E-01
1.527700000E+00 -1.226560000E+01 8.540570000E+00 8.115467697E-01
1.527900000E+00 -1.226320000E+01 2.796730000E+01 8.114405393E-01
1.541730000E+00 1.768630000E+01 2.751460000E+01 8.041615588E-01
1.566670000E+00 2.070660000E+01 2.672670000E+01 7.913600184E-01
1.592010000E+00 2.116650000E+01 3.277370000E+01 7.787639525E-01
1.617760000E+00 2.800580000E+01 3.811990000E+01 7.663683117E-01
1.643920000E+00 3.308630000E+01 3.729240000E+01 7.541729525E-01
1.670510000E+00 3.629410000E+01 3.648250000E+01 7.421685593E-01
1.697530000E+00 3.871240000E+01 3.568980000E+01 7.303552809E-01
1.724990000E+00 4.064620000E+01 3.491380000E+01 7.187288042E-01
1.752890000E+00 4.223500000E+01 3.415520000E+01 7.072891054E-01
1.781240000E+00 4.355340000E+01 3.341310000E+01 6.960319777E-01
1.810050000E+00 4.463970000E+01 3.268680000E+01 6.849534543E-01
1.839320000E+00 4.550610000E+01 3.197660000E+01 6.740534545E-01
1.869070000E+00 4.613090000E+01 3.128190000E+01 6.633245411E-01
1.899300000E+00 4.641470000E+01 3.060220000E+01 6.527668088E-01
1.930020000E+00 4.588220000E+01 2.993710000E+01 6.423767629E-01
1.949700000E+00 3.798740000E+01 2.952420000E+01 6.358927014E-01
1.949900000E+00 3.799590000E+01 3.458610000E+01 6.358274783E-01
1.961240000E+00 4.599660000E+01 3.427770000E+01 6.321510881E-01
1.992960000E+00 4.894270000E+01 3.343880000E+01 6.220897559E-01
2.025200000E+00 5.050830000E+01 3.262890000E+01 6.121864507E-01
2.057950000E+00 5.163570000E+01 3.183160000E+01 6.024441799E-01
2.091240000E+00 5.248200000E+01 3.105450000E+01 5.928540005E-01
2.125060000E+00 5.305510000E+01 3.029660000E+01 5.834188211E-01
2.159430000E+00 5.305290000E+01 2.955800000E+01 5.741329888E-01
2.172900000E+00 5.022060000E+01 2.927670000E+01 5.705738874E-01
2.173100000E+00 5.022500000E+01 3.126850000E+01 5.705213750E-01
2.194360000E+00 5.405270000E+01 3.082260000E+01 5.649938934E-01
2.229850000E+00 5.529040000E+01 3.010170000E+01 5.560015248E-01
2.265920000E+00 5.613240000E+01 2.939870000E+01 5.471508262E-01
2.302570000E+00 5.678740000E+01 2.871270000E+01 5.384418280E-01
2.339810000E+00 5.723370000E+01 2.804410000E+01 5.298720836E-01
2.377660000E+00 5.728920000E+01 2.779950000E+01 5.214370431E-01
2.398000000E+00 5.652320000E+01 2.767060000E+01 5.170141785E-01
2.398200000E+00 5.653710000E+01 2.823470000E+01 5.169710616E-01
2.416110000E+00 5.806600000E+01 2.794910000E+01 5.131388885E-01
2.455190000E+00 5.895890000E+01 2.734300000E+01 5.049711020E-01
2.494900000E+00 5.961380000E+01 2.674860000E+01 4.969337448E-01
2.535260000E+00 6.017340000E+01 2.616540000E+01 4.890228221E-01
2.576260000E+00 6.067070000E+01 2.559260000E+01 4.812402475E-01
2.617930000E+00 6.112100000E+01 2.503110000E+01 4.735802714E-01
2.660270000E+00 6.153220000E+01 2.448000000E+01 4.660429205E-01
2.703300000E+00 6.191130000E+01 2.394010000E+01 4.586246440E-01
2.747030000E+00 6.226050000E+01 2.340980000E+01 4.513237933E-01
2.791460000E+00 6.258360000E+01 2.289060000E+01 4.441403423E-01
2.836610000E+00 6.288300000E+01 2.238120000E+01 4.370710108E-01
2.882490000E+00 6.316110000E+01 2.188230000E+01 4.301142415E-01
2.929110000E+00 6.341880000E+01 2.139300000E+01 4.232685014E-01
2.976480000E+00 6.365850000E+01 2.091390000E+01 4.165322797E-01
3.024630000E+00 6.388060000E+01 2.044400000E+01 4.099013764E-01
3.073550000E+00 6.408700000E+01 1.998430000E+01 4.033772023E-01
3.123260000E+00 6.427820000E+01 1.953360000E+01 3.969570257E-01
3.173780000E+00 6.445570000E+01 1.909280000E+01 3.906382925E-01
3.225110000E+00 6.462090000E+01 1.866080000E+01 3.844209965E-01
3.277270000E+00 6.477300000E+01 1.823660000E+01 3.783026727E-01
3.330280000E+00 6.491350000E+01 1.782210000E+01 3.722810094E-01
3.384150000E+00 6.504270000E+01 1.741600000E+01 3.663549193E-01
3.438880000E+00 6.516170000E+01 1.701900000E+01 3.605243568E-01
3.494500000E+00 6.527140000E+01 1.663030000E+01 3.547860924E-01
3.551020000E+00 6.537190000E+01 1.624900000E+01 3.491391206E-01
3.608460000E+00 6.546280000E+01 1.587580000E+01 3.435814724E-01
3.666820000E+00 6.554610000E+01 1.551130000E+01 3.381131335E-01
3.726130000E+00 6.562120000E+01 1.515320000E+01 3.327312788E-01
3.786400000E+00 6.568810000E+01 1.480350000E+01 3.274350306E-01
3.847640000E+00 6.574830000E+01 1.446180000E+01 3.222234928E-01
3.909870000E+00 6.580180000E+01 1.412680000E+01 3.170949418E-01
3.973110000E+00 6.584870000E+01 1.379900000E+01 3.120477409E-01
4.037380000E+00 6.588920000E+01 1.347810000E+01 3.070803343E-01
4.102680000E+00 6.592370000E+01 1.316440000E+01 3.021927131E-01
4.169030000E+00 6.595250000E+01 1.285730000E+01 2.973833242E-01
4.236460000E+00 6.597570000E+01 1.255680000E+01 2.926499955E-01
4.304980000E+00 6.599370000E+01 1.226290000E+01 2.879920464E-01
4.374620000E+00 6.600650000E+01 1.197540000E+01 2.834074731E-01
4.445370000E+00 6.601440000E+01 1.169420000E+01 2.788969197E-01
4.517270000E+00 6.601760000E+01 1.141930000E+01 2.744578031E-01
4.590330000E+00 6.601620000E+01 1.115010000E+01 2.700895143E-01
4.664580000E+00 6.601030000E+01 1.088720000E+01 2.657902748E-01
4.740030000E+00 6.600020000E+01 1.062990000E+01 2.615595260E-01
4.816690000E+00 6.598580000E+01 1.037830000E+01 2.573966770E-01
4.894600000E+00 6.596740000E+01 1.013220000E+01 2.532995546E-01
4.973770000E+00 6.594490000E+01 9.891600000E+00 2.492676581E-01
5.054210000E+00 6.591850000E+01 9.656460000E+00 2.453004525E-01
5.135960000E+00 6.588820000E+01 9.426470000E+00 2.413959610E-01
5.219030000E+00 6.585400000E+01 9.201690000E+00 2.375537217E-01
5.303440000E+00 6.581610000E+01 8.981870000E+00 2.337727965E-01
5.389220000E+00 6.577430000E+01 8.766900000E+00 2.300518442E-01
5.476390000E+00 6.572870000E+01 8.556810000E+00 2.263900124E-01
5.564970000E+00 6.567920000E+01 8.351480000E+00 2.227864661E-01
5.654980000E+00 6.562590000E+01 8.150690000E+00 2.192403863E-01
5.746440000E+00 6.556850000E+01 7.954430000E+00 2.157509693E-01
5.839390000E+00 6.550700000E+01 7.762550000E+00 2.123166975E-01
5.933830000E+00 6.544130000E+01 7.575060000E+00 2.089375665E-01
6.029810000E+00 6.537130000E+01 7.391640000E+00 2.056117854E-01
6.127330000E+00 6.529650000E+01 7.212420000E+00 2.023393550E-01
6.226440000E+00 6.521690000E+01 7.037400000E+00 1.991185975E-01
6.327150000E+00 6.513240000E+01 6.866260000E+00 1.959492030E-01
6.429480000E+00 6.504230000E+01 6.698910000E+00 1.928305244E-01
6.533480000E+00 6.494640000E+01 6.535280000E+00 1.897610462E-01
6.639150000E+00 6.484400000E+01 6.375390000E+00 1.867407725E-01
6.746540000E+00 6.473470000E+01 6.219160000E+00 1.837682723E-01
6.855650000E+00 6.461780000E+01 6.066580000E+00 1.808435378E-01
6.966540000E+00 6.449250000E+01 5.917260000E+00 1.779649582E-01
7.079220000E+00 6.435760000E+01 5.771250000E+00 1.751322886E-01
7.193720000E+00 6.421200000E+01 5.628730000E+00 1.723447674E-01
7.310070000E+00 6.405400000E+01 5.489190000E+00 1.696016591E-01
7.428310000E+00 6.388170000E+01 5.352950000E+00 1.669020275E-01
7.548450000E+00 6.369270000E+01 5.219850000E+00 1.642456398E-01
7.670540000E+00 6.348360000E+01 5.089530000E+00 1.616313845E-01
7.794610000E+00 6.325010000E+01 4.962370000E+00 1.590586315E-01
7.920680000E+00 6.298670000E+01 4.838110000E+00 1.565269649E-01
8.048790000E+00 6.268460000E+01 4.716410000E+00 1.540355755E-01
8.178980000E+00 6.233110000E+01 4.597450000E+00 1.515836938E-01
8.311260000E+00 6.190650000E+01 4.481340000E+00 1.491711245E-01
8.445690000E+00 6.137570000E+01 4.367670000E+00 1.467967685E-01
8.582290000E+00 6.066890000E+01 4.256730000E+00 1.444602781E-01
8.721110000E+00 5.960960000E+01 4.148170000E+00 1.421608029E-01
8.862160000E+00 5.746280000E+01 4.042190000E+00 1.398981738E-01
8.943500000E+00 4.278460000E+01 3.983060000E+00 1.386258176E-01
8.943700000E+00 4.278600000E+01 1.090840000E+01 1.386227177E-01
9.005500000E+00 5.694820000E+01 1.076980000E+01 1.376714230E-01
9.151160000E+00 5.958800000E+01 1.045370000E+01 1.354800921E-01
9.299170000E+00 6.064630000E+01 1.014700000E+01 1.333237267E-01
9.449580000E+00 6.119800000E+01 9.849050000E+00 1.312015984E-01
9.602420000E+00 6.142170000E+01 9.559640000E+00 1.291132860E-01
9.757730000E+00 6.128840000E+01 9.279240000E+00 1.270582400E-01
9.915550000E+00 6.024090000E+01 9.006740000E+00 1.250359284E-01
9.978100000E+00 5.309590000E+01 8.902170000E+00 1.242521121E-01
9.978300000E+00 5.309660000E+01 1.245250000E+01 1.242496217E-01
1.007590000E+01 6.105030000E+01 1.223170000E+01 1.230460803E-01
1.023890000E+01 6.226060000E+01 1.187640000E+01 1.210872262E-01
1.040450000E+01 6.253200000E+01 1.153130000E+01 1.191599789E-01
1.048630000E+01 5.929090000E+01 1.136660000E+01 1.182304531E-01
1.048650000E+01 5.929160000E+01 1.303480000E+01 1.182281982E-01
1.057280000E+01 6.318420000E+01 1.287570000E+01 1.172631659E-01
1.074380000E+01 6.427470000E+01 1.256990000E+01 1.153967870E-01
1.091760000E+01 6.498140000E+01 1.226960000E+01 1.135597567E-01
1.109420000E+01 6.553750000E+01 1.197500000E+01 1.117520867E-01
1.127360000E+01 6.600220000E+01 1.168590000E+01 1.099737440E-01
1.145590000E+01 6.640250000E+01 1.140250000E+01 1.082237101E-01
1.164120000E+01 6.675330000E+01 1.112460000E+01 1.065010480E-01
1.182950000E+01 6.706450000E+01 1.085220000E+01 1.048057822E-01
1.202080000E+01 6.734280000E+01 1.058540000E+01 1.031378943E-01
1.221530000E+01 6.759330000E+01 1.032400000E+01 1.014956653E-01
1.241280000E+01 6.781950000E+01 1.006800000E+01 9.988076824E-02
1.261360000E+01 6.802470000E+01 9.817370000E+00 9.829073381E-02
1.281760000E+01 6.821130000E+01 9.572070000E+00 9.672637623E-02
1.302500000E+01 6.838110000E+01 9.332020000E+00 9.518618042E-02
1.323560000E+01 6.853600000E+01 9.097170000E+00 9.367161292E-02
1.344970000E+01 6.867740000E+01 8.867450000E+00 9.218049473E-02
1.366720000E+01 6.880650000E+01 8.642790000E+00 9.071353313E-02
1.388830000E+01 6.892440000E+01 8.423140000E+00 8.926938502E-02
1.411290000E+01 6.903210000E+01 8.208410000E+00 8.784870579E-02
1.434120000E+01 6.913030000E+01 7.998540000E+00 8.645022732E-02
1.457310000E+01 6.921980000E+01 7.793450000E+00 8.507455517E-02
1.480890000E+01 6.930130000E+01 7.593080000E+00 8.371992518E-02
1.504840000E+01 6.937540000E+01 7.397330000E+00 8.238749635E-02
1.529180000E+01 6.944270000E+01 7.206150000E+00 8.107613231E-02
1.553910000E+01 6.950360000E+01 7.019450000E+00 7.978583058E-02
1.579040000E+01 6.955850000E+01 6.837140000E+00 7.851606039E-02
1.604580000E+01 6.960800000E+01 6.659170000E+00 7.726632514E-02
1.630540000E+01 6.965230000E+01 6.485440000E+00 7.603615980E-02
1.656910000E+01 6.969190000E+01 6.315870000E+00 7.482603159E-02
1.683710000E+01 6.972700000E+01 6.150400000E+00 7.363500840E-02
1.710940000E+01 6.975790000E+01 5.988940000E+00 7.246309046E-02
1.738610000E+01 6.978500000E+01 5.831410000E+00 7.130983947E-02
1.766740000E+01 6.980840000E+01 5.677730000E+00 7.017444559E-02
1.795310000E+01 6.982850000E+01 5.527830000E+00 6.905771148E-02
1.824350000E+01 6.984540000E+01 5.381630000E+00 6.795845096E-02
1.853860000E+01 6.985930000E+01 5.239060000E+00 6.687667893E-02
1.883840000E+01 6.987050000E+01 5.100040000E+00 6.581238322E-02
1.914310000E+01 6.987910000E+01 4.964490000E+00 6.476485000E-02
1.945270000E+01 6.988520000E+01 4.832340000E+00 6.373408319E-02
1.976740000E+01 6.988910000E+01 4.703510000E+00 6.271942694E-02
2.008710000E+01 6.989090000E+01 4.577940000E+00 6.172120416E-02
2.041200000E+01 6.989070000E+01 4.455550000E+00 6.073878111E-02
2.074210000E+01 6.988870000E+01 4.336270000E+00 5.977215422E-02
2.107760000E+01 6.988490000E+01 4.220030000E+00 5.882073860E-02
2.141850000E+01 6.987950000E+01 4.106770000E+00 5.788453907E-02
2.176500000E+01 6.987260000E+01 3.996400000E+00 5.696301401E-02
2.211700000E+01 6.986430000E+01 3.888880000E+00 5.605642718E-02
2.247470000E+01 6.985470000E+01 3.784130000E+00 5.516425136E-02
2.283820000E+01 6.984380000E+01 3.682080000E+00 5.428623972E-02
2.320760000E+01 6.983180000E+01 3.582680000E+00 5.342215481E-02
2.358300000E+01 6.981880000E+01 3.485860000E+00 5.257176780E-02
2.396440000E+01 6.980470000E+01 3.391560000E+00 5.173507369E-02
2.435200000E+01 6.978970000E+01 3.299710000E+00 5.091162943E-02
2.474590000E+01 6.977380000E+01 3.210270000E+00 5.010122889E-02
2.514620000E+01 6.975710000E+01 3.123170000E+00 4.930367213E-02
2.555290000E+01 6.973970000E+01 3.038350000E+00 4.851895480E-02
2.596620000E+01 6.972150000E+01 2.955760000E+00 4.774668608E-02
2.638610000E+01 6.970270000E+01 2.875340000E+00 4.698686051E-02
2.681290000E+01 6.968330000E+01 2.797050000E+00 4.623893723E-02
2.724660000E+01 6.966320000E+01 2.720820000E+00 4.550292514E-02
2.768730000E+01 6.964270000E+01 2.646610000E+00 4.477865303E-02
2.813510000E+01 6.962160000E+01 2.574360000E+00 4.406595320E-02
2.859020000E+01 6.960000000E+01 2.504030000E+00 4.336450952E-02
2.905260000E+01 6.957800000E+01 2.435570000E+00 4.267432175E-02
2.952250000E+01 6.955550000E+01 2.368920000E+00 4.199508849E-02
3.000000000E+01 6.953270000E+01 2.304050000E+00 4.132666667E-02
