# Data retrieved from https://www-nds.iaea.org/epdl97/za1to100.htm 03/01/2021
# Element, Ac  (Z = 89) 
# Atomic weight, g mol-1 = 227.0 
# Nominal density, g cm-3 =  1.00700E+1 
# Relativistic correction estimate f_rel(5CL)*,  e atom-1 =  0 
# Nuclear Thomson correction f_NT*, e atom-1 =  0 
#    E [keV]      f1 [e atom-1]      f2 [e atom-1]    Wavelength [nm] 
1.000000000E-03 1.934590000E+01 0.000000000E+00 1.239800000E+03
1.148150000E-03 1.933610000E+01 0.000000000E+00 1.079824065E+03
1.296300000E-03 1.932630000E+01 0.000000000E+00 9.564144102E+02
1.299490000E-03 1.932610000E+01 0.000000000E+00 9.540665954E+02
1.302680000E-03 1.932590000E+01 0.000000000E+00 9.517302791E+02
1.305880000E-03 1.932570000E+01 0.000000000E+00 9.493981070E+02
1.309070000E-03 1.932550000E+01 0.000000000E+00 9.470845715E+02
1.312260000E-03 1.932520000E+01 0.000000000E+00 9.447822840E+02
1.315450000E-03 1.932500000E+01 0.000000000E+00 9.424911627E+02
1.318640000E-03 1.932480000E+01 0.000000000E+00 9.402111266E+02
1.321830000E-03 1.932460000E+01 0.000000000E+00 9.379420954E+02
1.325020000E-03 1.932440000E+01 0.000000000E+00 9.356839897E+02
1.328210000E-03 1.932420000E+01 0.000000000E+00 9.334367306E+02
1.331400000E-03 1.932400000E+01 0.000000000E+00 9.312002403E+02
1.334400000E-03 1.932380000E+01 0.000000000E+00 9.291067146E+02
1.340970000E-03 1.932340000E+01 0.000000000E+00 9.245546135E+02
1.344250000E-03 1.932310000E+01 0.000000000E+00 9.222986796E+02
1.347530000E-03 1.932290000E+01 0.000000000E+00 9.200537279E+02
1.350820000E-03 1.932270000E+01 0.000000000E+00 9.178128840E+02
1.360670000E-03 1.932210000E+01 0.000000000E+00 9.111687624E+02
1.363960000E-03 1.932180000E+01 0.000000000E+00 9.089709376E+02
1.367240000E-03 1.932160000E+01 0.000000000E+00 9.067903221E+02
1.370520000E-03 1.932140000E+01 0.000000000E+00 9.046201442E+02
1.373810000E-03 1.932120000E+01 0.000000000E+00 9.024537600E+02
1.377090000E-03 1.932100000E+01 0.000000000E+00 9.003042648E+02
1.383660000E-03 1.932050000E+01 0.000000000E+00 8.960293714E+02
1.386950000E-03 1.932030000E+01 0.000000000E+00 8.939038898E+02
1.390230000E-03 1.932010000E+01 0.000000000E+00 8.917948829E+02
1.393520000E-03 1.931990000E+01 0.000000000E+00 8.896894196E+02
1.396800000E-03 1.931970000E+01 0.000000000E+00 8.876002291E+02
1.400080000E-03 1.931950000E+01 0.000000000E+00 8.855208274E+02
1.405670000E-03 1.931910000E+01 0.000000000E+00 8.819993313E+02
1.409130000E-03 1.931890000E+01 0.000000000E+00 8.798336562E+02
1.412590000E-03 1.931860000E+01 0.000000000E+00 8.776785904E+02
1.416050000E-03 1.931840000E+01 0.000000000E+00 8.755340560E+02
1.418580000E-03 1.931820000E+01 0.000000000E+00 8.739725641E+02
1.425570000E-03 1.931780000E+01 0.000000000E+00 8.696872128E+02
1.429060000E-03 1.931750000E+01 0.000000000E+00 8.675632934E+02
1.432550000E-03 1.931730000E+01 0.000000000E+00 8.654497225E+02
1.436040000E-03 1.931710000E+01 0.000000000E+00 8.633464249E+02
1.443730000E-03 1.931660000E+01 0.000000000E+00 8.587478268E+02
1.447190000E-03 1.931630000E+01 0.000000000E+00 8.566946980E+02
1.450010000E-03 1.931620000E+01 0.000000000E+00 8.550285860E+02
1.453500000E-03 1.931590000E+01 0.000000000E+00 8.529755762E+02
1.456990000E-03 1.931570000E+01 0.000000000E+00 8.509324017E+02
1.461030000E-03 1.931540000E+01 0.000000000E+00 8.485794268E+02
1.470960000E-03 1.931480000E+01 0.000000000E+00 8.428509273E+02
1.474450000E-03 1.931450000E+01 0.000000000E+00 8.408559124E+02
1.477940000E-03 1.931430000E+01 0.000000000E+00 8.388703195E+02
1.481430000E-03 1.931410000E+01 0.000000000E+00 8.368940821E+02
1.484920000E-03 1.931380000E+01 0.000000000E+00 8.349271341E+02
1.488420000E-03 1.931360000E+01 0.000000000E+00 8.329638140E+02
1.570550000E-03 1.930640000E+01 0.000000000E+00 7.894049855E+02
1.693740000E-03 1.929530000E+01 0.000000000E+00 7.319895616E+02
1.816940000E-03 1.928410000E+01 0.000000000E+00 6.823560492E+02
1.821410000E-03 1.928370000E+01 0.000000000E+00 6.806814501E+02
1.825880000E-03 1.928330000E+01 0.000000000E+00 6.790150503E+02
1.830350000E-03 1.928290000E+01 0.000000000E+00 6.773567897E+02
1.834830000E-03 1.928250000E+01 0.000000000E+00 6.757029262E+02
1.839300000E-03 1.928200000E+01 0.000000000E+00 6.740607840E+02
1.843770000E-03 1.928160000E+01 0.000000000E+00 6.724266042E+02
1.848240000E-03 1.928120000E+01 0.000000000E+00 6.708003290E+02
1.852720000E-03 1.928080000E+01 0.000000000E+00 6.691782892E+02
1.857190000E-03 1.928040000E+01 0.000000000E+00 6.675676694E+02
1.861660000E-03 1.928000000E+01 0.000000000E+00 6.659647841E+02
1.866130000E-03 1.927960000E+01 0.000000000E+00 6.643695777E+02
1.870600000E-03 1.927920000E+01 0.000000000E+00 6.627819951E+02
1.875080000E-03 1.927880000E+01 0.000000000E+00 6.611984555E+02
1.884020000E-03 1.927780000E+01 0.000000000E+00 6.580609548E+02
1.888490000E-03 1.927730000E+01 0.000000000E+00 6.565033439E+02
1.892970000E-03 1.927680000E+01 0.000000000E+00 6.549496294E+02
1.897440000E-03 1.927630000E+01 0.000000000E+00 6.534066953E+02
1.901910000E-03 1.927590000E+01 0.000000000E+00 6.518710139E+02
1.906380000E-03 1.927540000E+01 0.000000000E+00 6.503425340E+02
2.000000000E-03 1.926510000E+01 0.000000000E+00 6.199000000E+02
2.049350000E-03 1.925800000E+01 0.000000000E+00 6.049723083E+02
2.054390000E-03 1.925730000E+01 0.000000000E+00 6.034881400E+02
2.059440000E-03 1.925660000E+01 0.000000000E+00 6.020083129E+02
2.064480000E-03 1.925590000E+01 0.000000000E+00 6.005386344E+02
2.069520000E-03 1.925510000E+01 0.000000000E+00 5.990761143E+02
2.074570000E-03 1.925440000E+01 0.000000000E+00 5.976178196E+02
2.079610000E-03 1.925370000E+01 0.000000000E+00 5.961694741E+02
2.084660000E-03 1.925300000E+01 0.000000000E+00 5.947252789E+02
2.089700000E-03 1.925220000E+01 0.000000000E+00 5.932909030E+02
2.094750000E-03 1.925150000E+01 0.000000000E+00 5.918606039E+02
2.099790000E-03 1.925080000E+01 0.000000000E+00 5.904399964E+02
2.104830000E-03 1.925000000E+01 0.000000000E+00 5.890261921E+02
2.109880000E-03 1.924930000E+01 0.000000000E+00 5.876163573E+02
2.114920000E-03 1.924860000E+01 0.000000000E+00 5.862160271E+02
2.125010000E-03 1.924710000E+01 0.000000000E+00 5.834325486E+02
2.130060000E-03 1.924640000E+01 0.000000000E+00 5.820493319E+02
2.135100000E-03 1.924570000E+01 0.000000000E+00 5.806753782E+02
2.140140000E-03 1.924500000E+01 0.000000000E+00 5.793078957E+02
2.145190000E-03 1.924420000E+01 0.000000000E+00 5.779441448E+02
2.150230000E-03 1.924350000E+01 0.000000000E+00 5.765894811E+02
2.198100000E-03 1.923660000E+01 0.000000000E+00 5.640325736E+02
2.234000000E-03 1.923150000E+01 0.000000000E+00 5.549686661E+02
2.287860000E-03 1.922320000E+01 0.000000000E+00 5.419037878E+02
2.314780000E-03 1.921890000E+01 0.000000000E+00 5.356016554E+02
2.334980000E-03 1.921570000E+01 0.000000000E+00 5.309681453E+02
2.341710000E-03 1.921460000E+01 0.000000000E+00 5.294421598E+02
2.347480000E-03 1.921360000E+01 0.000000000E+00 5.281408148E+02
2.353240000E-03 1.921250000E+01 0.000000000E+00 5.268480903E+02
2.359000000E-03 1.921150000E+01 0.000000000E+00 5.255616787E+02
2.364770000E-03 1.921040000E+01 0.000000000E+00 5.242793168E+02
2.370530000E-03 1.920930000E+01 0.000000000E+00 5.230054039E+02
2.376290000E-03 1.920830000E+01 0.000000000E+00 5.217376667E+02
2.382060000E-03 1.920720000E+01 0.000000000E+00 5.204738756E+02
2.387820000E-03 1.920610000E+01 0.000000000E+00 5.192183665E+02
2.393590000E-03 1.920510000E+01 0.000000000E+00 5.179667362E+02
2.399350000E-03 1.920400000E+01 0.000000000E+00 5.167232792E+02
2.405110000E-03 1.920290000E+01 0.000000000E+00 5.154857782E+02
2.410880000E-03 1.920190000E+01 0.000000000E+00 5.142520573E+02
2.413760000E-03 1.920130000E+01 0.000000000E+00 5.136384728E+02
2.416640000E-03 1.920080000E+01 0.000000000E+00 5.130263506E+02
2.419520000E-03 1.920030000E+01 0.000000000E+00 5.124156858E+02
2.422410000E-03 1.919970000E+01 0.000000000E+00 5.118043601E+02
2.425290000E-03 1.919920000E+01 0.000000000E+00 5.111965992E+02
2.428170000E-03 1.919870000E+01 0.000000000E+00 5.105902799E+02
2.433930000E-03 1.919760000E+01 0.000000000E+00 5.093819461E+02
2.439700000E-03 1.919650000E+01 0.000000000E+00 5.081772349E+02
2.445460000E-03 1.919550000E+01 0.000000000E+00 5.069802818E+02
2.451220000E-03 1.919440000E+01 0.000000000E+00 5.057889541E+02
2.456990000E-03 1.919330000E+01 0.000000000E+00 5.046011583E+02
2.466350000E-03 1.919160000E+01 0.000000000E+00 5.026861557E+02
2.531890000E-03 1.917950000E+01 0.000000000E+00 4.896737220E+02
2.538120000E-03 1.917830000E+01 0.000000000E+00 4.884717823E+02
2.544350000E-03 1.917710000E+01 0.000000000E+00 4.872757286E+02
2.550590000E-03 1.917600000E+01 0.000000000E+00 4.860836120E+02
2.556820000E-03 1.917480000E+01 0.000000000E+00 4.848992107E+02
2.561790000E-03 1.917390000E+01 0.000000000E+00 4.839584822E+02
2.574410000E-03 1.917160000E+01 0.000000000E+00 4.815860721E+02
2.580710000E-03 1.917040000E+01 0.000000000E+00 4.804104297E+02
2.587020000E-03 1.916920000E+01 0.000000000E+00 4.792386607E+02
2.593320000E-03 1.916810000E+01 0.000000000E+00 4.780744374E+02
2.605660000E-03 1.916580000E+01 0.000000000E+00 4.758103513E+02
2.612910000E-03 1.916440000E+01 0.000000000E+00 4.744901279E+02
2.619140000E-03 1.916330000E+01 0.000000000E+00 4.733614851E+02
2.625370000E-03 1.916210000E+01 0.000000000E+00 4.722381988E+02
2.631600000E-03 1.916100000E+01 0.000000000E+00 4.711202310E+02
2.637830000E-03 1.915980000E+01 0.000000000E+00 4.700075441E+02
2.646850000E-03 1.915820000E+01 0.000000000E+00 4.684058409E+02
2.653290000E-03 1.915700000E+01 0.000000000E+00 4.672689378E+02
2.663100000E-03 1.915510000E+01 0.000000000E+00 4.655476700E+02
2.669480000E-03 1.915400000E+01 0.000000000E+00 4.644350211E+02
2.672630000E-03 1.915340000E+01 0.000000000E+00 4.638876313E+02
2.675780000E-03 1.915280000E+01 0.000000000E+00 4.633415303E+02
2.688950000E-03 1.915040000E+01 0.000000000E+00 4.610721657E+02
2.695540000E-03 1.914910000E+01 0.000000000E+00 4.599449461E+02
2.702120000E-03 1.914790000E+01 0.000000000E+00 4.588249227E+02
2.708710000E-03 1.914670000E+01 0.000000000E+00 4.577086510E+02
2.711670000E-03 1.914620000E+01 0.000000000E+00 4.572090262E+02
2.716100000E-03 1.914530000E+01 0.000000000E+00 4.564633114E+02
2.720540000E-03 1.914440000E+01 0.000000000E+00 4.557183500E+02
2.724500000E-03 1.914360000E+01 0.000000000E+00 4.550559736E+02
2.726490000E-03 1.914310000E+01 0.000000000E+00 4.547238391E+02
2.728470000E-03 1.914270000E+01 0.000000000E+00 4.543938544E+02
2.733410000E-03 1.914160000E+01 0.000000000E+00 4.535726437E+02
2.736700000E-03 1.914090000E+01 0.000000000E+00 4.530273687E+02
2.740410000E-03 1.914010000E+01 0.000000000E+00 4.524140548E+02
2.741020000E-03 1.914000000E+01 0.000000000E+00 4.523133724E+02
2.742050000E-03 1.913970000E+01 0.000000000E+00 4.521434693E+02
2.748230000E-03 1.913840000E+01 0.000000000E+00 4.511267252E+02
2.749050000E-03 1.913820000E+01 0.000000000E+00 4.509921609E+02
2.751930000E-03 1.913760000E+01 0.000000000E+00 4.505201804E+02
2.756460000E-03 1.913660000E+01 0.000000000E+00 4.497797900E+02
2.761400000E-03 1.913550000E+01 0.000000000E+00 4.489751575E+02
2.765100000E-03 1.913470000E+01 0.000000000E+00 4.483743807E+02
2.769140000E-03 1.913380000E+01 0.000000000E+00 4.477202308E+02
2.773790000E-03 1.913270000E+01 0.000000000E+00 4.469696697E+02
2.777470000E-03 1.913180000E+01 0.000000000E+00 4.463774586E+02
2.781160000E-03 1.913100000E+01 0.000000000E+00 4.457852119E+02
2.787740000E-03 1.912940000E+01 0.000000000E+00 4.447330095E+02
2.794330000E-03 1.912790000E+01 0.000000000E+00 4.436841747E+02
2.804210000E-03 1.912560000E+01 0.000000000E+00 4.421209539E+02
2.807500000E-03 1.912480000E+01 0.000000000E+00 4.416028495E+02
2.810880000E-03 1.912400000E+01 0.000000000E+00 4.410718352E+02
2.814250000E-03 1.912330000E+01 0.000000000E+00 4.405436617E+02
2.821000000E-03 1.912170000E+01 0.000000000E+00 4.394895427E+02
2.827740000E-03 1.912010000E+01 0.000000000E+00 4.384420067E+02
2.834490000E-03 1.911850000E+01 0.000000000E+00 4.373979093E+02
2.841230000E-03 1.911690000E+01 0.000000000E+00 4.363603087E+02
2.847980000E-03 1.911540000E+01 0.000000000E+00 4.353260908E+02
2.854720000E-03 1.911380000E+01 0.000000000E+00 4.342982849E+02
2.861460000E-03 1.911220000E+01 0.000000000E+00 4.332753210E+02
2.868210000E-03 1.911060000E+01 0.000000000E+00 4.322556577E+02
2.874950000E-03 1.910910000E+01 0.000000000E+00 4.312422825E+02
2.885540000E-03 1.910660000E+01 0.000000000E+00 4.296596131E+02
2.890500000E-03 1.910540000E+01 0.000000000E+00 4.289223318E+02
2.967420000E-03 1.908750000E+01 0.000000000E+00 4.178040183E+02
2.986650000E-03 1.908300000E+01 0.000000000E+00 4.151139236E+02
3.001070000E-03 1.907950000E+01 0.000000000E+00 4.131193208E+02
3.022700000E-03 1.907360000E+01 0.000000000E+00 4.101630992E+02
3.044340000E-03 1.906780000E+01 0.000000000E+00 4.072475479E+02
3.058070000E-03 1.906400000E+01 0.000000000E+00 4.054191042E+02
3.058470000E-03 1.906390000E+01 0.000000000E+00 4.053660817E+02
3.073530000E-03 1.905990000E+01 0.000000000E+00 4.033798271E+02
3.075440000E-03 1.905930000E+01 0.000000000E+00 4.031293083E+02
3.083010000E-03 1.905730000E+01 0.000000000E+00 4.021394676E+02
3.090580000E-03 1.905520000E+01 0.000000000E+00 4.011544759E+02
3.093900000E-03 1.905430000E+01 0.000000000E+00 4.007240053E+02
3.097220000E-03 1.905340000E+01 0.000000000E+00 4.002944576E+02
3.112460000E-03 1.904930000E+01 0.000000000E+00 3.983344364E+02
3.120090000E-03 1.904720000E+01 0.000000000E+00 3.973603326E+02
3.127710000E-03 1.904520000E+01 0.000000000E+00 3.963922486E+02
3.136000000E-03 1.904290000E+01 0.000000000E+00 3.953443878E+02
3.141180000E-03 1.904150000E+01 0.000000000E+00 3.946924404E+02
3.145070000E-03 1.904040000E+01 0.000000000E+00 3.942042625E+02
3.151430000E-03 1.903870000E+01 0.000000000E+00 3.934087065E+02
3.153820000E-03 1.903800000E+01 0.000000000E+00 3.931105770E+02
3.156740000E-03 1.903720000E+01 0.000000000E+00 3.927469478E+02
3.163890000E-03 1.903510000E+01 0.000000000E+00 3.918593883E+02
3.165090000E-03 1.903480000E+01 0.000000000E+00 3.917108202E+02
3.167230000E-03 1.903410000E+01 0.000000000E+00 3.914461533E+02
3.172210000E-03 1.903270000E+01 0.000000000E+00 3.908316284E+02
3.172620000E-03 1.903260000E+01 0.000000000E+00 3.907811210E+02
3.172780000E-03 1.903250000E+01 0.000000000E+00 3.907614143E+02
3.173050000E-03 1.903240000E+01 0.000000000E+00 3.907281638E+02
3.173460000E-03 1.903230000E+01 0.000000000E+00 3.906776830E+02
3.173670000E-03 1.903230000E+01 0.000000000E+00 3.906518321E+02
3.174110000E-03 1.903210000E+01 0.000000000E+00 3.905976793E+02
3.181640000E-03 1.903000000E+01 0.000000000E+00 3.896732503E+02
3.183590000E-03 1.902940000E+01 0.000000000E+00 3.894345691E+02
3.189420000E-03 1.902770000E+01 0.000000000E+00 3.887227145E+02
3.192590000E-03 1.902680000E+01 0.000000000E+00 3.883367423E+02
3.197350000E-03 1.902540000E+01 0.000000000E+00 3.877586126E+02
3.202110000E-03 1.902400000E+01 0.000000000E+00 3.871822017E+02
3.206910000E-03 1.902260000E+01 0.000000000E+00 3.866026798E+02
3.211700000E-03 1.902110000E+01 0.000000000E+00 3.860260921E+02
3.219270000E-03 1.901860000E+01 0.000000000E+00 3.851183653E+02
3.226840000E-03 1.901610000E+01 0.000000000E+00 3.842148975E+02
3.234440000E-03 1.901350000E+01 0.000000000E+00 3.833121035E+02
3.243830000E-03 1.901040000E+01 0.000000000E+00 3.822025199E+02
3.249680000E-03 1.900840000E+01 0.000000000E+00 3.815144876E+02
3.254530000E-03 1.900680000E+01 0.000000000E+00 3.809459430E+02
3.259380000E-03 1.900520000E+01 0.000000000E+00 3.803790905E+02
3.274930000E-03 1.900000000E+01 0.000000000E+00 3.785729771E+02
3.282700000E-03 1.899740000E+01 0.000000000E+00 3.776769123E+02
3.290480000E-03 1.899480000E+01 0.000000000E+00 3.767839343E+02
3.298250000E-03 1.899220000E+01 0.000000000E+00 3.758963086E+02
3.301640000E-03 1.899110000E+01 0.000000000E+00 3.755103524E+02
3.310850000E-03 1.898800000E+01 0.000000000E+00 3.744657716E+02
3.313800000E-03 1.898700000E+01 0.000000000E+00 3.741324160E+02
3.317280000E-03 1.898590000E+01 0.000000000E+00 3.737399315E+02
3.325100000E-03 1.898330000E+01 0.000000000E+00 3.728609666E+02
3.332920000E-03 1.898060000E+01 0.000000000E+00 3.719861263E+02
3.356700000E-03 1.897270000E+01 0.000000000E+00 3.693508505E+02
3.356750000E-03 1.897270000E+01 0.000000000E+00 3.693453489E+02
3.357040000E-03 1.897260000E+01 0.000000000E+00 3.693134428E+02
3.373570000E-03 1.896650000E+01 0.000000000E+00 3.675038609E+02
3.381830000E-03 1.896310000E+01 0.000000000E+00 3.666062457E+02
3.390090000E-03 1.895960000E+01 0.000000000E+00 3.657130047E+02
3.398360000E-03 1.895620000E+01 0.000000000E+00 3.648230323E+02
3.419700000E-03 1.894730000E+01 0.000000000E+00 3.625464222E+02
3.436530000E-03 1.894030000E+01 0.000000000E+00 3.607708939E+02
3.444950000E-03 1.893670000E+01 0.000000000E+00 3.598891130E+02
3.453370000E-03 1.893300000E+01 0.000000000E+00 3.590116321E+02
3.455020000E-03 1.893230000E+01 0.000000000E+00 3.588401804E+02
3.461780000E-03 1.892930000E+01 0.000000000E+00 3.581394543E+02
3.472720000E-03 1.892450000E+01 0.000000000E+00 3.570112189E+02
3.480980000E-03 1.892090000E+01 0.000000000E+00 3.561640687E+02
3.489250000E-03 1.891730000E+01 0.000000000E+00 3.553199112E+02
3.506040000E-03 1.890990000E+01 0.000000000E+00 3.536183272E+02
3.514550000E-03 1.890620000E+01 0.000000000E+00 3.527620890E+02
3.519200000E-03 1.890410000E+01 0.000000000E+00 3.522959764E+02
3.523050000E-03 1.890240000E+01 0.000000000E+00 3.519109862E+02
3.531560000E-03 1.889870000E+01 0.000000000E+00 3.510629863E+02
3.537540000E-03 1.889610000E+01 0.000000000E+00 3.504695353E+02
3.545960000E-03 1.889240000E+01 0.000000000E+00 3.496373338E+02
3.554370000E-03 1.888870000E+01 0.000000000E+00 3.488100564E+02
3.562790000E-03 1.888500000E+01 0.000000000E+00 3.479857078E+02
3.588500000E-03 1.887370000E+01 0.000000000E+00 3.454925456E+02
3.597160000E-03 1.886990000E+01 0.000000000E+00 3.446607880E+02
3.605820000E-03 1.886580000E+01 0.000000000E+00 3.438330255E+02
3.614480000E-03 1.886070000E+01 0.000000000E+00 3.430092295E+02
3.626340000E-03 1.885380000E+01 0.000000000E+00 3.418874127E+02
3.640750000E-03 1.884540000E+01 0.000000000E+00 3.405342306E+02
3.647010000E-03 1.884170000E+01 0.000000000E+00 3.399497122E+02
3.653910000E-03 1.883770000E+01 0.000000000E+00 3.393077553E+02
3.659090000E-03 1.883470000E+01 0.000000000E+00 3.388274134E+02
3.666450000E-03 1.883010000E+01 0.000000000E+00 3.381472542E+02
3.677100000E-03 1.882340000E+01 0.000000000E+00 3.371678769E+02
3.689920000E-03 1.881540000E+01 0.000000000E+00 3.359964444E+02
3.698810000E-03 1.880990000E+01 0.000000000E+00 3.351888851E+02
3.707550000E-03 1.880440000E+01 0.000000000E+00 3.343987269E+02
3.716700000E-03 1.879870000E+01 0.000000000E+00 3.335754836E+02
3.726770000E-03 1.879120000E+01 0.000000000E+00 3.326741387E+02
3.755110000E-03 1.876660000E+01 0.000000000E+00 3.301634306E+02
3.769890000E-03 1.875390000E+01 0.000000000E+00 3.288690121E+02
3.778980000E-03 1.874600000E+01 0.000000000E+00 3.280779470E+02
3.795660000E-03 1.873160000E+01 0.000000000E+00 3.266362108E+02
3.809920000E-03 1.871920000E+01 0.000000000E+00 3.254136570E+02
3.819970000E-03 1.871050000E+01 0.000000000E+00 3.245575227E+02
3.829050000E-03 1.870270000E+01 0.000000000E+00 3.237878847E+02
3.851890000E-03 1.867970000E+01 1.126630000E-06 3.218679661E+02
3.916000000E-03 1.858020000E+01 2.220930000E-03 3.165985700E+02
3.932550000E-03 1.854000000E+01 8.388570000E-03 3.152661759E+02
3.947530000E-03 1.849640000E+01 2.278970000E-02 3.140698107E+02
3.956560000E-03 1.846780000E+01 3.811630000E-02 3.133530137E+02
3.984440000E-03 1.839060000E+01 1.265470000E-01 3.111604140E+02
3.992150000E-03 1.837820000E+01 1.604040000E-01 3.105594730E+02
4.000450000E-03 1.837420000E+01 1.988700000E-01 3.099151345E+02
4.009120000E-03 1.837060000E+01 2.388310000E-01 3.092449216E+02
4.020540000E-03 1.838140000E+01 2.873720000E-01 3.083665378E+02
4.036710000E-03 1.841150000E+01 3.412010000E-01 3.071313025E+02
4.041640000E-03 1.842230000E+01 3.537920000E-01 3.067566631E+02
4.050460000E-03 1.844230000E+01 3.711240000E-01 3.060886912E+02
4.060540000E-03 1.846400000E+01 3.853220000E-01 3.053288479E+02
4.073150000E-03 1.848800000E+01 3.961020000E-01 3.043835852E+02
4.084730000E-03 1.850580000E+01 4.017830000E-01 3.035206733E+02
4.100240000E-03 1.852440000E+01 4.061880000E-01 3.023725440E+02
4.110090000E-03 1.853150000E+01 4.078380000E-01 3.016478958E+02
4.119940000E-03 1.853870000E+01 4.094880000E-01 3.009267125E+02
4.129790000E-03 1.854590000E+01 4.111390000E-01 3.002089695E+02
4.142860000E-03 1.855550000E+01 4.133280000E-01 2.992618626E+02
4.152320000E-03 1.855750000E+01 4.146200000E-01 2.985800709E+02
4.157620000E-03 1.855850000E+01 4.153450000E-01 2.981994506E+02
4.162920000E-03 1.855940000E+01 4.160690000E-01 2.978197996E+02
4.168040000E-03 1.856030000E+01 4.167690000E-01 2.974539592E+02
4.177990000E-03 1.856210000E+01 4.181300000E-01 2.967455643E+02
4.182830000E-03 1.856290000E+01 4.187910000E-01 2.964021966E+02
4.191270000E-03 1.856440000E+01 4.199450000E-01 2.958053287E+02
4.193650000E-03 1.856490000E+01 4.202700000E-01 2.956374519E+02
4.195010000E-03 1.856510000E+01 4.204550000E-01 2.955416078E+02
4.204720000E-03 1.856680000E+01 4.217830000E-01 2.948591107E+02
4.206760000E-03 1.856720000E+01 4.220620000E-01 2.947161236E+02
4.207770000E-03 1.856740000E+01 4.222000000E-01 2.946453822E+02
4.214870000E-03 1.856860000E+01 4.231700000E-01 2.941490485E+02
4.216310000E-03 1.856890000E+01 4.233670000E-01 2.940485875E+02
4.218090000E-03 1.856920000E+01 4.236100000E-01 2.939245014E+02
4.221020000E-03 1.856970000E+01 4.240100000E-01 2.937204751E+02
4.223410000E-03 1.857010000E+01 4.243360000E-01 2.935542607E+02
4.225200000E-03 1.857050000E+01 4.245810000E-01 2.934298968E+02
4.226540000E-03 1.857070000E+01 4.247650000E-01 2.933368666E+02
4.229560000E-03 1.857120000E+01 4.251780000E-01 2.931274175E+02
4.233680000E-03 1.857150000E+01 4.257400000E-01 2.928421610E+02
4.236580000E-03 1.857170000E+01 4.261360000E-01 2.926417063E+02
4.238940000E-03 1.857180000E+01 4.264600000E-01 2.924787801E+02
4.240720000E-03 1.857200000E+01 4.267020000E-01 2.923560150E+02
4.243380000E-03 1.857210000E+01 4.270660000E-01 2.921727491E+02
4.244710000E-03 1.857220000E+01 4.272480000E-01 2.920812022E+02
4.254010000E-03 1.857290000E+01 4.285190000E-01 2.914426623E+02
4.256490000E-03 1.857250000E+01 4.288630000E-01 2.912728563E+02
4.266940000E-03 1.857080000E+01 4.303110000E-01 2.905595110E+02
4.275630000E-03 1.856930000E+01 4.315150000E-01 2.899689636E+02
4.281830000E-03 1.856830000E+01 4.323750000E-01 2.895490947E+02
4.288030000E-03 1.856730000E+01 4.332340000E-01 2.891304399E+02
4.297050000E-03 1.856580000E+01 4.344840000E-01 2.885235220E+02
4.306070000E-03 1.856430000E+01 4.357350000E-01 2.879191467E+02
4.318800000E-03 1.856140000E+01 4.374990000E-01 2.870704825E+02
4.328070000E-03 1.855870000E+01 4.387850000E-01 2.864556257E+02
4.337890000E-03 1.855550000E+01 4.401490000E-01 2.858071551E+02
4.347680000E-03 1.855190000E+01 4.415140000E-01 2.851635815E+02
4.367910000E-03 1.854250000E+01 4.443820000E-01 2.838428447E+02
4.380920000E-03 1.853350000E+01 4.462880000E-01 2.829999178E+02
4.413620000E-03 1.850220000E+01 4.547010000E-01 2.809032042E+02
4.461960000E-03 1.843630000E+01 5.082590000E-01 2.778599539E+02
4.541310000E-03 1.846700000E+01 6.777020000E-01 2.730049259E+02
4.770000000E-03 1.858720000E+01 7.483120000E-01 2.599161426E+02
4.797870000E-03 1.859040000E+01 7.541460000E-01 2.584063345E+02
4.821320000E-03 1.859310000E+01 7.590540000E-01 2.571494943E+02
4.856480000E-03 1.859650000E+01 7.662370000E-01 2.552877805E+02
4.868210000E-03 1.859740000E+01 7.685480000E-01 2.546726620E+02
4.879930000E-03 1.859830000E+01 7.708600000E-01 2.540610214E+02
4.895200000E-03 1.859940000E+01 7.738710000E-01 2.532685079E+02
4.905990000E-03 1.859870000E+01 7.759980000E-01 2.527114813E+02
4.924680000E-03 1.859740000E+01 7.796840000E-01 2.517523981E+02
4.949110000E-03 1.859570000E+01 7.845030000E-01 2.505096876E+02
4.961240000E-03 1.859450000E+01 7.868580000E-01 2.498972031E+02
4.973710000E-03 1.859290000E+01 7.892510000E-01 2.492706652E+02
4.986410000E-03 1.859130000E+01 7.916880000E-01 2.486357921E+02
4.994970000E-03 1.859020000E+01 7.933290000E-01 2.482096990E+02
5.003530000E-03 1.858910000E+01 7.949710000E-01 2.477850637E+02
5.013290000E-03 1.858790000E+01 7.968440000E-01 2.473026695E+02
5.018170000E-03 1.858720000E+01 7.977810000E-01 2.470621761E+02
5.023050000E-03 1.858660000E+01 7.987170000E-01 2.468221499E+02
5.035270000E-03 1.858510000E+01 8.010610000E-01 2.462231420E+02
5.047480000E-03 1.858270000E+01 8.034040000E-01 2.456275211E+02
5.059690000E-03 1.857810000E+01 8.057470000E-01 2.450347749E+02
5.071910000E-03 1.857340000E+01 8.080900000E-01 2.444444006E+02
5.085320000E-03 1.856830000E+01 8.106630000E-01 2.437998002E+02
5.098730000E-03 1.856320000E+01 8.132370000E-01 2.431585905E+02
5.108550000E-03 1.855950000E+01 8.151190000E-01 2.426911746E+02
5.120770000E-03 1.855480000E+01 8.174650000E-01 2.421120261E+02
5.132970000E-03 1.855020000E+01 8.198060000E-01 2.415365763E+02
5.160720000E-03 1.853970000E+01 8.251290000E-01 2.402377963E+02
5.167310000E-03 1.853710000E+01 8.263930000E-01 2.399314150E+02
5.174350000E-03 1.853450000E+01 8.277440000E-01 2.396049745E+02
5.214320000E-03 1.851230000E+01 8.351520000E-01 2.377682996E+02
5.231150000E-03 1.849800000E+01 8.380860000E-01 2.370033358E+02
5.258530000E-03 1.846920000E+01 8.430450000E-01 2.357693120E+02
5.278950000E-03 1.844120000E+01 8.475010000E-01 2.348573106E+02
5.303080000E-03 1.839710000E+01 8.563750000E-01 2.337886662E+02
5.324160000E-03 1.834560000E+01 8.733470000E-01 2.328630244E+02
5.356440000E-03 1.824770000E+01 9.394670000E-01 2.314597008E+02
5.398280000E-03 1.815660000E+01 1.133460000E+00 2.296657454E+02
5.478180000E-03 1.836140000E+01 1.493990000E+00 2.263160393E+02
5.531940000E-03 1.853920000E+01 1.534420000E+00 2.241166752E+02
5.639020000E-03 1.871750000E+01 1.526800000E+00 2.198608978E+02
6.025600000E-03 1.903770000E+01 1.495200000E+00 2.057554434E+02
6.327840000E-03 1.917380000E+01 1.477350000E+00 1.959278364E+02
7.134290000E-03 1.940230000E+01 1.453110000E+00 1.737804323E+02
8.663500000E-03 1.965280000E+01 1.443280000E+00 1.431061349E+02
1.059730000E-02 1.984390000E+01 1.413220000E+00 1.169920640E+02
1.152910000E-02 1.991540000E+01 1.381640000E+00 1.075365813E+02
1.205240000E-02 1.994710000E+01 1.359120000E+00 1.028674787E+02
1.246130000E-02 1.995470000E+01 1.340670000E+00 9.949202732E+01
1.286220000E-02 1.995810000E+01 1.319800000E+00 9.639097511E+01
1.311010000E-02 1.995970000E+01 1.306830000E+00 9.456830993E+01
1.357490000E-02 1.995780000E+01 1.279670000E+00 9.133032288E+01
1.414320000E-02 1.995210000E+01 1.245780000E+00 8.766050116E+01
1.455610000E-02 1.993350000E+01 1.220140000E+00 8.517391334E+01
1.502080000E-02 1.990270000E+01 1.190520000E+00 8.253887942E+01
1.542720000E-02 1.987170000E+01 1.164620000E+00 8.036455092E+01
1.577750000E-02 1.984190000E+01 1.141990000E+00 7.858025669E+01
1.636600000E-02 1.976480000E+01 1.103880000E+00 7.575461322E+01
1.699410000E-02 1.966140000E+01 1.063670000E+00 7.295473135E+01
1.753250000E-02 1.955010000E+01 1.029690000E+00 7.071438757E+01
1.795750000E-02 1.944660000E+01 1.003570000E+00 6.904079076E+01
1.834570000E-02 1.933730000E+01 9.802000000E-01 6.757986885E+01
1.868930000E-02 1.922200000E+01 9.598240000E-01 6.633742302E+01
1.896190000E-02 1.912560000E+01 9.439600000E-01 6.538374319E+01
1.914370000E-02 1.904650000E+01 9.335820000E-01 6.476282014E+01
1.933640000E-02 1.896240000E+01 9.226700000E-01 6.411741586E+01
1.946400000E-02 1.890500000E+01 9.155110000E-01 6.369708179E+01
1.955680000E-02 1.885630000E+01 9.103210000E-01 6.339482942E+01
1.957550000E-02 1.884650000E+01 9.092800000E-01 6.333426988E+01
1.967180000E-02 1.879520000E+01 9.039100000E-01 6.302422757E+01
1.972000000E-02 1.876730000E+01 9.012610000E-01 6.287018256E+01
1.976820000E-02 1.873940000E+01 8.986110000E-01 6.271688874E+01
1.981640000E-02 1.871140000E+01 8.959610000E-01 6.256434065E+01
1.986460000E-02 1.868200000E+01 8.933170000E-01 6.241253285E+01
1.991280000E-02 1.865140000E+01 8.906990000E-01 6.226145997E+01
1.996090000E-02 1.862070000E+01 8.881200000E-01 6.211142784E+01
2.000910000E-02 1.858900000E+01 8.855410000E-01 6.196180738E+01
2.005730000E-02 1.855560000E+01 8.829620000E-01 6.181290602E+01
2.010550000E-02 1.852220000E+01 8.803830000E-01 6.166471861E+01
2.011900000E-02 1.851280000E+01 8.796590000E-01 6.162334112E+01
2.016850000E-02 1.847610000E+01 8.770080000E-01 6.147209758E+01
2.021800000E-02 1.843890000E+01 8.743580000E-01 6.132159462E+01
2.026760000E-02 1.840040000E+01 8.717070000E-01 6.117152500E+01
2.031710000E-02 1.836030000E+01 8.691090000E-01 6.102248845E+01
2.036660000E-02 1.831940000E+01 8.665170000E-01 6.087417635E+01
2.038560000E-02 1.830310000E+01 8.655240000E-01 6.081743976E+01
2.041420000E-02 1.827830000E+01 8.640350000E-01 6.073223540E+01
2.044280000E-02 1.825270000E+01 8.625460000E-01 6.064726945E+01
2.047900000E-02 1.821890000E+01 8.606580000E-01 6.054006543E+01
2.049710000E-02 1.820170000E+01 8.597140000E-01 6.048660542E+01
2.051520000E-02 1.818450000E+01 8.587860000E-01 6.043323974E+01
2.053990000E-02 1.816060000E+01 8.575360000E-01 6.036056651E+01
2.055230000E-02 1.814810000E+01 8.569120000E-01 6.032414864E+01
2.057710000E-02 1.812320000E+01 8.556630000E-01 6.025144457E+01
2.059560000E-02 1.810450000E+01 8.547260000E-01 6.019732370E+01
2.060490000E-02 1.809470000E+01 8.542570000E-01 6.017015370E+01
2.060960000E-02 1.808970000E+01 8.540230000E-01 6.015643195E+01
2.061070000E-02 1.808840000E+01 8.539650000E-01 6.015322139E+01
2.061160000E-02 1.808750000E+01 8.539210000E-01 6.015059481E+01
2.061220000E-02 1.808680000E+01 8.538880000E-01 6.014884389E+01
2.061250000E-02 1.808650000E+01 8.538760000E-01 6.014796847E+01
2.061300000E-02 1.808590000E+01 8.538500000E-01 6.014650948E+01
2.061360000E-02 1.808530000E+01 8.538190000E-01 6.014475880E+01
2.061390000E-02 1.808500000E+01 8.538040000E-01 6.014388350E+01
2.061460000E-02 1.808420000E+01 8.537700000E-01 6.014184122E+01
2.061610000E-02 1.808250000E+01 8.536920000E-01 6.013746538E+01
2.066370000E-02 1.803060000E+01 8.512910000E-01 5.999893533E+01
2.067110000E-02 1.802260000E+01 8.509170000E-01 5.997745645E+01
2.069700000E-02 1.799430000E+01 8.496100000E-01 5.990240131E+01
2.072300000E-02 1.796550000E+01 8.483020000E-01 5.982724509E+01
2.074030000E-02 1.794460000E+01 8.474270000E-01 5.977734170E+01
2.077070000E-02 1.790820000E+01 8.458940000E-01 5.968985157E+01
2.081620000E-02 1.785210000E+01 8.435960000E-01 5.955938164E+01
2.083900000E-02 1.782140000E+01 8.424470000E-01 5.949421757E+01
2.086180000E-02 1.779080000E+01 8.412980000E-01 5.942919595E+01
2.091130000E-02 1.772410000E+01 8.388090000E-01 5.928851865E+01
2.096080000E-02 1.765240000E+01 8.363360000E-01 5.914850578E+01
2.101040000E-02 1.757440000E+01 8.338640000E-01 5.900887180E+01
2.109120000E-02 1.744400000E+01 8.298310000E-01 5.878280989E+01
2.110940000E-02 1.741150000E+01 8.289250000E-01 5.873212881E+01
2.114080000E-02 1.735330000E+01 8.273720000E-01 5.864489518E+01
2.117450000E-02 1.728760000E+01 8.257330000E-01 5.855155966E+01
2.125080000E-02 1.712430000E+01 8.221980000E-01 5.834133303E+01
2.136130000E-02 1.683930000E+01 8.194560000E-01 5.803953879E+01
2.154890000E-02 1.612160000E+01 8.796460000E-01 5.753425929E+01
2.175230000E-02 1.490340000E+01 1.526730000E+00 5.699627166E+01
2.199260000E-02 1.429150000E+01 3.811680000E+00 5.637350745E+01
2.214320000E-02 1.507110000E+01 5.108530000E+00 5.599010080E+01
2.233660000E-02 1.638240000E+01 5.704960000E+00 5.550531415E+01
2.266520000E-02 1.769940000E+01 5.642500000E+00 5.470059827E+01
2.309600000E-02 1.859550000E+01 5.434100000E+00 5.368029096E+01
2.362340000E-02 1.925750000E+01 5.187390000E+00 5.248186121E+01
2.488300000E-02 2.010410000E+01 4.660230000E+00 4.982518185E+01
2.524770000E-02 2.024560000E+01 4.523300000E+00 4.910546307E+01
2.542970000E-02 2.029870000E+01 4.458330000E+00 4.875401597E+01
2.560340000E-02 2.034690000E+01 4.396510000E+00 4.842325629E+01
2.569870000E-02 2.037240000E+01 4.362570000E+00 4.824368548E+01
2.572520000E-02 2.037930000E+01 4.353200000E+00 4.819398877E+01
2.574980000E-02 2.038370000E+01 4.344980000E+00 4.814794678E+01
2.578610000E-02 2.039030000E+01 4.332820000E+00 4.808016722E+01
2.587620000E-02 2.040610000E+01 4.302680000E+00 4.791275380E+01
2.596890000E-02 2.042060000E+01 4.271690000E+00 4.774172183E+01
2.608500000E-02 2.043880000E+01 4.232880000E+00 4.752923136E+01
2.621340000E-02 2.045720000E+01 4.190080000E+00 4.729642091E+01
2.634180000E-02 2.047010000E+01 4.148720000E+00 4.706588008E+01
2.640600000E-02 2.047390000E+01 4.128810000E+00 4.695145043E+01
2.648880000E-02 2.047600000E+01 4.103120000E+00 4.680468726E+01
2.659860000E-02 2.047890000E+01 4.069080000E+00 4.661147579E+01
2.666280000E-02 2.048060000E+01 4.049180000E+00 4.649924239E+01
2.672700000E-02 2.048220000E+01 4.029290000E+00 4.638754817E+01
2.678160000E-02 2.048370000E+01 4.012350000E+00 4.629297727E+01
2.679990000E-02 2.048410000E+01 4.006710000E+00 4.626136665E+01
2.684380000E-02 2.048460000E+01 3.993070000E+00 4.618571141E+01
2.693180000E-02 2.047960000E+01 3.966480000E+00 4.603479901E+01
2.699770000E-02 2.047390000E+01 3.947230000E+00 4.592243043E+01
2.706370000E-02 2.046810000E+01 3.928010000E+00 4.581043981E+01
2.712970000E-02 2.046230000E+01 3.908790000E+00 4.569899409E+01
2.715760000E-02 2.045990000E+01 3.900660000E+00 4.565204584E+01
2.719900000E-02 2.045390000E+01 3.888590000E+00 4.558255818E+01
2.724060000E-02 2.044780000E+01 3.876470000E+00 4.551294759E+01
2.728410000E-02 2.044150000E+01 3.863800000E+00 4.544038469E+01
2.730580000E-02 2.043830000E+01 3.857470000E+00 4.540427308E+01
2.732760000E-02 2.043510000E+01 3.851140000E+00 4.536805281E+01
2.737700000E-02 2.042790000E+01 3.836730000E+00 4.528618914E+01
2.738530000E-02 2.042670000E+01 3.834330000E+00 4.527246369E+01
2.740260000E-02 2.042420000E+01 3.829280000E+00 4.524388197E+01
2.743060000E-02 2.041760000E+01 3.821120000E+00 4.519769892E+01
2.743790000E-02 2.041600000E+01 3.819020000E+00 4.518567383E+01
2.744330000E-02 2.041470000E+01 3.817440000E+00 4.517678268E+01
2.745140000E-02 2.041280000E+01 3.815080000E+00 4.516345250E+01
2.745540000E-02 2.041180000E+01 3.813890000E+00 4.515687260E+01
2.746360000E-02 2.040990000E+01 3.811510000E+00 4.514338980E+01
2.752550000E-02 2.039530000E+01 3.793570000E+00 4.504187027E+01
2.754200000E-02 2.039070000E+01 3.789050000E+00 4.501488636E+01
2.759140000E-02 2.037700000E+01 3.775500000E+00 4.493429112E+01
2.761910000E-02 2.036930000E+01 3.767930000E+00 4.488922521E+01
2.766050000E-02 2.035770000E+01 3.756570000E+00 4.482203865E+01
2.770200000E-02 2.034620000E+01 3.745210000E+00 4.475489134E+01
2.774570000E-02 2.033400000E+01 3.733280000E+00 4.468440155E+01
2.778930000E-02 2.031970000E+01 3.721360000E+00 4.461429399E+01
2.785530000E-02 2.029400000E+01 3.703390000E+00 4.450858544E+01
2.792130000E-02 2.026820000E+01 3.685440000E+00 4.440337663E+01
2.798720000E-02 2.023890000E+01 3.667480000E+00 4.429882232E+01
2.811910000E-02 2.017100000E+01 3.632650000E+00 4.409102710E+01
2.817590000E-02 2.013790000E+01 3.618060000E+00 4.400214368E+01
2.827440000E-02 2.007140000E+01 3.592740000E+00 4.384885267E+01
2.837640000E-02 1.999100000E+01 3.566670000E+00 4.369123638E+01
2.846000000E-02 1.991340000E+01 3.545680000E+00 4.356289529E+01
2.855410000E-02 1.980920000E+01 3.523630000E+00 4.341933383E+01
2.874860000E-02 1.950230000E+01 3.506430000E+00 4.312557829E+01
2.903320000E-02 1.878660000E+01 3.809220000E+00 4.270283675E+01
2.967940000E-02 1.927460000E+01 6.128430000E+00 4.177308167E+01
3.004660000E-02 2.022520000E+01 6.222220000E+00 4.126257214E+01
3.085450000E-02 2.121570000E+01 5.950190000E+00 4.018214523E+01
3.191070000E-02 2.191450000E+01 5.600120000E+00 3.885217184E+01
3.350000000E-02 2.251590000E+01 5.118550000E+00 3.700895522E+01
3.605300000E-02 2.306000000E+01 4.450500000E+00 3.438826173E+01
4.080340000E-02 2.341080000E+01 3.472600000E+00 3.038472284E+01
4.298150000E-02 2.340480000E+01 3.116200000E+00 2.884496818E+01
4.341200000E-02 2.339640000E+01 3.051810000E+00 2.855892380E+01
4.394910000E-02 2.337030000E+01 2.973590000E+00 2.820990646E+01
4.421220000E-02 2.335030000E+01 2.937690000E+00 2.804203365E+01
4.488320000E-02 2.327050000E+01 2.888330000E+00 2.762280764E+01
4.601390000E-02 2.332110000E+01 2.885290000E+00 2.694403213E+01
5.069910000E-02 2.326510000E+01 2.342770000E+00 2.445408301E+01
5.563470000E-02 2.294690000E+01 1.930060000E+00 2.228465328E+01
5.900000000E-02 2.267570000E+01 1.717470000E+00 2.101355932E+01
6.106990000E-02 2.248280000E+01 1.606580000E+00 2.030132684E+01
6.164890000E-02 2.242230000E+01 1.577570000E+00 2.011065891E+01
6.391750000E-02 2.217730000E+01 1.474240000E+00 1.939687879E+01
6.557140000E-02 2.196500000E+01 1.406380000E+00 1.890763351E+01
6.731810000E-02 2.172150000E+01 1.340790000E+00 1.841703791E+01
6.898430000E-02 2.146770000E+01 1.283770000E+00 1.797220527E+01
7.052800000E-02 2.120900000E+01 1.234300000E+00 1.757883394E+01
7.224950000E-02 2.088930000E+01 1.183650000E+00 1.715998035E+01
7.334380000E-02 2.066600000E+01 1.153240000E+00 1.690395098E+01
7.489560000E-02 2.031380000E+01 1.113110000E+00 1.655370943E+01
7.626820000E-02 1.996050000E+01 1.079850000E+00 1.625579206E+01
7.734590000E-02 1.964930000E+01 1.055120000E+00 1.602929179E+01
7.858090000E-02 1.924500000E+01 1.027890000E+00 1.577737084E+01
7.961670000E-02 1.886060000E+01 1.006310000E+00 1.557210987E+01
8.029590000E-02 1.857740000E+01 9.922910000E-01 1.544038986E+01
8.079560000E-02 1.834710000E+01 9.822070000E-01 1.534489502E+01
8.108650000E-02 1.820530000E+01 9.766630000E-01 1.528984480E+01
8.143190000E-02 1.802110000E+01 9.700910000E-01 1.522499168E+01
8.158140000E-02 1.794100000E+01 9.672460000E-01 1.519709149E+01
8.163030000E-02 1.791450000E+01 9.663300000E-01 1.518798779E+01
8.194920000E-02 1.774200000E+01 9.605050000E-01 1.512888472E+01
8.203210000E-02 1.768940000E+01 9.589950000E-01 1.511359578E+01
8.223300000E-02 1.755950000E+01 9.553330000E-01 1.507667238E+01
8.243400000E-02 1.742960000E+01 9.516720000E-01 1.503991072E+01
8.263490000E-02 1.729790000E+01 9.480590000E-01 1.500334604E+01
8.274630000E-02 1.722460000E+01 9.460800000E-01 1.498314728E+01
8.285770000E-02 1.715130000E+01 9.441010000E-01 1.496300283E+01
8.305720000E-02 1.700900000E+01 9.405600000E-01 1.492706231E+01
8.326790000E-02 1.684570000E+01 9.368340000E-01 1.488929107E+01
8.347940000E-02 1.666960000E+01 9.331460000E-01 1.485156817E+01
8.369230000E-02 1.647980000E+01 9.295920000E-01 1.481378813E+01
8.393300000E-02 1.624740000E+01 9.263320000E-01 1.477130568E+01
8.408150000E-02 1.609160000E+01 9.251500000E-01 1.474521744E+01
8.418690000E-02 1.597330000E+01 9.250710000E-01 1.472675678E+01
8.432010000E-02 1.581540000E+01 9.264860000E-01 1.470349300E+01
8.439910000E-02 1.571650000E+01 9.285130000E-01 1.468973010E+01
8.449740000E-02 1.558770000E+01 9.328010000E-01 1.467264081E+01
8.460470000E-02 1.543890000E+01 9.405540000E-01 1.465403222E+01
8.465430000E-02 1.536710000E+01 9.455550000E-01 1.464544624E+01
8.468620000E-02 1.531990000E+01 9.493020000E-01 1.463992953E+01
8.471750000E-02 1.527270000E+01 9.534930000E-01 1.463452061E+01
8.474330000E-02 1.523300000E+01 9.573300000E-01 1.463006515E+01
8.487920000E-02 1.501510000E+01 9.842410000E-01 1.460664097E+01
8.490180000E-02 1.497720000E+01 9.900220000E-01 1.460275283E+01
8.491310000E-02 1.495800000E+01 9.930520000E-01 1.460080953E+01
8.492020000E-02 1.494600000E+01 9.950340000E-01 1.459958879E+01
8.492130000E-02 1.494420000E+01 9.953320000E-01 1.459939968E+01
8.492210000E-02 1.494280000E+01 9.955540000E-01 1.459926215E+01
8.492400000E-02 1.493950000E+01 9.961060000E-01 1.459893552E+01
8.492530000E-02 1.493740000E+01 9.964520000E-01 1.459871204E+01
8.492690000E-02 1.493460000E+01 9.969060000E-01 1.459843701E+01
8.493010000E-02 1.492910000E+01 9.978090000E-01 1.459788697E+01
8.493640000E-02 1.491820000E+01 9.996740000E-01 1.459680420E+01
8.513300000E-02 1.456370000E+01 1.077210000E+00 1.456309539E+01
8.518760000E-02 1.445960000E+01 1.106870000E+00 1.455376135E+01
8.535500000E-02 1.412560000E+01 1.225460000E+00 1.452521821E+01
8.542440000E-02 1.398180000E+01 1.288590000E+00 1.451341771E+01
8.555240000E-02 1.371320000E+01 1.429260000E+00 1.449170333E+01
8.574440000E-02 1.331400000E+01 1.703240000E+00 1.445925332E+01
8.585260000E-02 1.309940000E+01 1.892260000E+00 1.444103032E+01
8.595900000E-02 1.290020000E+01 2.101990000E+00 1.442315523E+01
8.612840000E-02 1.262080000E+01 2.480260000E+00 1.439478732E+01
8.632960000E-02 1.236540000E+01 2.983780000E+00 1.436123879E+01
8.653530000E-02 1.221300000E+01 3.527220000E+00 1.432710119E+01
8.690400000E-02 1.212120000E+01 4.484680000E+00 1.426631686E+01
8.693670000E-02 1.212640000E+01 4.565470000E+00 1.426095078E+01
8.700530000E-02 1.214780000E+01 4.725950000E+00 1.424970663E+01
8.707400000E-02 1.217190000E+01 4.882590000E+00 1.423846384E+01
8.721750000E-02 1.223900000E+01 5.189620000E+00 1.421503712E+01
8.737610000E-02 1.233610000E+01 5.492110000E+00 1.418923481E+01
8.780000000E-02 1.263050000E+01 6.154800000E+00 1.412072893E+01
8.791110000E-02 1.270490000E+01 6.293270000E+00 1.410288348E+01
8.794910000E-02 1.273040000E+01 6.340650000E+00 1.409679008E+01
8.798710000E-02 1.275580000E+01 6.387910000E+00 1.409070193E+01
8.800600000E-02 1.276850000E+01 6.411530000E+00 1.408767584E+01
8.802020000E-02 1.277800000E+01 6.429090000E+00 1.408540312E+01
8.802620000E-02 1.278190000E+01 6.435800000E+00 1.408444304E+01
8.802790000E-02 1.278310000E+01 6.437810000E+00 1.408417104E+01
8.804420000E-02 1.279340000E+01 6.456220000E+00 1.408156358E+01
8.806210000E-02 1.280410000E+01 6.476440000E+00 1.407870128E+01
8.809550000E-02 1.282420000E+01 6.514360000E+00 1.407336357E+01
8.815410000E-02 1.285900000E+01 6.580280000E+00 1.406400837E+01
8.839410000E-02 1.298250000E+01 6.826820000E+00 1.402582299E+01
8.845830000E-02 1.301550000E+01 6.892780000E+00 1.401564353E+01
8.867500000E-02 1.311980000E+01 7.098230000E+00 1.398139273E+01
8.889160000E-02 1.322150000E+01 7.296940000E+00 1.394732461E+01
8.895330000E-02 1.324940000E+01 7.350350000E+00 1.393765043E+01
8.913850000E-02 1.333170000E+01 7.510600000E+00 1.390869265E+01
8.921480000E-02 1.336210000E+01 7.575710000E+00 1.389679739E+01
8.934840000E-02 1.341280000E+01 7.682800000E+00 1.387601793E+01
8.944850000E-02 1.344950000E+01 7.763150000E+00 1.386048956E+01
8.952370000E-02 1.347630000E+01 7.823460000E+00 1.384884673E+01
8.964160000E-02 1.351680000E+01 7.918110000E+00 1.383063221E+01
8.970310000E-02 1.353720000E+01 7.967300000E+00 1.382114999E+01
8.972740000E-02 1.354550000E+01 7.985060000E+00 1.381740695E+01
8.990930000E-02 1.360450000E+01 8.118150000E+00 1.378945226E+01
8.992880000E-02 1.361050000E+01 8.132430000E+00 1.378646218E+01
8.994630000E-02 1.361580000E+01 8.145300000E+00 1.378377988E+01
8.996000000E-02 1.362000000E+01 8.155320000E+00 1.378168075E+01
8.997680000E-02 1.362500000E+01 8.167630000E+00 1.377910750E+01
8.998340000E-02 1.362700000E+01 8.172470000E+00 1.377809685E+01
8.999130000E-02 1.362930000E+01 8.178200000E+00 1.377688732E+01
8.999520000E-02 1.363040000E+01 8.181070000E+00 1.377629029E+01
8.999910000E-02 1.363160000E+01 8.183930000E+00 1.377569331E+01
9.000580000E-02 1.363350000E+01 8.188870000E+00 1.377466785E+01
9.003190000E-02 1.364110000E+01 8.208010000E+00 1.377067462E+01
9.017000000E-02 1.367880000E+01 8.309270000E+00 1.374958412E+01
9.021620000E-02 1.369080000E+01 8.342060000E+00 1.374254291E+01
9.035980000E-02 1.372710000E+01 8.437440000E+00 1.372070323E+01
9.047260000E-02 1.375180000E+01 8.512890000E+00 1.370359645E+01
9.049290000E-02 1.375580000E+01 8.526470000E+00 1.370052236E+01
9.068310000E-02 1.378740000E+01 8.655520000E+00 1.367178669E+01
9.083620000E-02 1.380570000E+01 8.750920000E+00 1.364874356E+01
9.108350000E-02 1.381470000E+01 8.911720000E+00 1.361168598E+01
9.121450000E-02 1.380780000E+01 9.004100000E+00 1.359213722E+01
9.133560000E-02 1.379460000E+01 9.092740000E+00 1.357411568E+01
9.152090000E-02 1.376330000E+01 9.232450000E+00 1.354663252E+01
9.171540000E-02 1.371500000E+01 9.406430000E+00 1.351790430E+01
9.192800000E-02 1.365120000E+01 9.634790000E+00 1.348664172E+01
9.230120000E-02 1.355230000E+01 1.012710000E+01 1.343211139E+01
9.235860000E-02 1.354270000E+01 1.021710000E+01 1.342376346E+01
9.247010000E-02 1.353180000E+01 1.040170000E+01 1.340757715E+01
9.280450000E-02 1.357920000E+01 1.099210000E+01 1.335926598E+01
9.312230000E-02 1.375760000E+01 1.157940000E+01 1.331367460E+01
9.332540000E-02 1.391320000E+01 1.194140000E+01 1.328470063E+01
9.359560000E-02 1.419660000E+01 1.238310000E+01 1.324634919E+01
9.376290000E-02 1.439620000E+01 1.262240000E+01 1.322271389E+01
9.385000000E-02 1.450290000E+01 1.274220000E+01 1.321044219E+01
9.402310000E-02 1.472700000E+01 1.295850000E+01 1.318612128E+01
9.416920000E-02 1.491840000E+01 1.312880000E+01 1.316566351E+01
9.430310000E-02 1.509570000E+01 1.326460000E+01 1.314696972E+01
9.450000000E-02 1.535010000E+01 1.344430000E+01 1.311957672E+01
9.481970000E-02 1.574950000E+01 1.370640000E+01 1.307534194E+01
9.503390000E-02 1.601770000E+01 1.386930000E+01 1.304587100E+01
9.614090000E-02 1.731940000E+01 1.450300000E+01 1.289565627E+01
9.723070000E-02 1.856120000E+01 1.493450000E+01 1.275111667E+01
9.960590000E-02 2.110090000E+01 1.524590000E+01 1.244705384E+01
1.020440000E-01 2.334380000E+01 1.487970000E+01 1.214966093E+01
1.049520000E-01 2.535740000E+01 1.392760000E+01 1.181301929E+01
1.098210000E-01 2.739180000E+01 1.209710000E+01 1.128927983E+01
1.182740000E-01 2.897010000E+01 9.454430000E+00 1.048243908E+01
1.282950000E-01 2.955930000E+01 7.112840000E+00 9.663665770E+00
1.373280000E-01 2.937400000E+01 5.524790000E+00 9.028020506E+00
1.465260000E-01 2.889890000E+01 4.341910000E+00 8.461296971E+00
1.555290000E-01 2.830120000E+01 3.499980000E+00 7.971503707E+00
1.659590000E-01 2.746270000E+01 2.791530000E+00 7.470519827E+00
1.699760000E-01 2.703630000E+01 2.574650000E+00 7.293970914E+00
1.712080000E-01 2.684680000E+01 2.522690000E+00 7.241484043E+00
1.723640000E-01 2.661530000E+01 2.517000000E+00 7.192917315E+00
1.737650000E-01 2.631730000E+01 2.672630000E+00 7.134923604E+00
1.746580000E-01 2.622000000E+01 2.867120000E+00 7.098443816E+00
1.778490000E-01 2.645360000E+01 3.230460000E+00 6.971082210E+00
1.920000000E-01 2.629840000E+01 2.749240000E+00 6.457291667E+00
2.087000000E-01 2.539660000E+01 2.376530000E+00 5.940584571E+00
2.122560000E-01 2.515960000E+01 2.320210000E+00 5.841059852E+00
2.135720000E-01 2.505560000E+01 2.302340000E+00 5.805068080E+00
2.146650000E-01 2.495400000E+01 2.292670000E+00 5.775510679E+00
2.167880000E-01 2.471440000E+01 2.335910000E+00 5.718951233E+00
2.177460000E-01 2.461220000E+01 2.407310000E+00 5.693790012E+00
2.183440000E-01 2.456500000E+01 2.466830000E+00 5.678195874E+00
2.208700000E-01 2.454350000E+01 2.696670000E+00 5.613256667E+00
2.226650000E-01 2.457790000E+01 2.737790000E+00 5.568005749E+00
2.490440000E-01 2.345610000E+01 2.473750000E+00 4.978236777E+00
2.684230000E-01 2.229300000E+01 2.390560000E+00 4.618829236E+00
2.715120000E-01 2.201670000E+01 2.410340000E+00 4.566280680E+00
2.740890000E-01 2.179890000E+01 2.486130000E+00 4.523348255E+00
2.812430000E-01 2.140630000E+01 2.590160000E+00 4.408287495E+00
3.108320000E-01 1.884070000E+01 2.615220000E+00 3.988649817E+00
3.129130000E-01 1.858990000E+01 2.621040000E+00 3.962123657E+00
3.146320000E-01 1.836180000E+01 2.634950000E+00 3.940476493E+00
3.174040000E-01 1.794250000E+01 2.719750000E+00 3.906062936E+00
3.188350000E-01 1.772920000E+01 2.808070000E+00 3.888531686E+00
3.225070000E-01 1.730810000E+01 3.054610000E+00 3.844257644E+00
3.240030000E-01 1.715360000E+01 3.118690000E+00 3.826507779E+00
3.270950000E-01 1.677650000E+01 3.242640000E+00 3.790336141E+00
3.281990000E-01 1.663080000E+01 3.302540000E+00 3.777586160E+00
3.330000000E-01 1.611510000E+01 3.545640000E+00 3.723123123E+00
3.361140000E-01 1.574520000E+01 3.626590000E+00 3.688629453E+00
3.445000000E-01 1.441160000E+01 3.917810000E+00 3.598838897E+00
3.515000000E-01 1.305510000E+01 4.433280000E+00 3.527169275E+00
3.584990000E-01 1.162420000E+01 5.290740000E+00 3.458308112E+00
3.665000000E-01 1.008500000E+01 6.678780000E+00 3.382810368E+00
3.763740000E-01 8.484100000E+00 8.868690000E+00 3.294063883E+00
3.855050000E-01 7.401900000E+00 1.124580000E+01 3.216041296E+00
3.935500000E-01 6.854000000E+00 1.352170000E+01 3.150298564E+00
4.033200000E-01 6.621800000E+00 1.632010000E+01 3.073985917E+00
4.135460000E-01 6.911300000E+00 1.913860000E+01 2.997973623E+00
4.265800000E-01 7.856400000E+00 2.246470000E+01 2.906371607E+00
4.420000000E-01 9.626400000E+00 2.585550000E+01 2.804977376E+00
4.700000000E-01 1.361210000E+01 3.031170000E+01 2.637872340E+00
5.075230000E-01 1.906700000E+01 3.382350000E+01 2.442844955E+00
5.580000000E-01 2.533180000E+01 3.578880000E+01 2.221863799E+00
6.079740000E-01 2.964330000E+01 3.598810000E+01 2.039231941E+00
6.242470000E-01 3.020860000E+01 3.584850000E+01 1.986072821E+00
6.289820000E-01 3.008430000E+01 3.585770000E+01 1.971121590E+00
6.369050000E-01 2.957390000E+01 3.669800000E+01 1.946601141E+00
6.395900000E-01 2.965970000E+01 3.730270000E+01 1.938429306E+00
6.492960000E-01 3.130170000E+01 3.874390000E+01 1.909452700E+00
6.556890000E-01 3.231210000E+01 3.879250000E+01 1.890835442E+00
6.635710000E-01 3.302490000E+01 3.871830000E+01 1.868375803E+00
6.726490000E-01 3.338380000E+01 3.914340000E+01 1.843160400E+00
6.768930000E-01 3.377310000E+01 3.964450000E+01 1.831604109E+00
6.861020000E-01 3.530430000E+01 4.023710000E+01 1.807019947E+00
7.296490000E-01 4.008890000E+01 3.953060000E+01 1.699173164E+00
8.246980000E-01 4.653610000E+01 3.732160000E+01 1.503338192E+00
8.955510000E-01 4.895810000E+01 3.546160000E+01 1.384399102E+00
9.158610000E-01 4.913650000E+01 3.641850000E+01 1.353698869E+00
9.584410000E-01 5.242600000E+01 3.591240000E+01 1.293559019E+00
1.070830000E+00 5.667690000E+01 3.290790000E+01 1.157793487E+00
1.228720000E+00 6.035810000E+01 2.957670000E+01 1.009017514E+00
1.305600000E+00 6.194130000E+01 2.846400000E+01 9.496017157E-01
1.514110000E+00 6.475480000E+01 2.460270000E+01 8.188308643E-01
1.807950000E+00 6.649830000E+01 2.033910000E+01 6.857490528E-01
2.175600000E+00 6.678920000E+01 1.647040000E+01 5.698657842E-01
2.554240000E+00 6.540140000E+01 1.358810000E+01 4.853890003E-01
2.838740000E+00 6.274730000E+01 1.192370000E+01 4.367430621E-01
3.007040000E+00 5.966660000E+01 1.108860000E+01 4.122991380E-01
3.107940000E+00 5.623170000E+01 1.063270000E+01 3.989137499E-01
3.146000000E+00 5.391130000E+01 1.049320000E+01 3.940877305E-01
3.162350000E+00 5.244530000E+01 1.055510000E+01 3.920502158E-01
3.170480000E+00 5.152510000E+01 1.070370000E+01 3.910448891E-01
3.178620000E+00 5.047920000E+01 1.100460000E+01 3.900434780E-01
3.187900000E+00 4.918840000E+01 1.162200000E+01 3.889080586E-01
3.215530000E+00 4.598850000E+01 1.573620000E+01 3.855662986E-01
3.224300000E+00 4.577780000E+01 1.755800000E+01 3.845175697E-01
3.234360000E+00 4.588610000E+01 1.962340000E+01 3.833215845E-01
3.248060000E+00 4.700620000E+01 2.193340000E+01 3.817047715E-01
3.279850000E+00 5.032210000E+01 2.418510000E+01 3.780050917E-01
3.301380000E+00 5.158000000E+01 2.429420000E+01 3.755399257E-01
3.324270000E+00 5.176010000E+01 2.430830000E+01 3.729540621E-01
3.343500000E+00 5.132230000E+01 2.486030000E+01 3.708090325E-01
3.372390000E+00 5.075620000E+01 2.746310000E+01 3.676324506E-01
3.389400000E+00 5.152660000E+01 2.954640000E+01 3.657874550E-01
3.414950000E+00 5.404240000E+01 3.174410000E+01 3.630507035E-01
3.447480000E+00 5.735290000E+01 3.233850000E+01 3.596250015E-01
3.509410000E+00 6.104620000E+01 3.166610000E+01 3.532787563E-01
3.611670000E+00 6.452690000E+01 3.041610000E+01 3.432761022E-01
3.741170000E+00 6.693200000E+01 2.884020000E+01 3.313936549E-01
3.831440000E+00 6.730240000E+01 2.784160000E+01 3.235859103E-01
3.879270000E+00 6.661390000E+01 2.824540000E+01 3.195962127E-01
3.917130000E+00 6.690760000E+01 2.970690000E+01 3.165072387E-01
3.973570000E+00 6.924320000E+01 3.054560000E+01 3.120116168E-01
4.062550000E+00 7.161470000E+01 2.967330000E+01 3.051777824E-01
4.236380000E+00 7.416370000E+01 2.790010000E+01 2.926555219E-01
4.434700000E+00 7.585540000E+01 2.604370000E+01 2.795679527E-01
4.577850000E+00 7.632810000E+01 2.485720000E+01 2.708258243E-01
4.662080000E+00 7.629530000E+01 2.500380000E+01 2.659328025E-01
4.803970000E+00 7.784090000E+01 2.457100000E+01 2.580782145E-01
4.920510000E+00 7.829120000E+01 2.383190000E+01 2.519657515E-01
4.997290000E+00 7.859980000E+01 2.391100000E+01 2.480944672E-01
5.143400000E+00 7.995802000E+01 2.324100000E+01 2.410467784E-01
5.413650000E+00 8.132541000E+01 2.160740000E+01 2.290136969E-01
5.792310000E+00 8.255575000E+01 1.960710000E+01 2.140424114E-01
6.264510000E+00 8.352603000E+01 1.749570000E+01 1.979085355E-01
6.848340000E+00 8.422981000E+01 1.533640000E+01 1.810365724E-01
7.539050000E+00 8.465373000E+01 1.326860000E+01 1.644504281E-01
8.634750000E+00 8.483826000E+01 1.081410000E+01 1.435826168E-01
9.832770000E+00 8.468752000E+01 8.852750000E+00 1.260885793E-01
1.137160000E+01 8.419343000E+01 7.061990000E+00 1.090259946E-01
1.293360000E+01 8.339328000E+01 5.768160000E+00 9.585884827E-02
1.412540000E+01 8.242339000E+01 5.014330000E+00 8.777096578E-02
1.486890000E+01 8.140185000E+01 4.621620000E+00 8.338209282E-02
1.531300000E+01 8.032574000E+01 4.409090000E+00 8.096388689E-02
1.554220000E+01 7.926063000E+01 4.333660000E+00 7.976991674E-02
1.564260000E+01 7.845490000E+01 4.462050000E+00 7.925792387E-02
1.571020000E+01 7.777330000E+01 4.791200000E+00 7.891688203E-02
1.578370000E+01 7.706180000E+01 5.518930000E+00 7.854938956E-02
1.587750000E+01 7.667620000E+01 6.947140000E+00 7.808534089E-02
1.595800000E+01 7.693560000E+01 8.214860000E+00 7.769144003E-02
1.604220000E+01 7.772180000E+01 9.144110000E+00 7.728366434E-02
1.615990000E+01 7.890950000E+01 9.627940000E+00 7.672077179E-02
1.632450000E+01 8.000336000E+01 9.595280000E+00 7.594719593E-02
1.661380000E+01 8.100426000E+01 9.337080000E+00 7.462470958E-02
1.707110000E+01 8.182603000E+01 8.913000000E+00 7.262566560E-02
1.771730000E+01 8.229511000E+01 8.379330000E+00 6.997680233E-02
1.834160000E+01 8.223917000E+01 7.898610000E+00 6.759497536E-02
1.871310000E+01 8.179998000E+01 7.638400000E+00 6.625305267E-02
1.892650000E+01 8.112638000E+01 7.688960000E+00 6.550603651E-02
1.908230000E+01 8.053401000E+01 8.285410000E+00 6.497120368E-02
1.923760000E+01 8.052941000E+01 9.262320000E+00 6.444670853E-02
1.941200000E+01 8.115661000E+01 9.906390000E+00 6.386771069E-02
1.961800000E+01 8.162743000E+01 1.004810000E+01 6.319706392E-02
1.988800000E+01 8.197987000E+01 1.060510000E+01 6.233909895E-02
2.015630000E+01 8.292306000E+01 1.094810000E+01 6.150930478E-02
2.045680000E+01 8.372360000E+01 1.075740000E+01 6.060576434E-02
2.095430000E+01 8.452743000E+01 1.037330000E+01 5.916685358E-02
2.163760000E+01 8.527364000E+01 9.876350000E+00 5.729840648E-02
2.259140000E+01 8.598851000E+01 9.243070000E+00 5.487929035E-02
2.374360000E+01 8.658309000E+01 8.554420000E+00 5.221617615E-02
2.507410000E+01 8.704492000E+01 7.851160000E+00 4.944544370E-02
2.662640000E+01 8.740858000E+01 7.145000000E+00 4.656280984E-02
2.836630000E+01 8.768410000E+01 6.459500000E+00 4.370679292E-02
3.047240000E+01 8.788442000E+01 5.759720000E+00 4.068599782E-02
3.265460000E+01 8.800522700E+01 5.146260000E+00 3.796708580E-02
3.549400000E+01 8.806599000E+01 4.491350000E+00 3.492984730E-02
3.960120000E+01 8.807166000E+01 3.753270000E+00 3.130713211E-02
4.524100000E+01 8.799514000E+01 3.008930000E+00 2.740434562E-02
5.177880000E+01 8.786248000E+01 2.399910000E+00 2.394416248E-02
5.890640000E+01 8.769826000E+01 1.930790000E+00 2.104694906E-02
6.714790000E+01 8.750282000E+01 1.544740000E+00 1.846371964E-02
7.670600000E+01 8.726790000E+01 1.230730000E+00 1.616301202E-02
8.750470000E+01 8.694917000E+01 9.816460000E-01 1.416838181E-02
9.526240000E+01 8.661922000E+01 8.485780000E-01 1.301457868E-02
1.001350000E+02 8.627144000E+01 7.786630000E-01 1.238128526E-02
1.031430000E+02 8.588918000E+01 7.399870000E-01 1.202020496E-02
1.047400000E+02 8.550065000E+01 7.273430000E-01 1.183692954E-02
1.053210000E+02 8.525971000E+01 7.557620000E-01 1.177163149E-02
1.057130000E+02 8.505028000E+01 8.238430000E-01 1.172798048E-02
1.060560000E+02 8.484620000E+01 9.443270000E-01 1.169005054E-02
1.063790000E+02 8.465926000E+01 1.126630000E+00 1.165455588E-02
1.067700000E+02 8.448853000E+01 1.438330000E+00 1.161187600E-02
1.073810000E+02 8.445121000E+01 2.033850000E+00 1.154580419E-02
1.079290000E+02 8.467131000E+01 2.504040000E+00 1.148718139E-02
1.084440000E+02 8.499309000E+01 2.776530000E+00 1.143262882E-02
1.091240000E+02 8.539649000E+01 2.911220000E+00 1.136138705E-02
1.099650000E+02 8.574983000E+01 2.915570000E+00 1.127449643E-02
1.115180000E+02 8.614041000E+01 2.861510000E+00 1.111748776E-02
1.140950000E+02 8.653080000E+01 2.762870000E+00 1.086638328E-02
1.179130000E+02 8.688225000E+01 2.624810000E+00 1.051453190E-02
1.234310000E+02 8.719999000E+01 2.446290000E+00 1.004447829E-02
1.303170000E+02 8.744779000E+01 2.244100000E+00 9.513724226E-03
1.392060000E+02 8.764479000E+01 2.022190000E+00 8.906225306E-03
1.522570000E+02 8.781382000E+01 1.756720000E+00 8.142811168E-03
1.692740000E+02 8.792683000E+01 1.483190000E+00 7.324219904E-03
1.943670000E+02 8.799250000E+01 1.190290000E+00 6.378654813E-03
2.232630000E+02 8.800977600E+01 9.548900000E-01 5.553092093E-03
2.547810000E+02 8.800071800E+01 7.759610000E-01 4.866139940E-03
2.922220000E+02 8.797935000E+01 6.275190000E-01 4.242664823E-03
3.355950000E+02 8.795278000E+01 5.090460000E-01 3.694333944E-03
3.879750000E+02 8.792386000E+01 4.115990000E-01 3.195566725E-03
4.492620000E+02 8.789649000E+01 3.348760000E-01 2.759636916E-03
5.197110000E+02 8.787297000E+01 2.754420000E-01 2.385556588E-03
6.040340000E+02 8.785270000E+01 2.273420000E-01 2.052533467E-03
7.040720000E+02 8.783614000E+01 1.889900000E-01 1.760899453E-03
8.353100000E+02 8.782226000E+01 1.557310000E-01 1.484239384E-03
9.925010000E+02 8.781283000E+01 1.302260000E-01 1.249167507E-03
1.190700000E+03 8.780749000E+01 1.064310000E-01 1.041236248E-03
1.410750000E+03 8.780275000E+01 8.769340000E-02 8.788233209E-04
1.619760000E+03 8.779944000E+01 7.492850000E-02 7.654220378E-04
1.917640000E+03 8.779610000E+01 6.186100000E-02 6.465238522E-04
2.235890000E+03 8.779366000E+01 5.190800000E-02 5.544995505E-04
2.567150000E+03 8.779186000E+01 4.435210000E-02 4.829480163E-04
2.947480000E+03 8.779036000E+01 3.789610000E-02 4.206305047E-04
3.397210000E+03 8.778908000E+01 3.224450000E-02 3.649465297E-04
3.885540000E+03 8.778807000E+01 2.766660000E-02 3.190804882E-04
4.521690000E+03 8.778713000E+01 2.329190000E-02 2.741895176E-04
5.363530000E+03 8.778617000E+01 1.916650000E-02 2.311537364E-04
6.158160000E+03 8.778553000E+01 1.637660000E-02 2.013263702E-04
7.282230000E+03 8.778496000E+01 1.353860000E-02 1.702500470E-04
8.500630000E+03 8.778457000E+01 1.134520000E-02 1.458480136E-04
1.000000000E+04 8.778428000E+01 9.446060000E-03 1.239800000E-04
