# Data retrieved from https://www-nds.iaea.org/epdl97/za1to100.htm 03/01/2021
# Element, Al  (Z = 13) 
# Atomic weight, g mol-1 = 26.982 
# Nominal density, g cm-3 =  2.69890E+0 
# Relativistic correction estimate f_rel(5CL)*,  e atom-1 =  0 
# Nuclear Thomson correction f_NT*, e atom-1 =  0 
#    E [keV]      f1 [e atom-1]      f2 [e atom-1]    Wavelength [nm] 
1.000000000E-03 2.383500000E+00 0.000000000E+00 1.239800000E+03
1.125000000E-03 2.378900000E+00 0.000000000E+00 1.102044444E+03
1.256680000E-03 2.374100000E+00 0.000000000E+00 9.865677818E+02
1.371900000E-03 2.369900000E+00 0.000000000E+00 9.037101830E+02
1.472720000E-03 2.366200000E+00 0.000000000E+00 8.418436634E+02
1.560940000E-03 2.363000000E+00 0.000000000E+00 7.942649942E+02
1.638130000E-03 2.360200000E+00 0.000000000E+00 7.568385903E+02
1.773210000E-03 2.355200000E+00 0.000000000E+00 6.991839658E+02
1.874520000E-03 2.351500000E+00 0.000000000E+00 6.613959840E+02
1.950500000E-03 2.348800000E+00 0.000000000E+00 6.356318893E+02
2.007490000E-03 2.346500000E+00 0.000000000E+00 6.175871362E+02
2.050230000E-03 2.343700000E+00 0.000000000E+00 6.047126420E+02
2.082280000E-03 2.341600000E+00 0.000000000E+00 5.954050368E+02
2.106330000E-03 2.340000000E+00 0.000000000E+00 5.886067235E+02
2.124360000E-03 2.338800000E+00 0.000000000E+00 5.836110640E+02
2.137880000E-03 2.337900000E+00 0.000000000E+00 5.799202949E+02
2.158170000E-03 2.336600000E+00 0.000000000E+00 5.744681837E+02
2.168310000E-03 2.335900000E+00 0.000000000E+00 5.717817102E+02
2.178450000E-03 2.335300000E+00 0.000000000E+00 5.691202460E+02
2.183810000E-03 2.334900000E+00 0.000000000E+00 5.677233825E+02
2.189170000E-03 2.334600000E+00 0.000000000E+00 5.663333592E+02
2.194540000E-03 2.334200000E+00 0.000000000E+00 5.649475517E+02
2.195970000E-03 2.334100000E+00 0.000000000E+00 5.645796618E+02
2.201370000E-03 2.333800000E+00 0.000000000E+00 5.631947378E+02
2.206780000E-03 2.333400000E+00 0.000000000E+00 5.618140458E+02
2.212180000E-03 2.333000000E+00 0.000000000E+00 5.604426403E+02
2.217590000E-03 2.332700000E+00 0.000000000E+00 5.590753927E+02
2.222990000E-03 2.332300000E+00 0.000000000E+00 5.577173087E+02
2.227530000E-03 2.332000000E+00 0.000000000E+00 5.565806072E+02
2.232070000E-03 2.331700000E+00 0.000000000E+00 5.554485298E+02
2.235640000E-03 2.331500000E+00 0.000000000E+00 5.545615573E+02
2.237420000E-03 2.331400000E+00 0.000000000E+00 5.541203708E+02
2.239210000E-03 2.331300000E+00 0.000000000E+00 5.536774130E+02
2.243260000E-03 2.331000000E+00 0.000000000E+00 5.526777993E+02
2.244610000E-03 2.330900000E+00 0.000000000E+00 5.523453963E+02
2.249340000E-03 2.330600000E+00 0.000000000E+00 5.511839028E+02
2.250020000E-03 2.330600000E+00 0.000000000E+00 5.510173243E+02
2.250360000E-03 2.330500000E+00 0.000000000E+00 5.509340728E+02
2.250990000E-03 2.330500000E+00 0.000000000E+00 5.507798791E+02
2.252100000E-03 2.330400000E+00 0.000000000E+00 5.505084144E+02
2.252930000E-03 2.330400000E+00 0.000000000E+00 5.503056020E+02
2.254180000E-03 2.330300000E+00 0.000000000E+00 5.500004436E+02
2.254800000E-03 2.330300000E+00 0.000000000E+00 5.498492106E+02
2.256100000E-03 2.330200000E+00 0.000000000E+00 5.495323789E+02
2.257280000E-03 2.330100000E+00 0.000000000E+00 5.492451092E+02
2.261930000E-03 2.329800000E+00 0.000000000E+00 5.481159894E+02
2.263850000E-03 2.329700000E+00 0.000000000E+00 5.476511253E+02
2.266720000E-03 2.329500000E+00 0.000000000E+00 5.469577186E+02
2.269600000E-03 2.329300000E+00 0.000000000E+00 5.462636588E+02
2.273320000E-03 2.329000000E+00 0.000000000E+00 5.453697676E+02
2.277050000E-03 2.328800000E+00 0.000000000E+00 5.444764059E+02
2.282450000E-03 2.328400000E+00 0.000000000E+00 5.431882407E+02
2.287860000E-03 2.328100000E+00 0.000000000E+00 5.419037878E+02
2.293260000E-03 2.327700000E+00 0.000000000E+00 5.406277526E+02
2.301370000E-03 2.327200000E+00 0.000000000E+00 5.387225870E+02
2.304070000E-03 2.327000000E+00 0.000000000E+00 5.380912906E+02
2.305390000E-03 2.326900000E+00 0.000000000E+00 5.377831950E+02
2.308010000E-03 2.326800000E+00 0.000000000E+00 5.371727159E+02
2.977960000E-03 2.267800000E+00 0.000000000E+00 4.163252696E+02
2.992620000E-03 2.266300000E+00 0.000000000E+00 4.142858098E+02
2.999950000E-03 2.265600000E+00 0.000000000E+00 4.132735546E+02
3.007280000E-03 2.264900000E+00 0.000000000E+00 4.122662339E+02
3.014610000E-03 2.264200000E+00 0.000000000E+00 4.112638119E+02
3.021220000E-03 2.263500000E+00 0.000000000E+00 4.103640251E+02
3.027830000E-03 2.262900000E+00 0.000000000E+00 4.094681670E+02
3.036600000E-03 2.262100000E+00 0.000000000E+00 4.082855826E+02
3.043930000E-03 2.261300000E+00 0.000000000E+00 4.073024018E+02
3.051260000E-03 2.260300000E+00 0.000000000E+00 4.063239449E+02
3.058590000E-03 2.259300000E+00 0.000000000E+00 4.053501777E+02
3.065920000E-03 2.258200000E+00 0.000000000E+00 4.043810667E+02
3.068590000E-03 2.257800000E+00 0.000000000E+00 4.040292121E+02
3.072580000E-03 2.257200000E+00 0.000000000E+00 4.035045467E+02
3.076580000E-03 2.256600000E+00 0.000000000E+00 4.029799323E+02
3.082250000E-03 2.255800000E+00 0.000000000E+00 4.022386244E+02
3.085080000E-03 2.255400000E+00 0.000000000E+00 4.018696436E+02
3.087910000E-03 2.255000000E+00 0.000000000E+00 4.015013391E+02
3.095240000E-03 2.253900000E+00 0.000000000E+00 4.005505227E+02
3.102570000E-03 2.252900000E+00 0.000000000E+00 3.996041991E+02
3.109900000E-03 2.251800000E+00 0.000000000E+00 3.986623364E+02
3.120820000E-03 2.250200000E+00 0.000000000E+00 3.972673849E+02
3.124560000E-03 2.249700000E+00 0.000000000E+00 3.967918683E+02
3.127530000E-03 2.249300000E+00 0.000000000E+00 3.964150624E+02
3.128190000E-03 2.249200000E+00 0.000000000E+00 3.963314249E+02
3.138530000E-03 2.247700000E+00 0.000000000E+00 3.950256967E+02
3.142940000E-03 2.247000000E+00 0.000000000E+00 3.944714185E+02
3.145910000E-03 2.246600000E+00 0.000000000E+00 3.940990047E+02
3.168250000E-03 2.243400000E+00 0.000000000E+00 3.913201294E+02
3.185010000E-03 2.241000000E+00 0.000000000E+00 3.892609442E+02
3.197580000E-03 2.239100000E+00 0.000000000E+00 3.877307214E+02
3.216430000E-03 2.236400000E+00 0.000000000E+00 3.854584120E+02
3.225850000E-03 2.235000000E+00 0.000000000E+00 3.843328115E+02
3.235280000E-03 2.233700000E+00 0.000000000E+00 3.832125813E+02
3.235310000E-03 2.233700000E+00 0.000000000E+00 3.832090279E+02
3.243270000E-03 2.232500000E+00 0.000000000E+00 3.822685130E+02
3.251230000E-03 2.231400000E+00 0.000000000E+00 3.813326034E+02
3.252800000E-03 2.231100000E+00 0.000000000E+00 3.811485489E+02
3.260830000E-03 2.230000000E+00 0.000000000E+00 3.802099465E+02
3.268840000E-03 2.228800000E+00 0.000000000E+00 3.792782761E+02
3.276850000E-03 2.227700000E+00 0.000000000E+00 3.783511604E+02
3.284850000E-03 2.226500000E+00 0.000000000E+00 3.774297152E+02
3.292860000E-03 2.225300000E+00 0.000000000E+00 3.765116039E+02
3.296860000E-03 2.224800000E+00 0.000000000E+00 3.760547915E+02
3.302870000E-03 2.223900000E+00 0.000000000E+00 3.753705111E+02
3.308870000E-03 2.223000000E+00 0.000000000E+00 3.746898488E+02
3.312870000E-03 2.222400000E+00 0.000000000E+00 3.742374437E+02
3.316880000E-03 2.221900000E+00 0.000000000E+00 3.737850028E+02
3.322880000E-03 2.221000000E+00 0.000000000E+00 3.731100732E+02
3.326890000E-03 2.220400000E+00 0.000000000E+00 3.726603525E+02
3.329890000E-03 2.220000000E+00 0.000000000E+00 3.723246113E+02
3.331390000E-03 2.219800000E+00 0.000000000E+00 3.721569675E+02
3.332140000E-03 2.219700000E+00 0.000000000E+00 3.720732022E+02
3.332330000E-03 2.219600000E+00 0.000000000E+00 3.720519876E+02
3.332470000E-03 2.219600000E+00 0.000000000E+00 3.720363574E+02
3.332570000E-03 2.219600000E+00 0.000000000E+00 3.720251938E+02
3.332710000E-03 2.219600000E+00 0.000000000E+00 3.720095658E+02
3.332800000E-03 2.219600000E+00 0.000000000E+00 3.719995199E+02
3.332840000E-03 2.219600000E+00 0.000000000E+00 3.719950553E+02
3.332950000E-03 2.219500000E+00 0.000000000E+00 3.719827780E+02
3.333200000E-03 2.219500000E+00 0.000000000E+00 3.719548782E+02
3.340900000E-03 2.218400000E+00 0.000000000E+00 3.710976084E+02
3.342900000E-03 2.218100000E+00 0.000000000E+00 3.708755871E+02
3.348900000E-03 2.217200000E+00 0.000000000E+00 3.702111141E+02
3.351910000E-03 2.216800000E+00 0.000000000E+00 3.698786662E+02
3.357160000E-03 2.216000000E+00 0.000000000E+00 3.693002419E+02
3.361100000E-03 2.215500000E+00 0.000000000E+00 3.688673351E+02
3.367010000E-03 2.214600000E+00 0.000000000E+00 3.682198746E+02
3.372920000E-03 2.213800000E+00 0.000000000E+00 3.675746831E+02
3.380930000E-03 2.212600000E+00 0.000000000E+00 3.667038359E+02
3.388930000E-03 2.211400000E+00 0.000000000E+00 3.658381849E+02
3.396940000E-03 2.210300000E+00 0.000000000E+00 3.649755368E+02
3.404950000E-03 2.209100000E+00 0.000000000E+00 3.641169474E+02
3.412920000E-03 2.208000000E+00 0.000000000E+00 3.632666456E+02
3.412950000E-03 2.208000000E+00 0.000000000E+00 3.632634524E+02
3.416300000E-03 2.207500000E+00 0.000000000E+00 3.629072388E+02
3.422780000E-03 2.206500000E+00 0.000000000E+00 3.622201836E+02
3.434930000E-03 2.204800000E+00 0.000000000E+00 3.609389420E+02
3.445560000E-03 2.203200000E+00 0.000000000E+00 3.598253985E+02
3.464170000E-03 2.199900000E+00 0.000000000E+00 3.578923667E+02
3.478120000E-03 2.197100000E+00 0.000000000E+00 3.564569365E+02
3.499060000E-03 2.192900000E+00 0.000000000E+00 3.543237327E+02
3.519990000E-03 2.188700000E+00 0.000000000E+00 3.522169097E+02
3.537510000E-03 2.185200000E+00 0.000000000E+00 3.504725075E+02
3.546220000E-03 2.183500000E+00 0.000000000E+00 3.496116992E+02
3.554920000E-03 2.181700000E+00 0.000000000E+00 3.487560902E+02
3.563630000E-03 2.180000000E+00 0.000000000E+00 3.479036825E+02
3.572340000E-03 2.178200000E+00 0.000000000E+00 3.470554315E+02
3.581040000E-03 2.176500000E+00 0.000000000E+00 3.462122735E+02
3.589750000E-03 2.174700000E+00 0.000000000E+00 3.453722404E+02
3.598460000E-03 2.173000000E+00 0.000000000E+00 3.445362739E+02
3.607170000E-03 2.171200000E+00 0.000000000E+00 3.437043444E+02
3.615870000E-03 2.169400000E+00 0.000000000E+00 3.428773711E+02
3.624580000E-03 2.167600000E+00 0.000000000E+00 3.420534241E+02
3.633290000E-03 2.165700000E+00 0.000000000E+00 3.412334276E+02
3.641990000E-03 2.163900000E+00 0.000000000E+00 3.404182878E+02
3.650700000E-03 2.162100000E+00 0.000000000E+00 3.396061029E+02
3.658990000E-03 2.160300000E+00 0.000000000E+00 3.388366735E+02
3.667280000E-03 2.158500000E+00 0.000000000E+00 3.380707227E+02
3.676820000E-03 2.156500000E+00 0.000000000E+00 3.371935531E+02
3.685530000E-03 2.154700000E+00 0.000000000E+00 3.363966648E+02
3.694240000E-03 2.152800000E+00 0.000000000E+00 3.356035342E+02
3.702940000E-03 2.151000000E+00 0.000000000E+00 3.348150389E+02
3.711650000E-03 2.149200000E+00 0.000000000E+00 3.340293401E+02
3.723140000E-03 2.146700000E+00 0.000000000E+00 3.329984905E+02
3.744690000E-03 2.142200000E+00 0.000000000E+00 3.310821457E+02
3.763550000E-03 2.137700000E+00 0.000000000E+00 3.294230182E+02
3.780040000E-03 2.133400000E+00 0.000000000E+00 3.279859472E+02
3.794480000E-03 2.129700000E+00 0.000000000E+00 3.267377875E+02
3.807110000E-03 2.126400000E+00 0.000000000E+00 3.256538424E+02
3.829210000E-03 2.120600000E+00 0.000000000E+00 3.237743555E+02
3.845790000E-03 2.116300000E+00 0.000000000E+00 3.223784970E+02
3.858230000E-03 2.113000000E+00 0.000000000E+00 3.213390596E+02
3.876880000E-03 2.107800000E+00 0.000000000E+00 3.197932358E+02
3.886200000E-03 2.105000000E+00 0.000000000E+00 3.190262982E+02
3.895530000E-03 2.102200000E+00 0.000000000E+00 3.182622134E+02
3.895540000E-03 2.102200000E+00 0.000000000E+00 3.182613964E+02
3.905120000E-03 2.099300000E+00 0.000000000E+00 3.174806408E+02
3.909090000E-03 2.098100000E+00 0.000000000E+00 3.171582133E+02
3.913060000E-03 2.096900000E+00 0.000000000E+00 3.168364400E+02
3.914710000E-03 2.096400000E+00 0.000000000E+00 3.167028975E+02
3.924300000E-03 2.093600000E+00 0.000000000E+00 3.159289555E+02
3.932320000E-03 2.091100000E+00 0.000000000E+00 3.152846157E+02
3.941950000E-03 2.088200000E+00 0.000000000E+00 3.145143901E+02
3.951580000E-03 2.085300000E+00 0.000000000E+00 3.137479186E+02
3.957120000E-03 2.083700000E+00 0.000000000E+00 3.133086689E+02
3.964410000E-03 2.081500000E+00 0.000000000E+00 3.127325378E+02
3.968240000E-03 2.080300000E+00 0.000000000E+00 3.124306998E+02
3.976630000E-03 2.077500000E+00 0.000000000E+00 3.117715251E+02
3.980820000E-03 2.076100000E+00 0.000000000E+00 3.114433710E+02
3.985010000E-03 2.074600000E+00 0.000000000E+00 3.111159069E+02
3.988220000E-03 2.073500000E+00 0.000000000E+00 3.108654989E+02
3.991420000E-03 2.072400000E+00 0.000000000E+00 3.106162719E+02
3.998610000E-03 2.069900000E+00 0.000000000E+00 3.100577451E+02
4.000000000E-03 2.069400000E+00 0.000000000E+00 3.099500000E+02
4.002210000E-03 2.068700000E+00 0.000000000E+00 3.097788472E+02
4.007450000E-03 2.066800000E+00 0.000000000E+00 3.093737913E+02
4.008240000E-03 2.066600000E+00 0.000000000E+00 3.093128156E+02
4.009150000E-03 2.066200000E+00 0.000000000E+00 3.092426075E+02
4.009870000E-03 2.066000000E+00 0.000000000E+00 3.091870809E+02
4.010230000E-03 2.065900000E+00 0.000000000E+00 3.091593250E+02
4.010600000E-03 2.065700000E+00 0.000000000E+00 3.091308034E+02
4.011200000E-03 2.065500000E+00 0.000000000E+00 3.090845632E+02
4.020190000E-03 2.062400000E+00 0.000000000E+00 3.083933844E+02
4.022580000E-03 2.061600000E+00 0.000000000E+00 3.082101537E+02
4.029770000E-03 2.059000000E+00 0.000000000E+00 3.076602387E+02
4.032930000E-03 2.057900000E+00 0.000000000E+00 3.074191717E+02
4.038450000E-03 2.056000000E+00 0.000000000E+00 3.069989724E+02
4.046720000E-03 2.053100000E+00 0.000000000E+00 3.063715799E+02
4.055000000E-03 2.050200000E+00 0.000000000E+00 3.057459926E+02
4.060440000E-03 2.048300000E+00 0.000000000E+00 3.053363675E+02
4.067180000E-03 2.045600000E+00 0.000000000E+00 3.048303739E+02
4.077090000E-03 2.041600000E+00 0.000000000E+00 3.040894363E+02
4.086420000E-03 2.037900000E+00 0.000000000E+00 3.033951478E+02
4.105680000E-03 2.030300000E+00 0.000000000E+00 3.019719023E+02
4.109030000E-03 2.029000000E+00 0.000000000E+00 3.017257114E+02
4.114040000E-03 2.027000000E+00 0.000000000E+00 3.013582756E+02
4.119060000E-03 2.025000000E+00 0.000000000E+00 3.009910028E+02
4.126660000E-03 2.022000000E+00 0.000000000E+00 3.004366728E+02
4.134650000E-03 2.018800000E+00 0.000000000E+00 2.998560942E+02
4.144610000E-03 2.014400000E+00 0.000000000E+00 2.991355037E+02
4.154570000E-03 2.009900000E+00 0.000000000E+00 2.984183682E+02
4.166310000E-03 2.004600000E+00 0.000000000E+00 2.975774726E+02
4.176230000E-03 2.000200000E+00 0.000000000E+00 2.968706225E+02
4.185310000E-03 1.996100000E+00 0.000000000E+00 2.962265639E+02
4.194390000E-03 1.992000000E+00 0.000000000E+00 2.955852937E+02
4.202200000E-03 1.988500000E+00 0.000000000E+00 2.950359336E+02
4.204520000E-03 1.987400000E+00 0.000000000E+00 2.948731365E+02
4.211820000E-03 1.983700000E+00 0.000000000E+00 2.943620573E+02
4.214300000E-03 1.982500000E+00 0.000000000E+00 2.941888333E+02
4.219330000E-03 1.979900000E+00 0.000000000E+00 2.938381212E+02
4.221010000E-03 1.979100000E+00 0.000000000E+00 2.937211710E+02
4.224260000E-03 1.977500000E+00 0.000000000E+00 2.934951921E+02
4.241780000E-03 1.968600000E+00 0.000000000E+00 2.922829567E+02
4.252170000E-03 1.963300000E+00 0.000000000E+00 2.915687755E+02
4.262560000E-03 1.958100000E+00 0.000000000E+00 2.908580759E+02
4.274290000E-03 1.951400000E+00 0.000000000E+00 2.900598696E+02
4.282180000E-03 1.946800000E+00 0.000000000E+00 2.895254286E+02
4.288100000E-03 1.943400000E+00 0.000000000E+00 2.891257200E+02
4.296980000E-03 1.938300000E+00 0.000000000E+00 2.885282221E+02
4.301420000E-03 1.935700000E+00 0.000000000E+00 2.882303983E+02
4.305860000E-03 1.933200000E+00 0.000000000E+00 2.879331887E+02
4.311120000E-03 1.930100000E+00 0.000000000E+00 2.875818813E+02
4.316380000E-03 1.927000000E+00 0.000000000E+00 2.872314300E+02
4.326900000E-03 1.920500000E+00 0.000000000E+00 2.865330837E+02
4.337420000E-03 1.914000000E+00 0.000000000E+00 2.858381250E+02
4.338780000E-03 1.913100000E+00 0.000000000E+00 2.857485284E+02
4.341170000E-03 1.911700000E+00 0.000000000E+00 2.855912116E+02
4.344750000E-03 1.909500000E+00 0.000000000E+00 2.853558893E+02
4.348340000E-03 1.907200000E+00 0.000000000E+00 2.851202988E+02
4.348980000E-03 1.906800000E+00 0.000000000E+00 2.850783402E+02
4.351410000E-03 1.905300000E+00 0.000000000E+00 2.849191412E+02
4.358680000E-03 1.900800000E+00 0.000000000E+00 2.844439142E+02
4.360890000E-03 1.899400000E+00 0.000000000E+00 2.842997645E+02
4.364750000E-03 1.896900000E+00 0.000000000E+00 2.840483418E+02
4.370530000E-03 1.892900000E+00 0.000000000E+00 2.836726896E+02
4.376320000E-03 1.888900000E+00 0.000000000E+00 2.832973823E+02
4.383170000E-03 1.884100000E+00 0.000000000E+00 2.828546463E+02
4.390020000E-03 1.879300000E+00 0.000000000E+00 2.824132920E+02
4.399300000E-03 1.872800000E+00 0.000000000E+00 2.818175619E+02
4.403520000E-03 1.869700000E+00 0.000000000E+00 2.815474893E+02
4.408020000E-03 1.866300000E+00 0.000000000E+00 2.812600669E+02
4.414800000E-03 1.861100000E+00 0.000000000E+00 2.808281236E+02
4.418190000E-03 1.858500000E+00 0.000000000E+00 2.806126491E+02
4.421580000E-03 1.855900000E+00 0.000000000E+00 2.803975050E+02
4.425360000E-03 1.853000000E+00 0.000000000E+00 2.801579984E+02
4.427250000E-03 1.851500000E+00 0.000000000E+00 2.800383986E+02
4.429140000E-03 1.850100000E+00 0.000000000E+00 2.799189007E+02
4.433790000E-03 1.846500000E+00 0.000000000E+00 2.796253318E+02
4.441300000E-03 1.840400000E+00 0.000000000E+00 2.791525004E+02
4.441960000E-03 1.839900000E+00 0.000000000E+00 2.791110231E+02
4.443940000E-03 1.838200000E+00 0.000000000E+00 2.789866650E+02
4.453140000E-03 1.830500000E+00 0.000000000E+00 2.784102903E+02
4.455430000E-03 1.828600000E+00 0.000000000E+00 2.782671931E+02
4.459420000E-03 1.825200000E+00 0.000000000E+00 2.780182176E+02
4.465410000E-03 1.820100000E+00 0.000000000E+00 2.776452778E+02
4.471400000E-03 1.814800000E+00 0.000000000E+00 2.772733372E+02
4.480230000E-03 1.806700000E+00 0.000000000E+00 2.767268645E+02
4.484640000E-03 1.802600000E+00 0.000000000E+00 2.764547433E+02
4.489060000E-03 1.798500000E+00 0.000000000E+00 2.761825416E+02
4.496000000E-03 1.791600000E+00 0.000000000E+00 2.757562278E+02
4.509390000E-03 1.778200000E+00 0.000000000E+00 2.749374084E+02
4.511660000E-03 1.776000000E+00 0.000000000E+00 2.747990762E+02
4.514250000E-03 1.773400000E+00 0.000000000E+00 2.746414133E+02
4.524790000E-03 1.762800000E+00 0.000000000E+00 2.740016664E+02
4.531540000E-03 1.755800000E+00 0.000000000E+00 2.735935245E+02
4.536810000E-03 1.750200000E+00 0.000000000E+00 2.732757158E+02
4.544340000E-03 1.741500000E+00 0.000000000E+00 2.728228962E+02
4.551300000E-03 1.733400000E+00 0.000000000E+00 2.724056863E+02
4.557740000E-03 1.726000000E+00 0.000000000E+00 2.720207822E+02
4.568470000E-03 1.713400000E+00 0.000000000E+00 2.713818850E+02
4.571620000E-03 1.709500000E+00 0.000000000E+00 2.711948937E+02
4.581060000E-03 1.696600000E+00 0.000000000E+00 2.706360537E+02
4.595290000E-03 1.677200000E+00 0.000000000E+00 2.697979888E+02
4.611100000E-03 1.654500000E+00 0.000000000E+00 2.688729370E+02
4.623690000E-03 1.636400000E+00 0.000000000E+00 2.681408139E+02
4.659720000E-03 1.573600000E+00 0.000000000E+00 2.660674890E+02
4.695910000E-03 1.498500000E+00 6.676590000E-06 2.640169850E+02
4.724570000E-03 1.422200000E+00 1.572340000E-04 2.624154156E+02
4.757070000E-03 1.306000000E+00 2.931250000E-03 2.606226101E+02
4.775990000E-03 1.214000000E+00 1.184960000E-02 2.595901583E+02
4.809900000E-03 9.865000000E-01 8.560770000E-02 2.577600366E+02
4.840670000E-03 7.536000000E-01 3.008650000E-01 2.561215699E+02
4.859290000E-03 6.625000000E-01 5.150540000E-01 2.551401542E+02
4.873110000E-03 6.541000000E-01 6.977820000E-01 2.544165841E+02
4.885370000E-03 6.721000000E-01 8.598560000E-01 2.537781171E+02
4.902710000E-03 7.649000000E-01 1.062360000E+00 2.528805497E+02
4.920920000E-03 9.099000000E-01 1.218250000E+00 2.519447583E+02
4.943680000E-03 1.104700000E+00 1.326610000E+00 2.507848404E+02
4.953120000E-03 1.179200000E+00 1.349220000E+00 2.503068773E+02
4.974700000E-03 1.325900000E+00 1.371730000E+00 2.492210586E+02
5.037310000E-03 1.603500000E+00 1.360630000E+00 2.461234270E+02
5.072090000E-03 1.706900000E+00 1.348550000E+00 2.444357257E+02
5.094140000E-03 1.763900000E+00 1.340760000E+00 2.433776849E+02
5.110740000E-03 1.803000000E+00 1.334810000E+00 2.425871792E+02
5.130300000E-03 1.845300000E+00 1.327720000E+00 2.416622810E+02
5.145060000E-03 1.875100000E+00 1.322300000E+00 2.409690072E+02
5.153570000E-03 1.891400000E+00 1.319140000E+00 2.405710993E+02
5.162330000E-03 1.907700000E+00 1.315880000E+00 2.401628722E+02
5.166710000E-03 1.915800000E+00 1.314250000E+00 2.399592778E+02
5.171090000E-03 1.923800000E+00 1.312610000E+00 2.397560282E+02
5.181360000E-03 1.941500000E+00 1.308740000E+00 2.392808066E+02
5.191630000E-03 1.958600000E+00 1.305170000E+00 2.388074651E+02
5.196550000E-03 1.966500000E+00 1.303460000E+00 2.385813665E+02
5.209270000E-03 1.987100000E+00 1.299030000E+00 2.379987983E+02
5.222000000E-03 2.006800000E+00 1.294550000E+00 2.374186136E+02
5.234730000E-03 2.025400000E+00 1.290010000E+00 2.368412506E+02
5.239810000E-03 2.032800000E+00 1.288200000E+00 2.366116329E+02
5.247430000E-03 2.043900000E+00 1.285480000E+00 2.362680398E+02
5.255050000E-03 2.054800000E+00 1.282860000E+00 2.359254431E+02
5.263980000E-03 2.067400000E+00 1.279810000E+00 2.355252110E+02
5.268450000E-03 2.073300000E+00 1.278260000E+00 2.353253803E+02
5.272910000E-03 2.079100000E+00 1.276700000E+00 2.351263344E+02
5.279280000E-03 2.087300000E+00 1.274480000E+00 2.348426301E+02
5.282460000E-03 2.091400000E+00 1.273360000E+00 2.347012566E+02
5.287230000E-03 2.097600000E+00 1.271700000E+00 2.344895153E+02
5.292800000E-03 2.104800000E+00 1.269750000E+00 2.342427449E+02
5.295590000E-03 2.108400000E+00 1.268780000E+00 2.341193333E+02
5.296280000E-03 2.109300000E+00 1.268540000E+00 2.340888322E+02
5.296800000E-03 2.110000000E+00 1.268350000E+00 2.340658511E+02
5.297200000E-03 2.110500000E+00 1.268220000E+00 2.340481764E+02
5.297600000E-03 2.111000000E+00 1.268080000E+00 2.340305044E+02
5.297980000E-03 2.111500000E+00 1.267940000E+00 2.340137184E+02
5.298180000E-03 2.111700000E+00 1.267880000E+00 2.340048847E+02
5.298370000E-03 2.112000000E+00 1.267810000E+00 2.339964933E+02
5.298770000E-03 2.112500000E+00 1.267670000E+00 2.339788290E+02
5.311100000E-03 2.127800000E+00 1.263310000E+00 2.334356348E+02
5.314280000E-03 2.131700000E+00 1.262180000E+00 2.332959498E+02
5.323830000E-03 2.142600000E+00 1.258960000E+00 2.328774585E+02
5.328830000E-03 2.148300000E+00 1.257280000E+00 2.326589514E+02
5.336340000E-03 2.156800000E+00 1.254750000E+00 2.323315231E+02
5.343840000E-03 2.165300000E+00 1.252230000E+00 2.320054493E+02
5.352930000E-03 2.175600000E+00 1.249180000E+00 2.316114726E+02
5.362010000E-03 2.185900000E+00 1.246130000E+00 2.312192629E+02
5.374970000E-03 2.200600000E+00 1.241780000E+00 2.306617525E+02
5.387470000E-03 2.213900000E+00 1.237510000E+00 2.301265715E+02
5.400190000E-03 2.226500000E+00 1.233060000E+00 2.295845146E+02
5.412920000E-03 2.238900000E+00 1.228580000E+00 2.290445822E+02
5.425650000E-03 2.251300000E+00 1.224100000E+00 2.285071835E+02
5.433170000E-03 2.258600000E+00 1.221460000E+00 2.281909088E+02
5.448140000E-03 2.273100000E+00 1.216190000E+00 2.275639025E+02
5.464430000E-03 2.288100000E+00 1.210580000E+00 2.268855123E+02
5.492470000E-03 2.310400000E+00 1.201320000E+00 2.257272229E+02
5.521490000E-03 2.333500000E+00 1.191750000E+00 2.245408395E+02
5.550050000E-03 2.356200000E+00 1.182320000E+00 2.233853749E+02
5.578170000E-03 2.378600000E+00 1.173050000E+00 2.222592714E+02
5.633520000E-03 2.421100000E+00 1.154880000E+00 2.200755478E+02
5.687150000E-03 2.454700000E+00 1.137740000E+00 2.180002286E+02
5.739100000E-03 2.487300000E+00 1.121130000E+00 2.160269032E+02
5.855910000E-03 2.552900000E+00 1.084690000E+00 2.117177347E+02
5.942490000E-03 2.594200000E+00 1.058710000E+00 2.086330814E+02
6.022580000E-03 2.630000000E+00 1.034950000E+00 2.058586187E+02
6.397080000E-03 2.763400000E+00 9.293610000E-01 1.938071745E+02
6.441260000E-03 2.777000000E+00 9.173590000E-01 1.924778692E+02
6.469650000E-03 2.784600000E+00 9.098560000E-01 1.916332414E+02
6.524640000E-03 2.798700000E+00 8.954500000E-01 1.900181466E+02
6.619210000E-03 2.821800000E+00 8.711080000E-01 1.873033187E+02
6.715160000E-03 2.843200000E+00 8.470910000E-01 1.846270230E+02
6.794450000E-03 2.860600000E+00 8.273140000E-01 1.824724591E+02
6.863840000E-03 2.873400000E+00 8.106390000E-01 1.806277536E+02
6.934710000E-03 2.886500000E+00 7.936390000E-01 1.787818092E+02
6.977680000E-03 2.893400000E+00 7.838010000E-01 1.776808337E+02
7.024160000E-03 2.900900000E+00 7.731590000E-01 1.765050910E+02
7.085910000E-03 2.910900000E+00 7.590220000E-01 1.749669414E+02
7.131560000E-03 2.917900000E+00 7.487200000E-01 1.738469563E+02
7.186060000E-03 2.925700000E+00 7.365800000E-01 1.725284787E+02
7.226930000E-03 2.931200000E+00 7.276180000E-01 1.715527894E+02
7.257580000E-03 2.935300000E+00 7.208970000E-01 1.708282926E+02
7.280570000E-03 2.938200000E+00 7.159210000E-01 1.702888647E+02
7.297810000E-03 2.940400000E+00 7.121980000E-01 1.698865824E+02
7.323680000E-03 2.943600000E+00 7.066140000E-01 1.692864789E+02
7.336610000E-03 2.945200000E+00 7.038760000E-01 1.689881294E+02
7.343070000E-03 2.945900000E+00 7.025220000E-01 1.688394636E+02
7.349540000E-03 2.946600000E+00 7.011670000E-01 1.686908296E+02
7.358590000E-03 2.947700000E+00 6.992730000E-01 1.684833643E+02
7.385720000E-03 2.950700000E+00 6.935910000E-01 1.678644736E+02
7.403810000E-03 2.952800000E+00 6.898030000E-01 1.674543242E+02
7.421900000E-03 2.954800000E+00 6.860140000E-01 1.670461742E+02
7.439990000E-03 2.956800000E+00 6.822390000E-01 1.666400089E+02
7.449040000E-03 2.957800000E+00 6.803740000E-01 1.664375544E+02
7.458080000E-03 2.958800000E+00 6.785090000E-01 1.662358140E+02
7.467130000E-03 2.959700000E+00 6.766440000E-01 1.660343398E+02
7.476170000E-03 2.960700000E+00 6.747790000E-01 1.658335752E+02
7.485220000E-03 2.961700000E+00 6.729140000E-01 1.656330742E+02
7.494260000E-03 2.962600000E+00 6.710490000E-01 1.654332783E+02
7.503310000E-03 2.963600000E+00 6.692110000E-01 1.652337435E+02
7.507830000E-03 2.964000000E+00 6.683060000E-01 1.651342665E+02
7.512350000E-03 2.964400000E+00 6.674020000E-01 1.650349092E+02
7.514610000E-03 2.964600000E+00 6.669490000E-01 1.649852754E+02
7.526480000E-03 2.965800000E+00 6.645750000E-01 1.647250773E+02
7.528210000E-03 2.965900000E+00 6.642290000E-01 1.646872231E+02
7.528870000E-03 2.966000000E+00 6.640970000E-01 1.646727862E+02
7.530050000E-03 2.966100000E+00 6.638620000E-01 1.646469811E+02
7.531010000E-03 2.966200000E+00 6.636700000E-01 1.646259931E+02
7.548530000E-03 2.967900000E+00 6.601650000E-01 1.642438991E+02
7.553050000E-03 2.968300000E+00 6.592610000E-01 1.641456101E+02
7.566620000E-03 2.969600000E+00 6.565470000E-01 1.638512308E+02
7.575660000E-03 2.970500000E+00 6.547380000E-01 1.636557079E+02
7.584710000E-03 2.971300000E+00 6.529290000E-01 1.634604355E+02
7.593750000E-03 2.972200000E+00 6.511200000E-01 1.632658436E+02
7.602800000E-03 2.973000000E+00 6.493110000E-01 1.630715000E+02
7.611840000E-03 2.973900000E+00 6.475050000E-01 1.628778324E+02
7.620890000E-03 2.974700000E+00 6.457230000E-01 1.626844109E+02
7.638980000E-03 2.976300000E+00 6.421580000E-01 1.622991551E+02
7.657070000E-03 2.978000000E+00 6.385940000E-01 1.619157197E+02
7.675160000E-03 2.979600000E+00 6.350390000E-01 1.615340918E+02
7.693250000E-03 2.981000000E+00 6.315800000E-01 1.611542586E+02
7.711340000E-03 2.982400000E+00 6.281220000E-01 1.607762075E+02
7.718180000E-03 2.983000000E+00 6.268140000E-01 1.606337245E+02
7.731640000E-03 2.984000000E+00 6.242400000E-01 1.603540775E+02
7.757730000E-03 2.986100000E+00 6.192520000E-01 1.598147912E+02
7.782190000E-03 2.988000000E+00 6.145760000E-01 1.593124814E+02
7.828050000E-03 2.991500000E+00 6.059020000E-01 1.583791621E+02
7.868180000E-03 2.994300000E+00 5.984450000E-01 1.575713825E+02
7.938400000E-03 2.998700000E+00 5.856370000E-01 1.561775673E+02
7.991060000E-03 3.001930000E+00 5.761870000E-01 1.551483783E+02
8.070060000E-03 3.005650000E+00 5.625170000E-01 1.536295889E+02
8.151880000E-03 3.009420000E+00 5.483580000E-01 1.520876166E+02
8.198200000E-03 3.011550000E+00 5.403430000E-01 1.512283184E+02
8.232140000E-03 3.012820000E+00 5.346210000E-01 1.506048245E+02
8.252210000E-03 3.013410000E+00 5.313190000E-01 1.502385422E+02
8.312400000E-03 3.015190000E+00 5.214100000E-01 1.491506665E+02
8.332470000E-03 3.015780000E+00 5.181080000E-01 1.487914148E+02
8.352530000E-03 3.016360000E+00 5.148200000E-01 1.484340673E+02
8.372590000E-03 3.016880000E+00 5.116250000E-01 1.480784321E+02
8.406400000E-03 3.017670000E+00 5.063750000E-01 1.474828702E+02
8.449930000E-03 3.018690000E+00 4.996140000E-01 1.467231089E+02
8.469990000E-03 3.019160000E+00 4.964990000E-01 1.463756156E+02
8.490050000E-03 3.019630000E+00 4.933840000E-01 1.460297643E+02
8.510100000E-03 3.020100000E+00 4.902690000E-01 1.456857146E+02
8.571930000E-03 3.021550000E+00 4.806670000E-01 1.446348722E+02
8.592620000E-03 3.022010000E+00 4.774700000E-01 1.442866087E+02
8.613310000E-03 3.022380000E+00 4.743280000E-01 1.439400184E+02
8.634000000E-03 3.022610000E+00 4.712760000E-01 1.435950892E+02
8.654690000E-03 3.022830000E+00 4.682240000E-01 1.432518091E+02
8.716770000E-03 3.023500000E+00 4.590680000E-01 1.422315835E+02
8.737460000E-03 3.023730000E+00 4.560160000E-01 1.418947841E+02
8.761170000E-03 3.023980000E+00 4.525250000E-01 1.415107800E+02
8.778840000E-03 3.024080000E+00 4.500570000E-01 1.412259478E+02
8.820220000E-03 3.024300000E+00 4.442760000E-01 1.405633873E+02
9.021560000E-03 3.024850000E+00 4.165400000E-01 1.374263431E+02
9.066630000E-03 3.024720000E+00 4.105090000E-01 1.367432001E+02
9.133580000E-03 3.024370000E+00 4.018530000E-01 1.357408596E+02
9.222840000E-03 3.023790000E+00 3.905320000E-01 1.344271396E+02
9.267570000E-03 3.023450000E+00 3.849180000E-01 1.337783259E+02
9.312310000E-03 3.023030000E+00 3.794160000E-01 1.331356022E+02
9.401930000E-03 3.021960000E+00 3.685780000E-01 1.318665423E+02
9.447360000E-03 3.021370000E+00 3.631190000E-01 1.312324290E+02
9.519060000E-03 3.020190000E+00 3.548970000E-01 1.302439527E+02
9.636210000E-03 3.018180000E+00 3.416450000E-01 1.286605419E+02
9.770320000E-03 3.015400000E+00 3.270670000E-01 1.268945132E+02
9.917710000E-03 3.009820000E+00 3.116630000E-01 1.250086966E+02
1.018040000E-02 2.996400000E+00 2.989180000E-01 1.217830341E+02
1.075750000E-02 2.999600000E+00 2.457040000E-01 1.152498257E+02
1.140490000E-02 2.973600000E+00 1.922300000E-01 1.087076607E+02
1.206420000E-02 2.941300000E+00 1.531790000E-01 1.027668639E+02
1.271370000E-02 2.908700000E+00 1.261260000E-01 9.751685190E+01
1.335000000E-02 2.877900000E+00 1.079120000E-01 9.286891386E+01
1.402140000E-02 2.847400000E+00 9.549530000E-02 8.842198354E+01
1.490570000E-02 2.811300000E+00 8.703760000E-02 8.317623459E+01
1.590000000E-02 2.775800000E+00 8.487840000E-02 7.797484277E+01
1.717910000E-02 2.730000000E+00 8.959860000E-02 7.216908918E+01
1.920000000E-02 2.670900000E+00 1.061240000E-01 6.457291667E+01
2.344230000E-02 2.585400000E+00 1.508800000E-01 5.288730201E+01
2.818380000E-02 2.497400000E+00 1.961550000E-01 4.398980975E+01
3.311310000E-02 2.396000000E+00 2.319230000E-01 3.744137517E+01
3.950000000E-02 2.237100000E+00 2.615830000E-01 3.138734177E+01
4.800000000E-02 1.922600000E+00 2.780490000E-01 2.582916667E+01
5.466130000E-02 1.575800000E+00 2.815970000E-01 2.268149495E+01
6.034920000E-02 1.160200000E+00 2.774610000E-01 2.054376860E+01
6.474990000E-02 7.264000000E-01 2.733020000E-01 1.914751992E+01
6.772410000E-02 3.564000000E-01 2.695130000E-01 1.830662940E+01
6.813380000E-02 2.966000000E-01 2.689910000E-01 1.819654856E+01
6.976580000E-02 4.540000000E-02 2.667480000E-01 1.777088487E+01
7.016830000E-02 -1.660000000E-02 2.661900000E-01 1.766894737E+01
7.052580000E-02 -8.390000000E-02 2.656910000E-01 1.757938230E+01
7.403590000E-02 -8.163000000E-01 2.606450000E-01 1.674593002E+01
7.567600000E-02 -1.281400000E+00 2.582410000E-01 1.638300122E+01
7.640490000E-02 -1.553000000E+00 2.571620000E-01 1.622670797E+01
7.668630000E-02 -1.663600000E+00 2.567460000E-01 1.616716415E+01
7.706380000E-02 -1.811900000E+00 2.561870000E-01 1.608796867E+01
7.725880000E-02 -1.888500000E+00 2.558990000E-01 1.604736289E+01
7.744220000E-02 -1.960500000E+00 2.556270000E-01 1.600935924E+01
7.766080000E-02 -2.056700000E+00 2.553060000E-01 1.596429602E+01
7.787770000E-02 -2.159800000E+00 2.549940000E-01 1.591983328E+01
7.817350000E-02 -2.316400000E+00 2.546330000E-01 1.585959436E+01
7.878930000E-02 -2.707000000E+00 2.565460000E-01 1.573563923E+01
7.914390000E-02 -2.989000000E+00 2.678240000E-01 1.566513654E+01
7.992920000E-02 -3.838600000E+00 4.635120000E-01 1.551122744E+01
8.133970000E-02 -5.007600000E+00 2.227410000E+00 1.524224948E+01
8.282000000E-02 -4.657000000E+00 3.730560000E+00 1.496981405E+01
8.500000000E-02 -4.120300000E+00 5.101080000E+00 1.458588235E+01
8.720000000E-02 -3.421700000E+00 6.130400000E+00 1.421788991E+01
9.015710000E-02 -2.451700000E+00 6.999760000E+00 1.375155146E+01
9.230000000E-02 -1.834100000E+00 7.398950000E+00 1.343228602E+01
9.400000000E-02 -1.403100000E+00 7.641500000E+00 1.318936170E+01
9.663820000E-02 -8.339000000E-01 7.940060000E+00 1.282929525E+01
9.954520000E-02 -2.932000000E-01 8.219750000E+00 1.245464372E+01
1.001440000E-01 -1.883000000E-01 8.273830000E+00 1.238017255E+01
1.014050000E-01 2.020000000E-02 8.379950000E+00 1.222622159E+01
1.040000000E-01 4.392000000E-01 8.598380000E+00 1.192115385E+01
1.048260000E-01 5.688000000E-01 8.663480000E+00 1.182721844E+01
1.056330000E-01 6.904000000E-01 8.721630000E+00 1.173686253E+01
1.085330000E-01 1.120100000E+00 8.928520000E+00 1.142325376E+01
1.099830000E-01 1.324300000E+00 9.012230000E+00 1.127265123E+01
1.107210000E-01 1.425600000E+00 9.054860000E+00 1.119751447E+01
1.114510000E-01 1.522600000E+00 9.096990000E+00 1.112417116E+01
1.119990000E-01 1.593600000E+00 9.128670000E+00 1.106974169E+01
1.125480000E-01 1.662200000E+00 9.156180000E+00 1.101574439E+01
1.128220000E-01 1.695600000E+00 9.167390000E+00 1.098899151E+01
1.130970000E-01 1.728200000E+00 9.178610000E+00 1.096227132E+01
1.133710000E-01 1.760100000E+00 9.189830000E+00 1.093577723E+01
1.136450000E-01 1.791200000E+00 9.201040000E+00 1.090941088E+01
1.137830000E-01 1.806700000E+00 9.206650000E+00 1.089617957E+01
1.143200000E-01 1.864100000E+00 9.228650000E+00 1.084499650E+01
1.146070000E-01 1.892900000E+00 9.240370000E+00 1.081783835E+01
1.153890000E-01 1.962400000E+00 9.272440000E+00 1.074452504E+01
1.155980000E-01 1.978000000E+00 9.281080000E+00 1.072509905E+01
1.159310000E-01 1.999500000E+00 9.295250000E+00 1.069429229E+01
1.161210000E-01 2.009300000E+00 9.303660000E+00 1.067679403E+01
1.167250000E-01 2.024500000E+00 9.326500000E+00 1.062154637E+01
1.172050000E-01 2.015200000E+00 9.359430000E+00 1.057804701E+01
1.176260000E-01 1.992600000E+00 9.412430000E+00 1.054018669E+01
1.180280000E-01 1.967500000E+00 9.495080000E+00 1.050428712E+01
1.187960000E-01 1.971900000E+00 9.749010000E+00 1.043637833E+01
1.201460000E-01 2.327300000E+00 1.020670000E+01 1.031911175E+01
1.221140000E-01 3.000340000E+00 1.036680000E+01 1.015280803E+01
1.366110000E-01 5.577140000E+00 1.012600000E+01 9.075403884E+00
1.492220000E-01 7.029790000E+00 9.631690000E+00 8.308426371E+00
1.622730000E-01 8.142200000E+00 9.072600000E+00 7.640211249E+00
1.765200000E-01 9.069610000E+00 8.454500000E+00 7.023566735E+00
1.921210000E-01 9.841190000E+00 7.795390000E+00 6.453224791E+00
2.092200000E-01 1.045258000E+01 7.120450000E+00 5.925819711E+00
2.268100000E-01 1.090617000E+01 6.499060000E+00 5.466249284E+00
2.489840000E-01 1.131330000E+01 5.824720000E+00 4.979436430E+00
2.818380000E-01 1.170139000E+01 4.999060000E+00 4.398980975E+00
3.097860000E-01 1.190244000E+01 4.422210000E+00 4.002117591E+00
3.430760000E-01 1.204796700E+01 3.856320000E+00 3.613776539E+00
3.857000000E-01 1.214442600E+01 3.280130000E+00 3.214415349E+00
4.376800000E-01 1.217835500E+01 2.737710000E+00 2.832663133E+00
5.115710000E-01 1.215484700E+01 2.174530000E+00 2.423515016E+00
5.921460000E-01 1.208675500E+01 1.742700000E+00 2.093740395E+00
6.780470000E-01 1.198937000E+01 1.412730000E+00 1.828486816E+00
7.789710000E-01 1.186525000E+01 1.134960000E+00 1.591586850E+00
8.892040000E-01 1.171646000E+01 9.178330000E-01 1.394280727E+00
1.008670000E+00 1.153361000E+01 7.476800000E-01 1.229143327E+00
1.150170000E+00 1.126371000E+01 6.018670000E-01 1.077927611E+00
1.275110000E+00 1.092660000E+01 5.064260000E-01 9.723082714E-01
1.364210000E+00 1.055683000E+01 4.519080000E-01 9.088043630E-01
1.421970000E+00 1.018871000E+01 4.211810000E-01 8.718889991E-01
1.464280000E+00 9.768150000E+00 4.007950000E-01 8.466959871E-01
1.497240000E+00 9.224850000E+00 3.860570000E-01 8.280569581E-01
1.508980000E+00 8.912350000E+00 3.834750000E-01 8.216146006E-01
1.511190000E+00 8.838960000E+00 3.846650000E-01 8.204130520E-01
1.516650000E+00 8.629140000E+00 3.959380000E-01 8.174595325E-01
1.519630000E+00 8.493030000E+00 4.118840000E-01 8.158564914E-01
1.522020000E+00 8.371230000E+00 4.334760000E-01 8.145753669E-01
1.524920000E+00 8.207980000E+00 4.750540000E-01 8.130262571E-01
1.527520000E+00 8.047980000E+00 5.318990000E-01 8.116424008E-01
1.530160000E+00 7.874320000E+00 6.144910000E-01 8.102420662E-01
1.534560000E+00 7.574870000E+00 8.214320000E-01 8.079188823E-01
1.541380000E+00 7.161850000E+00 1.342860000E+00 8.043441591E-01
1.548170000E+00 6.983280000E+00 2.064010000E+00 8.008164478E-01
1.552670000E+00 6.992570000E+00 2.577560000E+00 7.984954949E-01
1.558270000E+00 7.217340000E+00 3.157860000E+00 7.956259185E-01
1.566940000E+00 7.805460000E+00 3.772060000E+00 7.912236589E-01
1.579490000E+00 8.644220000E+00 4.075450000E+00 7.849369100E-01
1.591750000E+00 9.203830000E+00 4.092180000E+00 7.788911575E-01
1.605270000E+00 9.632070000E+00 4.053250000E+00 7.723311343E-01
1.623760000E+00 1.005150000E+01 3.992400000E+00 7.635364832E-01
1.651400000E+00 1.051436000E+01 3.897800000E+00 7.507569335E-01
1.687690000E+00 1.095202000E+01 3.770860000E+00 7.346135842E-01
1.732480000E+00 1.134521000E+01 3.619550000E+00 7.156215368E-01
1.785170000E+00 1.168516000E+01 3.451350000E+00 6.944996835E-01
1.844950000E+00 1.197331000E+01 3.275310000E+00 6.719965311E-01
1.898900000E+00 1.217633400E+01 3.133570000E+00 6.529043130E-01
1.948790000E+00 1.233297800E+01 3.011490000E+00 6.361896356E-01
2.002310000E+00 1.247396800E+01 2.888280000E+00 6.191848415E-01
2.047150000E+00 1.257543300E+01 2.791320000E+00 6.056224507E-01
2.100000000E+00 1.267716800E+01 2.683820000E+00 5.903809524E-01
2.147330000E+00 1.275776100E+01 2.593570000E+00 5.773681735E-01
2.208320000E+00 1.284525500E+01 2.484460000E+00 5.614222576E-01
2.238720000E+00 1.288721300E+01 2.431590000E+00 5.537985992E-01
2.304090000E+00 1.296314710E+01 2.324230000E+00 5.380866199E-01
2.373510000E+00 1.303152480E+01 2.217820000E+00 5.223487577E-01
2.425520000E+00 1.307439430E+01 2.143280000E+00 5.111481249E-01
2.494010000E+00 1.312473000E+01 2.051390000E+00 4.971110781E-01
2.571780000E+00 1.317616900E+01 1.951410000E+00 4.820785604E-01
2.669650000E+00 1.322525100E+01 1.835060000E+00 4.644054464E-01
2.816360000E+00 1.328005400E+01 1.680030000E+00 4.402136091E-01
3.018260000E+00 1.333098200E+01 1.497860000E+00 4.107664681E-01
3.237550000E+00 1.336504300E+01 1.329730000E+00 3.829438928E-01
3.581760000E+00 1.338842700E+01 1.117090000E+00 3.461426785E-01
4.071510000E+00 1.338805300E+01 8.926500000E-01 3.045061906E-01
4.613840000E+00 1.336863000E+01 7.128050000E-01 2.687132627E-01
5.251840000E+00 1.333750400E+01 5.626510000E-01 2.360696442E-01
5.948060000E+00 1.330221800E+01 4.467640000E-01 2.084377091E-01
6.700230000E+00 1.326714900E+01 3.568170000E-01 1.850384241E-01
7.562060000E+00 1.323247700E+01 2.829960000E-01 1.639500348E-01
8.535190000E+00 1.319976400E+01 2.237730000E-01 1.452574577E-01
9.603690000E+00 1.317036700E+01 1.775230000E-01 1.290962120E-01
1.077260000E+01 1.314464400E+01 1.412530000E-01 1.150882795E-01
1.209200000E+01 1.312155700E+01 1.120880000E-01 1.025305987E-01
1.348360000E+01 1.310224600E+01 8.982880000E-02 9.194873773E-02
1.512420000E+01 1.308447500E+01 7.102690000E-02 8.197458378E-02
1.689980000E+01 1.306946870E+01 5.643970000E-02 7.336181493E-02
1.891600000E+01 1.305641130E+01 4.463680000E-02 6.554239797E-02
2.105620000E+01 1.304567140E+01 3.563880000E-02 5.888051975E-02
2.334970000E+01 1.303676880E+01 2.865260000E-02 5.309704193E-02
2.598450000E+01 1.302886250E+01 2.281210000E-02 4.771305971E-02
2.889730000E+01 1.302215290E+01 1.817700000E-02 4.290366228E-02
3.217770000E+01 1.301639130E+01 1.441240000E-02 3.852978926E-02
3.528770000E+01 1.301209950E+01 1.179560000E-02 3.513405521E-02
3.851220000E+01 1.300859596E+01 9.758540000E-03 3.219239618E-02
4.162690000E+01 1.300587486E+01 8.231470000E-03 2.978362549E-02
4.460290000E+01 1.300372291E+01 7.072130000E-03 2.779639889E-02
4.697000000E+01 1.300227229E+01 6.317010000E-03 2.639557164E-02
4.884580000E+01 1.300125010E+01 5.795680000E-03 2.538191615E-02
5.038730000E+01 1.300048376E+01 5.412850000E-03 2.460540652E-02
5.169370000E+01 1.299988817E+01 5.116430000E-03 2.398358020E-02
5.323400000E+01 1.299923514E+01 4.795170000E-03 2.328962693E-02
5.512580000E+01 1.299849337E+01 4.437470000E-03 2.249037656E-02
5.810280000E+01 1.299746181E+01 3.950910000E-03 2.133804223E-02
6.210070000E+01 1.299627932E+01 3.408680000E-03 1.996434823E-02
6.785730000E+01 1.299489663E+01 2.798400000E-03 1.827069453E-02
7.519710000E+01 1.299354571E+01 2.226760000E-03 1.648733794E-02
8.312450000E+01 1.299243716E+01 1.780660000E-03 1.491497693E-02
9.229220000E+01 1.299147235E+01 1.410550000E-03 1.343342124E-02
1.027090000E+02 1.299065455E+01 1.111330000E-03 1.207099670E-02
1.142000000E+02 1.298998470E+01 8.774410000E-04 1.085639229E-02
1.264310000E+02 1.298945090E+01 7.005140000E-04 9.806139317E-03
1.399830000E+02 1.298900750E+01 5.593310000E-04 8.856789753E-03
1.555210000E+02 1.298860540E+01 4.435830000E-04 7.971913761E-03
1.716840000E+02 1.298829710E+01 3.574030000E-04 7.221406771E-03
1.907840000E+02 1.298802850E+01 2.842050000E-04 6.498448507E-03
2.111910000E+02 1.298781860E+01 2.287950000E-04 5.870515316E-03
2.332020000E+02 1.298765080E+01 1.854290000E-04 5.316420957E-03
2.600160000E+02 1.298750120E+01 1.478120000E-04 4.768168113E-03
2.895300000E+02 1.298738230E+01 1.187690000E-04 4.282112389E-03
3.205140000E+02 1.298729100E+01 9.705600000E-05 3.868161765E-03
3.571510000E+02 1.298721210E+01 7.868310000E-05 3.471360853E-03
3.982040000E+02 1.298714850E+01 6.421620000E-05 3.113479523E-03
4.434300000E+02 1.298709780E+01 5.295840000E-05 2.795931714E-03
4.988260000E+02 1.298705340E+01 4.330630000E-05 2.485435803E-03
5.623410000E+02 1.298701770E+01 3.571430000E-05 2.204712088E-03
6.384930000E+02 1.298698830E+01 2.952410000E-05 1.941759737E-03
7.296680000E+02 1.298696440E+01 2.453580000E-05 1.699128919E-03
8.389770000E+02 1.298694540E+01 2.059240000E-05 1.477752072E-03
9.772370000E+02 1.298692990E+01 1.736670000E-05 1.268678939E-03
1.173410000E+03 1.298691650E+01 1.445710000E-05 1.056578689E-03
1.410750000E+03 1.298690720E+01 1.203760000E-05 8.788233209E-04
1.696100000E+03 1.298690070E+01 1.002290000E-05 7.309710512E-04
2.039160000E+03 1.298689630E+01 8.345450000E-06 6.079954491E-04
2.451610000E+03 1.298689320E+01 6.948730000E-06 5.057084936E-04
2.947480000E+03 1.298689110E+01 5.785770000E-06 4.206305047E-04
3.543650000E+03 1.298688960E+01 4.817450000E-06 3.498652519E-04
4.260410000E+03 1.298688860E+01 4.011190000E-06 2.910048563E-04
5.122130000E+03 1.298688790E+01 3.339870000E-06 2.420477419E-04
6.158160000E+03 1.298688740E+01 2.780900000E-06 2.013263702E-04
7.403740000E+03 1.298688700E+01 2.315480000E-06 1.674559074E-04
8.901250000E+03 1.298688680E+01 1.927950000E-06 1.392838085E-04
1.000000000E+04 1.298688670E+01 1.719970000E-06 1.239800000E-04
