# Data retrieved from https://www-nds.iaea.org/epdl97/za1to100.htm 03/01/2021
# Element, Ba  (Z = 56) 
# Atomic weight, g mol-1 = 137.34 
# Nominal density, g cm-3 =  3.50000E+0 
# Relativistic correction estimate f_rel(5CL)*,  e atom-1 =  0 
# Nuclear Thomson correction f_NT*, e atom-1 =  0 
#    E [keV]      f1 [e atom-1]      f2 [e atom-1]    Wavelength [nm] 
1.000000000E-03 1.917000000E+01 0.000000000E+00 1.239800000E+03
1.104270000E-03 1.916900000E+01 0.000000000E+00 1.122732665E+03
1.195510000E-03 1.916820000E+01 0.000000000E+00 1.037046951E+03
1.355180000E-03 1.916680000E+01 0.000000000E+00 9.148600186E+02
1.474940000E-03 1.916570000E+01 0.000000000E+00 8.405765658E+02
1.654570000E-03 1.916400000E+01 0.000000000E+00 7.493185541E+02
1.834190000E-03 1.916240000E+01 0.000000000E+00 6.759386977E+02
1.838710000E-03 1.916240000E+01 0.000000000E+00 6.742770747E+02
1.843220000E-03 1.916230000E+01 0.000000000E+00 6.726272501E+02
1.847740000E-03 1.916230000E+01 0.000000000E+00 6.709818481E+02
1.852250000E-03 1.916220000E+01 0.000000000E+00 6.693480902E+02
1.856770000E-03 1.916220000E+01 0.000000000E+00 6.677186727E+02
1.861280000E-03 1.916210000E+01 0.000000000E+00 6.661007479E+02
1.865800000E-03 1.916210000E+01 0.000000000E+00 6.644870833E+02
1.870310000E-03 1.916210000E+01 0.000000000E+00 6.628847624E+02
1.874830000E-03 1.916200000E+01 0.000000000E+00 6.612866233E+02
1.879340000E-03 1.916200000E+01 0.000000000E+00 6.596996818E+02
1.883850000E-03 1.916190000E+01 0.000000000E+00 6.581203387E+02
1.888370000E-03 1.916190000E+01 0.000000000E+00 6.565450627E+02
1.892880000E-03 1.916190000E+01 0.000000000E+00 6.549807700E+02
1.901910000E-03 1.916180000E+01 0.000000000E+00 6.518710139E+02
1.906430000E-03 1.916170000E+01 0.000000000E+00 6.503254775E+02
1.910940000E-03 1.916170000E+01 0.000000000E+00 6.487906475E+02
1.915460000E-03 1.916170000E+01 0.000000000E+00 6.472596661E+02
1.919970000E-03 1.916160000E+01 0.000000000E+00 6.457392563E+02
1.924490000E-03 1.916160000E+01 0.000000000E+00 6.442226252E+02
1.944780000E-03 1.916140000E+01 0.000000000E+00 6.375014140E+02
1.949570000E-03 1.916130000E+01 0.000000000E+00 6.359351036E+02
1.954360000E-03 1.916130000E+01 0.000000000E+00 6.343764711E+02
1.959140000E-03 1.916130000E+01 0.000000000E+00 6.328286901E+02
1.963930000E-03 1.916120000E+01 0.000000000E+00 6.312852291E+02
1.968720000E-03 1.916120000E+01 0.000000000E+00 6.297492787E+02
1.973500000E-03 1.916110000E+01 0.000000000E+00 6.282239676E+02
1.978290000E-03 1.916110000E+01 0.000000000E+00 6.267028595E+02
1.983080000E-03 1.916100000E+01 0.000000000E+00 6.251890998E+02
1.987860000E-03 1.916100000E+01 0.000000000E+00 6.236857726E+02
1.992650000E-03 1.916090000E+01 0.000000000E+00 6.221865355E+02
1.997440000E-03 1.916090000E+01 0.000000000E+00 6.206944889E+02
2.002220000E-03 1.916080000E+01 0.000000000E+00 6.192126739E+02
2.007010000E-03 1.916070000E+01 0.000000000E+00 6.177348394E+02
2.016580000E-03 1.916040000E+01 0.000000000E+00 6.148032808E+02
2.021370000E-03 1.916030000E+01 0.000000000E+00 6.133463938E+02
2.026160000E-03 1.916020000E+01 0.000000000E+00 6.118963952E+02
2.030940000E-03 1.916010000E+01 0.000000000E+00 6.104562419E+02
2.035730000E-03 1.915990000E+01 0.000000000E+00 6.090198602E+02
2.040520000E-03 1.915980000E+01 0.000000000E+00 6.075902221E+02
2.135750000E-03 1.915720000E+01 0.000000000E+00 5.804986539E+02
2.219070000E-03 1.915500000E+01 0.000000000E+00 5.587025195E+02
2.364890000E-03 1.915110000E+01 0.000000000E+00 5.242527137E+02
2.474250000E-03 1.914820000E+01 0.000000000E+00 5.010811357E+02
2.556270000E-03 1.914600000E+01 0.000000000E+00 4.850035403E+02
2.617790000E-03 1.914440000E+01 0.000000000E+00 4.736055986E+02
2.710060000E-03 1.914190000E+01 0.000000000E+00 4.574806462E+02
2.802330000E-03 1.913940000E+01 0.000000000E+00 4.424175597E+02
2.809230000E-03 1.913920000E+01 0.000000000E+00 4.413308985E+02
2.816130000E-03 1.913900000E+01 0.000000000E+00 4.402495623E+02
2.823030000E-03 1.913890000E+01 0.000000000E+00 4.391735121E+02
2.829920000E-03 1.913870000E+01 0.000000000E+00 4.381042574E+02
2.836820000E-03 1.913850000E+01 0.000000000E+00 4.370386560E+02
2.843720000E-03 1.913830000E+01 0.000000000E+00 4.359782257E+02
2.850620000E-03 1.913810000E+01 0.000000000E+00 4.349229290E+02
2.857510000E-03 1.913790000E+01 0.000000000E+00 4.338742472E+02
2.864410000E-03 1.913780000E+01 0.000000000E+00 4.328290992E+02
2.871310000E-03 1.913760000E+01 0.000000000E+00 4.317889744E+02
2.878210000E-03 1.913740000E+01 0.000000000E+00 4.307538366E+02
2.885110000E-03 1.913720000E+01 0.000000000E+00 4.297236501E+02
2.892000000E-03 1.913700000E+01 0.000000000E+00 4.286998617E+02
2.905800000E-03 1.913660000E+01 0.000000000E+00 4.266639136E+02
2.912700000E-03 1.913650000E+01 0.000000000E+00 4.256531740E+02
2.919590000E-03 1.913630000E+01 0.000000000E+00 4.246486664E+02
2.926490000E-03 1.913610000E+01 0.000000000E+00 4.236474411E+02
2.933390000E-03 1.913590000E+01 0.000000000E+00 4.226509261E+02
2.940290000E-03 1.913570000E+01 0.000000000E+00 4.216590880E+02
2.976220000E-03 1.913480000E+01 0.000000000E+00 4.165686676E+02
3.007660000E-03 1.913390000E+01 0.000000000E+00 4.122141465E+02
3.062680000E-03 1.913240000E+01 0.000000000E+00 4.048088602E+02
3.103950000E-03 1.913130000E+01 0.000000000E+00 3.994265372E+02
3.134900000E-03 1.913050000E+01 0.000000000E+00 3.954831095E+02
3.158110000E-03 1.912990000E+01 0.000000000E+00 3.925765727E+02
3.175520000E-03 1.912940000E+01 0.000000000E+00 3.904242455E+02
3.188570000E-03 1.912910000E+01 0.000000000E+00 3.888263391E+02
3.208160000E-03 1.912860000E+01 0.000000000E+00 3.864520473E+02
3.217950000E-03 1.912830000E+01 0.000000000E+00 3.852763405E+02
3.227740000E-03 1.912800000E+01 0.000000000E+00 3.841077658E+02
3.235790000E-03 1.912780000E+01 0.000000000E+00 3.831521823E+02
3.243750000E-03 1.912760000E+01 0.000000000E+00 3.822119461E+02
3.251710000E-03 1.912740000E+01 0.000000000E+00 3.812763131E+02
3.259680000E-03 1.912720000E+01 0.000000000E+00 3.803440829E+02
3.267640000E-03 1.912700000E+01 0.000000000E+00 3.794175613E+02
3.271440000E-03 1.912690000E+01 0.000000000E+00 3.789768420E+02
3.275610000E-03 1.912680000E+01 0.000000000E+00 3.784943873E+02
3.287540000E-03 1.912640000E+01 0.000000000E+00 3.771208867E+02
3.295590000E-03 1.912620000E+01 0.000000000E+00 3.761997093E+02
3.300600000E-03 1.912610000E+01 0.000000000E+00 3.756286736E+02
3.305600000E-03 1.912590000E+01 0.000000000E+00 3.750605034E+02
3.310510000E-03 1.912580000E+01 0.000000000E+00 3.745042305E+02
3.315430000E-03 1.912570000E+01 0.000000000E+00 3.739484773E+02
3.321620000E-03 1.912550000E+01 0.000000000E+00 3.732516061E+02
3.324710000E-03 1.912540000E+01 0.000000000E+00 3.729047045E+02
3.327800000E-03 1.912540000E+01 0.000000000E+00 3.725584470E+02
3.333840000E-03 1.912520000E+01 0.000000000E+00 3.718834737E+02
3.336860000E-03 1.912510000E+01 0.000000000E+00 3.715469034E+02
3.341270000E-03 1.912500000E+01 0.000000000E+00 3.710565144E+02
3.341930000E-03 1.912500000E+01 0.000000000E+00 3.709832342E+02
3.342420000E-03 1.912500000E+01 0.000000000E+00 3.709288480E+02
3.343160000E-03 1.912490000E+01 0.000000000E+00 3.708467438E+02
3.343540000E-03 1.912490000E+01 0.000000000E+00 3.708045963E+02
3.343910000E-03 1.912490000E+01 0.000000000E+00 3.707635672E+02
3.351960000E-03 1.912470000E+01 0.000000000E+00 3.698731488E+02
3.353970000E-03 1.912470000E+01 0.000000000E+00 3.696514876E+02
3.360010000E-03 1.912450000E+01 0.000000000E+00 3.689869971E+02
3.364040000E-03 1.912440000E+01 0.000000000E+00 3.685449638E+02
3.368060000E-03 1.912430000E+01 0.000000000E+00 3.681050813E+02
3.372830000E-03 1.912410000E+01 0.000000000E+00 3.675844914E+02
3.379970000E-03 1.912400000E+01 0.000000000E+00 3.668079894E+02
3.387110000E-03 1.912380000E+01 0.000000000E+00 3.660347612E+02
3.392220000E-03 1.912360000E+01 0.000000000E+00 3.654833708E+02
3.395100000E-03 1.912360000E+01 0.000000000E+00 3.651733380E+02
3.400270000E-03 1.912340000E+01 0.000000000E+00 3.646181039E+02
3.408330000E-03 1.912320000E+01 0.000000000E+00 3.637558570E+02
3.416380000E-03 1.912300000E+01 0.000000000E+00 3.628987408E+02
3.427640000E-03 1.912270000E+01 0.000000000E+00 3.617065970E+02
3.432480000E-03 1.912260000E+01 0.000000000E+00 3.611965692E+02
3.435780000E-03 1.912250000E+01 0.000000000E+00 3.608496470E+02
3.443910000E-03 1.912220000E+01 0.000000000E+00 3.599977932E+02
3.452050000E-03 1.912200000E+01 0.000000000E+00 3.591489115E+02
3.460190000E-03 1.912180000E+01 0.000000000E+00 3.583040238E+02
3.468320000E-03 1.912160000E+01 0.000000000E+00 3.574641325E+02
3.482670000E-03 1.912120000E+01 0.000000000E+00 3.559912366E+02
3.509580000E-03 1.912050000E+01 0.000000000E+00 3.532616438E+02
3.533130000E-03 1.911990000E+01 0.000000000E+00 3.509069862E+02
3.553730000E-03 1.911930000E+01 0.000000000E+00 3.488728744E+02
3.589780000E-03 1.911830000E+01 0.000000000E+00 3.453693541E+02
3.643860000E-03 1.911690000E+01 0.000000000E+00 3.402435878E+02
3.697940000E-03 1.911540000E+01 0.000000000E+00 3.352677437E+02
3.698020000E-03 1.911540000E+01 0.000000000E+00 3.352604907E+02
3.716220000E-03 1.911500000E+01 0.000000000E+00 3.336185694E+02
3.725320000E-03 1.911470000E+01 0.000000000E+00 3.328036249E+02
3.734430000E-03 1.911450000E+01 0.000000000E+00 3.319917631E+02
3.743530000E-03 1.911420000E+01 0.000000000E+00 3.311847374E+02
3.752630000E-03 1.911400000E+01 0.000000000E+00 3.303816257E+02
3.761730000E-03 1.911370000E+01 0.000000000E+00 3.295823996E+02
3.770840000E-03 1.911350000E+01 0.000000000E+00 3.287861591E+02
3.779940000E-03 1.911330000E+01 0.000000000E+00 3.279946243E+02
3.783050000E-03 1.911320000E+01 0.000000000E+00 3.277249838E+02
3.786560000E-03 1.911310000E+01 0.000000000E+00 3.274211950E+02
3.801680000E-03 1.911270000E+01 0.000000000E+00 3.261189790E+02
3.805200000E-03 1.911260000E+01 0.000000000E+00 3.258173026E+02
3.814520000E-03 1.911230000E+01 0.000000000E+00 3.250212347E+02
3.823840000E-03 1.911210000E+01 0.000000000E+00 3.242290472E+02
3.833160000E-03 1.911180000E+01 0.000000000E+00 3.234407121E+02
3.839620000E-03 1.911170000E+01 0.000000000E+00 3.228965366E+02
3.849310000E-03 1.911140000E+01 0.000000000E+00 3.220836981E+02
3.854150000E-03 1.911130000E+01 0.000000000E+00 3.216792289E+02
3.859000000E-03 1.911110000E+01 0.000000000E+00 3.212749417E+02
3.870960000E-03 1.911080000E+01 0.000000000E+00 3.202823072E+02
3.881130000E-03 1.911050000E+01 0.000000000E+00 3.194430488E+02
3.890480000E-03 1.911030000E+01 0.000000000E+00 3.186753306E+02
3.899830000E-03 1.911000000E+01 0.000000000E+00 3.179112936E+02
3.913090000E-03 1.910970000E+01 0.000000000E+00 3.168340110E+02
3.926360000E-03 1.910930000E+01 0.000000000E+00 3.157632005E+02
3.935680000E-03 1.910910000E+01 0.000000000E+00 3.150154484E+02
3.945000000E-03 1.910880000E+01 0.000000000E+00 3.142712294E+02
3.954320000E-03 1.910860000E+01 0.000000000E+00 3.135305185E+02
3.969290000E-03 1.910820000E+01 0.000000000E+00 3.123480522E+02
3.972960000E-03 1.910810000E+01 0.000000000E+00 3.120595224E+02
3.980970000E-03 1.910790000E+01 0.000000000E+00 3.114316360E+02
3.983940000E-03 1.910780000E+01 0.000000000E+00 3.111994659E+02
3.996750000E-03 1.910750000E+01 0.000000000E+00 3.102020392E+02
3.996800000E-03 1.910750000E+01 0.000000000E+00 3.101981585E+02
4.016480000E-03 1.910540000E+01 0.000000000E+00 3.086782456E+02
4.026320000E-03 1.910420000E+01 0.000000000E+00 3.079238610E+02
4.036150000E-03 1.910300000E+01 0.000000000E+00 3.071739157E+02
4.045990000E-03 1.910180000E+01 0.000000000E+00 3.064268572E+02
4.049560000E-03 1.910140000E+01 0.000000000E+00 3.061567183E+02
4.057510000E-03 1.910040000E+01 0.000000000E+00 3.055568563E+02
4.069490000E-03 1.909900000E+01 0.000000000E+00 3.046573404E+02
4.077480000E-03 1.909800000E+01 0.000000000E+00 3.040603510E+02
4.087470000E-03 1.909680000E+01 0.000000000E+00 3.033172109E+02
4.097460000E-03 1.909560000E+01 0.000000000E+00 3.025776945E+02
4.109360000E-03 1.909420000E+01 0.000000000E+00 3.017014815E+02
4.129300000E-03 1.909180000E+01 0.000000000E+00 3.002445935E+02
4.139260000E-03 1.909060000E+01 0.000000000E+00 2.995221368E+02
4.149230000E-03 1.908940000E+01 0.000000000E+00 2.988024284E+02
4.159210000E-03 1.908820000E+01 0.000000000E+00 2.980854537E+02
4.169390000E-03 1.908700000E+01 0.000000000E+00 2.973576470E+02
4.179680000E-03 1.908570000E+01 0.000000000E+00 2.966255790E+02
4.199070000E-03 1.908340000E+01 0.000000000E+00 2.952558543E+02
4.209030000E-03 1.908220000E+01 0.000000000E+00 2.945571783E+02
4.217300000E-03 1.908120000E+01 0.000000000E+00 2.939795604E+02
4.227290000E-03 1.908000000E+01 0.000000000E+00 2.932848231E+02
4.237280000E-03 1.907880000E+01 0.000000000E+00 2.925933618E+02
4.248900000E-03 1.907740000E+01 0.000000000E+00 2.917931700E+02
4.257250000E-03 1.907640000E+01 0.000000000E+00 2.912208585E+02
4.273000000E-03 1.907450000E+01 0.000000000E+00 2.901474374E+02
4.282050000E-03 1.907340000E+01 0.000000000E+00 2.895342184E+02
4.288130000E-03 1.907270000E+01 0.000000000E+00 2.891236973E+02
4.298460000E-03 1.907140000E+01 0.000000000E+00 2.884288792E+02
4.308790000E-03 1.907020000E+01 0.000000000E+00 2.877373926E+02
4.319280000E-03 1.906890000E+01 0.000000000E+00 2.870385805E+02
4.340340000E-03 1.906640000E+01 0.000000000E+00 2.856458250E+02
4.350870000E-03 1.906510000E+01 0.000000000E+00 2.849545034E+02
4.360420000E-03 1.906400000E+01 0.000000000E+00 2.843304085E+02
4.368370000E-03 1.906300000E+01 0.000000000E+00 2.838129554E+02
4.371920000E-03 1.906260000E+01 0.000000000E+00 2.835824992E+02
4.376970000E-03 1.906200000E+01 0.000000000E+00 2.832553113E+02
4.381070000E-03 1.906150000E+01 0.000000000E+00 2.829902284E+02
4.391390000E-03 1.906020000E+01 0.000000000E+00 2.823251863E+02
4.398310000E-03 1.905940000E+01 0.000000000E+00 2.818809952E+02
4.402550000E-03 1.905890000E+01 0.000000000E+00 2.816095218E+02
4.432410000E-03 1.905530000E+01 0.000000000E+00 2.797123912E+02
4.445890000E-03 1.905370000E+01 0.000000000E+00 2.788642994E+02
4.460460000E-03 1.905110000E+01 1.658880000E-07 2.779533949E+02
4.474780000E-03 1.904720000E+01 1.073400000E-06 2.770639003E+02
4.498150000E-03 1.903990000E+01 1.602080000E-05 2.756244234E+02
4.556530000E-03 1.901050000E+01 2.446630000E-03 2.720930182E+02
4.589510000E-03 1.898250000E+01 1.543880000E-02 2.701377707E+02
4.614100000E-03 1.896230000E+01 4.022450000E-02 2.686981210E+02
4.666100000E-03 1.896840000E+01 1.167330000E-01 2.657036926E+02
4.698960000E-03 1.900210000E+01 1.434800000E-01 2.638456169E+02
4.747980000E-03 1.904340000E+01 1.483300000E-01 2.611215717E+02
5.009250000E-03 1.911330000E+01 1.209030000E-01 2.475021211E+02
5.305220000E-03 1.913440000E+01 9.598400000E-02 2.336943614E+02
5.596690000E-03 1.913950000E+01 7.692500000E-02 2.215237935E+02
5.926630000E-03 1.913720000E+01 6.022930000E-02 2.091913954E+02
6.240610000E-03 1.913090000E+01 4.795970000E-02 1.986664765E+02
6.570430000E-03 1.912200000E+01 3.792370000E-02 1.886938907E+02
6.935870000E-03 1.911080000E+01 2.938050000E-02 1.787519086E+02
7.294560000E-03 1.909910000E+01 2.298510000E-02 1.699622733E+02
7.640560000E-03 1.908750000E+01 1.822230000E-02 1.622655931E+02
8.000000000E-03 1.907530000E+01 1.440000000E-02 1.549750000E+02
8.375640000E-03 1.905190000E+01 1.135320000E-02 1.480245092E+02
8.752150000E-03 1.902860000E+01 9.038940000E-03 1.416566215E+02
9.120110000E-03 1.900600000E+01 7.341700000E-03 1.359413428E+02
9.474180000E-03 1.898430000E+01 6.122070000E-03 1.308609294E+02
9.860110000E-03 1.896090000E+01 5.152550000E-03 1.257389623E+02
1.027000000E-02 1.893620000E+01 4.450500000E-03 1.207205453E+02
1.064130000E-02 1.891400000E+01 4.047040000E-03 1.165083214E+02
1.096500000E-02 1.889480000E+01 3.832680000E-03 1.130688554E+02
1.112250000E-02 1.888540000E+01 3.771100000E-03 1.114677456E+02
1.148710000E-02 1.886390000E+01 3.712380000E-03 1.079297647E+02
1.182890000E-02 1.884390000E+01 3.746610000E-03 1.048110982E+02
1.200000000E-02 1.883390000E+01 3.792080000E-03 1.033166667E+02
1.214940000E-02 1.881960000E+01 3.846510000E-03 1.020461916E+02
1.275030000E-02 1.876250000E+01 4.167000000E-03 9.723692776E+01
1.327610000E-02 1.871260000E+01 4.563610000E-03 9.338585880E+01
1.373620000E-02 1.866920000E+01 4.969490000E-03 9.025785880E+01
1.428000000E-02 1.861790000E+01 5.488040000E-03 8.682072829E+01
1.449100000E-02 1.859150000E+01 5.715980000E-03 8.555655234E+01
1.510740000E-02 1.851060000E+01 6.381960000E-03 8.206574262E+01
1.556970000E-02 1.844650000E+01 6.881450000E-03 7.962902304E+01
1.600000000E-02 1.838640000E+01 7.355590000E-03 7.748750000E+01
1.643650000E-02 1.830590000E+01 7.854700000E-03 7.542968394E+01
1.704010000E-02 1.819320000E+01 8.548940000E-03 7.275778898E+01
1.745750000E-02 1.809920000E+01 9.030410000E-03 7.101818703E+01
1.784920000E-02 1.799960000E+01 9.482680000E-03 6.945969567E+01
1.818550000E-02 1.791420000E+01 9.866260000E-03 6.817519452E+01
1.836630000E-02 1.785970000E+01 1.007240000E-02 6.750406995E+01
1.857030000E-02 1.779430000E+01 1.030520000E-02 6.676251865E+01
1.877440000E-02 1.772450000E+01 1.053640000E-02 6.603673087E+01
1.888500000E-02 1.768670000E+01 1.066010000E-02 6.564998676E+01
1.897790000E-02 1.765320000E+01 1.076420000E-02 6.532861908E+01
1.902440000E-02 1.763380000E+01 1.081620000E-02 6.516894094E+01
1.907090000E-02 1.761430000E+01 1.086830000E-02 6.501004148E+01
1.911740000E-02 1.759490000E+01 1.092030000E-02 6.485191501E+01
1.917150000E-02 1.757220000E+01 1.098080000E-02 6.466890958E+01
1.922560000E-02 1.754960000E+01 1.104140000E-02 6.448693409E+01
1.928270000E-02 1.752560000E+01 1.110530000E-02 6.429597515E+01
1.932020000E-02 1.750990000E+01 1.114730000E-02 6.417117835E+01
1.936760000E-02 1.749010000E+01 1.120030000E-02 6.401412669E+01
1.941490000E-02 1.747030000E+01 1.125330000E-02 6.385817079E+01
1.944020000E-02 1.745970000E+01 1.128160000E-02 6.377506404E+01
1.946560000E-02 1.744910000E+01 1.131000000E-02 6.369184613E+01
1.956140000E-02 1.740330000E+01 1.141540000E-02 6.337992168E+01
1.960930000E-02 1.737900000E+01 1.146760000E-02 6.322510237E+01
1.965720000E-02 1.735470000E+01 1.151970000E-02 6.307103758E+01
1.970510000E-02 1.733040000E+01 1.157190000E-02 6.291772181E+01
1.973440000E-02 1.731560000E+01 1.160380000E-02 6.282430679E+01
1.977830000E-02 1.729230000E+01 1.165160000E-02 6.268486169E+01
1.980020000E-02 1.728050000E+01 1.167540000E-02 6.261552914E+01
1.982220000E-02 1.726880000E+01 1.169930000E-02 6.254603424E+01
1.984890000E-02 1.725440000E+01 1.172840000E-02 6.246189965E+01
1.988480000E-02 1.723520000E+01 1.176750000E-02 6.234913099E+01
1.989680000E-02 1.722870000E+01 1.178060000E-02 6.231152748E+01
1.990880000E-02 1.722170000E+01 1.179360000E-02 6.227396930E+01
1.993570000E-02 1.720460000E+01 1.182300000E-02 6.218994066E+01
1.994250000E-02 1.720040000E+01 1.183030000E-02 6.216873511E+01
1.994620000E-02 1.719800000E+01 1.183440000E-02 6.215720288E+01
1.994910000E-02 1.719620000E+01 1.183750000E-02 6.214816709E+01
1.999260000E-02 1.716860000E+01 1.188490000E-02 6.201294479E+01
1.999860000E-02 1.716480000E+01 1.189150000E-02 6.199433960E+01
2.001960000E-02 1.715150000E+01 1.191430000E-02 6.192930928E+01
2.004050000E-02 1.713820000E+01 1.193710000E-02 6.186472393E+01
2.005800000E-02 1.712710000E+01 1.195610000E-02 6.181074883E+01
2.008850000E-02 1.710780000E+01 1.198940000E-02 6.171690271E+01
2.011140000E-02 1.709320000E+01 1.201430000E-02 6.164662828E+01
2.014580000E-02 1.707150000E+01 1.205180000E-02 6.154136346E+01
2.016300000E-02 1.706060000E+01 1.207050000E-02 6.148886574E+01
2.018020000E-02 1.704970000E+01 1.208920000E-02 6.143645752E+01
2.023220000E-02 1.701410000E+01 1.214580000E-02 6.127855597E+01
2.028010000E-02 1.697880000E+01 1.219800000E-02 6.113382084E+01
2.032800000E-02 1.694350000E+01 1.225010000E-02 6.098976781E+01
2.034000000E-02 1.693470000E+01 1.226320000E-02 6.095378564E+01
2.037590000E-02 1.690820000E+01 1.230230000E-02 6.084639206E+01
2.038800000E-02 1.689930000E+01 1.231550000E-02 6.081028056E+01
2.041520000E-02 1.687920000E+01 1.234510000E-02 6.072926055E+01
2.042200000E-02 1.687420000E+01 1.235230000E-02 6.070903927E+01
2.042570000E-02 1.687150000E+01 1.235620000E-02 6.069804217E+01
2.042850000E-02 1.686940000E+01 1.235910000E-02 6.068972269E+01
2.043120000E-02 1.686740000E+01 1.236200000E-02 6.068170249E+01
2.043390000E-02 1.686550000E+01 1.236470000E-02 6.067368442E+01
2.043900000E-02 1.686130000E+01 1.237000000E-02 6.065854494E+01
2.044130000E-02 1.685930000E+01 1.237250000E-02 6.065171980E+01
2.044370000E-02 1.685740000E+01 1.237500000E-02 6.064459956E+01
2.044590000E-02 1.685550000E+01 1.237730000E-02 6.063807414E+01
2.044940000E-02 1.685260000E+01 1.238090000E-02 6.062769568E+01
2.045040000E-02 1.685170000E+01 1.238200000E-02 6.062473106E+01
2.045440000E-02 1.684840000E+01 1.238620000E-02 6.061287547E+01
2.045820000E-02 1.684510000E+01 1.239020000E-02 6.060161696E+01
2.046180000E-02 1.684210000E+01 1.239390000E-02 6.059095485E+01
2.046850000E-02 1.683650000E+01 1.240090000E-02 6.057112148E+01
2.047440000E-02 1.683160000E+01 1.240710000E-02 6.055366702E+01
2.047950000E-02 1.682730000E+01 1.241240000E-02 6.053858737E+01
2.048850000E-02 1.681970000E+01 1.242180000E-02 6.051199453E+01
2.049520000E-02 1.681410000E+01 1.242890000E-02 6.049221281E+01
2.050020000E-02 1.680980000E+01 1.243420000E-02 6.047745876E+01
2.050780000E-02 1.680340000E+01 1.244210000E-02 6.045504637E+01
2.051540000E-02 1.679710000E+01 1.245000000E-02 6.043265059E+01
2.052260000E-02 1.679100000E+01 1.245760000E-02 6.041144884E+01
2.052890000E-02 1.678570000E+01 1.246420000E-02 6.039290951E+01
2.053450000E-02 1.678100000E+01 1.247000000E-02 6.037643965E+01
2.053930000E-02 1.677690000E+01 1.247510000E-02 6.036232978E+01
2.054720000E-02 1.677030000E+01 1.248330000E-02 6.033912163E+01
2.055290000E-02 1.676550000E+01 1.248920000E-02 6.032238759E+01
2.055540000E-02 1.676340000E+01 1.249190000E-02 6.031505103E+01
2.055990000E-02 1.675960000E+01 1.249660000E-02 6.030184972E+01
2.056320000E-02 1.675680000E+01 1.250010000E-02 6.029217242E+01
2.056830000E-02 1.675260000E+01 1.250530000E-02 6.027722272E+01
2.057080000E-02 1.675050000E+01 1.250800000E-02 6.026989714E+01
2.057330000E-02 1.674840000E+01 1.251060000E-02 6.026257334E+01
2.059810000E-02 1.672750000E+01 1.253660000E-02 6.019001753E+01
2.061050000E-02 1.671660000E+01 1.254960000E-02 6.015380510E+01
2.061670000E-02 1.671080000E+01 1.255610000E-02 6.013571522E+01
2.064780000E-02 1.668120000E+01 1.258860000E-02 6.004513798E+01
2.066020000E-02 1.666910000E+01 1.260150000E-02 6.000909962E+01
2.067260000E-02 1.665700000E+01 1.261450000E-02 5.997310450E+01
2.072670000E-02 1.660400000E+01 1.267120000E-02 5.981656511E+01
2.077780000E-02 1.655010000E+01 1.272460000E-02 5.966945490E+01
2.081350000E-02 1.651170000E+01 1.276200000E-02 5.956710789E+01
2.086720000E-02 1.644950000E+01 1.281820000E-02 5.941381690E+01
2.089410000E-02 1.641730000E+01 1.284630000E-02 5.933732489E+01
2.092090000E-02 1.638510000E+01 1.287440000E-02 5.926131285E+01
2.097060000E-02 1.632560000E+01 1.292630000E-02 5.912086445E+01
2.102020000E-02 1.625960000E+01 1.297830000E-02 5.898136079E+01
2.106990000E-02 1.619100000E+01 1.303030000E-02 5.884223466E+01
2.115870000E-02 1.605640000E+01 1.312920000E-02 5.859528232E+01
2.116930000E-02 1.603910000E+01 1.314250000E-02 5.856594219E+01
2.120430000E-02 1.598050000E+01 1.319210000E-02 5.846927274E+01
2.123780000E-02 1.592140000E+01 1.325690000E-02 5.837704470E+01
2.133130000E-02 1.573670000E+01 1.378410000E-02 5.812116467E+01
2.142480000E-02 1.551150000E+01 1.678900000E-02 5.786751802E+01
2.149150000E-02 1.531700000E+01 2.500580000E-02 5.768792313E+01
2.152800000E-02 1.519490000E+01 3.476490000E-02 5.759011520E+01
2.163410000E-02 1.475980000E+01 1.143200000E-01 5.730767631E+01
2.178220000E-02 1.397620000E+01 5.339900000E-01 5.691803399E+01
2.195230000E-02 1.329490000E+01 1.752890000E+00 5.647699785E+01
2.213030000E-02 1.363110000E+01 3.291750000E+00 5.602273806E+01
2.230140000E-02 1.459700000E+01 4.066720000E+00 5.559292242E+01
2.253760000E-02 1.564420000E+01 4.199170000E+00 5.501029391E+01
2.270980000E-02 1.608490000E+01 4.134470000E+00 5.459317123E+01
2.281260000E-02 1.627560000E+01 4.089970000E+00 5.434715903E+01
2.299570000E-02 1.654270000E+01 4.009340000E+00 5.391442748E+01
2.321850000E-02 1.675980000E+01 3.910740000E+00 5.339707561E+01
2.332890000E-02 1.683130000E+01 3.865010000E+00 5.314438315E+01
2.342790000E-02 1.687970000E+01 3.823670000E+00 5.291980929E+01
2.363540000E-02 1.690490000E+01 3.736960000E+00 5.245521548E+01
2.378470000E-02 1.682890000E+01 3.689510000E+00 5.212594651E+01
2.416440000E-02 1.626670000E+01 4.127020000E+00 5.130688120E+01
2.448400000E-02 1.667530000E+01 5.309890000E+00 5.063715079E+01
2.471180000E-02 1.745680000E+01 5.579610000E+00 5.017036396E+01
2.546460000E-02 1.881860000E+01 5.239560000E+00 4.868719713E+01
2.660730000E-02 1.977070000E+01 4.699250000E+00 4.659623487E+01
2.851020000E-02 2.059110000E+01 3.953070000E+00 4.348619091E+01
3.112350000E-02 2.112020000E+01 3.162780000E+00 3.983485148E+01
3.408610000E-02 2.133800000E+01 2.502150000E+00 3.637259763E+01
3.647900000E-02 2.137320000E+01 2.098830000E+00 3.398667727E+01
3.724240000E-02 2.136690000E+01 1.991070000E+00 3.329001353E+01
3.875590000E-02 2.133290000E+01 1.831910000E+00 3.198996798E+01
4.220000000E-02 2.128340000E+01 1.506840000E+00 2.937914692E+01
4.626310000E-02 2.117130000E+01 1.239880000E+00 2.679889588E+01
5.045000000E-02 2.102740000E+01 1.053380000E+00 2.457482656E+01
5.559040000E-02 2.084120000E+01 9.020700000E-01 2.230241193E+01
6.025600000E-02 2.067960000E+01 8.113910000E-01 2.057554434E+01
6.400000000E-02 2.052320000E+01 7.603190000E-01 1.937187500E+01
6.722020000E-02 2.038450000E+01 7.265180000E-01 1.844386063E+01
6.918310000E-02 2.029850000E+01 7.094260000E-01 1.792056152E+01
7.055860000E-02 2.022560000E+01 6.993440000E-01 1.757121031E+01
7.124350000E-02 2.018860000E+01 6.944880000E-01 1.740228933E+01
7.190690000E-02 2.015270000E+01 6.899610000E-01 1.724173897E+01
7.328760000E-02 2.007890000E+01 6.815240000E-01 1.691691364E+01
7.498940000E-02 1.998870000E+01 6.720900000E-01 1.653300333E+01
7.674160000E-02 1.988300000E+01 6.636590000E-01 1.615551409E+01
7.857180000E-02 1.975740000E+01 6.558180000E-01 1.577919813E+01
8.045810000E-02 1.962860000E+01 6.487710000E-01 1.540926271E+01
8.222430000E-02 1.948520000E+01 6.430230000E-01 1.507826762E+01
8.372140000E-02 1.935340000E+01 6.386280000E-01 1.480863913E+01
8.534270000E-02 1.919400000E+01 6.342040000E-01 1.452731165E+01
8.650000000E-02 1.907110000E+01 6.313960000E-01 1.433294798E+01
8.779360000E-02 1.891350000E+01 6.286020000E-01 1.412175831E+01
8.903860000E-02 1.875310000E+01 6.259140000E-01 1.392429800E+01
8.984060000E-02 1.862800000E+01 6.244200000E-01 1.379999688E+01
9.049860000E-02 1.852390000E+01 6.232760000E-01 1.369965944E+01
9.148550000E-02 1.835050000E+01 6.214160000E-01 1.355187434E+01
9.197900000E-02 1.825540000E+01 6.204860000E-01 1.347916372E+01
9.247250000E-02 1.815190000E+01 6.195560000E-01 1.340722918E+01
9.284820000E-02 1.807230000E+01 6.188450000E-01 1.335297830E+01
9.316890000E-02 1.799670000E+01 6.182380000E-01 1.330701554E+01
9.353380000E-02 1.790760000E+01 6.175470000E-01 1.325510136E+01
9.385350000E-02 1.782470000E+01 6.169520000E-01 1.320994955E+01
9.421940000E-02 1.772660000E+01 6.163020000E-01 1.315864886E+01
9.429030000E-02 1.770650000E+01 6.161760000E-01 1.314875443E+01
9.440080000E-02 1.767380000E+01 6.159800000E-01 1.313336328E+01
9.486560000E-02 1.753030000E+01 6.151540000E-01 1.306901553E+01
9.509790000E-02 1.745440000E+01 6.147580000E-01 1.303709125E+01
9.533030000E-02 1.737360000E+01 6.143870000E-01 1.300530891E+01
9.561160000E-02 1.727060000E+01 6.139400000E-01 1.296704584E+01
9.579150000E-02 1.720110000E+01 6.136620000E-01 1.294269325E+01
9.593220000E-02 1.714470000E+01 6.134940000E-01 1.292371070E+01
9.612010000E-02 1.706420000E+01 6.132880000E-01 1.289844684E+01
9.627620000E-02 1.699430000E+01 6.131500000E-01 1.287753360E+01
9.643710000E-02 1.691920000E+01 6.130790000E-01 1.285604814E+01
9.657560000E-02 1.685070000E+01 6.131290000E-01 1.283761116E+01
9.679260000E-02 1.673640000E+01 6.136350000E-01 1.280883043E+01
9.702470000E-02 1.660270000E+01 6.154140000E-01 1.277818947E+01
9.704240000E-02 1.659190000E+01 6.156370000E-01 1.277585880E+01
9.730810000E-02 1.641960000E+01 6.215980000E-01 1.274097429E+01
9.735430000E-02 1.638720000E+01 6.233240000E-01 1.273492799E+01
9.755500000E-02 1.623830000E+01 6.345690000E-01 1.270872841E+01
9.771240000E-02 1.611100000E+01 6.493700000E-01 1.268825656E+01
9.793060000E-02 1.591730000E+01 6.829870000E-01 1.265998575E+01
9.819630000E-02 1.565780000E+01 7.540650000E-01 1.262573030E+01
9.843590000E-02 1.540540000E+01 8.573630000E-01 1.259499837E+01
9.862050000E-02 1.520610000E+01 9.677860000E-01 1.257142278E+01
9.886100000E-02 1.495210000E+01 1.156360000E+00 1.254084017E+01
9.906470000E-02 1.475340000E+01 1.353970000E+00 1.251505329E+01
9.928300000E-02 1.456910000E+01 1.599080000E+00 1.248753563E+01
9.948380000E-02 1.443460000E+01 1.844840000E+00 1.246233055E+01
9.970460000E-02 1.433270000E+01 2.125480000E+00 1.243473220E+01
9.993350000E-02 1.424480000E+01 2.414300000E+00 1.240625016E+01
1.003940000E-01 1.417630000E+01 2.950990000E+00 1.234934359E+01
1.006610000E-01 1.415980000E+01 3.227200000E+00 1.231658736E+01
1.009760000E-01 1.413590000E+01 3.537360000E+00 1.227816511E+01
1.013130000E-01 1.410210000E+01 3.875570000E+00 1.223732394E+01
1.017750000E-01 1.406710000E+01 4.389530000E+00 1.218177352E+01
1.022010000E-01 1.411160000E+01 4.917540000E+00 1.213099676E+01
1.028310000E-01 1.435770000E+01 5.696230000E+00 1.205667552E+01
1.034000000E-01 1.472840000E+01 6.289490000E+00 1.199032882E+01
1.039680000E-01 1.514710000E+01 6.759260000E+00 1.192482302E+01
1.046020000E-01 1.561790000E+01 7.181490000E+00 1.185254584E+01
1.058000000E-01 1.651450000E+01 7.806000000E+00 1.171833648E+01
1.069180000E-01 1.737660000E+01 8.210130000E+00 1.159580239E+01
1.080460000E-01 1.824890000E+01 8.448530000E+00 1.147474224E+01
1.091800000E-01 1.908760000E+01 8.520350000E+00 1.135555963E+01
1.115000000E-01 2.060080000E+01 8.287990000E+00 1.111928251E+01
1.137430000E-01 2.169730000E+01 7.748800000E+00 1.090001143E+01
1.176080000E-01 2.289560000E+01 6.618440000E+00 1.054179988E+01
1.222590000E-01 2.355100000E+01 5.346330000E+00 1.014076673E+01
1.280000000E-01 2.374420000E+01 4.098030000E+00 9.685937500E+00
1.331600000E-01 2.360300000E+01 3.250280000E+00 9.310603785E+00
1.386030000E-01 2.329950000E+01 2.598380000E+00 8.944972331E+00
1.440330000E-01 2.290540000E+01 2.152250000E+00 8.607749613E+00
1.495000000E-01 2.249360000E+01 1.863100000E+00 8.292976589E+00
1.555520000E-01 2.205350000E+01 1.682810000E+00 7.970325036E+00
1.627000000E-01 2.155820000E+01 1.605150000E+00 7.620159803E+00
1.705270000E-01 2.104000000E+01 1.634990000E+00 7.270402927E+00
1.818240000E-01 2.024000000E+01 1.812520000E+00 6.818681802E+00
1.828560000E-01 2.014330000E+01 1.834530000E+00 6.780198626E+00
1.838580000E-01 2.003400000E+01 1.857630000E+00 6.743247506E+00
1.846710000E-01 1.992710000E+01 1.882070000E+00 6.713560873E+00
1.866800000E-01 1.958170000E+01 2.056700000E+00 6.641311335E+00
1.874400000E-01 1.946170000E+01 2.207810000E+00 6.614383269E+00
1.883250000E-01 1.938140000E+01 2.432410000E+00 6.583300146E+00
1.902110000E-01 1.947550000E+01 2.852490000E+00 6.518024720E+00
1.918790000E-01 1.963600000E+01 3.004470000E+00 6.461363672E+00
1.993400000E-01 1.973980000E+01 3.236390000E+00 6.219524431E+00
2.037750000E-01 1.958900000E+01 3.504150000E+00 6.084161453E+00
2.113490000E-01 1.978800000E+01 3.943480000E+00 5.866126644E+00
2.510400000E-01 1.990880000E+01 5.136010000E+00 4.938655194E+00
2.563240000E-01 1.974150000E+01 5.530990000E+00 4.836847115E+00
2.662140000E-01 2.024180000E+01 6.049840000E+00 4.657155521E+00
3.135090000E-01 2.133550000E+01 6.963840000E+00 3.954591415E+00
3.715350000E-01 2.237810000E+01 7.549570000E+00 3.336966908E+00
4.454000000E-01 2.313900000E+01 7.681490000E+00 2.783565335E+00
5.331810000E-01 2.318640000E+01 7.501070000E+00 2.325289161E+00
5.999640000E-01 2.230000000E+01 7.195350000E+00 2.066457321E+00
6.351830000E-01 2.143490000E+01 7.012640000E+00 1.951878435E+00
6.702700000E-01 2.008390000E+01 6.822620000E+00 1.849702359E+00
6.903830000E-01 1.901450000E+01 6.712180000E+00 1.795814787E+00
7.094870000E-01 1.769090000E+01 6.606580000E+00 1.747459784E+00
7.186900000E-01 1.693180000E+01 6.555480000E+00 1.725083137E+00
7.247070000E-01 1.629050000E+01 6.522040000E+00 1.710760349E+00
7.303330000E-01 1.568930000E+01 6.490790000E+00 1.697581788E+00
7.338800000E-01 1.526640000E+01 6.471110000E+00 1.689377010E+00
7.374040000E-01 1.484580000E+01 6.451600000E+00 1.681303600E+00
7.387800000E-01 1.468100000E+01 6.443990000E+00 1.678172122E+00
7.410780000E-01 1.434080000E+01 6.431230000E+00 1.672968298E+00
7.442940000E-01 1.386410000E+01 6.413490000E+00 1.665739614E+00
7.471070000E-01 1.344670000E+01 6.398020000E+00 1.659467787E+00
7.498940000E-01 1.299670000E+01 6.382680000E+00 1.653300333E+00
7.526980000E-01 1.247850000E+01 6.367250000E+00 1.647141350E+00
7.559550000E-01 1.182320000E+01 6.349450000E+00 1.640044712E+00
7.584970000E-01 1.131120000E+01 6.335620000E+00 1.634548324E+00
7.608450000E-01 1.077640000E+01 6.322920000E+00 1.629504038E+00
7.622040000E-01 1.044420000E+01 6.315610000E+00 1.626598653E+00
7.632970000E-01 1.016600000E+01 6.309800000E+00 1.624269452E+00
7.642290000E-01 9.900100000E+00 6.304920000E+00 1.622288607E+00
7.650490000E-01 9.657800000E+00 6.300770000E+00 1.620549795E+00
7.668600000E-01 9.095400000E+00 6.292460000E+00 1.616722739E+00
7.675430000E-01 8.872500000E+00 6.289890000E+00 1.615284095E+00
7.680750000E-01 8.694000000E+00 6.288250000E+00 1.614165283E+00
7.686180000E-01 8.507100000E+00 6.287010000E+00 1.613024936E+00
7.687290000E-01 8.468600000E+00 6.286820000E+00 1.612792024E+00
7.695580000E-01 8.172100000E+00 6.286290000E+00 1.611054657E+00
7.721660000E-01 7.148300000E+00 6.302590000E+00 1.605613301E+00
7.725920000E-01 6.965800000E+00 6.309600000E+00 1.604727981E+00
7.745000000E-01 6.081200000E+00 6.368490000E+00 1.600774693E+00
7.763950000E-01 5.049400000E+00 6.497860000E+00 1.596867574E+00
7.777760000E-01 4.209200000E+00 6.664610000E+00 1.594032215E+00
7.787740000E-01 3.557300000E+00 6.837890000E+00 1.591989460E+00
7.799470000E-01 2.747000000E+00 7.112760000E+00 1.589595190E+00
7.809210000E-01 2.046300000E+00 7.410980000E+00 1.587612575E+00
7.823860000E-01 9.617000000E-01 7.999370000E+00 1.584639807E+00
7.830870000E-01 4.399000000E-01 8.344650000E+00 1.583221277E+00
7.840340000E-01 -2.559000000E-01 8.881660000E+00 1.581308974E+00
7.850600000E-01 -9.838000000E-01 9.553560000E+00 1.579242351E+00
7.854910000E-01 -1.276700000E+00 9.865320000E+00 1.578375818E+00
7.861510000E-01 -1.707600000E+00 1.037090000E+01 1.577050719E+00
7.880660000E-01 -2.789400000E+00 1.202920000E+01 1.573218487E+00
7.882320000E-01 -2.866700000E+00 1.218610000E+01 1.572887170E+00
7.898600000E-01 -3.494900000E+00 1.377100000E+01 1.569645254E+00
7.902080000E-01 -3.617700000E+00 1.411730000E+01 1.568953997E+00
7.906260000E-01 -3.744100000E+00 1.453720000E+01 1.568124499E+00
7.913580000E-01 -3.883100000E+00 1.527720000E+01 1.566673996E+00
7.920890000E-01 -4.033700000E+00 1.602620000E+01 1.565228150E+00
7.931320000E-01 -4.125700000E+00 1.707620000E+01 1.563169813E+00
7.946510000E-01 -4.107100000E+00 1.855080000E+01 1.560181765E+00
7.954490000E-01 -4.042400000E+00 1.929950000E+01 1.558616580E+00
7.981440000E-01 -3.636500000E+00 2.163940000E+01 1.553353781E+00
7.997200000E-01 -3.308200000E+00 2.291700000E+01 1.550292602E+00
8.008890000E-01 -3.044100000E+00 2.383620000E+01 1.548029752E+00
8.023750000E-01 -2.663200000E+00 2.497350000E+01 1.545162798E+00
8.046110000E-01 -1.976200000E+00 2.668310000E+01 1.540868817E+00
8.060680000E-01 -1.420900000E+00 2.776840000E+01 1.538083636E+00
8.073180000E-01 -8.889000000E-01 2.867260000E+01 1.535702164E+00
8.092730000E-01 8.310000000E-02 3.001580000E+01 1.531992294E+00
8.113990000E-01 1.329900000E+00 3.129540000E+01 1.527978220E+00
8.135260000E-01 2.669700000E+00 3.233330000E+01 1.523983253E+00
8.155350000E-01 3.991900000E+00 3.308550000E+01 1.520229052E+00
8.180000000E-01 5.623700000E+00 3.373070000E+01 1.515647922E+00
8.193060000E-01 6.382300000E+00 3.396090000E+01 1.513231930E+00
8.222220000E-01 7.976100000E+00 3.429920000E+01 1.507865272E+00
8.231400000E-01 8.437400000E+00 3.436570000E+01 1.506183638E+00
8.246100000E-01 9.162200000E+00 3.446330000E+01 1.503498624E+00
8.259540000E-01 9.779900000E+00 3.452550000E+01 1.501052117E+00
8.290960000E-01 1.112240000E+01 3.463460000E+01 1.495363625E+00
8.363720000E-01 1.372510000E+01 3.472820000E+01 1.482354742E+00
8.426070000E-01 1.566580000E+01 3.468590000E+01 1.471385830E+00
8.587220000E-01 1.965150000E+01 3.405000000E+01 1.443773421E+00
9.539620000E-01 2.981420000E+01 2.965190000E+01 1.299632480E+00
1.004330000E+00 3.194400000E+01 2.788170000E+01 1.234454811E+00
1.030990000E+00 3.226290000E+01 2.702990000E+01 1.202533487E+00
1.042780000E+00 3.182860000E+01 2.685520000E+01 1.188937264E+00
1.051900000E+00 3.130860000E+01 2.741670000E+01 1.178629147E+00
1.059520000E+00 3.144700000E+01 2.839430000E+01 1.170152522E+00
1.070680000E+00 3.271610000E+01 2.928090000E+01 1.157955692E+00
1.098060000E+00 3.496540000E+01 2.873470000E+01 1.129082200E+00
1.119700000E+00 3.559630000E+01 2.825250000E+01 1.107260873E+00
1.129790000E+00 3.577460000E+01 2.843240000E+01 1.097372078E+00
1.146490000E+00 3.685750000E+01 2.879820000E+01 1.081387539E+00
1.205400000E+00 3.977390000E+01 2.737480000E+01 1.028538245E+00
1.254120000E+00 4.094800000E+01 2.618530000E+01 9.885816349E-01
1.274420000E+00 4.118010000E+01 2.626270000E+01 9.728347013E-01
1.315090000E+00 4.293230000E+01 2.583920000E+01 9.427491655E-01
1.386360000E+00 4.480430000E+01 2.426260000E+01 8.942843129E-01
1.479110000E+00 4.648974000E+01 2.240130000E+01 8.382067595E-01
1.593470000E+00 4.795351000E+01 2.040410000E+01 7.780504183E-01
1.746580000E+00 4.929479000E+01 1.811930000E+01 7.098443816E-01
1.911150000E+00 5.020025000E+01 1.604900000E+01 6.487193575E-01
2.095320000E+00 5.081179000E+01 1.414720000E+01 5.916995972E-01
2.326690000E+00 5.123606000E+01 1.221500000E+01 5.328599856E-01
2.716040000E+00 5.141032000E+01 9.779970000E+00 4.564733951E-01
3.149210000E+00 5.122130000E+01 7.858770000E+00 3.936860355E-01
3.657160000E+00 5.065639000E+01 6.270730000E+00 3.390062234E-01
4.156710000E+00 4.977443000E+01 5.149200000E+00 2.982647334E-01
4.549560000E+00 4.869286000E+01 4.473180000E+00 2.725098691E-01
4.820990000E+00 4.748549000E+01 4.083880000E+00 2.571670964E-01
5.000220000E+00 4.614965000E+01 3.854360000E+00 2.479490902E-01
5.102780000E+00 4.479150000E+01 3.735950000E+00 2.429655991E-01
5.137310000E+00 4.401880000E+01 3.742910000E+00 2.413325262E-01
5.160200000E+00 4.332380000E+01 3.859910000E+00 2.402620053E-01
5.180250000E+00 4.258890000E+01 4.152600000E+00 2.393320786E-01
5.201860000E+00 4.176800000E+01 4.790400000E+00 2.383378253E-01
5.232220000E+00 4.097980000E+01 6.296630000E+00 2.369548681E-01
5.260160000E+00 4.102930000E+01 7.934190000E+00 2.356962526E-01
5.285510000E+00 4.168660000E+01 9.124930000E+00 2.345658224E-01
5.320940000E+00 4.291580000E+01 9.958860000E+00 2.330039429E-01
5.369850000E+00 4.415060000E+01 1.012570000E+01 2.308816820E-01
5.447060000E+00 4.502020000E+01 9.936870000E+00 2.276090221E-01
5.527420000E+00 4.509740000E+01 9.759040000E+00 2.242999446E-01
5.574560000E+00 4.470040000E+01 9.984830000E+00 2.224032031E-01
5.622200000E+00 4.444840000E+01 1.091740000E+01 2.205186582E-01
5.667920000E+00 4.497120000E+01 1.198030000E+01 2.187398552E-01
5.737480000E+00 4.636642000E+01 1.246860000E+01 2.160878992E-01
5.815270000E+00 4.724335000E+01 1.226850000E+01 2.131973236E-01
5.898940000E+00 4.749897000E+01 1.218150000E+01 2.101733532E-01
5.961540000E+00 4.766026000E+01 1.268740000E+01 2.079663979E-01
6.043510000E+00 4.872163000E+01 1.321490000E+01 2.051456852E-01
6.136070000E+00 4.978411000E+01 1.300890000E+01 2.020511500E-01
6.286910000E+00 5.085523000E+01 1.253800000E+01 1.972033956E-01
6.503610000E+00 5.190365000E+01 1.190630000E+01 1.906325871E-01
6.736250000E+00 5.273196000E+01 1.127850000E+01 1.840489887E-01
7.016390000E+00 5.346651000E+01 1.058060000E+01 1.767005540E-01
7.301930000E+00 5.402745000E+01 9.936960000E+00 1.697907266E-01
7.574870000E+00 5.444369000E+01 9.370560000E+00 1.636727759E-01
7.856950000E+00 5.477636000E+01 8.838500000E+00 1.577966005E-01
8.152930000E+00 5.505576700E+01 8.326540000E+00 1.520680295E-01
8.424080000E+00 5.525429200E+01 7.897270000E+00 1.471733412E-01
8.726100000E+00 5.543316300E+01 7.459090000E+00 1.420795086E-01
9.012670000E+00 5.556688300E+01 7.078270000E+00 1.375618990E-01
9.332540000E+00 5.568625300E+01 6.687770000E+00 1.328470063E-01
9.625380000E+00 5.577280100E+01 6.359300000E+00 1.288053043E-01
9.942600000E+00 5.584709100E+01 6.031180000E+00 1.246957536E-01
1.019390000E+01 5.589386200E+01 5.787960000E+00 1.216217542E-01
1.030910000E+01 5.591362810E+01 5.679940000E+00 1.202626805E-01
1.053600000E+01 5.594300110E+01 5.477590000E+00 1.176727411E-01
1.063840000E+01 5.595420840E+01 5.390700000E+00 1.165400812E-01
1.073940000E+01 5.596426340E+01 5.305920000E+00 1.154440658E-01
1.080110000E+01 5.597019370E+01 5.255010000E+00 1.147846053E-01
1.083630000E+01 5.597292330E+01 5.226790000E+00 1.144117457E-01
1.098450000E+01 5.598461310E+01 5.108510000E+00 1.128681324E-01
1.099640000E+01 5.598550850E+01 5.099150000E+00 1.127459896E-01
1.128150000E+01 5.600077840E+01 4.885700000E+00 1.098967336E-01
1.144030000E+01 5.600722077E+01 4.773080000E+00 1.083712840E-01
1.157770000E+01 5.601194160E+01 4.677490000E+00 1.070851724E-01
1.182200000E+01 5.601607070E+01 4.515840000E+00 1.048722720E-01
1.230270000E+01 5.601626530E+01 4.223320000E+00 1.007746267E-01
1.261190000E+01 5.600926331E+01 4.049240000E+00 9.830398275E-02
1.280460000E+01 5.600295167E+01 3.946580000E+00 9.682457867E-02
1.310690000E+01 5.599205186E+01 3.793500000E+00 9.459139842E-02
1.335440000E+01 5.598151830E+01 3.674020000E+00 9.283831546E-02
1.345400000E+01 5.597684810E+01 3.627730000E+00 9.215103315E-02
1.357560000E+01 5.597087800E+01 3.572030000E+00 9.132561360E-02
1.362090000E+01 5.596873040E+01 3.551370000E+00 9.102188548E-02
1.370490000E+01 5.596387530E+01 3.514280000E+00 9.046399463E-02
1.418840000E+01 5.593559870E+01 3.311150000E+00 8.738124101E-02
1.466130000E+01 5.590409300E+01 3.129090000E+00 8.456276046E-02
1.666020000E+01 5.575954300E+01 2.509040000E+00 7.441687375E-02
1.895850000E+01 5.558317300E+01 2.001250000E+00 6.539546905E-02
2.159470000E+01 5.537418100E+01 1.590440000E+00 5.741223541E-02
2.451180000E+01 5.514495100E+01 1.269450000E+00 5.057972079E-02
2.764780000E+01 5.488766000E+01 1.022720000E+00 4.484262762E-02
3.081410000E+01 5.456534000E+01 8.408030000E-01 4.023482756E-02
3.301790000E+01 5.424864000E+01 7.419110000E-01 3.754932930E-02
3.454380000E+01 5.391515000E+01 6.832970000E-01 3.589066634E-02
3.557940000E+01 5.355850000E+01 6.476080000E-01 3.484600640E-02
3.625610000E+01 5.316988000E+01 6.257980000E-01 3.419562501E-02
3.664550000E+01 5.278122000E+01 6.273150000E-01 3.383225771E-02
3.680630000E+01 5.253606000E+01 6.644890000E-01 3.368445076E-02
3.692070000E+01 5.232208000E+01 7.346220000E-01 3.358007838E-02
3.702340000E+01 5.210969000E+01 8.499930000E-01 3.348692989E-02
3.712740000E+01 5.189368000E+01 1.033240000E+00 3.339312745E-02
3.724320000E+01 5.168709000E+01 1.323720000E+00 3.328929845E-02
3.740240000E+01 5.155397000E+01 1.841790000E+00 3.314760550E-02
3.756040000E+01 5.160503000E+01 2.388000000E+00 3.300816818E-02
3.774500000E+01 5.191563000E+01 2.904780000E+00 3.284673467E-02
3.793370000E+01 5.234014000E+01 3.206160000E+00 3.268333962E-02
3.817290000E+01 5.281609000E+01 3.329310000E+00 3.247853844E-02
3.845920000E+01 5.321163000E+01 3.324950000E+00 3.223676000E-02
3.889800000E+01 5.360443000E+01 3.268990000E+00 3.187310402E-02
3.953820000E+01 5.398893000E+01 3.185140000E+00 3.135701676E-02
4.051260000E+01 5.437500000E+01 3.065660000E+00 3.060282480E-02
4.178940000E+01 5.471694000E+01 2.917320000E+00 2.966781050E-02
4.324570000E+01 5.499128000E+01 2.755870000E+00 2.866874626E-02
4.477510000E+01 5.519642300E+01 2.601800000E+00 2.768949706E-02
4.612450000E+01 5.533369500E+01 2.478820000E+00 2.687942417E-02
4.751380000E+01 5.544945700E+01 2.361770000E+00 2.609347179E-02
4.902430000E+01 5.555004700E+01 2.244290000E+00 2.528949929E-02
5.041710000E+01 5.562918000E+01 2.141980000E+00 2.459086302E-02
5.204830000E+01 5.570122100E+01 2.030270000E+00 2.382018241E-02
5.371530000E+01 5.576127800E+01 1.924600000E+00 2.308094714E-02
5.597780000E+01 5.582368700E+01 1.794900000E+00 2.214806584E-02
5.752850000E+01 5.585794000E+01 1.712840000E+00 2.155105730E-02
5.889900000E+01 5.588293500E+01 1.644420000E+00 2.104959337E-02
6.048040000E+01 5.590614770E+01 1.571070000E+00 2.049920305E-02
6.177150000E+01 5.592275140E+01 1.514130000E+00 2.007074460E-02
6.457790000E+01 5.594847450E+01 1.402330000E+00 1.919851838E-02
6.639690000E+01 5.596129500E+01 1.336240000E+00 1.867255851E-02
6.819970000E+01 5.597018900E+01 1.275820000E+00 1.817896560E-02
6.937940000E+01 5.597535810E+01 1.238280000E+00 1.786985762E-02
7.114560000E+01 5.598162670E+01 1.184810000E+00 1.742623578E-02
7.304840000E+01 5.598614230E+01 1.130490000E+00 1.697230877E-02
7.475930000E+01 5.598820330E+01 1.084790000E+00 1.658388990E-02
7.650980000E+01 5.598875740E+01 1.041190000E+00 1.620446008E-02
7.832950000E+01 5.598880060E+01 9.985120000E-01 1.582800860E-02
8.020110000E+01 5.598748780E+01 9.575390000E-01 1.545864084E-02
8.235150000E+01 5.598528650E+01 9.136780000E-01 1.505497775E-02
8.451360000E+01 5.598242860E+01 8.725360000E-01 1.466982829E-02
8.918120000E+01 5.597457150E+01 7.925300000E-01 1.390203316E-02
9.391570000E+01 5.596410160E+01 7.216980000E-01 1.320120065E-02
1.062120000E+02 5.593208470E+01 5.773990000E-01 1.167288065E-02
1.202260000E+02 5.589551900E+01 4.603650000E-01 1.031224527E-02
1.357250000E+02 5.585871500E+01 3.684270000E-01 9.134647265E-03
1.537180000E+02 5.582225800E+01 2.930880000E-01 8.065418494E-03
1.740930000E+02 5.578859000E+01 2.332950000E-01 7.121481047E-03
1.971540000E+02 5.575832600E+01 1.857790000E-01 6.288485144E-03
2.221870000E+02 5.573237700E+01 1.494140000E-01 5.579984428E-03
2.512660000E+02 5.570921500E+01 1.198420000E-01 4.934213145E-03
2.840760000E+02 5.568925000E+01 9.646810000E-02 4.364325040E-03
3.208120000E+02 5.567237300E+01 7.817110000E-02 3.864568657E-03
3.626290000E+02 5.565807700E+01 6.362200000E-02 3.418921267E-03
4.115930000E+02 5.564581100E+01 5.177000000E-02 3.012198944E-03
4.664080000E+02 5.563587900E+01 4.258170000E-02 2.658187681E-03
5.293590000E+02 5.562765800E+01 3.523900000E-02 2.342077872E-03
6.032650000E+02 5.562083600E+01 2.929630000E-02 2.055149893E-03
6.938250000E+02 5.561507200E+01 2.431050000E-02 1.786905920E-03
8.078740000E+02 5.561028100E+01 2.016730000E-02 1.534645254E-03
9.441230000E+02 5.560666100E+01 1.692690000E-02 1.313176355E-03
1.120600000E+03 5.560399600E+01 1.411350000E-02 1.106371587E-03
1.347260000E+03 5.560197900E+01 1.153650000E-02 9.202381129E-04
1.619760000E+03 5.560055500E+01 9.430070000E-03 7.654220378E-04
1.947380000E+03 5.559954200E+01 7.708250000E-03 6.366502686E-04
2.341270000E+03 5.559875500E+01 6.300810000E-03 5.295416590E-04
2.814820000E+03 5.559819100E+01 5.150350000E-03 4.404544518E-04
3.384160000E+03 5.559780100E+01 4.209950000E-03 3.663538367E-04
4.068660000E+03 5.559753100E+01 3.441260000E-03 3.047194900E-04
4.891600000E+03 5.559734400E+01 2.812930000E-03 2.534549023E-04
5.881000000E+03 5.559721500E+01 2.299320000E-03 2.108144873E-04
7.070510000E+03 5.559712500E+01 1.879490000E-03 1.753480301E-04
8.500630000E+03 5.559706400E+01 1.536320000E-03 1.458480136E-04
1.000000000E+04 5.559702500E+01 1.288280000E-03 1.239800000E-04
