# Data retrieved from https://www-nds.iaea.org/epdl97/za1to100.htm 03/01/2021
# Element, C  (Z = 6) 
# Atomic weight, g mol-1 = 12.011 
# Nominal density, g cm-3 =  2.26500E+0 
# Relativistic correction estimate f_rel(5CL)*,  e atom-1 =  0 
# Nuclear Thomson correction f_NT*, e atom-1 =  0 
#    E [keV]      f1 [e atom-1]      f2 [e atom-1]    Wavelength [nm] 
1.000000000E-03 1.248620000E+00 0.000000000E+00 1.239800000E+03
1.125000000E-03 1.246170000E+00 0.000000000E+00 1.102044444E+03
1.265630000E-03 1.243410000E+00 0.000000000E+00 9.795911917E+02
1.423830000E-03 1.240310000E+00 0.000000000E+00 8.707500193E+02
1.500000000E-03 1.238820000E+00 0.000000000E+00 8.265333333E+02
1.601810000E-03 1.235830000E+00 0.000000000E+00 7.739994132E+02
1.802030000E-03 1.229940000E+00 0.000000000E+00 6.880018646E+02
2.000000000E-03 1.224130000E+00 0.000000000E+00 6.199000000E+02
2.027290000E-03 1.223280000E+00 0.000000000E+00 6.115553276E+02
2.250000000E-03 1.216390000E+00 0.000000000E+00 5.510222222E+02
2.280700000E-03 1.215090000E+00 0.000000000E+00 5.436050335E+02
2.565780000E-03 1.203070000E+00 0.000000000E+00 4.832058867E+02
2.812500000E-03 1.192660000E+00 0.000000000E+00 4.408177778E+02
2.886510000E-03 1.188620000E+00 0.000000000E+00 4.295152277E+02
3.206180000E-03 1.171170000E+00 0.000000000E+00 3.866907036E+02
3.515630000E-03 1.154270000E+00 0.000000000E+00 3.526537207E+02
3.730650000E-03 1.139760000E+00 0.000000000E+00 3.323281466E+02
4.000000000E-03 1.121010000E+00 0.000000000E+00 3.099500000E+02
4.132190000E-03 1.109970000E+00 0.000000000E+00 3.000346063E+02
4.460120000E-03 1.082390000E+00 0.000000000E+00 2.779745836E+02
4.706070000E-03 1.057860000E+00 0.000000000E+00 2.634469951E+02
4.890530000E-03 1.039460000E+00 0.000000000E+00 2.535103557E+02
5.028870000E-03 1.024560000E+00 0.000000000E+00 2.465364983E+02
5.132630000E-03 1.012230000E+00 0.000000000E+00 2.415525764E+02
5.210450000E-03 1.002990000E+00 0.000000000E+00 2.379448992E+02
5.268810000E-03 9.960500000E-01 0.000000000E+00 2.353093013E+02
5.312590000E-03 9.908500000E-01 0.000000000E+00 2.333701641E+02
5.345420000E-03 9.869500000E-01 0.000000000E+00 2.319368731E+02
5.394660000E-03 9.811000000E-01 0.000000000E+00 2.298198589E+02
5.419280000E-03 9.781700000E-01 0.000000000E+00 2.287757783E+02
5.443910000E-03 9.749100000E-01 0.000000000E+00 2.277407231E+02
5.454280000E-03 9.734600000E-01 0.000000000E+00 2.273077290E+02
5.481130000E-03 9.697100000E-01 0.000000000E+00 2.261942337E+02
5.494550000E-03 9.678400000E-01 0.000000000E+00 2.256417723E+02
5.507980000E-03 9.659600000E-01 0.000000000E+00 2.250915944E+02
5.521400000E-03 9.640900000E-01 0.000000000E+00 2.245444996E+02
5.529550000E-03 9.629500000E-01 0.000000000E+00 2.242135436E+02
5.537700000E-03 9.618100000E-01 0.000000000E+00 2.238835618E+02
5.544400000E-03 9.608700000E-01 0.000000000E+00 2.236130149E+02
5.551100000E-03 9.599400000E-01 0.000000000E+00 2.233431212E+02
5.557800000E-03 9.590000000E-01 0.000000000E+00 2.230738782E+02
5.564500000E-03 9.580700000E-01 0.000000000E+00 2.228052835E+02
5.569800000E-03 9.573300000E-01 0.000000000E+00 2.225932709E+02
5.575100000E-03 9.565900000E-01 0.000000000E+00 2.223816613E+02
5.588530000E-03 9.547100000E-01 0.000000000E+00 2.218472478E+02
5.590210000E-03 9.544800000E-01 0.000000000E+00 2.217805771E+02
5.593140000E-03 9.540700000E-01 0.000000000E+00 2.216643960E+02
5.597550000E-03 9.534500000E-01 0.000000000E+00 2.214897589E+02
5.599750000E-03 9.531400000E-01 0.000000000E+00 2.214027412E+02
5.600300000E-03 9.530700000E-01 0.000000000E+00 2.213809974E+02
5.601650000E-03 9.528800000E-01 0.000000000E+00 2.213276445E+02
5.602460000E-03 9.527600000E-01 0.000000000E+00 2.212956451E+02
5.603440000E-03 9.526300000E-01 0.000000000E+00 2.212569422E+02
5.605270000E-03 9.523700000E-01 0.000000000E+00 2.211847065E+02
5.608480000E-03 9.519200000E-01 0.000000000E+00 2.210581120E+02
5.618100000E-03 9.505800000E-01 0.000000000E+00 2.206795892E+02
5.621450000E-03 9.501100000E-01 0.000000000E+00 2.205480792E+02
5.626470000E-03 9.494100000E-01 0.000000000E+00 2.203513037E+02
5.631500000E-03 9.487100000E-01 0.000000000E+00 2.201544881E+02
5.637540000E-03 9.478600000E-01 0.000000000E+00 2.199186170E+02
5.646600000E-03 9.466000000E-01 0.000000000E+00 2.195657564E+02
5.651130000E-03 9.459700000E-01 0.000000000E+00 2.193897504E+02
5.655660000E-03 9.453300000E-01 0.000000000E+00 2.192140263E+02
5.669080000E-03 9.434600000E-01 0.000000000E+00 2.186950969E+02
5.682510000E-03 9.415800000E-01 0.000000000E+00 2.181782346E+02
5.695930000E-03 9.397100000E-01 0.000000000E+00 2.176641918E+02
5.703910000E-03 9.385900000E-01 0.000000000E+00 2.173596708E+02
5.717340000E-03 9.367200000E-01 0.000000000E+00 2.168490942E+02
5.720060000E-03 9.363400000E-01 0.000000000E+00 2.167459782E+02
5.722780000E-03 9.359600000E-01 0.000000000E+00 2.166429602E+02
5.725580000E-03 9.355700000E-01 0.000000000E+00 2.165370146E+02
5.731170000E-03 9.347900000E-01 0.000000000E+00 2.163258113E+02
5.736710000E-03 9.340100000E-01 0.000000000E+00 2.161169032E+02
5.742200000E-03 9.332500000E-01 0.000000000E+00 2.159102783E+02
5.747660000E-03 9.324800000E-01 0.000000000E+00 2.157051739E+02
5.753070000E-03 9.317300000E-01 0.000000000E+00 2.155023318E+02
5.758430000E-03 9.309800000E-01 0.000000000E+00 2.153017402E+02
5.763760000E-03 9.302300000E-01 0.000000000E+00 2.151026413E+02
5.829500000E-03 9.210000000E-01 0.000000000E+00 2.126769020E+02
6.440240000E-03 8.113300000E-01 0.000000000E+00 1.925083537E+02
6.471950000E-03 8.049200000E-01 0.000000000E+00 1.915651388E+02
6.487800000E-03 8.017200000E-01 0.000000000E+00 1.910971362E+02
6.504380000E-03 7.983600000E-01 0.000000000E+00 1.906100197E+02
6.520230000E-03 7.951600000E-01 0.000000000E+00 1.901466666E+02
6.533420000E-03 7.924900000E-01 0.000000000E+00 1.897627889E+02
6.546600000E-03 7.898300000E-01 0.000000000E+00 1.893807473E+02
6.557200000E-03 7.876900000E-01 0.000000000E+00 1.890746050E+02
6.567790000E-03 7.855500000E-01 0.000000000E+00 1.887697384E+02
6.583650000E-03 7.823400000E-01 0.000000000E+00 1.883149924E+02
6.599500000E-03 7.791400000E-01 0.000000000E+00 1.878627169E+02
6.615350000E-03 7.759300000E-01 0.000000000E+00 1.874126086E+02
6.619320000E-03 7.751300000E-01 0.000000000E+00 1.873002061E+02
6.631210000E-03 7.727300000E-01 0.000000000E+00 1.869643700E+02
6.634530000E-03 7.720600000E-01 0.000000000E+00 1.868708107E+02
6.640330000E-03 7.708800000E-01 0.000000000E+00 1.867075883E+02
6.644690000E-03 7.700000000E-01 0.000000000E+00 1.865850777E+02
6.651220000E-03 7.686800000E-01 0.000000000E+00 1.864018932E+02
6.657760000E-03 7.673600000E-01 0.000000000E+00 1.862187883E+02
6.663010000E-03 7.663000000E-01 0.000000000E+00 1.860720605E+02
6.669900000E-03 7.649100000E-01 0.000000000E+00 1.858798483E+02
6.676550000E-03 7.635600000E-01 0.000000000E+00 1.856947076E+02
6.686690000E-03 7.615100000E-01 0.000000000E+00 1.854131117E+02
6.690660000E-03 7.607100000E-01 0.000000000E+00 1.853030942E+02
6.694620000E-03 7.599100000E-01 0.000000000E+00 1.851934837E+02
6.702170000E-03 7.583800000E-01 0.000000000E+00 1.849848631E+02
6.709720000E-03 7.568600000E-01 0.000000000E+00 1.847767120E+02
6.725570000E-03 7.536500000E-01 0.000000000E+00 1.843412529E+02
6.742180000E-03 7.503000000E-01 0.000000000E+00 1.838871107E+02
6.757280000E-03 7.472500000E-01 0.000000000E+00 1.834761916E+02
6.758040000E-03 7.470900000E-01 0.000000000E+00 1.834555581E+02
6.768150000E-03 7.450500000E-01 0.000000000E+00 1.831815193E+02
6.768910000E-03 7.448900000E-01 0.000000000E+00 1.831609521E+02
6.801200000E-03 7.375600000E-01 0.000000000E+00 1.822913603E+02
7.043400000E-03 6.729600000E-01 0.000000000E+00 1.760229435E+02
7.103950000E-03 6.568100000E-01 0.000000000E+00 1.745226247E+02
7.149360000E-03 6.447000000E-01 0.000000000E+00 1.734141238E+02
7.217480000E-03 6.265300000E-01 0.000000000E+00 1.717774071E+02
7.251830000E-03 6.170400000E-01 0.000000000E+00 1.709637429E+02
7.285590000E-03 6.054500000E-01 0.000000000E+00 1.701715304E+02
7.285600000E-03 6.054500000E-01 0.000000000E+00 1.701712968E+02
7.295970000E-03 6.018900000E-01 0.000000000E+00 1.699294268E+02
7.301310000E-03 6.000600000E-01 0.000000000E+00 1.698051446E+02
7.311670000E-03 5.965000000E-01 0.000000000E+00 1.695645454E+02
7.331890000E-03 5.895600000E-01 0.000000000E+00 1.690969177E+02
7.339400000E-03 5.869800000E-01 0.000000000E+00 1.689238902E+02
7.349840000E-03 5.834000000E-01 0.000000000E+00 1.686839441E+02
7.357330000E-03 5.808300000E-01 0.000000000E+00 1.685122184E+02
7.367800000E-03 5.772400000E-01 0.000000000E+00 1.682727544E+02
7.383660000E-03 5.717900000E-01 0.000000000E+00 1.679113069E+02
7.403720000E-03 5.649100000E-01 0.000000000E+00 1.674563598E+02
7.421680000E-03 5.587400000E-01 0.000000000E+00 1.670511259E+02
7.430650000E-03 5.556600000E-01 0.000000000E+00 1.668494681E+02
7.439630000E-03 5.525800000E-01 0.000000000E+00 1.666480726E+02
7.448610000E-03 5.495000000E-01 0.000000000E+00 1.664471626E+02
7.457590000E-03 5.464200000E-01 0.000000000E+00 1.662467365E+02
7.475550000E-03 5.402500000E-01 0.000000000E+00 1.658473290E+02
7.493510000E-03 5.340900000E-01 0.000000000E+00 1.654498359E+02
7.494630000E-03 5.337000000E-01 0.000000000E+00 1.654251110E+02
7.496730000E-03 5.329800000E-01 0.000000000E+00 1.653787718E+02
7.500420000E-03 5.317200000E-01 0.000000000E+00 1.652974100E+02
7.503180000E-03 5.307700000E-01 0.000000000E+00 1.652366063E+02
7.507320000E-03 5.293500000E-01 0.000000000E+00 1.651454847E+02
7.510430000E-03 5.282800000E-01 0.000000000E+00 1.650770994E+02
7.511470000E-03 5.279300000E-01 0.000000000E+00 1.650542437E+02
7.513040000E-03 5.273800000E-01 0.000000000E+00 1.650197523E+02
7.515990000E-03 5.263700000E-01 0.000000000E+00 1.649549826E+02
7.521160000E-03 5.246000000E-01 0.000000000E+00 1.648415936E+02
7.528910000E-03 5.219400000E-01 0.000000000E+00 1.646719113E+02
7.536660000E-03 5.192800000E-01 0.000000000E+00 1.645025781E+02
7.543830000E-03 5.168200000E-01 0.000000000E+00 1.643462273E+02
7.554590000E-03 5.131300000E-01 0.000000000E+00 1.641121490E+02
7.559960000E-03 5.112800000E-01 0.000000000E+00 1.639955767E+02
7.565340000E-03 5.094300000E-01 0.000000000E+00 1.638789532E+02
7.574320000E-03 5.063500000E-01 0.000000000E+00 1.636846608E+02
7.583300000E-03 5.032700000E-01 0.000000000E+00 1.634908285E+02
7.596470000E-03 4.983200000E-01 0.000000000E+00 1.632073845E+02
7.601260000E-03 4.962600000E-01 0.000000000E+00 1.631045379E+02
7.608390000E-03 4.931800000E-01 0.000000000E+00 1.629516889E+02
7.619210000E-03 4.885000000E-01 0.000000000E+00 1.627202820E+02
7.626320000E-03 4.854300000E-01 0.000000000E+00 1.625685783E+02
7.644260000E-03 4.776900000E-01 0.000000000E+00 1.621870528E+02
7.650370000E-03 4.750500000E-01 0.000000000E+00 1.620575214E+02
7.653350000E-03 4.737600000E-01 0.000000000E+00 1.619944207E+02
7.655130000E-03 4.729900000E-01 0.000000000E+00 1.619567532E+02
7.660730000E-03 4.705700000E-01 0.000000000E+00 1.618383627E+02
7.663450000E-03 4.694000000E-01 0.000000000E+00 1.617809211E+02
7.671610000E-03 4.658800000E-01 0.000000000E+00 1.616088409E+02
7.679770000E-03 4.623500000E-01 0.000000000E+00 1.614371264E+02
7.932760000E-03 3.448400000E-01 0.000000000E+00 1.562886057E+02
7.935180000E-03 3.435600000E-01 0.000000000E+00 1.562409422E+02
7.943120000E-03 3.393300000E-01 0.000000000E+00 1.560847627E+02
7.945540000E-03 3.380500000E-01 0.000000000E+00 1.560372234E+02
7.974240000E-03 3.228000000E-01 0.000000000E+00 1.554756315E+02
7.984650000E-03 3.172600000E-01 0.000000000E+00 1.552729299E+02
7.993770000E-03 3.124100000E-01 0.000000000E+00 1.550957808E+02
8.004210000E-03 3.068300000E-01 0.000000000E+00 1.548934873E+02
8.013300000E-03 3.019400000E-01 0.000000000E+00 1.547177817E+02
8.030430000E-03 2.927100000E-01 0.000000000E+00 1.543877476E+02
8.052360000E-03 2.792900000E-01 0.000000000E+00 1.539672841E+02
8.071900000E-03 2.653300000E-01 0.000000000E+00 1.535945688E+02
8.091430000E-03 2.513600000E-01 0.000000000E+00 1.532238430E+02
8.110960000E-03 2.374000000E-01 0.000000000E+00 1.528549025E+02
8.130490000E-03 2.234400000E-01 0.000000000E+00 1.524877344E+02
8.150020000E-03 2.094700000E-01 0.000000000E+00 1.521223261E+02
8.169550000E-03 1.955100000E-01 0.000000000E+00 1.517586648E+02
8.184670000E-03 1.847000000E-01 0.000000000E+00 1.514783125E+02
8.199780000E-03 1.738900000E-01 0.000000000E+00 1.511991785E+02
8.213960000E-03 1.637500000E-01 0.000000000E+00 1.509381589E+02
8.228150000E-03 1.536100000E-01 0.000000000E+00 1.506778559E+02
8.238890000E-03 1.459300000E-01 0.000000000E+00 1.504814362E+02
8.248090000E-03 1.393500000E-01 0.000000000E+00 1.503135878E+02
8.263200000E-03 1.285500000E-01 0.000000000E+00 1.500387259E+02
8.268400000E-03 1.248300000E-01 0.000000000E+00 1.499443665E+02
8.278270000E-03 1.177700000E-01 0.000000000E+00 1.497655911E+02
8.288700000E-03 1.103200000E-01 0.000000000E+00 1.495771351E+02
8.298550000E-03 1.032800000E-01 0.000000000E+00 1.493995939E+02
8.317120000E-03 8.999000000E-02 0.000000000E+00 1.490660229E+02
8.325800000E-03 8.379000000E-02 0.000000000E+00 1.489106152E+02
8.336680000E-03 7.491000000E-02 0.000000000E+00 1.487162755E+02
8.359380000E-03 5.274000000E-02 0.000000000E+00 1.483124347E+02
8.373030000E-03 3.924000000E-02 0.000000000E+00 1.480706506E+02
8.395380000E-03 1.715000000E-02 0.000000000E+00 1.476764601E+02
8.416040000E-03 -3.280000000E-03 0.000000000E+00 1.473139386E+02
8.436710000E-03 -2.371000000E-02 0.000000000E+00 1.469530184E+02
8.457370000E-03 -4.414000000E-02 0.000000000E+00 1.465940357E+02
8.478040000E-03 -6.512000000E-02 0.000000000E+00 1.462366302E+02
8.490970000E-03 -8.171000000E-02 0.000000000E+00 1.460139419E+02
8.503910000E-03 -9.913000000E-02 0.000000000E+00 1.457917593E+02
8.514740000E-03 -1.137200000E-01 0.000000000E+00 1.456063250E+02
8.530990000E-03 -1.356100000E-01 0.000000000E+00 1.453289712E+02
8.539120000E-03 -1.465500000E-01 0.000000000E+00 1.451906051E+02
8.547240000E-03 -1.574900000E-01 0.000000000E+00 1.450526720E+02
8.555590000E-03 -1.687300000E-01 0.000000000E+00 1.449111049E+02
8.563940000E-03 -1.799700000E-01 0.000000000E+00 1.447698139E+02
8.573170000E-03 -1.924100000E-01 0.000000000E+00 1.446139526E+02
8.577790000E-03 -1.986300000E-01 0.000000000E+00 1.445360635E+02
8.580100000E-03 -2.017400000E-01 0.000000000E+00 1.444971504E+02
8.582410000E-03 -2.048500000E-01 0.000000000E+00 1.444582582E+02
8.583680000E-03 -2.065600000E-01 0.000000000E+00 1.444368849E+02
8.586060000E-03 -2.097600000E-01 0.000000000E+00 1.443968479E+02
8.590210000E-03 -2.153600000E-01 0.000000000E+00 1.443270886E+02
8.593330000E-03 -2.195600000E-01 0.000000000E+00 1.442746875E+02
8.598010000E-03 -2.258600000E-01 0.000000000E+00 1.441961570E+02
8.600350000E-03 -2.290100000E-01 0.000000000E+00 1.441569238E+02
8.601520000E-03 -2.305800000E-01 0.000000000E+00 1.441373153E+02
8.602690000E-03 -2.321600000E-01 0.000000000E+00 1.441177120E+02
8.605600000E-03 -2.360700000E-01 0.000000000E+00 1.440689783E+02
8.629470000E-03 -2.699500000E-01 9.319820000E-07 1.436704688E+02
8.633550000E-03 -2.766700000E-01 1.557830000E-06 1.436025737E+02
8.650540000E-03 -3.059200000E-01 5.020220000E-06 1.433205326E+02
8.662280000E-03 -3.271300000E-01 1.084870000E-05 1.431262901E+02
8.679740000E-03 -3.604000000E-01 3.234920000E-05 1.428383800E+02
8.697410000E-03 -3.964800000E-01 9.184060000E-05 1.425481839E+02
8.711910000E-03 -4.281700000E-01 2.063610000E-04 1.423109284E+02
8.727750000E-03 -4.653400000E-01 4.769710000E-04 1.420526482E+02
8.747010000E-03 -5.147900000E-01 1.236780000E-03 1.417398631E+02
8.769180000E-03 -5.789300000E-01 3.396660000E-03 1.413815203E+02
8.787330000E-03 -6.385400000E-01 7.262180000E-03 1.410895005E+02
8.808660000E-03 -7.185000000E-01 1.645370000E-02 1.407478550E+02
8.825720000E-03 -7.910600000E-01 2.984640000E-02 1.404757912E+02
8.847350000E-03 -8.944400000E-01 5.915530000E-02 1.401323560E+02
8.869170000E-03 -1.009770000E+00 1.090480000E-01 1.397876013E+02
8.907740000E-03 -1.222030000E+00 2.676380000E-01 1.391823291E+02
8.951850000E-03 -1.410660000E+00 5.733980000E-01 1.384965119E+02
8.996970000E-03 -1.448500000E+00 9.675870000E-01 1.378019489E+02
9.022270000E-03 -1.398350000E+00 1.179840000E+00 1.374155285E+02
9.046540000E-03 -1.304500000E+00 1.353290000E+00 1.370468710E+02
9.067910000E-03 -1.201100000E+00 1.474450000E+00 1.367238978E+02
9.091070000E-03 -1.080460000E+00 1.571160000E+00 1.363755862E+02
9.103300000E-03 -1.017460000E+00 1.608880000E+00 1.361923698E+02
9.113410000E-03 -9.668200000E-01 1.634950000E+00 1.360412842E+02
9.125950000E-03 -9.067600000E-01 1.659890000E+00 1.358543494E+02
9.142600000E-03 -8.319700000E-01 1.684730000E+00 1.356069389E+02
9.167850000E-03 -7.323500000E-01 1.707810000E+00 1.352334517E+02
9.206120000E-03 -6.096900000E-01 1.725020000E+00 1.346712839E+02
9.228430000E-03 -5.474900000E-01 1.731240000E+00 1.343457121E+02
9.278160000E-03 -4.502000000E-01 1.738390000E+00 1.336256327E+02
9.346320000E-03 -3.173300000E-01 1.748170000E+00 1.326511397E+02
9.420000000E-03 -2.249600000E-01 1.757970000E+00 1.316135881E+02
9.557400000E-03 -6.483000000E-02 1.776170000E+00 1.297214724E+02
9.700000000E-03 6.385000000E-02 1.794850000E+00 1.278144330E+02
9.966470000E-03 2.459500000E-01 1.823230000E+00 1.243971035E+02
1.023290000E-02 3.895700000E-01 1.850330000E+00 1.211582249E+02
1.041690000E-02 4.726300000E-01 1.865570000E+00 1.190181340E+02
1.084190000E-02 6.444000000E-01 1.898950000E+00 1.143526504E+02
1.121370000E-02 7.699200000E-01 1.920690000E+00 1.105611885E+02
1.200000000E-02 9.911800000E-01 1.957020000E+00 1.033166667E+02
1.312550000E-02 1.238380000E+00 1.987720000E+00 9.445735401E+01
1.449710000E-02 1.474620000E+00 1.996590000E+00 8.552055239E+01
1.488690000E-02 1.527280000E+00 1.994930000E+00 8.328127414E+01
1.503270000E-02 1.544720000E+00 1.993620000E+00 8.247354101E+01
1.514210000E-02 1.557800000E+00 1.992630000E+00 8.187767879E+01
1.525150000E-02 1.570870000E+00 1.991640000E+00 8.129036488E+01
1.536090000E-02 1.583950000E+00 1.990660000E+00 8.071141665E+01
1.554320000E-02 1.605750000E+00 1.989010000E+00 7.976478460E+01
1.569710000E-02 1.623020000E+00 1.987620000E+00 7.898274204E+01
1.581280000E-02 1.634430000E+00 1.986580000E+00 7.840483659E+01
1.588980000E-02 1.642030000E+00 1.985880000E+00 7.802489647E+01
1.596690000E-02 1.649640000E+00 1.985190000E+00 7.764813458E+01
1.604400000E-02 1.657010000E+00 1.984390000E+00 7.727499377E+01
1.612110000E-02 1.664090000E+00 1.983460000E+00 7.690542209E+01
1.619820000E-02 1.670900000E+00 1.982420000E+00 7.653936857E+01
1.631380000E-02 1.677650000E+00 1.980330000E+00 7.599700867E+01
1.657750000E-02 1.688830000E+00 1.975570000E+00 7.478811642E+01
1.670230000E-02 1.694130000E+00 1.973320000E+00 7.422929776E+01
1.682050000E-02 1.699140000E+00 1.971190000E+00 7.370767813E+01
1.697440000E-02 1.700080000E+00 1.968420000E+00 7.303940051E+01
1.756000000E-02 1.617450000E+00 2.069390000E+00 7.060364465E+01
1.853860000E-02 1.879230000E+00 2.198500000E+00 6.687667893E+01
2.400000000E-02 2.555100000E+00 2.211350000E+00 5.165833333E+01
3.273410000E-02 3.247470000E+00 2.019110000E+00 3.787487666E+01
4.095190000E-02 3.629590000E+00 1.770580000E+00 3.027454160E+01
5.190530000E-02 3.925220000E+00 1.487970000E+00 2.388580742E+01
6.651060000E-02 4.121230000E+00 1.195750000E+00 1.864063773E+01
8.309780000E-02 4.217900000E+00 9.597260000E-01 1.491976924E+01
1.007900000E-01 4.250950000E+00 7.786490000E-01 1.230082349E+01
1.222330000E-01 4.236350000E+00 6.226510000E-01 1.014292376E+01
1.456860000E-01 4.177610000E+00 5.031000000E-01 8.510083330E+00
1.726680000E-01 4.064710000E+00 4.055380000E-01 7.180253434E+00
2.031930000E-01 3.863440000E+00 3.275820000E-01 6.101588145E+00
2.283370000E-01 3.601570000E+00 2.795690000E-01 5.429693830E+00
2.434170000E-01 3.362190000E+00 2.561780000E-01 5.093317229E+00
2.536970000E-01 3.144480000E+00 2.417930000E-01 4.886932049E+00
2.605320000E-01 2.953600000E+00 2.330830000E-01 4.758724456E+00
2.644840000E-01 2.815070000E+00 2.281890000E-01 4.687618155E+00
2.683100000E-01 2.659030000E+00 2.237570000E-01 4.620774477E+00
2.704030000E-01 2.551910000E+00 2.213340000E-01 4.585008302E+00
2.723200000E-01 2.448890000E+00 2.191460000E-01 4.552732080E+00
2.740710000E-01 2.354760000E+00 2.171760000E-01 4.523645333E+00
2.746980000E-01 2.311120000E+00 2.164970000E-01 4.513320082E+00
2.752570000E-01 2.272120000E+00 2.158900000E-01 4.504154299E+00
2.766120000E-01 2.177680000E+00 2.144270000E-01 4.482090437E+00
2.772890000E-01 2.120650000E+00 2.137020000E-01 4.471147431E+00
2.779670000E-01 2.061750000E+00 2.129770000E-01 4.460241683E+00
2.786440000E-01 2.002860000E+00 2.122510000E-01 4.449404976E+00
2.793220000E-01 1.943960000E+00 2.115260000E-01 4.438604908E+00
2.800650000E-01 1.868750000E+00 2.107470000E-01 4.426829486E+00
2.808080000E-01 1.786190000E+00 2.100170000E-01 4.415116378E+00
2.810840000E-01 1.753670000E+00 2.097620000E-01 4.410781119E+00
2.815390000E-01 1.697290000E+00 2.093790000E-01 4.403652780E+00
2.822680000E-01 1.598960000E+00 2.090080000E-01 4.392279677E+00
2.833560000E-01 1.429020000E+00 2.102340000E-01 4.375414673E+00
2.840160000E-01 1.307790000E+00 2.139390000E-01 4.365247028E+00
2.848210000E-01 1.135070000E+00 2.262400000E-01 4.352909371E+00
2.851910000E-01 1.044960000E+00 2.370210000E-01 4.347262010E+00
2.856920000E-01 9.105000000E-01 2.599980000E-01 4.339638492E+00
2.859370000E-01 8.396300000E-01 2.758240000E-01 4.335920150E+00
2.861700000E-01 7.687600000E-01 2.944620000E-01 4.332389838E+00
2.863920000E-01 6.982100000E-01 3.159780000E-01 4.329031537E+00
2.865360000E-01 6.511800000E-01 3.321770000E-01 4.326855962E+00
2.866670000E-01 6.075300000E-01 3.484340000E-01 4.324878692E+00
2.868070000E-01 5.598200000E-01 3.675960000E-01 4.322767575E+00
2.868940000E-01 5.299000000E-01 3.805440000E-01 4.321456705E+00
2.870050000E-01 4.910200000E-01 3.982840000E-01 4.319785370E+00
2.870320000E-01 4.814100000E-01 4.029220000E-01 4.319379024E+00
2.871030000E-01 4.563400000E-01 4.151130000E-01 4.318310850E+00
2.874300000E-01 3.384200000E-01 4.797350000E-01 4.313398045E+00
2.875940000E-01 2.785700000E-01 5.173530000E-01 4.310938337E+00
2.883900000E-01 -1.095000000E-02 7.549080000E-01 4.299039495E+00
2.885510000E-01 -6.698000000E-02 8.148750000E-01 4.296640802E+00
2.891620000E-01 -2.624400000E-01 1.078680000E+00 4.287561989E+00
2.896100000E-01 -3.786400000E-01 1.306370000E+00 4.280929526E+00
2.900670000E-01 -4.662000000E-01 1.562910000E+00 4.274184930E+00
2.903800000E-01 -5.053400000E-01 1.749270000E+00 4.269577795E+00
2.907230000E-01 -5.029000000E-01 1.961530000E+00 4.264540473E+00
2.913800000E-01 -4.970700000E-01 2.366930000E+00 4.254924840E+00
2.917550000E-01 -4.407800000E-01 2.591060000E+00 4.249455879E+00
2.922160000E-01 -3.426600000E-01 2.852230000E+00 4.242751937E+00
2.924460000E-01 -2.773900000E-01 2.973190000E+00 4.239415140E+00
2.927990000E-01 -1.669600000E-01 3.145520000E+00 4.234304079E+00
2.931960000E-01 -2.674000000E-02 3.316690000E+00 4.228570649E+00
2.936040000E-01 1.298200000E-01 3.467520000E+00 4.222694514E+00
2.938280000E-01 2.195200000E-01 3.536190000E+00 4.219475339E+00
2.944500000E-01 4.706100000E-01 3.696230000E+00 4.210562065E+00
2.945190000E-01 4.981500000E-01 3.709620000E+00 4.209575613E+00
2.951010000E-01 7.264000000E-01 3.807860000E+00 4.201273462E+00
2.956360000E-01 9.253300000E-01 3.866410000E+00 4.193670595E+00
2.964510000E-01 1.190580000E+00 3.908220000E+00 4.182141399E+00
2.977500000E-01 1.534840000E+00 3.914490000E+00 4.163895886E+00
2.998610000E-01 1.934210000E+00 3.876280000E+00 4.134582356E+00
3.016070000E-01 2.182910000E+00 3.840830000E+00 4.110647299E+00
3.025000000E-01 2.299770000E+00 3.822610000E+00 4.098512397E+00
3.048810000E-01 2.537980000E+00 3.785710000E+00 4.066504636E+00
3.077460000E-01 2.772790000E+00 3.750500000E+00 4.028647001E+00
3.148510000E-01 3.240840000E+00 3.687500000E+00 3.937735627E+00
3.202790000E-01 3.525120000E+00 3.642990000E+00 3.870999972E+00
3.406950000E-01 4.313140000E+00 3.456320000E+00 3.639031979E+00
3.546650000E-01 4.696110000E+00 3.295010000E+00 3.495693119E+00
3.728240000E-01 5.053821000E+00 3.072880000E+00 3.325429693E+00
3.844840000E-01 5.226466000E+00 2.942790000E+00 3.224581517E+00
3.952980000E-01 5.362634000E+00 2.830270000E+00 3.136368006E+00
4.059170000E-01 5.476072000E+00 2.726060000E+00 3.054318986E+00
4.148500000E-01 5.560544000E+00 2.643950000E+00 2.988550078E+00
4.255430000E-01 5.648021000E+00 2.551170000E+00 2.913454105E+00
4.326390000E-01 5.704006000E+00 2.491210000E+00 2.865668606E+00
4.373410000E-01 5.735650000E+00 2.453910000E+00 2.834858840E+00
4.422190000E-01 5.768504000E+00 2.415270000E+00 2.803588267E+00
4.541800000E-01 5.842109000E+00 2.325990000E+00 2.729754723E+00
4.686170000E-01 5.921355600E+00 2.222100000E+00 2.645657328E+00
4.872590000E-01 6.005093800E+00 2.096460000E+00 2.544437353E+00
4.963870000E-01 6.041791500E+00 2.037830000E+00 2.497648004E+00
5.122270000E-01 6.095907800E+00 1.939580000E+00 2.420411263E+00
5.368390000E-01 6.161099000E+00 1.800530000E+00 2.309444731E+00
5.678390000E-01 6.222278000E+00 1.647280000E+00 2.183365355E+00
6.130770000E-01 6.282815000E+00 1.455860000E+00 2.022258216E+00
6.851680000E-01 6.335898000E+00 1.213030000E+00 1.809483222E+00
7.729320000E-01 6.356936000E+00 9.888610000E-01 1.604022087E+00
8.684600000E-01 6.354439000E+00 8.086930000E-01 1.427584460E+00
9.825750000E-01 6.338427000E+00 6.505610000E-01 1.261786632E+00
1.117130000E+00 6.311448000E+00 5.163150000E-01 1.109808169E+00
1.259830000E+00 6.282307000E+00 4.146150000E-01 9.841010295E-01
1.418370000E+00 6.251783000E+00 3.324670000E-01 8.741019621E-01
1.608450000E+00 6.220032000E+00 2.621100000E-01 7.708041904E-01
1.804990000E+00 6.192269000E+00 2.101600000E-01 6.868736115E-01
2.036170000E+00 6.165475000E+00 1.661510000E-01 6.088882559E-01
2.297070000E+00 6.141293000E+00 1.310790000E-01 5.397310487E-01
2.577540000E+00 6.120546000E+00 1.041780000E-01 4.810012648E-01
2.897400000E+00 6.102055000E+00 8.229900000E-02 4.279008766E-01
3.239180000E+00 6.086522000E+00 6.563760000E-02 3.827511901E-01
3.630780000E+00 6.072763100E+00 5.191140000E-02 3.414693262E-01
4.031230000E+00 6.061797100E+00 4.183380000E-02 3.075488126E-01
4.493060000E+00 6.051940400E+00 3.331500000E-02 2.759366668E-01
5.010210000E+00 6.043433300E+00 2.651380000E-02 2.474546975E-01
5.580290000E+00 6.036230700E+00 2.106530000E-02 2.221748332E-01
6.192770000E+00 6.030208100E+00 1.687180000E-02 2.002012024E-01
6.852630000E+00 6.025207800E+00 1.355070000E-02 1.809232368E-01
7.614260000E+00 6.020776000E+00 1.078300000E-02 1.628260658E-01
8.497940000E+00 6.016893400E+00 8.478840000E-03 1.458941814E-01
9.366060000E+00 6.013978400E+00 6.848410000E-03 1.323715629E-01
1.038340000E+01 6.011353100E+00 5.449060000E-03 1.194021226E-01
1.153020000E+01 6.009107400E+00 4.314450000E-03 1.075263222E-01
1.280240000E+01 6.007222990E+00 3.415370000E-03 9.684121727E-02
1.419640000E+01 6.005666260E+00 2.705650000E-03 8.733199966E-02
1.566750000E+01 6.004413580E+00 2.164900000E-03 7.913196107E-02
1.731560000E+01 6.003345120E+00 1.725580000E-03 7.160017556E-02
1.894860000E+01 6.002529990E+00 1.404650000E-03 6.542963596E-02
2.070540000E+01 6.001844090E+00 1.147290000E-03 5.987809943E-02
2.241250000E+01 6.001315490E+00 9.570740000E-04 5.531734523E-02
2.405580000E+01 6.000902925E+00 8.132570000E-04 5.153850631E-02
2.560200000E+01 6.000579852E+00 7.042690000E-04 4.842590423E-02
2.699510000E+01 6.000332604E+00 6.232200000E-04 4.592685339E-02
2.802340000E+01 6.000171711E+00 5.717490000E-04 4.424159809E-02
2.860920000E+01 6.000087529E+00 5.451900000E-04 4.333571019E-02
2.900350000E+01 6.000032681E+00 5.279390000E-04 4.274656507E-02
2.959160000E+01 5.999955465E+00 5.039360000E-04 4.189702483E-02
3.008900000E+01 5.999888811E+00 4.848890000E-04 4.120442687E-02
3.102210000E+01 5.999772683E+00 4.520380000E-04 3.996505717E-02
3.243390000E+01 5.999615044E+00 4.078120000E-04 3.822543697E-02
3.440740000E+01 5.999426489E+00 3.554360000E-04 3.603294640E-02
3.722310000E+01 5.999207361E+00 2.958290000E-04 3.330727425E-02
4.096630000E+01 5.998983020E+00 2.365610000E-04 3.026389984E-02
4.539230000E+01 5.998786210E+00 1.862530000E-04 2.731300243E-02
4.976240000E+01 5.998641270E+00 1.503860000E-04 2.491439320E-02
5.495410000E+01 5.998511730E+00 1.192760000E-04 2.256064607E-02
6.085640000E+01 5.998402940E+00 9.398850000E-05 2.037254915E-02
6.727260000E+01 5.998315630E+00 7.436620000E-05 1.842949433E-02
7.405110000E+01 5.998246920E+00 5.942390000E-05 1.674249268E-02
8.145810000E+01 5.998190430E+00 4.752430000E-05 1.522009475E-02
8.944000000E+01 5.998144760E+00 3.821660000E-05 1.386180680E-02
9.864210000E+01 5.998105090E+00 3.041150000E-05 1.256866997E-02
1.084510000E+02 5.998073520E+00 2.443130000E-05 1.143189090E-02
1.188940000E+02 5.998048050E+00 1.974600000E-05 1.042777600E-02
1.305870000E+02 5.998026510E+00 1.590260000E-05 9.494053773E-03
1.444210000E+02 5.998007500E+00 1.263870000E-05 8.584624120E-03
1.587890000E+02 5.997992720E+00 1.017680000E-05 7.807845632E-03
1.756930000E+02 5.997979780E+00 8.105480000E-06 7.056627185E-03
1.939000000E+02 5.997969460E+00 6.506090000E-06 6.394017535E-03
2.155950000E+02 5.997960420E+00 5.152300000E-06 5.750597185E-03
2.370730000E+02 5.997953780E+00 4.191580000E-06 5.229612820E-03
2.617520000E+02 5.997948090E+00 3.392110000E-06 4.736544515E-03
2.918470000E+02 5.997943010E+00 2.702440000E-06 4.248116308E-03
3.256960000E+02 5.997938890E+00 2.162860000E-06 3.806617214E-03
3.636310000E+02 5.997935570E+00 1.740950000E-06 3.409500290E-03
4.027440000E+02 5.997933080E+00 1.433820000E-06 3.078382297E-03
4.521810000E+02 5.997930810E+00 1.162280000E-06 2.741822412E-03
5.071150000E+02 5.997929030E+00 9.540740000E-07 2.444810349E-03
5.688530000E+02 5.997927610E+00 7.915250000E-07 2.179473432E-03
6.456540000E+02 5.997926380E+00 6.537610000E-07 1.920223525E-03
7.359950000E+02 5.997925390E+00 5.451320000E-07 1.684522313E-03
8.436430000E+02 5.997924600E+00 4.597960000E-07 1.469578957E-03
9.891760000E+02 5.997923920E+00 3.852060000E-07 1.253366438E-03
1.173410000E+03 5.997923400E+00 3.259910000E-07 1.056578689E-03
1.410750000E+03 5.997923000E+00 2.729670000E-07 8.788233209E-04
1.696100000E+03 5.997922720E+00 2.285670000E-07 7.309710512E-04
2.039160000E+03 5.997922530E+00 1.913890000E-07 6.079954491E-04
2.451610000E+03 5.997922400E+00 1.602580000E-07 5.057084936E-04
2.947480000E+03 5.997922310E+00 1.341910000E-07 4.206305047E-04
3.543650000E+03 5.997922240E+00 1.123640000E-07 3.498652519E-04
4.260410000E+03 5.997922200E+00 9.408750000E-08 2.910048563E-04
5.122130000E+03 5.997922170E+00 7.878360000E-08 2.420477419E-04
6.158160000E+03 5.997922150E+00 6.596890000E-08 2.013263702E-04
7.403740000E+03 5.997922130E+00 5.523870000E-08 1.674559074E-04
8.901250000E+03 5.997922120E+00 4.625370000E-08 1.392838085E-04
1.000000000E+04 5.997922120E+00 4.140970000E-08 1.239800000E-04
