# Data retrieved from https://www-nds.iaea.org/epdl97/za1to100.htm 03/01/2021
# Element, Co  (Z = 27) 
# Atomic weight, g mol-1 = 58.933 
# Nominal density, g cm-3 =  8.90000E+0 
# Relativistic correction estimate f_rel(5CL)*,  e atom-1 =  0 
# Nuclear Thomson correction f_NT*, e atom-1 =  0 
#    E [keV]      f1 [e atom-1]      f2 [e atom-1]    Wavelength [nm] 
1.000000000E-03 3.880100000E+00 0.000000000E+00 1.239800000E+03
1.125000000E-03 3.878700000E+00 0.000000000E+00 1.102044444E+03
1.265630000E-03 3.877000000E+00 0.000000000E+00 9.795911917E+02
1.423830000E-03 3.875100000E+00 0.000000000E+00 8.707500193E+02
1.601810000E-03 3.873000000E+00 0.000000000E+00 7.739994132E+02
1.802030000E-03 3.870700000E+00 0.000000000E+00 6.880018646E+02
2.027290000E-03 3.867600000E+00 0.000000000E+00 6.115553276E+02
2.275080000E-03 3.861500000E+00 0.000000000E+00 5.449478700E+02
2.491890000E-03 3.856200000E+00 0.000000000E+00 4.975340003E+02
2.681610000E-03 3.851600000E+00 0.000000000E+00 4.623341948E+02
2.847610000E-03 3.847500000E+00 0.000000000E+00 4.353826542E+02
2.992860000E-03 3.843900000E+00 0.000000000E+00 4.142525878E+02
3.119950000E-03 3.840800000E+00 0.000000000E+00 3.973781631E+02
3.231160000E-03 3.838000000E+00 0.000000000E+00 3.837012095E+02
3.328470000E-03 3.835600000E+00 0.000000000E+00 3.724834534E+02
3.413610000E-03 3.833600000E+00 0.000000000E+00 3.631932177E+02
3.488110000E-03 3.831700000E+00 0.000000000E+00 3.554360384E+02
3.553300000E-03 3.830100000E+00 0.000000000E+00 3.489150930E+02
3.667370000E-03 3.827300000E+00 0.000000000E+00 3.380624262E+02
3.752930000E-03 3.825200000E+00 0.000000000E+00 3.303552158E+02
3.817100000E-03 3.823600000E+00 0.000000000E+00 3.248015509E+02
3.865230000E-03 3.822500000E+00 0.000000000E+00 3.207571089E+02
3.901320000E-03 3.821600000E+00 0.000000000E+00 3.177898762E+02
3.928390000E-03 3.820900000E+00 0.000000000E+00 3.156000295E+02
3.948700000E-03 3.820400000E+00 0.000000000E+00 3.139767518E+02
3.979150000E-03 3.819700000E+00 0.000000000E+00 3.115740799E+02
4.000000000E-03 3.819100000E+00 0.000000000E+00 3.099500000E+02
4.009610000E-03 3.818600000E+00 0.000000000E+00 3.092071299E+02
4.019480000E-03 3.818100000E+00 0.000000000E+00 3.084478589E+02
4.029350000E-03 3.817500000E+00 0.000000000E+00 3.076923077E+02
4.039220000E-03 3.817000000E+00 0.000000000E+00 3.069404489E+02
4.049090000E-03 3.816400000E+00 0.000000000E+00 3.061922555E+02
4.051900000E-03 3.816200000E+00 0.000000000E+00 3.059799107E+02
4.061870000E-03 3.815700000E+00 0.000000000E+00 3.052288724E+02
4.071840000E-03 3.815100000E+00 0.000000000E+00 3.044815120E+02
4.081820000E-03 3.814600000E+00 0.000000000E+00 3.037370585E+02
4.091790000E-03 3.814000000E+00 0.000000000E+00 3.029969769E+02
4.101760000E-03 3.813500000E+00 0.000000000E+00 3.022604931E+02
4.109970000E-03 3.813000000E+00 0.000000000E+00 3.016567031E+02
4.118170000E-03 3.812600000E+00 0.000000000E+00 3.010560516E+02
4.124930000E-03 3.812200000E+00 0.000000000E+00 3.005626762E+02
4.128300000E-03 3.812000000E+00 0.000000000E+00 3.003173219E+02
4.131680000E-03 3.811800000E+00 0.000000000E+00 3.000716416E+02
4.139160000E-03 3.811400000E+00 0.000000000E+00 2.995293731E+02
4.144150000E-03 3.811100000E+00 0.000000000E+00 2.991687077E+02
4.147890000E-03 3.810900000E+00 0.000000000E+00 2.988989583E+02
4.149760000E-03 3.810800000E+00 0.000000000E+00 2.987642659E+02
4.151160000E-03 3.810700000E+00 0.000000000E+00 2.986635061E+02
4.151940000E-03 3.810700000E+00 0.000000000E+00 2.986073980E+02
4.152550000E-03 3.810600000E+00 0.000000000E+00 2.985635333E+02
4.161600000E-03 3.810100000E+00 0.000000000E+00 2.979142637E+02
4.164100000E-03 3.810000000E+00 0.000000000E+00 2.977354050E+02
4.171580000E-03 3.809600000E+00 0.000000000E+00 2.972015399E+02
4.175500000E-03 3.809400000E+00 0.000000000E+00 2.969225242E+02
4.181370000E-03 3.809000000E+00 0.000000000E+00 2.965056907E+02
4.187250000E-03 3.808700000E+00 0.000000000E+00 2.960893188E+02
4.194370000E-03 3.808300000E+00 0.000000000E+00 2.955867031E+02
4.201500000E-03 3.807900000E+00 0.000000000E+00 2.950850887E+02
4.211470000E-03 3.807400000E+00 0.000000000E+00 2.943865206E+02
4.221440000E-03 3.806800000E+00 0.000000000E+00 2.936912523E+02
4.231420000E-03 3.806200000E+00 0.000000000E+00 2.929985679E+02
4.246380000E-03 3.805400000E+00 0.000000000E+00 2.919663337E+02
4.251360000E-03 3.805100000E+00 0.000000000E+00 2.916243273E+02
4.255450000E-03 3.804900000E+00 0.000000000E+00 2.913440412E+02
4.263590000E-03 3.804500000E+00 0.000000000E+00 2.907878103E+02
4.271680000E-03 3.804000000E+00 0.000000000E+00 2.902370964E+02
4.287710000E-03 3.803100000E+00 0.000000000E+00 2.891520182E+02
4.303500000E-03 3.802200000E+00 0.000000000E+00 2.880910886E+02
4.319030000E-03 3.801400000E+00 0.000000000E+00 2.870551953E+02
4.334330000E-03 3.800500000E+00 0.000000000E+00 2.860419027E+02
4.364440000E-03 3.798800000E+00 0.000000000E+00 2.840685174E+02
4.393610000E-03 3.797200000E+00 0.000000000E+00 2.821825333E+02
4.421870000E-03 3.795600000E+00 0.000000000E+00 2.803791156E+02
4.449250000E-03 3.794100000E+00 0.000000000E+00 2.786537057E+02
4.475770000E-03 3.792600000E+00 0.000000000E+00 2.770026163E+02
4.501460000E-03 3.791200000E+00 0.000000000E+00 2.754217521E+02
4.526350000E-03 3.789800000E+00 0.000000000E+00 2.739072321E+02
4.550460000E-03 3.788500000E+00 0.000000000E+00 2.724559715E+02
4.573820000E-03 3.787200000E+00 0.000000000E+00 2.710644494E+02
4.596450000E-03 3.785900000E+00 0.000000000E+00 2.697299002E+02
4.771820000E-03 3.776100000E+00 0.000000000E+00 2.598170090E+02
4.837580000E-03 3.772500000E+00 0.000000000E+00 2.562851674E+02
4.895130000E-03 3.769300000E+00 0.000000000E+00 2.532721296E+02
4.945480000E-03 3.766500000E+00 0.000000000E+00 2.506935626E+02
4.989530000E-03 3.764000000E+00 0.000000000E+00 2.484803178E+02
5.028080000E-03 3.761900000E+00 0.000000000E+00 2.465752335E+02
5.061810000E-03 3.760000000E+00 0.000000000E+00 2.449321488E+02
5.091330000E-03 3.758300000E+00 0.000000000E+00 2.435120096E+02
5.142980000E-03 3.755500000E+00 0.000000000E+00 2.410664634E+02
5.181720000E-03 3.753300000E+00 0.000000000E+00 2.392641825E+02
5.210770000E-03 3.751700000E+00 0.000000000E+00 2.379302867E+02
5.232560000E-03 3.750500000E+00 0.000000000E+00 2.369394713E+02
5.248900000E-03 3.749600000E+00 0.000000000E+00 2.362018709E+02
5.261160000E-03 3.748900000E+00 0.000000000E+00 2.356514533E+02
5.279540000E-03 3.747900000E+00 0.000000000E+00 2.348310648E+02
5.288740000E-03 3.747300000E+00 0.000000000E+00 2.344225657E+02
5.293330000E-03 3.747100000E+00 0.000000000E+00 2.342192911E+02
5.297930000E-03 3.746800000E+00 0.000000000E+00 2.340159270E+02
5.310970000E-03 3.746100000E+00 0.000000000E+00 2.334413488E+02
5.324010000E-03 3.745400000E+00 0.000000000E+00 2.328695851E+02
5.337050000E-03 3.744600000E+00 0.000000000E+00 2.323006155E+02
5.350090000E-03 3.743900000E+00 0.000000000E+00 2.317344194E+02
5.363130000E-03 3.743200000E+00 0.000000000E+00 2.311709766E+02
5.369650000E-03 3.742800000E+00 0.000000000E+00 2.308902815E+02
5.376170000E-03 3.742500000E+00 0.000000000E+00 2.306102672E+02
5.382690000E-03 3.742100000E+00 0.000000000E+00 2.303309312E+02
5.389210000E-03 3.741700000E+00 0.000000000E+00 2.300522711E+02
5.395730000E-03 3.741400000E+00 0.000000000E+00 2.297742845E+02
5.402250000E-03 3.741000000E+00 0.000000000E+00 2.294969689E+02
5.408770000E-03 3.740700000E+00 0.000000000E+00 2.292203218E+02
5.412030000E-03 3.740500000E+00 0.000000000E+00 2.290822483E+02
5.415290000E-03 3.740300000E+00 0.000000000E+00 2.289443409E+02
5.418550000E-03 3.740100000E+00 0.000000000E+00 2.288065996E+02
5.423440000E-03 3.739800000E+00 0.000000000E+00 2.286002980E+02
5.425880000E-03 3.739700000E+00 0.000000000E+00 2.284974972E+02
5.427110000E-03 3.739600000E+00 0.000000000E+00 2.284457105E+02
5.427410000E-03 3.739600000E+00 0.000000000E+00 2.284330832E+02
5.427530000E-03 3.739600000E+00 0.000000000E+00 2.284280326E+02
5.427580000E-03 3.739600000E+00 0.000000000E+00 2.284259283E+02
5.427770000E-03 3.739600000E+00 0.000000000E+00 2.284179322E+02
5.428050000E-03 3.739600000E+00 0.000000000E+00 2.284061495E+02
5.428190000E-03 3.739600000E+00 0.000000000E+00 2.284002586E+02
5.428530000E-03 3.739500000E+00 0.000000000E+00 2.283859535E+02
5.429340000E-03 3.739500000E+00 0.000000000E+00 2.283518807E+02
5.441370000E-03 3.738800000E+00 0.000000000E+00 2.278470312E+02
5.444630000E-03 3.738700000E+00 0.000000000E+00 2.277106066E+02
5.454410000E-03 3.738100000E+00 0.000000000E+00 2.273023113E+02
5.460930000E-03 3.737700000E+00 0.000000000E+00 2.270309270E+02
5.467450000E-03 3.737400000E+00 0.000000000E+00 2.267601899E+02
5.473970000E-03 3.737000000E+00 0.000000000E+00 2.264900977E+02
5.480490000E-03 3.736700000E+00 0.000000000E+00 2.262206482E+02
5.487010000E-03 3.736300000E+00 0.000000000E+00 2.259518390E+02
5.493530000E-03 3.735900000E+00 0.000000000E+00 2.256836679E+02
5.506570000E-03 3.735200000E+00 0.000000000E+00 2.251492308E+02
5.519610000E-03 3.734500000E+00 0.000000000E+00 2.246173190E+02
5.532650000E-03 3.733700000E+00 0.000000000E+00 2.240879145E+02
5.545690000E-03 3.733000000E+00 0.000000000E+00 2.235609996E+02
5.558730000E-03 3.732300000E+00 0.000000000E+00 2.230365569E+02
5.566950000E-03 3.731800000E+00 0.000000000E+00 2.227072275E+02
5.583130000E-03 3.730900000E+00 0.000000000E+00 2.220618184E+02
5.598800000E-03 3.730100000E+00 0.000000000E+00 2.214403086E+02
5.629160000E-03 3.728400000E+00 0.000000000E+00 2.202460047E+02
5.657630000E-03 3.726800000E+00 0.000000000E+00 2.191376955E+02
5.684320000E-03 3.725300000E+00 0.000000000E+00 2.181087623E+02
5.734360000E-03 3.722500000E+00 0.000000000E+00 2.162054702E+02
5.778150000E-03 3.719800000E+00 0.000000000E+00 2.145669462E+02
5.854770000E-03 3.714700000E+00 0.000000000E+00 2.117589589E+02
5.912240000E-03 3.710900000E+00 0.000000000E+00 2.097005534E+02
6.084640000E-03 3.699500000E+00 0.000000000E+00 2.037589734E+02
6.095620000E-03 3.698700000E+00 0.000000000E+00 2.033919437E+02
6.125630000E-03 3.696700000E+00 0.000000000E+00 2.023955087E+02
6.140630000E-03 3.695700000E+00 0.000000000E+00 2.019011079E+02
6.155640000E-03 3.694700000E+00 0.000000000E+00 2.014087893E+02
6.162720000E-03 3.694300000E+00 0.000000000E+00 2.011774022E+02
6.170640000E-03 3.693800000E+00 0.000000000E+00 2.009191915E+02
6.193060000E-03 3.692300000E+00 0.000000000E+00 2.001918276E+02
6.208230000E-03 3.691300000E+00 0.000000000E+00 1.997026528E+02
6.223400000E-03 3.690300000E+00 0.000000000E+00 1.992158627E+02
6.234410000E-03 3.689500000E+00 0.000000000E+00 1.988640465E+02
6.247540000E-03 3.688700000E+00 0.000000000E+00 1.984461084E+02
6.260660000E-03 3.687800000E+00 0.000000000E+00 1.980302396E+02
6.284070000E-03 3.686200000E+00 0.000000000E+00 1.972925190E+02
6.299240000E-03 3.685200000E+00 0.000000000E+00 1.968173938E+02
6.314410000E-03 3.684200000E+00 0.000000000E+00 1.963445516E+02
6.329580000E-03 3.683200000E+00 0.000000000E+00 1.958739758E+02
6.344750000E-03 3.682200000E+00 0.000000000E+00 1.954056503E+02
6.362720000E-03 3.681000000E+00 0.000000000E+00 1.948537732E+02
6.380690000E-03 3.679800000E+00 0.000000000E+00 1.943050046E+02
6.390250000E-03 3.679200000E+00 0.000000000E+00 1.940143187E+02
6.395700000E-03 3.678800000E+00 0.000000000E+00 1.938489923E+02
6.405420000E-03 3.678200000E+00 0.000000000E+00 1.935548333E+02
6.420590000E-03 3.677200000E+00 0.000000000E+00 1.930975191E+02
6.435760000E-03 3.676200000E+00 0.000000000E+00 1.926423608E+02
6.450930000E-03 3.675200000E+00 0.000000000E+00 1.921893432E+02
6.465650000E-03 3.674200000E+00 0.000000000E+00 1.917517960E+02
6.466100000E-03 3.674200000E+00 0.000000000E+00 1.917384513E+02
6.504550000E-03 3.671600000E+00 0.000000000E+00 1.906050380E+02
6.571850000E-03 3.667200000E+00 0.000000000E+00 1.886531190E+02
6.773750000E-03 3.646900000E+00 0.000000000E+00 1.830300794E+02
6.778200000E-03 3.646400000E+00 0.000000000E+00 1.829099171E+02
6.801060000E-03 3.643800000E+00 0.000000000E+00 1.822951128E+02
6.811570000E-03 3.642700000E+00 0.000000000E+00 1.820138382E+02
6.828250000E-03 3.640800000E+00 0.000000000E+00 1.815692161E+02
6.834540000E-03 3.640100000E+00 0.000000000E+00 1.814021134E+02
6.844940000E-03 3.638900000E+00 0.000000000E+00 1.811264964E+02
6.851280000E-03 3.638200000E+00 0.000000000E+00 1.809588865E+02
6.868020000E-03 3.636400000E+00 0.000000000E+00 1.805178203E+02
6.888610000E-03 3.634000000E+00 0.000000000E+00 1.799782540E+02
6.922110000E-03 3.630300000E+00 0.000000000E+00 1.791072375E+02
6.938860000E-03 3.628400000E+00 0.000000000E+00 1.786748832E+02
6.951720000E-03 3.627000000E+00 0.000000000E+00 1.783443522E+02
6.968460000E-03 3.625100000E+00 0.000000000E+00 1.779159240E+02
6.985200000E-03 3.623200000E+00 0.000000000E+00 1.774895493E+02
7.005860000E-03 3.620900000E+00 0.000000000E+00 1.769661398E+02
7.045140000E-03 3.616500000E+00 0.000000000E+00 1.759794695E+02
7.056110000E-03 3.615300000E+00 0.000000000E+00 1.757058776E+02
7.068900000E-03 3.613900000E+00 0.000000000E+00 1.753879670E+02
7.078510000E-03 3.612800000E+00 0.000000000E+00 1.751498550E+02
7.086490000E-03 3.611900000E+00 0.000000000E+00 1.749526211E+02
7.099850000E-03 3.610400000E+00 0.000000000E+00 1.746234075E+02
7.102380000E-03 3.610100000E+00 0.000000000E+00 1.745612034E+02
7.111880000E-03 3.609000000E+00 0.000000000E+00 1.743280258E+02
7.123620000E-03 3.607700000E+00 0.000000000E+00 1.740407265E+02
7.134800000E-03 3.606500000E+00 0.000000000E+00 1.737680103E+02
7.135860000E-03 3.606400000E+00 0.000000000E+00 1.737421979E+02
7.141060000E-03 3.605800000E+00 0.000000000E+00 1.736156817E+02
7.152270000E-03 3.604500000E+00 0.000000000E+00 1.733435678E+02
7.158510000E-03 3.603800000E+00 0.000000000E+00 1.731924660E+02
7.169750000E-03 3.602600000E+00 0.000000000E+00 1.729209526E+02
7.187220000E-03 3.600600000E+00 0.000000000E+00 1.725006331E+02
7.228300000E-03 3.596000000E+00 0.000000000E+00 1.715202745E+02
7.245750000E-03 3.594100000E+00 0.000000000E+00 1.711072008E+02
7.260910000E-03 3.592400000E+00 0.000000000E+00 1.707499473E+02
7.278350000E-03 3.590400000E+00 0.000000000E+00 1.703408053E+02
7.295790000E-03 3.588500000E+00 0.000000000E+00 1.699336193E+02
7.315540000E-03 3.586200000E+00 0.000000000E+00 1.694748440E+02
7.350440000E-03 3.582300000E+00 0.000000000E+00 1.686701748E+02
7.363060000E-03 3.580900000E+00 0.000000000E+00 1.683810807E+02
7.380920000E-03 3.578900000E+00 0.000000000E+00 1.679736401E+02
7.396930000E-03 3.577100000E+00 0.000000000E+00 1.676100761E+02
7.410480000E-03 3.575600000E+00 0.000000000E+00 1.673036025E+02
7.427770000E-03 3.573700000E+00 0.000000000E+00 1.669141613E+02
7.449350000E-03 3.571300000E+00 0.000000000E+00 1.664306282E+02
7.526410000E-03 3.559300000E+00 9.679160000E-07 1.647266094E+02
7.550800000E-03 3.553200000E+00 5.632470000E-06 1.641945224E+02
7.572630000E-03 3.547000000E+00 2.379040000E-05 1.637211907E+02
7.603800000E-03 3.536900000E+00 1.502320000E-04 1.630500539E+02
7.665030000E-03 3.509100000E+00 2.779480000E-03 1.617475731E+02
7.750000000E-03 3.450400000E+00 3.881040000E-02 1.599741935E+02
7.843650000E-03 3.442700000E+00 1.468860000E-01 1.580641666E+02
7.923650000E-03 3.507100000E+00 1.959720000E-01 1.564682943E+02
8.024810000E-03 3.564600000E+00 1.927380000E-01 1.544958697E+02
8.421000000E-03 3.613200000E+00 1.469880000E-01 1.472271702E+02
8.830790000E-03 3.604700000E+00 1.102790000E-01 1.403951402E+02
9.185970000E-03 3.581700000E+00 8.539390000E-02 1.349666938E+02
9.392710000E-03 3.564900000E+00 7.333680000E-02 1.319959841E+02
9.492530000E-03 3.556100000E+00 6.805710000E-02 1.306079623E+02
9.545130000E-03 3.551400000E+00 6.545600000E-02 1.298882257E+02
9.648920000E-03 3.541800000E+00 6.046990000E-02 1.284910643E+02
9.700810000E-03 3.536900000E+00 5.807320000E-02 1.278037607E+02
9.752710000E-03 3.531900000E+00 5.582540000E-02 1.271236405E+02
9.776710000E-03 3.529600000E+00 5.478570000E-02 1.268115757E+02
9.800720000E-03 3.527300000E+00 5.374590000E-02 1.265009101E+02
9.824720000E-03 3.525000000E+00 5.275790000E-02 1.261918915E+02
9.842730000E-03 3.523200000E+00 5.202730000E-02 1.259609885E+02
9.856980000E-03 3.521800000E+00 5.144890000E-02 1.257788897E+02
9.864860000E-03 3.521000000E+00 5.112930000E-02 1.256784181E+02
9.883440000E-03 3.519200000E+00 5.037530000E-02 1.254421537E+02
9.899620000E-03 3.517600000E+00 4.971850000E-02 1.252371303E+02
9.915550000E-03 3.516000000E+00 4.911320000E-02 1.250359284E+02
9.930150000E-03 3.514600000E+00 4.855850000E-02 1.248520919E+02
9.944750000E-03 3.513100000E+00 4.800380000E-02 1.246687951E+02
9.957280000E-03 3.511800000E+00 4.752780000E-02 1.245119149E+02
9.963540000E-03 3.511200000E+00 4.728970000E-02 1.244336852E+02
9.969810000E-03 3.510600000E+00 4.705170000E-02 1.243554290E+02
9.982080000E-03 3.509400000E+00 4.658550000E-02 1.242025710E+02
9.994350000E-03 3.508100000E+00 4.611930000E-02 1.240500883E+02
1.001210000E-02 3.506400000E+00 4.546340000E-02 1.238301655E+02
1.001890000E-02 3.505700000E+00 4.522060000E-02 1.237461198E+02
1.004340000E-02 3.503200000E+00 4.434690000E-02 1.234442519E+02
1.006800000E-02 3.500700000E+00 4.347320000E-02 1.231426301E+02
1.009250000E-02 3.498200000E+00 4.259940000E-02 1.228436958E+02
1.010480000E-02 3.496900000E+00 4.218160000E-02 1.226941651E+02
1.011700000E-02 3.495700000E+00 4.176960000E-02 1.225462094E+02
1.012930000E-02 3.494400000E+00 4.135770000E-02 1.223974016E+02
1.014770000E-02 3.492500000E+00 4.073980000E-02 1.221754683E+02
1.015690000E-02 3.491600000E+00 4.043080000E-02 1.220648032E+02
1.016610000E-02 3.490700000E+00 4.012190000E-02 1.219543384E+02
1.017840000E-02 3.489400000E+00 3.970990000E-02 1.218069638E+02
1.018760000E-02 3.488400000E+00 3.940240000E-02 1.216969649E+02
1.019680000E-02 3.487500000E+00 3.911190000E-02 1.215871646E+02
1.020600000E-02 3.486500000E+00 3.882140000E-02 1.214775622E+02
1.020830000E-02 3.486300000E+00 3.874870000E-02 1.214501925E+02
1.020920000E-02 3.486200000E+00 3.872150000E-02 1.214394860E+02
1.021120000E-02 3.486000000E+00 3.865600000E-02 1.214157004E+02
1.021320000E-02 3.485800000E+00 3.859340000E-02 1.213919242E+02
1.021420000E-02 3.485700000E+00 3.856210000E-02 1.213800396E+02
1.021520000E-02 3.485600000E+00 3.853080000E-02 1.213681573E+02
1.023970000E-02 3.483000000E+00 3.775610000E-02 1.210777660E+02
1.024590000E-02 3.482400000E+00 3.756240000E-02 1.210044994E+02
1.026430000E-02 3.480500000E+00 3.698140000E-02 1.207875842E+02
1.027940000E-02 3.478900000E+00 3.650460000E-02 1.206101523E+02
1.028880000E-02 3.478000000E+00 3.622560000E-02 1.204999611E+02
1.030110000E-02 3.476700000E+00 3.586290000E-02 1.203560785E+02
1.031950000E-02 3.474700000E+00 3.531880000E-02 1.201414797E+02
1.033790000E-02 3.472800000E+00 3.477480000E-02 1.199276449E+02
1.036240000E-02 3.470300000E+00 3.404930000E-02 1.196440979E+02
1.038700000E-02 3.467700000E+00 3.333950000E-02 1.193607394E+02
1.040640000E-02 3.465600000E+00 3.280130000E-02 1.191382226E+02
1.041150000E-02 3.465100000E+00 3.265810000E-02 1.190798636E+02
1.043100000E-02 3.463100000E+00 3.211700000E-02 1.188572524E+02
1.045560000E-02 3.460500000E+00 3.143270000E-02 1.185776043E+02
1.046060000E-02 3.459900000E+00 3.129530000E-02 1.185209261E+02
1.048030000E-02 3.457900000E+00 3.077430000E-02 1.182981403E+02
1.050490000E-02 3.455200000E+00 3.013090000E-02 1.180211140E+02
1.053840000E-02 3.451700000E+00 2.925620000E-02 1.176459425E+02
1.060130000E-02 3.444500000E+00 2.768040000E-02 1.169479215E+02
1.065620000E-02 3.436700000E+00 2.634960000E-02 1.163454139E+02
1.075240000E-02 3.421600000E+00 2.415250000E-02 1.153044902E+02
1.104100000E-02 3.373900000E+00 1.838560000E-02 1.122905534E+02
1.109540000E-02 3.364900000E+00 1.742180000E-02 1.117400004E+02
1.112260000E-02 3.360400000E+00 1.696220000E-02 1.114667434E+02
1.114970000E-02 3.355900000E+00 1.650250000E-02 1.111958169E+02
1.117690000E-02 3.351400000E+00 1.605790000E-02 1.109252118E+02
1.120410000E-02 3.346800000E+00 1.562630000E-02 1.106559206E+02
1.123130000E-02 3.342300000E+00 1.519470000E-02 1.103879337E+02
1.125840000E-02 3.337800000E+00 1.476680000E-02 1.101222199E+02
1.128580000E-02 3.333300000E+00 1.436010000E-02 1.098548619E+02
1.131350000E-02 3.328700000E+00 1.394820000E-02 1.095858930E+02
1.134120000E-02 3.324100000E+00 1.353970000E-02 1.093182379E+02
1.136890000E-02 3.319500000E+00 1.315220000E-02 1.090518872E+02
1.139660000E-02 3.314900000E+00 1.276470000E-02 1.087868312E+02
1.144870000E-02 3.306300000E+00 1.206700000E-02 1.082917711E+02
1.147590000E-02 3.301800000E+00 1.171060000E-02 1.080350996E+02
1.150300000E-02 3.297300000E+00 1.135520000E-02 1.077805790E+02
1.153020000E-02 3.292700000E+00 1.101990000E-02 1.075263222E+02
1.156740000E-02 3.286600000E+00 1.056100000E-02 1.071805246E+02
1.158460000E-02 3.283700000E+00 1.036110000E-02 1.070213905E+02
1.172920000E-02 3.259700000E+00 8.743660000E-03 1.057020087E+02
1.186780000E-02 3.236700000E+00 7.367560000E-03 1.044675509E+02
1.190540000E-02 3.229400000E+00 7.025750000E-03 1.041376182E+02
1.196450000E-02 3.217200000E+00 6.507330000E-03 1.036232187E+02
1.199380000E-02 3.211100000E+00 6.259420000E-03 1.033700745E+02
1.202310000E-02 3.205000000E+00 6.016100000E-03 1.031181642E+02
1.205580000E-02 3.197500000E+00 5.755540000E-03 1.028384678E+02
1.207530000E-02 3.192900000E+00 5.602390000E-03 1.026723974E+02
1.210450000E-02 3.186100000E+00 5.381950000E-03 1.024247181E+02
1.213380000E-02 3.179200000E+00 5.161640000E-03 1.021773888E+02
1.215170000E-02 3.175000000E+00 5.034040000E-03 1.020268769E+02
1.216960000E-02 3.170800000E+00 4.906450000E-03 1.018768078E+02
1.219890000E-02 3.164000000E+00 4.702840000E-03 1.016321144E+02
1.223380000E-02 3.155800000E+00 4.468510000E-03 1.013421831E+02
1.226450000E-02 3.148600000E+00 4.267300000E-03 1.010885075E+02
1.230490000E-02 3.139100000E+00 4.011560000E-03 1.007566092E+02
1.234130000E-02 3.130600000E+00 3.795130000E-03 1.004594330E+02
1.239240000E-02 3.118700000E+00 3.500090000E-03 1.000451890E+02
1.244220000E-02 3.107000000E+00 3.228510000E-03 9.964475736E+01
1.249190000E-02 3.095400000E+00 2.970750000E-03 9.924831291E+01
1.253050000E-02 3.085900000E+00 2.780950000E-03 9.894258010E+01
1.254790000E-02 3.080500000E+00 2.698410000E-03 9.880537779E+01
1.256020000E-02 3.076600000E+00 2.640300000E-03 9.870861929E+01
1.258990000E-02 3.067300000E+00 2.507430000E-03 9.847576232E+01
1.260590000E-02 3.062300000E+00 2.435760000E-03 9.835077226E+01
1.263680000E-02 3.052700000E+00 2.303840000E-03 9.811028108E+01
1.264920000E-02 3.048800000E+00 2.251630000E-03 9.801410366E+01
1.266760000E-02 3.043000000E+00 2.174590000E-03 9.787173577E+01
1.270240000E-02 3.032100000E+00 2.038360000E-03 9.760360247E+01
1.273700000E-02 3.019400000E+00 1.907130000E-03 9.733846275E+01
1.279500000E-02 2.998200000E+00 1.701350000E-03 9.689722548E+01
1.282790000E-02 2.986200000E+00 1.591910000E-03 9.664871101E+01
1.285930000E-02 2.974800000E+00 1.491910000E-03 9.641271298E+01
1.289930000E-02 2.960200000E+00 1.370550000E-03 9.611374261E+01
1.308000000E-02 2.894300000E+00 9.161300000E-04 9.478593272E+01
1.311030000E-02 2.883200000E+00 8.536830000E-04 9.456686727E+01
1.321000000E-02 2.842900000E+00 6.754890000E-04 9.385314156E+01
1.325380000E-02 2.821300000E+00 6.142830000E-04 9.354298390E+01
1.335490000E-02 2.765000000E+00 7.317240000E-04 9.283483965E+01
1.343980000E-02 2.700800000E+00 3.167870000E-03 9.224839655E+01
1.366320000E-02 2.447500000E+00 1.275690000E-01 9.074009017E+01
1.390320000E-02 2.397300000E+00 4.899850000E-01 8.917371540E+01
1.450990000E-02 2.700200000E+00 6.963800000E-01 8.544510989E+01
1.600000000E-02 2.759200000E+00 7.897950000E-01 7.748750000E+01
1.778280000E-02 2.654600000E+00 9.574900000E-01 6.971905437E+01
2.020000000E-02 2.473000000E+00 1.261180000E+00 6.137623762E+01
2.317400000E-02 2.273700000E+00 1.726560000E+00 5.349961163E+01
2.580000000E-02 2.140200000E+00 2.198880000E+00 4.805426357E+01
2.709270000E-02 2.092500000E+00 2.444980000E+00 4.576140436E+01
2.818380000E-02 2.064100000E+00 2.661150000E+00 4.398980975E+01
2.951210000E-02 2.049400000E+00 2.932660000E+00 4.200988747E+01
3.019950000E-02 2.045600000E+00 3.074600000E+00 4.105365983E+01
3.200000000E-02 2.069600000E+00 3.452750000E+00 3.874375000E+01
3.235940000E-02 2.072900000E+00 3.528230000E+00 3.831344215E+01
3.427680000E-02 2.130200000E+00 3.931750000E+00 3.617023760E+01
3.450000000E-02 2.139500000E+00 3.978240000E+00 3.593623188E+01
3.514640000E-02 2.172400000E+00 4.112130000E+00 3.527530558E+01
3.630780000E-02 2.231400000E+00 4.352660000E+00 3.414693262E+01
3.650000000E-02 2.243500000E+00 4.391680000E+00 3.396712329E+01
3.786900000E-02 2.340000000E+00 4.665560000E+00 3.273917980E+01
3.850000000E-02 2.384500000E+00 4.791790000E+00 3.220259740E+01
4.027170000E-02 2.541500000E+00 5.128230000E+00 3.078588686E+01
4.070000000E-02 2.582800000E+00 5.206630000E+00 3.046191646E+01
4.220000000E-02 2.736800000E+00 5.473570000E+00 2.937914692E+01
4.233570000E-02 2.751700000E+00 5.496660000E+00 2.928497698E+01
4.300000000E-02 2.824700000E+00 5.609680000E+00 2.883255814E+01
4.415970000E-02 2.958500000E+00 5.800170000E+00 2.807537189E+01
4.518560000E-02 3.082500000E+00 5.959180000E+00 2.743794483E+01
4.575560000E-02 3.153600000E+00 6.043830000E+00 2.709613687E+01
4.645380000E-02 3.240700000E+00 6.147520000E+00 2.668888229E+01
4.710840000E-02 3.325100000E+00 6.238540000E+00 2.631802396E+01
4.772210000E-02 3.405300000E+00 6.320620000E+00 2.597957760E+01
4.829740000E-02 3.478700000E+00 6.396240000E+00 2.567011889E+01
4.895490000E-02 3.560100000E+00 6.482660000E+00 2.532535048E+01
4.932470000E-02 3.606700000E+00 6.527820000E+00 2.513547979E+01
4.956230000E-02 3.636800000E+00 6.556530000E+00 2.501498114E+01
5.002260000E-02 3.695000000E+00 6.611970000E+00 2.478479727E+01
5.045410000E-02 3.750300000E+00 6.660890000E+00 2.457282956E+01
5.085870000E-02 3.802100000E+00 6.706750000E+00 2.437734350E+01
5.161730000E-02 3.899200000E+00 6.792730000E+00 2.401907887E+01
5.228100000E-02 3.984700000E+00 6.863500000E+00 2.371416002E+01
5.300000000E-02 4.077600000E+00 6.937000000E+00 2.339245283E+01
5.337000000E-02 4.125700000E+00 6.972180000E+00 2.323027918E+01
5.381460000E-02 4.183400000E+00 7.014460000E+00 2.303835762E+01
5.459280000E-02 4.284400000E+00 7.088440000E+00 2.270995443E+01
5.517640000E-02 4.360000000E+00 7.142100000E+00 2.246975156E+01
5.561410000E-02 4.416600000E+00 7.179180000E+00 2.229290773E+01
5.594240000E-02 4.459000000E+00 7.206990000E+00 2.216208100E+01
5.643480000E-02 4.522600000E+00 7.247360000E+00 2.196871434E+01
5.668100000E-02 4.554300000E+00 7.266570000E+00 2.187329087E+01
5.692720000E-02 4.586100000E+00 7.285770000E+00 2.177869279E+01
5.714430000E-02 4.614000000E+00 7.302700000E+00 2.169595218E+01
5.742560000E-02 4.650300000E+00 7.324640000E+00 2.158967429E+01
5.756620000E-02 4.668400000E+00 7.335610000E+00 2.153694355E+01
5.770690000E-02 4.686600000E+00 7.346580000E+00 2.148443254E+01
5.784750000E-02 4.704700000E+00 7.357550000E+00 2.143221401E+01
5.804820000E-02 4.730600000E+00 7.373200000E+00 2.135811274E+01
5.826950000E-02 4.758900000E+00 7.389900000E+00 2.127699740E+01
5.841010000E-02 4.776700000E+00 7.399530000E+00 2.122578116E+01
5.855080000E-02 4.794500000E+00 7.409160000E+00 2.117477473E+01
5.869150000E-02 4.812300000E+00 7.418780000E+00 2.112401285E+01
5.876180000E-02 4.820600000E+00 7.423600000E+00 2.109874102E+01
5.883210000E-02 4.828800000E+00 7.428410000E+00 2.107352959E+01
5.904740000E-02 4.854200000E+00 7.443150000E+00 2.099669079E+01
5.912000000E-02 4.862700000E+00 7.448110000E+00 2.097090663E+01
5.926480000E-02 4.879800000E+00 7.458020000E+00 2.091966901E+01
5.940960000E-02 4.896800000E+00 7.467930000E+00 2.086868116E+01
5.953540000E-02 4.911700000E+00 7.476540000E+00 2.082458504E+01
5.967600000E-02 4.927800000E+00 7.485460000E+00 2.077552115E+01
5.975420000E-02 4.936500000E+00 7.490310000E+00 2.074833233E+01
5.987150000E-02 4.949700000E+00 7.497580000E+00 2.070768229E+01
5.993010000E-02 4.956300000E+00 7.501210000E+00 2.068743419E+01
5.998880000E-02 4.962800000E+00 7.504840000E+00 2.066719121E+01
6.006120000E-02 4.971000000E+00 7.509330000E+00 2.064227821E+01
6.009740000E-02 4.975000000E+00 7.511570000E+00 2.062984422E+01
6.020600000E-02 4.987200000E+00 7.518310000E+00 2.059263196E+01
6.024220000E-02 4.991300000E+00 7.520550000E+00 2.058025769E+01
6.026930000E-02 4.994300000E+00 7.522230000E+00 2.057100381E+01
6.027840000E-02 4.995300000E+00 7.522790000E+00 2.056789829E+01
6.042320000E-02 5.011600000E+00 7.531770000E+00 2.051860875E+01
6.044130000E-02 5.013600000E+00 7.532890000E+00 2.051246416E+01
6.056800000E-02 5.027800000E+00 7.540740000E+00 2.046955488E+01
6.064040000E-02 5.035900000E+00 7.545230000E+00 2.044511580E+01
6.071280000E-02 5.044000000E+00 7.549710000E+00 2.042073500E+01
6.078520000E-02 5.052200000E+00 7.554200000E+00 2.039641228E+01
6.089380000E-02 5.064400000E+00 7.560930000E+00 2.036003665E+01
6.100240000E-02 5.076500000E+00 7.567660000E+00 2.032379054E+01
6.114720000E-02 5.092800000E+00 7.576630000E+00 2.027566266E+01
6.122750000E-02 5.101800000E+00 7.581580000E+00 2.024907109E+01
6.129200000E-02 5.109000000E+00 7.585560000E+00 2.022776219E+01
6.137280000E-02 5.118000000E+00 7.590540000E+00 2.020113145E+01
6.143680000E-02 5.125200000E+00 7.594480000E+00 2.018008750E+01
6.151820000E-02 5.134300000E+00 7.599500000E+00 2.015338550E+01
6.166350000E-02 5.150600000E+00 7.608460000E+00 2.010589733E+01
6.172640000E-02 5.157600000E+00 7.612330000E+00 2.008540916E+01
6.195420000E-02 5.183100000E+00 7.626370000E+00 2.001155692E+01
6.210860000E-02 5.200400000E+00 7.635890000E+00 1.996180883E+01
6.240790000E-02 5.233800000E+00 7.654030000E+00 1.986607465E+01
6.268850000E-02 5.264400000E+00 7.668730000E+00 1.977715211E+01
6.295150000E-02 5.293100000E+00 7.682520000E+00 1.969452674E+01
6.344470000E-02 5.346900000E+00 7.708380000E+00 1.954142742E+01
6.402720000E-02 5.409900000E+00 7.737570000E+00 1.936364545E+01
6.463140000E-02 5.465400000E+00 7.765180000E+00 1.918262640E+01
6.576420000E-02 5.567300000E+00 7.816960000E+00 1.885220226E+01
6.759830000E-02 5.710900000E+00 7.895090000E+00 1.834069792E+01
6.914180000E-02 5.791400000E+00 7.954180000E+00 1.793126589E+01
6.988980000E-02 5.808000000E+00 7.980260000E+00 1.773935539E+01
7.057680000E-02 5.786300000E+00 8.005460000E+00 1.756667914E+01
7.205660000E-02 5.567700000E+00 8.327270000E+00 1.720591868E+01
7.312560000E-02 5.785700000E+00 8.782910000E+00 1.695439080E+01
8.200330000E-02 7.758700000E+00 9.078020000E+00 1.511890375E+01
1.020350000E-01 9.525300000E+00 8.903320000E+00 1.215073259E+01
1.047620000E-01 9.678700000E+00 8.891180000E+00 1.183444379E+01
1.063370000E-01 9.747300000E+00 8.884110000E+00 1.165915909E+01
1.077480000E-01 9.751900000E+00 8.882320000E+00 1.150647808E+01
1.094560000E-01 9.693800000E+00 9.066970000E+00 1.132692589E+01
1.562250000E-01 1.333670000E+01 8.742450000E+00 7.935989758E+00
2.041740000E-01 1.532610000E+01 7.734090000E+00 6.072271690E+00
2.618670000E-01 1.660850000E+01 6.520590000E+00 4.734464442E+00
3.368990000E-01 1.737454000E+01 5.298320000E+00 3.680034669E+00
4.270790000E-01 1.754321000E+01 4.223800000E+00 2.902975796E+00
5.268590000E-01 1.711779000E+01 3.384000000E+00 2.353191271E+00
6.112640000E-01 1.623030000E+01 2.861610000E+00 2.028256204E+00
6.676300000E-01 1.516020000E+01 2.579680000E+00 1.857016611E+00
7.057840000E-01 1.402660000E+01 2.413040000E+00 1.756628090E+00
7.286180000E-01 1.303810000E+01 2.321290000E+00 1.701577507E+00
7.439940000E-01 1.212900000E+01 2.262680000E+00 1.666411288E+00
7.483510000E-01 1.179930000E+01 2.246500000E+00 1.656709218E+00
7.572180000E-01 1.105330000E+01 2.213870000E+00 1.637309203E+00
7.603540000E-01 1.075690000E+01 2.202380000E+00 1.630556294E+00
7.648130000E-01 1.025840000E+01 2.186660000E+00 1.621049851E+00
7.680920000E-01 9.832800000E+00 2.175490000E+00 1.614129557E+00
7.696220000E-01 9.609500000E+00 2.170850000E+00 1.610920686E+00
7.736350000E-01 8.946600000E+00 2.166220000E+00 1.602564517E+00
7.753070000E-01 8.625700000E+00 2.173300000E+00 1.599108482E+00
7.777260000E-01 8.085200000E+00 2.208220000E+00 1.594134695E+00
7.797520000E-01 7.560400000E+00 2.279690000E+00 1.589992716E+00
7.811290000E-01 7.163800000E+00 2.364420000E+00 1.587189824E+00
7.829150000E-01 6.604500000E+00 2.536240000E+00 1.583569098E+00
7.845760000E-01 6.049400000E+00 2.777150000E+00 1.580216576E+00
7.858190000E-01 5.621900000E+00 3.020040000E+00 1.577717006E+00
7.868160000E-01 5.279500000E+00 3.255540000E+00 1.575717830E+00
7.883760000E-01 4.759700000E+00 3.702830000E+00 1.572599876E+00
7.885860000E-01 4.691800000E+00 3.769300000E+00 1.572181094E+00
7.886570000E-01 4.668900000E+00 3.792290000E+00 1.572039556E+00
7.888310000E-01 4.615000000E+00 3.851120000E+00 1.571692796E+00
7.888710000E-01 4.602500000E+00 3.864700000E+00 1.571613103E+00
7.912170000E-01 3.933500000E+00 4.745570000E+00 1.566953187E+00
7.932530000E-01 3.524700000E+00 5.637980000E+00 1.562931372E+00
7.949380000E-01 3.319800000E+00 6.425450000E+00 1.559618486E+00
7.957970000E-01 3.207500000E+00 6.835030000E+00 1.557935001E+00
7.971000000E-01 3.094500000E+00 7.459200000E+00 1.555388283E+00
7.980410000E-01 3.065700000E+00 7.911790000E+00 1.553554266E+00
7.992000000E-01 3.080800000E+00 8.455990000E+00 1.551301301E+00
8.003860000E-01 3.139400000E+00 8.996250000E+00 1.549002606E+00
8.024130000E-01 3.311300000E+00 9.889470000E+00 1.545089623E+00
8.038200000E-01 3.485800000E+00 1.047470000E+01 1.542385111E+00
8.075640000E-01 4.122500000E+00 1.192710000E+01 1.535234359E+00
8.092470000E-01 4.502300000E+00 1.252130000E+01 1.532041515E+00
8.137000000E-01 5.649700000E+00 1.383830000E+01 1.523657368E+00
8.177320000E-01 6.850400000E+00 1.467060000E+01 1.516144654E+00
8.270070000E-01 9.393200000E+00 1.545300000E+01 1.499140878E+00
8.452560000E-01 1.254590000E+01 1.528510000E+01 1.466774563E+00
8.683040000E-01 1.470910000E+01 1.475090000E+01 1.427840941E+00
8.938940000E-01 1.613220000E+01 1.414790000E+01 1.386965345E+00
9.099310000E-01 1.643640000E+01 1.385340000E+01 1.362520894E+00
9.190330000E-01 1.640160000E+01 1.410700000E+01 1.349026640E+00
9.305920000E-01 1.704139000E+01 1.480150000E+01 1.332270211E+00
9.440610000E-01 1.818873000E+01 1.480830000E+01 1.313262596E+00
9.657900000E-01 1.934495000E+01 1.437830000E+01 1.283715922E+00
1.009650000E+00 2.090521000E+01 1.356890000E+01 1.227950280E+00
1.068440000E+00 2.233991000E+01 1.257730000E+01 1.160383363E+00
1.117260000E+00 2.320814000E+01 1.183790000E+01 1.109679036E+00
1.191040000E+00 2.419202000E+01 1.083890000E+01 1.040939011E+00
1.260440000E+00 2.486061000E+01 1.001630000E+01 9.836247660E-01
1.312840000E+00 2.526473000E+01 9.447850000E+00 9.443648883E-01
1.375430000E+00 2.564158000E+01 8.826860000E+00 9.013908378E-01
1.426130000E+00 2.589172000E+01 8.363550000E+00 8.693457118E-01
1.513030000E+00 2.621049400E+01 7.654420000E+00 8.194153454E-01
1.580340000E+00 2.639946200E+01 7.172630000E+00 7.845147247E-01
1.645320000E+00 2.654817100E+01 6.748150000E+00 7.535312280E-01
1.681980000E+00 2.661691000E+01 6.522080000E+00 7.371074567E-01
1.716830000E+00 2.667391200E+01 6.317100000E+00 7.221448833E-01
1.778280000E+00 2.675527800E+01 5.981680000E+00 6.971905437E-01
1.833300000E+00 2.681750200E+01 5.702340000E+00 6.762668412E-01
1.877330000E+00 2.685448500E+01 5.492150000E+00 6.604060021E-01
1.914510000E+00 2.687949700E+01 5.324770000E+00 6.475808431E-01
1.954630000E+00 2.690365520E+01 5.153490000E+00 6.342888424E-01
1.956790000E+00 2.690486340E+01 5.144600000E+00 6.335886835E-01
1.961780000E+00 2.690754280E+01 5.124330000E+00 6.319770820E-01
1.968610000E+00 2.691118970E+01 5.096640000E+00 6.297844672E-01
1.973950000E+00 2.691401260E+01 5.075090000E+00 6.280807518E-01
2.003170000E+00 2.692741550E+01 4.957450000E+00 6.189190134E-01
2.035100000E+00 2.693975750E+01 4.835620000E+00 6.092083927E-01
2.065770000E+00 2.694997760E+01 4.723330000E+00 6.001636194E-01
2.105900000E+00 2.696290720E+01 4.579210000E+00 5.887269101E-01
2.159860000E+00 2.697155460E+01 4.396070000E+00 5.740186864E-01
2.184580000E+00 2.697443470E+01 4.316160000E+00 5.675232768E-01
2.205150000E+00 2.697615440E+01 4.250020000E+00 5.622293268E-01
2.265540000E+00 2.697729650E+01 4.067600000E+00 5.472426000E-01
2.347250000E+00 2.697204280E+01 3.840950000E+00 5.281925658E-01
2.409210000E+00 2.696565620E+01 3.681340000E+00 5.146085231E-01
2.459350000E+00 2.695830280E+01 3.559580000E+00 5.041169415E-01
2.476520000E+00 2.695555710E+01 3.519000000E+00 5.006218403E-01
2.510900000E+00 2.694939470E+01 3.440010000E+00 4.937671751E-01
2.535920000E+00 2.694464950E+01 3.384330000E+00 4.888955488E-01
2.627080000E+00 2.692324970E+01 3.192960000E+00 4.719308129E-01
2.714880000E+00 2.690179750E+01 3.024440000E+00 4.566684347E-01
2.863350000E+00 2.685956300E+01 2.767060000E+00 4.329893307E-01
3.117090000E+00 2.677720200E+01 2.400060000E+00 3.977427665E-01
3.554000000E+00 2.662031400E+01 1.920990000E+00 3.488463703E-01
4.026040000E+00 2.645179500E+01 1.549910000E+00 3.079452763E-01
4.579520000E+00 2.625205600E+01 1.238550000E+00 2.707270631E-01
5.218450000E+00 2.601058600E+01 9.841400000E-01 2.375801244E-01
5.950200000E+00 2.568601000E+01 7.795790000E-01 2.083627441E-01
6.489360000E+00 2.536021000E+01 6.677140000E-01 1.910511977E-01
6.836040000E+00 2.505609000E+01 6.079490000E-01 1.813623092E-01
7.123600000E+00 2.468510000E+01 5.643130000E-01 1.740412151E-01
7.319190000E+00 2.427506000E+01 5.374810000E-01 1.693903287E-01
7.444500000E+00 2.384604000E+01 5.216260000E-01 1.665390557E-01
7.503180000E+00 2.352210000E+01 5.225940000E-01 1.652366063E-01
7.535880000E+00 2.326697000E+01 5.485360000E-01 1.645196049E-01
7.556900000E+00 2.306383000E+01 5.954140000E-01 1.640619831E-01
7.574870000E+00 2.286653000E+01 6.693540000E-01 1.636727759E-01
7.591700000E+00 2.266805000E+01 7.785900000E-01 1.633099306E-01
7.610420000E+00 2.244474000E+01 9.570840000E-01 1.629082232E-01
7.632690000E+00 2.220632000E+01 1.255480000E+00 1.624329037E-01
7.664320000E+00 2.199713000E+01 1.818900000E+00 1.617625569E-01
7.704090000E+00 2.206166000E+01 2.605370000E+00 1.609275073E-01
7.734050000E+00 2.233448000E+01 3.102660000E+00 1.603041097E-01
7.762490000E+00 2.268810000E+01 3.427670000E+00 1.597167919E-01
7.810440000E+00 2.327947000E+01 3.674610000E+00 1.587362556E-01
7.865390000E+00 2.377794000E+01 3.712370000E+00 1.576272760E-01
7.937570000E+00 2.421522000E+01 3.673620000E+00 1.561938981E-01
8.044630000E+00 2.464653000E+01 3.605440000E+00 1.541152297E-01
8.187000000E+00 2.505446000E+01 3.511470000E+00 1.514352021E-01
8.367180000E+00 2.542010000E+01 3.393010000E+00 1.481741758E-01
8.609940000E+00 2.577337000E+01 3.245780000E+00 1.439963577E-01
8.874110000E+00 2.605366100E+01 3.095960000E+00 1.397097850E-01
9.085410000E+00 2.623271300E+01 2.984050000E+00 1.364605450E-01
9.381750000E+00 2.644075400E+01 2.832650000E+00 1.321501852E-01
9.643290000E+00 2.657915800E+01 2.707680000E+00 1.285660807E-01
9.890460000E+00 2.669004500E+01 2.596900000E+00 1.253531181E-01
1.010460000E+01 2.677105200E+01 2.506360000E+00 1.226965936E-01
1.030430000E+01 2.683590600E+01 2.426700000E+00 1.203187019E-01
1.057060000E+01 2.691142640E+01 2.326780000E+00 1.172875712E-01
1.086820000E+01 2.698247990E+01 2.222550000E+00 1.140759279E-01
1.095130000E+01 2.699910824E+01 2.195280000E+00 1.132103038E-01
1.112360000E+01 2.703352050E+01 2.138970000E+00 1.114567226E-01
1.142730000E+01 2.708578250E+01 2.046230000E+00 1.084945700E-01
1.173210000E+01 2.713005000E+01 1.959550000E+00 1.056758807E-01
1.209690000E+01 2.717840700E+01 1.860620000E+00 1.024890674E-01
1.255940000E+01 2.722340500E+01 1.744470000E+00 9.871490676E-02
1.318910000E+01 2.726741600E+01 1.603580000E+00 9.400186518E-02
1.402940000E+01 2.730664200E+01 1.441050000E+00 8.837156258E-02
1.532740000E+01 2.733917100E+01 1.236570000E+00 8.088782181E-02
1.684250000E+01 2.734982700E+01 1.044850000E+00 7.361139973E-02
1.906170000E+01 2.733983700E+01 8.371060000E-01 6.504141813E-02
2.152100000E+01 2.731398600E+01 6.697350000E-01 5.760884717E-02
2.442320000E+01 2.727872600E+01 5.293210000E-01 5.076320875E-02
2.754230000E+01 2.724141300E+01 4.220880000E-01 4.501439604E-02
3.100290000E+01 2.720465700E+01 3.364070000E-01 3.998980741E-02
3.495990000E+01 2.716896100E+01 2.669150000E-01 3.546348817E-02
3.916450000E+01 2.713730900E+01 2.136290000E-01 3.165621928E-02
4.415700000E+01 2.710710300E+01 1.686300000E-01 2.807708857E-02
4.948110000E+01 2.708114870E+01 1.343560000E-01 2.505603149E-02
5.548980000E+01 2.705817830E+01 1.067480000E-01 2.234284499E-02
6.115290000E+01 2.704074720E+01 8.761420000E-02 2.027377279E-02
6.675540000E+01 2.702683910E+01 7.335980000E-02 1.857228029E-02
7.126620000E+01 2.701743130E+01 6.415940000E-02 1.739674628E-02
7.541450000E+01 2.700989363E+01 5.713890000E-02 1.643980932E-02
7.878020000E+01 2.700443669E+01 5.222180000E-02 1.573745687E-02
8.022060000E+01 2.700227194E+01 5.032040000E-02 1.545488316E-02
8.156360000E+01 2.700032960E+01 4.861600000E-02 1.520040803E-02
8.289890000E+01 2.699847754E+01 4.702770000E-02 1.495556636E-02
8.480680000E+01 2.699595380E+01 4.488190000E-02 1.461911073E-02
8.829530000E+01 2.699170028E+01 4.132170000E-02 1.404151750E-02
9.374110000E+01 2.698578210E+01 3.650960000E-02 1.322578890E-02
1.012280000E+02 2.697893100E+01 3.114880000E-02 1.224759948E-02
1.116360000E+02 2.697122640E+01 2.543110000E-02 1.110573650E-02
1.246620000E+02 2.696381330E+01 2.023900000E-02 9.945292070E-03
1.384190000E+02 2.695786820E+01 1.629660000E-02 8.956862858E-03
1.542130000E+02 2.695267100E+01 1.303340000E-02 8.039529741E-03
1.717910000E+02 2.694826670E+01 1.043590000E-02 7.216908918E-03
1.917720000E+02 2.694450770E+01 8.341670000E-03 6.464968817E-03
2.150020000E+02 2.694127350E+01 6.613080000E-03 5.766457986E-03
2.405960000E+02 2.693865020E+01 5.285740000E-03 5.153036626E-03
2.674540000E+02 2.693660350E+01 4.293230000E-03 4.635563499E-03
2.993800000E+02 2.693480500E+01 3.454210000E-03 4.141225199E-03
3.359760000E+02 2.693330380E+01 2.782400000E-03 3.690144534E-03
3.771750000E+02 2.693207760E+01 2.253720000E-03 3.287068337E-03
4.253530000E+02 2.693104730E+01 1.825040000E-03 2.914755509E-03
4.789190000E+02 2.693023180E+01 1.496380000E-03 2.588746740E-03
5.372250000E+02 2.692959480E+01 1.245630000E-03 2.307785379E-03
6.143120000E+02 2.692900600E+01 1.018320000E-03 2.018192710E-03
6.998420000E+02 2.692856570E+01 8.500650000E-04 1.771542720E-03
8.012170000E+02 2.692821550E+01 7.150890000E-04 1.547396024E-03
9.278970000E+02 2.692792850E+01 6.029380000E-04 1.336139679E-03
1.070170000E+03 2.692771940E+01 5.198450000E-04 1.158507527E-03
1.286620000E+03 2.692752460E+01 4.290160000E-04 9.636100791E-04
1.546860000E+03 2.692738980E+01 3.540560000E-04 8.014946408E-04
1.859730000E+03 2.692729660E+01 2.921940000E-04 6.666559124E-04
2.235890000E+03 2.692723210E+01 2.411400000E-04 5.544995505E-04
2.688130000E+03 2.692718740E+01 1.990070000E-04 4.612128134E-04
3.231850000E+03 2.692715660E+01 1.642360000E-04 3.836192893E-04
3.885540000E+03 2.692713520E+01 1.355400000E-04 3.190804882E-04
4.671440000E+03 2.692712040E+01 1.118580000E-04 2.653999623E-04
5.616310000E+03 2.692711020E+01 9.231330000E-05 2.207499230E-04
6.752290000E+03 2.692710310E+01 7.618390000E-05 1.836117821E-04
8.118030000E+03 2.692709820E+01 6.287270000E-05 1.527217810E-04
9.760020000E+03 2.692709490E+01 5.188730000E-05 1.270284282E-04
1.000000000E+04 2.692709450E+01 5.067320000E-05 1.239800000E-04
