# Data retrieved from https://www-nds.iaea.org/epdl97/za1to100.htm 03/01/2021
# Element, Cs  (Z = 55) 
# Atomic weight, g mol-1 = 132.91 
# Nominal density, g cm-3 =  1.87300E+0 
# Relativistic correction estimate f_rel(5CL)*,  e atom-1 =  0 
# Nuclear Thomson correction f_NT*, e atom-1 =  0 
#    E [keV]      f1 [e atom-1]      f2 [e atom-1]    Wavelength [nm] 
1.000000000E-03 1.354970000E+01 0.000000000E+00 1.239800000E+03
1.030280000E-03 1.354900000E+01 0.000000000E+00 1.203362193E+03
1.056780000E-03 1.354840000E+01 0.000000000E+00 1.173186472E+03
1.079960000E-03 1.354790000E+01 0.000000000E+00 1.148005482E+03
1.100250000E-03 1.354740000E+01 0.000000000E+00 1.126834810E+03
1.118000000E-03 1.354700000E+01 0.000000000E+00 1.108944544E+03
1.133530000E-03 1.354670000E+01 0.000000000E+00 1.093751378E+03
1.160710000E-03 1.354600000E+01 0.000000000E+00 1.068139329E+03
1.181100000E-03 1.354560000E+01 0.000000000E+00 1.049699433E+03
1.196390000E-03 1.354520000E+01 0.000000000E+00 1.036284155E+03
1.207850000E-03 1.354500000E+01 0.000000000E+00 1.026451960E+03
1.216450000E-03 1.354480000E+01 0.000000000E+00 1.019195199E+03
1.222900000E-03 1.354460000E+01 0.000000000E+00 1.013819609E+03
1.227740000E-03 1.354450000E+01 0.000000000E+00 1.009822927E+03
1.235000000E-03 1.354430000E+01 0.000000000E+00 1.003886640E+03
1.238630000E-03 1.354430000E+01 0.000000000E+00 1.000944592E+03
1.240440000E-03 1.354420000E+01 0.000000000E+00 9.994840540E+02
1.242250000E-03 1.354420000E+01 0.000000000E+00 9.980277722E+02
1.245310000E-03 1.354410000E+01 0.000000000E+00 9.955753989E+02
1.248370000E-03 1.354400000E+01 0.000000000E+00 9.931350481E+02
1.251430000E-03 1.354400000E+01 0.000000000E+00 9.907066316E+02
1.254480000E-03 1.354390000E+01 0.000000000E+00 9.882979402E+02
1.257540000E-03 1.354380000E+01 0.000000000E+00 9.858930929E+02
1.260600000E-03 1.354370000E+01 0.000000000E+00 9.834999207E+02
1.262130000E-03 1.354370000E+01 0.000000000E+00 9.823076862E+02
1.263660000E-03 1.354370000E+01 0.000000000E+00 9.811183388E+02
1.265190000E-03 1.354360000E+01 0.000000000E+00 9.799318679E+02
1.266710000E-03 1.354360000E+01 0.000000000E+00 9.787559899E+02
1.268240000E-03 1.354360000E+01 0.000000000E+00 9.775752224E+02
1.269770000E-03 1.354350000E+01 0.000000000E+00 9.763973003E+02
1.272830000E-03 1.354350000E+01 0.000000000E+00 9.740499517E+02
1.273590000E-03 1.354340000E+01 0.000000000E+00 9.734686987E+02
1.275310000E-03 1.354340000E+01 0.000000000E+00 9.721557896E+02
1.275600000E-03 1.354340000E+01 0.000000000E+00 9.719347758E+02
1.276080000E-03 1.354340000E+01 0.000000000E+00 9.715691806E+02
1.276440000E-03 1.354340000E+01 0.000000000E+00 9.712951647E+02
1.276750000E-03 1.354340000E+01 0.000000000E+00 9.710593303E+02
1.277020000E-03 1.354340000E+01 0.000000000E+00 9.708540195E+02
1.279330000E-03 1.354330000E+01 0.000000000E+00 9.691010138E+02
1.280000000E-03 1.354330000E+01 0.000000000E+00 9.685937500E+02
1.281000000E-03 1.354330000E+01 0.000000000E+00 9.678376269E+02
1.282000000E-03 1.354330000E+01 0.000000000E+00 9.670826833E+02
1.282770000E-03 1.354320000E+01 0.000000000E+00 9.665021789E+02
1.283910000E-03 1.354320000E+01 0.000000000E+00 9.656440093E+02
1.285060000E-03 1.354320000E+01 0.000000000E+00 9.647798546E+02
1.286590000E-03 1.354320000E+01 0.000000000E+00 9.636325481E+02
1.287350000E-03 1.354310000E+01 0.000000000E+00 9.630636579E+02
1.288120000E-03 1.354310000E+01 0.000000000E+00 9.624879670E+02
1.290410000E-03 1.354310000E+01 0.000000000E+00 9.607799072E+02
1.291180000E-03 1.354300000E+01 0.000000000E+00 9.602069425E+02
1.293470000E-03 1.354300000E+01 0.000000000E+00 9.585069619E+02
1.293850000E-03 1.354300000E+01 0.000000000E+00 9.582254512E+02
1.294230000E-03 1.354300000E+01 0.000000000E+00 9.579441058E+02
1.294620000E-03 1.354300000E+01 0.000000000E+00 9.576555283E+02
1.295950000E-03 1.354290000E+01 0.000000000E+00 9.566727111E+02
1.296290000E-03 1.354290000E+01 0.000000000E+00 9.564217883E+02
1.296790000E-03 1.354290000E+01 0.000000000E+00 9.560530232E+02
1.297040000E-03 1.354290000E+01 0.000000000E+00 9.558687473E+02
1.297290000E-03 1.354290000E+01 0.000000000E+00 9.556845424E+02
1.300350000E-03 1.354280000E+01 0.000000000E+00 9.534356135E+02
1.301880000E-03 1.354280000E+01 0.000000000E+00 9.523151135E+02
1.302640000E-03 1.354280000E+01 0.000000000E+00 9.517595038E+02
1.303410000E-03 1.354280000E+01 0.000000000E+00 9.511972442E+02
1.303840000E-03 1.354280000E+01 0.000000000E+00 9.508835440E+02
1.304640000E-03 1.354270000E+01 0.000000000E+00 9.503004660E+02
1.310260000E-03 1.354260000E+01 0.000000000E+00 9.462244135E+02
1.313470000E-03 1.354250000E+01 0.000000000E+00 9.439119279E+02
1.316670000E-03 1.354250000E+01 0.000000000E+00 9.416178693E+02
1.319880000E-03 1.354240000E+01 0.000000000E+00 9.393278177E+02
1.321490000E-03 1.354240000E+01 0.000000000E+00 9.381834142E+02
1.323090000E-03 1.354230000E+01 0.000000000E+00 9.370488780E+02
1.324700000E-03 1.354230000E+01 0.000000000E+00 9.359100174E+02
1.326300000E-03 1.354220000E+01 0.000000000E+00 9.347809696E+02
1.327910000E-03 1.354220000E+01 0.000000000E+00 9.336476117E+02
1.328710000E-03 1.354220000E+01 0.000000000E+00 9.330854739E+02
1.331120000E-03 1.354210000E+01 0.000000000E+00 9.313961176E+02
1.331920000E-03 1.354210000E+01 0.000000000E+00 9.308366869E+02
1.332320000E-03 1.354210000E+01 0.000000000E+00 9.305572235E+02
1.333120000E-03 1.354210000E+01 0.000000000E+00 9.299987998E+02
1.334530000E-03 1.354210000E+01 0.000000000E+00 9.290162080E+02
1.334880000E-03 1.354200000E+01 0.000000000E+00 9.287726238E+02
1.335140000E-03 1.354200000E+01 0.000000000E+00 9.285917582E+02
1.335540000E-03 1.354200000E+01 0.000000000E+00 9.283136409E+02
1.335730000E-03 1.354200000E+01 0.000000000E+00 9.281815936E+02
1.336130000E-03 1.354200000E+01 0.000000000E+00 9.279037219E+02
1.339140000E-03 1.354190000E+01 0.000000000E+00 9.258180623E+02
1.339940000E-03 1.354190000E+01 0.000000000E+00 9.252653104E+02
1.342350000E-03 1.354190000E+01 0.000000000E+00 9.236041271E+02
1.343950000E-03 1.354180000E+01 0.000000000E+00 9.225045575E+02
1.345560000E-03 1.354180000E+01 0.000000000E+00 9.214007551E+02
1.347160000E-03 1.354180000E+01 0.000000000E+00 9.203064224E+02
1.348770000E-03 1.354170000E+01 0.000000000E+00 9.192078709E+02
1.350370000E-03 1.354170000E+01 0.000000000E+00 9.181187378E+02
1.351980000E-03 1.354170000E+01 0.000000000E+00 9.170253998E+02
1.355190000E-03 1.354160000E+01 0.000000000E+00 9.148532678E+02
1.358390000E-03 1.354150000E+01 0.000000000E+00 9.126981206E+02
1.361600000E-03 1.354140000E+01 0.000000000E+00 9.105464160E+02
1.364810000E-03 1.354140000E+01 0.000000000E+00 9.084048329E+02
1.368020000E-03 1.354130000E+01 0.000000000E+00 9.062733001E+02
1.370520000E-03 1.354120000E+01 0.000000000E+00 9.046201442E+02
1.375430000E-03 1.354110000E+01 0.000000000E+00 9.013908378E+02
1.380200000E-03 1.354100000E+01 0.000000000E+00 8.982756122E+02
1.384810000E-03 1.354090000E+01 0.000000000E+00 8.952852738E+02
1.393750000E-03 1.354070000E+01 0.000000000E+00 8.895426009E+02
1.402130000E-03 1.354050000E+01 0.000000000E+00 8.842261417E+02
1.409980000E-03 1.354030000E+01 0.000000000E+00 8.793032525E+02
1.424710000E-03 1.354000000E+01 0.000000000E+00 8.702121835E+02
1.437600000E-03 1.353970000E+01 0.000000000E+00 8.624095715E+02
1.460150000E-03 1.353920000E+01 0.000000000E+00 8.490908468E+02
1.477070000E-03 1.353880000E+01 0.000000000E+00 8.393644174E+02
1.502440000E-03 1.353820000E+01 0.000000000E+00 8.251910226E+02
1.527810000E-03 1.353760000E+01 0.000000000E+00 8.114883395E+02
1.531580000E-03 1.353750000E+01 0.000000000E+00 8.094908526E+02
1.535340000E-03 1.353740000E+01 0.000000000E+00 8.075084346E+02
1.539100000E-03 1.353740000E+01 0.000000000E+00 8.055357027E+02
1.542860000E-03 1.353730000E+01 0.000000000E+00 8.035725860E+02
1.546620000E-03 1.353720000E+01 0.000000000E+00 8.016190144E+02
1.550380000E-03 1.353710000E+01 0.000000000E+00 7.996749184E+02
1.554140000E-03 1.353700000E+01 0.000000000E+00 7.977402293E+02
1.557900000E-03 1.353690000E+01 0.000000000E+00 7.958148790E+02
1.561660000E-03 1.353680000E+01 0.000000000E+00 7.938988000E+02
1.565420000E-03 1.353680000E+01 0.000000000E+00 7.919919255E+02
1.569180000E-03 1.353670000E+01 0.000000000E+00 7.900941893E+02
1.572940000E-03 1.353660000E+01 0.000000000E+00 7.882055260E+02
1.576700000E-03 1.353650000E+01 0.000000000E+00 7.863258705E+02
1.583950000E-03 1.353630000E+01 0.000000000E+00 7.827267275E+02
1.587980000E-03 1.353620000E+01 0.000000000E+00 7.807403116E+02
1.591750000E-03 1.353610000E+01 0.000000000E+00 7.788911575E+02
1.595650000E-03 1.353610000E+01 0.000000000E+00 7.769874346E+02
1.599550000E-03 1.353600000E+01 0.000000000E+00 7.750929949E+02
1.603450000E-03 1.353590000E+01 0.000000000E+00 7.732077707E+02
1.607350000E-03 1.353580000E+01 0.000000000E+00 7.713316950E+02
1.611240000E-03 1.353570000E+01 0.000000000E+00 7.694694769E+02
1.615140000E-03 1.353560000E+01 0.000000000E+00 7.676114764E+02
1.619040000E-03 1.353550000E+01 0.000000000E+00 7.657624271E+02
1.622940000E-03 1.353540000E+01 0.000000000E+00 7.639222645E+02
1.626840000E-03 1.353530000E+01 0.000000000E+00 7.620909247E+02
1.630740000E-03 1.353530000E+01 0.000000000E+00 7.602683444E+02
1.634640000E-03 1.353520000E+01 0.000000000E+00 7.584544609E+02
1.642430000E-03 1.353500000E+01 0.000000000E+00 7.548571324E+02
1.646330000E-03 1.353490000E+01 0.000000000E+00 7.530689473E+02
1.650230000E-03 1.353480000E+01 0.000000000E+00 7.512892142E+02
1.654130000E-03 1.353470000E+01 0.000000000E+00 7.495178734E+02
1.658030000E-03 1.353460000E+01 0.000000000E+00 7.477548657E+02
1.661930000E-03 1.353450000E+01 0.000000000E+00 7.460001324E+02
1.712820000E-03 1.353340000E+01 0.000000000E+00 7.238355461E+02
1.801880000E-03 1.353130000E+01 0.000000000E+00 6.880591382E+02
1.935470000E-03 1.352830000E+01 0.000000000E+00 6.405679241E+02
2.069060000E-03 1.352310000E+01 0.000000000E+00 5.992093028E+02
2.074160000E-03 1.352290000E+01 0.000000000E+00 5.977359509E+02
2.079250000E-03 1.352260000E+01 0.000000000E+00 5.962726945E+02
2.084340000E-03 1.352230000E+01 0.000000000E+00 5.948165846E+02
2.089430000E-03 1.352210000E+01 0.000000000E+00 5.933675691E+02
2.094530000E-03 1.352180000E+01 0.000000000E+00 5.919227703E+02
2.099620000E-03 1.352150000E+01 0.000000000E+00 5.904878026E+02
2.104710000E-03 1.352130000E+01 0.000000000E+00 5.890597755E+02
2.109800000E-03 1.352100000E+01 0.000000000E+00 5.876386387E+02
2.114900000E-03 1.352070000E+01 0.000000000E+00 5.862215708E+02
2.119990000E-03 1.352040000E+01 0.000000000E+00 5.848140793E+02
2.125080000E-03 1.352020000E+01 0.000000000E+00 5.834133303E+02
2.130180000E-03 1.351990000E+01 0.000000000E+00 5.820165432E+02
2.135270000E-03 1.351960000E+01 0.000000000E+00 5.806291476E+02
2.145450000E-03 1.351910000E+01 0.000000000E+00 5.778741057E+02
2.150550000E-03 1.351880000E+01 0.000000000E+00 5.765036851E+02
2.155640000E-03 1.351860000E+01 0.000000000E+00 5.751424171E+02
2.160730000E-03 1.351830000E+01 0.000000000E+00 5.737875625E+02
2.165820000E-03 1.351800000E+01 0.000000000E+00 5.724390762E+02
2.170920000E-03 1.351780000E+01 0.000000000E+00 5.710942826E+02
2.313910000E-03 1.351020000E+01 0.000000000E+00 5.358030347E+02
2.385400000E-03 1.350640000E+01 0.000000000E+00 5.197451161E+02
2.421150000E-03 1.350450000E+01 0.000000000E+00 5.120707102E+02
2.439020000E-03 1.350360000E+01 0.000000000E+00 5.083189150E+02
2.456900000E-03 1.350260000E+01 0.000000000E+00 5.046196426E+02
2.462940000E-03 1.350230000E+01 0.000000000E+00 5.033821368E+02
2.468990000E-03 1.350200000E+01 0.000000000E+00 5.021486519E+02
2.475040000E-03 1.350170000E+01 0.000000000E+00 5.009211972E+02
2.478870000E-03 1.350150000E+01 0.000000000E+00 5.001472445E+02
2.481090000E-03 1.350140000E+01 0.000000000E+00 4.996997287E+02
2.487130000E-03 1.350100000E+01 0.000000000E+00 4.984862070E+02
2.491070000E-03 1.350080000E+01 0.000000000E+00 4.976977765E+02
2.497170000E-03 1.350050000E+01 0.000000000E+00 4.964820176E+02
2.503270000E-03 1.350020000E+01 0.000000000E+00 4.952721840E+02
2.506320000E-03 1.350000000E+01 0.000000000E+00 4.946694756E+02
2.510900000E-03 1.349980000E+01 0.000000000E+00 4.937671751E+02
2.515470000E-03 1.349950000E+01 0.000000000E+00 4.928701197E+02
2.519910000E-03 1.349930000E+01 0.000000000E+00 4.920016985E+02
2.524350000E-03 1.349910000E+01 0.000000000E+00 4.911363321E+02
2.529460000E-03 1.349880000E+01 0.000000000E+00 4.901441414E+02
2.533780000E-03 1.349860000E+01 0.000000000E+00 4.893084640E+02
2.539880000E-03 1.349830000E+01 0.000000000E+00 4.881332976E+02
2.545980000E-03 1.349790000E+01 0.000000000E+00 4.869637625E+02
2.553650000E-03 1.349750000E+01 0.000000000E+00 4.855011454E+02
2.559700000E-03 1.349720000E+01 0.000000000E+00 4.843536352E+02
2.565750000E-03 1.349690000E+01 0.000000000E+00 4.832115366E+02
2.570390000E-03 1.349660000E+01 0.000000000E+00 4.823392559E+02
2.576490000E-03 1.349630000E+01 0.000000000E+00 4.811972878E+02
2.582590000E-03 1.349600000E+01 0.000000000E+00 4.800607142E+02
2.588690000E-03 1.349570000E+01 0.000000000E+00 4.789294972E+02
2.598540000E-03 1.349520000E+01 0.000000000E+00 4.771140717E+02
2.600890000E-03 1.349500000E+01 0.000000000E+00 4.766829816E+02
2.605890000E-03 1.349480000E+01 0.000000000E+00 4.757683555E+02
2.610910000E-03 1.349450000E+01 0.000000000E+00 4.748535951E+02
2.617090000E-03 1.349420000E+01 0.000000000E+00 4.737322752E+02
2.618170000E-03 1.349410000E+01 0.000000000E+00 4.735368597E+02
2.623270000E-03 1.349390000E+01 0.000000000E+00 4.726162385E+02
2.629460000E-03 1.349350000E+01 0.000000000E+00 4.715036547E+02
2.635640000E-03 1.349320000E+01 0.000000000E+00 4.703980817E+02
2.671690000E-03 1.349130000E+01 0.000000000E+00 4.640508442E+02
2.924030000E-03 1.347800000E+01 0.000000000E+00 4.240038577E+02
2.934300000E-03 1.347740000E+01 0.000000000E+00 4.225198514E+02
2.938420000E-03 1.347720000E+01 0.000000000E+00 4.219274304E+02
2.945620000E-03 1.347680000E+01 0.000000000E+00 4.208961102E+02
2.948740000E-03 1.347670000E+01 0.000000000E+00 4.204507688E+02
2.952820000E-03 1.347640000E+01 0.000000000E+00 4.198698194E+02
2.955960000E-03 1.347630000E+01 0.000000000E+00 4.194238082E+02
2.963190000E-03 1.347590000E+01 0.000000000E+00 4.184004401E+02
2.971750000E-03 1.347540000E+01 0.000000000E+00 4.171952553E+02
2.980280000E-03 1.347500000E+01 0.000000000E+00 4.160011811E+02
2.988800000E-03 1.347450000E+01 0.000000000E+00 4.148153105E+02
2.993800000E-03 1.347430000E+01 0.000000000E+00 4.141225199E+02
2.999300000E-03 1.347400000E+01 0.000000000E+00 4.133631181E+02
3.006520000E-03 1.347360000E+01 0.000000000E+00 4.123704482E+02
3.013740000E-03 1.347320000E+01 0.000000000E+00 4.113825347E+02
3.022700000E-03 1.347270000E+01 0.000000000E+00 4.101630992E+02
3.039180000E-03 1.347190000E+01 0.000000000E+00 4.079389835E+02
3.042630000E-03 1.347170000E+01 0.000000000E+00 4.074764266E+02
3.049850000E-03 1.347130000E+01 0.000000000E+00 4.065117957E+02
3.057080000E-03 1.347090000E+01 0.000000000E+00 4.055503945E+02
3.064300000E-03 1.347050000E+01 0.000000000E+00 4.045948504E+02
3.067970000E-03 1.347040000E+01 0.000000000E+00 4.041108616E+02
3.078740000E-03 1.346980000E+01 0.000000000E+00 4.026972073E+02
3.080520000E-03 1.346970000E+01 0.000000000E+00 4.024645190E+02
3.087640000E-03 1.346930000E+01 0.000000000E+00 4.015364485E+02
3.154440000E-03 1.346580000E+01 0.000000000E+00 3.930333118E+02
3.160050000E-03 1.346550000E+01 0.000000000E+00 3.923355643E+02
3.169970000E-03 1.346500000E+01 0.000000000E+00 3.911078023E+02
3.175610000E-03 1.346470000E+01 0.000000000E+00 3.904131805E+02
3.183380000E-03 1.346430000E+01 0.000000000E+00 3.894602592E+02
3.191160000E-03 1.346380000E+01 0.000000000E+00 3.885107610E+02
3.198940000E-03 1.346340000E+01 0.000000000E+00 3.875658812E+02
3.216550000E-03 1.346250000E+01 0.000000000E+00 3.854440316E+02
3.224320000E-03 1.346210000E+01 0.000000000E+00 3.845151846E+02
3.230050000E-03 1.346180000E+01 0.000000000E+00 3.838330676E+02
3.237830000E-03 1.346140000E+01 0.000000000E+00 3.829107767E+02
3.245610000E-03 1.346100000E+01 0.000000000E+00 3.819929073E+02
3.255370000E-03 1.346050000E+01 0.000000000E+00 3.808476456E+02
3.276720000E-03 1.345930000E+01 0.000000000E+00 3.783661710E+02
3.284500000E-03 1.345890000E+01 0.000000000E+00 3.774699345E+02
3.288560000E-03 1.345870000E+01 0.000000000E+00 3.770039166E+02
3.292280000E-03 1.345850000E+01 0.000000000E+00 3.765779338E+02
3.300050000E-03 1.345810000E+01 0.000000000E+00 3.756912774E+02
3.304750000E-03 1.345780000E+01 0.000000000E+00 3.751569710E+02
3.309720000E-03 1.345760000E+01 0.000000000E+00 3.745936212E+02
3.312840000E-03 1.345740000E+01 0.000000000E+00 3.742408326E+02
3.315610000E-03 1.345730000E+01 0.000000000E+00 3.739281761E+02
3.320930000E-03 1.345700000E+01 0.000000000E+00 3.733291578E+02
3.329030000E-03 1.345660000E+01 0.000000000E+00 3.724207952E+02
3.353310000E-03 1.345530000E+01 0.000000000E+00 3.697242426E+02
3.361410000E-03 1.345480000E+01 0.000000000E+00 3.688333170E+02
3.369500000E-03 1.345440000E+01 0.000000000E+00 3.679477667E+02
3.377590000E-03 1.345400000E+01 0.000000000E+00 3.670664586E+02
3.385690000E-03 1.345360000E+01 0.000000000E+00 3.661882807E+02
3.401880000E-03 1.345270000E+01 0.000000000E+00 3.644455419E+02
3.410150000E-03 1.345230000E+01 0.000000000E+00 3.635617202E+02
3.418440000E-03 1.345180000E+01 0.000000000E+00 3.626800529E+02
3.426740000E-03 1.345140000E+01 0.000000000E+00 3.618015957E+02
3.443320000E-03 1.345050000E+01 0.000000000E+00 3.600594775E+02
3.459900000E-03 1.344960000E+01 0.000000000E+00 3.583340559E+02
3.471040000E-03 1.344910000E+01 0.000000000E+00 3.571840140E+02
3.494210000E-03 1.344780000E+01 0.000000000E+00 3.548155377E+02
3.583620000E-03 1.344110000E+01 6.030250000E-06 3.459630206E+02
3.619320000E-03 1.343600000E+01 2.753820000E-04 3.425505344E+02
3.677820000E-03 1.342440000E+01 8.945870000E-03 3.371018701E+02
3.721460000E-03 1.342670000E+01 2.127420000E-02 3.331488179E+02
3.735770000E-03 1.342930000E+01 2.320400000E-02 3.318726795E+02
3.761430000E-03 1.343330000E+01 2.417660000E-02 3.296086861E+02
3.961980000E-03 1.343810000E+01 1.944380000E-02 3.129243459E+02
4.168380000E-03 1.342670000E+01 1.537000000E-02 2.974296969E+02
4.375850000E-03 1.341120000E+01 1.221120000E-02 2.833278106E+02
4.596430000E-03 1.339360000E+01 9.630180000E-03 2.697310739E+02
4.827810000E-03 1.337440000E+01 7.560830000E-03 2.568038096E+02
5.043510000E-03 1.335620000E+01 6.076360000E-03 2.458208668E+02
5.313400000E-03 1.333320000E+01 4.678300000E-03 2.333345880E+02
5.591480000E-03 1.330940000E+01 3.618500000E-03 2.217302038E+02
5.850550000E-03 1.328720000E+01 2.895540000E-03 2.119117006E+02
6.000000000E-03 1.327440000E+01 2.567760000E-03 2.066333333E+02
6.270000000E-03 1.324030000E+01 2.098110000E-03 1.977352472E+02
6.373230000E-03 1.322730000E+01 1.956260000E-03 1.945324427E+02
6.653900000E-03 1.319190000E+01 1.648020000E-03 1.863268159E+02
7.000000000E-03 1.314840000E+01 1.391770000E-03 1.771142857E+02
7.387500000E-03 1.309970000E+01 1.222990000E-03 1.678240271E+02
7.845000000E-03 1.302770000E+01 1.129160000E-03 1.580369662E+02
8.222430000E-03 1.296310000E+01 1.109180000E-03 1.507826762E+02
8.609940000E-03 1.289120000E+01 1.124050000E-03 1.439963577E+02
9.061190000E-03 1.280040000E+01 1.172200000E-03 1.368252956E+02
9.481530000E-03 1.270980000E+01 1.234870000E-03 1.307594871E+02
9.885530000E-03 1.260780000E+01 1.305150000E-03 1.254156327E+02
1.017110000E-02 1.253520000E+01 1.361150000E-03 1.218943870E+02
1.045270000E-02 1.245220000E+01 1.416370000E-03 1.186105025E+02
1.094550000E-02 1.229670000E+01 1.512990000E-03 1.132702937E+02
1.131510000E-02 1.216580000E+01 1.585460000E-03 1.095703971E+02
1.161450000E-02 1.204740000E+01 1.644160000E-03 1.067458780E+02
1.180020000E-02 1.196880000E+01 1.680210000E-03 1.050660158E+02
1.195610000E-02 1.190280000E+01 1.710470000E-03 1.036960213E+02
1.219000000E-02 1.179320000E+01 1.755860000E-03 1.017063167E+02
1.230700000E-02 1.173410000E+01 1.778550000E-03 1.007394166E+02
1.236540000E-02 1.170380000E+01 1.789900000E-03 1.002636389E+02
1.242390000E-02 1.167340000E+01 1.801250000E-03 9.979153084E+01
1.246610000E-02 1.165150000E+01 1.809430000E-03 9.945371848E+01
1.248510000E-02 1.164100000E+01 1.813120000E-03 9.930236842E+01
1.251560000E-02 1.162410000E+01 1.819050000E-03 9.906037265E+01
1.254620000E-02 1.160720000E+01 1.824990000E-03 9.881876584E+01
1.257680000E-02 1.159030000E+01 1.830920000E-03 9.857833471E+01
1.260740000E-02 1.157340000E+01 1.836710000E-03 9.833907070E+01
1.263800000E-02 1.155650000E+01 1.842380000E-03 9.810096534E+01
1.267270000E-02 1.153730000E+01 1.848840000E-03 9.783234828E+01
1.269910000E-02 1.152210000E+01 1.853740000E-03 9.762896583E+01
1.272970000E-02 1.150440000E+01 1.859420000E-03 9.739428266E+01
1.276030000E-02 1.148660000E+01 1.865090000E-03 9.716072506E+01
1.279090000E-02 1.146810000E+01 1.870770000E-03 9.692828495E+01
1.280610000E-02 1.145880000E+01 1.873610000E-03 9.681323744E+01
1.282140000E-02 1.144950000E+01 1.876450000E-03 9.669770852E+01
1.283670000E-02 1.144000000E+01 1.879290000E-03 9.658245499E+01
1.285200000E-02 1.143060000E+01 1.882130000E-03 9.646747588E+01
1.286730000E-02 1.142110000E+01 1.884970000E-03 9.635277020E+01
1.288260000E-02 1.141150000E+01 1.887810000E-03 9.623833698E+01
1.291320000E-02 1.139220000E+01 1.893480000E-03 9.601028405E+01
1.294380000E-02 1.137290000E+01 1.899160000E-03 9.578330938E+01
1.297430000E-02 1.135300000E+01 1.904840000E-03 9.555814187E+01
1.300490000E-02 1.133290000E+01 1.910520000E-03 9.533329745E+01
1.303550000E-02 1.131270000E+01 1.916190000E-03 9.510950865E+01
1.312990000E-02 1.124960000E+01 1.933710000E-03 9.442570012E+01
1.339020000E-02 1.105980000E+01 1.982060000E-03 9.259010321E+01
1.352820000E-02 1.094880000E+01 2.007670000E-03 9.164559956E+01
1.366610000E-02 1.083290000E+01 2.033090000E-03 9.072083477E+01
1.369980000E-02 1.080430000E+01 2.039020000E-03 9.049767150E+01
1.372770000E-02 1.078060000E+01 2.043950000E-03 9.031374520E+01
1.373340000E-02 1.077580000E+01 2.044950000E-03 9.027626079E+01
1.376700000E-02 1.074460000E+01 2.050880000E-03 9.005593085E+01
1.380070000E-02 1.071270000E+01 2.056810000E-03 8.983602281E+01
1.383430000E-02 1.068080000E+01 2.062740000E-03 8.961783393E+01
1.386800000E-02 1.064860000E+01 2.068670000E-03 8.940005769E+01
1.393520000E-02 1.058410000E+01 2.080530000E-03 8.896894196E+01
1.395170000E-02 1.056830000E+01 2.083440000E-03 8.886372270E+01
1.397710000E-02 1.054380000E+01 2.087910000E-03 8.870223437E+01
1.400250000E-02 1.051830000E+01 2.092390000E-03 8.854133191E+01
1.400780000E-02 1.051260000E+01 2.093330000E-03 8.850783135E+01
1.402040000E-02 1.049900000E+01 2.095540000E-03 8.842829021E+01
1.405470000E-02 1.046210000E+01 2.101600000E-03 8.821248408E+01
1.407680000E-02 1.043820000E+01 2.105490000E-03 8.807399409E+01
1.411130000E-02 1.040080000E+01 2.111570000E-03 8.785866646E+01
1.414570000E-02 1.036340000E+01 2.117640000E-03 8.764500873E+01
1.418020000E-02 1.032600000E+01 2.123720000E-03 8.743177106E+01
1.420220000E-02 1.030180000E+01 2.127610000E-03 8.729633437E+01
1.423530000E-02 1.026330000E+01 2.133430000E-03 8.709335244E+01
1.425180000E-02 1.024320000E+01 2.136350000E-03 8.699252024E+01
1.426830000E-02 1.022310000E+01 2.139260000E-03 8.689192125E+01
1.429510000E-02 1.019050000E+01 2.143980000E-03 8.672901903E+01
1.430660000E-02 1.017650000E+01 2.146010000E-03 8.665930410E+01
1.431810000E-02 1.016250000E+01 2.148040000E-03 8.658970115E+01
1.432670000E-02 1.015200000E+01 2.149560000E-03 8.653772327E+01
1.433970000E-02 1.013630000E+01 2.151830000E-03 8.645927042E+01
1.434610000E-02 1.012840000E+01 2.152970000E-03 8.642069970E+01
1.434940000E-02 1.012450000E+01 2.153540000E-03 8.640082512E+01
1.435100000E-02 1.012250000E+01 2.153830000E-03 8.639119225E+01
1.435260000E-02 1.012050000E+01 2.154110000E-03 8.638156153E+01
1.435370000E-02 1.011920000E+01 2.154300000E-03 8.637494165E+01
1.435580000E-02 1.011670000E+01 2.154670000E-03 8.636230652E+01
1.438710000E-02 1.007860000E+01 2.160190000E-03 8.617442014E+01
1.439140000E-02 1.007330000E+01 2.160950000E-03 8.614867212E+01
1.440650000E-02 1.005460000E+01 2.163610000E-03 8.605837643E+01
1.442160000E-02 1.003390000E+01 2.166270000E-03 8.596826982E+01
1.443350000E-02 1.001670000E+01 2.168380000E-03 8.589739149E+01
1.445450000E-02 9.986600000E+00 2.172070000E-03 8.577259677E+01
1.447020000E-02 9.964000000E+00 2.174840000E-03 8.567953449E+01
1.449370000E-02 9.930100000E+00 2.179000000E-03 8.554061420E+01
1.451730000E-02 9.896200000E+00 2.183150000E-03 8.540155539E+01
1.453550000E-02 9.870100000E+00 2.186360000E-03 8.529462351E+01
1.455950000E-02 9.835600000E+00 2.190580000E-03 8.515402315E+01
1.459390000E-02 9.785900000E+00 2.196660000E-03 8.495330241E+01
1.462840000E-02 9.735700000E+00 2.202740000E-03 8.475294632E+01
1.463850000E-02 9.721000000E+00 2.204520000E-03 8.469447006E+01
1.469740000E-02 9.635200000E+00 2.214900000E-03 8.435505600E+01
1.470750000E-02 9.620500000E+00 2.216680000E-03 8.429712732E+01
1.472520000E-02 9.594800000E+00 2.219800000E-03 8.419580040E+01
1.475170000E-02 9.556100000E+00 2.224480000E-03 8.404455080E+01
1.477830000E-02 9.508800000E+00 2.229160000E-03 8.389327595E+01
1.481390000E-02 9.444500000E+00 2.235440000E-03 8.369166796E+01
1.484960000E-02 9.380300000E+00 2.241730000E-03 8.349046439E+01
1.488530000E-02 9.316000000E+00 2.248020000E-03 8.329022593E+01
1.492320000E-02 9.247600000E+00 2.254710000E-03 8.307869626E+01
1.493590000E-02 9.224900000E+00 2.256940000E-03 8.300805442E+01
1.500940000E-02 9.091500000E+00 2.269410000E-03 8.260156968E+01
1.501280000E-02 9.084300000E+00 2.269970000E-03 8.258286262E+01
1.501680000E-02 9.075600000E+00 2.270640000E-03 8.256086516E+01
1.503150000E-02 9.044100000E+00 2.273070000E-03 8.248012507E+01
1.503880000E-02 9.028400000E+00 2.274280000E-03 8.244008830E+01
1.504620000E-02 9.012600000E+00 2.275500000E-03 8.239954274E+01
1.505540000E-02 8.992900000E+00 2.277020000E-03 8.234919032E+01
1.508290000E-02 8.933700000E+00 2.281590000E-03 8.219904660E+01
1.509290000E-02 8.912300000E+00 2.283240000E-03 8.214458454E+01
1.512280000E-02 8.847900000E+00 2.288200000E-03 8.198217261E+01
1.513620000E-02 8.818500000E+00 2.290420000E-03 8.190959422E+01
1.515960000E-02 8.767100000E+00 2.294300000E-03 8.178316051E+01
1.517720000E-02 8.728600000E+00 2.297220000E-03 8.168832196E+01
1.519040000E-02 8.699700000E+00 2.299400000E-03 8.161733727E+01
1.521020000E-02 8.652100000E+00 2.302680000E-03 8.151109124E+01
1.522010000E-02 8.626900000E+00 2.304320000E-03 8.145807189E+01
1.523000000E-02 8.601700000E+00 2.305960000E-03 8.140512147E+01
1.524970000E-02 8.551300000E+00 2.309240000E-03 8.129996000E+01
1.525960000E-02 8.526200000E+00 2.310870000E-03 8.124721487E+01
1.526460000E-02 8.513600000E+00 2.311690000E-03 8.122060192E+01
1.526700000E-02 8.507300000E+00 2.312100000E-03 8.120783389E+01
1.527180000E-02 8.495100000E+00 2.312890000E-03 8.118230988E+01
1.527610000E-02 8.484200000E+00 2.313600000E-03 8.115945824E+01
1.528360000E-02 8.465000000E+00 2.314850000E-03 8.111963150E+01
1.529350000E-02 8.439900000E+00 2.316490000E-03 8.106712002E+01
1.529980000E-02 8.423700000E+00 2.317540000E-03 8.103373900E+01
1.530300000E-02 8.415600000E+00 2.318070000E-03 8.101679409E+01
1.530620000E-02 8.407500000E+00 2.318590000E-03 8.099985627E+01
1.530850000E-02 8.401700000E+00 2.318970000E-03 8.098768658E+01
1.534290000E-02 8.313500000E+00 2.324670000E-03 8.080610576E+01
1.535410000E-02 8.278600000E+00 2.326540000E-03 8.074716200E+01
1.537100000E-02 8.226200000E+00 2.329340000E-03 8.065838267E+01
1.538790000E-02 8.173700000E+00 2.332140000E-03 8.056979835E+01
1.540930000E-02 8.107600000E+00 2.335670000E-03 8.045790529E+01
1.542530000E-02 8.057600000E+00 2.338320000E-03 8.037444977E+01
1.544930000E-02 7.982000000E+00 2.342300000E-03 8.024959060E+01
1.547330000E-02 7.906400000E+00 2.346280000E-03 8.012511875E+01
1.548960000E-02 7.854900000E+00 2.348990000E-03 8.004080157E+01
1.550790000E-02 7.797100000E+00 2.352030000E-03 7.994634992E+01
1.552630000E-02 7.739300000E+00 2.355060000E-03 7.985160663E+01
1.556290000E-02 7.619700000E+00 2.361140000E-03 7.966381587E+01
1.557210000E-02 7.584200000E+00 2.362660000E-03 7.961675047E+01
1.559960000E-02 7.477700000E+00 2.367220000E-03 7.947639683E+01
1.560410000E-02 7.460400000E+00 2.367960000E-03 7.945347697E+01
1.561250000E-02 7.428000000E+00 2.369350000E-03 7.941072858E+01
1.561980000E-02 7.399600000E+00 2.370570000E-03 7.937361554E+01
1.567110000E-02 7.196600000E+00 2.379070000E-03 7.911378270E+01
1.568390000E-02 7.137900000E+00 2.381200000E-03 7.904921608E+01
1.570040000E-02 7.061700000E+00 2.383920000E-03 7.896614099E+01
1.571790000E-02 6.980300000E+00 2.386820000E-03 7.887822165E+01
1.573530000E-02 6.899800000E+00 2.389700000E-03 7.879099858E+01
1.575260000E-02 6.819300000E+00 2.392570000E-03 7.870446783E+01
1.575970000E-02 6.786500000E+00 2.393750000E-03 7.866901020E+01
1.576670000E-02 6.753600000E+00 2.394920000E-03 7.863408323E+01
1.577920000E-02 6.692800000E+00 2.404160000E-03 7.857179071E+01
1.583110000E-02 6.411300000E+00 2.456710000E-03 7.831420432E+01
1.585180000E-02 6.290200000E+00 2.515480000E-03 7.821193808E+01
1.588900000E-02 6.057800000E+00 2.786880000E-03 7.802882497E+01
1.592530000E-02 5.808400000E+00 3.584950000E-03 7.785096670E+01
1.594620000E-02 5.652000000E+00 4.593790000E-03 7.774893078E+01
1.596730000E-02 5.484800000E+00 6.375700000E-03 7.764618940E+01
1.598090000E-02 5.371200000E+00 8.160870000E-03 7.758011126E+01
1.600480000E-02 5.157900000E+00 1.321250000E-02 7.746426072E+01
1.602270000E-02 4.985700000E+00 1.936370000E-02 7.737772036E+01
1.603820000E-02 4.827000000E+00 2.711090000E-02 7.730293923E+01
1.605630000E-02 4.629700000E+00 4.009060000E-02 7.721579691E+01
1.606640000E-02 4.513500000E+00 4.975740000E-02 7.716725589E+01
1.607140000E-02 4.453600000E+00 5.535420000E-02 7.714324825E+01
1.608200000E-02 4.323900000E+00 6.901950000E-02 7.709240144E+01
1.610150000E-02 4.070500000E+00 1.025090000E-01 7.699903736E+01
1.610630000E-02 4.004600000E+00 1.128320000E-01 7.697609010E+01
1.611280000E-02 3.913000000E+00 1.282360000E-01 7.694503749E+01
1.611640000E-02 3.862600000E+00 1.374010000E-01 7.692784989E+01
1.611860000E-02 3.830300000E+00 1.434780000E-01 7.691735014E+01
1.612080000E-02 3.797600000E+00 1.497030000E-01 7.690685326E+01
1.612560000E-02 3.726300000E+00 1.639860000E-01 7.688396091E+01
1.615090000E-02 3.330700000E+00 2.600500000E-01 7.676352401E+01
1.615930000E-02 3.190900000E+00 3.011980000E-01 7.672362045E+01
1.619270000E-02 2.598900000E+00 5.220950000E-01 7.656536587E+01
1.619870000E-02 2.488100000E+00 5.727280000E-01 7.653700606E+01
1.622070000E-02 2.066300000E+00 7.947440000E-01 7.643319955E+01
1.624080000E-02 1.672800000E+00 1.050160000E+00 7.633860401E+01
1.626990000E-02 1.105000000E+00 1.519040000E+00 7.620206639E+01
1.631520000E-02 2.914000000E-01 2.506430000E+00 7.599048740E+01
1.633830000E-02 -5.010000000E-02 3.125350000E+00 7.588304781E+01
1.635920000E-02 -2.985000000E-01 3.744640000E+00 7.578610201E+01
1.638870000E-02 -5.144000000E-01 4.700010000E+00 7.564968545E+01
1.642730000E-02 -4.769000000E-01 6.010010000E+00 7.547192783E+01
1.646550000E-02 -2.921000000E-01 7.298130000E+00 7.529683277E+01
1.652920000E-02 7.032000000E-01 9.166240000E+00 7.500665489E+01
1.654120000E-02 9.556000000E-01 9.448000000E+00 7.495224047E+01
1.657720000E-02 1.765600000E+00 1.017980000E+01 7.478946987E+01
1.661990000E-02 2.789700000E+00 1.077950000E+01 7.459732008E+01
1.666280000E-02 3.787600000E+00 1.112010000E+01 7.440526202E+01
1.672600000E-02 5.098200000E+00 1.129170000E+01 7.412411814E+01
1.673300000E-02 5.222500000E+00 1.128730000E+01 7.409310942E+01
1.677300000E-02 5.888800000E+00 1.124210000E+01 7.391641328E+01
1.681710000E-02 6.516000000E+00 1.113690000E+01 7.372257999E+01
1.685820000E-02 7.030600000E+00 1.101420000E+01 7.354284562E+01
1.689930000E-02 7.454700000E+00 1.087760000E+01 7.336398549E+01
1.694030000E-02 7.842800000E+00 1.074040000E+01 7.318642527E+01
1.697210000E-02 8.104900000E+00 1.063370000E+01 7.304929855E+01
1.700390000E-02 8.339400000E+00 1.052650000E+01 7.291268474E+01
1.703620000E-02 8.573800000E+00 1.041700000E+01 7.277444501E+01
1.706860000E-02 8.780000000E+00 1.030690000E+01 7.263630292E+01
1.710880000E-02 9.001400000E+00 1.017340000E+01 7.246563172E+01
1.714970000E-02 9.206100000E+00 1.005040000E+01 7.229280979E+01
1.718700000E-02 9.380000000E+00 9.937730000E+00 7.213591668E+01
1.722800000E-02 9.555800000E+00 9.813260000E+00 7.196424425E+01
1.727700000E-02 9.744100000E+00 9.663280000E+00 7.176014354E+01
1.732610000E-02 9.897100000E+00 9.522110000E+00 7.155678427E+01
1.735540000E-02 9.973700000E+00 9.442410000E+00 7.143597958E+01
1.739230000E-02 1.007050000E+01 9.341850000E+00 7.128441897E+01
1.743350000E-02 1.015850000E+01 9.228610000E+00 7.111595491E+01
1.748230000E-02 1.025810000E+01 9.093690000E+00 7.091744221E+01
1.752580000E-02 1.033110000E+01 8.980070000E+00 7.074142122E+01
1.757340000E-02 1.038440000E+01 8.860680000E+00 7.054980823E+01
1.760920000E-02 1.041450000E+01 8.770730000E+00 7.040637848E+01
1.767540000E-02 1.043310000E+01 8.611280000E+00 7.014268418E+01
1.771800000E-02 1.041850000E+01 8.512960000E+00 6.997403770E+01
1.790470000E-02 1.005090000E+01 8.149410000E+00 6.924438834E+01
1.802410000E-02 9.404600000E+00 8.199870000E+00 6.878568139E+01
1.815400000E-02 8.560300000E+00 9.041350000E+00 6.829348904E+01
1.820970000E-02 8.383200000E+00 9.709130000E+00 6.808459228E+01
1.828280000E-02 8.504100000E+00 1.073510000E+01 6.781237010E+01
1.837770000E-02 9.260100000E+00 1.191850000E+01 6.746219603E+01
1.848930000E-02 1.064450000E+01 1.263800000E+01 6.705499938E+01
1.861910000E-02 1.211800000E+01 1.263690000E+01 6.658753645E+01
1.875000000E-02 1.315520000E+01 1.228660000E+01 6.612266667E+01
1.901740000E-02 1.451380000E+01 1.148590000E+01 6.519292858E+01
1.950000000E-02 1.588530000E+01 1.024300000E+01 6.357948718E+01
2.003350000E-02 1.675210000E+01 9.127210000E+00 6.188634038E+01
2.109380000E-02 1.763340000E+01 7.461950000E+00 5.877556438E+01
2.237190000E-02 1.806660000E+01 6.057030000E+00 5.541773385E+01
2.381290000E-02 1.822660000E+01 4.946870000E+00 5.206421729E+01
2.539320000E-02 1.822570000E+01 4.068700000E+00 4.882409464E+01
2.743170000E-02 1.811670000E+01 3.262180000E+00 4.519588651E+01
2.831120000E-02 1.805160000E+01 2.989730000E+00 4.379185623E+01
2.871500000E-02 1.802010000E+01 2.876180000E+00 4.317604040E+01
2.935510000E-02 1.796860000E+01 2.710080000E+00 4.223456912E+01
3.218550000E-02 1.770580000E+01 2.140750000E+00 3.852045176E+01
3.509860000E-02 1.743000000E+01 1.726300000E+00 3.532334623E+01
3.837920000E-02 1.711500000E+01 1.399920000E+00 3.230395631E+01
4.198800000E-02 1.676400000E+01 1.149780000E+00 2.952748404E+01
4.570880000E-02 1.638800000E+01 9.704250000E-01 2.712387987E+01
5.011870000E-02 1.591740000E+01 8.248720000E-01 2.473727371E+01
5.571060000E-02 1.523430000E+01 7.061270000E-01 2.225429272E+01
6.245830000E-02 1.417890000E+01 6.203130000E-01 1.985004395E+01
6.998880000E-02 1.233010000E+01 5.659360000E-01 1.771426285E+01
7.497240000E-02 1.028030000E+01 5.434820000E-01 1.653675219E+01
7.677570000E-02 9.176200000E+00 5.370690000E-01 1.614833860E+01
7.851180000E-02 7.763300000E+00 5.318440000E-01 1.579125686E+01
7.886120000E-02 7.414700000E+00 5.308250000E-01 1.572129260E+01
7.924940000E-02 7.006100000E+00 5.296940000E-01 1.564428248E+01
7.944360000E-02 6.789100000E+00 5.291280000E-01 1.560604001E+01
7.963770000E-02 6.572100000E+00 5.285620000E-01 1.556800360E+01
7.984810000E-02 6.336900000E+00 5.279490000E-01 1.552698186E+01
8.038680000E-02 5.634700000E+00 5.264740000E-01 1.542293013E+01
8.068770000E-02 5.177400000E+00 5.259040000E-01 1.536541505E+01
8.090270000E-02 4.829900000E+00 5.260540000E-01 1.532458126E+01
8.142760000E-02 3.835700000E+00 5.377930000E-01 1.522579568E+01
8.171440000E-02 3.181300000E+00 5.686240000E-01 1.517235640E+01
8.193590000E-02 2.621700000E+00 6.237490000E-01 1.513134047E+01
8.223870000E-02 1.771400000E+00 7.817630000E-01 1.507562741E+01
8.261210000E-02 5.784000000E-01 1.186850000E+00 1.500748680E+01
8.278810000E-02 1.000000000E-04 1.480600000E+00 1.497558224E+01
8.285500000E-02 -2.174000000E-01 1.609670000E+00 1.496349044E+01
8.305590000E-02 -8.486000000E-01 2.055330000E+00 1.492729595E+01
8.330790000E-02 -1.572300000E+00 2.710650000E+00 1.488214203E+01
8.350140000E-02 -2.042400000E+00 3.262080000E+00 1.484765525E+01
8.386260000E-02 -2.825000000E+00 4.308770000E+00 1.478370573E+01
8.450540000E-02 -4.050800000E+00 6.053700000E+00 1.467125178E+01
8.505850000E-02 -5.353500000E+00 7.597400000E+00 1.457585074E+01
8.572000000E-02 -7.259900000E+00 1.016410000E+01 1.446336911E+01
8.620000000E-02 -8.503000000E+00 1.284840000E+01 1.438283063E+01
8.670640000E-02 -9.371600000E+00 1.649870000E+01 1.429882915E+01
8.706650000E-02 -9.272400000E+00 1.946150000E+01 1.423969035E+01
8.732520000E-02 -8.843900000E+00 2.164770000E+01 1.419750542E+01
8.765390000E-02 -7.816800000E+00 2.434390000E+01 1.414426512E+01
8.799510000E-02 -6.230400000E+00 2.689330000E+01 1.408942089E+01
8.829590000E-02 -4.490300000E+00 2.882600000E+01 1.404142208E+01
8.861650000E-02 -2.407600000E+00 3.052090000E+01 1.399062251E+01
8.881940000E-02 -1.012900000E+00 3.139790000E+01 1.395866218E+01
8.901440000E-02 3.481000000E-01 3.209660000E+01 1.392808355E+01
8.933020000E-02 2.575600000E+00 3.295600000E+01 1.387884500E+01
8.998000000E-02 6.978500000E+00 3.384240000E+01 1.377861747E+01
9.071200000E-02 1.151950000E+01 3.374030000E+01 1.366743099E+01
9.145000000E-02 1.545890000E+01 3.272490000E+01 1.355713505E+01
9.224630000E-02 1.877510000E+01 3.097050000E+01 1.344010546E+01
9.335000000E-02 2.195870000E+01 2.837790000E+01 1.328119979E+01
9.500000000E-02 2.513900000E+01 2.488650000E+01 1.305052632E+01
9.692280000E-02 2.711110000E+01 2.097050000E+01 1.279162385E+01
9.924720000E-02 2.794060000E+01 1.761680000E+01 1.249204008E+01
1.031430000E-01 2.869680000E+01 1.367170000E+01 1.202020496E+01
1.075810000E-01 2.875760000E+01 1.023900000E+01 1.152433980E+01
1.114850000E-01 2.832400000E+01 7.947570000E+00 1.112077858E+01
1.154590000E-01 2.765900000E+01 6.200460000E+00 1.073801090E+01
1.196160000E-01 2.689270000E+01 4.850760000E+00 1.036483414E+01
1.236010000E-01 2.615740000E+01 3.894170000E+00 1.003066318E+01
1.280000000E-01 2.539270000E+01 3.113410000E+00 9.685937500E+00
1.327780000E-01 2.458650000E+01 2.500990000E+00 9.337390230E+00
1.374770000E-01 2.385880000E+01 2.076300000E+00 9.018235778E+00
1.429410000E-01 2.309230000E+01 1.746490000E+00 8.673508650E+00
1.487100000E-01 2.234440000E+01 1.540550000E+00 8.337031807E+00
1.548820000E-01 2.160200000E+01 1.439630000E+00 8.004803657E+00
1.601200000E-01 2.096870000E+01 1.424840000E+00 7.742942793E+00
1.612120000E-01 2.083660000E+01 1.428190000E+00 7.690494504E+00
1.618560000E-01 2.075060000E+01 1.430960000E+00 7.659895216E+00
1.624480000E-01 2.066790000E+01 1.433910000E+00 7.631980695E+00
1.641180000E-01 2.039990000E+01 1.450280000E+00 7.554320672E+00
1.650560000E-01 2.020780000E+01 1.480610000E+00 7.511390074E+00
1.660990000E-01 1.995910000E+01 1.584540000E+00 7.464223144E+00
1.670370000E-01 1.975710000E+01 1.781740000E+00 7.422307632E+00
1.694160000E-01 1.974010000E+01 2.380440000E+00 7.318080937E+00
1.705000000E-01 1.984390000E+01 2.482160000E+00 7.271554252E+00
1.741040000E-01 1.991380000E+01 2.535310000E+00 7.121031108E+00
1.760480000E-01 1.985870000E+01 2.558480000E+00 7.042397528E+00
1.788470000E-01 1.970680000E+01 2.613160000E+00 6.932182256E+00
1.810910000E-01 1.953270000E+01 2.755510000E+00 6.846281704E+00
1.852080000E-01 1.954150000E+01 3.100070000E+00 6.694095287E+00
2.120000000E-01 1.918350000E+01 3.891930000E+00 5.848113208E+00
2.257200000E-01 1.896920000E+01 4.315100000E+00 5.492645756E+00
2.284880000E-01 1.886450000E+01 4.413840000E+00 5.426105529E+00
2.307410000E-01 1.874400000E+01 4.584070000E+00 5.373123979E+00
2.371110000E-01 1.892680000E+01 5.121980000E+00 5.228774709E+00
2.711450000E-01 1.955590000E+01 6.002570000E+00 4.572461229E+00
3.226640000E-01 2.028690000E+01 6.818260000E+00 3.842387127E+00
3.877490000E-01 2.099180000E+01 7.239260000E+00 3.197429265E+00
4.883200000E-01 2.091980000E+01 7.181380000E+00 2.538908912E+00
5.567520000E-01 1.968710000E+01 6.911290000E+00 2.226844268E+00
6.032710000E-01 1.800610000E+01 6.683470000E+00 2.055129453E+00
6.419520000E-01 1.561970000E+01 6.480780000E+00 1.931297044E+00
6.644740000E-01 1.344740000E+01 6.360140000E+00 1.865836737E+00
6.840670000E-01 1.057470000E+01 6.253840000E+00 1.812395569E+00
6.938640000E-01 8.629500000E+00 6.200940000E+00 1.786805483E+00
7.048670000E-01 5.566900000E+00 6.141700000E+00 1.758913384E+00
7.082700000E-01 4.315300000E+00 6.123830000E+00 1.750462394E+00
7.118480000E-01 2.700100000E+00 6.110250000E+00 1.741663951E+00
7.140770000E-01 1.529600000E+00 6.116160000E+00 1.736227326E+00
7.155000000E-01 6.906000000E-01 6.137620000E+00 1.732774284E+00
7.163020000E-01 1.793000000E-01 6.161140000E+00 1.730834201E+00
7.165060000E-01 4.490000000E-02 6.168930000E+00 1.730341407E+00
7.166890000E-01 -7.840000000E-02 6.176670000E+00 1.729899580E+00
7.172530000E-01 -4.676000000E-01 6.205380000E+00 1.728539302E+00
7.179960000E-01 -1.012400000E+00 6.256880000E+00 1.726750567E+00
7.192740000E-01 -2.057600000E+00 6.394630000E+00 1.723682491E+00
7.209790000E-01 -3.627500000E+00 6.720230000E+00 1.719606258E+00
7.231740000E-01 -5.931000000E+00 7.514140000E+00 1.714386856E+00
7.252400000E-01 -8.292100000E+00 8.820060000E+00 1.709503061E+00
7.273710000E-01 -1.070790000E+01 1.088090000E+01 1.704494680E+00
7.298690000E-01 -1.309660000E+01 1.424200000E+01 1.698660993E+00
7.316570000E-01 -1.418080000E+01 1.714170000E+01 1.694509859E+00
7.344590000E-01 -1.488070000E+01 2.199700000E+01 1.688045214E+00
7.371530000E-01 -1.428140000E+01 2.644780000E+01 1.681876083E+00
7.414960000E-01 -1.188830000E+01 3.244170000E+01 1.672025203E+00
7.452700000E-01 -9.155500000E+00 3.682770000E+01 1.663558174E+00
7.461060000E-01 -8.448800000E+00 3.775350000E+01 1.661694183E+00
7.477390000E-01 -6.793000000E+00 3.947240000E+01 1.658065180E+00
7.490340000E-01 -5.578900000E+00 4.075620000E+01 1.655198562E+00
7.502670000E-01 -4.182700000E+00 4.184370000E+01 1.652478384E+00
7.525820000E-01 -1.276100000E+00 4.346970000E+01 1.647395234E+00
7.528610000E-01 -9.156000000E-01 4.363250000E+01 1.646784732E+00
7.540000000E-01 6.143000000E-01 4.417380000E+01 1.644297082E+00
7.586250000E-01 6.417500000E+00 4.480710000E+01 1.634272533E+00
7.622440000E-01 1.009490000E+01 4.411910000E+01 1.626513295E+00
7.655990000E-01 1.277990000E+01 4.304790000E+01 1.619385605E+00
7.695000000E-01 1.513370000E+01 4.168850000E+01 1.611176088E+00
7.760000000E-01 1.774710000E+01 3.961380000E+01 1.597680412E+00
7.852360000E-01 2.000990000E+01 3.742220000E+01 1.578888385E+00
8.077290000E-01 2.336370000E+01 3.455010000E+01 1.534920747E+00
8.470000000E-01 2.696740000E+01 3.182950000E+01 1.463754427E+00
9.049240000E-01 3.039360000E+01 2.934080000E+01 1.370059806E+00
9.567560000E-01 3.181220000E+01 2.749780000E+01 1.295837183E+00
9.725770000E-01 3.158240000E+01 2.701710000E+01 1.274757680E+00
9.826960000E-01 3.091960000E+01 2.726590000E+01 1.261631267E+00
9.914520000E-01 3.078780000E+01 2.836510000E+01 1.250489182E+00
1.019220000E+00 3.371520000E+01 2.921140000E+01 1.216420400E+00
1.045040000E+00 3.477980000E+01 2.845550000E+01 1.186366072E+00
1.063320000E+00 3.525390000E+01 2.887930000E+01 1.165970733E+00
1.097630000E+00 3.761250000E+01 2.844240000E+01 1.129524521E+00
1.155590000E+00 3.974310000E+01 2.685780000E+01 1.072871866E+00
1.189830000E+00 4.019310000E+01 2.624900000E+01 1.041997596E+00
1.211560000E+00 4.101760000E+01 2.647210000E+01 1.023308792E+00
1.252370000E+00 4.259310000E+01 2.555520000E+01 9.899630301E-01
1.336880000E+00 4.459400000E+01 2.365440000E+01 9.273831608E-01
1.449060000E+00 4.638530000E+01 2.142610000E+01 8.555891405E-01
1.584890000E+00 4.784162000E+01 1.914200000E+01 7.822624914E-01
1.737800000E+00 4.889978000E+01 1.695120000E+01 7.134307745E-01
1.935170000E+00 4.970262000E+01 1.465850000E+01 6.406672282E-01
2.178340000E+00 5.021414000E+01 1.243620000E+01 5.691489850E-01
2.461780000E+00 5.040302000E+01 1.044540000E+01 5.036193324E-01
2.871780000E+00 5.029401000E+01 8.342010000E+00 4.317183071E-01
3.333720000E+00 4.983130000E+01 6.673480000E+00 3.718968600E-01
3.855790000E+00 4.895994000E+01 5.342310000E+00 3.215424077E-01
4.271370000E+00 4.786646000E+01 4.558290000E+00 2.902581607E-01
4.554050000E+00 4.666633000E+01 4.122770000E+00 2.722411919E-01
4.734920000E+00 4.541420000E+01 3.877450000E+00 2.618418051E-01
4.851250000E+00 4.401820000E+01 3.731580000E+00 2.555629992E-01
4.893520000E+00 4.316250000E+01 3.702820000E+00 2.533554578E-01
4.920220000E+00 4.237930000E+01 3.784320000E+00 2.519806025E-01
4.938730000E+00 4.169070000E+01 3.997400000E+00 2.510361976E-01
4.956540000E+00 4.096400000E+01 4.427280000E+00 2.501341662E-01
4.978600000E+00 4.015180000E+01 5.354860000E+00 2.490258306E-01
5.006540000E+00 3.974120000E+01 7.024850000E+00 2.476360920E-01
5.032610000E+00 4.006870000E+01 8.567470000E+00 2.463532839E-01
5.060870000E+00 4.104860000E+01 9.666640000E+00 2.449776422E-01
5.112780000E+00 4.269540000E+01 1.019190000E+01 2.424903868E-01
5.178110000E+00 4.366510000E+01 1.005650000E+01 2.394309893E-01
5.253410000E+00 4.392830000E+01 9.858550000E+00 2.359990939E-01
5.301050000E+00 4.359660000E+01 9.978720000E+00 2.338781939E-01
5.356810000E+00 4.326240000E+01 1.106080000E+01 2.314437137E-01
5.400360000E+00 4.383080000E+01 1.212670000E+01 2.295772874E-01
5.470240000E+00 4.532179000E+01 1.258270000E+01 2.266445348E-01
5.549330000E+00 4.621927000E+01 1.235300000E+01 2.234143581E-01
5.636080000E+00 4.643882000E+01 1.231740000E+01 2.199755859E-01
5.695460000E+00 4.669089000E+01 1.289320000E+01 2.176821539E-01
5.770990000E+00 4.778275000E+01 1.330770000E+01 2.148331569E-01
5.864170000E+00 4.883990000E+01 1.306180000E+01 2.114195189E-01
6.009130000E+00 4.988372000E+01 1.258720000E+01 2.063193840E-01
6.212680000E+00 5.091292000E+01 1.196940000E+01 1.995596103E-01
6.436830000E+00 5.174426000E+01 1.133170000E+01 1.926103377E-01
6.695670000E+00 5.245566000E+01 1.065470000E+01 1.851644421E-01
6.933890000E+00 5.296121000E+01 1.008380000E+01 1.788029519E-01
7.199740000E+00 5.339930000E+01 9.498890000E+00 1.722006628E-01
7.498940000E+00 5.378716000E+01 8.896760000E+00 1.653300333E-01
7.785570000E+00 5.406443400E+01 8.374800000E+00 1.592433181E-01
8.059990000E+00 5.427824000E+01 7.918730000E+00 1.538215308E-01
8.314360000E+00 5.443478700E+01 7.532700000E+00 1.491155062E-01
8.588280000E+00 5.457467700E+01 7.146750000E+00 1.443595225E-01
8.848300000E+00 5.467997500E+01 6.806640000E+00 1.401173107E-01
9.120110000E+00 5.477007000E+01 6.479750000E+00 1.359413428E-01
9.384050000E+00 5.483854800E+01 6.183800000E+00 1.321177956E-01
9.702310000E+00 5.490388160E+01 5.855000000E+00 1.277840020E-01
9.997930000E+00 5.495200680E+01 5.571330000E+00 1.240056692E-01
1.012520000E+01 5.496827590E+01 5.455540000E+00 1.224469640E-01
1.025260000E+01 5.498247160E+01 5.342020000E+00 1.209254238E-01
1.034910000E+01 5.499149503E+01 5.259190000E+00 1.197978568E-01
1.043370000E+01 5.499850054E+01 5.187590000E+00 1.188264949E-01
1.044870000E+01 5.499977789E+01 5.174910000E+00 1.186559093E-01
1.047070000E+01 5.500138839E+01 5.156530000E+00 1.184066013E-01
1.055560000E+01 5.500693134E+01 5.087920000E+00 1.174542423E-01
1.071330000E+01 5.501622280E+01 4.962930000E+00 1.157253134E-01
1.083170000E+01 5.502203410E+01 4.872780000E+00 1.144603340E-01
1.103400000E+01 5.502923630E+01 4.724110000E+00 1.123617908E-01
1.127480000E+01 5.503500560E+01 4.555870000E+00 1.099620392E-01
1.150000000E+01 5.503645750E+01 4.406740000E+00 1.078086957E-01
1.180960000E+01 5.503556820E+01 4.213140000E+00 1.049823872E-01
1.213610000E+01 5.502880560E+01 4.022550000E+00 1.021580244E-01
1.235050000E+01 5.502140860E+01 3.904790000E+00 1.003845998E-01
1.253590000E+01 5.501376120E+01 3.807770000E+00 9.889995932E-02
1.268050000E+01 5.500717922E+01 3.734020000E+00 9.777216987E-02
1.279190000E+01 5.500167022E+01 3.679080000E+00 9.692070764E-02
1.282790000E+01 5.499992816E+01 3.661350000E+00 9.664871101E-02
1.289800000E+01 5.499651365E+01 3.626920000E+00 9.612342999E-02
1.294990000E+01 5.499382437E+01 3.602260000E+00 9.573819103E-02
1.323540000E+01 5.497745830E+01 3.470100000E+00 9.367302839E-02
1.349930000E+01 5.496096670E+01 3.354040000E+00 9.184179920E-02
1.383940000E+01 5.493807530E+01 3.212960000E+00 8.958480859E-02
1.539930000E+01 5.482008500E+01 2.673230000E+00 8.051015306E-02
1.750020000E+01 5.465220600E+01 2.138400000E+00 7.084490463E-02
1.971540000E+01 5.446976400E+01 1.733510000E+00 6.288485144E-02
2.237840000E+01 5.425725300E+01 1.384580000E+00 5.540163729E-02
2.537160000E+01 5.400558000E+01 1.105710000E+00 4.886566082E-02
2.880530000E+01 5.366864000E+01 8.795920000E-01 4.304069043E-02
3.114290000E+01 5.335606000E+01 7.637860000E-01 3.981003696E-02
3.279440000E+01 5.302815000E+01 6.950760000E-01 3.780523504E-02
3.388440000E+01 5.268911000E+01 6.548540000E-01 3.658910885E-02
3.465250000E+01 5.230580000E+01 6.285110000E-01 3.577808239E-02
3.511330000E+01 5.190733000E+01 6.183950000E-01 3.530855830E-02
3.530650000E+01 5.163888000E+01 6.405950000E-01 3.511534703E-02
3.542790000E+01 5.141925000E+01 6.939820000E-01 3.499501805E-02
3.552670000E+01 5.121354000E+01 7.825590000E-01 3.489769666E-02
3.561150000E+01 5.102692000E+01 9.050390000E-01 3.481459641E-02
3.571280000E+01 5.081299000E+01 1.118950000E+00 3.471584418E-02
3.583230000E+01 5.061596000E+01 1.465750000E+00 3.460006754E-02
3.598930000E+01 5.055027000E+01 2.024100000E+00 3.444912794E-02
3.614450000E+01 5.066812000E+01 2.567590000E+00 3.430120765E-02
3.630900000E+01 5.099858000E+01 2.999700000E+00 3.414580407E-02
3.649060000E+01 5.142726000E+01 3.253550000E+00 3.397587324E-02
3.679390000E+01 5.200131000E+01 3.351450000E+00 3.369580284E-02
3.713680000E+01 5.240665000E+01 3.316460000E+00 3.338467504E-02
3.764340000E+01 5.279485000E+01 3.245900000E+00 3.293538841E-02
3.834860000E+01 5.316025000E+01 3.151560000E+00 3.232973303E-02
3.924380000E+01 5.348323000E+01 3.038260000E+00 3.159225151E-02
4.031950000E+01 5.376770000E+01 2.908040000E+00 3.074938925E-02
4.161270000E+01 5.401537400E+01 2.759550000E+00 2.979378892E-02
4.307820000E+01 5.421802400E+01 2.605190000E+00 2.878021830E-02
4.472710000E+01 5.438640400E+01 2.451330000E+00 2.771921274E-02
4.612830000E+01 5.449962600E+01 2.331440000E+00 2.687720987E-02
4.743310000E+01 5.458684100E+01 2.227270000E+00 2.613786575E-02
4.876520000E+01 5.466160500E+01 2.126730000E+00 2.542386784E-02
5.059770000E+01 5.474233900E+01 1.997860000E+00 2.450309006E-02
5.235250000E+01 5.480151200E+01 1.886420000E+00 2.368177260E-02
5.404460000E+01 5.484797500E+01 1.787400000E+00 2.294031226E-02
5.603500000E+01 5.489167200E+01 1.679330000E+00 2.212545730E-02
5.743140000E+01 5.491522990E+01 1.609080000E+00 2.158749395E-02
5.857840000E+01 5.493120750E+01 1.554950000E+00 2.116479795E-02
6.011110000E+01 5.494956080E+01 1.486850000E+00 2.062514244E-02
6.154590000E+01 5.496297140E+01 1.427410000E+00 2.014431506E-02
6.286820000E+01 5.497355750E+01 1.375690000E+00 1.972062187E-02
6.448280000E+01 5.498403390E+01 1.316440000E+00 1.922683258E-02
6.611260000E+01 5.499199252E+01 1.260770000E+00 1.875285498E-02
6.732930000E+01 5.499706483E+01 1.221680000E+00 1.841397430E-02
6.784710000E+01 5.499928310E+01 1.205130000E+00 1.827344131E-02
6.809370000E+01 5.500036380E+01 1.197270000E+00 1.820726440E-02
6.879840000E+01 5.500204514E+01 1.175800000E+00 1.802076792E-02
6.950870000E+01 5.500384683E+01 1.154310000E+00 1.783661614E-02
7.080340000E+01 5.500602794E+01 1.117320000E+00 1.751045854E-02
7.127900000E+01 5.500690143E+01 1.103840000E+00 1.739362224E-02
7.286500000E+01 5.500802170E+01 1.061490000E+00 1.701502779E-02
7.501990000E+01 5.500859740E+01 1.007800000E+00 1.652628169E-02
7.721100000E+01 5.500676085E+01 9.578560000E-01 1.605729754E-02
7.828550000E+01 5.500604025E+01 9.342750000E-01 1.583690466E-02
8.008850000E+01 5.500392275E+01 8.972850000E-01 1.548037484E-02
8.051740000E+01 5.500347628E+01 8.885580000E-01 1.539791399E-02
8.150180000E+01 5.500169091E+01 8.696620000E-01 1.521193397E-02
8.209050000E+01 5.500066008E+01 8.583870000E-01 1.510284381E-02
8.247530000E+01 5.499995005E+01 8.514310000E-01 1.503237939E-02
8.344610000E+01 5.499825720E+01 8.339560000E-01 1.485749484E-02
8.413950000E+01 5.499704910E+01 8.216010000E-01 1.473505310E-02
8.634750000E+01 5.499295991E+01 7.840400000E-01 1.435826168E-02
8.841660000E+01 5.498795800E+01 7.513640000E-01 1.402225374E-02
9.029030000E+01 5.498364380E+01 7.231690000E-01 1.373126460E-02
9.463540000E+01 5.497208930E+01 6.639950000E-01 1.310080583E-02
1.068900000E+02 5.493820360E+01 5.322500000E-01 1.159883993E-02
1.204770000E+02 5.490220860E+01 4.268270000E-01 1.029076089E-02
1.359670000E+02 5.486543700E+01 3.415090000E-01 9.118389021E-03
1.533970000E+02 5.483067800E+01 2.734370000E-01 8.082296264E-03
1.728140000E+02 5.479895100E+01 2.195440000E-01 7.174187276E-03
1.955010000E+02 5.476961700E+01 1.750500000E-01 6.341655541E-03
2.203330000E+02 5.474439900E+01 1.406540000E-01 5.626937408E-03
2.490960000E+02 5.472193000E+01 1.127880000E-01 4.977197546E-03
2.798460000E+02 5.470348400E+01 9.169370000E-02 4.430293804E-03
3.161420000E+02 5.468698300E+01 7.414840000E-02 3.921655459E-03
3.591780000E+02 5.467253400E+01 5.972500000E-02 3.451770431E-03
4.085910000E+02 5.466051100E+01 4.839110000E-02 3.034330174E-03
4.654270000E+02 5.465055800E+01 3.942700000E-02 2.663790455E-03
5.298830000E+02 5.464257600E+01 3.246860000E-02 2.339761796E-03
6.060380000E+02 5.463596000E+01 2.684170000E-02 2.045746306E-03
7.002200000E+02 5.463039300E+01 2.215710000E-02 1.770586387E-03
8.122460000E+02 5.462602600E+01 1.846980000E-02 1.526384864E-03
9.495110000E+02 5.462263000E+01 1.550760000E-02 1.305724736E-03
1.139250000E+03 5.462001500E+01 1.278170000E-02 1.088259820E-03
1.347260000E+03 5.461829500E+01 1.063510000E-02 9.202381129E-04
1.619760000E+03 5.461694700E+01 8.695580000E-03 7.654220378E-04
1.947380000E+03 5.461599000E+01 7.109770000E-03 6.366502686E-04
2.341270000E+03 5.461523200E+01 5.813160000E-03 5.295416590E-04
2.814820000E+03 5.461470700E+01 4.753020000E-03 4.404544518E-04
3.384160000E+03 5.461434400E+01 3.886210000E-03 3.663538367E-04
4.068660000E+03 5.461409300E+01 3.177480000E-03 3.047194900E-04
4.891600000E+03 5.461392000E+01 2.598010000E-03 2.534549023E-04
5.881000000E+03 5.461379900E+01 2.124210000E-03 2.108144873E-04
7.070510000E+03 5.461371600E+01 1.736820000E-03 1.753480301E-04
8.500630000E+03 5.461365900E+01 1.420080000E-03 1.458480136E-04
1.000000000E+04 5.461362300E+01 1.191090000E-03 1.239800000E-04
