# Data retrieved from https://www-nds.iaea.org/epdl97/za1to100.htm 03/01/2021
# Element, Dy  (Z = 66) 
# Atomic weight, g mol-1 = 162.5 
# Nominal density, g cm-3 =  8.55000E+0 
# Relativistic correction estimate f_rel(5CL)*,  e atom-1 =  0 
# Nuclear Thomson correction f_NT*, e atom-1 =  0 
#    E [keV]      f1 [e atom-1]      f2 [e atom-1]    Wavelength [nm] 
1.000000000E-03 1.131970000E+01 0.000000000E+00 1.239800000E+03
1.096800000E-03 1.131820000E+01 0.000000000E+00 1.130379285E+03
1.181490000E-03 1.131690000E+01 0.000000000E+00 1.049352936E+03
1.329710000E-03 1.131450000E+01 0.000000000E+00 9.323837528E+02
1.440880000E-03 1.131280000E+01 0.000000000E+00 8.604463939E+02
1.524250000E-03 1.131150000E+01 0.000000000E+00 8.133836313E+02
1.649320000E-03 1.130950000E+01 0.000000000E+00 7.517037324E+02
1.774380000E-03 1.130760000E+01 0.000000000E+00 6.987229342E+02
1.778740000E-03 1.130750000E+01 0.000000000E+00 6.970102432E+02
1.783110000E-03 1.130740000E+01 0.000000000E+00 6.953020285E+02
1.787480000E-03 1.130740000E+01 0.000000000E+00 6.936021662E+02
1.791850000E-03 1.130730000E+01 0.000000000E+00 6.919105952E+02
1.796210000E-03 1.130720000E+01 0.000000000E+00 6.902310977E+02
1.800580000E-03 1.130710000E+01 0.000000000E+00 6.885559098E+02
1.804950000E-03 1.130710000E+01 0.000000000E+00 6.868888335E+02
1.809320000E-03 1.130700000E+01 0.000000000E+00 6.852298101E+02
1.813680000E-03 1.130690000E+01 0.000000000E+00 6.835825504E+02
1.818050000E-03 1.130690000E+01 0.000000000E+00 6.819394406E+02
1.822420000E-03 1.130680000E+01 0.000000000E+00 6.803042109E+02
1.826780000E-03 1.130670000E+01 0.000000000E+00 6.786805198E+02
1.831150000E-03 1.130670000E+01 0.000000000E+00 6.770608634E+02
1.839890000E-03 1.130650000E+01 0.000000000E+00 6.738446320E+02
1.844250000E-03 1.130650000E+01 0.000000000E+00 6.722515928E+02
1.848620000E-03 1.130640000E+01 0.000000000E+00 6.706624401E+02
1.852990000E-03 1.130630000E+01 0.000000000E+00 6.690807830E+02
1.857360000E-03 1.130630000E+01 0.000000000E+00 6.675065685E+02
1.861720000E-03 1.130620000E+01 0.000000000E+00 6.659433212E+02
1.950690000E-03 1.130480000E+01 0.000000000E+00 6.355699778E+02
2.039650000E-03 1.130250000E+01 0.000000000E+00 6.078493859E+02
2.044670000E-03 1.130230000E+01 0.000000000E+00 6.063570160E+02
2.049690000E-03 1.130210000E+01 0.000000000E+00 6.048719562E+02
2.054710000E-03 1.130190000E+01 0.000000000E+00 6.033941529E+02
2.059730000E-03 1.130170000E+01 0.000000000E+00 6.019235531E+02
2.064750000E-03 1.130150000E+01 0.000000000E+00 6.004601041E+02
2.069770000E-03 1.130130000E+01 0.000000000E+00 5.990037540E+02
2.074790000E-03 1.130120000E+01 0.000000000E+00 5.975544513E+02
2.079810000E-03 1.130100000E+01 0.000000000E+00 5.961121449E+02
2.084830000E-03 1.130080000E+01 0.000000000E+00 5.946767842E+02
2.089850000E-03 1.130060000E+01 0.000000000E+00 5.932483193E+02
2.094870000E-03 1.130040000E+01 0.000000000E+00 5.918267005E+02
2.099890000E-03 1.130020000E+01 0.000000000E+00 5.904118787E+02
2.104910000E-03 1.130000000E+01 0.000000000E+00 5.890038054E+02
2.114950000E-03 1.129960000E+01 0.000000000E+00 5.862077118E+02
2.119970000E-03 1.129940000E+01 0.000000000E+00 5.848195965E+02
2.124990000E-03 1.129920000E+01 0.000000000E+00 5.834380397E+02
2.130010000E-03 1.129900000E+01 0.000000000E+00 5.820629950E+02
2.135030000E-03 1.129890000E+01 0.000000000E+00 5.806944165E+02
2.140050000E-03 1.129870000E+01 0.000000000E+00 5.793322586E+02
2.184950000E-03 1.129690000E+01 0.000000000E+00 5.674271722E+02
2.252290000E-03 1.129440000E+01 0.000000000E+00 5.504619743E+02
2.285960000E-03 1.129310000E+01 0.000000000E+00 5.423541969E+02
2.319630000E-03 1.129180000E+01 0.000000000E+00 5.344817924E+02
2.325330000E-03 1.129160000E+01 0.000000000E+00 5.331716359E+02
2.331040000E-03 1.129140000E+01 0.000000000E+00 5.318656051E+02
2.336750000E-03 1.129110000E+01 0.000000000E+00 5.305659570E+02
2.342460000E-03 1.129090000E+01 0.000000000E+00 5.292726450E+02
2.348170000E-03 1.129070000E+01 0.000000000E+00 5.279856228E+02
2.353880000E-03 1.129050000E+01 0.000000000E+00 5.267048448E+02
2.359590000E-03 1.129030000E+01 0.000000000E+00 5.254302654E+02
2.365300000E-03 1.129010000E+01 0.000000000E+00 5.241618399E+02
2.371010000E-03 1.128980000E+01 0.000000000E+00 5.228995238E+02
2.376720000E-03 1.128960000E+01 0.000000000E+00 5.216432731E+02
2.382430000E-03 1.128940000E+01 0.000000000E+00 5.203930441E+02
2.388140000E-03 1.128920000E+01 0.000000000E+00 5.191487936E+02
2.393850000E-03 1.128900000E+01 0.000000000E+00 5.179104789E+02
2.405270000E-03 1.128850000E+01 0.000000000E+00 5.154514878E+02
2.410980000E-03 1.128830000E+01 0.000000000E+00 5.142307278E+02
2.416690000E-03 1.128810000E+01 0.000000000E+00 5.130157364E+02
2.422400000E-03 1.128790000E+01 0.000000000E+00 5.118064729E+02
2.428110000E-03 1.128770000E+01 0.000000000E+00 5.106028969E+02
2.433810000E-03 1.128740000E+01 0.000000000E+00 5.094070614E+02
2.447970000E-03 1.128690000E+01 0.000000000E+00 5.064604550E+02
2.458580000E-03 1.128650000E+01 0.000000000E+00 5.042748253E+02
2.466540000E-03 1.128620000E+01 0.000000000E+00 5.026474332E+02
2.478480000E-03 1.128570000E+01 0.000000000E+00 5.002259449E+02
2.484450000E-03 1.128550000E+01 0.000000000E+00 4.990239288E+02
2.487440000E-03 1.128540000E+01 0.000000000E+00 4.984240826E+02
2.490420000E-03 1.128530000E+01 0.000000000E+00 4.978276757E+02
2.496550000E-03 1.128500000E+01 0.000000000E+00 4.966053153E+02
2.502680000E-03 1.128480000E+01 0.000000000E+00 4.953889431E+02
2.508810000E-03 1.128460000E+01 0.000000000E+00 4.941785149E+02
2.514940000E-03 1.128430000E+01 0.000000000E+00 4.929739875E+02
2.521070000E-03 1.128410000E+01 0.000000000E+00 4.917753176E+02
2.524140000E-03 1.128400000E+01 0.000000000E+00 4.911771930E+02
2.527200000E-03 1.128390000E+01 0.000000000E+00 4.905824628E+02
2.530270000E-03 1.128370000E+01 0.000000000E+00 4.899872346E+02
2.533330000E-03 1.128360000E+01 0.000000000E+00 4.893953808E+02
2.536400000E-03 1.128350000E+01 0.000000000E+00 4.888030279E+02
2.539460000E-03 1.128340000E+01 0.000000000E+00 4.882140298E+02
2.544060000E-03 1.128320000E+01 0.000000000E+00 4.873312736E+02
2.547120000E-03 1.128310000E+01 0.000000000E+00 4.867458149E+02
2.549420000E-03 1.128300000E+01 0.000000000E+00 4.863066894E+02
2.550570000E-03 1.128300000E+01 0.000000000E+00 4.860874236E+02
2.551150000E-03 1.128300000E+01 0.000000000E+00 4.859769124E+02
2.551430000E-03 1.128290000E+01 0.000000000E+00 4.859235801E+02
2.551910000E-03 1.128290000E+01 0.000000000E+00 4.858321806E+02
2.552100000E-03 1.128290000E+01 0.000000000E+00 4.857960111E+02
2.557850000E-03 1.128270000E+01 0.000000000E+00 4.847039506E+02
2.559380000E-03 1.128260000E+01 0.000000000E+00 4.844141941E+02
2.563980000E-03 1.128250000E+01 0.000000000E+00 4.835451135E+02
2.567040000E-03 1.128230000E+01 0.000000000E+00 4.829687110E+02
2.570110000E-03 1.128220000E+01 0.000000000E+00 4.823918042E+02
2.573170000E-03 1.128210000E+01 0.000000000E+00 4.818181465E+02
2.576240000E-03 1.128200000E+01 0.000000000E+00 4.812439835E+02
2.579300000E-03 1.128190000E+01 0.000000000E+00 4.806730508E+02
2.582370000E-03 1.128180000E+01 0.000000000E+00 4.801016121E+02
2.588500000E-03 1.128150000E+01 0.000000000E+00 4.789646513E+02
2.594630000E-03 1.128130000E+01 0.000000000E+00 4.778330629E+02
2.600760000E-03 1.128110000E+01 0.000000000E+00 4.767068088E+02
2.609950000E-03 1.128070000E+01 0.000000000E+00 4.750282572E+02
2.613020000E-03 1.128060000E+01 0.000000000E+00 4.744701533E+02
2.615870000E-03 1.128050000E+01 0.000000000E+00 4.739532163E+02
2.621550000E-03 1.128030000E+01 0.000000000E+00 4.729263222E+02
2.627190000E-03 1.128000000E+01 0.000000000E+00 4.719110533E+02
2.638380000E-03 1.127960000E+01 0.000000000E+00 4.699095657E+02
2.649390000E-03 1.127920000E+01 0.000000000E+00 4.679567750E+02
2.660230000E-03 1.127880000E+01 0.000000000E+00 4.660499280E+02
2.670900000E-03 1.127840000E+01 0.000000000E+00 4.641881014E+02
2.681410000E-03 1.127800000E+01 0.000000000E+00 4.623686792E+02
2.702090000E-03 1.127720000E+01 0.000000000E+00 4.588300168E+02
2.722120000E-03 1.127640000E+01 0.000000000E+00 4.554538375E+02
2.741530000E-03 1.127570000E+01 0.000000000E+00 4.522292297E+02
2.760330000E-03 1.127500000E+01 0.000000000E+00 4.491491959E+02
2.778550000E-03 1.127430000E+01 0.000000000E+00 4.462039553E+02
3.060880000E-03 1.126350000E+01 0.000000000E+00 4.050469146E+02
3.096170000E-03 1.126210000E+01 0.000000000E+00 4.004302089E+02
3.127050000E-03 1.126090000E+01 0.000000000E+00 3.964759118E+02
3.154070000E-03 1.125990000E+01 0.000000000E+00 3.930794180E+02
3.177710000E-03 1.125900000E+01 0.000000000E+00 3.901551746E+02
3.198390000E-03 1.125820000E+01 0.000000000E+00 3.876325276E+02
3.216490000E-03 1.125750000E+01 0.000000000E+00 3.854512217E+02
3.248170000E-03 1.125630000E+01 0.000000000E+00 3.816918449E+02
3.271930000E-03 1.125540000E+01 0.000000000E+00 3.789200869E+02
3.289750000E-03 1.125470000E+01 0.000000000E+00 3.768675431E+02
3.303110000E-03 1.125420000E+01 0.000000000E+00 3.753432371E+02
3.313130000E-03 1.125380000E+01 0.000000000E+00 3.742080751E+02
3.320650000E-03 1.125350000E+01 0.000000000E+00 3.733606372E+02
3.331930000E-03 1.125310000E+01 0.000000000E+00 3.720966527E+02
3.340380000E-03 1.125280000E+01 0.000000000E+00 3.711553775E+02
3.343200000E-03 1.125270000E+01 0.000000000E+00 3.708423068E+02
3.351430000E-03 1.125240000E+01 0.000000000E+00 3.699316411E+02
3.359660000E-03 1.125210000E+01 0.000000000E+00 3.690254371E+02
3.367890000E-03 1.125170000E+01 0.000000000E+00 3.681236620E+02
3.376120000E-03 1.125140000E+01 0.000000000E+00 3.672262834E+02
3.384350000E-03 1.125110000E+01 0.000000000E+00 3.663332693E+02
3.388460000E-03 1.125100000E+01 0.000000000E+00 3.658889289E+02
3.392570000E-03 1.125080000E+01 0.000000000E+00 3.654456651E+02
3.396690000E-03 1.125060000E+01 0.000000000E+00 3.650023994E+02
3.400800000E-03 1.125050000E+01 0.000000000E+00 3.645612797E+02
3.404920000E-03 1.125030000E+01 0.000000000E+00 3.641201555E+02
3.409030000E-03 1.125020000E+01 0.000000000E+00 3.636811644E+02
3.415200000E-03 1.124990000E+01 0.000000000E+00 3.630241274E+02
3.419320000E-03 1.124980000E+01 0.000000000E+00 3.625867131E+02
3.422400000E-03 1.124970000E+01 0.000000000E+00 3.622604021E+02
3.423950000E-03 1.124960000E+01 0.000000000E+00 3.620964091E+02
3.424720000E-03 1.124960000E+01 0.000000000E+00 3.620149968E+02
3.424910000E-03 1.124960000E+01 0.000000000E+00 3.619949137E+02
3.425060000E-03 1.124960000E+01 0.000000000E+00 3.619790602E+02
3.425160000E-03 1.124960000E+01 0.000000000E+00 3.619684920E+02
3.425330000E-03 1.124950000E+01 0.000000000E+00 3.619505274E+02
3.425410000E-03 1.124950000E+01 0.000000000E+00 3.619420741E+02
3.425620000E-03 1.124950000E+01 0.000000000E+00 3.619198860E+02
3.425870000E-03 1.124950000E+01 0.000000000E+00 3.618934752E+02
3.433720000E-03 1.124920000E+01 0.000000000E+00 3.610661324E+02
3.435780000E-03 1.124910000E+01 0.000000000E+00 3.608496470E+02
3.441950000E-03 1.124890000E+01 0.000000000E+00 3.602027920E+02
3.446060000E-03 1.124880000E+01 0.000000000E+00 3.597731903E+02
3.450180000E-03 1.124860000E+01 0.000000000E+00 3.593435705E+02
3.454290000E-03 1.124840000E+01 0.000000000E+00 3.589160146E+02
3.458410000E-03 1.124830000E+01 0.000000000E+00 3.584884383E+02
3.462520000E-03 1.124810000E+01 0.000000000E+00 3.580629137E+02
3.466630000E-03 1.124800000E+01 0.000000000E+00 3.576383981E+02
3.474860000E-03 1.124770000E+01 0.000000000E+00 3.567913527E+02
3.483090000E-03 1.124730000E+01 0.000000000E+00 3.559483103E+02
3.491320000E-03 1.124700000E+01 0.000000000E+00 3.551092423E+02
3.499550000E-03 1.124670000E+01 0.000000000E+00 3.542741210E+02
3.507780000E-03 1.124640000E+01 0.000000000E+00 3.534429183E+02
3.510850000E-03 1.124630000E+01 0.000000000E+00 3.531338565E+02
3.516960000E-03 1.124600000E+01 0.000000000E+00 3.525203585E+02
3.528970000E-03 1.124560000E+01 0.000000000E+00 3.513206403E+02
3.540610000E-03 1.124510000E+01 0.000000000E+00 3.501656494E+02
3.551880000E-03 1.124470000E+01 0.000000000E+00 3.490545852E+02
3.573720000E-03 1.124390000E+01 0.000000000E+00 3.469214152E+02
3.594200000E-03 1.124310000E+01 0.000000000E+00 3.449446330E+02
3.613400000E-03 1.124240000E+01 0.000000000E+00 3.431117507E+02
3.649400000E-03 1.124100000E+01 0.000000000E+00 3.397270784E+02
3.680890000E-03 1.123980000E+01 0.000000000E+00 3.368207146E+02
3.736010000E-03 1.123770000E+01 0.000000000E+00 3.318513601E+02
3.777350000E-03 1.123610000E+01 0.000000000E+00 3.282195190E+02
3.839360000E-03 1.123370000E+01 0.000000000E+00 3.229184031E+02
3.901370000E-03 1.123140000E+01 0.000000000E+00 3.177858034E+02
3.910980000E-03 1.123100000E+01 0.000000000E+00 3.170049451E+02
3.920580000E-03 1.123060000E+01 0.000000000E+00 3.162287213E+02
3.928580000E-03 1.123030000E+01 0.000000000E+00 3.155847660E+02
3.947920000E-03 1.122960000E+01 0.000000000E+00 3.140387850E+02
3.957590000E-03 1.122920000E+01 0.000000000E+00 3.132714607E+02
3.967260000E-03 1.122880000E+01 0.000000000E+00 3.125078770E+02
3.978190000E-03 1.122840000E+01 0.000000000E+00 3.116492676E+02
3.991480000E-03 1.122790000E+01 0.000000000E+00 3.106116027E+02
4.004770000E-03 1.122710000E+01 0.000000000E+00 3.095808249E+02
4.016610000E-03 1.122590000E+01 0.000000000E+00 3.086682551E+02
4.026210000E-03 1.122500000E+01 0.000000000E+00 3.079322738E+02
4.035810000E-03 1.122400000E+01 0.000000000E+00 3.071997938E+02
4.045410000E-03 1.122300000E+01 0.000000000E+00 3.064707904E+02
4.060580000E-03 1.122150000E+01 0.000000000E+00 3.053258402E+02
4.074220000E-03 1.122020000E+01 0.000000000E+00 3.043036459E+02
4.083820000E-03 1.121920000E+01 0.000000000E+00 3.035883070E+02
4.092970000E-03 1.121830000E+01 0.000000000E+00 3.029096231E+02
4.102640000E-03 1.121730000E+01 0.000000000E+00 3.021956594E+02
4.112310000E-03 1.121640000E+01 0.000000000E+00 3.014850534E+02
4.121980000E-03 1.121540000E+01 0.000000000E+00 3.007777816E+02
4.128700000E-03 1.121470000E+01 0.000000000E+00 3.002882263E+02
4.140770000E-03 1.121350000E+01 0.000000000E+00 2.994129111E+02
4.148160000E-03 1.121280000E+01 0.000000000E+00 2.988795032E+02
4.274040000E-03 1.120020000E+01 0.000000000E+00 2.900768360E+02
4.336970000E-03 1.119390000E+01 0.000000000E+00 2.858677833E+02
4.368440000E-03 1.119070000E+01 0.000000000E+00 2.838084076E+02
4.384180000E-03 1.118920000E+01 0.000000000E+00 2.827894840E+02
4.392040000E-03 1.118840000E+01 0.000000000E+00 2.822834036E+02
4.399910000E-03 1.118760000E+01 0.000000000E+00 2.817784909E+02
4.410760000E-03 1.118650000E+01 0.000000000E+00 2.810853458E+02
4.421590000E-03 1.118540000E+01 0.000000000E+00 2.803968708E+02
4.432420000E-03 1.118430000E+01 0.000000000E+00 2.797117602E+02
4.443250000E-03 1.118320000E+01 0.000000000E+00 2.790299893E+02
4.445960000E-03 1.118300000E+01 0.000000000E+00 2.788599088E+02
4.455650000E-03 1.118200000E+01 0.000000000E+00 2.782534535E+02
4.458380000E-03 1.118170000E+01 0.000000000E+00 2.780830705E+02
4.460440000E-03 1.118150000E+01 0.000000000E+00 2.779546412E+02
4.463520000E-03 1.118120000E+01 0.000000000E+00 2.777628419E+02
4.466600000E-03 1.118090000E+01 0.000000000E+00 2.775713070E+02
4.469100000E-03 1.118070000E+01 0.000000000E+00 2.774160345E+02
4.471280000E-03 1.118040000E+01 0.000000000E+00 2.772807787E+02
4.475100000E-03 1.118010000E+01 0.000000000E+00 2.770440884E+02
4.477970000E-03 1.117980000E+01 0.000000000E+00 2.768665266E+02
4.482270000E-03 1.117930000E+01 0.000000000E+00 2.766009187E+02
4.484420000E-03 1.117910000E+01 0.000000000E+00 2.764683058E+02
4.494690000E-03 1.117810000E+01 0.000000000E+00 2.758365983E+02
4.497400000E-03 1.117780000E+01 0.000000000E+00 2.756703873E+02
4.508230000E-03 1.117670000E+01 0.000000000E+00 2.750081518E+02
4.519060000E-03 1.117570000E+01 0.000000000E+00 2.743490903E+02
4.525810000E-03 1.117500000E+01 0.000000000E+00 2.739399135E+02
4.532560000E-03 1.117430000E+01 0.000000000E+00 2.735319555E+02
4.545980000E-03 1.117300000E+01 0.000000000E+00 2.727244731E+02
4.559390000E-03 1.117160000E+01 0.000000000E+00 2.719223405E+02
4.573210000E-03 1.116970000E+01 0.000000000E+00 2.711006055E+02
4.584040000E-03 1.116740000E+01 0.000000000E+00 2.704601181E+02
4.603520000E-03 1.116340000E+01 0.000000000E+00 2.693156541E+02
4.611000000E-03 1.116190000E+01 0.000000000E+00 2.688787682E+02
4.616530000E-03 1.116070000E+01 0.000000000E+00 2.685566865E+02
4.625590000E-03 1.115880000E+01 0.000000000E+00 2.680306728E+02
4.653500000E-03 1.115310000E+01 0.000000000E+00 2.664231224E+02
4.658680000E-03 1.115200000E+01 0.000000000E+00 2.661268857E+02
4.666250000E-03 1.115040000E+01 0.000000000E+00 2.656951514E+02
4.677300000E-03 1.114810000E+01 0.000000000E+00 2.650674534E+02
4.688350000E-03 1.114580000E+01 0.000000000E+00 2.644427144E+02
4.702810000E-03 1.114290000E+01 0.000000000E+00 2.636296172E+02
4.710450000E-03 1.114130000E+01 0.000000000E+00 2.632020295E+02
4.721900000E-03 1.113890000E+01 0.000000000E+00 2.625637985E+02
4.733460000E-03 1.113650000E+01 0.000000000E+00 2.619225683E+02
4.745030000E-03 1.113410000E+01 0.000000000E+00 2.612839118E+02
4.746180000E-03 1.113390000E+01 0.000000000E+00 2.612206027E+02
4.757860000E-03 1.113150000E+01 0.000000000E+00 2.605793361E+02
4.769540000E-03 1.112900000E+01 0.000000000E+00 2.599412103E+02
4.781230000E-03 1.112660000E+01 0.000000000E+00 2.593056598E+02
4.792910000E-03 1.112420000E+01 0.000000000E+00 2.586737494E+02
4.804590000E-03 1.112180000E+01 0.000000000E+00 2.580449112E+02
4.839640000E-03 1.111450000E+01 0.000000000E+00 2.561760792E+02
4.851320000E-03 1.111210000E+01 0.000000000E+00 2.555593117E+02
4.861170000E-03 1.111010000E+01 0.000000000E+00 2.550414818E+02
4.872250000E-03 1.110780000E+01 0.000000000E+00 2.544614911E+02
4.883810000E-03 1.110540000E+01 0.000000000E+00 2.538591796E+02
4.898050000E-03 1.110240000E+01 0.000000000E+00 2.531211400E+02
4.909730000E-03 1.110000000E+01 0.000000000E+00 2.525189776E+02
4.921410000E-03 1.109760000E+01 0.000000000E+00 2.519196734E+02
4.937340000E-03 1.109430000E+01 0.000000000E+00 2.511068713E+02
4.956890000E-03 1.109020000E+01 0.000000000E+00 2.501165045E+02
4.968850000E-03 1.108780000E+01 0.000000000E+00 2.495144752E+02
4.980820000E-03 1.108530000E+01 0.000000000E+00 2.489148373E+02
4.992790000E-03 1.108280000E+01 0.000000000E+00 2.483180747E+02
5.004750000E-03 1.108030000E+01 0.000000000E+00 2.477246616E+02
5.033730000E-03 1.107430000E+01 0.000000000E+00 2.462984705E+02
5.044150000E-03 1.107220000E+01 0.000000000E+00 2.457896772E+02
5.052610000E-03 1.107040000E+01 0.000000000E+00 2.453781313E+02
5.064580000E-03 1.106790000E+01 0.000000000E+00 2.447981866E+02
5.097650000E-03 1.106110000E+01 0.000000000E+00 2.432101066E+02
5.119410000E-03 1.105660000E+01 0.000000000E+00 2.421763445E+02
5.172440000E-03 1.103570000E+01 7.925000000E-06 2.396934522E+02
5.267080000E-03 1.095260000E+01 9.647860000E-03 2.353865899E+02
5.297040000E-03 1.090730000E+01 3.622890000E-02 2.340552459E+02
5.332340000E-03 1.086490000E+01 1.055800000E-01 2.325058042E+02
5.380040000E-03 1.088510000E+01 2.243830000E-01 2.304443833E+02
5.441650000E-03 1.098630000E+01 2.874870000E-01 2.278353073E+02
5.529830000E-03 1.107170000E+01 2.803400000E-01 2.242021907E+02
5.936260000E-03 1.118370000E+01 2.213770000E-01 2.088520382E+02
6.095810000E-03 1.119880000E+01 2.023270000E-01 2.033856042E+02
6.188320000E-03 1.120420000E+01 1.921630000E-01 2.003451664E+02
6.248950000E-03 1.120680000E+01 1.858350000E-01 1.984013314E+02
6.294420000E-03 1.120820000E+01 1.813420000E-01 1.969681083E+02
6.324740000E-03 1.120910000E+01 1.783930000E-01 1.960238682E+02
6.339890000E-03 1.120950000E+01 1.769190000E-01 1.955554434E+02
6.355050000E-03 1.120990000E+01 1.754440000E-01 1.950889450E+02
6.370210000E-03 1.121020000E+01 1.740690000E-01 1.946246670E+02
6.377790000E-03 1.121030000E+01 1.733810000E-01 1.943933557E+02
6.385370000E-03 1.121040000E+01 1.726930000E-01 1.941625936E+02
6.389160000E-03 1.121040000E+01 1.723490000E-01 1.940474178E+02
6.392000000E-03 1.121050000E+01 1.720910000E-01 1.939612015E+02
6.396930000E-03 1.121060000E+01 1.716430000E-01 1.938117191E+02
6.404310000E-03 1.121070000E+01 1.709730000E-01 1.935883803E+02
6.410000000E-03 1.121070000E+01 1.704570000E-01 1.934165367E+02
6.415680000E-03 1.121080000E+01 1.699410000E-01 1.932452990E+02
6.423260000E-03 1.121090000E+01 1.692530000E-01 1.930172529E+02
6.430840000E-03 1.121110000E+01 1.685650000E-01 1.927897444E+02
6.434420000E-03 1.121110000E+01 1.682400000E-01 1.926824795E+02
6.436210000E-03 1.121110000E+01 1.680780000E-01 1.926288918E+02
6.438000000E-03 1.121120000E+01 1.679150000E-01 1.925753340E+02
6.440890000E-03 1.121120000E+01 1.676530000E-01 1.924889262E+02
6.451020000E-03 1.121140000E+01 1.667330000E-01 1.921866620E+02
6.461150000E-03 1.121150000E+01 1.658130000E-01 1.918853455E+02
6.469690000E-03 1.121160000E+01 1.650380000E-01 1.916320566E+02
6.485540000E-03 1.121170000E+01 1.636700000E-01 1.911637273E+02
6.501380000E-03 1.121170000E+01 1.623140000E-01 1.906979749E+02
6.509310000E-03 1.121180000E+01 1.616370000E-01 1.904656561E+02
6.517230000E-03 1.121180000E+01 1.609590000E-01 1.902341946E+02
6.525150000E-03 1.121180000E+01 1.602810000E-01 1.900032949E+02
6.533070000E-03 1.121180000E+01 1.596030000E-01 1.897729551E+02
6.541000000E-03 1.121190000E+01 1.589260000E-01 1.895428834E+02
6.548920000E-03 1.121190000E+01 1.582480000E-01 1.893136578E+02
6.556840000E-03 1.121190000E+01 1.575700000E-01 1.890849861E+02
6.560810000E-03 1.121190000E+01 1.572310000E-01 1.889705692E+02
6.564770000E-03 1.121190000E+01 1.568940000E-01 1.888565784E+02
6.572690000E-03 1.121190000E+01 1.562550000E-01 1.886290088E+02
6.576650000E-03 1.121180000E+01 1.559360000E-01 1.885154296E+02
6.578630000E-03 1.121180000E+01 1.557760000E-01 1.884586912E+02
6.579620000E-03 1.121180000E+01 1.556960000E-01 1.884303349E+02
6.580370000E-03 1.121180000E+01 1.556360000E-01 1.884088585E+02
6.580610000E-03 1.121180000E+01 1.556160000E-01 1.884019870E+02
6.580740000E-03 1.121180000E+01 1.556060000E-01 1.883982652E+02
6.580860000E-03 1.121180000E+01 1.555960000E-01 1.883948299E+02
6.581100000E-03 1.121180000E+01 1.555770000E-01 1.883879595E+02
6.581580000E-03 1.121180000E+01 1.555380000E-01 1.883742202E+02
6.583440000E-03 1.121180000E+01 1.553880000E-01 1.883209994E+02
6.593210000E-03 1.121170000E+01 1.546010000E-01 1.880419401E+02
6.596460000E-03 1.121170000E+01 1.543380000E-01 1.879492940E+02
6.612310000E-03 1.121160000E+01 1.530600000E-01 1.874987712E+02
6.620230000E-03 1.121160000E+01 1.524210000E-01 1.872744603E+02
6.628150000E-03 1.121150000E+01 1.517820000E-01 1.870506853E+02
6.636080000E-03 1.121150000E+01 1.511430000E-01 1.868271630E+02
6.644000000E-03 1.121140000E+01 1.505040000E-01 1.866044551E+02
6.658930000E-03 1.121130000E+01 1.493140000E-01 1.861860689E+02
6.673860000E-03 1.121110000E+01 1.481870000E-01 1.857695547E+02
6.691540000E-03 1.121090000E+01 1.468530000E-01 1.852787251E+02
6.707380000E-03 1.121070000E+01 1.456570000E-01 1.848411749E+02
6.723230000E-03 1.121050000E+01 1.444610000E-01 1.844054123E+02
6.739080000E-03 1.121030000E+01 1.432650000E-01 1.839716994E+02
6.754920000E-03 1.121000000E+01 1.420690000E-01 1.835402936E+02
6.776370000E-03 1.120980000E+01 1.404500000E-01 1.829593130E+02
6.803990000E-03 1.120920000E+01 1.385050000E-01 1.822166111E+02
6.855470000E-03 1.120810000E+01 1.348810000E-01 1.808482861E+02
6.939840000E-03 1.120600000E+01 1.292210000E-01 1.786496519E+02
7.024210000E-03 1.120350000E+01 1.238770000E-01 1.765038346E+02
7.057960000E-03 1.120250000E+01 1.217960000E-01 1.756598224E+02
7.074830000E-03 1.120200000E+01 1.207550000E-01 1.752409599E+02
7.091710000E-03 1.120140000E+01 1.197190000E-01 1.748238436E+02
7.108580000E-03 1.120090000E+01 1.187420000E-01 1.744089537E+02
7.117690000E-03 1.120050000E+01 1.182140000E-01 1.741857260E+02
7.120730000E-03 1.120040000E+01 1.180380000E-01 1.741113622E+02
7.123430000E-03 1.120030000E+01 1.178810000E-01 1.740453686E+02
7.128160000E-03 1.120020000E+01 1.176080000E-01 1.739298781E+02
7.135240000E-03 1.119990000E+01 1.171970000E-01 1.737572948E+02
7.145690000E-03 1.119960000E+01 1.165920000E-01 1.735031886E+02
7.148220000E-03 1.119950000E+01 1.164460000E-01 1.734417799E+02
7.150820000E-03 1.119940000E+01 1.162950000E-01 1.733787174E+02
7.153920000E-03 1.119930000E+01 1.161150000E-01 1.733035874E+02
7.155790000E-03 1.119920000E+01 1.160080000E-01 1.732582985E+02
7.173310000E-03 1.119860000E+01 1.149920000E-01 1.728351347E+02
7.177690000E-03 1.119840000E+01 1.147390000E-01 1.727296665E+02
7.190840000E-03 1.119800000E+01 1.139770000E-01 1.724137931E+02
7.195220000E-03 1.119780000E+01 1.137240000E-01 1.723088384E+02
7.208370000E-03 1.119740000E+01 1.129620000E-01 1.719945008E+02
7.212750000E-03 1.119720000E+01 1.127090000E-01 1.718900558E+02
7.219320000E-03 1.119700000E+01 1.123390000E-01 1.717336259E+02
7.225890000E-03 1.119670000E+01 1.119840000E-01 1.715774804E+02
7.230270000E-03 1.119650000E+01 1.117470000E-01 1.714735411E+02
7.236850000E-03 1.119630000E+01 1.113920000E-01 1.713176313E+02
7.240130000E-03 1.119610000E+01 1.112140000E-01 1.712400192E+02
7.243420000E-03 1.119600000E+01 1.110360000E-01 1.711622410E+02
7.247800000E-03 1.119580000E+01 1.107990000E-01 1.710588041E+02
7.251090000E-03 1.119570000E+01 1.106220000E-01 1.709811904E+02
7.253550000E-03 1.119560000E+01 1.104880000E-01 1.709232031E+02
7.255400000E-03 1.119550000E+01 1.103880000E-01 1.708796207E+02
7.258170000E-03 1.119540000E+01 1.102380000E-01 1.708144064E+02
7.259560000E-03 1.119540000E+01 1.101630000E-01 1.707817003E+02
7.260600000E-03 1.119530000E+01 1.101070000E-01 1.707572377E+02
7.261150000E-03 1.119530000E+01 1.100770000E-01 1.707443036E+02
7.269810000E-03 1.119500000E+01 1.096090000E-01 1.705409082E+02
7.274140000E-03 1.119480000E+01 1.093750000E-01 1.704393921E+02
7.276310000E-03 1.119470000E+01 1.092580000E-01 1.703885623E+02
7.296000000E-03 1.119390000E+01 1.081930000E-01 1.699287281E+02
7.313530000E-03 1.119320000E+01 1.072450000E-01 1.695214213E+02
7.331050000E-03 1.119250000E+01 1.063010000E-01 1.691162930E+02
7.339820000E-03 1.119220000E+01 1.058600000E-01 1.689142241E+02
7.348580000E-03 1.119180000E+01 1.054190000E-01 1.687128670E+02
7.366110000E-03 1.119110000E+01 1.045370000E-01 1.683113611E+02
7.383630000E-03 1.119030000E+01 1.036540000E-01 1.679119891E+02
7.401160000E-03 1.118960000E+01 1.027720000E-01 1.675142815E+02
7.418940000E-03 1.118880000E+01 1.018770000E-01 1.671128220E+02
7.436210000E-03 1.118810000E+01 1.010070000E-01 1.667247160E+02
7.471270000E-03 1.118650000E+01 9.935010000E-02 1.659423364E+02
7.491800000E-03 1.118560000E+01 9.838250000E-02 1.654875998E+02
7.510020000E-03 1.118470000E+01 9.752400000E-02 1.650861116E+02
7.546450000E-03 1.118310000E+01 9.581160000E-02 1.642891691E+02
7.564660000E-03 1.118220000E+01 9.501070000E-02 1.638936846E+02
7.582880000E-03 1.118140000E+01 9.420970000E-02 1.634998839E+02
7.601100000E-03 1.118050000E+01 9.340880000E-02 1.631079712E+02
7.619310000E-03 1.117970000E+01 9.260790000E-02 1.627181464E+02
7.673960000E-03 1.117710000E+01 9.022280000E-02 1.615593514E+02
7.692180000E-03 1.117620000E+01 8.946610000E-02 1.611766755E+02
7.710390000E-03 1.117530000E+01 8.870940000E-02 1.607960168E+02
7.728610000E-03 1.117450000E+01 8.795270000E-02 1.604169443E+02
7.765040000E-03 1.117270000E+01 8.643930000E-02 1.596643417E+02
7.906960000E-03 1.116550000E+01 8.086970000E-02 1.567985673E+02
8.071910000E-03 1.115170000E+01 7.499060000E-02 1.535943785E+02
8.111650000E-03 1.114670000E+01 7.364110000E-02 1.528419002E+02
8.131510000E-03 1.114430000E+01 7.296640000E-02 1.524686067E+02
8.151380000E-03 1.114180000E+01 7.231170000E-02 1.520969455E+02
8.171250000E-03 1.113930000E+01 7.167950000E-02 1.517270919E+02
8.205410000E-03 1.113500000E+01 7.059280000E-02 1.510954358E+02
8.230850000E-03 1.113180000E+01 6.978320000E-02 1.506284284E+02
8.250720000E-03 1.112930000E+01 6.916760000E-02 1.502656738E+02
8.270590000E-03 1.112670000E+01 6.856600000E-02 1.499046622E+02
8.290460000E-03 1.112420000E+01 6.796430000E-02 1.495453811E+02
8.310330000E-03 1.112170000E+01 6.736270000E-02 1.491878181E+02
8.359640000E-03 1.111550000E+01 6.586940000E-02 1.483078219E+02
8.369930000E-03 1.111420000E+01 6.557470000E-02 1.481254921E+02
8.389800000E-03 1.111170000E+01 6.500580000E-02 1.477746788E+02
8.409670000E-03 1.110910000E+01 6.443680000E-02 1.474255232E+02
8.429530000E-03 1.110660000E+01 6.386790000E-02 1.470781882E+02
8.469270000E-03 1.110150000E+01 6.273000000E-02 1.463880594E+02
8.650190000E-03 1.107840000E+01 5.796280000E-02 1.433263316E+02
8.817120000E-03 1.105690000E+01 5.395520000E-02 1.406128078E+02
8.860900000E-03 1.105120000E+01 5.295090000E-02 1.399180670E+02
8.882610000E-03 1.104840000E+01 5.245310000E-02 1.395760931E+02
8.904440000E-03 1.104560000E+01 5.196150000E-02 1.392339103E+02
8.926010000E-03 1.104280000E+01 5.150330000E-02 1.388974469E+02
8.996110000E-03 1.103370000E+01 5.001470000E-02 1.378151223E+02
9.012830000E-03 1.103160000E+01 4.965970000E-02 1.375594569E+02
9.056860000E-03 1.102590000E+01 4.872460000E-02 1.368907105E+02
9.090310000E-03 1.102160000E+01 4.804730000E-02 1.363869879E+02
9.121340000E-03 1.101750000E+01 4.743370000E-02 1.359230113E+02
9.145810000E-03 1.101440000E+01 4.694990000E-02 1.355593436E+02
9.207320000E-03 1.100640000E+01 4.573390000E-02 1.346537320E+02
9.231440000E-03 1.100320000E+01 4.528420000E-02 1.343019074E+02
9.253660000E-03 1.100030000E+01 4.487670000E-02 1.339794200E+02
9.280710000E-03 1.099650000E+01 4.438080000E-02 1.335889172E+02
9.325310000E-03 1.098800000E+01 4.356400000E-02 1.329500038E+02
9.357660000E-03 1.098140000E+01 4.297660000E-02 1.324903876E+02
9.381500000E-03 1.097620000E+01 4.257590000E-02 1.321537068E+02
9.409320000E-03 1.096970000E+01 4.216270000E-02 1.317629754E+02
9.436740000E-03 1.096270000E+01 4.187610000E-02 1.313801164E+02
9.474980000E-03 1.095160000E+01 4.203100000E-02 1.308498804E+02
9.523730000E-03 1.093450000E+01 4.477500000E-02 1.301800870E+02
9.577050000E-03 1.091350000E+01 5.480020000E-02 1.294553124E+02
9.606930000E-03 1.090290000E+01 6.481680000E-02 1.290526734E+02
9.628610000E-03 1.089690000E+01 7.387430000E-02 1.287620955E+02
9.642080000E-03 1.089440000E+01 8.006150000E-02 1.285822146E+02
9.666090000E-03 1.089200000E+01 9.144510000E-02 1.282628240E+02
9.691850000E-03 1.089120000E+01 1.033680000E-01 1.279219138E+02
9.763610000E-03 1.090230000E+01 1.268930000E-01 1.269817209E+02
9.786570000E-03 1.090700000E+01 1.307840000E-01 1.266838126E+02
9.807730000E-03 1.091090000E+01 1.329770000E-01 1.264104946E+02
9.836160000E-03 1.091560000E+01 1.346260000E-01 1.260451233E+02
9.858540000E-03 1.091840000E+01 1.350730000E-01 1.257589866E+02
9.901070000E-03 1.092200000E+01 1.348980000E-01 1.252187895E+02
9.928650000E-03 1.092360000E+01 1.345270000E-01 1.248709543E+02
9.948850000E-03 1.092340000E+01 1.341450000E-01 1.246174181E+02
9.973040000E-03 1.092320000E+01 1.337000000E-01 1.243151537E+02
1.006980000E-02 1.092230000E+01 1.319180000E-01 1.231206181E+02
1.009440000E-02 1.092210000E+01 1.314650000E-01 1.228205738E+02
1.027440000E-02 1.091310000E+01 1.284620000E-01 1.206688468E+02
1.041660000E-02 1.089260000E+01 1.271530000E-01 1.190215617E+02
1.056870000E-02 1.085850000E+01 1.458570000E-01 1.173086567E+02
1.064110000E-02 1.085200000E+01 1.686500000E-01 1.165105111E+02
1.079020000E-02 1.086950000E+01 1.957100000E-01 1.149005579E+02
1.180000000E-02 1.085180000E+01 1.881030000E-01 1.050677966E+02
1.281350000E-02 1.076300000E+01 1.871840000E-01 9.675732626E+01
1.356660000E-02 1.068480000E+01 1.912280000E-01 9.138619846E+01
1.420000000E-02 1.061540000E+01 1.973710000E-01 8.730985915E+01
1.445440000E-02 1.058660000E+01 2.005240000E-01 8.577319017E+01
1.500000000E-02 1.052380000E+01 2.085390000E-01 8.265333333E+01
1.570000000E-02 1.041880000E+01 2.213720000E-01 7.896815287E+01
1.573930000E-02 1.041280000E+01 2.222000000E-01 7.877097457E+01
1.608130000E-02 1.036060000E+01 2.294280000E-01 7.709575718E+01
1.659440000E-02 1.028070000E+01 2.416410000E-01 7.471195102E+01
1.719160000E-02 1.018640000E+01 2.575800000E-01 7.211661509E+01
1.752850000E-02 1.013300000E+01 2.670800000E-01 7.073052457E+01
1.773900000E-02 1.009910000E+01 2.736430000E-01 6.989120018E+01
1.782330000E-02 1.008550000E+01 2.763530000E-01 6.956063131E+01
1.790750000E-02 1.007200000E+01 2.790640000E-01 6.923356136E+01
1.820360000E-02 1.001670000E+01 2.885980000E-01 6.810740733E+01
1.855940000E-02 9.946100000E+00 3.008840000E-01 6.680172850E+01
1.895970000E-02 9.863700000E+00 3.155010000E-01 6.539133003E+01
1.972030000E-02 9.701300000E+00 3.459420000E-01 6.286922613E+01
2.029080000E-02 9.577000000E+00 3.703820000E-01 6.110158298E+01
2.071860000E-02 9.470200000E+00 3.902200000E-01 5.983995058E+01
2.136040000E-02 9.302200000E+00 4.217750000E-01 5.804198423E+01
2.181290000E-02 9.177300000E+00 4.452350000E-01 5.683792618E+01
2.221880000E-02 9.050600000E+00 4.683090000E-01 5.579959314E+01
2.259790000E-02 8.925700000E+00 4.900870000E-01 5.486350502E+01
2.296480000E-02 8.797500000E+00 5.111780000E-01 5.398697136E+01
2.324750000E-02 8.690600000E+00 5.276820000E-01 5.333046564E+01
2.353010000E-02 8.578600000E+00 5.454610000E-01 5.268995882E+01
2.375620000E-02 8.480800000E+00 5.606250000E-01 5.218848132E+01
2.394550000E-02 8.399000000E+00 5.733290000E-01 5.177590779E+01
2.409540000E-02 8.328000000E+00 5.833840000E-01 5.145380446E+01
2.413980000E-02 8.306900000E+00 5.863690000E-01 5.135916619E+01
2.419880000E-02 8.278900000E+00 5.903270000E-01 5.123394548E+01
2.422820000E-02 8.265000000E+00 5.922960000E-01 5.117177504E+01
2.431680000E-02 8.222600000E+00 5.982430000E-01 5.098532702E+01
2.434740000E-02 8.206700000E+00 6.003000000E-01 5.092124826E+01
2.440710000E-02 8.175100000E+00 6.043020000E-01 5.079669440E+01
2.446670000E-02 8.143500000E+00 6.083040000E-01 5.067295549E+01
2.450820000E-02 8.121500000E+00 6.110870000E-01 5.058715042E+01
2.452630000E-02 8.111900000E+00 6.123060000E-01 5.054981795E+01
2.462880000E-02 8.057600000E+00 6.191830000E-01 5.033944001E+01
2.468910000E-02 8.024300000E+00 6.232310000E-01 5.021649230E+01
2.474950000E-02 7.990200000E+00 6.272790000E-01 5.009394129E+01
2.480980000E-02 7.955800000E+00 6.313270000E-01 4.997218841E+01
2.484330000E-02 7.936000000E+00 6.335750000E-01 4.990480331E+01
2.489350000E-02 7.906400000E+00 6.370610000E-01 4.980416575E+01
2.491860000E-02 7.891600000E+00 6.388600000E-01 4.975399902E+01
2.494380000E-02 7.876500000E+00 6.406600000E-01 4.970373399E+01
2.497360000E-02 7.858100000E+00 6.427960000E-01 4.964442451E+01
2.500340000E-02 7.839800000E+00 6.449320000E-01 4.958525641E+01
2.502720000E-02 7.825100000E+00 6.466390000E-01 4.953810254E+01
2.503920000E-02 7.817800000E+00 6.474930000E-01 4.951436148E+01
2.506070000E-02 7.804600000E+00 6.490330000E-01 4.947188227E+01
2.509160000E-02 7.785000000E+00 6.512500000E-01 4.941095825E+01
2.509660000E-02 7.781800000E+00 6.516040000E-01 4.940111410E+01
2.509750000E-02 7.781200000E+00 6.516710000E-01 4.939934256E+01
2.510100000E-02 7.779000000E+00 6.519200000E-01 4.939245448E+01
2.510620000E-02 7.775700000E+00 6.522940000E-01 4.938222431E+01
2.510880000E-02 7.774100000E+00 6.524810000E-01 4.937711081E+01
2.511520000E-02 7.770000000E+00 6.529380000E-01 4.936452825E+01
2.517790000E-02 7.729500000E+00 6.574320000E-01 4.924159680E+01
2.518930000E-02 7.721900000E+00 6.582460000E-01 4.921931137E+01
2.524190000E-02 7.686500000E+00 6.620190000E-01 4.911674636E+01
2.526330000E-02 7.672000000E+00 6.635510000E-01 4.907514062E+01
2.530070000E-02 7.646100000E+00 6.663660000E-01 4.900259677E+01
2.535690000E-02 7.605800000E+00 6.706590000E-01 4.889398941E+01
2.538500000E-02 7.585600000E+00 6.728050000E-01 4.883986606E+01
2.541300000E-02 7.565400000E+00 6.749510000E-01 4.878605438E+01
2.547330000E-02 7.522000000E+00 6.795640000E-01 4.867056879E+01
2.553370000E-02 7.476700000E+00 6.841780000E-01 4.855543850E+01
2.559450000E-02 7.429400000E+00 6.888310000E-01 4.844009455E+01
2.565740000E-02 7.380600000E+00 6.936370000E-01 4.832134199E+01
2.571460000E-02 7.334200000E+00 6.980170000E-01 4.821385516E+01
2.574350000E-02 7.310100000E+00 7.002240000E-01 4.815972964E+01
2.577240000E-02 7.286000000E+00 7.024310000E-01 4.810572550E+01
2.578300000E-02 7.277000000E+00 7.032480000E-01 4.808594811E+01
2.584590000E-02 7.224200000E+00 7.080540000E-01 4.796892350E+01
2.589380000E-02 7.179700000E+00 7.117210000E-01 4.788018754E+01
2.597160000E-02 7.107400000E+00 7.176660000E-01 4.773675861E+01
2.608990000E-02 6.996600000E+00 7.267170000E-01 4.752030479E+01
2.614200000E-02 6.945100000E+00 7.307020000E-01 4.742559865E+01
2.622290000E-02 6.858100000E+00 7.368890000E-01 4.727928643E+01
2.627070000E-02 6.806800000E+00 7.405440000E-01 4.719326093E+01
2.633510000E-02 6.737600000E+00 7.454640000E-01 4.707785427E+01
2.639940000E-02 6.660300000E+00 7.503850000E-01 4.696318856E+01
2.647520000E-02 6.569200000E+00 7.561820000E-01 4.682873028E+01
2.651430000E-02 6.518300000E+00 7.591660000E-01 4.675967308E+01
2.657280000E-02 6.437400000E+00 7.636430000E-01 4.665673170E+01
2.663130000E-02 6.356600000E+00 7.682580000E-01 4.655424256E+01
2.667800000E-02 6.292200000E+00 7.720470000E-01 4.647274908E+01
2.674150000E-02 6.200700000E+00 7.772110000E-01 4.636239553E+01
2.679630000E-02 6.107400000E+00 7.816650000E-01 4.626758172E+01
2.686050000E-02 5.998200000E+00 7.868830000E-01 4.615699633E+01
2.693530000E-02 5.870900000E+00 7.929610000E-01 4.602881720E+01
2.700950000E-02 5.734100000E+00 7.991350000E-01 4.590236769E+01
2.707000000E-02 5.608900000E+00 8.043150000E-01 4.579977835E+01
2.712810000E-02 5.479900000E+00 8.093380000E-01 4.570168939E+01
2.719000000E-02 5.331200000E+00 8.148520000E-01 4.559764619E+01
2.725600000E-02 5.156700000E+00 8.212770000E-01 4.548723217E+01
2.732630000E-02 4.948700000E+00 8.297730000E-01 4.537021112E+01
2.745090000E-02 4.500000000E+00 8.592360000E-01 4.516427512E+01
2.752170000E-02 4.184000000E+00 8.981870000E-01 4.504808933E+01
2.760790000E-02 3.724200000E+00 9.969560000E-01 4.490743592E+01
2.770300000E-02 3.120600000E+00 1.227660000E+00 4.475327582E+01
2.780300000E-02 2.419500000E+00 1.695760000E+00 4.459231018E+01
2.793320000E-02 1.609300000E+00 2.757150000E+00 4.438446007E+01
2.802910000E-02 1.287500000E+00 3.829670000E+00 4.423260112E+01
2.810570000E-02 1.324700000E+00 4.761980000E+00 4.411204845E+01
2.812810000E-02 1.335600000E+00 5.035380000E+00 4.407691952E+01
2.815010000E-02 1.411700000E+00 5.291830000E+00 4.404247232E+01
2.817680000E-02 1.504200000E+00 5.603390000E+00 4.400073820E+01
2.822870000E-02 1.781800000E+00 6.153910000E+00 4.391984045E+01
2.829330000E-02 2.225300000E+00 6.737650000E+00 4.381956152E+01
2.833900000E-02 2.585100000E+00 7.070820000E+00 4.374889728E+01
2.839060000E-02 3.007400000E+00 7.362530000E+00 4.366938353E+01
2.843070000E-02 3.340300000E+00 7.540260000E+00 4.360779017E+01
2.851020000E-02 3.968800000E+00 7.758230000E+00 4.348619091E+01
2.859980000E-02 4.596300000E+00 7.851310000E+00 4.334995350E+01
2.868450000E-02 5.088800000E+00 7.851190000E+00 4.322194914E+01
2.870390000E-02 5.190600000E+00 7.844510000E+00 4.319273688E+01
2.876760000E-02 5.505200000E+00 7.812200000E+00 4.309709534E+01
2.881260000E-02 5.700600000E+00 7.780330000E+00 4.302978558E+01
2.885760000E-02 5.879000000E+00 7.747820000E+00 4.296268574E+01
2.892860000E-02 6.129800000E+00 7.689360000E+00 4.285724162E+01
2.900480000E-02 6.370700000E+00 7.626260000E+00 4.274464916E+01
2.903520000E-02 6.454200000E+00 7.600900000E+00 4.269989530E+01
2.907070000E-02 6.551700000E+00 7.571220000E+00 4.264775186E+01
2.909680000E-02 6.623200000E+00 7.549420000E+00 4.260949658E+01
2.912290000E-02 6.689200000E+00 7.527500000E+00 4.257130986E+01
2.915120000E-02 6.759100000E+00 7.503660000E+00 4.252998161E+01
2.926620000E-02 7.010800000E+00 7.412560000E+00 4.236286228E+01
2.933790000E-02 7.153600000E+00 7.358250000E+00 4.225933008E+01
2.940960000E-02 7.284100000E+00 7.303510000E+00 4.215630270E+01
2.948130000E-02 7.405000000E+00 7.248460000E+00 4.205377646E+01
2.952750000E-02 7.477600000E+00 7.212800000E+00 4.198797731E+01
2.957370000E-02 7.545400000E+00 7.179500000E+00 4.192238374E+01
2.960430000E-02 7.587900000E+00 7.158640000E+00 4.187905135E+01
2.965030000E-02 7.651600000E+00 7.127340000E+00 4.181407945E+01
2.967330000E-02 7.683400000E+00 7.111700000E+00 4.178166904E+01
2.969630000E-02 7.714900000E+00 7.096050000E+00 4.174930884E+01
2.975010000E-02 7.782600000E+00 7.059160000E+00 4.167380950E+01
2.975910000E-02 7.792900000E+00 7.052960000E+00 4.166120615E+01
2.976800000E-02 7.803200000E+00 7.046760000E+00 4.164875034E+01
2.977250000E-02 7.808400000E+00 7.043660000E+00 4.164245529E+01
2.978090000E-02 7.818100000E+00 7.037840000E+00 4.163070962E+01
2.979560000E-02 7.835000000E+00 7.027670000E+00 4.161017063E+01
2.980660000E-02 7.847700000E+00 7.020040000E+00 4.159481457E+01
2.982320000E-02 7.866800000E+00 7.008590000E+00 4.157166233E+01
2.983140000E-02 7.876300000E+00 7.002870000E+00 4.156023519E+01
2.983970000E-02 7.885800000E+00 6.997150000E+00 4.154867509E+01
2.991140000E-02 7.965900000E+00 6.948320000E+00 4.144907962E+01
2.993210000E-02 7.985000000E+00 6.935420000E+00 4.142041487E+01
2.999410000E-02 8.040900000E+00 6.896740000E+00 4.133479584E+01
3.003870000E-02 8.081100000E+00 6.869110000E+00 4.127342395E+01
3.008320000E-02 8.121400000E+00 6.841640000E+00 4.121237102E+01
3.014110000E-02 8.173700000E+00 6.805960000E+00 4.113320350E+01
3.019950000E-02 8.224900000E+00 6.769950000E+00 4.105365983E+01
3.027130000E-02 8.271700000E+00 6.729380000E+00 4.095628533E+01
3.034370000E-02 8.318000000E+00 6.688710000E+00 4.085856372E+01
3.041320000E-02 8.362400000E+00 6.649690000E+00 4.076519406E+01
3.052000000E-02 8.430700000E+00 6.589670000E+00 4.062254260E+01
3.055660000E-02 8.452800000E+00 6.569510000E+00 4.057388584E+01
3.057620000E-02 8.460700000E+00 6.559590000E+00 4.054787711E+01
3.065110000E-02 8.491000000E+00 6.521670000E+00 4.044879303E+01
3.072600000E-02 8.521200000E+00 6.483760000E+00 4.035019202E+01
3.085180000E-02 8.572100000E+00 6.420030000E+00 4.018566178E+01
3.102970000E-02 8.611500000E+00 6.337010000E+00 3.995526866E+01
3.118250000E-02 8.632100000E+00 6.266950000E+00 3.975948048E+01
3.125890000E-02 8.640500000E+00 6.231930000E+00 3.966230418E+01
3.133520000E-02 8.648900000E+00 6.196900000E+00 3.956572800E+01
3.141970000E-02 8.656000000E+00 6.158150000E+00 3.945932011E+01
3.153460000E-02 8.635100000E+00 6.110770000E+00 3.931554546E+01
3.165040000E-02 8.614000000E+00 6.062990000E+00 3.917170083E+01
3.176050000E-02 8.591300000E+00 6.017560000E+00 3.903590938E+01
3.185010000E-02 8.553500000E+00 5.984060000E+00 3.892609442E+01
3.200690000E-02 8.467500000E+00 5.925620000E+00 3.873539768E+01
3.220740000E-02 8.299000000E+00 5.855210000E+00 3.849425908E+01
3.237520000E-02 8.066700000E+00 5.819770000E+00 3.829474413E+01
3.266460000E-02 7.403300000E+00 5.997030000E+00 3.795546249E+01
3.298840000E-02 6.735500000E+00 7.147790000E+00 3.758290793E+01
3.371920000E-02 8.856400000E+00 9.060140000E+00 3.676836936E+01
3.487390000E-02 1.060550000E+01 8.416210000E+00 3.555094211E+01
3.602870000E-02 1.135700000E+01 7.879020000E+00 3.441145531E+01
3.758370000E-02 1.191570000E+01 7.333690000E+00 3.298770478E+01
4.073800000E-02 1.242360000E+01 6.614550000E+00 3.043350189E+01
4.523120000E-02 1.260320000E+01 6.114400000E+00 2.741028317E+01
5.020790000E-02 1.255460000E+01 5.996100000E+00 2.469332515E+01
5.850000000E-02 1.242100000E+01 6.421400000E+00 2.119316239E+01
7.500000000E-02 1.265230000E+01 8.051770000E+00 1.653066667E+01
1.002470000E-01 1.407470000E+01 1.045840000E+01 1.236745239E+01
1.122020000E-01 1.491800000E+01 1.140330000E+01 1.104971391E+01
1.224050000E-01 1.567420000E+01 1.208120000E+01 1.012867121E+01
1.294330000E-01 1.618760000E+01 1.247690000E+01 9.578700950E+00
1.339040000E-01 1.648770000E+01 1.269060000E+01 9.258872028E+00
1.372820000E-01 1.670050000E+01 1.283980000E+01 9.031045585E+00
1.382070000E-01 1.675690000E+01 1.288060000E+01 8.970602068E+00
1.386950000E-01 1.678660000E+01 1.290210000E+01 8.939038898E+00
1.407600000E-01 1.690340000E+01 1.298510000E+01 8.807899972E+00
1.428890000E-01 1.700780000E+01 1.306410000E+01 8.676665104E+00
1.447200000E-01 1.709370000E+01 1.311580000E+01 8.566887783E+00
1.462840000E-01 1.716340000E+01 1.316000000E+01 8.475294632E+00
1.469740000E-01 1.719350000E+01 1.317960000E+01 8.435505600E+00
1.480600000E-01 1.722680000E+01 1.321030000E+01 8.373632311E+00
1.489280000E-01 1.725340000E+01 1.323480000E+01 8.324828105E+00
1.498680000E-01 1.727700000E+01 1.326130000E+01 8.272613233E+00
1.505920000E-01 1.729290000E+01 1.328170000E+01 8.232841054E+00
1.513160000E-01 1.730250000E+01 1.330220000E+01 8.193449470E+00
1.517620000E-01 1.730850000E+01 1.331480000E+01 8.169370462E+00
1.521150000E-01 1.731310000E+01 1.332470000E+01 8.150412517E+00
1.524010000E-01 1.731310000E+01 1.333280000E+01 8.135117224E+00
1.525820000E-01 1.731320000E+01 1.333790000E+01 8.125466962E+00
1.527630000E-01 1.731320000E+01 1.334300000E+01 8.115839568E+00
1.528160000E-01 1.731320000E+01 1.334450000E+01 8.113024814E+00
1.528670000E-01 1.731320000E+01 1.334600000E+01 8.110318120E+00
1.535680000E-01 1.731320000E+01 1.336570000E+01 8.073296520E+00
1.536200000E-01 1.731320000E+01 1.336720000E+01 8.070563729E+00
1.539850000E-01 1.731170000E+01 1.337750000E+01 8.051433581E+00
1.543470000E-01 1.730700000E+01 1.338780000E+01 8.032550033E+00
1.547490000E-01 1.729860000E+01 1.339920000E+01 8.011683436E+00
1.550200000E-01 1.728950000E+01 1.340690000E+01 7.997677719E+00
1.552200000E-01 1.728190000E+01 1.341260000E+01 7.987372761E+00
1.555220000E-01 1.726860000E+01 1.342120000E+01 7.971862502E+00
1.556730000E-01 1.726110000E+01 1.342560000E+01 7.964129939E+00
1.558250000E-01 1.725290000E+01 1.343010000E+01 7.956361303E+00
1.561040000E-01 1.723590000E+01 1.343850000E+01 7.942141137E+00
1.562250000E-01 1.722760000E+01 1.344230000E+01 7.935989758E+00
1.563290000E-01 1.722010000E+01 1.344560000E+01 7.930710233E+00
1.564110000E-01 1.721380000E+01 1.344830000E+01 7.926552480E+00
1.565340000E-01 1.720380000E+01 1.345250000E+01 7.920324019E+00
1.566190000E-01 1.719650000E+01 1.345550000E+01 7.916025514E+00
1.566810000E-01 1.719090000E+01 1.345780000E+01 7.912893076E+00
1.570950000E-01 1.714860000E+01 1.347530000E+01 7.892039848E+00
1.571440000E-01 1.714290000E+01 1.347770000E+01 7.889578985E+00
1.574760000E-01 1.710050000E+01 1.349690000E+01 7.872945719E+00
1.576030000E-01 1.708180000E+01 1.350590000E+01 7.866601524E+00
1.578210000E-01 1.704700000E+01 1.352400000E+01 7.855735295E+00
1.581730000E-01 1.698490000E+01 1.356230000E+01 7.838253052E+00
1.583590000E-01 1.695000000E+01 1.358830000E+01 7.829046660E+00
1.585560000E-01 1.691210000E+01 1.362050000E+01 7.819319357E+00
1.588880000E-01 1.684820000E+01 1.368780000E+01 7.802980716E+00
1.592430000E-01 1.678240000E+01 1.377820000E+01 7.785585552E+00
1.596000000E-01 1.672690000E+01 1.388790000E+01 7.768170426E+00
1.597370000E-01 1.670970000E+01 1.393390000E+01 7.761507979E+00
1.603380000E-01 1.667140000E+01 1.415440000E+01 7.732415273E+00
1.603940000E-01 1.667080000E+01 1.417530000E+01 7.729715575E+00
1.606060000E-01 1.667280000E+01 1.425580000E+01 7.719512347E+00
1.609270000E-01 1.668940000E+01 1.437370000E+01 7.704114288E+00
1.612760000E-01 1.672310000E+01 1.449380000E+01 7.687442645E+00
1.616060000E-01 1.676530000E+01 1.459680000E+01 7.671744861E+00
1.621050000E-01 1.683890000E+01 1.472800000E+01 7.648129299E+00
1.626810000E-01 1.692190000E+01 1.484730000E+01 7.621049785E+00
1.635860000E-01 1.702280000E+01 1.499590000E+01 7.578888169E+00
1.647520000E-01 1.708150000E+01 1.518400000E+01 7.525250073E+00
1.669410000E-01 1.716540000E+01 1.578270000E+01 7.426575856E+00
1.699980000E-01 1.792000000E+01 1.661930000E+01 7.293026977E+00
1.747500000E-01 1.918000000E+01 1.716990000E+01 7.094706724E+00
1.825750000E-01 2.109770000E+01 1.726570000E+01 6.790633986E+00
2.190000000E-01 2.463830000E+01 1.508750000E+01 5.661187215E+00
2.580000000E-01 2.569160000E+01 1.433520000E+01 4.805426357E+00
2.822180000E-01 2.593690000E+01 1.419890000E+01 4.393057849E+00
2.857980000E-01 2.582170000E+01 1.419170000E+01 4.338028958E+00
2.895550000E-01 2.551920000E+01 1.441690000E+01 4.281742674E+00
2.952940000E-01 2.586970000E+01 1.528490000E+01 4.198527569E+00
3.249470000E-01 2.750880000E+01 1.530810000E+01 3.815391433E+00
3.408000000E-01 2.826110000E+01 1.559230000E+01 3.637910798E+00
3.987600000E-01 3.011190000E+01 1.529140000E+01 3.109138329E+00
4.089780000E-01 3.041080000E+01 1.568080000E+01 3.031458905E+00
5.015480000E-01 3.347450000E+01 1.482470000E+01 2.471946853E+00
6.678170000E-01 3.604060000E+01 1.284510000E+01 1.856496615E+00
8.511380000E-01 3.659270000E+01 1.091410000E+01 1.456638054E+00
1.025330000E+00 3.498750000E+01 9.383210000E+00 1.209171681E+00
1.144850000E+00 3.189680000E+01 8.501000000E+00 1.082936629E+00
1.207250000E+00 2.855640000E+01 8.088370000E+00 1.026962104E+00
1.240940000E+00 2.557280000E+01 7.877990000E+00 9.990813416E-01
1.262900000E+00 2.233530000E+01 7.750010000E+00 9.817087655E-01
1.264650000E+00 2.196700000E+01 7.744160000E+00 9.803502945E-01
1.270960000E+00 2.043140000E+01 7.767260000E+00 9.754830994E-01
1.274410000E+00 1.940990000E+01 7.853430000E+00 9.728423349E-01
1.277780000E+00 1.826710000E+01 8.050370000E+00 9.702765734E-01
1.281170000E+00 1.696580000E+01 8.438840000E+00 9.677092033E-01
1.290610000E+00 1.299440000E+01 1.123960000E+01 9.606310194E-01
1.293820000E+00 1.189400000E+01 1.288040000E+01 9.582476697E-01
1.297340000E+00 1.115310000E+01 1.497680000E+01 9.556477099E-01
1.300220000E+00 1.093770000E+01 1.678760000E+01 9.535309409E-01
1.302830000E+00 1.090070000E+01 1.839990000E+01 9.516207026E-01
1.308060000E+00 1.170770000E+01 2.124720000E+01 9.478158494E-01
1.312800000E+00 1.288070000E+01 2.314590000E+01 9.443936624E-01
1.316700000E+00 1.383760000E+01 2.422800000E+01 9.415964153E-01
1.325130000E+00 1.526130000E+01 2.593360000E+01 9.356063179E-01
1.330930000E+00 1.590160000E+01 2.724140000E+01 9.315290812E-01
1.334050000E+00 1.621910000E+01 2.804150000E+01 9.293504741E-01
1.344930000E+00 1.848590000E+01 3.087730000E+01 9.218323630E-01
1.349960000E+00 1.990630000E+01 3.179100000E+01 9.183975822E-01
1.359410000E+00 2.240480000E+01 3.266210000E+01 9.120132999E-01
1.374350000E+00 2.536650000E+01 3.302440000E+01 9.020991742E-01
1.411670000E+00 3.046330000E+01 3.335690000E+01 8.782505826E-01
1.473970000E+00 3.632870000E+01 3.274260000E+01 8.411297381E-01
1.535480000E+00 4.009690000E+01 3.112250000E+01 8.074348087E-01
1.603150000E+00 4.210550000E+01 2.926870000E+01 7.733524623E-01
1.634890000E+00 4.199080000E+01 2.856080000E+01 7.583384815E-01
1.660770000E+00 4.131970000E+01 2.975750000E+01 7.465211920E-01
1.679290000E+00 4.257250000E+01 3.108970000E+01 7.382882051E-01
1.710520000E+00 4.493650000E+01 3.083820000E+01 7.248088301E-01
1.773930000E+00 4.721810000E+01 2.942970000E+01 6.989001821E-01
1.812770000E+00 4.766920000E+01 2.880480000E+01 6.839257049E-01
1.839740000E+00 4.814140000E+01 2.926560000E+01 6.738995728E-01
1.890450000E+00 5.020760000E+01 2.875590000E+01 6.558226877E-01
1.970470000E+00 5.190390000E+01 2.727080000E+01 6.291899902E-01
2.024950000E+00 5.241180000E+01 2.706740000E+01 6.122620312E-01
2.086680000E+00 5.413730000E+01 2.645150000E+01 5.941495581E-01
2.203560000E+00 5.605246000E+01 2.464780000E+01 5.626350088E-01
2.368820000E+00 5.783356000E+01 2.240170000E+01 5.233829502E-01
2.564110000E+00 5.923945000E+01 2.013030000E+01 4.835205978E-01
2.795160000E+00 6.033354000E+01 1.787740000E+01 4.435524263E-01
3.072000000E+00 6.113845000E+01 1.563340000E+01 4.035807292E-01
3.400650000E+00 6.161797000E+01 1.350110000E+01 3.645773602E-01
3.826860000E+00 6.188128000E+01 1.135340000E+01 3.239731791E-01
4.422060000E+00 6.179884000E+01 9.137450000E+00 2.803670687E-01
5.120000000E+00 6.140946000E+01 7.300770000E+00 2.421484375E-01
5.922430000E+00 6.061504000E+01 5.820340000E+00 2.093397474E-01
6.595020000E+00 5.959608000E+01 4.910690000E+00 1.879903321E-01
7.059110000E+00 5.847299000E+01 4.408030000E+00 1.756312056E-01
7.338800000E+00 5.737585000E+01 4.141220000E+00 1.689377010E-01
7.525770000E+00 5.615690000E+01 3.978160000E+00 1.647406179E-01
7.614050000E+00 5.511990000E+01 3.935980000E+00 1.628305567E-01
7.655580000E+00 5.435660000E+01 4.042240000E+00 1.619472333E-01
7.687950000E+00 5.361470000E+01 4.337940000E+00 1.612653568E-01
7.718300000E+00 5.288900000E+01 4.907970000E+00 1.606312271E-01
7.765590000E+00 5.214250000E+01 6.408420000E+00 1.596530334E-01
7.815010000E+00 5.235070000E+01 8.225930000E+00 1.586434310E-01
7.860580000E+00 5.327440000E+01 9.386240000E+00 1.577237303E-01
7.927600000E+00 5.470650000E+01 9.933670000E+00 1.563903325E-01
8.023380000E+00 5.588200000E+01 9.853670000E+00 1.545234053E-01
8.172290000E+00 5.670659000E+01 9.576930000E+00 1.517077833E-01
8.343030000E+00 5.694156000E+01 9.261600000E+00 1.486030854E-01
8.457560000E+00 5.654208000E+01 9.157490000E+00 1.465907425E-01
8.525730000E+00 5.600546000E+01 9.528490000E+00 1.454186328E-01
8.591430000E+00 5.582180000E+01 1.045010000E+01 1.443065939E-01
8.663780000E+00 5.638463000E+01 1.140970000E+01 1.431015100E-01
8.778250000E+00 5.757660000E+01 1.168120000E+01 1.412354399E-01
8.888320000E+00 5.798456000E+01 1.155330000E+01 1.394864271E-01
9.001340000E+00 5.813045000E+01 1.199860000E+01 1.377350483E-01
9.091690000E+00 5.876762000E+01 1.251620000E+01 1.363662861E-01
9.231210000E+00 5.993537000E+01 1.248420000E+01 1.343052536E-01
9.433820000E+00 6.093423000E+01 1.208130000E+01 1.314207818E-01
9.719210000E+00 6.187764000E+01 1.154450000E+01 1.275618080E-01
1.004330000E+01 6.265811000E+01 1.097600000E+01 1.234454811E-01
1.041120000E+01 6.332175000E+01 1.036840000E+01 1.190832949E-01
1.083930000E+01 6.389539000E+01 9.729090000E+00 1.143800799E-01
1.128500000E+01 6.434628000E+01 9.127500000E+00 1.098626495E-01
1.180830000E+01 6.474037000E+01 8.485140000E+00 1.049939449E-01
1.223430000E+01 6.499221000E+01 8.010620000E+00 1.013380414E-01
1.274490000E+01 6.521762000E+01 7.492990000E+00 9.727812694E-02
1.318260000E+01 6.536569300E+01 7.091360000E+00 9.404821507E-02
1.377030000E+01 6.551539300E+01 6.606290000E+00 9.003434929E-02
1.443320000E+01 6.564167600E+01 6.120170000E+00 8.589917690E-02
1.492350000E+01 6.571020800E+01 5.790910000E+00 8.307702617E-02
1.548210000E+01 6.576529300E+01 5.448120000E+00 8.007957577E-02
1.605960000E+01 6.580403100E+01 5.126320000E+00 7.719993026E-02
1.652410000E+01 6.582441500E+01 4.887900000E+00 7.502980495E-02
1.701730000E+01 6.583667000E+01 4.651880000E+00 7.285527081E-02
1.767620000E+01 6.583973000E+01 4.363850000E+00 7.013950962E-02
1.862090000E+01 6.583011700E+01 3.997220000E+00 6.658109973E-02
1.971930000E+01 6.580222600E+01 3.627100000E+00 6.287241434E-02
2.116030000E+01 6.574824600E+01 3.214390000E+00 5.859085174E-02
2.412070000E+01 6.560988100E+01 2.566130000E+00 5.139983500E-02
2.746310000E+01 6.542811200E+01 2.047260000E+00 4.514421169E-02
3.124850000E+01 6.523024300E+01 1.632620000E+00 3.967550442E-02
3.539370000E+01 6.500874000E+01 1.309960000E+00 3.502883281E-02
4.015600000E+01 6.473899000E+01 1.045910000E+00 3.087458910E-02
4.493430000E+01 6.439962000E+01 8.552010000E-01 2.759139455E-02
4.801820000E+01 6.408117000E+01 7.589030000E-01 2.581937682E-02
5.009610000E+01 6.374767000E+01 7.033460000E-01 2.474843351E-02
5.126770000E+01 6.345646000E+01 6.747650000E-01 2.418286758E-02
5.221440000E+01 6.308230000E+01 6.529180000E-01 2.374440767E-02
5.273220000E+01 6.272502000E+01 6.565670000E-01 2.351125119E-02
5.295730000E+01 6.249241000E+01 6.952540000E-01 2.341131440E-02
5.312670000E+01 6.227942000E+01 7.704930000E-01 2.333666499E-02
5.327500000E+01 6.207539000E+01 8.897370000E-01 2.327170343E-02
5.342700000E+01 6.186981000E+01 1.078770000E+00 2.320549535E-02
5.360090000E+01 6.167680000E+01 1.382360000E+00 2.313020863E-02
5.382100000E+01 6.158676000E+01 1.865040000E+00 2.303561807E-02
5.403510000E+01 6.164230000E+01 2.349730000E+00 2.294434543E-02
5.429450000E+01 6.193693000E+01 2.819470000E+00 2.283472543E-02
5.456850000E+01 6.234132000E+01 3.102290000E+00 2.272006744E-02
5.498550000E+01 6.286630000E+01 3.218650000E+00 2.254776259E-02
5.551050000E+01 6.328723000E+01 3.194790000E+00 2.233451329E-02
5.632090000E+01 6.369397000E+01 3.124930000E+00 2.201314255E-02
5.740730000E+01 6.404977000E+01 3.028030000E+00 2.159655654E-02
5.909170000E+01 6.441582000E+01 2.894880000E+00 2.098094995E-02
6.083140000E+01 6.467902000E+01 2.761500000E+00 2.038092170E-02
6.266380000E+01 6.488083000E+01 2.629790000E+00 1.978494761E-02
6.487360000E+01 6.506734200E+01 2.481970000E+00 1.911100972E-02
6.801080000E+01 6.525141900E+01 2.298890000E+00 1.822945767E-02
7.113520000E+01 6.538435100E+01 2.137810000E+00 1.742878350E-02
7.448480000E+01 6.549255100E+01 1.980590000E+00 1.664500677E-02
7.865350000E+01 6.558586900E+01 1.807640000E+00 1.576280776E-02
8.353810000E+01 6.565818100E+01 1.632200000E+00 1.484113237E-02
8.887650000E+01 6.570787300E+01 1.467700000E+00 1.394969424E-02
9.555810000E+01 6.574295200E+01 1.296420000E+00 1.297430568E-02
1.032120000E+02 6.576247900E+01 1.135040000E+00 1.201216913E-02
1.130890000E+02 6.576612900E+01 9.675120000E-01 1.096304680E-02
1.286400000E+02 6.575135400E+01 7.722490000E-01 9.637748756E-03
1.457660000E+02 6.572318700E+01 6.192960000E-01 8.505412785E-03
1.651210000E+02 6.568893400E+01 4.970020000E-01 7.508433210E-03
1.868550000E+02 6.565381800E+01 3.995890000E-01 6.635091381E-03
2.120430000E+02 6.561872200E+01 3.198240000E-01 5.846927274E-03
2.399800000E+02 6.558632500E+01 2.578760000E-01 5.166263855E-03
2.725260000E+02 6.555640700E+01 2.071700000E-01 4.549290710E-03
3.099480000E+02 6.552982300E+01 1.668730000E-01 4.000025811E-03
3.537940000E+02 6.550635900E+01 1.343130000E-01 3.504299112E-03
4.043140000E+02 6.548645100E+01 1.087980000E-01 3.066428568E-03
4.626310000E+02 6.546974700E+01 8.861480000E-02 2.679889588E-03
5.282650000E+02 6.545629000E+01 7.309870000E-02 2.346928152E-03
6.058200000E+02 6.544510600E+01 6.054450000E-02 2.046482454E-03
7.011020000E+02 6.543574900E+01 5.010880000E-02 1.768358955E-03
8.175230000E+02 6.542823200E+01 4.166980000E-02 1.516532257E-03
9.632740000E+02 6.542240500E+01 3.479190000E-02 1.287068892E-03
1.173410000E+03 6.541797700E+01 2.813690000E-02 1.056578689E-03
1.410750000E+03 6.541503800E+01 2.294170000E-02 8.788233209E-04
1.696100000E+03 6.541292200E+01 1.870580000E-02 7.309710512E-04
2.039160000E+03 6.541138900E+01 1.525200000E-02 6.079954491E-04
2.451610000E+03 6.541027000E+01 1.243580000E-02 5.057084936E-04
2.947480000E+03 6.540937900E+01 1.013970000E-02 4.206305047E-04
3.543650000E+03 6.540869500E+01 8.267500000E-03 3.498652519E-04
4.260410000E+03 6.540822300E+01 6.740990000E-03 2.910048563E-04
5.122130000E+03 6.540789600E+01 5.496340000E-03 2.420477419E-04
6.158160000E+03 6.540766900E+01 4.481500000E-03 2.013263702E-04
7.403740000E+03 6.540751300E+01 3.654040000E-03 1.674559074E-04
8.901250000E+03 6.540740400E+01 2.979360000E-03 1.392838085E-04
1.000000000E+04 6.540735400E+01 2.623380000E-03 1.239800000E-04
