# Data retrieved from https://www-nds.iaea.org/epdl97/za1to100.htm 03/01/2021
# Element, Er  (Z = 68) 
# Atomic weight, g mol-1 = 167.26 
# Nominal density, g cm-3 =  9.06600E+0 
# Relativistic correction estimate f_rel(5CL)*,  e atom-1 =  0 
# Nuclear Thomson correction f_NT*, e atom-1 =  0 
#    E [keV]      f1 [e atom-1]      f2 [e atom-1]    Wavelength [nm] 
1.000000000E-03 9.636700000E+00 0.000000000E+00 1.239800000E+03
1.087550000E-03 9.635300000E+00 0.000000000E+00 1.139993564E+03
1.175110000E-03 9.633800000E+00 0.000000000E+00 1.055050166E+03
1.178000000E-03 9.633800000E+00 0.000000000E+00 1.052461800E+03
1.180890000E-03 9.633700000E+00 0.000000000E+00 1.049886103E+03
1.183780000E-03 9.633700000E+00 0.000000000E+00 1.047322982E+03
1.186680000E-03 9.633600000E+00 0.000000000E+00 1.044763542E+03
1.189570000E-03 9.633600000E+00 0.000000000E+00 1.042225342E+03
1.192460000E-03 9.633500000E+00 0.000000000E+00 1.039699445E+03
1.195350000E-03 9.633500000E+00 0.000000000E+00 1.037185761E+03
1.198250000E-03 9.633400000E+00 0.000000000E+00 1.034675569E+03
1.201140000E-03 9.633400000E+00 0.000000000E+00 1.032186090E+03
1.204030000E-03 9.633300000E+00 0.000000000E+00 1.029708562E+03
1.206920000E-03 9.633300000E+00 0.000000000E+00 1.027242899E+03
1.209810000E-03 9.633200000E+00 0.000000000E+00 1.024789016E+03
1.212710000E-03 9.633200000E+00 0.000000000E+00 1.022338399E+03
1.218490000E-03 9.633100000E+00 0.000000000E+00 1.017488859E+03
1.221380000E-03 9.633000000E+00 0.000000000E+00 1.015081301E+03
1.224280000E-03 9.633000000E+00 0.000000000E+00 1.012676839E+03
1.227170000E-03 9.632900000E+00 0.000000000E+00 1.010291973E+03
1.230060000E-03 9.632900000E+00 0.000000000E+00 1.007918313E+03
1.232950000E-03 9.632900000E+00 0.000000000E+00 1.005555781E+03
1.347060000E-03 9.631000000E+00 0.000000000E+00 9.203747420E+02
1.446910000E-03 9.629300000E+00 0.000000000E+00 8.568604820E+02
1.534270000E-03 9.627900000E+00 0.000000000E+00 8.080715910E+02
1.610720000E-03 9.626600000E+00 0.000000000E+00 7.697178901E+02
1.677600000E-03 9.625500000E+00 0.000000000E+00 7.390319504E+02
1.794660000E-03 9.623500000E+00 0.000000000E+00 6.908272319E+02
1.882450000E-03 9.622100000E+00 0.000000000E+00 6.586097904E+02
1.948290000E-03 9.621000000E+00 0.000000000E+00 6.363529043E+02
2.000000000E-03 9.620100000E+00 0.000000000E+00 6.199000000E+02
2.071750000E-03 9.617300000E+00 0.000000000E+00 5.984312779E+02
2.145820000E-03 9.614300000E+00 0.000000000E+00 5.777744638E+02
2.151100000E-03 9.614100000E+00 0.000000000E+00 5.763562828E+02
2.156390000E-03 9.613900000E+00 0.000000000E+00 5.749423806E+02
2.161670000E-03 9.613700000E+00 0.000000000E+00 5.735380516E+02
2.166950000E-03 9.613500000E+00 0.000000000E+00 5.721405662E+02
2.172230000E-03 9.613300000E+00 0.000000000E+00 5.707498746E+02
2.177510000E-03 9.613000000E+00 0.000000000E+00 5.693659271E+02
2.182790000E-03 9.612800000E+00 0.000000000E+00 5.679886750E+02
2.188080000E-03 9.612600000E+00 0.000000000E+00 5.666154802E+02
2.193360000E-03 9.612400000E+00 0.000000000E+00 5.652514863E+02
2.198640000E-03 9.612200000E+00 0.000000000E+00 5.638940436E+02
2.203920000E-03 9.612000000E+00 0.000000000E+00 5.625431050E+02
2.209200000E-03 9.611800000E+00 0.000000000E+00 5.611986239E+02
2.214490000E-03 9.611600000E+00 0.000000000E+00 5.598580260E+02
2.225050000E-03 9.611200000E+00 0.000000000E+00 5.572009618E+02
2.230330000E-03 9.610900000E+00 0.000000000E+00 5.558818650E+02
2.235610000E-03 9.610700000E+00 0.000000000E+00 5.545689991E+02
2.240890000E-03 9.610500000E+00 0.000000000E+00 5.532623199E+02
2.246180000E-03 9.610300000E+00 0.000000000E+00 5.519593265E+02
2.251460000E-03 9.610100000E+00 0.000000000E+00 5.506649019E+02
2.292020000E-03 9.608500000E+00 0.000000000E+00 5.409202363E+02
2.322450000E-03 9.607300000E+00 0.000000000E+00 5.338328059E+02
2.345270000E-03 9.606400000E+00 0.000000000E+00 5.286384936E+02
2.362390000E-03 9.605700000E+00 0.000000000E+00 5.248075043E+02
2.375220000E-03 9.605200000E+00 0.000000000E+00 5.219727015E+02
2.384850000E-03 9.604800000E+00 0.000000000E+00 5.198649810E+02
2.399290000E-03 9.604200000E+00 0.000000000E+00 5.167362011E+02
2.406510000E-03 9.603900000E+00 0.000000000E+00 5.151858916E+02
2.410120000E-03 9.603800000E+00 0.000000000E+00 5.144142200E+02
2.413730000E-03 9.603600000E+00 0.000000000E+00 5.136448567E+02
2.425610000E-03 9.603100000E+00 0.000000000E+00 5.111291593E+02
2.431550000E-03 9.602900000E+00 0.000000000E+00 5.098805289E+02
2.437490000E-03 9.602700000E+00 0.000000000E+00 5.086379842E+02
2.443430000E-03 9.602400000E+00 0.000000000E+00 5.074014807E+02
2.447260000E-03 9.602300000E+00 0.000000000E+00 5.066073895E+02
2.451090000E-03 9.602100000E+00 0.000000000E+00 5.058157799E+02
2.456170000E-03 9.601900000E+00 0.000000000E+00 5.047696210E+02
2.458720000E-03 9.601800000E+00 0.000000000E+00 5.042461118E+02
2.461260000E-03 9.601700000E+00 0.000000000E+00 5.037257340E+02
2.464230000E-03 9.601600000E+00 0.000000000E+00 5.031186212E+02
2.467200000E-03 9.601500000E+00 0.000000000E+00 5.025129702E+02
2.473140000E-03 9.601300000E+00 0.000000000E+00 5.013060320E+02
2.473880000E-03 9.601200000E+00 0.000000000E+00 5.011560787E+02
2.475180000E-03 9.601200000E+00 0.000000000E+00 5.008928644E+02
2.477130000E-03 9.601100000E+00 0.000000000E+00 5.004985608E+02
2.478110000E-03 9.601100000E+00 0.000000000E+00 5.003006323E+02
2.478230000E-03 9.601000000E+00 0.000000000E+00 5.002764070E+02
2.478440000E-03 9.601000000E+00 0.000000000E+00 5.002340182E+02
2.478760000E-03 9.601000000E+00 0.000000000E+00 5.001694396E+02
2.478920000E-03 9.601000000E+00 0.000000000E+00 5.001371565E+02
2.479270000E-03 9.601000000E+00 0.000000000E+00 5.000665518E+02
2.479990000E-03 9.601000000E+00 0.000000000E+00 4.999213707E+02
2.481250000E-03 9.600900000E+00 0.000000000E+00 4.996675063E+02
2.485020000E-03 9.600800000E+00 0.000000000E+00 4.989094655E+02
2.486940000E-03 9.600700000E+00 0.000000000E+00 4.985242909E+02
2.489820000E-03 9.600600000E+00 0.000000000E+00 4.979476428E+02
2.492710000E-03 9.600500000E+00 0.000000000E+00 4.973703319E+02
2.495240000E-03 9.600400000E+00 0.000000000E+00 4.968660329E+02
2.499040000E-03 9.600200000E+00 0.000000000E+00 4.961105064E+02
2.500940000E-03 9.600100000E+00 0.000000000E+00 4.957336042E+02
2.502850000E-03 9.600100000E+00 0.000000000E+00 4.953552950E+02
2.505820000E-03 9.599900000E+00 0.000000000E+00 4.947681797E+02
2.508790000E-03 9.599800000E+00 0.000000000E+00 4.941824545E+02
2.514730000E-03 9.599600000E+00 0.000000000E+00 4.930151547E+02
2.520670000E-03 9.599400000E+00 0.000000000E+00 4.918533564E+02
2.524520000E-03 9.599200000E+00 0.000000000E+00 4.911032592E+02
2.530460000E-03 9.599000000E+00 0.000000000E+00 4.899504438E+02
2.531510000E-03 9.598900000E+00 0.000000000E+00 4.897472260E+02
2.532550000E-03 9.598900000E+00 0.000000000E+00 4.895461097E+02
2.533440000E-03 9.598800000E+00 0.000000000E+00 4.893741316E+02
2.534320000E-03 9.598800000E+00 0.000000000E+00 4.892042047E+02
2.536290000E-03 9.598700000E+00 0.000000000E+00 4.888242275E+02
2.538200000E-03 9.598700000E+00 0.000000000E+00 4.884563864E+02
2.539120000E-03 9.598600000E+00 0.000000000E+00 4.882794039E+02
2.539570000E-03 9.598600000E+00 0.000000000E+00 4.881928830E+02
2.539800000E-03 9.598600000E+00 0.000000000E+00 4.881486731E+02
2.540700000E-03 9.598600000E+00 0.000000000E+00 4.879757547E+02
2.542470000E-03 9.598500000E+00 0.000000000E+00 4.876360390E+02
2.545890000E-03 9.598300000E+00 0.000000000E+00 4.869809772E+02
2.571590000E-03 9.597300000E+00 0.000000000E+00 4.821141784E+02
2.578010000E-03 9.597100000E+00 0.000000000E+00 4.809135729E+02
2.582830000E-03 9.596900000E+00 0.000000000E+00 4.800161064E+02
2.590050000E-03 9.596600000E+00 0.000000000E+00 4.786780178E+02
2.595470000E-03 9.596400000E+00 0.000000000E+00 4.776784166E+02
2.597280000E-03 9.596300000E+00 0.000000000E+00 4.773455307E+02
2.600480000E-03 9.596200000E+00 0.000000000E+00 4.767581370E+02
2.610070000E-03 9.595800000E+00 0.000000000E+00 4.750064175E+02
2.616460000E-03 9.595500000E+00 0.000000000E+00 4.738463420E+02
2.622850000E-03 9.595300000E+00 0.000000000E+00 4.726919191E+02
2.629250000E-03 9.595000000E+00 0.000000000E+00 4.715413141E+02
2.632440000E-03 9.594900000E+00 0.000000000E+00 4.709698986E+02
2.635640000E-03 9.594800000E+00 0.000000000E+00 4.703980817E+02
2.638830000E-03 9.594600000E+00 0.000000000E+00 4.698294320E+02
2.642030000E-03 9.594500000E+00 0.000000000E+00 4.692603793E+02
2.645230000E-03 9.594400000E+00 0.000000000E+00 4.686927035E+02
2.648420000E-03 9.594300000E+00 0.000000000E+00 4.681281670E+02
2.653220000E-03 9.594100000E+00 0.000000000E+00 4.672812658E+02
2.654020000E-03 9.594000000E+00 0.000000000E+00 4.671404134E+02
2.655620000E-03 9.594000000E+00 0.000000000E+00 4.668589633E+02
2.659110000E-03 9.593800000E+00 0.000000000E+00 4.662462252E+02
2.659640000E-03 9.593800000E+00 0.000000000E+00 4.661533140E+02
2.659830000E-03 9.593800000E+00 0.000000000E+00 4.661200152E+02
2.660180000E-03 9.593800000E+00 0.000000000E+00 4.660586878E+02
2.660690000E-03 9.593800000E+00 0.000000000E+00 4.659693538E+02
2.660950000E-03 9.593800000E+00 0.000000000E+00 4.659238242E+02
2.661610000E-03 9.593700000E+00 0.000000000E+00 4.658082890E+02
2.667600000E-03 9.593500000E+00 0.000000000E+00 4.647623332E+02
2.669200000E-03 9.593400000E+00 0.000000000E+00 4.644837404E+02
2.674000000E-03 9.593200000E+00 0.000000000E+00 4.636499626E+02
2.677190000E-03 9.593100000E+00 0.000000000E+00 4.630975015E+02
2.680390000E-03 9.593000000E+00 0.000000000E+00 4.625446297E+02
2.683590000E-03 9.592900000E+00 0.000000000E+00 4.619930764E+02
2.686780000E-03 9.592700000E+00 0.000000000E+00 4.614445544E+02
2.689980000E-03 9.592600000E+00 0.000000000E+00 4.608956200E+02
2.693170000E-03 9.592500000E+00 0.000000000E+00 4.603496994E+02
2.699570000E-03 9.592200000E+00 0.000000000E+00 4.592583263E+02
2.705960000E-03 9.592000000E+00 0.000000000E+00 4.581738089E+02
2.712350000E-03 9.591700000E+00 0.000000000E+00 4.570944015E+02
2.718750000E-03 9.591500000E+00 0.000000000E+00 4.560183908E+02
2.725140000E-03 9.591200000E+00 0.000000000E+00 4.549491035E+02
2.727940000E-03 9.591100000E+00 0.000000000E+00 4.544821367E+02
2.733510000E-03 9.590900000E+00 0.000000000E+00 4.535560506E+02
2.744580000E-03 9.590400000E+00 0.000000000E+00 4.517266758E+02
2.755470000E-03 9.590000000E+00 0.000000000E+00 4.499413893E+02
2.766190000E-03 9.589600000E+00 0.000000000E+00 4.481977015E+02
2.787300000E-03 9.588700000E+00 0.000000000E+00 4.448032146E+02
2.807750000E-03 9.587900000E+00 0.000000000E+00 4.415635295E+02
2.827550000E-03 9.587100000E+00 0.000000000E+00 4.384714682E+02
2.865930000E-03 9.585600000E+00 0.000000000E+00 4.325995401E+02
2.901910000E-03 9.584100000E+00 0.000000000E+00 4.272358550E+02
2.935650000E-03 9.582800000E+00 0.000000000E+00 4.223255497E+02
2.998890000E-03 9.580300000E+00 0.000000000E+00 4.134196319E+02
3.054240000E-03 9.578100000E+00 0.000000000E+00 4.059274975E+02
3.151080000E-03 9.574200000E+00 0.000000000E+00 3.934524036E+02
3.223720000E-03 9.571300000E+00 0.000000000E+00 3.845867507E+02
3.332670000E-03 9.567000000E+00 0.000000000E+00 3.720140308E+02
3.441630000E-03 9.562600000E+00 0.000000000E+00 3.602362834E+02
3.450100000E-03 9.562300000E+00 0.000000000E+00 3.593519028E+02
3.458570000E-03 9.561900000E+00 0.000000000E+00 3.584718540E+02
3.467040000E-03 9.561600000E+00 0.000000000E+00 3.575961050E+02
3.475510000E-03 9.561300000E+00 0.000000000E+00 3.567246246E+02
3.483980000E-03 9.560900000E+00 0.000000000E+00 3.558573815E+02
3.492460000E-03 9.560600000E+00 0.000000000E+00 3.549933285E+02
3.500930000E-03 9.560200000E+00 0.000000000E+00 3.541344728E+02
3.509400000E-03 9.559900000E+00 0.000000000E+00 3.532797629E+02
3.517870000E-03 9.559600000E+00 0.000000000E+00 3.524291688E+02
3.526340000E-03 9.559200000E+00 0.000000000E+00 3.515826608E+02
3.534810000E-03 9.558900000E+00 0.000000000E+00 3.507402095E+02
3.543280000E-03 9.558500000E+00 0.000000000E+00 3.499017859E+02
3.551750000E-03 9.558200000E+00 0.000000000E+00 3.490673612E+02
3.568700000E-03 9.557500000E+00 0.000000000E+00 3.474094208E+02
3.577170000E-03 9.557200000E+00 0.000000000E+00 3.465868270E+02
3.585640000E-03 9.556900000E+00 0.000000000E+00 3.457681195E+02
3.594110000E-03 9.556500000E+00 0.000000000E+00 3.449532708E+02
3.602580000E-03 9.556200000E+00 0.000000000E+00 3.441422536E+02
3.611050000E-03 9.555800000E+00 0.000000000E+00 3.433350411E+02
3.813920000E-03 9.547700000E+00 0.000000000E+00 3.250723665E+02
3.915360000E-03 9.543700000E+00 0.000000000E+00 3.166503208E+02
3.966070000E-03 9.541700000E+00 0.000000000E+00 3.126016434E+02
4.000000000E-03 9.540300000E+00 0.000000000E+00 3.099500000E+02
4.016790000E-03 9.538600000E+00 0.000000000E+00 3.086544231E+02
4.026680000E-03 9.537600000E+00 0.000000000E+00 3.078963315E+02
4.036570000E-03 9.536500000E+00 0.000000000E+00 3.071419547E+02
4.046450000E-03 9.535500000E+00 0.000000000E+00 3.063920226E+02
4.056340000E-03 9.534500000E+00 0.000000000E+00 3.056449903E+02
4.066230000E-03 9.533500000E+00 0.000000000E+00 3.049015919E+02
4.069550000E-03 9.533100000E+00 0.000000000E+00 3.046528486E+02
4.071220000E-03 9.532900000E+00 0.000000000E+00 3.045278811E+02
4.072050000E-03 9.532900000E+00 0.000000000E+00 3.044658096E+02
4.072880000E-03 9.532800000E+00 0.000000000E+00 3.044037634E+02
4.073510000E-03 9.532700000E+00 0.000000000E+00 3.043566850E+02
4.074720000E-03 9.532600000E+00 0.000000000E+00 3.042663054E+02
4.075860000E-03 9.532500000E+00 0.000000000E+00 3.041812035E+02
4.076930000E-03 9.532400000E+00 0.000000000E+00 3.041013704E+02
4.077930000E-03 9.532300000E+00 0.000000000E+00 3.040267979E+02
4.079740000E-03 9.532100000E+00 0.000000000E+00 3.038919147E+02
4.082790000E-03 9.531800000E+00 0.000000000E+00 3.036648958E+02
4.094380000E-03 9.530600000E+00 0.000000000E+00 3.028053087E+02
4.096910000E-03 9.530300000E+00 0.000000000E+00 3.026183148E+02
4.104510000E-03 9.529500000E+00 0.000000000E+00 3.020579801E+02
4.107020000E-03 9.529200000E+00 0.000000000E+00 3.018733778E+02
4.114520000E-03 9.528500000E+00 0.000000000E+00 3.013231191E+02
4.115770000E-03 9.528300000E+00 0.000000000E+00 3.012316043E+02
4.118110000E-03 9.528100000E+00 0.000000000E+00 3.010604379E+02
4.120170000E-03 9.527900000E+00 0.000000000E+00 3.009099139E+02
4.123530000E-03 9.527500000E+00 0.000000000E+00 3.006647217E+02
4.126110000E-03 9.527300000E+00 0.000000000E+00 3.004767202E+02
4.128080000E-03 9.527100000E+00 0.000000000E+00 3.003333269E+02
4.130210000E-03 9.526800000E+00 0.000000000E+00 3.001784413E+02
4.131290000E-03 9.526700000E+00 0.000000000E+00 3.000999688E+02
4.132910000E-03 9.526600000E+00 0.000000000E+00 2.999823369E+02
4.134530000E-03 9.526400000E+00 0.000000000E+00 2.998647972E+02
4.137640000E-03 9.526100000E+00 0.000000000E+00 2.996394080E+02
4.139980000E-03 9.525800000E+00 0.000000000E+00 2.994700457E+02
4.143490000E-03 9.525500000E+00 0.000000000E+00 2.992163611E+02
4.145240000E-03 9.525300000E+00 0.000000000E+00 2.990900406E+02
4.151100000E-03 9.524700000E+00 0.000000000E+00 2.986678230E+02
4.159870000E-03 9.523800000E+00 0.000000000E+00 2.980381598E+02
4.164540000E-03 9.523300000E+00 0.000000000E+00 2.977039481E+02
4.174540000E-03 9.522300000E+00 0.000000000E+00 2.969908062E+02
4.184870000E-03 9.521200000E+00 0.000000000E+00 2.962577093E+02
4.194750000E-03 9.520200000E+00 0.000000000E+00 2.955599261E+02
4.201050000E-03 9.519500000E+00 0.000000000E+00 2.951166970E+02
4.207350000E-03 9.518900000E+00 0.000000000E+00 2.946747953E+02
4.217410000E-03 9.517800000E+00 0.000000000E+00 2.939718927E+02
4.224570000E-03 9.517100000E+00 0.000000000E+00 2.934736553E+02
4.233280000E-03 9.516200000E+00 0.000000000E+00 2.928698314E+02
4.243300000E-03 9.515100000E+00 0.000000000E+00 2.921782575E+02
4.253330000E-03 9.514100000E+00 0.000000000E+00 2.914892567E+02
4.267700000E-03 9.512600000E+00 0.000000000E+00 2.905077677E+02
4.273380000E-03 9.512000000E+00 0.000000000E+00 2.901216367E+02
4.287820000E-03 9.510500000E+00 0.000000000E+00 2.891446003E+02
4.317600000E-03 9.507500000E+00 0.000000000E+00 2.871502687E+02
4.369730000E-03 9.502100000E+00 0.000000000E+00 2.837246237E+02
4.447910000E-03 9.494000000E+00 0.000000000E+00 2.787376543E+02
4.526100000E-03 9.485900000E+00 0.000000000E+00 2.739223614E+02
4.526120000E-03 9.485900000E+00 0.000000000E+00 2.739211510E+02
4.537260000E-03 9.484700000E+00 0.000000000E+00 2.732486126E+02
4.548400000E-03 9.483600000E+00 0.000000000E+00 2.725793686E+02
4.559540000E-03 9.482400000E+00 0.000000000E+00 2.719133948E+02
4.570680000E-03 9.481300000E+00 0.000000000E+00 2.712506673E+02
4.581820000E-03 9.480100000E+00 0.000000000E+00 2.705911625E+02
4.587930000E-03 9.479500000E+00 0.000000000E+00 2.702308013E+02
4.610520000E-03 9.477100000E+00 0.000000000E+00 2.689067611E+02
4.612340000E-03 9.476900000E+00 0.000000000E+00 2.688006522E+02
4.621810000E-03 9.476000000E+00 0.000000000E+00 2.682498848E+02
4.635050000E-03 9.474400000E+00 0.000000000E+00 2.674836302E+02
4.646400000E-03 9.472600000E+00 0.000000000E+00 2.668302342E+02
4.657750000E-03 9.470900000E+00 0.000000000E+00 2.661800225E+02
4.670940000E-03 9.468900000E+00 0.000000000E+00 2.654283720E+02
4.682080000E-03 9.467200000E+00 0.000000000E+00 2.647968424E+02
4.693220000E-03 9.465500000E+00 0.000000000E+00 2.641683109E+02
4.704360000E-03 9.463800000E+00 0.000000000E+00 2.635427561E+02
4.715500000E-03 9.462100000E+00 0.000000000E+00 2.629201569E+02
4.726640000E-03 9.460400000E+00 0.000000000E+00 2.623004925E+02
4.737780000E-03 9.458700000E+00 0.000000000E+00 2.616837422E+02
4.748920000E-03 9.456900000E+00 0.000000000E+00 2.610698854E+02
4.760100000E-03 9.455200000E+00 0.000000000E+00 2.604567131E+02
4.771280000E-03 9.453500000E+00 0.000000000E+00 2.598464144E+02
4.782630000E-03 9.451800000E+00 0.000000000E+00 2.592297543E+02
4.793990000E-03 9.450100000E+00 0.000000000E+00 2.586154748E+02
4.805340000E-03 9.448300000E+00 0.000000000E+00 2.580046365E+02
4.813850000E-03 9.447000000E+00 0.000000000E+00 2.575485318E+02
4.816690000E-03 9.446600000E+00 0.000000000E+00 2.573966770E+02
4.828040000E-03 9.444800000E+00 0.000000000E+00 2.567915759E+02
4.839400000E-03 9.443100000E+00 0.000000000E+00 2.561887837E+02
4.847970000E-03 9.441800000E+00 0.000000000E+00 2.557359060E+02
4.848690000E-03 9.441700000E+00 0.000000000E+00 2.556979308E+02
4.857850000E-03 9.440300000E+00 0.000000000E+00 2.552157848E+02
4.870640000E-03 9.438300000E+00 0.000000000E+00 2.545456039E+02
4.882620000E-03 9.436500000E+00 0.000000000E+00 2.539210506E+02
4.894610000E-03 9.434700000E+00 0.000000000E+00 2.532990371E+02
4.906600000E-03 9.432800000E+00 0.000000000E+00 2.526800636E+02
4.918590000E-03 9.431000000E+00 0.000000000E+00 2.520641078E+02
4.931820000E-03 9.429000000E+00 0.000000000E+00 2.513879258E+02
4.955580000E-03 9.424000000E+00 0.000000000E+00 2.501826224E+02
4.967450000E-03 9.420600000E+00 0.000000000E+00 2.495847970E+02
4.979330000E-03 9.417300000E+00 0.000000000E+00 2.489893219E+02
4.991200000E-03 9.413900000E+00 0.000000000E+00 2.483971790E+02
5.003080000E-03 9.410500000E+00 0.000000000E+00 2.478073507E+02
5.019130000E-03 9.405900000E+00 0.000000000E+00 2.470149209E+02
5.039010000E-03 9.400300000E+00 0.000000000E+00 2.460403929E+02
5.051360000E-03 9.396800000E+00 0.000000000E+00 2.454388521E+02
5.062460000E-03 9.393600000E+00 0.000000000E+00 2.449007004E+02
5.074440000E-03 9.390200000E+00 0.000000000E+00 2.443225262E+02
5.088380000E-03 9.386200000E+00 0.000000000E+00 2.436531863E+02
5.110400000E-03 9.380000000E+00 0.000000000E+00 2.426033187E+02
5.125410000E-03 9.375700000E+00 0.000000000E+00 2.418928437E+02
5.137750000E-03 9.372200000E+00 0.000000000E+00 2.413118583E+02
5.152740000E-03 9.367900000E+00 0.000000000E+00 2.406098503E+02
5.200640000E-03 9.354300000E+00 0.000000000E+00 2.383937362E+02
5.275490000E-03 9.330000000E+00 8.365660000E-07 2.350113449E+02
5.347250000E-03 9.281800000E+00 5.861060000E-04 2.318574968E+02
5.433690000E-03 9.160200000E+00 5.377130000E-02 2.281690711E+02
5.506480000E-03 9.142100000E+00 2.420910000E-01 2.251529108E+02
5.617670000E-03 9.317400000E+00 3.230490000E-01 2.206964809E+02
5.865810000E-03 9.444100000E+00 2.821050000E-01 2.113604089E+02
6.080330000E-03 9.484700000E+00 2.511030000E-01 2.039034066E+02
6.157440000E-03 9.494000000E+00 2.409830000E-01 2.013499117E+02
6.249890000E-03 9.502300000E+00 2.296100000E-01 1.983714913E+02
6.295930000E-03 9.505600000E+00 2.241930000E-01 1.969208679E+02
6.341960000E-03 9.508900000E+00 2.187770000E-01 1.954916146E+02
6.372650000E-03 9.510500000E+00 2.153610000E-01 1.945501479E+02
6.388000000E-03 9.511200000E+00 2.136680000E-01 1.940826550E+02
6.403350000E-03 9.511900000E+00 2.119750000E-01 1.936174034E+02
6.411020000E-03 9.512200000E+00 2.111280000E-01 1.933857639E+02
6.418690000E-03 9.512600000E+00 2.102820000E-01 1.931546780E+02
6.426360000E-03 9.512900000E+00 2.094350000E-01 1.929241437E+02
6.433080000E-03 9.513200000E+00 2.086950000E-01 1.927226150E+02
6.437870000E-03 9.513500000E+00 2.081650000E-01 1.925792226E+02
6.447260000E-03 9.513900000E+00 2.071300000E-01 1.922987440E+02
6.457050000E-03 9.514200000E+00 2.061240000E-01 1.920071859E+02
6.464730000E-03 9.514400000E+00 2.053360000E-01 1.917790844E+02
6.472400000E-03 9.514600000E+00 2.045480000E-01 1.915518200E+02
6.480070000E-03 9.514800000E+00 2.037600000E-01 1.913250937E+02
6.487750000E-03 9.515000000E+00 2.029720000E-01 1.910986089E+02
6.495420000E-03 9.515300000E+00 2.021840000E-01 1.908729536E+02
6.499770000E-03 9.515400000E+00 2.017370000E-01 1.907452110E+02
6.504130000E-03 9.515500000E+00 2.012900000E-01 1.906173462E+02
6.509620000E-03 9.515700000E+00 2.007250000E-01 1.904565858E+02
6.526110000E-03 9.516100000E+00 1.990320000E-01 1.899753452E+02
6.536150000E-03 9.516400000E+00 1.980010000E-01 1.896835293E+02
6.552160000E-03 9.516900000E+00 1.963570000E-01 1.892200435E+02
6.568170000E-03 9.517200000E+00 1.947590000E-01 1.887588171E+02
6.584170000E-03 9.517500000E+00 1.932320000E-01 1.883001198E+02
6.591750000E-03 9.517600000E+00 1.925100000E-01 1.880835893E+02
6.603110000E-03 9.517700000E+00 1.914260000E-01 1.877600101E+02
6.614480000E-03 9.517900000E+00 1.903430000E-01 1.874372589E+02
6.623340000E-03 9.518000000E+00 1.894970000E-01 1.871865252E+02
6.627770000E-03 9.518000000E+00 1.890750000E-01 1.870614098E+02
6.632200000E-03 9.518100000E+00 1.886520000E-01 1.869364615E+02
6.640210000E-03 9.518200000E+00 1.878890000E-01 1.867109625E+02
6.644210000E-03 9.518300000E+00 1.875070000E-01 1.865985572E+02
6.646210000E-03 9.518300000E+00 1.873160000E-01 1.865424054E+02
6.647710000E-03 9.518300000E+00 1.871730000E-01 1.865003136E+02
6.648210000E-03 9.518300000E+00 1.871250000E-01 1.864862873E+02
6.648710000E-03 9.518300000E+00 1.870780000E-01 1.864722630E+02
6.649670000E-03 9.518300000E+00 1.869870000E-01 1.864453424E+02
6.650340000E-03 9.518300000E+00 1.869220000E-01 1.864265586E+02
6.660750000E-03 9.518500000E+00 1.859300000E-01 1.861351950E+02
6.662490000E-03 9.518500000E+00 1.857640000E-01 1.860865832E+02
6.664220000E-03 9.518500000E+00 1.855990000E-01 1.860382760E+02
6.682310000E-03 9.518800000E+00 1.838730000E-01 1.855346430E+02
6.688230000E-03 9.518800000E+00 1.833450000E-01 1.853704194E+02
6.696240000E-03 9.518800000E+00 1.826300000E-01 1.851486805E+02
6.701910000E-03 9.518800000E+00 1.821240000E-01 1.849920396E+02
6.710410000E-03 9.518800000E+00 1.813650000E-01 1.847577123E+02
6.718920000E-03 9.518800000E+00 1.806060000E-01 1.845237032E+02
6.731590000E-03 9.518800000E+00 1.794740000E-01 1.841763981E+02
6.744270000E-03 9.518800000E+00 1.783430000E-01 1.838301254E+02
6.760270000E-03 9.518900000E+00 1.769140000E-01 1.833950419E+02
6.776280000E-03 9.518800000E+00 1.755410000E-01 1.829617430E+02
6.792290000E-03 9.518700000E+00 1.741980000E-01 1.825304868E+02
6.824310000E-03 9.518500000E+00 1.715100000E-01 1.816740447E+02
6.834110000E-03 9.518500000E+00 1.706880000E-01 1.814135271E+02
6.850570000E-03 9.518400000E+00 1.693060000E-01 1.809776413E+02
6.883480000E-03 9.518000000E+00 1.666230000E-01 1.801123850E+02
6.932850000E-03 9.517400000E+00 1.627170000E-01 1.788297742E+02
7.015140000E-03 9.516100000E+00 1.562800000E-01 1.767320396E+02
7.212390000E-03 9.511000000E+00 1.422570000E-01 1.718986355E+02
7.261710000E-03 9.509500000E+00 1.390370000E-01 1.707311363E+02
7.298690000E-03 9.508300000E+00 1.366220000E-01 1.698660993E+02
7.327010000E-03 9.507400000E+00 1.347730000E-01 1.692095411E+02
7.347240000E-03 9.506600000E+00 1.335370000E-01 1.687436371E+02
7.362840000E-03 9.506000000E+00 1.325850000E-01 1.683861119E+02
7.374540000E-03 9.505600000E+00 1.318700000E-01 1.681189606E+02
7.383320000E-03 9.505300000E+00 1.313340000E-01 1.679190391E+02
7.389900000E-03 9.505000000E+00 1.309320000E-01 1.677695233E+02
7.394840000E-03 9.504800000E+00 1.306310000E-01 1.676574476E+02
7.398540000E-03 9.504700000E+00 1.304050000E-01 1.675736024E+02
7.401320000E-03 9.504600000E+00 1.302350000E-01 1.675106603E+02
7.405490000E-03 9.504400000E+00 1.299810000E-01 1.674163357E+02
7.407570000E-03 9.504400000E+00 1.298540000E-01 1.673693262E+02
7.408610000E-03 9.504300000E+00 1.297900000E-01 1.673458314E+02
7.409130000E-03 9.504300000E+00 1.297580000E-01 1.673340865E+02
7.409520000E-03 9.504300000E+00 1.297350000E-01 1.673252788E+02
7.409790000E-03 9.504300000E+00 1.297180000E-01 1.673191818E+02
7.410630000E-03 9.504300000E+00 1.296670000E-01 1.673002160E+02
7.412460000E-03 9.504200000E+00 1.295550000E-01 1.672589127E+02
7.414390000E-03 9.504100000E+00 1.294370000E-01 1.672153744E+02
7.417760000E-03 9.504000000E+00 1.292310000E-01 1.671394060E+02
7.427890000E-03 9.503600000E+00 1.286480000E-01 1.669114648E+02
7.437010000E-03 9.503200000E+00 1.281260000E-01 1.667067814E+02
7.441570000E-03 9.503000000E+00 1.278640000E-01 1.666046278E+02
7.446130000E-03 9.502900000E+00 1.276030000E-01 1.665025993E+02
7.464360000E-03 9.502100000E+00 1.265570000E-01 1.660959546E+02
7.482600000E-03 9.501400000E+00 1.255110000E-01 1.656910699E+02
7.491720000E-03 9.501000000E+00 1.249890000E-01 1.654893669E+02
7.500840000E-03 9.500700000E+00 1.244660000E-01 1.652881544E+02
7.509960000E-03 9.500300000E+00 1.239430000E-01 1.650874306E+02
7.519080000E-03 9.500000000E+00 1.234200000E-01 1.648871936E+02
7.528200000E-03 9.499600000E+00 1.228970000E-01 1.646874419E+02
7.532760000E-03 9.499400000E+00 1.226470000E-01 1.645877474E+02
7.537320000E-03 9.499200000E+00 1.224010000E-01 1.644881735E+02
7.546440000E-03 9.498800000E+00 1.219090000E-01 1.642893868E+02
7.550990000E-03 9.498600000E+00 1.216630000E-01 1.641903909E+02
7.553270000E-03 9.498500000E+00 1.215400000E-01 1.641408291E+02
7.555550000E-03 9.498400000E+00 1.214170000E-01 1.640912971E+02
7.557830000E-03 9.498300000E+00 1.212940000E-01 1.640417951E+02
7.561820000E-03 9.498200000E+00 1.210790000E-01 1.639552383E+02
7.564630000E-03 9.498000000E+00 1.209270000E-01 1.638943346E+02
7.566920000E-03 9.497900000E+00 1.208040000E-01 1.638447347E+02
7.568640000E-03 9.497900000E+00 1.207110000E-01 1.638075004E+02
7.571210000E-03 9.497800000E+00 1.205720000E-01 1.637518970E+02
7.572500000E-03 9.497700000E+00 1.205020000E-01 1.637240013E+02
7.576070000E-03 9.497600000E+00 1.203100000E-01 1.636468512E+02
7.588040000E-03 9.497000000E+00 1.196640000E-01 1.633887012E+02
7.592030000E-03 9.496900000E+00 1.194490000E-01 1.633028320E+02
7.610270000E-03 9.496100000E+00 1.184650000E-01 1.629114342E+02
7.619390000E-03 9.495700000E+00 1.179730000E-01 1.627164379E+02
7.628510000E-03 9.495300000E+00 1.174810000E-01 1.625219079E+02
7.637620000E-03 9.494900000E+00 1.169890000E-01 1.623280551E+02
7.646740000E-03 9.494500000E+00 1.164970000E-01 1.621344521E+02
7.662990000E-03 9.493800000E+00 1.156210000E-01 1.617906326E+02
7.683220000E-03 9.492900000E+00 1.145590000E-01 1.613646362E+02
7.701460000E-03 9.492100000E+00 1.136300000E-01 1.609824631E+02
7.719700000E-03 9.491200000E+00 1.127010000E-01 1.606020959E+02
7.737930000E-03 9.490400000E+00 1.117720000E-01 1.602237291E+02
7.774410000E-03 9.488600000E+00 1.099860000E-01 1.594719085E+02
7.792120000E-03 9.487800000E+00 1.091400000E-01 1.591094593E+02
7.809830000E-03 9.486900000E+00 1.082930000E-01 1.587486539E+02
7.830450000E-03 9.485900000E+00 1.073070000E-01 1.583306196E+02
7.849350000E-03 9.485000000E+00 1.064040000E-01 1.579493843E+02
7.868250000E-03 9.484100000E+00 1.055000000E-01 1.575699806E+02
7.889170000E-03 9.483100000E+00 1.045000000E-01 1.571521466E+02
7.906050000E-03 9.482300000E+00 1.037520000E-01 1.568166151E+02
7.962760000E-03 9.479400000E+00 1.012370000E-01 1.556997825E+02
7.981660000E-03 9.478400000E+00 1.003980000E-01 1.553310965E+02
8.000560000E-03 9.477400000E+00 9.956000000E-02 1.549641525E+02
8.019460000E-03 9.474900000E+00 9.872170000E-02 1.545989381E+02
8.057260000E-03 9.469800000E+00 9.711350000E-02 1.538736494E+02
8.175360000E-03 9.453800000E+00 9.232750000E-02 1.516508142E+02
8.215610000E-03 9.448400000E+00 9.076380000E-02 1.509078449E+02
8.235730000E-03 9.445600000E+00 8.998190000E-02 1.505391750E+02
8.256010000E-03 9.442900000E+00 8.919400000E-02 1.501693918E+02
8.275980000E-03 9.440100000E+00 8.846460000E-02 1.498070319E+02
8.313750000E-03 9.435000000E+00 8.708460000E-02 1.491264472E+02
8.336340000E-03 9.431900000E+00 8.625940000E-02 1.487223410E+02
8.356470000E-03 9.429100000E+00 8.552430000E-02 1.483640820E+02
8.376590000E-03 9.426400000E+00 8.478930000E-02 1.480077215E+02
8.396710000E-03 9.423600000E+00 8.405420000E-02 1.476530689E+02
8.416840000E-03 9.420800000E+00 8.332510000E-02 1.472999368E+02
8.444670000E-03 9.417000000E+00 8.236570000E-02 1.468144996E+02
8.477200000E-03 9.412400000E+00 8.124460000E-02 1.462511207E+02
8.499140000E-03 9.409400000E+00 8.048860000E-02 1.458735825E+02
8.517450000E-03 9.406800000E+00 7.989710000E-02 1.455599974E+02
8.537570000E-03 9.404000000E+00 7.924710000E-02 1.452169645E+02
8.577820000E-03 9.398400000E+00 7.794690000E-02 1.445355580E+02
8.709220000E-03 9.380000000E+00 7.384150000E-02 1.423548837E+02
8.752100000E-03 9.374000000E+00 7.255810000E-02 1.416574308E+02
8.773530000E-03 9.371000000E+00 7.191650000E-02 1.413114220E+02
8.794970000E-03 9.368000000E+00 7.127480000E-02 1.409669391E+02
8.816410000E-03 9.365000000E+00 7.064800000E-02 1.406241316E+02
8.880720000E-03 9.355900000E+00 6.885250000E-02 1.396057977E+02
8.902150000E-03 9.352800000E+00 6.825400000E-02 1.392697270E+02
8.923590000E-03 9.349800000E+00 6.766380000E-02 1.389351147E+02
8.945030000E-03 9.346700000E+00 6.710320000E-02 1.386021064E+02
8.966460000E-03 9.343700000E+00 6.654260000E-02 1.382708449E+02
9.030770000E-03 9.334600000E+00 6.486070000E-02 1.372861893E+02
9.052530000E-03 9.331500000E+00 6.429170000E-02 1.369561879E+02
9.074340000E-03 9.328400000E+00 6.375720000E-02 1.366270164E+02
9.096400000E-03 9.325300000E+00 6.321650000E-02 1.362956774E+02
9.137960000E-03 9.319400000E+00 6.219820000E-02 1.356757963E+02
9.165630000E-03 9.315400000E+00 6.152000000E-02 1.352662065E+02
9.187970000E-03 9.312300000E+00 6.097250000E-02 1.349373148E+02
9.210310000E-03 9.309100000E+00 6.042510000E-02 1.346100186E+02
9.299670000E-03 9.296400000E+00 5.835100000E-02 1.333165585E+02
9.328320000E-03 9.292300000E+00 5.769380000E-02 1.329071044E+02
9.379020000E-03 9.284300000E+00 5.655700000E-02 1.321886508E+02
9.404210000E-03 9.278800000E+00 5.601480000E-02 1.318345720E+02
9.428390000E-03 9.273200000E+00 5.549570000E-02 1.314964697E+02
9.463360000E-03 9.264600000E+00 5.475530000E-02 1.310105502E+02
9.506320000E-03 9.252800000E+00 5.396920000E-02 1.304185005E+02
9.525420000E-03 9.247000000E+00 5.372200000E-02 1.301569905E+02
9.543080000E-03 9.241100000E+00 5.361620000E-02 1.299161277E+02
9.567110000E-03 9.232400000E+00 5.382150000E-02 1.295898134E+02
9.589850000E-03 9.223200000E+00 5.466460000E-02 1.292825227E+02
9.615690000E-03 9.211600000E+00 5.692880000E-02 1.289351050E+02
9.667840000E-03 9.185900000E+00 6.859910000E-02 1.282396068E+02
9.686190000E-03 9.177100000E+00 7.567150000E-02 1.279966633E+02
9.698990000E-03 9.171400000E+00 8.157770000E-02 1.278277429E+02
9.720040000E-03 9.163500000E+00 9.287020000E-02 1.275509154E+02
9.743050000E-03 9.157900000E+00 1.068880000E-01 1.272496805E+02
9.787610000E-03 9.155300000E+00 1.351410000E-01 1.266703516E+02
9.886320000E-03 9.180100000E+00 1.748700000E-01 1.254056110E+02
9.948450000E-03 9.196100000E+00 1.804480000E-01 1.246224286E+02
9.972760000E-03 9.200400000E+00 1.806340000E-01 1.243186440E+02
9.997060000E-03 9.204100000E+00 1.804670000E-01 1.240164608E+02
1.007000000E-02 9.208000000E+00 1.786280000E-01 1.231181728E+02
1.009430000E-02 9.208400000E+00 1.779700000E-01 1.228217905E+02
1.011860000E-02 9.208900000E+00 1.773120000E-01 1.225268318E+02
1.014290000E-02 9.209400000E+00 1.766540000E-01 1.222332863E+02
1.016720000E-02 9.209900000E+00 1.759960000E-01 1.219411441E+02
1.024010000E-02 9.211300000E+00 1.740710000E-01 1.210730364E+02
1.026440000E-02 9.211800000E+00 1.734370000E-01 1.207864074E+02
1.028890000E-02 9.212300000E+00 1.728010000E-01 1.204987900E+02
1.041370000E-02 9.209400000E+00 1.697340000E-01 1.190547068E+02
1.069110000E-02 9.180000000E+00 1.639110000E-01 1.159656163E+02
1.078930000E-02 9.155200000E+00 1.669260000E-01 1.149101425E+02
1.089360000E-02 9.124900000E+00 1.921150000E-01 1.138099435E+02
1.097340000E-02 9.119700000E+00 2.257730000E-01 1.129823027E+02
1.111420000E-02 9.146500000E+00 2.575760000E-01 1.115509888E+02
1.200000000E-02 9.155400000E+00 2.451830000E-01 1.033166667E+02
1.333780000E-02 9.040100000E+00 2.374040000E-01 9.295386046E+01
1.409520000E-02 8.962200000E+00 2.396260000E-01 8.795902151E+01
1.475270000E-02 8.890100000E+00 2.449460000E-01 8.403885390E+01
1.495830000E-02 8.867100000E+00 2.470320000E-01 8.288375016E+01
1.500000000E-02 8.862500000E+00 2.474600000E-01 8.265333333E+01
1.566750000E-02 8.764300000E+00 2.567570000E-01 7.913196107E+01
1.638330000E-02 8.656000000E+00 2.695570000E-01 7.567461989E+01
1.685190000E-02 8.583800000E+00 2.792790000E-01 7.357033925E+01
1.729910000E-02 8.513900000E+00 2.898330000E-01 7.166846830E+01
1.800850000E-02 8.401500000E+00 3.086900000E-01 6.884526751E+01
1.857630000E-02 8.300900000E+00 3.257900000E-01 6.674095487E+01
1.896800000E-02 8.225200000E+00 3.385420000E-01 6.536271615E+01
1.910780000E-02 8.197600000E+00 3.431670000E-01 6.488449743E+01
1.920090000E-02 8.179300000E+00 3.462550000E-01 6.456988995E+01
1.929410000E-02 8.160800000E+00 3.496030000E-01 6.425798560E+01
1.952690000E-02 8.112600000E+00 3.580280000E-01 6.349190092E+01
1.980640000E-02 8.051300000E+00 3.685330000E-01 6.259592859E+01
2.028670000E-02 7.945600000E+00 3.871440000E-01 6.111393179E+01
2.070000000E-02 7.848400000E+00 4.048350000E-01 5.989371981E+01
2.137960000E-02 7.677300000E+00 4.344810000E-01 5.798985949E+01
2.182840000E-02 7.552900000E+00 4.564160000E-01 5.679756647E+01
2.222730000E-02 7.441000000E+00 4.761480000E-01 5.577825467E+01
2.276240000E-02 7.271100000E+00 5.038210000E-01 5.446701578E+01
2.304260000E-02 7.178500000E+00 5.194510000E-01 5.380469218E+01
2.343760000E-02 7.039700000E+00 5.422020000E-01 5.289790764E+01
2.378200000E-02 6.908400000E+00 5.623630000E-01 5.213186444E+01
2.409900000E-02 6.782600000E+00 5.809220000E-01 5.144611810E+01
2.435600000E-02 6.670100000E+00 5.964800000E-01 5.090326819E+01
2.457380000E-02 6.574800000E+00 6.105540000E-01 5.045210753E+01
2.478790000E-02 6.473800000E+00 6.250740000E-01 5.001633862E+01
2.492000000E-02 6.407300000E+00 6.340290000E-01 4.975120385E+01
2.504060000E-02 6.345500000E+00 6.422070000E-01 4.951159317E+01
2.511180000E-02 6.308000000E+00 6.470350000E-01 4.937121194E+01
2.515600000E-02 6.284400000E+00 6.500330000E-01 4.928446494E+01
2.522150000E-02 6.248700000E+00 6.544730000E-01 4.915647364E+01
2.528180000E-02 6.215100000E+00 6.585620000E-01 4.903922980E+01
2.534210000E-02 6.181200000E+00 6.626500000E-01 4.892254391E+01
2.540370000E-02 6.146600000E+00 6.668270000E-01 4.880391439E+01
2.542570000E-02 6.133700000E+00 6.683180000E-01 4.876168601E+01
2.546560000E-02 6.110300000E+00 6.710250000E-01 4.868528525E+01
2.555080000E-02 6.060100000E+00 6.768050000E-01 4.852294253E+01
2.561340000E-02 6.021300000E+00 6.810490000E-01 4.840435085E+01
2.567600000E-02 5.982000000E+00 6.852920000E-01 4.828633744E+01
2.573860000E-02 5.942700000E+00 6.895360000E-01 4.816889808E+01
2.576990000E-02 5.923000000E+00 6.916570000E-01 4.811039236E+01
2.581680000E-02 5.893600000E+00 6.948400000E-01 4.802299278E+01
2.586380000E-02 5.863500000E+00 6.980230000E-01 4.793572484E+01
2.589500000E-02 5.841600000E+00 7.001440000E-01 4.787796872E+01
2.592630000E-02 5.819800000E+00 7.022660000E-01 4.782016717E+01
2.595760000E-02 5.798000000E+00 7.043880000E-01 4.776250501E+01
2.597330000E-02 5.787000000E+00 7.054490000E-01 4.773363416E+01
2.598110000E-02 5.781600000E+00 7.059790000E-01 4.771930365E+01
2.599670000E-02 5.770700000E+00 7.070400000E-01 4.769066843E+01
2.603100000E-02 5.746800000E+00 7.093620000E-01 4.762782836E+01
2.603610000E-02 5.743200000E+00 7.097110000E-01 4.761849893E+01
2.603710000E-02 5.742500000E+00 7.097760000E-01 4.761667006E+01
2.604070000E-02 5.740000000E+00 7.100210000E-01 4.761008729E+01
2.604610000E-02 5.736200000E+00 7.103880000E-01 4.760021654E+01
2.604880000E-02 5.734400000E+00 7.105720000E-01 4.759528270E+01
2.605540000E-02 5.729700000E+00 7.110210000E-01 4.758322651E+01
2.611410000E-02 5.688600000E+00 7.150020000E-01 4.747626761E+01
2.612970000E-02 5.676700000E+00 7.160630000E-01 4.744792324E+01
2.617670000E-02 5.641100000E+00 7.192480000E-01 4.736273098E+01
2.620010000E-02 5.623300000E+00 7.208400000E-01 4.732043007E+01
2.624120000E-02 5.592200000E+00 7.237030000E-01 4.724631496E+01
2.630280000E-02 5.545500000E+00 7.282170000E-01 4.713566616E+01
2.633360000E-02 5.522100000E+00 7.306070000E-01 4.708053589E+01
2.636440000E-02 5.495700000E+00 7.329960000E-01 4.702553443E+01
2.642700000E-02 5.442100000E+00 7.378510000E-01 4.691414084E+01
2.648990000E-02 5.388200000E+00 7.427330000E-01 4.680274369E+01
2.655290000E-02 5.334200000E+00 7.476220000E-01 4.669169846E+01
2.667730000E-02 5.227600000E+00 7.572710000E-01 4.647396851E+01
2.671230000E-02 5.197700000E+00 7.599800000E-01 4.641307562E+01
2.677740000E-02 5.134300000E+00 7.650310000E-01 4.630023826E+01
2.686810000E-02 5.042400000E+00 7.720700000E-01 4.614394021E+01
2.697270000E-02 4.936300000E+00 7.801840000E-01 4.596499423E+01
2.703780000E-02 4.867300000E+00 7.852340000E-01 4.585432247E+01
2.709680000E-02 4.798700000E+00 7.898150000E-01 4.575448023E+01
2.716800000E-02 4.716100000E+00 7.953360000E-01 4.563457008E+01
2.723770000E-02 4.635200000E+00 8.007430000E-01 4.551779335E+01
2.729820000E-02 4.551600000E+00 8.054380000E-01 4.541691394E+01
2.736820000E-02 4.455100000E+00 8.108630000E-01 4.530075051E+01
2.743550000E-02 4.362000000E+00 8.160890000E-01 4.518962658E+01
2.750290000E-02 4.269000000E+00 8.213150000E-01 4.507888259E+01
2.757030000E-02 4.175300000E+00 8.265410000E-01 4.496868007E+01
2.761110000E-02 4.107700000E+00 8.297050000E-01 4.490223135E+01
2.763760000E-02 4.063300000E+00 8.317660000E-01 4.485917735E+01
2.770500000E-02 3.950700000E+00 8.369920000E-01 4.475004512E+01
2.777230000E-02 3.827700000E+00 8.422180000E-01 4.464160332E+01
2.783970000E-02 3.697500000E+00 8.474440000E-01 4.453352586E+01
2.792230000E-02 3.533100000E+00 8.538590000E-01 4.440178639E+01
2.800480000E-02 3.347400000E+00 8.602890000E-01 4.427098212E+01
2.809550000E-02 3.120800000E+00 8.679720000E-01 4.412806321E+01
2.818710000E-02 2.861800000E+00 8.765560000E-01 4.398465965E+01
2.828670000E-02 2.532400000E+00 8.893260000E-01 4.382978573E+01
2.844380000E-02 1.860300000E+00 9.440870000E-01 4.358770628E+01
2.864060000E-02 6.262000000E-01 1.282990000E+00 4.328819927E+01
2.891740000E-02 -1.361300000E+00 3.376210000E+00 4.287384066E+01
2.899700000E-02 -1.620500000E+00 4.402360000E+00 4.275614719E+01
2.906840000E-02 -1.565900000E+00 5.384740000E+00 4.265112631E+01
2.913740000E-02 -1.397300000E+00 6.315670000E+00 4.255012458E+01
2.920980000E-02 -9.581000000E-01 7.188540000E+00 4.244465898E+01
2.942530000E-02 9.874000000E-01 8.756670000E+00 4.213381002E+01
2.961080000E-02 2.528200000E+00 9.040420000E+00 4.186985829E+01
2.971040000E-02 3.156600000E+00 8.991250000E+00 4.172949540E+01
2.976220000E-02 3.437700000E+00 8.945920000E+00 4.165686676E+01
2.981150000E-02 3.681000000E+00 8.902560000E+00 4.158797779E+01
2.993340000E-02 4.187500000E+00 8.769490000E+00 4.141861599E+01
3.000480000E-02 4.440600000E+00 8.691040000E+00 4.132005546E+01
3.011240000E-02 4.778600000E+00 8.572040000E+00 4.117240738E+01
3.017220000E-02 4.944300000E+00 8.505450000E+00 4.109080544E+01
3.020730000E-02 5.032500000E+00 8.466260000E+00 4.104305913E+01
3.027290000E-02 5.189700000E+00 8.398490000E+00 4.095412068E+01
3.033030000E-02 5.321600000E+00 8.341770000E+00 4.087661513E+01
3.038060000E-02 5.429400000E+00 8.291890000E+00 4.080893728E+01
3.046860000E-02 5.604600000E+00 8.204840000E+00 4.069107212E+01
3.053450000E-02 5.722200000E+00 8.139090000E+00 4.060325206E+01
3.058400000E-02 5.803300000E+00 8.094230000E+00 4.053753597E+01
3.065820000E-02 5.921200000E+00 8.029770000E+00 4.043942567E+01
3.069540000E-02 5.980200000E+00 7.997540000E+00 4.039041681E+01
3.071390000E-02 6.009600000E+00 7.981430000E+00 4.036608832E+01
3.073250000E-02 6.037600000E+00 7.965220000E+00 4.034165785E+01
3.077030000E-02 6.087700000E+00 7.931850000E+00 4.029209985E+01
3.088370000E-02 6.238100000E+00 7.831740000E+00 4.014415371E+01
3.095940000E-02 6.327300000E+00 7.771130000E+00 4.004599572E+01
3.103500000E-02 6.412700000E+00 7.712610000E+00 3.994844530E+01
3.111070000E-02 6.492200000E+00 7.653720000E+00 3.985124089E+01
3.114070000E-02 6.520600000E+00 7.630090000E+00 3.981284942E+01
3.118580000E-02 6.563200000E+00 7.594630000E+00 3.975527323E+01
3.123090000E-02 6.605800000E+00 7.559170000E+00 3.969786333E+01
3.128430000E-02 6.651800000E+00 7.519280000E+00 3.963010200E+01
3.131090000E-02 6.672000000E+00 7.500630000E+00 3.959643447E+01
3.134340000E-02 6.696600000E+00 7.477900000E+00 3.955537689E+01
3.139500000E-02 6.733400000E+00 7.441850000E+00 3.949036471E+01
3.140460000E-02 6.740200000E+00 7.435170000E+00 3.947829299E+01
3.141410000E-02 6.747000000E+00 7.428480000E+00 3.946635428E+01
3.141890000E-02 6.750500000E+00 7.425120000E+00 3.946032484E+01
3.142790000E-02 6.756900000E+00 7.418830000E+00 3.944902459E+01
3.144360000E-02 6.768100000E+00 7.407830000E+00 3.942932743E+01
3.145550000E-02 6.776500000E+00 7.399570000E+00 3.941441083E+01
3.147320000E-02 6.789200000E+00 7.387190000E+00 3.939224483E+01
3.148200000E-02 6.795500000E+00 7.380990000E+00 3.938123372E+01
3.150050000E-02 6.808700000E+00 7.368090000E+00 3.935810543E+01
3.156760000E-02 6.856600000E+00 7.321120000E+00 3.927444595E+01
3.158680000E-02 6.870300000E+00 7.307710000E+00 3.925057302E+01
3.164440000E-02 6.903000000E+00 7.270330000E+00 3.917912806E+01
3.167460000E-02 6.918600000E+00 7.251240000E+00 3.914177290E+01
3.171980000E-02 6.942100000E+00 7.222600000E+00 3.908599676E+01
3.176510000E-02 6.965500000E+00 7.193960000E+00 3.903025648E+01
3.181990000E-02 6.993900000E+00 7.159310000E+00 3.896303885E+01
3.187460000E-02 7.020300000E+00 7.124660000E+00 3.889617438E+01
3.194280000E-02 7.051300000E+00 7.081570000E+00 3.881312847E+01
3.201840000E-02 7.081100000E+00 7.035650000E+00 3.872148515E+01
3.209410000E-02 7.103600000E+00 6.993210000E+00 3.863015321E+01
3.222290000E-02 7.141900000E+00 6.921090000E+00 3.847574241E+01
3.224530000E-02 7.147100000E+00 6.908560000E+00 3.844901427E+01
3.226480000E-02 7.151700000E+00 6.897690000E+00 3.842577670E+01
3.234360000E-02 7.169500000E+00 6.853900000E+00 3.833215845E+01
3.242240000E-02 7.179100000E+00 6.813770000E+00 3.823899526E+01
3.256540000E-02 7.190000000E+00 6.740980000E+00 3.807108158E+01
3.265110000E-02 7.192000000E+00 6.697360000E+00 3.797115564E+01
3.291950000E-02 7.180500000E+00 6.569550000E+00 3.766156837E+01
3.306790000E-02 7.151100000E+00 6.501060000E+00 3.749255320E+01
3.319830000E-02 7.107700000E+00 6.446360000E+00 3.734528575E+01
3.335430000E-02 7.045700000E+00 6.380880000E+00 3.717061968E+01
3.349330000E-02 6.970800000E+00 6.322570000E+00 3.701635850E+01
3.359970000E-02 6.892100000E+00 6.283020000E+00 3.689913898E+01
3.379860000E-02 6.697000000E+00 6.211900000E+00 3.668199275E+01
3.394900000E-02 6.486000000E+00 6.168830000E+00 3.651948511E+01
3.434000000E-02 5.500200000E+00 6.429650000E+00 3.610366919E+01
3.482560000E-02 4.962300000E+00 8.674320000E+00 3.560024809E+01
3.561260000E-02 7.746500000E+00 9.796940000E+00 3.481352106E+01
3.738870000E-02 9.714400000E+00 8.696140000E+00 3.315975148E+01
3.972990000E-02 1.056340000E+01 7.774890000E+00 3.120571660E+01
4.316420000E-02 1.099910000E+01 6.990710000E+00 2.872287683E+01
4.804990000E-02 1.109070000E+01 6.492940000E+00 2.580234298E+01
5.314860000E-02 1.097110000E+01 6.415880000E+00 2.332704907E+01
5.432010000E-02 1.093740000E+01 6.444270000E+00 2.282396387E+01
5.782080000E-02 1.082300000E+01 6.644200000E+00 2.144211080E+01
6.829680000E-02 1.069190000E+01 7.564920000E+00 1.815311991E+01
8.572850000E-02 1.113590000E+01 9.579250000E+00 1.446193506E+01
1.177180000E-01 1.317340000E+01 1.283050000E+01 1.053194923E+01
1.462180000E-01 1.539430000E+01 1.485380000E+01 8.479120218E+00
1.578170000E-01 1.613110000E+01 1.541040000E+01 7.855934405E+00
1.586040000E-01 1.617480000E+01 1.544430000E+01 7.816952914E+00
1.593850000E-01 1.621490000E+01 1.547330000E+01 7.778649183E+00
1.597750000E-01 1.622970000E+01 1.548780000E+01 7.759662025E+00
1.601660000E-01 1.624440000E+01 1.550230000E+01 7.740719004E+00
1.605560000E-01 1.625910000E+01 1.551670000E+01 7.721916341E+00
1.617270000E-01 1.630340000E+01 1.556000000E+01 7.666005058E+00
1.621180000E-01 1.631820000E+01 1.557440000E+01 7.647516007E+00
1.625080000E-01 1.633070000E+01 1.558890000E+01 7.629162872E+00
1.628980000E-01 1.634160000E+01 1.560330000E+01 7.610897617E+00
1.632890000E-01 1.635240000E+01 1.561770000E+01 7.592673113E+00
1.644600000E-01 1.637810000E+01 1.566100000E+01 7.538611212E+00
1.648500000E-01 1.638470000E+01 1.567550000E+01 7.520776463E+00
1.652440000E-01 1.639150000E+01 1.569000000E+01 7.502844279E+00
1.654960000E-01 1.639480000E+01 1.569940000E+01 7.491419732E+00
1.657490000E-01 1.639670000E+01 1.570870000E+01 7.479984796E+00
1.663090000E-01 1.639710000E+01 1.572950000E+01 7.454797997E+00
1.664700000E-01 1.639540000E+01 1.573540000E+01 7.447588154E+00
1.667680000E-01 1.639130000E+01 1.574650000E+01 7.434279958E+00
1.671110000E-01 1.638450000E+01 1.575930000E+01 7.419020890E+00
1.675440000E-01 1.637230000E+01 1.577570000E+01 7.399847204E+00
1.687200000E-01 1.630960000E+01 1.582580000E+01 7.348269322E+00
1.691940000E-01 1.626720000E+01 1.585340000E+01 7.327683015E+00
1.695770000E-01 1.622430000E+01 1.588300000E+01 7.311132996E+00
1.699670000E-01 1.617050000E+01 1.592250000E+01 7.294357140E+00
1.704490000E-01 1.609590000E+01 1.598900000E+01 7.273729972E+00
1.715540000E-01 1.593980000E+01 1.624850000E+01 7.226879000E+00
1.719080000E-01 1.591010000E+01 1.636070000E+01 7.211997115E+00
1.722970000E-01 1.589930000E+01 1.649320000E+01 7.195714377E+00
1.727850000E-01 1.591390000E+01 1.666170000E+01 7.175391382E+00
1.735690000E-01 1.599990000E+01 1.690770000E+01 7.142980601E+00
1.790120000E-01 1.651140000E+01 1.789560000E+01 6.925792684E+00
1.835320000E-01 1.744570000E+01 1.906260000E+01 6.755225247E+00
1.945000000E-01 2.013320000E+01 1.974180000E+01 6.374293059E+00
2.094910000E-01 2.263450000E+01 1.905680000E+01 5.918154002E+00
2.360600000E-01 2.463840000E+01 1.778840000E+01 5.252054562E+00
2.951210000E-01 2.668580000E+01 1.699500000E+01 4.200988747E+00
3.053290000E-01 2.672450000E+01 1.692670000E+01 4.060537977E+00
3.112500000E-01 2.638350000E+01 1.720950000E+01 3.983293173E+00
3.218820000E-01 2.743460000E+01 1.809770000E+01 3.851722060E+00
3.533340000E-01 2.899190000E+01 1.794360000E+01 3.508861304E+00
4.250420000E-01 3.203190000E+01 1.759220000E+01 2.916888213E+00
4.442970000E-01 3.261840000E+01 1.788530000E+01 2.790475740E+00
5.471730000E-01 3.600650000E+01 1.650380000E+01 2.265828175E+00
7.096610000E-01 3.859130000E+01 1.417170000E+01 1.747031329E+00
9.087710000E-01 3.937390000E+01 1.178780000E+01 1.364260083E+00
1.093430000E+00 3.806030000E+01 1.003420000E+01 1.133863165E+00
1.225710000E+00 3.531110000E+01 9.004010000E+00 1.011495378E+00
1.305030000E+00 3.195220000E+01 8.462490000E+00 9.500164747E-01
1.352470000E+00 2.824270000E+01 8.162270000E+00 9.166931614E-01
1.368830000E+00 2.613240000E+01 8.064810000E+00 9.057370163E-01
1.375870000E+00 2.491860000E+01 8.036900000E+00 9.011025751E-01
1.379110000E+00 2.423270000E+01 8.041720000E+00 8.989855777E-01
1.382410000E+00 2.344750000E+01 8.076720000E+00 8.968395773E-01
1.386360000E+00 2.236910000E+01 8.197840000E+00 8.942843129E-01
1.396860000E+00 1.878540000E+01 9.551680000E+00 8.875621036E-01
1.400010000E+00 1.761740000E+01 1.044890000E+01 8.855651031E-01
1.403340000E+00 1.648670000E+01 1.170260000E+01 8.834637365E-01
1.406850000E+00 1.554290000E+01 1.332660000E+01 8.812595515E-01
1.411250000E+00 1.500480000E+01 1.564150000E+01 8.785119575E-01
1.416300000E+00 1.490750000E+01 1.833010000E+01 8.753795100E-01
1.421800000E+00 1.575290000E+01 2.081490000E+01 8.719932480E-01
1.427380000E+00 1.700670000E+01 2.256970000E+01 8.685843994E-01
1.437890000E+00 1.884500000E+01 2.434630000E+01 8.622356369E-01
1.444010000E+00 1.933370000E+01 2.523060000E+01 8.585813118E-01
1.449610000E+00 1.962160000E+01 2.628870000E+01 8.552645194E-01
1.462170000E+00 2.124730000E+01 2.918810000E+01 8.479178208E-01
1.472050000E+00 2.336880000E+01 3.081040000E+01 8.422268265E-01
1.482270000E+00 2.553030000E+01 3.158420000E+01 8.364198156E-01
1.514170000E+00 3.002950000E+01 3.255340000E+01 8.187984176E-01
1.576930000E+00 3.659410000E+01 3.281210000E+01 7.862111825E-01
1.631710000E+00 4.026050000E+01 3.158800000E+01 7.598163889E-01
1.708140000E+00 4.312130000E+01 2.988770000E+01 7.258187268E-01
1.760700000E+00 4.367160000E+01 2.883520000E+01 7.041517578E-01
1.780780000E+00 4.307410000E+01 2.903860000E+01 6.962117724E-01
1.800800000E+00 4.316560000E+01 3.060770000E+01 6.884717903E-01
1.848040000E+00 4.678880000E+01 3.120450000E+01 6.708729248E-01
1.914730000E+00 4.919080000E+01 2.978610000E+01 6.475064369E-01
1.967980000E+00 4.996870000E+01 2.885170000E+01 6.299860771E-01
1.999130000E+00 5.036100000E+01 2.924890000E+01 6.201697739E-01
2.053530000E+00 5.242060000E+01 2.880120000E+01 6.037408755E-01
2.137110000E+00 5.404170000E+01 2.736300000E+01 5.801292400E-01
2.196830000E+00 5.458920000E+01 2.715360000E+01 5.643586440E-01
2.262040000E+00 5.629010000E+01 2.652030000E+01 5.480893353E-01
2.383330000E+00 5.813059000E+01 2.477010000E+01 5.201965317E-01
2.543720000E+00 5.978104000E+01 2.270090000E+01 4.873964116E-01
2.752130000E+00 6.122667000E+01 2.040280000E+01 4.504874406E-01
2.987130000E+00 6.230142000E+01 1.821900000E+01 4.150472192E-01
3.242420000E+00 6.304828000E+01 1.621720000E+01 3.823687246E-01
3.548130000E+00 6.356213000E+01 1.422910000E+01 3.494234991E-01
3.969630000E+00 6.389186000E+01 1.207330000E+01 3.123212995E-01
4.515530000E+00 6.392123000E+01 9.950000000E+00 2.745635618E-01
5.201690000E+00 6.365551000E+01 8.022240000E+00 2.383456146E-01
6.010710000E+00 6.302819000E+01 6.411400000E+00 2.062651500E-01
6.806590000E+00 6.209433000E+01 5.271780000E+00 1.821470075E-01
7.387320000E+00 6.103803000E+01 4.627810000E+00 1.678281163E-01
7.783200000E+00 5.986416000E+01 4.256880000E+00 1.592918080E-01
8.022510000E+00 5.865881000E+01 4.055070000E+00 1.545401626E-01
8.154470000E+00 5.743990000E+01 3.966510000E+00 1.520393110E-01
8.206370000E+00 5.662010000E+01 4.045960000E+00 1.510777603E-01
8.241080000E+00 5.590630000E+01 4.292190000E+00 1.504414470E-01
8.275770000E+00 5.513780000E+01 4.838080000E+00 1.498108333E-01
8.320280000E+00 5.439270000E+01 6.061980000E+00 1.490094083E-01
8.377200000E+00 5.443300000E+01 8.012420000E+00 1.479969441E-01
8.423860000E+00 5.524390000E+01 9.218530000E+00 1.471771848E-01
8.485660000E+00 5.653860000E+01 9.871060000E+00 1.461053118E-01
8.578700000E+00 5.780280000E+01 9.883270000E+00 1.445207316E-01
8.718810000E+00 5.870472000E+01 9.642540000E+00 1.421983046E-01
8.912760000E+00 5.921586000E+01 9.298400000E+00 1.391039364E-01
9.075800000E+00 5.905137000E+01 9.042090000E+00 1.366050376E-01
9.167320000E+00 5.850437000E+01 9.140800000E+00 1.352412701E-01
9.244660000E+00 5.801099000E+01 9.875330000E+00 1.341098537E-01
9.315020000E+00 5.819356000E+01 1.086890000E+01 1.330968694E-01
9.402440000E+00 5.909098000E+01 1.152070000E+01 1.318593897E-01
9.510160000E+00 5.986776000E+01 1.150030000E+01 1.303658403E-01
9.649390000E+00 6.009498000E+01 1.158700000E+01 1.284848058E-01
9.742150000E+00 6.038804000E+01 1.212670000E+01 1.272614361E-01
9.866150000E+00 6.139925000E+01 1.247690000E+01 1.256619857E-01
9.999930000E+00 6.225872000E+01 1.228520000E+01 1.239808679E-01
1.023700000E+01 6.322255000E+01 1.185530000E+01 1.211097001E-01
1.056940000E+01 6.414500000E+01 1.128680000E+01 1.173008875E-01
1.096480000E+01 6.493569000E+01 1.065590000E+01 1.130709178E-01
1.140320000E+01 6.557021000E+01 1.001700000E+01 1.087238670E-01
1.185940000E+01 6.607380000E+01 9.417350000E+00 1.045415451E-01
1.234400000E+01 6.647470000E+01 8.831820000E+00 1.004374595E-01
1.287820000E+01 6.681493000E+01 8.250190000E+00 9.627121803E-02
1.337490000E+01 6.705432800E+01 7.756870000E+00 9.269602016E-02
1.396370000E+01 6.726583600E+01 7.231230000E+00 8.878735579E-02
1.454050000E+01 6.742116300E+01 6.769120000E+00 8.526529349E-02
1.518590000E+01 6.754665800E+01 6.307690000E+00 8.164152273E-02
1.574080000E+01 6.763331500E+01 5.949710000E+00 7.876346818E-02
1.631040000E+01 6.769791700E+01 5.608500000E+00 7.601285070E-02
1.698240000E+01 6.774638200E+01 5.243760000E+00 7.300499340E-02
1.768600000E+01 6.777629200E+01 4.900590000E+00 7.010064458E-02
1.836800000E+01 6.779155000E+01 4.599510000E+00 6.749782230E-02
1.930090000E+01 6.779291300E+01 4.232430000E+00 6.423534654E-02
2.030900000E+01 6.777930700E+01 3.883960000E+00 6.104682653E-02
2.153060000E+01 6.774824800E+01 3.516180000E+00 5.758316071E-02
2.386100000E+01 6.765867700E+01 2.949160000E+00 5.195926407E-02
2.725830000E+01 6.749623400E+01 2.343940000E+00 4.548339405E-02
3.102140000E+01 6.731254100E+01 1.871300000E+00 3.996595898E-02
3.530310000E+01 6.709804200E+01 1.490710000E+00 3.511872895E-02
4.019990000E+01 6.685089000E+01 1.184450000E+00 3.084087274E-02
4.562740000E+01 6.654094000E+01 9.455660000E-01 2.717226929E-02
4.987470000E+01 6.620877000E+01 8.059000000E-01 2.485829489E-02
5.264350000E+01 6.587746000E+01 7.315230000E-01 2.355086573E-02
5.434880000E+01 6.555450000E+01 6.907970000E-01 2.281191121E-02
5.562550000E+01 6.515146000E+01 6.624000000E-01 2.228833898E-02
5.630930000E+01 6.475848000E+01 6.585660000E-01 2.201767736E-02
5.657030000E+01 6.452131000E+01 6.907060000E-01 2.191609378E-02
5.676190000E+01 6.430411000E+01 7.598180000E-01 2.184211593E-02
5.692750000E+01 6.409476000E+01 8.742880000E-01 2.177857802E-02
5.709030000E+01 6.388924000E+01 1.053170000E+00 2.171647373E-02
5.726120000E+01 6.370521000E+01 1.317100000E+00 2.165165941E-02
5.754400000E+01 6.358670000E+01 1.883990000E+00 2.154525233E-02
5.777360000E+01 6.365027000E+01 2.362840000E+00 2.145962862E-02
5.804300000E+01 6.393929000E+01 2.807710000E+00 2.136002619E-02
5.831100000E+01 6.430583000E+01 3.067280000E+00 2.126185454E-02
5.872460000E+01 6.480281000E+01 3.192150000E+00 2.111210634E-02
5.932380000E+01 6.526070000E+01 3.171780000E+00 2.089886353E-02
6.017500000E+01 6.565778000E+01 3.102580000E+00 2.060324055E-02
6.136490000E+01 6.601495000E+01 3.007090000E+00 2.020373210E-02
6.286560000E+01 6.632988000E+01 2.895210000E+00 1.972143748E-02
6.498340000E+01 6.663811000E+01 2.744920000E+00 1.907871857E-02
6.725100000E+01 6.686291000E+01 2.594410000E+00 1.843541360E-02
6.955320000E+01 6.703594000E+01 2.454210000E+00 1.782520430E-02
7.289820000E+01 6.721575900E+01 2.273730000E+00 1.700727864E-02
7.598750000E+01 6.733813100E+01 2.124960000E+00 1.631584142E-02
8.026590000E+01 6.746024600E+01 1.941820000E+00 1.544616082E-02
8.495860000E+01 6.755085500E+01 1.764840000E+00 1.459299000E-02
9.031240000E+01 6.761849100E+01 1.591510000E+00 1.372790447E-02
9.634700000E+01 6.766564300E+01 1.424800000E+00 1.286807062E-02
1.042240000E+02 6.769821500E+01 1.246040000E+00 1.189553270E-02
1.137160000E+02 6.771429200E+01 1.071920000E+00 1.090259946E-02
1.275690000E+02 6.771058700E+01 8.777320000E-01 9.718662057E-03
1.454760000E+02 6.768814000E+01 6.977500000E-01 8.522367951E-03
1.649690000E+02 6.765693200E+01 5.598960000E-01 7.515351369E-03
1.870140000E+02 6.762231100E+01 4.494920000E-01 6.629450202E-03
2.121680000E+02 6.758716600E+01 3.605310000E-01 5.843482523E-03
2.400130000E+02 6.755418800E+01 2.914210000E-01 5.165553533E-03
2.725080000E+02 6.752310900E+01 2.346330000E-01 4.549591205E-03
3.091400000E+02 6.749564100E+01 1.900810000E-01 4.010480688E-03
3.517630000E+02 6.747134600E+01 1.539580000E-01 3.524532142E-03
4.024860000E+02 6.744975800E+01 1.245170000E-01 3.080355590E-03
4.605590000E+02 6.743175400E+01 1.015730000E-01 2.691946092E-03
5.287920000E+02 6.741669600E+01 8.321970000E-02 2.344589177E-03
6.048900000E+02 6.740487600E+01 6.924110000E-02 2.049628858E-03
6.998420000E+02 6.739477800E+01 5.741330000E-02 1.771542720E-03
8.187000000E+02 6.738653000E+01 4.759420000E-02 1.514352021E-03
9.549930000E+02 6.738059100E+01 4.018340000E-02 1.298229411E-03
1.173410000E+03 6.737555000E+01 3.217800000E-02 1.056578689E-03
1.410750000E+03 6.737237200E+01 2.622410000E-02 8.788233209E-04
1.696100000E+03 6.737007400E+01 2.137180000E-02 7.309710512E-04
2.039160000E+03 6.736840300E+01 1.741740000E-02 6.079954491E-04
2.451610000E+03 6.736717800E+01 1.419460000E-02 5.057084936E-04
2.947480000E+03 6.736627300E+01 1.156820000E-02 4.206305047E-04
3.543650000E+03 6.736548800E+01 9.427710000E-03 3.498652519E-04
4.260410000E+03 6.736494400E+01 7.683290000E-03 2.910048563E-04
5.122130000E+03 6.736456800E+01 6.261640000E-03 2.420477419E-04
6.158160000E+03 6.736430800E+01 5.103040000E-03 2.013263702E-04
7.403740000E+03 6.736412800E+01 4.158820000E-03 1.674559074E-04
8.901250000E+03 6.736400400E+01 3.389310000E-03 1.392838085E-04
1.000000000E+04 6.736394600E+01 2.983460000E-03 1.239800000E-04
