# Data retrieved from https://www-nds.iaea.org/epdl97/za1to100.htm 03/01/2021
# Element, Fe  (Z = 26) 
# Atomic weight, g mol-1 = 55.847 
# Nominal density, g cm-3 =  7.87400E+0 
# Relativistic correction estimate f_rel(5CL)*,  e atom-1 =  0 
# Nuclear Thomson correction f_NT*, e atom-1 =  0 
#    E [keV]      f1 [e atom-1]      f2 [e atom-1]    Wavelength [nm] 
1.000000000E-03 4.386300000E+00 0.000000000E+00 1.239800000E+03
1.125000000E-03 4.384800000E+00 0.000000000E+00 1.102044444E+03
1.265630000E-03 4.383100000E+00 0.000000000E+00 9.795911917E+02
1.423830000E-03 4.381100000E+00 0.000000000E+00 8.707500193E+02
1.601810000E-03 4.378900000E+00 0.000000000E+00 7.739994132E+02
1.802030000E-03 4.376500000E+00 0.000000000E+00 6.880018646E+02
2.027290000E-03 4.373300000E+00 0.000000000E+00 6.115553276E+02
2.246670000E-03 4.367700000E+00 0.000000000E+00 5.518389439E+02
2.438640000E-03 4.362800000E+00 0.000000000E+00 5.083981235E+02
2.606610000E-03 4.358500000E+00 0.000000000E+00 4.756369384E+02
2.753580000E-03 4.354700000E+00 0.000000000E+00 4.502502197E+02
2.882180000E-03 4.351400000E+00 0.000000000E+00 4.301605035E+02
2.994710000E-03 4.348500000E+00 0.000000000E+00 4.139966808E+02
3.093170000E-03 4.346000000E+00 0.000000000E+00 4.008185777E+02
3.179320000E-03 4.343800000E+00 0.000000000E+00 3.899576010E+02
3.254710000E-03 4.341800000E+00 0.000000000E+00 3.809248750E+02
3.320670000E-03 4.340100000E+00 0.000000000E+00 3.733583885E+02
3.378380000E-03 4.338700000E+00 0.000000000E+00 3.669806238E+02
3.479380000E-03 4.336100000E+00 0.000000000E+00 3.563278515E+02
3.555140000E-03 4.334100000E+00 0.000000000E+00 3.487345083E+02
3.611950000E-03 4.332700000E+00 0.000000000E+00 3.432494913E+02
3.654560000E-03 4.331600000E+00 0.000000000E+00 3.392474060E+02
3.686520000E-03 4.330800000E+00 0.000000000E+00 3.363063268E+02
3.710490000E-03 4.330100000E+00 0.000000000E+00 3.341337667E+02
3.746440000E-03 4.329200000E+00 0.000000000E+00 3.309274938E+02
3.764410000E-03 4.328800000E+00 0.000000000E+00 3.293477597E+02
3.782390000E-03 4.328300000E+00 0.000000000E+00 3.277821695E+02
3.791700000E-03 4.328100000E+00 0.000000000E+00 3.269773453E+02
3.801010000E-03 4.327800000E+00 0.000000000E+00 3.261764636E+02
3.810320000E-03 4.327600000E+00 0.000000000E+00 3.253794957E+02
3.819630000E-03 4.327300000E+00 0.000000000E+00 3.245864128E+02
3.820680000E-03 4.327300000E+00 0.000000000E+00 3.244972099E+02
3.830080000E-03 4.327100000E+00 0.000000000E+00 3.237008104E+02
3.839490000E-03 4.326800000E+00 0.000000000E+00 3.229074695E+02
3.848890000E-03 4.326600000E+00 0.000000000E+00 3.221188447E+02
3.858300000E-03 4.326300000E+00 0.000000000E+00 3.213332297E+02
3.867700000E-03 4.326100000E+00 0.000000000E+00 3.205522662E+02
3.871970000E-03 4.326000000E+00 0.000000000E+00 3.201987619E+02
3.878390000E-03 4.325800000E+00 0.000000000E+00 3.196687285E+02
3.884800000E-03 4.325700000E+00 0.000000000E+00 3.191412685E+02
3.890360000E-03 4.325500000E+00 0.000000000E+00 3.186851602E+02
3.893130000E-03 4.325400000E+00 0.000000000E+00 3.184584126E+02
3.895910000E-03 4.325400000E+00 0.000000000E+00 3.182311706E+02
3.902960000E-03 4.325200000E+00 0.000000000E+00 3.176563429E+02
3.907670000E-03 4.325100000E+00 0.000000000E+00 3.172734648E+02
3.911190000E-03 4.325000000E+00 0.000000000E+00 3.169879244E+02
3.912960000E-03 4.324900000E+00 0.000000000E+00 3.168445371E+02
3.913840000E-03 4.324900000E+00 0.000000000E+00 3.167732968E+02
3.914280000E-03 4.324900000E+00 0.000000000E+00 3.167376887E+02
3.915010000E-03 4.324900000E+00 0.000000000E+00 3.166786292E+02
3.915300000E-03 4.324900000E+00 0.000000000E+00 3.166551733E+02
3.924120000E-03 4.324700000E+00 0.000000000E+00 3.159434472E+02
3.926480000E-03 4.324600000E+00 0.000000000E+00 3.157535503E+02
3.933530000E-03 4.324400000E+00 0.000000000E+00 3.151876304E+02
3.937640000E-03 4.324300000E+00 0.000000000E+00 3.148586463E+02
3.943800000E-03 4.324100000E+00 0.000000000E+00 3.143668543E+02
3.949970000E-03 4.324000000E+00 0.000000000E+00 3.138758016E+02
3.955850000E-03 4.323800000E+00 0.000000000E+00 3.134092546E+02
3.961740000E-03 4.323700000E+00 0.000000000E+00 3.129433027E+02
3.971140000E-03 4.323400000E+00 0.000000000E+00 3.122025413E+02
3.980550000E-03 4.323200000E+00 0.000000000E+00 3.114644961E+02
3.989950000E-03 4.323000000E+00 0.000000000E+00 3.107307109E+02
4.004060000E-03 4.322500000E+00 0.000000000E+00 3.096357197E+02
4.008760000E-03 4.322200000E+00 0.000000000E+00 3.092726928E+02
4.012910000E-03 4.321900000E+00 0.000000000E+00 3.089528547E+02
4.021170000E-03 4.321500000E+00 0.000000000E+00 3.083182258E+02
4.029370000E-03 4.321000000E+00 0.000000000E+00 3.076907804E+02
4.045650000E-03 4.320000000E+00 0.000000000E+00 3.064526096E+02
4.061660000E-03 4.319100000E+00 0.000000000E+00 3.052446537E+02
4.077430000E-03 4.318100000E+00 0.000000000E+00 3.040640796E+02
4.092950000E-03 4.317200000E+00 0.000000000E+00 3.029111032E+02
4.108230000E-03 4.316300000E+00 0.000000000E+00 3.017844668E+02
4.138310000E-03 4.314500000E+00 0.000000000E+00 2.995908958E+02
4.167450000E-03 4.312800000E+00 0.000000000E+00 2.974960707E+02
4.195680000E-03 4.311200000E+00 0.000000000E+00 2.954944133E+02
4.223030000E-03 4.309500000E+00 0.000000000E+00 2.935806755E+02
4.249520000E-03 4.308000000E+00 0.000000000E+00 2.917505977E+02
4.275190000E-03 4.306500000E+00 0.000000000E+00 2.899988071E+02
4.300050000E-03 4.305000000E+00 0.000000000E+00 2.883222288E+02
4.324140000E-03 4.303600000E+00 0.000000000E+00 2.867159713E+02
4.347470000E-03 4.302200000E+00 0.000000000E+00 2.851773560E+02
4.358770000E-03 4.301500000E+00 0.000000000E+00 2.844380410E+02
4.536780000E-03 4.291000000E+00 0.000000000E+00 2.732775228E+02
4.603530000E-03 4.287100000E+00 0.000000000E+00 2.693150691E+02
4.661940000E-03 4.283600000E+00 0.000000000E+00 2.659407886E+02
4.713050000E-03 4.280600000E+00 0.000000000E+00 2.630568316E+02
4.757770000E-03 4.278000000E+00 0.000000000E+00 2.605842653E+02
4.796890000E-03 4.275600000E+00 0.000000000E+00 2.584591266E+02
4.831130000E-03 4.273600000E+00 0.000000000E+00 2.566273315E+02
4.861090000E-03 4.271900000E+00 0.000000000E+00 2.550456791E+02
4.887300000E-03 4.270300000E+00 0.000000000E+00 2.536778999E+02
4.933180000E-03 4.267600000E+00 0.000000000E+00 2.513186221E+02
4.967580000E-03 4.265600000E+00 0.000000000E+00 2.495782655E+02
4.993390000E-03 4.264000000E+00 0.000000000E+00 2.482882370E+02
5.012740000E-03 4.262900000E+00 0.000000000E+00 2.473298037E+02
5.027250000E-03 4.262000000E+00 0.000000000E+00 2.466159431E+02
5.049030000E-03 4.260800000E+00 0.000000000E+00 2.455521160E+02
5.059910000E-03 4.260100000E+00 0.000000000E+00 2.450241210E+02
5.065360000E-03 4.259800000E+00 0.000000000E+00 2.447604909E+02
5.070800000E-03 4.259500000E+00 0.000000000E+00 2.444979096E+02
5.083280000E-03 4.258700000E+00 0.000000000E+00 2.438976409E+02
5.095760000E-03 4.258000000E+00 0.000000000E+00 2.433003124E+02
5.108240000E-03 4.257300000E+00 0.000000000E+00 2.427059026E+02
5.120720000E-03 4.256500000E+00 0.000000000E+00 2.421143902E+02
5.133200000E-03 4.255800000E+00 0.000000000E+00 2.415257539E+02
5.139440000E-03 4.255400000E+00 0.000000000E+00 2.412325078E+02
5.145690000E-03 4.255000000E+00 0.000000000E+00 2.409395047E+02
5.151930000E-03 4.254700000E+00 0.000000000E+00 2.406476796E+02
5.158170000E-03 4.254300000E+00 0.000000000E+00 2.403565606E+02
5.164410000E-03 4.253900000E+00 0.000000000E+00 2.400661450E+02
5.170650000E-03 4.253600000E+00 0.000000000E+00 2.397764304E+02
5.176890000E-03 4.253200000E+00 0.000000000E+00 2.394874143E+02
5.180010000E-03 4.253000000E+00 0.000000000E+00 2.393431673E+02
5.183130000E-03 4.252800000E+00 0.000000000E+00 2.391990940E+02
5.186250000E-03 4.252600000E+00 0.000000000E+00 2.390551940E+02
5.190930000E-03 4.252400000E+00 0.000000000E+00 2.388396684E+02
5.193270000E-03 4.252200000E+00 0.000000000E+00 2.387320513E+02
5.194440000E-03 4.252200000E+00 0.000000000E+00 2.386782791E+02
5.194730000E-03 4.252100000E+00 0.000000000E+00 2.386649547E+02
5.194840000E-03 4.252100000E+00 0.000000000E+00 2.386599010E+02
5.194940000E-03 4.252100000E+00 0.000000000E+00 2.386553069E+02
5.195110000E-03 4.252100000E+00 0.000000000E+00 2.386474974E+02
5.195360000E-03 4.252100000E+00 0.000000000E+00 2.386360137E+02
5.195480000E-03 4.252100000E+00 0.000000000E+00 2.386305019E+02
5.195810000E-03 4.252100000E+00 0.000000000E+00 2.386153458E+02
5.196570000E-03 4.252000000E+00 0.000000000E+00 2.385804483E+02
5.208090000E-03 4.251400000E+00 0.000000000E+00 2.380527218E+02
5.211210000E-03 4.251200000E+00 0.000000000E+00 2.379101974E+02
5.220570000E-03 4.250600000E+00 0.000000000E+00 2.374836464E+02
5.226810000E-03 4.250300000E+00 0.000000000E+00 2.372001278E+02
5.233050000E-03 4.249900000E+00 0.000000000E+00 2.369172853E+02
5.239290000E-03 4.249500000E+00 0.000000000E+00 2.366351166E+02
5.245530000E-03 4.249100000E+00 0.000000000E+00 2.363536192E+02
5.251780000E-03 4.248800000E+00 0.000000000E+00 2.360723412E+02
5.258020000E-03 4.248400000E+00 0.000000000E+00 2.357921803E+02
5.270500000E-03 4.247700000E+00 0.000000000E+00 2.352338488E+02
5.282980000E-03 4.246900000E+00 0.000000000E+00 2.346781551E+02
5.295460000E-03 4.246200000E+00 0.000000000E+00 2.341250807E+02
5.307940000E-03 4.245500000E+00 0.000000000E+00 2.335746071E+02
5.320420000E-03 4.244700000E+00 0.000000000E+00 2.330267159E+02
5.328330000E-03 4.244300000E+00 0.000000000E+00 2.326807837E+02
5.343900000E-03 4.243300000E+00 0.000000000E+00 2.320028444E+02
5.358980000E-03 4.242400000E+00 0.000000000E+00 2.313499957E+02
5.388210000E-03 4.240700000E+00 0.000000000E+00 2.300949666E+02
5.415610000E-03 4.239100000E+00 0.000000000E+00 2.289308130E+02
5.441290000E-03 4.237600000E+00 0.000000000E+00 2.278503811E+02
5.489450000E-03 4.234700000E+00 0.000000000E+00 2.258514059E+02
5.531590000E-03 4.232300000E+00 0.000000000E+00 2.241308557E+02
5.614400000E-03 4.227400000E+00 0.000000000E+00 2.208250214E+02
5.660650000E-03 4.223300000E+00 0.000000000E+00 2.190207838E+02
5.826580000E-03 4.208600000E+00 0.000000000E+00 2.127834853E+02
5.836540000E-03 4.207700000E+00 0.000000000E+00 2.124203723E+02
5.865270000E-03 4.205200000E+00 0.000000000E+00 2.113798683E+02
5.879640000E-03 4.203900000E+00 0.000000000E+00 2.108632501E+02
5.892180000E-03 4.202800000E+00 0.000000000E+00 2.104144816E+02
5.894000000E-03 4.202700000E+00 0.000000000E+00 2.103495080E+02
5.908370000E-03 4.201400000E+00 0.000000000E+00 2.098379079E+02
5.922740000E-03 4.200100000E+00 0.000000000E+00 2.093287904E+02
5.937100000E-03 4.198900000E+00 0.000000000E+00 2.088224891E+02
5.955650000E-03 4.197200000E+00 0.000000000E+00 2.081720719E+02
5.969990000E-03 4.195900000E+00 0.000000000E+00 2.076720397E+02
5.984330000E-03 4.194700000E+00 0.000000000E+00 2.071744038E+02
5.998670000E-03 4.193400000E+00 0.000000000E+00 2.066791472E+02
6.008930000E-03 4.192500000E+00 0.000000000E+00 2.063262511E+02
6.023300000E-03 4.191200000E+00 0.000000000E+00 2.058340113E+02
6.037660000E-03 4.190000000E+00 0.000000000E+00 2.053444546E+02
6.052160000E-03 4.188700000E+00 0.000000000E+00 2.048524824E+02
6.070380000E-03 4.187100000E+00 0.000000000E+00 2.042376260E+02
6.084720000E-03 4.185800000E+00 0.000000000E+00 2.037562945E+02
6.099060000E-03 4.184500000E+00 0.000000000E+00 2.032772263E+02
6.110180000E-03 4.183600000E+00 0.000000000E+00 2.029072793E+02
6.124680000E-03 4.182300000E+00 0.000000000E+00 2.024269023E+02
6.139190000E-03 4.181000000E+00 0.000000000E+00 2.019484655E+02
6.153230000E-03 4.179800000E+00 0.000000000E+00 2.014876740E+02
6.168200000E-03 4.178400000E+00 0.000000000E+00 2.009986706E+02
6.182240000E-03 4.177200000E+00 0.000000000E+00 2.005421983E+02
6.182700000E-03 4.177200000E+00 0.000000000E+00 2.005272777E+02
6.223310000E-03 4.173600000E+00 0.000000000E+00 1.992187437E+02
6.294370000E-03 4.167300000E+00 0.000000000E+00 1.969696729E+02
6.507550000E-03 4.148500000E+00 0.000000000E+00 1.905171685E+02
6.511610000E-03 4.148100000E+00 0.000000000E+00 1.903983807E+02
6.528770000E-03 4.146600000E+00 0.000000000E+00 1.898979440E+02
6.543660000E-03 4.145300000E+00 0.000000000E+00 1.894658341E+02
6.560910000E-03 4.143700000E+00 0.000000000E+00 1.889676889E+02
6.576980000E-03 4.142300000E+00 0.000000000E+00 1.885059708E+02
6.593050000E-03 4.140900000E+00 0.000000000E+00 1.880465035E+02
6.609120000E-03 4.139500000E+00 0.000000000E+00 1.875892706E+02
6.627710000E-03 4.137800000E+00 0.000000000E+00 1.870631032E+02
6.646300000E-03 4.136200000E+00 0.000000000E+00 1.865398793E+02
6.657330000E-03 4.135200000E+00 0.000000000E+00 1.862308163E+02
6.673400000E-03 4.133800000E+00 0.000000000E+00 1.857823598E+02
6.689470000E-03 4.132400000E+00 0.000000000E+00 1.853360580E+02
6.705540000E-03 4.131000000E+00 0.000000000E+00 1.848918954E+02
6.721610000E-03 4.129600000E+00 0.000000000E+00 1.844498565E+02
6.758880000E-03 4.126300000E+00 0.000000000E+00 1.834327581E+02
6.769820000E-03 4.125300000E+00 0.000000000E+00 1.831363315E+02
6.785890000E-03 4.123900000E+00 0.000000000E+00 1.827026374E+02
6.801960000E-03 4.122500000E+00 0.000000000E+00 1.822709925E+02
6.818030000E-03 4.121000000E+00 0.000000000E+00 1.818413823E+02
6.827910000E-03 4.120200000E+00 0.000000000E+00 1.815782575E+02
6.832150000E-03 4.119800000E+00 0.000000000E+00 1.814655709E+02
6.850170000E-03 4.118200000E+00 0.000000000E+00 1.809882091E+02
6.861180000E-03 4.117200000E+00 0.000000000E+00 1.806977808E+02
6.869730000E-03 4.116500000E+00 0.000000000E+00 1.804728861E+02
6.877980000E-03 4.115700000E+00 0.000000000E+00 1.802564125E+02
6.886520000E-03 4.115000000E+00 0.000000000E+00 1.800328758E+02
6.894790000E-03 4.114300000E+00 0.000000000E+00 1.798169342E+02
6.911590000E-03 4.112800000E+00 0.000000000E+00 1.793798533E+02
6.953660000E-03 4.109100000E+00 0.000000000E+00 1.782945959E+02
6.970440000E-03 4.107600000E+00 0.000000000E+00 1.778653858E+02
6.984160000E-03 4.106400000E+00 0.000000000E+00 1.775159790E+02
6.995620000E-03 4.105300000E+00 0.000000000E+00 1.772251780E+02
7.012430000E-03 4.103900000E+00 0.000000000E+00 1.768003388E+02
7.029230000E-03 4.102400000E+00 0.000000000E+00 1.763777825E+02
7.071300000E-03 4.098700000E+00 0.000000000E+00 1.753284403E+02
7.084230000E-03 4.097500000E+00 0.000000000E+00 1.750084342E+02
7.096450000E-03 4.096400000E+00 0.000000000E+00 1.747070718E+02
7.113260000E-03 4.095000000E+00 0.000000000E+00 1.742942055E+02
7.130060000E-03 4.093500000E+00 0.000000000E+00 1.738835297E+02
7.154720000E-03 4.091300000E+00 0.000000000E+00 1.732842096E+02
7.163670000E-03 4.090500000E+00 0.000000000E+00 1.730677153E+02
7.193550000E-03 4.087900000E+00 0.000000000E+00 1.723488403E+02
7.247890000E-03 4.080900000E+00 4.046790000E-07 1.710566799E+02
7.274160000E-03 4.075100000E+00 3.065340000E-06 1.704389235E+02
7.295710000E-03 4.069800000E+00 1.387380000E-05 1.699354826E+02
7.328060000E-03 4.060600000E+00 1.047920000E-04 1.691852960E+02
7.392400000E-03 4.034800000E+00 2.542800000E-03 1.677127861E+02
7.464310000E-03 3.990800000E+00 2.689560000E-02 1.660970672E+02
7.538480000E-03 3.970600000E+00 9.832500000E-02 1.644628625E+02
7.626780000E-03 4.023400000E+00 1.607090000E-01 1.625587732E+02
7.723500000E-03 4.076000000E+00 1.616980000E-01 1.605230789E+02
8.055040000E-03 4.126100000E+00 1.264800000E-01 1.539160575E+02
8.345440000E-03 4.119900000E+00 1.013800000E-01 1.485601718E+02
8.526460000E-03 4.109400000E+00 8.813050000E-02 1.454061826E+02
8.659640000E-03 4.099800000E+00 7.933530000E-02 1.431699239E+02
8.754040000E-03 4.092100000E+00 7.360770000E-02 1.416260378E+02
8.798560000E-03 4.088300000E+00 7.103670000E-02 1.409094215E+02
8.843090000E-03 4.084500000E+00 6.849420000E-02 1.401998623E+02
8.864850000E-03 4.082500000E+00 6.732320000E-02 1.398557223E+02
8.886620000E-03 4.080500000E+00 6.615220000E-02 1.395131107E+02
8.908390000E-03 4.078600000E+00 6.498120000E-02 1.391721736E+02
8.919270000E-03 4.077600000E+00 6.439570000E-02 1.390024071E+02
8.930150000E-03 4.076600000E+00 6.381020000E-02 1.388330543E+02
8.942740000E-03 4.075500000E+00 6.314850000E-02 1.386375988E+02
8.951920000E-03 4.074600000E+00 6.268600000E-02 1.384954289E+02
8.961610000E-03 4.073700000E+00 6.219790000E-02 1.383456767E+02
8.968880000E-03 4.073000000E+00 6.183180000E-02 1.382335364E+02
8.979780000E-03 4.072000000E+00 6.128270000E-02 1.380657433E+02
8.990690000E-03 4.070900000E+00 6.073350000E-02 1.378982036E+02
9.003840000E-03 4.069700000E+00 6.007120000E-02 1.376968049E+02
9.010410000E-03 4.069100000E+00 5.974010000E-02 1.375964024E+02
9.016990000E-03 4.068400000E+00 5.940890000E-02 1.374959937E+02
9.028090000E-03 4.067400000E+00 5.887420000E-02 1.373269429E+02
9.039180000E-03 4.066300000E+00 5.834540000E-02 1.371584591E+02
9.055280000E-03 4.064700000E+00 5.757850000E-02 1.369145957E+02
9.061380000E-03 4.064100000E+00 5.728780000E-02 1.368224266E+02
9.083570000E-03 4.062000000E+00 5.623010000E-02 1.364881869E+02
9.104280000E-03 4.059900000E+00 5.526720000E-02 1.361777098E+02
9.126050000E-03 4.057800000E+00 5.429300000E-02 1.358528608E+02
9.138100000E-03 4.056600000E+00 5.375360000E-02 1.356737177E+02
9.150150000E-03 4.055400000E+00 5.321420000E-02 1.354950465E+02
9.161250000E-03 4.054300000E+00 5.271750000E-02 1.353308773E+02
9.177900000E-03 4.052600000E+00 5.197250000E-02 1.350853681E+02
9.186220000E-03 4.051800000E+00 5.160000000E-02 1.349630207E+02
9.197220000E-03 4.050700000E+00 5.110780000E-02 1.348016031E+02
9.205640000E-03 4.049800000E+00 5.075300000E-02 1.346783059E+02
9.211190000E-03 4.049300000E+00 5.051930000E-02 1.345971585E+02
9.213960000E-03 4.049000000E+00 5.040250000E-02 1.345566944E+02
9.219510000E-03 4.048400000E+00 5.016870000E-02 1.344756934E+02
9.229220000E-03 4.047400000E+00 4.975980000E-02 1.343342124E+02
9.230430000E-03 4.047300000E+00 4.970860000E-02 1.343166028E+02
9.232960000E-03 4.047000000E+00 4.960240000E-02 1.342797976E+02
9.235940000E-03 4.046700000E+00 4.947660000E-02 1.342364719E+02
9.237440000E-03 4.046600000E+00 4.941370000E-02 1.342146742E+02
9.238930000E-03 4.046400000E+00 4.935080000E-02 1.341930288E+02
9.261120000E-03 4.044100000E+00 4.841600000E-02 1.338714972E+02
9.283320000E-03 4.041900000E+00 4.749960000E-02 1.335513588E+02
9.294420000E-03 4.040700000E+00 4.705620000E-02 1.333918631E+02
9.305510000E-03 4.039500000E+00 4.661280000E-02 1.332328911E+02
9.316610000E-03 4.038400000E+00 4.616940000E-02 1.330741547E+02
9.333260000E-03 4.036700000E+00 4.550420000E-02 1.328367580E+02
9.349900000E-03 4.034900000E+00 4.483940000E-02 1.326003487E+02
9.372100000E-03 4.032600000E+00 4.399860000E-02 1.322862539E+02
9.394290000E-03 4.030200000E+00 4.315790000E-02 1.319737841E+02
9.411890000E-03 4.028400000E+00 4.249110000E-02 1.317269964E+02
9.416480000E-03 4.027900000E+00 4.231710000E-02 1.316627869E+02
9.434180000E-03 4.026000000E+00 4.166560000E-02 1.314157669E+02
9.456470000E-03 4.023600000E+00 4.086580000E-02 1.311060047E+02
9.460870000E-03 4.023100000E+00 4.070780000E-02 1.310450307E+02
9.478760000E-03 4.021200000E+00 4.006610000E-02 1.307976993E+02
9.501080000E-03 4.018800000E+00 3.926520000E-02 1.304904285E+02
9.540450000E-03 4.014600000E+00 3.792990000E-02 1.299519415E+02
9.580000000E-03 4.010300000E+00 3.658850000E-02 1.294154489E+02
9.646660000E-03 4.003000000E+00 3.446180000E-02 1.285211669E+02
9.767870000E-03 3.989600000E+00 3.081270000E-02 1.269263412E+02
1.008730000E-02 3.953700000E+00 2.261880000E-02 1.229070217E+02
1.013150000E-02 3.948100000E+00 2.164450000E-02 1.223708237E+02
1.018140000E-02 3.940700000E+00 2.056730000E-02 1.217710727E+02
1.020630000E-02 3.936700000E+00 2.004580000E-02 1.214739916E+02
1.023130000E-02 3.932400000E+00 1.953720000E-02 1.211771720E+02
1.025620000E-02 3.928100000E+00 1.904450000E-02 1.208829781E+02
1.028120000E-02 3.923800000E+00 1.855180000E-02 1.205890363E+02
1.030950000E-02 3.919000000E+00 1.799100000E-02 1.202580145E+02
1.033100000E-02 3.915300000E+00 1.759140000E-02 1.200077437E+02
1.035610000E-02 3.910900000E+00 1.712560000E-02 1.197168818E+02
1.038140000E-02 3.906600000E+00 1.665970000E-02 1.194251257E+02
1.040680000E-02 3.902200000E+00 1.621020000E-02 1.191336434E+02
1.043220000E-02 3.897800000E+00 1.576320000E-02 1.188435805E+02
1.045750000E-02 3.893400000E+00 1.533500000E-02 1.185560602E+02
1.049490000E-02 3.887000000E+00 1.470500000E-02 1.181335696E+02
1.050830000E-02 3.884600000E+00 1.449160000E-02 1.179829278E+02
1.053050000E-02 3.880800000E+00 1.413740000E-02 1.177342007E+02
1.055550000E-02 3.876500000E+00 1.374060000E-02 1.174553550E+02
1.058040000E-02 3.872200000E+00 1.334910000E-02 1.171789346E+02
1.060970000E-02 3.867100000E+00 1.291060000E-02 1.168553305E+02
1.063030000E-02 3.863500000E+00 1.260350000E-02 1.166288816E+02
1.078730000E-02 3.836400000E+00 1.044160000E-02 1.149314472E+02
1.092410000E-02 3.812700000E+00 8.784610000E-03 1.134921870E+02
1.095290000E-02 3.807700000E+00 8.459910000E-03 1.131937660E+02
1.100730000E-02 3.798300000E+00 7.868950000E-03 1.126343427E+02
1.103420000E-02 3.793600000E+00 7.594200000E-03 1.123597542E+02
1.106110000E-02 3.788900000E+00 7.318500000E-03 1.120865013E+02
1.107490000E-02 3.786600000E+00 7.177700000E-03 1.119468347E+02
1.108840000E-02 3.784200000E+00 7.047670000E-03 1.118105407E+02
1.110840000E-02 3.780700000E+00 6.853740000E-03 1.116092327E+02
1.112850000E-02 3.777300000E+00 6.661720000E-03 1.114076470E+02
1.114930000E-02 3.773700000E+00 6.471980000E-03 1.111998063E+02
1.117280000E-02 3.769600000E+00 6.257090000E-03 1.109659172E+02
1.119730000E-02 3.763500000E+00 6.037290000E-03 1.107231208E+02
1.122450000E-02 3.756600000E+00 5.802420000E-03 1.104548087E+02
1.125170000E-02 3.749800000E+00 5.572480000E-03 1.101877938E+02
1.127890000E-02 3.742900000E+00 5.348960000E-03 1.099220669E+02
1.131890000E-02 3.731700000E+00 5.033630000E-03 1.095336119E+02
1.135330000E-02 3.721300000E+00 4.769940000E-03 1.092017299E+02
1.139180000E-02 3.709600000E+00 4.485650000E-03 1.088326691E+02
1.143860000E-02 3.695500000E+00 4.159730000E-03 1.083873901E+02
1.148330000E-02 3.682000000E+00 3.861940000E-03 1.079654803E+02
1.149250000E-02 3.679200000E+00 3.801340000E-03 1.078790516E+02
1.151010000E-02 3.673900000E+00 3.689240000E-03 1.077140946E+02
1.153440000E-02 3.666500000E+00 3.539200000E-03 1.074871688E+02
1.156160000E-02 3.658300000E+00 3.375070000E-03 1.072342928E+02
1.158940000E-02 3.649900000E+00 3.212760000E-03 1.069770652E+02
1.161610000E-02 3.641800000E+00 3.061410000E-03 1.067311748E+02
1.162300000E-02 3.639800000E+00 3.023770000E-03 1.066678138E+02
1.164760000E-02 3.632300000E+00 2.888570000E-03 1.064425289E+02
1.167500000E-02 3.624000000E+00 2.745730000E-03 1.061927195E+02
1.170350000E-02 3.615400000E+00 2.600940000E-03 1.059341223E+02
1.173210000E-02 3.606800000E+00 2.460920000E-03 1.056758807E+02
1.174620000E-02 3.602500000E+00 2.394570000E-03 1.055490286E+02
1.178450000E-02 3.591000000E+00 2.219420000E-03 1.052059909E+02
1.182270000E-02 3.579400000E+00 2.052150000E-03 1.048660627E+02
1.185130000E-02 3.570800000E+00 1.934080000E-03 1.046129960E+02
1.188010000E-02 3.562100000E+00 1.818720000E-03 1.043593909E+02
1.190930000E-02 3.553300000E+00 1.707010000E-03 1.041035157E+02
1.194590000E-02 3.542300000E+00 1.573400000E-03 1.037845621E+02
1.204250000E-02 3.513200000E+00 1.258110000E-03 1.029520448E+02
1.218000000E-02 3.471800000E+00 8.927680000E-04 1.017898194E+02
1.225140000E-02 3.447700000E+00 7.403480000E-04 1.011965979E+02
1.243140000E-02 3.353100000E+00 1.045090000E-03 9.973132551E+01
1.259240000E-02 3.198200000E+00 2.946050000E-02 9.845621168E+01
1.270520000E-02 3.068700000E+00 1.365640000E-01 9.758209237E+01
1.288250000E-02 3.031100000E+00 4.111480000E-01 9.623908403E+01
1.329820000E-02 3.270500000E+00 6.040330000E-01 9.323066280E+01
1.476240000E-02 3.347500000E+00 7.054550000E-01 8.398363410E+01
1.640590000E-02 3.255800000E+00 8.713210000E-01 7.557037407E+01
1.819700000E-02 3.129000000E+00 1.098130000E+00 6.813210969E+01
2.055000000E-02 2.975100000E+00 1.452380000E+00 6.033090024E+01
2.317400000E-02 2.846600000E+00 1.909780000E+00 5.349961163E+01
2.483130000E-02 2.787800000E+00 2.216060000E+00 4.992892035E+01
2.710800000E-02 2.762400000E+00 2.665630000E+00 4.573557621E+01
2.862160000E-02 2.778100000E+00 2.972610000E+00 4.331693546E+01
2.900000000E-02 2.784100000E+00 3.049390000E+00 4.275172414E+01
3.054920000E-02 2.832800000E+00 3.365220000E+00 4.058371414E+01
3.090300000E-02 2.848100000E+00 3.436700000E+00 4.011908229E+01
3.157600000E-02 2.882700000E+00 3.572220000E+00 3.926399797E+01
3.200000000E-02 2.904600000E+00 3.657590000E+00 3.874375000E+01
3.235940000E-02 2.920600000E+00 3.729870000E+00 3.831344215E+01
3.273410000E-02 2.941600000E+00 3.803900000E+00 3.787487666E+01
3.416110000E-02 3.032800000E+00 4.082150000E+00 3.629274233E+01
3.427680000E-02 3.040200000E+00 4.104690000E+00 3.617023760E+01
3.467370000E-02 3.069900000E+00 4.179820000E+00 3.575620715E+01
3.630780000E-02 3.204300000E+00 4.482700000E+00 3.414693262E+01
3.642310000E-02 3.214900000E+00 4.503220000E+00 3.403883799E+01
3.801890000E-02 3.370800000E+00 4.780280000E+00 3.261009656E+01
3.840230000E-02 3.411000000E+00 4.843720000E+00 3.228452462E+01
3.926820000E-02 3.506000000E+00 4.982930000E+00 3.157262110E+01
4.027170000E-02 3.618300000E+00 5.140860000E+00 3.078588686E+01
4.084100000E-02 3.686600000E+00 5.223250000E+00 3.035674935E+01
4.155450000E-02 3.772300000E+00 5.326510000E+00 2.983551721E+01
4.260040000E-02 3.900900000E+00 5.471380000E+00 2.910301312E+01
4.290220000E-02 3.939500000E+00 5.510170000E+00 2.889828494E+01
4.319450000E-02 3.976800000E+00 5.547750000E+00 2.870272836E+01
4.376090000E-02 4.049200000E+00 5.620560000E+00 2.833122719E+01
4.429190000E-02 4.117600000E+00 5.686570000E+00 2.799157408E+01
4.478970000E-02 4.183000000E+00 5.742290000E+00 2.768047118E+01
4.525640000E-02 4.244300000E+00 5.794530000E+00 2.739502037E+01
4.613150000E-02 4.359200000E+00 5.892470000E+00 2.687534548E+01
4.689720000E-02 4.460300000E+00 5.974150000E+00 2.643654632E+01
4.756710000E-02 4.549900000E+00 6.037190000E+00 2.606423347E+01
4.815330000E-02 4.625700000E+00 6.092350000E+00 2.574693739E+01
4.900000000E-02 4.728400000E+00 6.172020000E+00 2.530204082E+01
4.990050000E-02 4.837400000E+00 6.247080000E+00 2.484544243E+01
5.048960000E-02 4.908500000E+00 6.292430000E+00 2.455555203E+01
5.093140000E-02 4.961900000E+00 6.326450000E+00 2.434254703E+01
5.126280000E-02 5.001900000E+00 6.351960000E+00 2.418517912E+01
5.175980000E-02 5.061900000E+00 6.390220000E+00 2.395295190E+01
5.200830000E-02 5.091800000E+00 6.408520000E+00 2.383850270E+01
5.225690000E-02 5.121500000E+00 6.426030000E+00 2.372509659E+01
5.243080000E-02 5.142300000E+00 6.438290000E+00 2.364640631E+01
5.268890000E-02 5.172500000E+00 6.454130000E+00 2.353057285E+01
5.281790000E-02 5.187600000E+00 6.461780000E+00 2.347310287E+01
5.294700000E-02 5.202600000E+00 6.469420000E+00 2.341586870E+01
5.307600000E-02 5.217600000E+00 6.477060000E+00 2.335895697E+01
5.328590000E-02 5.242000000E+00 6.489490000E+00 2.326694304E+01
5.346320000E-02 5.262600000E+00 6.499990000E+00 2.318978288E+01
5.359220000E-02 5.277700000E+00 6.507640000E+00 2.313396352E+01
5.372130000E-02 5.292700000E+00 6.515280000E+00 2.307836929E+01
5.378370000E-02 5.299900000E+00 6.518970000E+00 2.305159370E+01
5.384600000E-02 5.307200000E+00 6.522670000E+00 2.302492293E+01
5.397940000E-02 5.322700000E+00 6.530570000E+00 2.296802113E+01
5.401990000E-02 5.327400000E+00 6.532960000E+00 2.295080146E+01
5.411110000E-02 5.338000000E+00 6.538370000E+00 2.291211969E+01
5.424370000E-02 5.353400000E+00 6.546220000E+00 2.285611048E+01
5.437620000E-02 5.368900000E+00 6.554070000E+00 2.280041636E+01
5.449560000E-02 5.382800000E+00 6.561140000E+00 2.275046059E+01
5.457210000E-02 5.391700000E+00 6.565670000E+00 2.271856865E+01
5.463640000E-02 5.399100000E+00 6.569480000E+00 2.269183182E+01
5.470070000E-02 5.406600000E+00 6.573290000E+00 2.266515785E+01
5.480350000E-02 5.418600000E+00 6.579380000E+00 2.262264271E+01
5.485490000E-02 5.424600000E+00 6.582420000E+00 2.260144490E+01
5.490630000E-02 5.430500000E+00 6.585460000E+00 2.258028678E+01
5.497260000E-02 5.438200000E+00 6.589390000E+00 2.255305370E+01
5.500570000E-02 5.442100000E+00 6.591320000E+00 2.253948227E+01
5.503890000E-02 5.445900000E+00 6.593080000E+00 2.252588624E+01
5.513830000E-02 5.457200000E+00 6.598350000E+00 2.248527793E+01
5.516310000E-02 5.460100000E+00 6.599670000E+00 2.247516909E+01
5.517140000E-02 5.461000000E+00 6.600110000E+00 2.247178792E+01
5.530390000E-02 5.476100000E+00 6.607120000E+00 2.241794882E+01
5.532050000E-02 5.478000000E+00 6.607990000E+00 2.241122188E+01
5.543650000E-02 5.491200000E+00 6.614110000E+00 2.236432675E+01
5.548120000E-02 5.496300000E+00 6.616470000E+00 2.234630830E+01
5.561540000E-02 5.511700000E+00 6.623550000E+00 2.229238664E+01
5.567010000E-02 5.517900000E+00 6.626430000E+00 2.227048272E+01
5.575210000E-02 5.527200000E+00 6.630750000E+00 2.223772737E+01
5.584400000E-02 5.537700000E+00 6.635600000E+00 2.220113172E+01
5.596660000E-02 5.550400000E+00 6.642070000E+00 2.215249810E+01
5.609910000E-02 5.564100000E+00 6.649060000E+00 2.210017630E+01
5.614730000E-02 5.569000000E+00 6.651590000E+00 2.208120426E+01
5.623170000E-02 5.577700000E+00 6.656050000E+00 2.204806186E+01
5.628020000E-02 5.582800000E+00 6.658610000E+00 2.202906173E+01
5.641320000E-02 5.596500000E+00 6.665620000E+00 2.197712592E+01
5.649680000E-02 5.605100000E+00 6.670020000E+00 2.194460571E+01
5.667910000E-02 5.623800000E+00 6.679640000E+00 2.187402411E+01
5.682270000E-02 5.638000000E+00 6.687210000E+00 2.181874497E+01
5.696180000E-02 5.651600000E+00 6.694550000E+00 2.176546387E+01
5.723130000E-02 5.678100000E+00 6.708760000E+00 2.166297114E+01
5.748400000E-02 5.702300000E+00 6.720180000E+00 2.156774059E+01
5.795770000E-02 5.747300000E+00 6.740370000E+00 2.139146308E+01
5.837220000E-02 5.786600000E+00 6.758030000E+00 2.123956267E+01
5.909760000E-02 5.855200000E+00 6.788430000E+00 2.097885532E+01
5.981800000E-02 5.921800000E+00 6.815280000E+00 2.072620282E+01
6.079600000E-02 5.998500000E+00 6.851650000E+00 2.039278900E+01
6.317250000E-02 6.127800000E+00 6.928020000E+00 1.962562824E+01
6.381010000E-02 6.145900000E+00 6.945910000E+00 1.942952605E+01
6.440650000E-02 6.138600000E+00 6.962010000E+00 1.924960990E+01
6.544560000E-02 6.027500000E+00 7.011830000E+00 1.894397790E+01
6.605520000E-02 5.881900000E+00 7.183600000E+00 1.876915065E+01
6.717340000E-02 6.024700000E+00 7.736230000E+00 1.845671054E+01
8.350730000E-02 8.716500000E+00 7.782650000E+00 1.484660622E+01
9.495110000E-02 9.453400000E+00 7.688530000E+00 1.305724736E+01
9.633070000E-02 9.511200000E+00 7.679550000E+00 1.287024801E+01
9.779250000E-02 9.556200000E+00 7.669850000E+00 1.267786384E+01
9.903710000E-02 9.551500000E+00 7.664910000E+00 1.251854103E+01
1.004550000E-01 9.466300000E+00 7.778430000E+00 1.234184461E+01
1.110070000E-01 1.061750000E+01 8.080630000E+00 1.116866504E+01
1.548820000E-01 1.313050000E+01 7.483800000E+00 8.004803657E+00
2.035870000E-01 1.475580000E+01 6.558130000E+00 6.089779799E+00
2.735040000E-01 1.590150000E+01 5.362400000E+00 4.533023283E+00
3.548130000E-01 1.632558000E+01 4.303340000E+00 3.494234991E+00
4.472460000E-01 1.613449000E+01 3.440750000E+00 2.772076218E+00
5.268590000E-01 1.545900000E+01 2.896480000E+00 2.353191271E+00
5.886750000E-01 1.443910000E+01 2.559360000E+00 2.106085701E+00
6.277150000E-01 1.338720000E+01 2.377710000E+00 1.975100165E+00
6.500000000E-01 1.252370000E+01 2.283160000E+00 1.907384615E+00
6.636290000E-01 1.180810000E+01 2.228100000E+00 1.868212510E+00
6.749240000E-01 1.108680000E+01 2.183940000E+00 1.836947567E+00
6.800870000E-01 1.067630000E+01 2.164000000E+00 1.823002057E+00
6.851720000E-01 1.023590000E+01 2.144690000E+00 1.809472658E+00
6.893710000E-01 9.812600000E+00 2.129050000E+00 1.798451052E+00
6.909440000E-01 9.646400000E+00 2.123230000E+00 1.794356706E+00
6.951030000E-01 9.151700000E+00 2.108080000E+00 1.783620557E+00
6.971200000E-01 8.873500000E+00 2.100910000E+00 1.778459950E+00
6.996870000E-01 8.475700000E+00 2.092500000E+00 1.771935165E+00
6.999320000E-01 8.435500000E+00 2.091790000E+00 1.771314928E+00
7.034530000E-01 7.799200000E+00 2.087610000E+00 1.762448948E+00
7.052500000E-01 7.414300000E+00 2.096390000E+00 1.757958171E+00
7.069920000E-01 6.986400000E+00 2.122560000E+00 1.753626632E+00
7.089010000E-01 6.449600000E+00 2.188790000E+00 1.748904290E+00
7.102100000E-01 6.037700000E+00 2.270850000E+00 1.745680855E+00
7.115360000E-01 5.584200000E+00 2.398140000E+00 1.742427649E+00
7.130330000E-01 5.037200000E+00 2.610120000E+00 1.738769454E+00
7.137420000E-01 4.768600000E+00 2.741050000E+00 1.737042237E+00
7.147250000E-01 4.391500000E+00 2.958820000E+00 1.734653188E+00
7.154470000E-01 4.114300000E+00 3.147020000E+00 1.732902647E+00
7.162780000E-01 3.800300000E+00 3.394690000E+00 1.730892195E+00
7.168120000E-01 3.603200000E+00 3.571650000E+00 1.729602741E+00
7.169700000E-01 3.545100000E+00 3.625950000E+00 1.729221585E+00
7.170300000E-01 3.523200000E+00 3.646320000E+00 1.729076887E+00
7.171340000E-01 3.486100000E+00 3.684130000E+00 1.728826133E+00
7.172900000E-01 3.430300000E+00 3.741010000E+00 1.728450139E+00
7.173680000E-01 3.402300000E+00 3.769470000E+00 1.728262203E+00
7.174530000E-01 3.372100000E+00 3.800240000E+00 1.728057448E+00
7.194030000E-01 2.742600000E+00 4.612670000E+00 1.723373408E+00
7.199470000E-01 2.590600000E+00 4.864810000E+00 1.722071208E+00
7.215510000E-01 2.228000000E+00 5.664160000E+00 1.718243063E+00
7.222400000E-01 2.092200000E+00 6.021570000E+00 1.716603899E+00
7.231310000E-01 1.987700000E+00 6.496020000E+00 1.714488799E+00
7.239460000E-01 1.886200000E+00 6.938790000E+00 1.712558672E+00
7.252520000E-01 1.804400000E+00 7.649650000E+00 1.709474776E+00
7.265580000E-01 1.802300000E+00 8.352930000E+00 1.706401967E+00
7.277600000E-01 1.857300000E+00 8.985440000E+00 1.703583599E+00
7.293160000E-01 2.007900000E+00 9.774880000E+00 1.699948993E+00
7.309500000E-01 2.238700000E+00 1.056600000E+01 1.696148847E+00
7.337000000E-01 2.786900000E+00 1.179330000E+01 1.689791468E+00
7.345000000E-01 2.989900000E+00 1.213440000E+01 1.687950987E+00
7.353250000E-01 3.198200000E+00 1.245580000E+01 1.686057186E+00
7.385000000E-01 4.137700000E+00 1.355200000E+01 1.678808395E+00
7.405000000E-01 4.801000000E+00 1.410510000E+01 1.674274139E+00
7.450940000E-01 6.364200000E+00 1.494710000E+01 1.663951126E+00
7.542890000E-01 8.979100000E+00 1.542020000E+01 1.643667083E+00
7.814770000E-01 1.291410000E+01 1.483270000E+01 1.586483031E+00
8.104390000E-01 1.490350000E+01 1.411640000E+01 1.529788177E+00
8.252930000E-01 1.541070000E+01 1.377420000E+01 1.502254351E+00
8.361670000E-01 1.539030000E+01 1.381830000E+01 1.482718165E+00
8.430220000E-01 1.551500000E+01 1.425200000E+01 1.470661501E+00
8.551550000E-01 1.655540000E+01 1.477230000E+01 1.449795651E+00
8.790910000E-01 1.816056000E+01 1.434860000E+01 1.410320433E+00
9.250360000E-01 1.996587000E+01 1.345530000E+01 1.340272162E+00
9.729080000E-01 2.124819000E+01 1.255680000E+01 1.274323985E+00
1.024000000E+00 2.222289000E+01 1.171450000E+01 1.210742187E+00
1.102100000E+00 2.330129000E+01 1.059960000E+01 1.124943290E+00
1.159990000E+00 2.388066000E+01 9.869500000E+00 1.068802317E+00
1.211870000E+00 2.429722000E+01 9.273630000E+00 1.023047026E+00
1.258930000E+00 2.460229000E+01 8.771850000E+00 9.848045563E-01
1.317340000E+00 2.490155000E+01 8.205250000E+00 9.411389618E-01
1.386360000E+00 2.517310200E+01 7.603900000E+00 8.942843129E-01
1.445050000E+00 2.535221800E+01 7.148430000E+00 8.579633923E-01
1.496860000E+00 2.548374800E+01 6.779690000E+00 8.282671726E-01
1.537680000E+00 2.557175700E+01 6.507180000E+00 8.062795900E-01
1.578190000E+00 2.564583400E+01 6.250240000E+00 7.855834849E-01
1.623710000E+00 2.571089500E+01 5.980130000E+00 7.635599953E-01
1.680310000E+00 2.577890400E+01 5.670780000E+00 7.378400414E-01
1.696120000E+00 2.579480700E+01 5.588640000E+00 7.309624319E-01
1.730900000E+00 2.582680000E+01 5.412270000E+00 7.162747704E-01
1.760140000E+00 2.584852800E+01 5.271340000E+00 7.043757883E-01
1.771500000E+00 2.585614600E+01 5.218360000E+00 6.998588767E-01
1.806650000E+00 2.587813100E+01 5.059050000E+00 6.862424930E-01
1.811480000E+00 2.588084300E+01 5.038130000E+00 6.844127454E-01
1.820700000E+00 2.588579800E+01 4.998500000E+00 6.809468886E-01
1.834160000E+00 2.589206600E+01 4.940820000E+00 6.759497536E-01
1.847480000E+00 2.589828200E+01 4.884140000E+00 6.710762769E-01
1.874520000E+00 2.590942070E+01 4.773980000E+00 6.613959840E-01
1.889720000E+00 2.591502120E+01 4.713060000E+00 6.560760324E-01
1.939000000E+00 2.593203320E+01 4.525070000E+00 6.394017535E-01
1.990520000E+00 2.594435060E+01 4.337810000E+00 6.228523200E-01
1.995240000E+00 2.594504530E+01 4.321530000E+00 6.213788817E-01
2.015590000E+00 2.594777620E+01 4.251640000E+00 6.151052545E-01
2.043930000E+00 2.595022040E+01 4.156140000E+00 6.065765462E-01
2.076560000E+00 2.595076950E+01 4.050360000E+00 5.970451131E-01
2.155100000E+00 2.594548650E+01 3.815430000E+00 5.752865296E-01
2.182450000E+00 2.594283350E+01 3.737970000E+00 5.680771610E-01
2.209790000E+00 2.593850840E+01 3.663260000E+00 5.610487874E-01
2.219670000E+00 2.593728620E+01 3.636990000E+00 5.585514964E-01
2.253670000E+00 2.593245750E+01 3.548790000E+00 5.501249074E-01
2.274440000E+00 2.592951250E+01 3.495240000E+00 5.451012117E-01
2.282950000E+00 2.592805900E+01 3.474040000E+00 5.430692744E-01
2.324320000E+00 2.592060600E+01 3.373190000E+00 5.334033180E-01
2.343230000E+00 2.591608110E+01 3.328130000E+00 5.290987227E-01
2.448860000E+00 2.588764000E+01 3.095810000E+00 5.062763898E-01
2.590820000E+00 2.584702400E+01 2.820620000E+00 4.785357532E-01
2.830160000E+00 2.576486300E+01 2.432910000E+00 4.380671057E-01
3.119340000E+00 2.566072400E+01 2.064450000E+00 3.974558721E-01
3.572150000E+00 2.548371100E+01 1.637460000E+00 3.470738911E-01
4.079050000E+00 2.528998300E+01 1.301680000E+00 3.039433201E-01
4.639330000E+00 2.506668700E+01 1.039240000E+00 2.672368639E-01
5.281820000E+00 2.477847000E+01 8.263230000E-01 2.347296954E-01
5.827430000E+00 2.445981000E+01 6.936680000E-01 2.127524483E-01
6.223080000E+00 2.412866000E+01 6.164940000E-01 1.992261067E-01
6.505840000E+00 2.377142000E+01 5.692590000E-01 1.905672442E-01
6.698560000E+00 2.339175000E+01 5.400300000E-01 1.850845555E-01
6.841790000E+00 2.293108000E+01 5.197190000E-01 1.812098881E-01
6.917100000E+00 2.251402000E+01 5.172750000E-01 1.792369635E-01
6.947730000E+00 2.225827000E+01 5.410850000E-01 1.784467733E-01
6.967420000E+00 2.205364000E+01 5.858290000E-01 1.779424809E-01
6.983640000E+00 2.186142000E+01 6.545390000E-01 1.775291968E-01
7.001320000E+00 2.163448000E+01 7.769120000E-01 1.770808933E-01
7.019620000E+00 2.139670000E+01 9.700800000E-01 1.766192472E-01
7.038420000E+00 2.117689000E+01 1.246690000E+00 1.761474876E-01
7.068060000E+00 2.096101000E+01 1.822030000E+00 1.754088109E-01
7.107090000E+00 2.104249000E+01 2.663160000E+00 1.744455185E-01
7.135150000E+00 2.133615000E+01 3.158990000E+00 1.737594865E-01
7.170900000E+00 2.183336000E+01 3.546690000E+00 1.728932212E-01
7.220000000E+00 2.245140000E+01 3.722050000E+00 1.717174515E-01
7.279210000E+00 2.295144000E+01 3.717370000E+00 1.703206804E-01
7.359570000E+00 2.339457000E+01 3.661230000E+00 1.684609291E-01
7.494650000E+00 2.388216000E+01 3.563150000E+00 1.654246696E-01
7.649300000E+00 2.427259000E+01 3.454960000E+00 1.620801903E-01
7.864410000E+00 2.465640000E+01 3.310010000E+00 1.576469182E-01
8.109000000E+00 2.496883000E+01 3.153430000E+00 1.528918486E-01
8.354070000E+00 2.520437100E+01 3.010360000E+00 1.484067048E-01
8.596190000E+00 2.539400300E+01 2.877360000E+00 1.442266865E-01
8.849080000E+00 2.555197400E+01 2.742740000E+00 1.401049601E-01
9.045310000E+00 2.565276500E+01 2.645440000E+00 1.370655069E-01
9.286910000E+00 2.575618000E+01 2.532690000E+00 1.334997324E-01
9.549930000E+00 2.585063100E+01 2.419190000E+00 1.298229411E-01
9.702830000E+00 2.589662900E+01 2.356390000E+00 1.277771537E-01
9.917990000E+00 2.595588040E+01 2.272270000E+00 1.250051674E-01
1.011010000E+01 2.600066078E+01 2.202300000E+00 1.226298454E-01
1.019880000E+01 2.602148450E+01 2.170170000E+00 1.215633212E-01
1.051240000E+01 2.608293680E+01 2.064250000E+00 1.179369126E-01
1.080130000E+01 2.612894700E+01 1.974150000E+00 1.147824799E-01
1.108550000E+01 2.616892200E+01 1.890670000E+00 1.118397907E-01
1.139350000E+01 2.620583300E+01 1.804650000E+00 1.088164304E-01
1.182110000E+01 2.624641700E+01 1.693200000E+00 1.048802565E-01
1.258500000E+01 2.629472100E+01 1.520260000E+00 9.851410409E-02
1.355810000E+01 2.633070100E+01 1.337210000E+00 9.144349134E-02
1.479850000E+01 2.635272200E+01 1.145920000E+00 8.377876136E-02
1.675710000E+01 2.635138000E+01 9.182100000E-01 7.398654899E-02
1.904390000E+01 2.633074500E+01 7.272170000E-01 6.510221121E-02
2.151730000E+01 2.629907600E+01 5.806540000E-01 5.761875328E-02
2.426610000E+01 2.626288000E+01 4.631830000E-01 5.109185242E-02
2.748960000E+01 2.622413500E+01 3.653350000E-01 4.510069263E-02
3.096260000E+01 2.618788600E+01 2.906750000E-01 4.004185695E-02
3.487400000E+01 2.615412900E+01 2.304530000E-01 3.555084017E-02
3.913600000E+01 2.612390700E+01 1.838160000E-01 3.167927228E-02
4.381680000E+01 2.609716650E+01 1.467070000E-01 2.829508316E-02
4.911020000E+01 2.607318160E+01 1.167890000E-01 2.524526473E-02
5.488350000E+01 2.605239820E+01 9.323190000E-02 2.258966720E-02
6.025950000E+01 2.603697850E+01 7.711720000E-02 2.057434927E-02
6.560840000E+01 2.602452420E+01 6.479190000E-02 1.889697051E-02
7.043450000E+01 2.601504070E+01 5.598380000E-02 1.760216939E-02
7.455380000E+01 2.600812580E+01 4.980770000E-02 1.662960171E-02
7.734200000E+01 2.600391880E+01 4.618870000E-02 1.603010007E-02
7.871170000E+01 2.600199014E+01 4.455130000E-02 1.575115262E-02
8.026300000E+01 2.599990198E+01 4.278390000E-02 1.544671891E-02
8.242760000E+01 2.599716157E+01 4.049580000E-02 1.504107847E-02
8.551280000E+01 2.599351929E+01 3.751520000E-02 1.449841427E-02
9.024440000E+01 2.598850740E+01 3.354470000E-02 1.373824858E-02
9.664210000E+01 2.598269160E+01 2.910530000E-02 1.282877752E-02
1.063100000E+02 2.597550210E+01 2.385910000E-02 1.166212021E-02
1.188270000E+02 2.596834090E+01 1.893060000E-02 1.043365565E-02
1.330800000E+02 2.596222230E+01 1.496100000E-02 9.316200781E-03
1.484840000E+02 2.595726470E+01 1.191490000E-02 8.349721182E-03
1.653390000E+02 2.595313180E+01 9.539210000E-03 7.498533316E-03
1.844120000E+02 2.594962400E+01 7.628800000E-03 6.722989827E-03
2.058480000E+02 2.594669290E+01 6.092330000E-03 6.022890677E-03
2.290100000E+02 2.594432630E+01 4.914120000E-03 5.413737391E-03
2.550910000E+02 2.594234000E+01 3.964910000E-03 4.860226351E-03
2.846740000E+02 2.594067010E+01 3.200690000E-03 4.355157127E-03
3.202930000E+02 2.593920400E+01 2.557190000E-03 3.870830771E-03
3.569580000E+02 2.593810280E+01 2.091980000E-03 3.473237748E-03
3.995240000E+02 2.593716500E+01 1.709050000E-03 3.103192799E-03
4.496260000E+02 2.593636890E+01 1.394110000E-03 2.757402819E-03
5.109620000E+02 2.593568190E+01 1.130150000E-03 2.426403529E-03
5.821030000E+02 2.593512970E+01 9.246640000E-04 2.129863615E-03
6.637910000E+02 2.593470040E+01 7.656610000E-04 1.867756568E-03
7.618600000E+02 2.593435600E+01 6.381650000E-04 1.627333106E-03
8.861350000E+02 2.593407240E+01 5.317040000E-04 1.399109616E-03
1.022000000E+03 2.593387320E+01 4.570220000E-04 1.213111546E-03
1.228710000E+03 2.593368730E+01 3.773600000E-04 1.009025726E-03
1.477240000E+03 2.593355870E+01 3.115840000E-04 8.392678238E-04
1.776030000E+03 2.593346970E+01 2.572730000E-04 6.980737938E-04
2.135260000E+03 2.593340820E+01 2.124290000E-04 5.806318668E-04
2.567150000E+03 2.593336560E+01 1.754010000E-04 4.829480163E-04
3.086390000E+03 2.593333610E+01 1.448270000E-04 4.016990724E-04
3.710660000E+03 2.593331580E+01 1.195830000E-04 3.341184587E-04
4.461190000E+03 2.593330170E+01 9.873900000E-05 2.779079125E-04
5.363530000E+03 2.593329190E+01 8.152820000E-05 2.311537364E-04
6.448380000E+03 2.593328520E+01 6.731730000E-05 1.922653442E-04
7.752660000E+03 2.593328050E+01 5.558350000E-05 1.599193051E-04
9.320750000E+03 2.593327730E+01 4.589500000E-05 1.330150471E-04
1.000000000E+04 2.593327630E+01 4.272810000E-05 1.239800000E-04
