# Data retrieved from https://www-nds.iaea.org/epdl97/za1to100.htm 03/01/2021
# Element, Fr  (Z = 87) 
# Atomic weight, g mol-1 = 223.0 
# Nominal density, g cm-3 =  5.00000E+0 
# Relativistic correction estimate f_rel(5CL)*,  e atom-1 =  0 
# Nuclear Thomson correction f_NT*, e atom-1 =  0 
#    E [keV]      f1 [e atom-1]      f2 [e atom-1]    Wavelength [nm] 
1.000000000E-03 9.994000000E+00 0.000000000E+00 1.239800000E+03
1.041710000E-03 9.992100000E+00 0.000000000E+00 1.190158489E+03
1.078210000E-03 9.990400000E+00 0.000000000E+00 1.149868764E+03
1.110150000E-03 9.989000000E+00 0.000000000E+00 1.116786020E+03
1.138100000E-03 9.987700000E+00 0.000000000E+00 1.089359459E+03
1.162550000E-03 9.986600000E+00 0.000000000E+00 1.066448755E+03
1.183940000E-03 9.985600000E+00 0.000000000E+00 1.047181445E+03
1.202660000E-03 9.984800000E+00 0.000000000E+00 1.030881546E+03
1.235430000E-03 9.983300000E+00 0.000000000E+00 1.003537230E+03
1.260000000E-03 9.982100000E+00 0.000000000E+00 9.839682540E+02
1.278430000E-03 9.981300000E+00 0.000000000E+00 9.697832498E+02
1.292250000E-03 9.980700000E+00 0.000000000E+00 9.594118785E+02
1.302610000E-03 9.980200000E+00 0.000000000E+00 9.517814234E+02
1.310390000E-03 9.979900000E+00 0.000000000E+00 9.461305413E+02
1.316220000E-03 9.979600000E+00 0.000000000E+00 9.419397973E+02
1.320590000E-03 9.979400000E+00 0.000000000E+00 9.388227989E+02
1.327150000E-03 9.979100000E+00 0.000000000E+00 9.341822703E+02
1.330430000E-03 9.978900000E+00 0.000000000E+00 9.318791669E+02
1.332070000E-03 9.978900000E+00 0.000000000E+00 9.307318684E+02
1.333710000E-03 9.978800000E+00 0.000000000E+00 9.295873916E+02
1.337000000E-03 9.978600000E+00 0.000000000E+00 9.272999252E+02
1.340280000E-03 9.978500000E+00 0.000000000E+00 9.250305906E+02
1.343560000E-03 9.978300000E+00 0.000000000E+00 9.227723362E+02
1.346840000E-03 9.978200000E+00 0.000000000E+00 9.205250809E+02
1.350130000E-03 9.978000000E+00 0.000000000E+00 9.182819432E+02
1.353410000E-03 9.977900000E+00 0.000000000E+00 9.160564796E+02
1.355050000E-03 9.977800000E+00 0.000000000E+00 9.149477879E+02
1.356690000E-03 9.977800000E+00 0.000000000E+00 9.138417767E+02
1.358330000E-03 9.977700000E+00 0.000000000E+00 9.127384362E+02
1.359970000E-03 9.977600000E+00 0.000000000E+00 9.116377567E+02
1.362440000E-03 9.977500000E+00 0.000000000E+00 9.099850269E+02
1.363260000E-03 9.977500000E+00 0.000000000E+00 9.094376715E+02
1.365720000E-03 9.977300000E+00 0.000000000E+00 9.077995490E+02
1.366130000E-03 9.977300000E+00 0.000000000E+00 9.075271021E+02
1.366540000E-03 9.977300000E+00 0.000000000E+00 9.072548187E+02
1.366750000E-03 9.977300000E+00 0.000000000E+00 9.071154198E+02
1.367130000E-03 9.977300000E+00 0.000000000E+00 9.068632829E+02
1.367470000E-03 9.977300000E+00 0.000000000E+00 9.066378056E+02
1.367760000E-03 9.977200000E+00 0.000000000E+00 9.064455752E+02
1.369310000E-03 9.977200000E+00 0.000000000E+00 9.054195179E+02
1.369570000E-03 9.977200000E+00 0.000000000E+00 9.052476325E+02
1.370230000E-03 9.977100000E+00 0.000000000E+00 9.048116010E+02
1.370950000E-03 9.977100000E+00 0.000000000E+00 9.043364091E+02
1.373930000E-03 9.977000000E+00 0.000000000E+00 9.023749390E+02
1.376390000E-03 9.976900000E+00 0.000000000E+00 9.007621386E+02
1.378030000E-03 9.976800000E+00 0.000000000E+00 8.996901374E+02
1.379670000E-03 9.976700000E+00 0.000000000E+00 8.986206847E+02
1.381310000E-03 9.976600000E+00 0.000000000E+00 8.975537714E+02
1.382950000E-03 9.976600000E+00 0.000000000E+00 8.964893886E+02
1.386240000E-03 9.976400000E+00 0.000000000E+00 8.943617267E+02
1.389520000E-03 9.976300000E+00 0.000000000E+00 8.922505613E+02
1.392800000E-03 9.976100000E+00 0.000000000E+00 8.901493395E+02
1.397730000E-03 9.975900000E+00 0.000000000E+00 8.870096514E+02
1.399370000E-03 9.975800000E+00 0.000000000E+00 8.859701151E+02
1.400250000E-03 9.975800000E+00 0.000000000E+00 8.854133191E+02
1.402000000E-03 9.975700000E+00 0.000000000E+00 8.843081312E+02
1.403720000E-03 9.975600000E+00 0.000000000E+00 8.832245747E+02
1.407110000E-03 9.975500000E+00 0.000000000E+00 8.810967160E+02
1.410390000E-03 9.975300000E+00 0.000000000E+00 8.790476393E+02
1.413570000E-03 9.975200000E+00 0.000000000E+00 8.770701133E+02
1.416650000E-03 9.975000000E+00 0.000000000E+00 8.751632372E+02
1.419640000E-03 9.974900000E+00 0.000000000E+00 8.733199966E+02
1.422530000E-03 9.974800000E+00 0.000000000E+00 8.715457670E+02
1.425330000E-03 9.974600000E+00 0.000000000E+00 8.698336526E+02
1.426690000E-03 9.974600000E+00 0.000000000E+00 8.690044789E+02
1.428020000E-03 9.974500000E+00 0.000000000E+00 8.681951233E+02
1.429340000E-03 9.974400000E+00 0.000000000E+00 8.673933424E+02
1.431930000E-03 9.974300000E+00 0.000000000E+00 8.658244467E+02
1.436940000E-03 9.974100000E+00 0.000000000E+00 8.628056843E+02
1.455750000E-03 9.973200000E+00 0.000000000E+00 8.516572214E+02
1.462800000E-03 9.972900000E+00 0.000000000E+00 8.475526388E+02
1.475140000E-03 9.972400000E+00 0.000000000E+00 8.404626002E+02
1.484400000E-03 9.971900000E+00 0.000000000E+00 8.352196174E+02
1.491340000E-03 9.971600000E+00 0.000000000E+00 8.313328952E+02
1.496550000E-03 9.971400000E+00 0.000000000E+00 8.284387424E+02
1.500450000E-03 9.971200000E+00 0.000000000E+00 8.262854477E+02
1.506310000E-03 9.970900000E+00 0.000000000E+00 8.230709482E+02
1.509240000E-03 9.970800000E+00 0.000000000E+00 8.214730593E+02
1.510710000E-03 9.970700000E+00 0.000000000E+00 8.206737230E+02
1.512170000E-03 9.970700000E+00 0.000000000E+00 8.198813625E+02
1.514030000E-03 9.970600000E+00 0.000000000E+00 8.188741306E+02
1.519610000E-03 9.970300000E+00 0.000000000E+00 8.158672291E+02
1.523340000E-03 9.970200000E+00 0.000000000E+00 8.138695235E+02
1.527060000E-03 9.970000000E+00 0.000000000E+00 8.118868938E+02
1.530780000E-03 9.969800000E+00 0.000000000E+00 8.099139001E+02
1.532640000E-03 9.969800000E+00 0.000000000E+00 8.089309949E+02
1.534500000E-03 9.969700000E+00 0.000000000E+00 8.079504725E+02
1.536360000E-03 9.969600000E+00 0.000000000E+00 8.069723242E+02
1.538220000E-03 9.969500000E+00 0.000000000E+00 8.059965415E+02
1.540080000E-03 9.969400000E+00 0.000000000E+00 8.050231157E+02
1.541950000E-03 9.969300000E+00 0.000000000E+00 8.040468238E+02
1.544740000E-03 9.969200000E+00 0.000000000E+00 8.025946114E+02
1.545670000E-03 9.969200000E+00 0.000000000E+00 8.021117056E+02
1.546130000E-03 9.969100000E+00 0.000000000E+00 8.018730637E+02
1.547760000E-03 9.969100000E+00 0.000000000E+00 8.010285832E+02
1.548580000E-03 9.969000000E+00 0.000000000E+00 8.006044247E+02
1.548780000E-03 9.969000000E+00 0.000000000E+00 8.005010395E+02
1.548930000E-03 9.969000000E+00 0.000000000E+00 8.004235182E+02
1.549050000E-03 9.969000000E+00 0.000000000E+00 8.003615119E+02
1.549220000E-03 9.969000000E+00 0.000000000E+00 8.002736861E+02
1.549300000E-03 9.969000000E+00 0.000000000E+00 8.002323630E+02
1.549510000E-03 9.969000000E+00 0.000000000E+00 8.001239101E+02
1.553110000E-03 9.968800000E+00 0.000000000E+00 7.982692791E+02
1.554040000E-03 9.968800000E+00 0.000000000E+00 7.977915626E+02
1.556830000E-03 9.968700000E+00 0.000000000E+00 7.963618378E+02
1.558700000E-03 9.968600000E+00 0.000000000E+00 7.954064284E+02
1.560560000E-03 9.968500000E+00 0.000000000E+00 7.944583995E+02
1.562420000E-03 9.968400000E+00 0.000000000E+00 7.935126278E+02
1.564280000E-03 9.968300000E+00 0.000000000E+00 7.925691053E+02
1.566140000E-03 9.968200000E+00 0.000000000E+00 7.916278238E+02
1.568000000E-03 9.968100000E+00 0.000000000E+00 7.906887755E+02
1.571720000E-03 9.968000000E+00 0.000000000E+00 7.888173466E+02
1.575440000E-03 9.967800000E+00 0.000000000E+00 7.869547555E+02
1.579170000E-03 9.967600000E+00 0.000000000E+00 7.850959681E+02
1.582890000E-03 9.967500000E+00 0.000000000E+00 7.832508892E+02
1.586610000E-03 9.967300000E+00 0.000000000E+00 7.814144623E+02
1.588450000E-03 9.967200000E+00 0.000000000E+00 7.805093015E+02
1.592090000E-03 9.967000000E+00 0.000000000E+00 7.787248208E+02
1.595680000E-03 9.966900000E+00 0.000000000E+00 7.769728266E+02
1.602740000E-03 9.966600000E+00 0.000000000E+00 7.735502951E+02
1.609580000E-03 9.966300000E+00 0.000000000E+00 7.702630500E+02
1.616200000E-03 9.966000000E+00 0.000000000E+00 7.671080312E+02
1.629040000E-03 9.965400000E+00 0.000000000E+00 7.610617296E+02
1.641080000E-03 9.964800000E+00 0.000000000E+00 7.554780998E+02
1.652360000E-03 9.964300000E+00 0.000000000E+00 7.503207533E+02
1.673520000E-03 9.963300000E+00 0.000000000E+00 7.408336919E+02
1.692030000E-03 9.962500000E+00 0.000000000E+00 7.327293251E+02
1.724430000E-03 9.961000000E+00 0.000000000E+00 7.189622078E+02
1.748730000E-03 9.959900000E+00 0.000000000E+00 7.089716537E+02
1.785180000E-03 9.958300000E+00 0.000000000E+00 6.944957931E+02
1.821620000E-03 9.956600000E+00 0.000000000E+00 6.806029798E+02
1.826110000E-03 9.956400000E+00 0.000000000E+00 6.789295278E+02
1.830590000E-03 9.956200000E+00 0.000000000E+00 6.772679846E+02
1.835070000E-03 9.956000000E+00 0.000000000E+00 6.756145542E+02
1.839560000E-03 9.955800000E+00 0.000000000E+00 6.739655135E+02
1.844040000E-03 9.955600000E+00 0.000000000E+00 6.723281491E+02
1.848530000E-03 9.955400000E+00 0.000000000E+00 6.706950929E+02
1.853010000E-03 9.955200000E+00 0.000000000E+00 6.690735614E+02
1.857490000E-03 9.955000000E+00 0.000000000E+00 6.674598517E+02
1.861980000E-03 9.954800000E+00 0.000000000E+00 6.658503314E+02
1.866460000E-03 9.954600000E+00 0.000000000E+00 6.642521136E+02
1.870940000E-03 9.954400000E+00 0.000000000E+00 6.626615498E+02
1.875430000E-03 9.954200000E+00 0.000000000E+00 6.610750601E+02
1.879910000E-03 9.954000000E+00 0.000000000E+00 6.594996569E+02
1.888880000E-03 9.953600000E+00 0.000000000E+00 6.563677947E+02
1.893360000E-03 9.953300000E+00 0.000000000E+00 6.548147209E+02
1.897850000E-03 9.953100000E+00 0.000000000E+00 6.532655373E+02
1.902330000E-03 9.952900000E+00 0.000000000E+00 6.517270926E+02
1.906810000E-03 9.952700000E+00 0.000000000E+00 6.501958769E+02
1.910050000E-03 9.952600000E+00 0.000000000E+00 6.490929557E+02
1.911300000E-03 9.952500000E+00 0.000000000E+00 6.486684456E+02
1.919450000E-03 9.952200000E+00 0.000000000E+00 6.459141942E+02
1.924150000E-03 9.951900000E+00 0.000000000E+00 6.443364603E+02
1.928850000E-03 9.951700000E+00 0.000000000E+00 6.427664152E+02
1.933550000E-03 9.951500000E+00 0.000000000E+00 6.412040030E+02
1.938250000E-03 9.951300000E+00 0.000000000E+00 6.396491681E+02
1.942960000E-03 9.951100000E+00 0.000000000E+00 6.380985713E+02
1.947660000E-03 9.950900000E+00 0.000000000E+00 6.365587423E+02
1.952360000E-03 9.950700000E+00 0.000000000E+00 6.350263271E+02
1.957060000E-03 9.950500000E+00 0.000000000E+00 6.335012723E+02
1.961760000E-03 9.950200000E+00 0.000000000E+00 6.319835250E+02
1.966460000E-03 9.950000000E+00 0.000000000E+00 6.304730328E+02
1.971160000E-03 9.949800000E+00 0.000000000E+00 6.289697437E+02
1.980570000E-03 9.949400000E+00 0.000000000E+00 6.259814094E+02
1.985270000E-03 9.949200000E+00 0.000000000E+00 6.244994384E+02
1.989970000E-03 9.949000000E+00 0.000000000E+00 6.230244677E+02
1.994670000E-03 9.948700000E+00 0.000000000E+00 6.215564479E+02
2.000000000E-03 9.948500000E+00 0.000000000E+00 6.199000000E+02
2.004070000E-03 9.948200000E+00 0.000000000E+00 6.186410654E+02
2.076490000E-03 9.942100000E+00 0.000000000E+00 5.970652399E+02
2.148900000E-03 9.936000000E+00 0.000000000E+00 5.769463446E+02
2.154190000E-03 9.935600000E+00 0.000000000E+00 5.755295494E+02
2.159480000E-03 9.935200000E+00 0.000000000E+00 5.741196955E+02
2.164770000E-03 9.934700000E+00 0.000000000E+00 5.727167320E+02
2.170050000E-03 9.934300000E+00 0.000000000E+00 5.713232414E+02
2.175340000E-03 9.933800000E+00 0.000000000E+00 5.699338954E+02
2.180630000E-03 9.933400000E+00 0.000000000E+00 5.685512902E+02
2.185920000E-03 9.932900000E+00 0.000000000E+00 5.671753770E+02
2.191210000E-03 9.932500000E+00 0.000000000E+00 5.658061071E+02
2.196500000E-03 9.932100000E+00 0.000000000E+00 5.644434327E+02
2.201790000E-03 9.931600000E+00 0.000000000E+00 5.630873062E+02
2.207080000E-03 9.931200000E+00 0.000000000E+00 5.617376806E+02
2.212370000E-03 9.930700000E+00 0.000000000E+00 5.603945091E+02
2.217660000E-03 9.930300000E+00 0.000000000E+00 5.590577456E+02
2.228240000E-03 9.929400000E+00 0.000000000E+00 5.564032600E+02
2.233530000E-03 9.929000000E+00 0.000000000E+00 5.550854477E+02
2.238810000E-03 9.928500000E+00 0.000000000E+00 5.537763365E+02
2.244100000E-03 9.928100000E+00 0.000000000E+00 5.524709238E+02
2.249390000E-03 9.927600000E+00 0.000000000E+00 5.511716510E+02
2.254680000E-03 9.927200000E+00 0.000000000E+00 5.498784750E+02
2.405720000E-03 9.914600000E+00 0.000000000E+00 5.153550704E+02
2.481240000E-03 9.908200000E+00 0.000000000E+00 4.996695201E+02
2.519000000E-03 9.905100000E+00 0.000000000E+00 4.921794363E+02
2.537880000E-03 9.903500000E+00 0.000000000E+00 4.885179756E+02
2.556760000E-03 9.901900000E+00 0.000000000E+00 4.849105900E+02
2.563050000E-03 9.901400000E+00 0.000000000E+00 4.837205673E+02
2.569340000E-03 9.900900000E+00 0.000000000E+00 4.825363712E+02
2.575640000E-03 9.900400000E+00 0.000000000E+00 4.813560901E+02
2.581930000E-03 9.899800000E+00 0.000000000E+00 4.801834287E+02
2.588220000E-03 9.899300000E+00 0.000000000E+00 4.790164669E+02
2.594520000E-03 9.898800000E+00 0.000000000E+00 4.778533216E+02
2.600810000E-03 9.898200000E+00 0.000000000E+00 4.766976442E+02
2.607100000E-03 9.897700000E+00 0.000000000E+00 4.755475432E+02
2.613400000E-03 9.897200000E+00 0.000000000E+00 4.744011632E+02
2.616540000E-03 9.896900000E+00 0.000000000E+00 4.738318543E+02
2.619690000E-03 9.896700000E+00 0.000000000E+00 4.732621035E+02
2.620720000E-03 9.896600000E+00 0.000000000E+00 4.730761012E+02
2.623950000E-03 9.896300000E+00 0.000000000E+00 4.724937594E+02
2.627170000E-03 9.896000000E+00 0.000000000E+00 4.719146458E+02
2.630400000E-03 9.895800000E+00 0.000000000E+00 4.713351582E+02
2.633630000E-03 9.895500000E+00 0.000000000E+00 4.707570919E+02
2.638460000E-03 9.895100000E+00 0.000000000E+00 4.698953177E+02
2.640080000E-03 9.895000000E+00 0.000000000E+00 4.696069816E+02
2.646530000E-03 9.894400000E+00 0.000000000E+00 4.684624773E+02
2.646930000E-03 9.894400000E+00 0.000000000E+00 4.683916840E+02
2.647690000E-03 9.894300000E+00 0.000000000E+00 4.682572356E+02
2.648350000E-03 9.894300000E+00 0.000000000E+00 4.681405403E+02
2.652980000E-03 9.893900000E+00 0.000000000E+00 4.673235381E+02
2.653780000E-03 9.893800000E+00 0.000000000E+00 4.671826602E+02
2.654800000E-03 9.893700000E+00 0.000000000E+00 4.670031641E+02
2.655850000E-03 9.893600000E+00 0.000000000E+00 4.668185327E+02
2.657750000E-03 9.893500000E+00 0.000000000E+00 4.664848086E+02
2.659730000E-03 9.893300000E+00 0.000000000E+00 4.661375403E+02
2.660500000E-03 9.893300000E+00 0.000000000E+00 4.660026311E+02
2.661240000E-03 9.893200000E+00 0.000000000E+00 4.658730517E+02
2.661940000E-03 9.893100000E+00 0.000000000E+00 4.657505428E+02
2.662590000E-03 9.893100000E+00 0.000000000E+00 4.656368423E+02
2.663800000E-03 9.893000000E+00 0.000000000E+00 4.654253322E+02
2.664870000E-03 9.892900000E+00 0.000000000E+00 4.652384544E+02
2.665800000E-03 9.892800000E+00 0.000000000E+00 4.650761497E+02
2.667430000E-03 9.892700000E+00 0.000000000E+00 4.647919533E+02
2.668660000E-03 9.892600000E+00 0.000000000E+00 4.645777281E+02
2.670490000E-03 9.892400000E+00 0.000000000E+00 4.642593681E+02
2.671410000E-03 9.892300000E+00 0.000000000E+00 4.640994830E+02
2.677240000E-03 9.891900000E+00 0.000000000E+00 4.630888527E+02
2.678880000E-03 9.891700000E+00 0.000000000E+00 4.628053515E+02
2.685460000E-03 9.891200000E+00 0.000000000E+00 4.616713710E+02
2.692040000E-03 9.890600000E+00 0.000000000E+00 4.605429340E+02
2.698610000E-03 9.890100000E+00 0.000000000E+00 4.594217023E+02
2.703650000E-03 9.889600000E+00 0.000000000E+00 4.585652729E+02
2.708680000E-03 9.889200000E+00 0.000000000E+00 4.577137203E+02
2.713080000E-03 9.888900000E+00 0.000000000E+00 4.569714126E+02
2.717480000E-03 9.888500000E+00 0.000000000E+00 4.562315086E+02
2.723930000E-03 9.887900000E+00 0.000000000E+00 4.551511970E+02
2.730380000E-03 9.887400000E+00 0.000000000E+00 4.540759894E+02
2.736830000E-03 9.886900000E+00 0.000000000E+00 4.530058498E+02
2.744660000E-03 9.886200000E+00 0.000000000E+00 4.517135091E+02
2.749740000E-03 9.885800000E+00 0.000000000E+00 4.508789922E+02
2.757810000E-03 9.885100000E+00 0.000000000E+00 4.495596143E+02
2.768680000E-03 9.884200000E+00 0.000000000E+00 4.477946169E+02
2.782020000E-03 9.883100000E+00 0.000000000E+00 4.456474073E+02
2.803860000E-03 9.881300000E+00 0.000000000E+00 4.421761429E+02
2.808690000E-03 9.880900000E+00 0.000000000E+00 4.414157490E+02
2.815350000E-03 9.880300000E+00 0.000000000E+00 4.403715346E+02
2.822020000E-03 9.879700000E+00 0.000000000E+00 4.393306922E+02
2.828690000E-03 9.879100000E+00 0.000000000E+00 4.382947584E+02
2.835350000E-03 9.878400000E+00 0.000000000E+00 4.372652406E+02
2.842020000E-03 9.877800000E+00 0.000000000E+00 4.362390131E+02
3.026200000E-03 9.858500000E+00 0.000000000E+00 4.096887185E+02
3.033650000E-03 9.857600000E+00 0.000000000E+00 4.086826101E+02
3.041100000E-03 9.856700000E+00 0.000000000E+00 4.076814311E+02
3.048550000E-03 9.855700000E+00 0.000000000E+00 4.066851454E+02
3.056220000E-03 9.854800000E+00 0.000000000E+00 4.056645137E+02
3.063750000E-03 9.853900000E+00 0.000000000E+00 4.046674827E+02
3.071270000E-03 9.852900000E+00 0.000000000E+00 4.036766549E+02
3.078790000E-03 9.852000000E+00 0.000000000E+00 4.026906674E+02
3.086310000E-03 9.851000000E+00 0.000000000E+00 4.017094848E+02
3.095400000E-03 9.849900000E+00 0.000000000E+00 4.005298184E+02
3.103710000E-03 9.848900000E+00 0.000000000E+00 3.994574235E+02
3.112020000E-03 9.847800000E+00 0.000000000E+00 3.983907558E+02
3.118090000E-03 9.847100000E+00 0.000000000E+00 3.976152067E+02
3.123930000E-03 9.846300000E+00 0.000000000E+00 3.968718889E+02
3.131450000E-03 9.845400000E+00 0.000000000E+00 3.959188235E+02
3.138970000E-03 9.844500000E+00 0.000000000E+00 3.949703247E+02
3.148340000E-03 9.843300000E+00 0.000000000E+00 3.937948252E+02
3.158700000E-03 9.842000000E+00 0.000000000E+00 3.925032450E+02
3.169060000E-03 9.840700000E+00 0.000000000E+00 3.912201094E+02
3.176590000E-03 9.839800000E+00 0.000000000E+00 3.902927353E+02
3.184110000E-03 9.838800000E+00 0.000000000E+00 3.893709702E+02
3.191630000E-03 9.837900000E+00 0.000000000E+00 3.884535488E+02
3.203270000E-03 9.836400000E+00 0.000000000E+00 3.870419915E+02
3.206680000E-03 9.836000000E+00 0.000000000E+00 3.866304090E+02
3.208840000E-03 9.835700000E+00 0.000000000E+00 3.863701525E+02
3.210870000E-03 9.835500000E+00 0.000000000E+00 3.861258787E+02
3.218480000E-03 9.834500000E+00 0.000000000E+00 3.852128955E+02
3.223970000E-03 9.833800000E+00 0.000000000E+00 3.845569283E+02
3.226080000E-03 9.833600000E+00 0.000000000E+00 3.843054109E+02
3.236000000E-03 9.832300000E+00 0.000000000E+00 3.831273177E+02
3.241290000E-03 9.831300000E+00 0.000000000E+00 3.825020285E+02
3.257520000E-03 9.828300000E+00 0.000000000E+00 3.805962818E+02
3.265540000E-03 9.826800000E+00 0.000000000E+00 3.796615567E+02
3.273560000E-03 9.825300000E+00 0.000000000E+00 3.787314117E+02
3.273950000E-03 9.825200000E+00 0.000000000E+00 3.786862964E+02
3.282000000E-03 9.823700000E+00 0.000000000E+00 3.777574650E+02
3.290060000E-03 9.822100000E+00 0.000000000E+00 3.768320335E+02
3.298120000E-03 9.820600000E+00 0.000000000E+00 3.759111251E+02
3.306180000E-03 9.819100000E+00 0.000000000E+00 3.749947069E+02
3.314240000E-03 9.817600000E+00 0.000000000E+00 3.740827460E+02
3.330350000E-03 9.814500000E+00 0.000000000E+00 3.722731845E+02
3.338410000E-03 9.813000000E+00 0.000000000E+00 3.713743968E+02
3.346470000E-03 9.811500000E+00 0.000000000E+00 3.704799386E+02
3.354530000E-03 9.810000000E+00 0.000000000E+00 3.695897786E+02
3.362590000E-03 9.808500000E+00 0.000000000E+00 3.687038860E+02
3.370650000E-03 9.806900000E+00 0.000000000E+00 3.678222301E+02
3.382240000E-03 9.804800000E+00 0.000000000E+00 3.665618052E+02
3.393830000E-03 9.802600000E+00 0.000000000E+00 3.653099890E+02
3.398610000E-03 9.801700000E+00 0.000000000E+00 3.647961961E+02
3.402880000E-03 9.800900000E+00 0.000000000E+00 3.643384427E+02
3.410940000E-03 9.799300000E+00 0.000000000E+00 3.634775165E+02
3.415340000E-03 9.798500000E+00 0.000000000E+00 3.630092465E+02
3.419000000E-03 9.797800000E+00 0.000000000E+00 3.626206493E+02
3.423700000E-03 9.796900000E+00 0.000000000E+00 3.621228495E+02
3.432070000E-03 9.795400000E+00 0.000000000E+00 3.612397183E+02
3.435110000E-03 9.794800000E+00 0.000000000E+00 3.609200288E+02
3.440430000E-03 9.793800000E+00 0.000000000E+00 3.603619315E+02
3.457160000E-03 9.790600000E+00 0.000000000E+00 3.586180564E+02
3.465530000E-03 9.789000000E+00 0.000000000E+00 3.577519167E+02
3.473890000E-03 9.787500000E+00 0.000000000E+00 3.568909781E+02
3.482260000E-03 9.785900000E+00 0.000000000E+00 3.560331509E+02
3.490630000E-03 9.784300000E+00 0.000000000E+00 3.551794375E+02
3.498990000E-03 9.782700000E+00 0.000000000E+00 3.543308212E+02
3.515720000E-03 9.779600000E+00 0.000000000E+00 3.526446930E+02
3.524370000E-03 9.777900000E+00 0.000000000E+00 3.517791832E+02
3.532450000E-03 9.776400000E+00 0.000000000E+00 3.509745361E+02
3.541720000E-03 9.774700000E+00 0.000000000E+00 3.500559050E+02
3.555620000E-03 9.772100000E+00 0.000000000E+00 3.486874300E+02
3.574140000E-03 9.768600000E+00 0.000000000E+00 3.468806482E+02
3.614790000E-03 9.760900000E+00 0.000000000E+00 3.429798135E+02
3.686520000E-03 9.740500000E+00 1.741300000E-05 3.363063268E+02
3.733750000E-03 9.713000000E+00 2.226800000E-03 3.320522263E+02
3.767890000E-03 9.681300000E+00 1.923570000E-02 3.290435761E+02
3.783620000E-03 9.668800000E+00 3.722080000E-02 3.276756122E+02
3.806030000E-03 9.664000000E+00 6.998080000E-02 3.257462500E+02
3.837260000E-03 9.683500000E+00 1.057500000E-01 3.230951252E+02
3.869190000E-03 9.709500000E+00 1.173930000E-01 3.204288236E+02
4.218750000E-03 9.751300000E+00 9.776530000E-02 2.938785185E+02
4.601460000E-03 9.725700000E+00 8.023060000E-02 2.694362224E+02
5.062870000E-03 9.668700000E+00 6.511070000E-02 2.448808680E+02
5.487780000E-03 9.602400000E+00 5.497060000E-02 2.259201353E+02
5.762370000E-03 9.554500000E+00 4.982140000E-02 2.151545284E+02
5.948360000E-03 9.521400000E+00 4.673460000E-02 2.084271967E+02
6.031840000E-03 9.505000000E+00 4.551010000E-02 2.055425873E+02
6.303410000E-03 9.450200000E+00 4.177660000E-02 1.966871899E+02
6.604490000E-03 9.383800000E+00 3.824910000E-02 1.877207778E+02
6.944190000E-03 9.302600000E+00 3.485820000E-02 1.785377416E+02
7.317780000E-03 9.206700000E+00 3.172900000E-02 1.694229671E+02
7.513300000E-03 9.152500000E+00 3.027700000E-02 1.650140418E+02
7.827460000E-03 9.059000000E+00 2.823260000E-02 1.583911001E+02
8.222430000E-03 8.926600000E+00 2.596600000E-02 1.507826762E+02
8.416960000E-03 8.856600000E+00 2.498630000E-02 1.472978367E+02
8.568950000E-03 8.797600000E+00 2.427070000E-02 1.446851715E+02
8.945170000E-03 8.644000000E+00 2.264310000E-02 1.385999372E+02
9.068270000E-03 8.590900000E+00 2.215270000E-02 1.367184700E+02
9.227340000E-03 8.517200000E+00 2.155490000E-02 1.343615820E+02
9.438970000E-03 8.414400000E+00 2.080700000E-02 1.313490773E+02
9.597690000E-03 8.331700000E+00 2.028440000E-02 1.291769165E+02
9.716730000E-03 8.269200000E+00 1.989340000E-02 1.275943656E+02
9.806010000E-03 8.222400000E+00 1.962080000E-02 1.264326673E+02
9.877970000E-03 8.184600000E+00 1.940100000E-02 1.255116183E+02
9.923190000E-03 8.157200000E+00 1.926290000E-02 1.249396615E+02
1.000000000E-02 8.110700000E+00 1.902840000E-02 1.239800000E+02
1.003620000E-02 8.088800000E+00 1.892880000E-02 1.235328112E+02
1.005500000E-02 8.077400000E+00 1.887690000E-02 1.233018399E+02
1.007380000E-02 8.065900000E+00 1.882510000E-02 1.230717306E+02
1.009860000E-02 8.050500000E+00 1.875680000E-02 1.227694928E+02
1.012340000E-02 8.035100000E+00 1.868850000E-02 1.224687358E+02
1.014820000E-02 8.019700000E+00 1.862030000E-02 1.221694488E+02
1.017300000E-02 8.004400000E+00 1.855200000E-02 1.218716210E+02
1.019780000E-02 7.989000000E+00 1.848370000E-02 1.215752417E+02
1.022260000E-02 7.973600000E+00 1.841550000E-02 1.212803005E+02
1.023500000E-02 7.965900000E+00 1.838140000E-02 1.211333659E+02
1.024740000E-02 7.958200000E+00 1.834720000E-02 1.209867869E+02
1.025980000E-02 7.950500000E+00 1.831310000E-02 1.208405622E+02
1.027220000E-02 7.942800000E+00 1.827900000E-02 1.206946905E+02
1.028460000E-02 7.935200000E+00 1.824480000E-02 1.205491706E+02
1.030130000E-02 7.924800000E+00 1.819900000E-02 1.203537418E+02
1.032180000E-02 7.912100000E+00 1.814640000E-02 1.201147087E+02
1.032800000E-02 7.908300000E+00 1.813050000E-02 1.200426026E+02
1.034190000E-02 7.899400000E+00 1.809480000E-02 1.198812597E+02
1.034430000E-02 7.897800000E+00 1.808880000E-02 1.198534459E+02
1.034810000E-02 7.895000000E+00 1.807890000E-02 1.198094336E+02
1.035110000E-02 7.892900000E+00 1.807150000E-02 1.197747099E+02
1.035580000E-02 7.889600000E+00 1.805930000E-02 1.197203499E+02
1.037140000E-02 7.878500000E+00 1.801940000E-02 1.195402742E+02
1.037450000E-02 7.876300000E+00 1.801150000E-02 1.195045544E+02
1.037990000E-02 7.872400000E+00 1.799760000E-02 1.194423838E+02
1.038810000E-02 7.866600000E+00 1.797670000E-02 1.193481002E+02
1.039620000E-02 7.860800000E+00 1.795590000E-02 1.192551124E+02
1.040240000E-02 7.856400000E+00 1.794000000E-02 1.191840345E+02
1.041170000E-02 7.849800000E+00 1.791620000E-02 1.190775762E+02
1.042100000E-02 7.843200000E+00 1.789240000E-02 1.189713079E+02
1.043340000E-02 7.834300000E+00 1.786060000E-02 1.188299116E+02
1.044580000E-02 7.825500000E+00 1.782890000E-02 1.186888510E+02
1.045820000E-02 7.816700000E+00 1.779710000E-02 1.185481249E+02
1.047060000E-02 7.807900000E+00 1.776540000E-02 1.184077321E+02
1.049540000E-02 7.790200000E+00 1.770190000E-02 1.181279418E+02
1.052020000E-02 7.772500000E+00 1.763840000E-02 1.178494705E+02
1.052640000E-02 7.768100000E+00 1.762250000E-02 1.177800578E+02
1.053570000E-02 7.761500000E+00 1.759870000E-02 1.176760918E+02
1.055580000E-02 7.747200000E+00 1.754740000E-02 1.174520169E+02
1.056520000E-02 7.740400000E+00 1.752470000E-02 1.173475183E+02
1.056980000E-02 7.737200000E+00 1.751390000E-02 1.172964484E+02
1.057220000E-02 7.735500000E+00 1.750800000E-02 1.172698209E+02
1.058200000E-02 7.728500000E+00 1.748460000E-02 1.171612172E+02
1.058840000E-02 7.723900000E+00 1.746910000E-02 1.170904008E+02
1.060120000E-02 7.714800000E+00 1.743830000E-02 1.169490246E+02
1.062640000E-02 7.696900000E+00 1.737780000E-02 1.166716856E+02
1.074430000E-02 7.613000000E+00 1.709460000E-02 1.153914168E+02
1.140760000E-02 7.029200000E+00 1.563870000E-02 1.086819313E+02
1.151990000E-02 6.907300000E+00 1.542070000E-02 1.076224620E+02
1.163220000E-02 6.785400000E+00 1.520270000E-02 1.065834494E+02
1.171650000E-02 6.685300000E+00 1.504340000E-02 1.058165835E+02
1.174460000E-02 6.648300000E+00 1.499250000E-02 1.055634079E+02
1.181420000E-02 6.556800000E+00 1.486620000E-02 1.049415111E+02
1.187120000E-02 6.481700000E+00 1.476280000E-02 1.044376306E+02
1.189550000E-02 6.449800000E+00 1.471870000E-02 1.042242865E+02
1.194110000E-02 6.389800000E+00 1.463600000E-02 1.038262807E+02
1.195410000E-02 6.372700000E+00 1.461250000E-02 1.037133703E+02
1.197030000E-02 6.351300000E+00 1.458300000E-02 1.035730099E+02
1.198390000E-02 6.333400000E+00 1.455980000E-02 1.034554694E+02
1.201380000E-02 6.293900000E+00 1.450890000E-02 1.031979890E+02
1.204390000E-02 6.253700000E+00 1.445760000E-02 1.029400775E+02
1.207240000E-02 6.215000000E+00 1.440900000E-02 1.026970611E+02
1.210190000E-02 6.174900000E+00 1.435880000E-02 1.024467232E+02
1.213140000E-02 6.134800000E+00 1.430850000E-02 1.021976029E+02
1.214620000E-02 6.114800000E+00 1.428340000E-02 1.020730764E+02
1.216830000E-02 6.078700000E+00 1.424570000E-02 1.018876918E+02
1.219040000E-02 6.040400000E+00 1.420800000E-02 1.017029794E+02
1.220660000E-02 6.012300000E+00 1.418040000E-02 1.015680042E+02
1.222280000E-02 5.984200000E+00 1.415290000E-02 1.014333868E+02
1.224530000E-02 5.945100000E+00 1.411440000E-02 1.012470091E+02
1.225280000E-02 5.932000000E+00 1.410160000E-02 1.011850353E+02
1.228290000E-02 5.879800000E+00 1.405030000E-02 1.009370751E+02
1.228390000E-02 5.878200000E+00 1.404870000E-02 1.009288581E+02
1.228570000E-02 5.875000000E+00 1.404560000E-02 1.009140708E+02
1.231300000E-02 5.827600000E+00 1.400060000E-02 1.006903273E+02
1.232050000E-02 5.814500000E+00 1.398850000E-02 1.006290329E+02
1.234310000E-02 5.775400000E+00 1.395230000E-02 1.004447829E+02
1.235810000E-02 5.749300000E+00 1.392820000E-02 1.003228652E+02
1.238070000E-02 5.710100000E+00 1.389200000E-02 1.001397336E+02
1.240330000E-02 5.671000000E+00 1.385580000E-02 9.995726944E+01
1.242640000E-02 5.630800000E+00 1.381870000E-02 9.977145432E+01
1.245590000E-02 5.579600000E+00 1.377130000E-02 9.953516004E+01
1.248540000E-02 5.528400000E+00 1.372400000E-02 9.929998238E+01
1.251490000E-02 5.474200000E+00 1.367670000E-02 9.906591343E+01
1.255370000E-02 5.389800000E+00 1.361480000E-02 9.875972821E+01
1.257390000E-02 5.345900000E+00 1.358450000E-02 9.860107047E+01
1.258380000E-02 5.324400000E+00 1.356960000E-02 9.852349847E+01
1.260720000E-02 5.273500000E+00 1.353430000E-02 9.834063075E+01
1.263060000E-02 5.222600000E+00 1.349900000E-02 9.815844061E+01
1.267400000E-02 5.128200000E+00 1.343370000E-02 9.782231340E+01
1.270410000E-02 5.062800000E+00 1.338840000E-02 9.759054164E+01
1.273420000E-02 4.997400000E+00 1.334310000E-02 9.735986556E+01
1.274620000E-02 4.971300000E+00 1.332510000E-02 9.726820543E+01
1.276430000E-02 4.931900000E+00 1.329780000E-02 9.713027741E+01
1.277460000E-02 4.909600000E+00 1.328240000E-02 9.705196249E+01
1.278260000E-02 4.888200000E+00 1.327030000E-02 9.699122244E+01
1.279040000E-02 4.867300000E+00 1.325850000E-02 9.693207406E+01
1.280220000E-02 4.835800000E+00 1.324070000E-02 9.684273016E+01
1.282440000E-02 4.776700000E+00 1.320730000E-02 9.667508811E+01
1.283500000E-02 4.748600000E+00 1.319140000E-02 9.659524737E+01
1.284020000E-02 4.734600000E+00 1.318350000E-02 9.655612841E+01
1.284550000E-02 4.720600000E+00 1.317560000E-02 9.651628975E+01
1.287700000E-02 4.636000000E+00 1.312820000E-02 9.628018949E+01
1.288530000E-02 4.613500000E+00 1.311560000E-02 9.621817109E+01
1.291040000E-02 4.545900000E+00 1.307790000E-02 9.603110670E+01
1.291900000E-02 4.522900000E+00 1.306500000E-02 9.596718012E+01
1.294460000E-02 4.453800000E+00 1.302730000E-02 9.577738980E+01
1.296300000E-02 4.404200000E+00 1.300150000E-02 9.564144102E+01
1.297690000E-02 4.365700000E+00 1.298210000E-02 9.553899622E+01
1.299760000E-02 4.299000000E+00 1.295310000E-02 9.538684065E+01
1.300790000E-02 4.265600000E+00 1.293860000E-02 9.531131082E+01
1.301830000E-02 4.232300000E+00 1.292410000E-02 9.523516895E+01
1.302830000E-02 4.200100000E+00 1.291010000E-02 9.516207026E+01
1.303330000E-02 4.184000000E+00 1.290310000E-02 9.512556298E+01
1.305400000E-02 4.117600000E+00 1.287420000E-02 9.497472039E+01
1.306180000E-02 4.092400000E+00 1.286330000E-02 9.491800518E+01
1.306760000E-02 4.073600000E+00 1.285510000E-02 9.487587621E+01
1.306860000E-02 4.070400000E+00 1.285370000E-02 9.486861638E+01
1.307170000E-02 4.060400000E+00 1.284940000E-02 9.484611795E+01
1.307440000E-02 4.051800000E+00 1.284560000E-02 9.482653124E+01
1.308760000E-02 4.009300000E+00 1.282710000E-02 9.473089031E+01
1.309420000E-02 3.988000000E+00 1.281790000E-02 9.468314215E+01
1.309750000E-02 3.977400000E+00 1.281330000E-02 9.465928612E+01
1.310470000E-02 3.954200000E+00 1.280320000E-02 9.460727830E+01
1.313210000E-02 3.859800000E+00 1.276490000E-02 9.440988113E+01
1.313990000E-02 3.828100000E+00 1.275400000E-02 9.435383831E+01
1.316330000E-02 3.732900000E+00 1.272120000E-02 9.418610835E+01
1.318340000E-02 3.651300000E+00 1.269310000E-02 9.404250800E+01
1.321360000E-02 3.529000000E+00 1.265090000E-02 9.382757159E+01
1.322860000E-02 3.467800000E+00 1.262980000E-02 9.372117987E+01
1.324370000E-02 3.406600000E+00 1.260880000E-02 9.361432228E+01
1.326030000E-02 3.339100000E+00 1.258550000E-02 9.349713053E+01
1.328830000E-02 3.225400000E+00 1.254630000E-02 9.330012116E+01
1.331960000E-02 3.098500000E+00 1.250260000E-02 9.308087330E+01
1.335130000E-02 2.967200000E+00 1.246000000E-02 9.285987132E+01
1.336970000E-02 2.872000000E+00 1.243660000E-02 9.273207327E+01
1.338800000E-02 2.776700000E+00 1.241320000E-02 9.260531820E+01
1.341180000E-02 2.652500000E+00 1.238270000E-02 9.244098480E+01
1.342250000E-02 2.596700000E+00 1.236900000E-02 9.236729372E+01
1.343860000E-02 2.513100000E+00 1.234850000E-02 9.225663388E+01
1.345470000E-02 2.429400000E+00 1.232790000E-02 9.214623886E+01
1.348710000E-02 2.230500000E+00 1.228650000E-02 9.192487636E+01
1.352720000E-02 1.973700000E+00 1.223520000E-02 9.165237448E+01
1.355910000E-02 1.768900000E+00 1.219440000E-02 9.143674728E+01
1.361020000E-02 1.400300000E+00 1.216360000E-02 9.109344462E+01
1.364620000E-02 1.103700000E+00 1.223760000E-02 9.085313127E+01
1.369480000E-02 6.535000000E-01 1.300420000E-02 9.053071239E+01
1.380280000E-02 -6.631000000E-01 4.255230000E-02 8.982235488E+01
1.391560000E-02 -2.898100000E+00 4.528590000E-01 8.909425393E+01
1.398120000E-02 -4.681600000E+00 1.399310000E+00 8.867622236E+01
1.407900000E-02 -7.023800000E+00 4.677810000E+00 8.806023155E+01
1.413940000E-02 -7.229700000E+00 7.596840000E+00 8.768406014E+01
1.423320000E-02 -5.562300000E+00 1.177030000E+01 8.710620240E+01
1.431690000E-02 -2.722800000E+00 1.376610000E+01 8.659695884E+01
1.446410000E-02 1.351900000E+00 1.419930000E+01 8.571566845E+01
1.497990000E-02 6.920300000E+00 1.226630000E+01 8.276423741E+01
1.514270000E-02 7.787700000E+00 1.172420000E+01 8.187443455E+01
1.523800000E-02 8.197700000E+00 1.141750000E+01 8.136238351E+01
1.529420000E-02 8.418800000E+00 1.124980000E+01 8.106340966E+01
1.531240000E-02 8.483400000E+00 1.119470000E+01 8.096705938E+01
1.534970000E-02 8.615200000E+00 1.108220000E+01 8.077030821E+01
1.538690000E-02 8.742600000E+00 1.097300000E+01 8.057503461E+01
1.542410000E-02 8.861000000E+00 1.087050000E+01 8.038070293E+01
1.547030000E-02 9.007700000E+00 1.074360000E+01 8.014065661E+01
1.549860000E-02 9.088000000E+00 1.066440000E+01 7.999432207E+01
1.553580000E-02 9.193500000E+00 1.056030000E+01 7.980277810E+01
1.557310000E-02 9.295500000E+00 1.045780000E+01 7.961163802E+01
1.561030000E-02 9.382900000E+00 1.036180000E+01 7.942192014E+01
1.564750000E-02 9.470400000E+00 1.026580000E+01 7.923310433E+01
1.568480000E-02 9.557800000E+00 1.016980000E+01 7.904468020E+01
1.573550000E-02 9.676800000E+00 1.003910000E+01 7.878999714E+01
1.579650000E-02 9.815300000E+00 9.883700000E+00 7.848574051E+01
1.587090000E-02 9.949800000E+00 9.707470000E+00 7.811781310E+01
1.596270000E-02 1.011570000E+01 9.490140000E+00 7.766856484E+01
1.621470000E-02 1.045450000E+01 8.945430000E+00 7.646148248E+01
1.633120000E-02 1.056620000E+01 8.713300000E+00 7.591603801E+01
1.640590000E-02 1.063790000E+01 8.564400000E+00 7.557037407E+01
1.646010000E-02 1.067810000E+01 8.464320000E+00 7.532153511E+01
1.650560000E-02 1.071190000E+01 8.380090000E+00 7.511390074E+01
1.652340000E-02 1.072500000E+01 8.347330000E+00 7.503298353E+01
1.654110000E-02 1.073820000E+01 8.314570000E+00 7.495269359E+01
1.658160000E-02 1.076830000E+01 8.239700000E+00 7.476962416E+01
1.662210000E-02 1.079190000E+01 8.169000000E+00 7.458744683E+01
1.664150000E-02 1.080290000E+01 8.135360000E+00 7.450049575E+01
1.667080000E-02 1.081540000E+01 8.084430000E+00 7.436955635E+01
1.670310000E-02 1.082870000E+01 8.028260000E+00 7.422574253E+01
1.672040000E-02 1.083590000E+01 7.998330000E+00 7.414894381E+01
1.676440000E-02 1.085410000E+01 7.921910000E+00 7.395433180E+01
1.680230000E-02 1.086370000E+01 7.860320000E+00 7.378751719E+01
1.684320000E-02 1.087410000E+01 7.793770000E+00 7.360834046E+01
1.687450000E-02 1.088200000E+01 7.743010000E+00 7.347180657E+01
1.690570000E-02 1.088990000E+01 7.692250000E+00 7.333621205E+01
1.693740000E-02 1.089800000E+01 7.640780000E+00 7.319895616E+01
1.694790000E-02 1.090070000E+01 7.623630000E+00 7.315360605E+01
1.696270000E-02 1.090440000E+01 7.599620000E+00 7.308977934E+01
1.703140000E-02 1.091440000E+01 7.494140000E+00 7.279495520E+01
1.707310000E-02 1.091860000E+01 7.431540000E+00 7.261715799E+01
1.711480000E-02 1.092190000E+01 7.368940000E+00 7.244022717E+01
1.713850000E-02 1.092000000E+01 7.333410000E+00 7.234005310E+01
1.716220000E-02 1.091800000E+01 7.297870000E+00 7.224015569E+01
1.719200000E-02 1.091390000E+01 7.254580000E+00 7.211493718E+01
1.721450000E-02 1.090960000E+01 7.223160000E+00 7.202068024E+01
1.724810000E-02 1.090320000E+01 7.176020000E+00 7.188038103E+01
1.726490000E-02 1.090000000E+01 7.152460000E+00 7.181043620E+01
1.728170000E-02 1.089680000E+01 7.128890000E+00 7.174062737E+01
1.731780000E-02 1.088990000E+01 7.078160000E+00 7.159107970E+01
1.732390000E-02 1.088870000E+01 7.069710000E+00 7.156587143E+01
1.733430000E-02 1.088680000E+01 7.055080000E+00 7.152293430E+01
1.734970000E-02 1.088380000E+01 7.033490000E+00 7.145944887E+01
1.735360000E-02 1.088310000E+01 7.028090000E+00 7.144338927E+01
1.735640000E-02 1.088250000E+01 7.024040000E+00 7.143186375E+01
1.736080000E-02 1.088170000E+01 7.017960000E+00 7.141375973E+01
1.736290000E-02 1.088130000E+01 7.014930000E+00 7.140512242E+01
1.736770000E-02 1.088040000E+01 7.008230000E+00 7.138538782E+01
1.740680000E-02 1.087290000E+01 6.953390000E+00 7.122503849E+01
1.741950000E-02 1.087050000E+01 6.935610000E+00 7.117311059E+01
1.745960000E-02 1.085870000E+01 6.882630000E+00 7.100964512E+01
1.747210000E-02 1.085210000E+01 6.866510000E+00 7.095884296E+01
1.749750000E-02 1.083880000E+01 6.833540000E+00 7.085583655E+01
1.753560000E-02 1.081880000E+01 6.784090000E+00 7.070188645E+01
1.755460000E-02 1.080880000E+01 6.759360000E+00 7.062536315E+01
1.757370000E-02 1.079880000E+01 6.734630000E+00 7.054860388E+01
1.761540000E-02 1.077690000E+01 6.680490000E+00 7.038159792E+01
1.765790000E-02 1.075460000E+01 6.625360000E+00 7.021219964E+01
1.770040000E-02 1.073220000E+01 6.570220000E+00 7.004361483E+01
1.774920000E-02 1.069160000E+01 6.512450000E+00 6.985103554E+01
1.778230000E-02 1.065910000E+01 6.473380000E+00 6.972101472E+01
1.779860000E-02 1.064310000E+01 6.454020000E+00 6.965716405E+01
1.782050000E-02 1.062150000E+01 6.428110000E+00 6.957156084E+01
1.788620000E-02 1.055690000E+01 6.350360000E+00 6.931600899E+01
1.793000000E-02 1.051220000E+01 6.301310000E+00 6.914668154E+01
1.797530000E-02 1.046560000E+01 6.251570000E+00 6.897242327E+01
1.800000000E-02 1.044010000E+01 6.224360000E+00 6.887777778E+01
1.802800000E-02 1.041070000E+01 6.193600000E+00 6.877080098E+01
1.803540000E-02 1.040290000E+01 6.185420000E+00 6.874258403E+01
1.805920000E-02 1.037780000E+01 6.159200000E+00 6.865198901E+01
1.808310000E-02 1.035270000E+01 6.132980000E+00 6.856125332E+01
1.810040000E-02 1.033450000E+01 6.113970000E+00 6.849572385E+01
1.812630000E-02 1.030170000E+01 6.085450000E+00 6.839785284E+01
1.813930000E-02 1.028160000E+01 6.071190000E+00 6.834883375E+01
1.817560000E-02 1.022520000E+01 6.031190000E+00 6.821232862E+01
1.819910000E-02 1.018850000E+01 6.005710000E+00 6.812424790E+01
1.824070000E-02 1.012030000E+01 5.963310000E+00 6.796888277E+01
1.828500000E-02 1.004780000E+01 5.918300000E+00 6.780421110E+01
1.831210000E-02 1.000340000E+01 5.890720000E+00 6.770386793E+01
1.833620000E-02 9.950100000E+00 5.866180000E+00 6.761488204E+01
1.838120000E-02 9.850500000E+00 5.820380000E+00 6.744935042E+01
1.842620000E-02 9.750800000E+00 5.774570000E+00 6.728462732E+01
1.846860000E-02 9.657100000E+00 5.731470000E+00 6.713015605E+01
1.852080000E-02 9.535200000E+00 5.680460000E+00 6.694095287E+01
1.855770000E-02 9.430500000E+00 5.646520000E+00 6.680784796E+01
1.861980000E-02 9.235500000E+00 5.589490000E+00 6.658503314E+01
1.872410000E-02 8.837400000E+00 5.495450000E+00 6.621413045E+01
1.882380000E-02 8.327800000E+00 5.420510000E+00 6.586342821E+01
1.906350000E-02 6.146100000E+00 5.986420000E+00 6.503527684E+01
1.921640000E-02 4.768500000E+00 8.095340000E+00 6.451780771E+01
1.933230000E-02 4.981200000E+00 1.036030000E+01 6.413101390E+01
1.948530000E-02 6.896800000E+00 1.238680000E+01 6.362745249E+01
1.961800000E-02 8.730600000E+00 1.278780000E+01 6.319706392E+01
1.981500000E-02 1.052120000E+01 1.241640000E+01 6.256876104E+01
2.010610000E-02 1.197800000E+01 1.168010000E+01 6.166287843E+01
2.102120000E-02 1.401350000E+01 9.818470000E+00 5.897855498E+01
2.213100000E-02 1.493330000E+01 8.221380000E+00 5.602096607E+01
2.366720000E-02 1.532880000E+01 6.703710000E+00 5.238473499E+01
2.540970000E-02 1.535840000E+01 5.518320000E+00 4.879239031E+01
2.762580000E-02 1.517060000E+01 4.483070000E+00 4.487833836E+01
2.973300000E-02 1.483740000E+01 3.784970000E+00 4.169777688E+01
2.995250000E-02 1.479910000E+01 3.722000000E+00 4.139220432E+01
3.009890000E-02 1.477270000E+01 3.682260000E+00 4.119087409E+01
3.039160000E-02 1.471980000E+01 3.602980000E+00 4.079416681E+01
3.053800000E-02 1.469340000E+01 3.566230000E+00 4.059859847E+01
3.074340000E-02 1.465630000E+01 3.514700000E+00 4.032735481E+01
3.090570000E-02 1.462690000E+01 3.474000000E+00 4.011557739E+01
3.108180000E-02 1.459540000E+01 3.432450000E+00 3.988829476E+01
3.123400000E-02 1.456830000E+01 3.396730000E+00 3.969392329E+01
3.163630000E-02 1.448580000E+01 3.302880000E+00 3.918915929E+01
3.349830000E-02 1.412420000E+01 3.127720000E+00 3.701083339E+01
3.744470000E-02 1.339780000E+01 2.488300000E+00 3.311015978E+01
4.156510000E-02 1.233980000E+01 2.013750000E+00 2.982790851E+01
4.602400000E-02 1.079180000E+01 1.643690000E+00 2.693811924E+01
4.926060000E-02 9.358000000E+00 1.438900000E+00 2.516818715E+01
5.188000000E-02 7.915500000E+00 1.301130000E+00 2.389745567E+01
5.382130000E-02 6.590700000E+00 1.213170000E+00 2.303548967E+01
5.594890000E-02 4.762300000E+00 1.127990000E+00 2.215950626E+01
5.689810000E-02 3.771100000E+00 1.093650000E+00 2.178983129E+01
5.818450000E-02 2.108600000E+00 1.049850000E+00 2.130808033E+01
5.861410000E-02 1.542300000E+00 1.035810000E+00 2.115190713E+01
5.893860000E-02 1.098000000E+00 1.025410000E+00 2.103545045E+01
5.904370000E-02 9.172000000E-01 1.022120000E+00 2.099800656E+01
5.918700000E-02 6.709000000E-01 1.017640000E+00 2.094716745E+01
5.933020000E-02 4.245000000E-01 1.013160000E+00 2.089660915E+01
5.948060000E-02 1.658000000E-01 1.008450000E+00 2.084377091E+01
5.961660000E-02 -6.810000000E-02 1.004350000E+00 2.079622119E+01
5.969660000E-02 -2.058000000E-01 1.001930000E+00 2.076835197E+01
5.999050000E-02 -7.236000000E-01 9.930500000E-01 2.066660555E+01
6.013750000E-02 -1.034000000E+00 9.887110000E-01 2.061608813E+01
6.028440000E-02 -1.344400000E+00 9.844620000E-01 2.056585120E+01
6.044920000E-02 -1.701500000E+00 9.796940000E-01 2.050978342E+01
6.069710000E-02 -2.246100000E+00 9.725250000E-01 2.042601706E+01
6.089320000E-02 -2.677000000E+00 9.669230000E-01 2.036023727E+01
6.108370000E-02 -3.127300000E+00 9.616300000E-01 2.029674037E+01
6.122920000E-02 -3.503500000E+00 9.575950000E-01 2.024850888E+01
6.140150000E-02 -3.969600000E+00 9.530180000E-01 2.019168913E+01
6.156090000E-02 -4.423100000E+00 9.489030000E-01 2.013940667E+01
6.184460000E-02 -5.306800000E+00 9.428020000E-01 2.004702108E+01
6.203020000E-02 -5.956800000E+00 9.417520000E-01 1.998703857E+01
6.227570000E-02 -6.900200000E+00 9.522490000E-01 1.990824672E+01
6.306750000E-02 -1.079490000E+01 1.455120000E+00 1.965830261E+01
6.349410000E-02 -1.328500000E+01 2.393860000E+00 1.952622370E+01
6.381620000E-02 -1.518100000E+01 3.432400000E+00 1.942766884E+01
6.410780000E-02 -1.697400000E+01 4.563120000E+00 1.933930037E+01
6.435520000E-02 -1.857900000E+01 5.699740000E+00 1.926495450E+01
6.462500000E-02 -2.042700000E+01 7.225250000E+00 1.918452611E+01
6.488680000E-02 -2.226300000E+01 9.107100000E+00 1.910712194E+01
6.516950000E-02 -2.419200000E+01 1.172950000E+01 1.902423680E+01
6.550900000E-02 -2.598500000E+01 1.572330000E+01 1.892564380E+01
6.593520000E-02 -2.668900000E+01 2.167120000E+01 1.880330992E+01
6.635570000E-02 -2.536400000E+01 2.753110000E+01 1.868415223E+01
6.683370000E-02 -2.195900000E+01 3.284980000E+01 1.855052167E+01
6.753060000E-02 -1.597800000E+01 3.717260000E+01 1.835908462E+01
6.809130000E-02 -1.196520000E+01 3.862290000E+01 1.820790615E+01
6.858440000E-02 -9.233600000E+00 3.933860000E+01 1.807699710E+01
6.907500000E-02 -7.055800000E+00 3.988890000E+01 1.794860659E+01
6.948570000E-02 -5.732300000E+00 4.033010000E+01 1.784252012E+01
7.032360000E-02 -3.473900000E+00 4.230170000E+01 1.762992793E+01
7.056230000E-02 -2.674200000E+00 4.311710000E+01 1.757028895E+01
7.079710000E-02 -1.674700000E+00 4.393860000E+01 1.751201674E+01
7.090750000E-02 -1.231500000E+00 4.432290000E+01 1.748475126E+01
7.104450000E-02 -5.545000000E-01 4.476370000E+01 1.745103421E+01
7.110000000E-02 -2.908000000E-01 4.494150000E+01 1.743741210E+01
7.126460000E-02 5.858000000E-01 4.541200000E+01 1.739713687E+01
7.132520000E-02 9.249000000E-01 4.555820000E+01 1.738235575E+01
7.147620000E-02 1.744200000E+00 4.592010000E+01 1.734563393E+01
7.205560000E-02 5.069800000E+00 4.675130000E+01 1.720615747E+01
7.276330000E-02 8.844200000E+00 4.699290000E+01 1.703880940E+01
7.380800000E-02 1.378380000E+01 4.657330000E+01 1.679763711E+01
7.594490000E-02 2.258240000E+01 4.398570000E+01 1.632499352E+01
7.777770000E-02 2.840380000E+01 3.984130000E+01 1.594030165E+01
7.962830000E-02 3.167340000E+01 3.493450000E+01 1.556984138E+01
8.239100000E-02 3.346770000E+01 2.923470000E+01 1.504776007E+01
8.622140000E-02 3.451190000E+01 2.409660000E+01 1.437926083E+01
9.120110000E-02 3.507030000E+01 1.922300000E+01 1.359413428E+01
9.703290000E-02 3.487590000E+01 1.496660000E+01 1.277710962E+01
1.030240000E-01 3.416030000E+01 1.179480000E+01 1.203408914E+01
1.097090000E-01 3.318570000E+01 9.280170000E+00 1.130080486E+01
1.171520000E-01 3.212160000E+01 7.272220000E+00 1.058283256E+01
1.250380000E-01 3.101370000E+01 5.721770000E+00 9.915385723E+00
1.333520000E-01 2.980430000E+01 4.508730000E+00 9.297198392E+00
1.367480000E-01 2.925040000E+01 4.105690000E+00 9.066311756E+00
1.377580000E-01 2.907790000E+01 3.994210000E+00 8.999840300E+00
1.385810000E-01 2.893130000E+01 3.906450000E+00 8.946392363E+00
1.398570000E-01 2.867230000E+01 3.775690000E+00 8.864769014E+00
1.406740000E-01 2.847690000E+01 3.697970000E+00 8.813284615E+00
1.432040000E-01 2.765990000E+01 3.830980000E+00 8.657579397E+00
1.458950000E-01 2.775220000E+01 4.444650000E+00 8.497892320E+00
1.505000000E-01 2.789520000E+01 4.045100000E+00 8.237873754E+00
1.590780000E-01 2.732910000E+01 3.381230000E+00 7.793660971E+00
1.698850000E-01 2.631110000E+01 2.820990000E+00 7.297877976E+00
1.739550000E-01 2.589660000E+01 2.661780000E+00 7.127130580E+00
1.752680000E-01 2.574860000E+01 2.616400000E+00 7.073738503E+00
1.765110000E-01 2.559180000E+01 2.574680000E+00 7.023924855E+00
1.790310000E-01 2.517770000E+01 2.564470000E+00 6.925057672E+00
1.799900000E-01 2.500850000E+01 2.650000000E+00 6.888160453E+00
1.807890000E-01 2.491420000E+01 2.765830000E+00 6.857718113E+00
1.827710000E-01 2.490470000E+01 3.015570000E+00 6.783351845E+00
1.839720000E-01 2.495760000E+01 3.044970000E+00 6.739068989E+00
1.873410000E-01 2.493390000E+01 2.949630000E+00 6.617878628E+00
2.032150000E-01 2.411100000E+01 2.530010000E+00 6.100927589E+00
2.230550000E-01 2.263640000E+01 2.235380000E+00 5.558270382E+00
2.274370000E-01 2.227330000E+01 2.194490000E+00 5.451179887E+00
2.316600000E-01 2.184000000E+01 2.224280000E+00 5.351808685E+00
2.390000000E-01 2.126140000E+01 2.309130000E+00 5.187447699E+00
2.544480000E-01 1.981960000E+01 2.258610000E+00 4.872508332E+00
2.562280000E-01 1.959640000E+01 2.258130000E+00 4.838659319E+00
2.579480000E-01 1.934450000E+01 2.277280000E+00 4.806395087E+00
2.601090000E-01 1.898550000E+01 2.402530000E+00 4.766463290E+00
2.615180000E-01 1.879660000E+01 2.565560000E+00 4.740782661E+00
2.645200000E-01 1.862000000E+01 2.855490000E+00 4.686980191E+00
2.667280000E-01 1.847830000E+01 2.905570000E+00 4.648180918E+00
2.685710000E-01 1.828580000E+01 2.982050000E+00 4.616283962E+00
2.706000000E-01 1.813680000E+01 3.129230000E+00 4.581670362E+00
2.739000000E-01 1.800530000E+01 3.222890000E+00 4.526469514E+00
2.785000000E-01 1.759800000E+01 3.175340000E+00 4.451705566E+00
2.873000000E-01 1.647310000E+01 3.289720000E+00 4.315349809E+00
2.962950000E-01 1.512010000E+01 3.659920000E+00 4.184343307E+00
3.050780000E-01 1.365900000E+01 4.310250000E+00 4.063878746E+00
3.131370000E-01 1.225920000E+01 5.220330000E+00 3.959289385E+00
3.219920000E-01 1.080150000E+01 6.602520000E+00 3.850406221E+00
3.342120000E-01 9.165700000E+00 9.057440000E+00 3.709621438E+00
3.441340000E-01 8.274300000E+00 1.136500000E+01 3.602666403E+00
3.561230000E-01 7.653900000E+00 1.433360000E+01 3.481381433E+00
3.654700000E-01 7.646900000E+00 1.669630000E+01 3.392344105E+00
3.760000000E-01 8.060400000E+00 1.924580000E+01 3.297340426E+00
3.920230000E-01 9.325800000E+00 2.269500000E+01 3.162569543E+00
4.179580000E-01 1.226770000E+01 2.712420000E+01 2.966326760E+00
4.503140000E-01 1.656810000E+01 3.081710000E+01 2.753189996E+00
4.955120000E-01 2.214140000E+01 3.344720000E+01 2.502058477E+00
5.400250000E-01 2.630840000E+01 3.431350000E+01 2.295819638E+00
5.597010000E-01 2.690660000E+01 3.451040000E+01 2.215111283E+00
5.695560000E-01 2.727790000E+01 3.589850000E+01 2.176783319E+00
5.880520000E-01 2.934630000E+01 3.659690000E+01 2.108316952E+00
6.028450000E-01 3.053130000E+01 3.794160000E+01 2.056581708E+00
6.447500000E-01 3.582670000E+01 3.827420000E+01 1.922915859E+00
7.287490000E-01 4.229990000E+01 3.662220000E+01 1.701271631E+00
8.055560000E-01 4.563220000E+01 3.475560000E+01 1.539061220E+00
8.285610000E-01 4.600850000E+01 3.579980000E+01 1.496329178E+00
8.681870000E-01 4.920680000E+01 3.519940000E+01 1.428033361E+00
9.730720000E-01 5.347530000E+01 3.242310000E+01 1.274109213E+00
1.097710000E+00 5.694540000E+01 2.974760000E+01 1.129442202E+00
1.207900000E+00 5.935030000E+01 2.783940000E+01 1.026409471E+00
1.426200000E+00 6.230530000E+01 2.372590000E+01 8.693030431E-01
1.719190000E+00 6.392040000E+01 1.947040000E+01 7.211535665E-01
2.084910000E+00 6.391720000E+01 1.565070000E+01 5.946539659E-01
2.416050000E+00 6.222740000E+01 1.313020000E+01 5.131516318E-01
2.666950000E+00 5.928330000E+01 1.163120000E+01 4.648756070E-01
2.815340000E+00 5.581210000E+01 1.086640000E+01 4.403730988E-01
2.900050000E+00 5.197630000E+01 1.046870000E+01 4.275098705E-01
2.941750000E+00 4.813370000E+01 1.048150000E+01 4.214498173E-01
2.956890000E+00 4.582780000E+01 1.107210000E+01 4.192918911E-01
2.968560000E+00 4.375790000E+01 1.225150000E+01 4.176435713E-01
2.980150000E+00 4.186130000E+01 1.431300000E+01 4.160193279E-01
2.998300000E+00 4.056050000E+01 1.901410000E+01 4.135009839E-01
3.016730000E+00 4.184740000E+01 2.369970000E+01 4.109747972E-01
3.032670000E+00 4.441650000E+01 2.610030000E+01 4.088146749E-01
3.054060000E+00 4.749440000E+01 2.689550000E+01 4.059514220E-01
3.084450000E+00 4.915450000E+01 2.636000000E+01 4.019517256E-01
3.109720000E+00 4.851790000E+01 2.686520000E+01 3.986854122E-01
3.135090000E+00 4.823540000E+01 2.961870000E+01 3.954591415E-01
3.159180000E+00 5.017870000E+01 3.271110000E+01 3.924436088E-01
3.186210000E+00 5.379990000E+01 3.400200000E+01 3.891143396E-01
3.225690000E+00 5.746050000E+01 3.335910000E+01 3.843518751E-01
3.293630000E+00 6.068540000E+01 3.194780000E+01 3.764235813E-01
3.412580000E+00 6.382270000E+01 3.021860000E+01 3.633028383E-01
3.534380000E+00 6.541640000E+01 2.864590000E+01 3.507828813E-01
3.598810000E+00 6.500370000E+01 2.813820000E+01 3.445027662E-01
3.636730000E+00 6.451490000E+01 2.917880000E+01 3.409106533E-01
3.673060000E+00 6.555030000E+01 3.062820000E+01 3.375387279E-01
3.731970000E+00 6.805660000E+01 3.070690000E+01 3.322106019E-01
3.822470000E+00 7.015390000E+01 2.965460000E+01 3.243452532E-01
3.990820000E+00 7.248430000E+01 2.782820000E+01 3.106629715E-01
4.173240000E+00 7.388220000E+01 2.604000000E+01 2.970833214E-01
4.275470000E+00 7.392100000E+01 2.534330000E+01 2.899798151E-01
4.332560000E+00 7.414530000E+01 2.569310000E+01 2.861587606E-01
4.442460000E+00 7.553790000E+01 2.523200000E+01 2.790796090E-01
4.558390000E+00 7.612620000E+01 2.438380000E+01 2.719819936E-01
4.635050000E+00 7.641210000E+01 2.440780000E+01 2.674836302E-01
4.769680000E+00 7.778490000E+01 2.378450000E+01 2.599335804E-01
5.001070000E+00 7.912411000E+01 2.223900000E+01 2.479069479E-01
5.359940000E+00 8.045967000E+01 2.014040000E+01 2.313085594E-01
5.817620000E+00 8.151371000E+01 1.788960000E+01 2.131112036E-01
6.326410000E+00 8.222943000E+01 1.581150000E+01 1.959721232E-01
6.930610000E+00 8.267353000E+01 1.378840000E+01 1.788875727E-01
7.863660000E+00 8.292095000E+01 1.140710000E+01 1.576619538E-01
9.061240000E+00 8.280644000E+01 9.172510000E+00 1.368245406E-01
1.050860000E+01 8.235297000E+01 7.286640000E+00 1.179795596E-01
1.212580000E+01 8.149675000E+01 5.818760000E+00 1.022448003E-01
1.328940000E+01 8.051061000E+01 5.029600000E+00 9.329239845E-02
1.401750000E+01 7.948451000E+01 4.620210000E+00 8.844658463E-02
1.446240000E+01 7.839545000E+01 4.394440000E+00 8.572574400E-02
1.469190000E+01 7.733859000E+01 4.302330000E+00 8.438663481E-02
1.479550000E+01 7.649500000E+01 4.403800000E+00 8.379574871E-02
1.486520000E+01 7.575210000E+01 4.731790000E+00 8.340284692E-02
1.493060000E+01 7.505900000E+01 5.384780000E+00 8.303752026E-02
1.500190000E+01 7.458480000E+01 6.483130000E+00 8.264286524E-02
1.509530000E+01 7.477550000E+01 8.092660000E+00 8.213152438E-02
1.517790000E+01 7.556360000E+01 9.124700000E+00 8.168455452E-02
1.528650000E+01 7.675010000E+01 9.655550000E+00 8.110424231E-02
1.544360000E+01 7.790269000E+01 9.649630000E+00 8.027920951E-02
1.571270000E+01 7.891903000E+01 9.382680000E+00 7.890432580E-02
1.613470000E+01 7.972873000E+01 8.973210000E+00 7.684059821E-02
1.667370000E+01 8.016233000E+01 8.486520000E+00 7.435662151E-02
1.721490000E+01 8.012014000E+01 8.041720000E+00 7.201900679E-02
1.756210000E+01 7.969052000E+01 7.777140000E+00 7.059520217E-02
1.775730000E+01 7.900058000E+01 7.853940000E+00 6.981917296E-02
1.790490000E+01 7.843472000E+01 8.500160000E+00 6.924361488E-02
1.804690000E+01 7.847683000E+01 9.462480000E+00 6.869877929E-02
1.820610000E+01 7.911379000E+01 1.007210000E+01 6.809805505E-02
1.839270000E+01 7.960275000E+01 1.018440000E+01 6.740717785E-02
1.866090000E+01 7.993596000E+01 1.074050000E+01 6.643838186E-02
1.891650000E+01 8.089706000E+01 1.110940000E+01 6.554066556E-02
1.921060000E+01 8.174287000E+01 1.090560000E+01 6.453728671E-02
1.967900000E+01 8.255433000E+01 1.051910000E+01 6.300116876E-02
2.034890000E+01 8.333752000E+01 9.994700000E+00 6.092712628E-02
2.117480000E+01 8.401075000E+01 9.396540000E+00 5.855073011E-02
2.207630000E+01 8.453642000E+01 8.802140000E+00 5.615977315E-02
2.317400000E+01 8.499393000E+01 8.155500000E+00 5.349961163E-02
2.446470000E+01 8.536587000E+01 7.487900000E+00 5.067709802E-02
2.586810000E+01 8.564645000E+01 6.854880000E+00 4.792775658E-02
2.749320000E+01 8.586596000E+01 6.218300000E+00 4.509478707E-02
2.921450000E+01 8.601399200E+01 5.635480000E+00 4.243783053E-02
3.119340000E+01 8.611032100E+01 5.062590000E+00 3.974558721E-02
3.390230000E+01 8.616292800E+01 4.420200000E+00 3.656979025E-02
3.761070000E+01 8.615890200E+01 3.723970000E+00 3.296402354E-02
4.296410000E+01 8.607314600E+01 2.982940000E+00 2.885665009E-02
4.919640000E+01 8.593823000E+01 2.374400000E+00 2.520103097E-02
5.615140000E+01 8.576135000E+01 1.898000000E+00 2.207959196E-02
6.387970000E+01 8.556650000E+01 1.522630000E+00 1.940835665E-02
7.289140000E+01 8.532722000E+01 1.213920000E+00 1.700886524E-02
8.293930000E+01 8.500970000E+01 9.713390000E-01 1.494828145E-02
9.039970000E+01 8.466543000E+01 8.369880000E-01 1.371464728E-02
9.494730000E+01 8.431188000E+01 7.687750000E-01 1.305776994E-02
9.768670000E+01 8.393490000E+01 7.318380000E-01 1.269159466E-02
9.918180000E+01 8.354676000E+01 7.193070000E-01 1.250027727E-02
9.975020000E+01 8.329522000E+01 7.485330000E-01 1.242904776E-02
1.001210000E+02 8.308236000E+01 8.179340000E-01 1.238301655E-02
1.004150000E+02 8.289457000E+01 9.259050000E-01 1.234676094E-02
1.007020000E+02 8.271460000E+01 1.090760000E+00 1.231157276E-02
1.010300000E+02 8.254578000E+01 1.355710000E+00 1.227160249E-02
1.013790000E+02 8.246442000E+01 1.707140000E+00 1.222935716E-02
1.019500000E+02 8.255623000E+01 2.298330000E+00 1.216086317E-02
1.024100000E+02 8.282181000E+01 2.656240000E+00 1.210623963E-02
1.029510000E+02 8.319310000E+01 2.879410000E+00 1.204262222E-02
1.038870000E+02 8.369520000E+01 2.951990000E+00 1.193412073E-02
1.052550000E+02 8.410948000E+01 2.902450000E+00 1.177901287E-02
1.074470000E+02 8.450772000E+01 2.814030000E+00 1.153871211E-02
1.106790000E+02 8.486402000E+01 2.687610000E+00 1.120176366E-02
1.152160000E+02 8.518352000E+01 2.524790000E+00 1.076065824E-02
1.213840000E+02 8.545774000E+01 2.323430000E+00 1.021386674E-02
1.295550000E+02 8.567750000E+01 2.094320000E+00 9.569680831E-03
1.407690000E+02 8.585544000E+01 1.837040000E+00 8.807336843E-03
1.542520000E+02 8.597493000E+01 1.586660000E+00 8.037497083E-03
1.740010000E+02 8.605512600E+01 1.306630000E+00 7.125246407E-03
1.996520000E+02 8.608830700E+01 1.047440000E+00 6.209805061E-03
2.289220000E+02 8.608724000E+01 8.412740000E-01 5.415818488E-03
2.620110000E+02 8.606825100E+01 6.795710000E-01 4.731862403E-03
2.993050000E+02 8.604236500E+01 5.524300000E-01 4.142262909E-03
3.446230000E+02 8.601270500E+01 4.456890000E-01 3.597554429E-03
3.982500000E+02 8.598317000E+01 3.605440000E-01 3.113119900E-03
4.607000000E+02 8.595651000E+01 2.937660000E-01 2.691122205E-03
5.337910000E+02 8.593332000E+01 2.410020000E-01 2.322631892E-03
6.184780000E+02 8.591430000E+01 1.997490000E-01 2.004598385E-03
7.239150000E+02 8.589812000E+01 1.652850000E-01 1.712632008E-03
8.511380000E+02 8.588564000E+01 1.377560000E-01 1.456638054E-03
1.006190000E+03 8.587699000E+01 1.158580000E-01 1.232172850E-03
1.173410000E+03 8.587248000E+01 9.757270000E-02 1.056578689E-03
1.364280000E+03 8.586825000E+01 8.226200000E-02 9.087577330E-04
1.619760000E+03 8.586417000E+01 6.765540000E-02 7.654220378E-04
1.859730000E+03 8.586151000E+01 5.782940000E-02 6.666559124E-04
2.197190000E+03 8.585894000E+01 4.788020000E-02 5.642661763E-04
2.567150000E+03 8.585700000E+01 4.009810000E-02 4.829480163E-04
2.947480000E+03 8.585560000E+01 3.427440000E-02 4.206305047E-04
3.384160000E+03 8.585444000E+01 2.929650000E-02 3.663538367E-04
3.892450000E+03 8.585347000E+01 2.499340000E-02 3.185140464E-04
4.461190000E+03 8.585268000E+01 2.140470000E-02 2.779079125E-04
5.180860000E+03 8.585186000E+01 1.806910000E-02 2.393038994E-04
6.158160000E+03 8.585111000E+01 1.484170000E-02 2.013263702E-04
7.070510000E+03 8.585068000E+01 1.268610000E-02 1.753480301E-04
8.343820000E+03 8.585030000E+01 1.051750000E-02 1.485890156E-04
9.760020000E+03 8.585003000E+01 8.796380000E-03 1.270284282E-04
1.000000000E+04 8.585000000E+01 8.572180000E-03 1.239800000E-04
