# Data retrieved from https://www-nds.iaea.org/epdl97/za1to100.htm 03/01/2021
# Element, Ga  (Z = 31) 
# Atomic weight, g mol-1 = 69.72 
# Nominal density, g cm-3 =  5.90400E+0 
# Relativistic correction estimate f_rel(5CL)*,  e atom-1 =  0 
# Nuclear Thomson correction f_NT*, e atom-1 =  0 
#    E [keV]      f1 [e atom-1]      f2 [e atom-1]    Wavelength [nm] 
1.000000000E-03 2.778400000E+00 0.000000000E+00 1.239800000E+03
1.125000000E-03 2.773800000E+00 0.000000000E+00 1.102044444E+03
1.242080000E-03 2.769500000E+00 0.000000000E+00 9.981643694E+02
1.344520000E-03 2.765800000E+00 0.000000000E+00 9.221134680E+02
1.434160000E-03 2.762500000E+00 0.000000000E+00 8.644781614E+02
1.500000000E-03 2.760100000E+00 0.000000000E+00 8.265333333E+02
1.591020000E-03 2.754800000E+00 0.000000000E+00 7.792485324E+02
1.708670000E-03 2.748000000E+00 0.000000000E+00 7.255935903E+02
1.796910000E-03 2.742900000E+00 0.000000000E+00 6.899622129E+02
1.863080000E-03 2.739000000E+00 0.000000000E+00 6.654571999E+02
1.912720000E-03 2.736100000E+00 0.000000000E+00 6.481868752E+02
1.987170000E-03 2.731800000E+00 0.000000000E+00 6.239023335E+02
2.024390000E-03 2.729500000E+00 0.000000000E+00 6.124313991E+02
2.061620000E-03 2.727200000E+00 0.000000000E+00 6.013717368E+02
2.066690000E-03 2.726800000E+00 0.000000000E+00 5.998964528E+02
2.071760000E-03 2.726500000E+00 0.000000000E+00 5.984283894E+02
2.076840000E-03 2.726200000E+00 0.000000000E+00 5.969646193E+02
2.081910000E-03 2.725900000E+00 0.000000000E+00 5.955108530E+02
2.086990000E-03 2.725600000E+00 0.000000000E+00 5.940613036E+02
2.092060000E-03 2.725200000E+00 0.000000000E+00 5.926216265E+02
2.097140000E-03 2.724900000E+00 0.000000000E+00 5.911860915E+02
2.102210000E-03 2.724600000E+00 0.000000000E+00 5.897602999E+02
2.107290000E-03 2.724300000E+00 0.000000000E+00 5.883385770E+02
2.112360000E-03 2.724000000E+00 0.000000000E+00 5.869264709E+02
2.117430000E-03 2.723600000E+00 0.000000000E+00 5.855211270E+02
2.122510000E-03 2.723300000E+00 0.000000000E+00 5.841197450E+02
2.127580000E-03 2.723000000E+00 0.000000000E+00 5.827277940E+02
2.137730000E-03 2.722300000E+00 0.000000000E+00 5.799609867E+02
2.142810000E-03 2.722000000E+00 0.000000000E+00 5.785860622E+02
2.147880000E-03 2.721700000E+00 0.000000000E+00 5.772203289E+02
2.152960000E-03 2.721400000E+00 0.000000000E+00 5.758583532E+02
2.158030000E-03 2.721100000E+00 0.000000000E+00 5.745054517E+02
2.163100000E-03 2.720700000E+00 0.000000000E+00 5.731588923E+02
2.175080000E-03 2.720000000E+00 0.000000000E+00 5.700020229E+02
2.181060000E-03 2.719600000E+00 0.000000000E+00 5.684391993E+02
2.184060000E-03 2.719400000E+00 0.000000000E+00 5.676583977E+02
2.187050000E-03 2.719200000E+00 0.000000000E+00 5.668823301E+02
2.192430000E-03 2.718900000E+00 0.000000000E+00 5.654912586E+02
2.197810000E-03 2.718500000E+00 0.000000000E+00 5.641069974E+02
2.203200000E-03 2.718200000E+00 0.000000000E+00 5.627269426E+02
2.208580000E-03 2.717800000E+00 0.000000000E+00 5.613561655E+02
2.213960000E-03 2.717500000E+00 0.000000000E+00 5.599920504E+02
2.216660000E-03 2.717300000E+00 0.000000000E+00 5.593099528E+02
2.219350000E-03 2.717200000E+00 0.000000000E+00 5.586320319E+02
2.222040000E-03 2.717000000E+00 0.000000000E+00 5.579557524E+02
2.224730000E-03 2.716800000E+00 0.000000000E+00 5.572811083E+02
2.227420000E-03 2.716700000E+00 0.000000000E+00 5.566080937E+02
2.230110000E-03 2.716500000E+00 0.000000000E+00 5.559367027E+02
2.234150000E-03 2.716200000E+00 0.000000000E+00 5.549314057E+02
2.236840000E-03 2.716100000E+00 0.000000000E+00 5.542640511E+02
2.239870000E-03 2.715900000E+00 0.000000000E+00 5.535142665E+02
2.240380000E-03 2.715800000E+00 0.000000000E+00 5.533882645E+02
2.240880000E-03 2.715800000E+00 0.000000000E+00 5.532647888E+02
2.241220000E-03 2.715800000E+00 0.000000000E+00 5.531808569E+02
2.246260000E-03 2.715500000E+00 0.000000000E+00 5.519396686E+02
2.246940000E-03 2.715400000E+00 0.000000000E+00 5.517726330E+02
2.250000000E-03 2.715200000E+00 0.000000000E+00 5.510222222E+02
2.252990000E-03 2.714900000E+00 0.000000000E+00 5.502909467E+02
2.257030000E-03 2.714500000E+00 0.000000000E+00 5.493059463E+02
2.259720000E-03 2.714300000E+00 0.000000000E+00 5.486520454E+02
2.262410000E-03 2.714000000E+00 0.000000000E+00 5.479996994E+02
2.265100000E-03 2.713800000E+00 0.000000000E+00 5.473489029E+02
2.267800000E-03 2.713500000E+00 0.000000000E+00 5.466972396E+02
2.273180000E-03 2.713000000E+00 0.000000000E+00 5.454033557E+02
2.278560000E-03 2.712500000E+00 0.000000000E+00 5.441155818E+02
2.283950000E-03 2.712000000E+00 0.000000000E+00 5.428314981E+02
2.292020000E-03 2.711200000E+00 0.000000000E+00 5.409202363E+02
2.294710000E-03 2.710900000E+00 0.000000000E+00 5.402861364E+02
2.297340000E-03 2.710700000E+00 0.000000000E+00 5.396676156E+02
2.302570000E-03 2.710200000E+00 0.000000000E+00 5.384418280E+02
2.307760000E-03 2.709700000E+00 0.000000000E+00 5.372309079E+02
2.312910000E-03 2.709200000E+00 0.000000000E+00 5.360346922E+02
2.318020000E-03 2.708700000E+00 0.000000000E+00 5.348530211E+02
2.328170000E-03 2.707700000E+00 0.000000000E+00 5.325212506E+02
2.338150000E-03 2.706700000E+00 0.000000000E+00 5.302482732E+02
2.347980000E-03 2.705800000E+00 0.000000000E+00 5.280283478E+02
2.357650000E-03 2.704900000E+00 0.000000000E+00 5.258626174E+02
2.367170000E-03 2.703900000E+00 0.000000000E+00 5.237477663E+02
2.376550000E-03 2.703000000E+00 0.000000000E+00 5.216805874E+02
2.385780000E-03 2.702200000E+00 0.000000000E+00 5.196623327E+02
2.390320000E-03 2.701700000E+00 0.000000000E+00 5.186753238E+02
2.394820000E-03 2.701300000E+00 0.000000000E+00 5.177007040E+02
2.403730000E-03 2.700400000E+00 0.000000000E+00 5.157817226E+02
2.416870000E-03 2.699200000E+00 0.000000000E+00 5.129775288E+02
2.425470000E-03 2.698300000E+00 0.000000000E+00 5.111586620E+02
2.442390000E-03 2.696700000E+00 0.000000000E+00 5.076175386E+02
2.458790000E-03 2.695100000E+00 0.000000000E+00 5.042317563E+02
2.490560000E-03 2.692100000E+00 0.000000000E+00 4.977996916E+02
2.728840000E-03 2.669100000E+00 0.000000000E+00 4.543322437E+02
2.788410000E-03 2.663400000E+00 0.000000000E+00 4.446261490E+02
2.833090000E-03 2.658500000E+00 0.000000000E+00 4.376140539E+02
2.866590000E-03 2.654300000E+00 0.000000000E+00 4.324999390E+02
2.891730000E-03 2.651100000E+00 0.000000000E+00 4.287398893E+02
2.929420000E-03 2.646300000E+00 0.000000000E+00 4.232237098E+02
2.948270000E-03 2.644000000E+00 0.000000000E+00 4.205177952E+02
2.957690000E-03 2.642800000E+00 0.000000000E+00 4.191784805E+02
2.967120000E-03 2.641600000E+00 0.000000000E+00 4.178462617E+02
2.974420000E-03 2.640700000E+00 0.000000000E+00 4.168207583E+02
2.981720000E-03 2.639700000E+00 0.000000000E+00 4.158002764E+02
2.989030000E-03 2.638800000E+00 0.000000000E+00 4.147833913E+02
2.996330000E-03 2.637900000E+00 0.000000000E+00 4.137728488E+02
3.003630000E-03 2.637000000E+00 0.000000000E+00 4.127672183E+02
3.009890000E-03 2.636200000E+00 0.000000000E+00 4.119087409E+02
3.016150000E-03 2.635400000E+00 0.000000000E+00 4.110538269E+02
3.020850000E-03 2.634800000E+00 0.000000000E+00 4.104142874E+02
3.025540000E-03 2.634200000E+00 0.000000000E+00 4.097780892E+02
3.032850000E-03 2.633300000E+00 0.000000000E+00 4.087904117E+02
3.040150000E-03 2.632400000E+00 0.000000000E+00 4.078088252E+02
3.047450000E-03 2.631400000E+00 0.000000000E+00 4.068319415E+02
3.049280000E-03 2.631200000E+00 0.000000000E+00 4.065877847E+02
3.054760000E-03 2.630400000E+00 0.000000000E+00 4.058583980E+02
3.055560000E-03 2.630300000E+00 0.000000000E+00 4.057521371E+02
3.057070000E-03 2.630100000E+00 0.000000000E+00 4.055517211E+02
3.058380000E-03 2.629900000E+00 0.000000000E+00 4.053780106E+02
3.059540000E-03 2.629700000E+00 0.000000000E+00 4.052243148E+02
3.061400000E-03 2.629400000E+00 0.000000000E+00 4.049781146E+02
3.063150000E-03 2.629200000E+00 0.000000000E+00 4.047467476E+02
3.064270000E-03 2.629000000E+00 0.000000000E+00 4.045988115E+02
3.065940000E-03 2.628800000E+00 0.000000000E+00 4.043784288E+02
3.067610000E-03 2.628500000E+00 0.000000000E+00 4.041582861E+02
3.069880000E-03 2.628200000E+00 0.000000000E+00 4.038594342E+02
3.071570000E-03 2.627900000E+00 0.000000000E+00 4.036372279E+02
3.072850000E-03 2.627700000E+00 0.000000000E+00 4.034690922E+02
3.074760000E-03 2.627400000E+00 0.000000000E+00 4.032184626E+02
3.075710000E-03 2.627300000E+00 0.000000000E+00 4.030939198E+02
3.080320000E-03 2.626600000E+00 0.000000000E+00 4.024906503E+02
3.082140000E-03 2.626300000E+00 0.000000000E+00 4.022529801E+02
3.083060000E-03 2.626200000E+00 0.000000000E+00 4.021329458E+02
3.083740000E-03 2.626100000E+00 0.000000000E+00 4.020442709E+02
3.084200000E-03 2.626000000E+00 0.000000000E+00 4.019843071E+02
3.085470000E-03 2.625800000E+00 0.000000000E+00 4.018188477E+02
3.088420000E-03 2.625400000E+00 0.000000000E+00 4.014350380E+02
3.089840000E-03 2.625200000E+00 0.000000000E+00 4.012505502E+02
3.090560000E-03 2.625100000E+00 0.000000000E+00 4.011570719E+02
3.091270000E-03 2.625000000E+00 0.000000000E+00 4.010649345E+02
3.098580000E-03 2.623900000E+00 0.000000000E+00 4.001187641E+02
3.100880000E-03 2.623500000E+00 0.000000000E+00 3.998219860E+02
3.110480000E-03 2.622100000E+00 0.000000000E+00 3.985879993E+02
3.113180000E-03 2.621700000E+00 0.000000000E+00 3.982423117E+02
3.115390000E-03 2.621400000E+00 0.000000000E+00 3.979598060E+02
3.119840000E-03 2.620700000E+00 0.000000000E+00 3.973921740E+02
3.123000000E-03 2.620200000E+00 0.000000000E+00 3.969900736E+02
3.130610000E-03 2.619100000E+00 0.000000000E+00 3.960250558E+02
3.133770000E-03 2.618600000E+00 0.000000000E+00 3.956257160E+02
3.153450000E-03 2.615700000E+00 0.000000000E+00 3.931567014E+02
3.161060000E-03 2.614500000E+00 0.000000000E+00 3.922102080E+02
3.168670000E-03 2.613400000E+00 0.000000000E+00 3.912682608E+02
3.176280000E-03 2.612300000E+00 0.000000000E+00 3.903308273E+02
3.183890000E-03 2.611100000E+00 0.000000000E+00 3.893978749E+02
3.206730000E-03 2.607700000E+00 0.000000000E+00 3.866243806E+02
3.214340000E-03 2.606600000E+00 0.000000000E+00 3.857090414E+02
3.221950000E-03 2.605400000E+00 0.000000000E+00 3.847980260E+02
3.229570000E-03 2.604300000E+00 0.000000000E+00 3.838901154E+02
3.237180000E-03 2.603200000E+00 0.000000000E+00 3.829876621E+02
3.244790000E-03 2.602000000E+00 0.000000000E+00 3.820894418E+02
3.250060000E-03 2.601200000E+00 0.000000000E+00 3.814698806E+02
3.257720000E-03 2.600000000E+00 0.000000000E+00 3.805729160E+02
3.265380000E-03 2.598700000E+00 0.000000000E+00 3.796801597E+02
3.270370000E-03 2.597900000E+00 0.000000000E+00 3.791008357E+02
3.270750000E-03 2.597800000E+00 0.000000000E+00 3.790567913E+02
3.278810000E-03 2.596400000E+00 0.000000000E+00 3.781249905E+02
3.286860000E-03 2.595000000E+00 0.000000000E+00 3.771989072E+02
3.294910000E-03 2.593600000E+00 0.000000000E+00 3.762773490E+02
3.302960000E-03 2.592200000E+00 0.000000000E+00 3.753602829E+02
3.311010000E-03 2.590800000E+00 0.000000000E+00 3.744476761E+02
3.319060000E-03 2.589400000E+00 0.000000000E+00 3.735394961E+02
3.327110000E-03 2.588000000E+00 0.000000000E+00 3.726357109E+02
3.335160000E-03 2.586500000E+00 0.000000000E+00 3.717362885E+02
3.343210000E-03 2.585100000E+00 0.000000000E+00 3.708411975E+02
3.351260000E-03 2.583700000E+00 0.000000000E+00 3.699504067E+02
3.359310000E-03 2.582300000E+00 0.000000000E+00 3.690638851E+02
3.367360000E-03 2.580900000E+00 0.000000000E+00 3.681816022E+02
3.375410000E-03 2.579500000E+00 0.000000000E+00 3.673035276E+02
3.383460000E-03 2.578100000E+00 0.000000000E+00 3.664296312E+02
3.391510000E-03 2.576600000E+00 0.000000000E+00 3.655598834E+02
3.395810000E-03 2.575900000E+00 0.000000000E+00 3.650969872E+02
3.396190000E-03 2.575800000E+00 0.000000000E+00 3.650561364E+02
3.399560000E-03 2.575200000E+00 0.000000000E+00 3.646942546E+02
3.407610000E-03 2.573800000E+00 0.000000000E+00 3.638327156E+02
3.412910000E-03 2.572900000E+00 0.000000000E+00 3.632677100E+02
3.421270000E-03 2.571400000E+00 0.000000000E+00 3.623800519E+02
3.429620000E-03 2.569900000E+00 0.000000000E+00 3.614977753E+02
3.437980000E-03 2.568300000E+00 0.000000000E+00 3.606187354E+02
3.442160000E-03 2.567500000E+00 0.000000000E+00 3.601808167E+02
3.446340000E-03 2.566700000E+00 0.000000000E+00 3.597439603E+02
3.450520000E-03 2.565900000E+00 0.000000000E+00 3.593081622E+02
3.454700000E-03 2.565100000E+00 0.000000000E+00 3.588734188E+02
3.458880000E-03 2.564200000E+00 0.000000000E+00 3.584397262E+02
3.463060000E-03 2.563400000E+00 0.000000000E+00 3.580070804E+02
3.469330000E-03 2.562200000E+00 0.000000000E+00 3.573600666E+02
3.473510000E-03 2.561300000E+00 0.000000000E+00 3.569300218E+02
3.476650000E-03 2.560700000E+00 0.000000000E+00 3.566076539E+02
3.478210000E-03 2.560400000E+00 0.000000000E+00 3.564477130E+02
3.479000000E-03 2.560200000E+00 0.000000000E+00 3.563667721E+02
3.479390000E-03 2.560100000E+00 0.000000000E+00 3.563268274E+02
3.479580000E-03 2.560100000E+00 0.000000000E+00 3.563073704E+02
3.479730000E-03 2.560100000E+00 0.000000000E+00 3.562920112E+02
3.479760000E-03 2.560100000E+00 0.000000000E+00 3.562889395E+02
3.479800000E-03 2.560000000E+00 0.000000000E+00 3.562848440E+02
3.479890000E-03 2.560000000E+00 0.000000000E+00 3.562756294E+02
3.480090000E-03 2.560000000E+00 0.000000000E+00 3.562551543E+02
3.488140000E-03 2.558300000E+00 0.000000000E+00 3.554329815E+02
3.490230000E-03 2.557900000E+00 0.000000000E+00 3.552201431E+02
3.496500000E-03 2.556600000E+00 0.000000000E+00 3.545831546E+02
3.499210000E-03 2.556100000E+00 0.000000000E+00 3.543085439E+02
3.503280000E-03 2.555200000E+00 0.000000000E+00 3.538969195E+02
3.507350000E-03 2.554400000E+00 0.000000000E+00 3.534862503E+02
3.514460000E-03 2.552900000E+00 0.000000000E+00 3.527711227E+02
3.518020000E-03 2.552200000E+00 0.000000000E+00 3.524141420E+02
3.521580000E-03 2.551500000E+00 0.000000000E+00 3.520578831E+02
3.529940000E-03 2.549800000E+00 0.000000000E+00 3.512241001E+02
3.538290000E-03 2.548100000E+00 0.000000000E+00 3.503952474E+02
3.546650000E-03 2.546300000E+00 0.000000000E+00 3.495693119E+02
3.558890000E-03 2.543800000E+00 0.000000000E+00 3.483670470E+02
3.562970000E-03 2.543000000E+00 0.000000000E+00 3.479681277E+02
3.563370000E-03 2.542900000E+00 0.000000000E+00 3.479290671E+02
3.567480000E-03 2.542100000E+00 0.000000000E+00 3.475282272E+02
3.576070000E-03 2.540300000E+00 0.000000000E+00 3.466934372E+02
3.584660000E-03 2.538600000E+00 0.000000000E+00 3.458626481E+02
3.593250000E-03 2.536700000E+00 0.000000000E+00 3.450358311E+02
3.601840000E-03 2.534700000E+00 0.000000000E+00 3.442129578E+02
3.615610000E-03 2.531600000E+00 0.000000000E+00 3.429020276E+02
3.633410000E-03 2.527600000E+00 0.000000000E+00 3.412221577E+02
3.642300000E-03 2.525500000E+00 0.000000000E+00 3.403893144E+02
3.651200000E-03 2.523300000E+00 0.000000000E+00 3.395595968E+02
3.660100000E-03 2.521200000E+00 0.000000000E+00 3.387339144E+02
3.669000000E-03 2.519100000E+00 0.000000000E+00 3.379122377E+02
3.677900000E-03 2.517000000E+00 0.000000000E+00 3.370945376E+02
3.686800000E-03 2.514900000E+00 0.000000000E+00 3.362807855E+02
3.695700000E-03 2.512800000E+00 0.000000000E+00 3.354709527E+02
3.704600000E-03 2.510700000E+00 0.000000000E+00 3.346650111E+02
3.713500000E-03 2.508500000E+00 0.000000000E+00 3.338629325E+02
3.722400000E-03 2.506400000E+00 0.000000000E+00 3.330646894E+02
3.731300000E-03 2.504200000E+00 0.000000000E+00 3.322702543E+02
3.740200000E-03 2.501800000E+00 0.000000000E+00 3.314796000E+02
3.749100000E-03 2.499500000E+00 0.000000000E+00 3.306926996E+02
3.758000000E-03 2.497200000E+00 0.000000000E+00 3.299095263E+02
3.766900000E-03 2.494800000E+00 0.000000000E+00 3.291300539E+02
3.775790000E-03 2.492500000E+00 0.000000000E+00 3.283551257E+02
3.784690000E-03 2.490100000E+00 0.000000000E+00 3.275829724E+02
3.793590000E-03 2.487700000E+00 0.000000000E+00 3.268144423E+02
3.809510000E-03 2.483400000E+00 0.000000000E+00 3.254486798E+02
3.837360000E-03 2.475900000E+00 0.000000000E+00 3.230867054E+02
3.844520000E-03 2.473900000E+00 0.000000000E+00 3.224849916E+02
3.858240000E-03 2.469700000E+00 0.000000000E+00 3.213382268E+02
3.870300000E-03 2.466000000E+00 0.000000000E+00 3.203369248E+02
3.876630000E-03 2.464100000E+00 0.000000000E+00 3.198138589E+02
3.882160000E-03 2.462400000E+00 0.000000000E+00 3.193582954E+02
3.891850000E-03 2.459400000E+00 0.000000000E+00 3.185631512E+02
3.899110000E-03 2.457200000E+00 0.000000000E+00 3.179699983E+02
3.910010000E-03 2.453700000E+00 0.000000000E+00 3.170835880E+02
3.915450000E-03 2.451900000E+00 0.000000000E+00 3.166430423E+02
3.920900000E-03 2.450200000E+00 0.000000000E+00 3.162029126E+02
3.921130000E-03 2.450100000E+00 0.000000000E+00 3.161843652E+02
3.924530000E-03 2.449000000E+00 0.000000000E+00 3.159104402E+02
3.927940000E-03 2.447900000E+00 0.000000000E+00 3.156361859E+02
3.940430000E-03 2.443900000E+00 0.000000000E+00 3.146357123E+02
3.947280000E-03 2.441700000E+00 0.000000000E+00 3.140897023E+02
3.956940000E-03 2.438500000E+00 0.000000000E+00 3.133229212E+02
3.966610000E-03 2.435200000E+00 0.000000000E+00 3.125590870E+02
3.976280000E-03 2.432000000E+00 0.000000000E+00 3.117989679E+02
3.981790000E-03 2.430100000E+00 0.000000000E+00 3.113675005E+02
3.990070000E-03 2.427400000E+00 0.000000000E+00 3.107213658E+02
3.994200000E-03 2.425900000E+00 0.000000000E+00 3.104000801E+02
4.000000000E-03 2.423900000E+00 0.000000000E+00 3.099500000E+02
4.003160000E-03 2.422700000E+00 0.000000000E+00 3.097053328E+02
4.007990000E-03 2.420900000E+00 0.000000000E+00 3.093321091E+02
4.013210000E-03 2.419000000E+00 0.000000000E+00 3.089297595E+02
4.017370000E-03 2.417400000E+00 0.000000000E+00 3.086098617E+02
4.020990000E-03 2.416100000E+00 0.000000000E+00 3.083320277E+02
4.022810000E-03 2.415400000E+00 0.000000000E+00 3.081925321E+02
4.024170000E-03 2.414900000E+00 0.000000000E+00 3.080883760E+02
4.025030000E-03 2.414600000E+00 0.000000000E+00 3.080225489E+02
4.025320000E-03 2.414500000E+00 0.000000000E+00 3.080003577E+02
4.034290000E-03 2.411200000E+00 0.000000000E+00 3.073155376E+02
4.035800000E-03 2.410600000E+00 0.000000000E+00 3.072005550E+02
4.038440000E-03 2.409700000E+00 0.000000000E+00 3.069997326E+02
4.046360000E-03 2.406700000E+00 0.000000000E+00 3.063988375E+02
4.051390000E-03 2.404900000E+00 0.000000000E+00 3.060184282E+02
4.058940000E-03 2.402100000E+00 0.000000000E+00 3.054492060E+02
4.062710000E-03 2.400700000E+00 0.000000000E+00 3.051657637E+02
4.066480000E-03 2.399300000E+00 0.000000000E+00 3.048828471E+02
4.073330000E-03 2.396800000E+00 0.000000000E+00 3.043701345E+02
4.079520000E-03 2.394500000E+00 0.000000000E+00 3.039083029E+02
4.083300000E-03 2.393000000E+00 0.000000000E+00 3.036269684E+02
4.089410000E-03 2.390400000E+00 0.000000000E+00 3.031733184E+02
4.093280000E-03 2.388800000E+00 0.000000000E+00 3.028866826E+02
4.099310000E-03 2.386400000E+00 0.000000000E+00 3.024411425E+02
4.104500000E-03 2.384200000E+00 0.000000000E+00 3.020587160E+02
4.108700000E-03 2.382500000E+00 0.000000000E+00 3.017499452E+02
4.115000000E-03 2.379900000E+00 0.000000000E+00 3.012879708E+02
4.123220000E-03 2.376300000E+00 0.000000000E+00 3.006873269E+02
4.126110000E-03 2.375100000E+00 0.000000000E+00 3.004767202E+02
4.129000000E-03 2.373900000E+00 0.000000000E+00 3.002664083E+02
4.132600000E-03 2.372300000E+00 0.000000000E+00 3.000048396E+02
4.134400000E-03 2.371500000E+00 0.000000000E+00 2.998742260E+02
4.141180000E-03 2.368500000E+00 0.000000000E+00 2.993832676E+02
4.146160000E-03 2.366300000E+00 0.000000000E+00 2.990236749E+02
4.156120000E-03 2.361900000E+00 0.000000000E+00 2.983070749E+02
4.166080000E-03 2.357200000E+00 0.000000000E+00 2.975939012E+02
4.170330000E-03 2.355300000E+00 0.000000000E+00 2.972906221E+02
4.176700000E-03 2.352200000E+00 0.000000000E+00 2.968372160E+02
4.183070000E-03 2.349200000E+00 0.000000000E+00 2.963851908E+02
4.189840000E-03 2.346000000E+00 0.000000000E+00 2.959062876E+02
4.196600000E-03 2.342700000E+00 0.000000000E+00 2.954296335E+02
4.205920000E-03 2.338300000E+00 0.000000000E+00 2.947749838E+02
4.215880000E-03 2.333500000E+00 0.000000000E+00 2.940785791E+02
4.225610000E-03 2.328600000E+00 0.000000000E+00 2.934014261E+02
4.226720000E-03 2.328100000E+00 0.000000000E+00 2.933243745E+02
4.242930000E-03 2.319700000E+00 0.000000000E+00 2.922037366E+02
4.245760000E-03 2.318200000E+00 0.000000000E+00 2.920089689E+02
4.247620000E-03 2.317300000E+00 0.000000000E+00 2.918811005E+02
4.250200000E-03 2.315900000E+00 0.000000000E+00 2.917039198E+02
4.257940000E-03 2.311800000E+00 0.000000000E+00 2.911736661E+02
4.259240000E-03 2.311100000E+00 0.000000000E+00 2.910847945E+02
4.263220000E-03 2.309000000E+00 0.000000000E+00 2.908130474E+02
4.268990000E-03 2.305900000E+00 0.000000000E+00 2.904199822E+02
4.270210000E-03 2.305300000E+00 0.000000000E+00 2.903370092E+02
4.278740000E-03 2.300600000E+00 0.000000000E+00 2.897581998E+02
4.280500000E-03 2.299600000E+00 0.000000000E+00 2.896390609E+02
4.283800000E-03 2.297700000E+00 0.000000000E+00 2.894159391E+02
4.286680000E-03 2.296100000E+00 0.000000000E+00 2.892214954E+02
4.291730000E-03 2.293200000E+00 0.000000000E+00 2.888811738E+02
4.295510000E-03 2.291000000E+00 0.000000000E+00 2.886269616E+02
4.298350000E-03 2.289400000E+00 0.000000000E+00 2.884362604E+02
4.300480000E-03 2.288200000E+00 0.000000000E+00 2.882933998E+02
4.303670000E-03 2.286300000E+00 0.000000000E+00 2.880797087E+02
4.305270000E-03 2.285400000E+00 0.000000000E+00 2.879726475E+02
4.306870000E-03 2.284500000E+00 0.000000000E+00 2.878656658E+02
4.312130000E-03 2.281500000E+00 0.000000000E+00 2.875145230E+02
4.316560000E-03 2.278900000E+00 0.000000000E+00 2.872194525E+02
4.319620000E-03 2.277200000E+00 0.000000000E+00 2.870159875E+02
4.321660000E-03 2.275900000E+00 0.000000000E+00 2.868805043E+02
4.326210000E-03 2.273200000E+00 0.000000000E+00 2.865787837E+02
4.328480000E-03 2.271900000E+00 0.000000000E+00 2.864284922E+02
4.330760000E-03 2.270400000E+00 0.000000000E+00 2.862776972E+02
4.341160000E-03 2.263500000E+00 0.000000000E+00 2.855918695E+02
4.343910000E-03 2.261700000E+00 0.000000000E+00 2.854110698E+02
4.352160000E-03 2.256300000E+00 0.000000000E+00 2.848700415E+02
4.356620000E-03 2.253300000E+00 0.000000000E+00 2.845784117E+02
4.363310000E-03 2.248900000E+00 0.000000000E+00 2.841420848E+02
4.370010000E-03 2.244500000E+00 0.000000000E+00 2.837064446E+02
4.376390000E-03 2.240300000E+00 0.000000000E+00 2.832928510E+02
4.382780000E-03 2.236000000E+00 0.000000000E+00 2.828798160E+02
4.393180000E-03 2.228900000E+00 0.000000000E+00 2.822101530E+02
4.401610000E-03 2.223100000E+00 0.000000000E+00 2.816696618E+02
4.405720000E-03 2.220400000E+00 0.000000000E+00 2.814068983E+02
4.413990000E-03 2.214700000E+00 0.000000000E+00 2.808796576E+02
4.416070000E-03 2.213300000E+00 0.000000000E+00 2.807473613E+02
4.419720000E-03 2.210600000E+00 0.000000000E+00 2.805155078E+02
4.425200000E-03 2.206300000E+00 0.000000000E+00 2.801681280E+02
4.435830000E-03 2.197800000E+00 0.000000000E+00 2.794967345E+02
4.439480000E-03 2.194900000E+00 0.000000000E+00 2.792669412E+02
4.445540000E-03 2.189900000E+00 0.000000000E+00 2.788862545E+02
4.450310000E-03 2.186100000E+00 0.000000000E+00 2.785873344E+02
4.459510000E-03 2.178600000E+00 0.000000000E+00 2.780126068E+02
4.470310000E-03 2.169800000E+00 0.000000000E+00 2.773409450E+02
4.473010000E-03 2.167600000E+00 0.000000000E+00 2.771735364E+02
4.485760000E-03 2.157100000E+00 0.000000000E+00 2.763857184E+02
4.498220000E-03 2.145600000E+00 0.000000000E+00 2.756201342E+02
4.505530000E-03 2.138900000E+00 0.000000000E+00 2.751729541E+02
4.512840000E-03 2.132200000E+00 0.000000000E+00 2.747272228E+02
4.523100000E-03 2.122800000E+00 0.000000000E+00 2.741040437E+02
4.534310000E-03 2.111900000E+00 0.000000000E+00 2.734263868E+02
4.538100000E-03 2.107600000E+00 0.000000000E+00 2.731980344E+02
4.543100000E-03 2.102000000E+00 0.000000000E+00 2.728973608E+02
4.554280000E-03 2.089300000E+00 0.000000000E+00 2.722274432E+02
4.563210000E-03 2.079200000E+00 0.000000000E+00 2.716947061E+02
4.569890000E-03 2.071700000E+00 0.000000000E+00 2.712975586E+02
4.576640000E-03 2.064000000E+00 0.000000000E+00 2.708974269E+02
4.587830000E-03 2.051400000E+00 0.000000000E+00 2.702366914E+02
4.592280000E-03 2.046300000E+00 0.000000000E+00 2.699748273E+02
4.598270000E-03 2.039200000E+00 0.000000000E+00 2.696231409E+02
4.604530000E-03 2.031800000E+00 0.000000000E+00 2.692565799E+02
4.611940000E-03 2.022500000E+00 0.000000000E+00 2.688239656E+02
4.617490000E-03 2.014800000E+00 0.000000000E+00 2.685008522E+02
4.625820000E-03 2.003100000E+00 0.000000000E+00 2.680173461E+02
4.629990000E-03 1.997300000E+00 0.000000000E+00 2.677759563E+02
4.634160000E-03 1.991400000E+00 0.000000000E+00 2.675350009E+02
4.649320000E-03 1.969300000E+00 0.000000000E+00 2.666626517E+02
4.667480000E-03 1.938400000E+00 0.000000000E+00 2.656251339E+02
4.681480000E-03 1.914500000E+00 0.000000000E+00 2.648307800E+02
4.702480000E-03 1.874700000E+00 3.914290000E-06 2.636481176E+02
4.725460000E-03 1.824600000E+00 5.270020000E-05 2.623659919E+02
4.744970000E-03 1.773400000E+00 3.615560000E-04 2.612872157E+02
4.774060000E-03 1.677200000E+00 4.049030000E-03 2.596951023E+02
4.792210000E-03 1.599000000E+00 1.402870000E-02 2.587115339E+02
4.808790000E-03 1.512800000E+00 3.686670000E-02 2.578195346E+02
4.828790000E-03 1.393800000E+00 9.636870000E-02 2.567516914E+02
4.846450000E-03 1.290100000E+00 1.891780000E-01 2.558161128E+02
4.856690000E-03 1.239200000E+00 2.611410000E-01 2.552767420E+02
4.864850000E-03 1.207200000E+00 3.263580000E-01 2.548485565E+02
4.870040000E-03 1.191900000E+00 3.703540000E-01 2.545769645E+02
4.873060000E-03 1.188400000E+00 3.968580000E-01 2.544191945E+02
4.888460000E-03 1.168300000E+00 5.327740000E-01 2.536177037E+02
4.896520000E-03 1.173600000E+00 6.016410000E-01 2.532002320E+02
4.899660000E-03 1.178500000E+00 6.270010000E-01 2.530379659E+02
4.902340000E-03 1.182900000E+00 6.484630000E-01 2.528996357E+02
4.907190000E-03 1.193000000E+00 6.854990000E-01 2.526496834E+02
4.911560000E-03 1.203800000E+00 7.170890000E-01 2.524248915E+02
4.918560000E-03 1.223100000E+00 7.635980000E-01 2.520656452E+02
4.926070000E-03 1.245900000E+00 8.079290000E-01 2.516813606E+02
4.937690000E-03 1.281800000E+00 8.679420000E-01 2.510890720E+02
4.940810000E-03 1.290800000E+00 8.817200000E-01 2.509305154E+02
4.945410000E-03 1.304100000E+00 9.029640000E-01 2.506971111E+02
4.948110000E-03 1.311500000E+00 9.140360000E-01 2.505603149E+02
4.950500000E-03 1.318100000E+00 9.242530000E-01 2.504393496E+02
4.952660000E-03 1.324100000E+00 9.337910000E-01 2.503301256E+02
4.954250000E-03 1.327800000E+00 9.398840000E-01 2.502497855E+02
4.957070000E-03 1.334700000E+00 9.511040000E-01 2.501074223E+02
4.959710000E-03 1.341300000E+00 9.620950000E-01 2.499742929E+02
4.962710000E-03 1.349000000E+00 9.751940000E-01 2.498231813E+02
4.965620000E-03 1.355700000E+00 9.866280000E-01 2.496767775E+02
4.968740000E-03 1.363200000E+00 9.995370000E-01 2.495199990E+02
4.971940000E-03 1.371400000E+00 1.013410000E+00 2.493594050E+02
4.975860000E-03 1.380200000E+00 1.029380000E+00 2.491629588E+02
4.978780000E-03 1.387300000E+00 1.041860000E+00 2.490168274E+02
4.983000000E-03 1.398900000E+00 1.060630000E+00 2.488059402E+02
4.983750000E-03 1.400500000E+00 1.063690000E+00 2.487684976E+02
4.988710000E-03 1.412700000E+00 1.084890000E+00 2.485211608E+02
4.989340000E-03 1.414200000E+00 1.087590000E+00 2.484897802E+02
5.001820000E-03 1.457800000E+00 1.143000000E+00 2.478697754E+02
5.009360000E-03 1.478200000E+00 1.174680000E+00 2.474966862E+02
5.015950000E-03 1.503200000E+00 1.201200000E+00 2.471715228E+02
5.022760000E-03 1.532200000E+00 1.226820000E+00 2.468364007E+02
5.028220000E-03 1.557500000E+00 1.245900000E+00 2.465683681E+02
5.032550000E-03 1.578700000E+00 1.259590000E+00 2.463562210E+02
5.051230000E-03 1.665800000E+00 1.306420000E+00 2.454451688E+02
5.063700000E-03 1.725900000E+00 1.325790000E+00 2.448407291E+02
5.084640000E-03 1.815300000E+00 1.341500000E+00 2.438324050E+02
5.096020000E-03 1.860200000E+00 1.344410000E+00 2.432878992E+02
5.122540000E-03 1.945200000E+00 1.342550000E+00 2.420283687E+02
5.143840000E-03 2.004300000E+00 1.337800000E+00 2.410261594E+02
5.152110000E-03 2.025200000E+00 1.335910000E+00 2.406392721E+02
5.166630000E-03 2.057500000E+00 1.332110000E+00 2.399629933E+02
5.192170000E-03 2.111800000E+00 1.325400000E+00 2.387826285E+02
5.209340000E-03 2.143600000E+00 1.321270000E+00 2.379956002E+02
5.231920000E-03 2.185000000E+00 1.315830000E+00 2.369684552E+02
5.284100000E-03 2.265700000E+00 1.302790000E+00 2.346284135E+02
5.351180000E-03 2.353800000E+00 1.285310000E+00 2.316872167E+02
5.407150000E-03 2.415900000E+00 1.272050000E+00 2.292889970E+02
5.505260000E-03 2.510100000E+00 1.248080000E+00 2.252028060E+02
5.546970000E-03 2.544600000E+00 1.237360000E+00 2.235094114E+02
5.575070000E-03 2.567100000E+00 1.230340000E+00 2.223828580E+02
5.671470000E-03 2.635800000E+00 1.208490000E+00 2.186029372E+02
5.778170000E-03 2.701300000E+00 1.183590000E+00 2.145662035E+02
5.872570000E-03 2.751900000E+00 1.163010000E+00 2.111171089E+02
5.965200000E-03 2.797900000E+00 1.142570000E+00 2.078387984E+02
6.027460000E-03 2.824100000E+00 1.129360000E+00 2.056919498E+02
6.090700000E-03 2.850700000E+00 1.115930000E+00 2.035562415E+02
6.201380000E-03 2.895500000E+00 1.092690000E+00 1.999232429E+02
6.284390000E-03 2.923800000E+00 1.075900000E+00 1.972824729E+02
6.346650000E-03 2.944100000E+00 1.063590000E+00 1.953471516E+02
6.393340000E-03 2.957900000E+00 1.054670000E+00 1.939205486E+02
6.463380000E-03 2.978600000E+00 1.041300000E+00 1.918191411E+02
6.503040000E-03 2.990300000E+00 1.033730000E+00 1.906492963E+02
6.549500000E-03 3.002800000E+00 1.025180000E+00 1.892968929E+02
6.581660000E-03 3.011400000E+00 1.019260000E+00 1.883719305E+02
6.613820000E-03 3.019700000E+00 1.013380000E+00 1.874559634E+02
6.629910000E-03 3.023700000E+00 1.010450000E+00 1.870010302E+02
6.645990000E-03 3.027700000E+00 1.007520000E+00 1.865485804E+02
6.652420000E-03 3.029400000E+00 1.006350000E+00 1.863682690E+02
6.658860000E-03 3.031000000E+00 1.005180000E+00 1.861880262E+02
6.691640000E-03 3.039200000E+00 9.992080000E-01 1.852759563E+02
6.708030000E-03 3.043100000E+00 9.962460000E-01 1.848232641E+02
6.724420000E-03 3.046800000E+00 9.933060000E-01 1.843727786E+02
6.742470000E-03 3.050800000E+00 9.900670000E-01 1.838792015E+02
6.750510000E-03 3.052600000E+00 9.886250000E-01 1.836601975E+02
6.762580000E-03 3.055400000E+00 9.864610000E-01 1.833323968E+02
6.774640000E-03 3.058000000E+00 9.843290000E-01 1.830060343E+02
6.782680000E-03 3.059700000E+00 9.829150000E-01 1.827891040E+02
6.790720000E-03 3.061400000E+00 9.815000000E-01 1.825726874E+02
6.802780000E-03 3.064000000E+00 9.793790000E-01 1.822490217E+02
6.810820000E-03 3.065800000E+00 9.779650000E-01 1.820338814E+02
6.816850000E-03 3.067000000E+00 9.769040000E-01 1.818728592E+02
6.819860000E-03 3.067700000E+00 9.763740000E-01 1.817925881E+02
6.821370000E-03 3.068000000E+00 9.761090000E-01 1.817523459E+02
6.822130000E-03 3.068200000E+00 9.759760000E-01 1.817320983E+02
6.822690000E-03 3.068300000E+00 9.758770000E-01 1.817171819E+02
6.823010000E-03 3.068400000E+00 9.758210000E-01 1.817086594E+02
6.823130000E-03 3.068400000E+00 9.757990000E-01 1.817054636E+02
6.823260000E-03 3.068400000E+00 9.757770000E-01 1.817020017E+02
6.823350000E-03 3.068400000E+00 9.757600000E-01 1.816996050E+02
6.839150000E-03 3.071800000E+00 9.729820000E-01 1.812798374E+02
6.843250000E-03 3.072700000E+00 9.722610000E-01 1.811712271E+02
6.855540000E-03 3.075300000E+00 9.700990000E-01 1.808464395E+02
6.863730000E-03 3.077100000E+00 9.686570000E-01 1.806306484E+02
6.871930000E-03 3.078900000E+00 9.672160000E-01 1.804151090E+02
6.880120000E-03 3.080600000E+00 9.657750000E-01 1.802003453E+02
6.888320000E-03 3.082400000E+00 9.643330000E-01 1.799858311E+02
6.896510000E-03 3.084100000E+00 9.628920000E-01 1.797720876E+02
6.904710000E-03 3.085900000E+00 9.614500000E-01 1.795585912E+02
6.921100000E-03 3.089100000E+00 9.586530000E-01 1.791333748E+02
6.937490000E-03 3.092300000E+00 9.558920000E-01 1.787101675E+02
6.953880000E-03 3.095500000E+00 9.531300000E-01 1.782889552E+02
6.986660000E-03 3.101600000E+00 9.476360000E-01 1.774524594E+02
6.993430000E-03 3.102800000E+00 9.465100000E-01 1.772806763E+02
7.006920000E-03 3.105300000E+00 9.442650000E-01 1.769393685E+02
7.020310000E-03 3.107700000E+00 9.420380000E-01 1.766018880E+02
7.046880000E-03 3.112500000E+00 9.376190000E-01 1.759360171E+02
7.073030000E-03 3.117200000E+00 9.332690000E-01 1.752855565E+02
7.098770000E-03 3.121900000E+00 9.289860000E-01 1.746499746E+02
7.149450000E-03 3.131000000E+00 9.205790000E-01 1.734119408E+02
7.198540000E-03 3.139000000E+00 9.127270000E-01 1.722293687E+02
7.265240000E-03 3.149900000E+00 9.020590000E-01 1.706481823E+02
7.336810000E-03 3.160600000E+00 8.907800000E-01 1.689835228E+02
7.423290000E-03 3.173400000E+00 8.772430000E-01 1.670148950E+02
7.504360000E-03 3.183800000E+00 8.650640000E-01 1.652106242E+02
7.651630000E-03 3.202400000E+00 8.431480000E-01 1.620308353E+02
7.785230000E-03 3.217100000E+00 8.242730000E-01 1.592502726E+02
7.852360000E-03 3.224400000E+00 8.149060000E-01 1.578888385E+02
7.953290000E-03 3.234100000E+00 8.012490000E-01 1.558851746E+02
8.049180000E-03 3.241900000E+00 7.882730000E-01 1.540281122E+02
8.133100000E-03 3.247300000E+00 7.770060000E-01 1.524387995E+02
8.206520000E-03 3.250900000E+00 7.675230000E-01 1.510749989E+02
8.281810000E-03 3.254600000E+00 7.577990000E-01 1.497015749E+02
8.365660000E-03 3.258500000E+00 7.471800000E-01 1.482010983E+02
8.419200000E-03 3.260500000E+00 7.406890000E-01 1.472586469E+02
8.456860000E-03 3.261900000E+00 7.361230000E-01 1.466028762E+02
8.522770000E-03 3.264400000E+00 7.281680000E-01 1.454691374E+02
8.572190000E-03 3.266100000E+00 7.222470000E-01 1.446304853E+02
8.609260000E-03 3.267200000E+00 7.179130000E-01 1.440077312E+02
8.637070000E-03 3.268000000E+00 7.147050000E-01 1.435440491E+02
8.657920000E-03 3.268600000E+00 7.122990000E-01 1.431983664E+02
8.689200000E-03 3.269600000E+00 7.086910000E-01 1.426828707E+02
8.704840000E-03 3.270000000E+00 7.068860000E-01 1.424265121E+02
8.712660000E-03 3.270200000E+00 7.059840000E-01 1.422986780E+02
8.720480000E-03 3.270500000E+00 7.050820000E-01 1.421710732E+02
8.731210000E-03 3.270800000E+00 7.038440000E-01 1.419963556E+02
8.741940000E-03 3.271100000E+00 7.026060000E-01 1.418220670E+02
8.763410000E-03 3.271700000E+00 7.001290000E-01 1.414746086E+02
8.784870000E-03 3.272400000E+00 6.976530000E-01 1.411290093E+02
8.806330000E-03 3.273000000E+00 6.951760000E-01 1.407850944E+02
8.827800000E-03 3.273500000E+00 6.927360000E-01 1.404426924E+02
8.838530000E-03 3.273800000E+00 6.915200000E-01 1.402721946E+02
8.849260000E-03 3.274100000E+00 6.903040000E-01 1.401021102E+02
8.859990000E-03 3.274300000E+00 6.890880000E-01 1.399324378E+02
8.870730000E-03 3.274600000E+00 6.878720000E-01 1.397630184E+02
8.881460000E-03 3.274900000E+00 6.866560000E-01 1.395941658E+02
8.892190000E-03 3.275100000E+00 6.854400000E-01 1.394257208E+02
8.902920000E-03 3.275400000E+00 6.842340000E-01 1.392576817E+02
8.908290000E-03 3.275400000E+00 6.836420000E-01 1.391737359E+02
8.916340000E-03 3.275600000E+00 6.827540000E-01 1.390480848E+02
8.930420000E-03 3.275800000E+00 6.812010000E-01 1.388288569E+02
8.932480000E-03 3.275800000E+00 6.809740000E-01 1.387968403E+02
8.932810000E-03 3.275800000E+00 6.809380000E-01 1.387917128E+02
8.933390000E-03 3.275800000E+00 6.808740000E-01 1.387827018E+02
8.934250000E-03 3.275900000E+00 6.807790000E-01 1.387693427E+02
8.934690000E-03 3.275900000E+00 6.807310000E-01 1.387625088E+02
8.935790000E-03 3.275900000E+00 6.806090000E-01 1.387454271E+02
8.956580000E-03 3.276200000E+00 6.783160000E-01 1.384233714E+02
8.961950000E-03 3.276300000E+00 6.777240000E-01 1.383404281E+02
8.978050000E-03 3.276600000E+00 6.759490000E-01 1.380923474E+02
8.988780000E-03 3.276700000E+00 6.747650000E-01 1.379275052E+02
8.999510000E-03 3.276900000E+00 6.735820000E-01 1.377630560E+02
9.010250000E-03 3.277100000E+00 6.723980000E-01 1.375988458E+02
9.020980000E-03 3.277300000E+00 6.712150000E-01 1.374351789E+02
9.031710000E-03 3.277400000E+00 6.700310000E-01 1.372719009E+02
9.042440000E-03 3.277600000E+00 6.688470000E-01 1.371090104E+02
9.063910000E-03 3.278000000E+00 6.664800000E-01 1.367842355E+02
9.085370000E-03 3.278300000E+00 6.641240000E-01 1.364611458E+02
9.106830000E-03 3.278600000E+00 6.618090000E-01 1.361395788E+02
9.128300000E-03 3.278800000E+00 6.595010000E-01 1.358193749E+02
9.149760000E-03 3.279000000E+00 6.572850000E-01 1.355008219E+02
9.164650000E-03 3.279100000E+00 6.557480000E-01 1.352806708E+02
9.193480000E-03 3.279400000E+00 6.527710000E-01 1.348564417E+02
9.220510000E-03 3.279600000E+00 6.499800000E-01 1.344611090E+02
9.271190000E-03 3.280000000E+00 6.447470000E-01 1.337260913E+02
9.319120000E-03 3.280400000E+00 6.397980000E-01 1.330383126E+02
9.406700000E-03 3.281000000E+00 6.308850000E-01 1.317996747E+02
9.451360000E-03 3.281000000E+00 6.264960000E-01 1.311768888E+02
9.538670000E-03 3.281200000E+00 6.179140000E-01 1.299761916E+02
9.645600000E-03 3.280400000E+00 6.074240000E-01 1.285352907E+02
9.693080000E-03 3.279200000E+00 6.028350000E-01 1.279056812E+02
9.716820000E-03 3.278500000E+00 6.005400000E-01 1.275931838E+02
9.744290000E-03 3.277800000E+00 5.978850000E-01 1.272334875E+02
9.764300000E-03 3.277100000E+00 5.960190000E-01 1.269727477E+02
9.839220000E-03 3.274700000E+00 5.890360000E-01 1.260059232E+02
9.862910000E-03 3.273900000E+00 5.868270000E-01 1.257032661E+02
9.883010000E-03 3.273300000E+00 5.849530000E-01 1.254476116E+02
9.910300000E-03 3.272300000E+00 5.824460000E-01 1.251021664E+02
9.930490000E-03 3.271600000E+00 5.806010000E-01 1.248478172E+02
9.978480000E-03 3.270000000E+00 5.762190000E-01 1.242473804E+02
1.000540000E-02 3.269000000E+00 5.737600000E-01 1.239130869E+02
1.002740000E-02 3.268200000E+00 5.718350000E-01 1.236412230E+02
1.005250000E-02 3.267200000E+00 5.696340000E-01 1.233325044E+02
1.007620000E-02 3.266300000E+00 5.675490000E-01 1.230424168E+02
1.010070000E-02 3.265400000E+00 5.654070000E-01 1.227439682E+02
1.012510000E-02 3.264400000E+00 5.632730000E-01 1.224481734E+02
1.014960000E-02 3.263500000E+00 5.611590000E-01 1.221525971E+02
1.017400000E-02 3.262500000E+00 5.590450000E-01 1.218596422E+02
1.019840000E-02 3.261500000E+00 5.569320000E-01 1.215680891E+02
1.022290000E-02 3.260600000E+00 5.548180000E-01 1.212767414E+02
1.027180000E-02 3.258600000E+00 5.506800000E-01 1.206993906E+02
1.029620000E-02 3.257500000E+00 5.486250000E-01 1.204133564E+02
1.032060000E-02 3.256500000E+00 5.465710000E-01 1.201286747E+02
1.034510000E-02 3.255500000E+00 5.445160000E-01 1.198441774E+02
1.036950000E-02 3.254500000E+00 5.424620000E-01 1.195621775E+02
1.041840000E-02 3.252500000E+00 5.383530000E-01 1.190009982E+02
1.047380000E-02 3.250100000E+00 5.337440000E-01 1.183715557E+02
1.055110000E-02 3.246700000E+00 5.273560000E-01 1.175043360E+02
1.058000000E-02 3.245300000E+00 5.250250000E-01 1.171833648E+02
1.063210000E-02 3.242900000E+00 5.208730000E-01 1.166091365E+02
1.065810000E-02 3.241600000E+00 5.187980000E-01 1.163246733E+02
1.076920000E-02 3.236200000E+00 5.100210000E-01 1.151246146E+02
1.078830000E-02 3.235300000E+00 5.085320000E-01 1.149207938E+02
1.081440000E-02 3.234000000E+00 5.065000000E-01 1.146434384E+02
1.084510000E-02 3.232400000E+00 5.041000000E-01 1.143189090E+02
1.086640000E-02 3.231300000E+00 5.025030000E-01 1.140948244E+02
1.094460000E-02 3.227300000E+00 4.966540000E-01 1.132796082E+02
1.097060000E-02 3.225900000E+00 4.947090000E-01 1.130111389E+02
1.099270000E-02 3.224700000E+00 4.930770000E-01 1.127839384E+02
1.102270000E-02 3.223100000E+00 4.908680000E-01 1.124769793E+02
1.110800000E-02 3.218600000E+00 4.846080000E-01 1.116132517E+02
1.115380000E-02 3.216100000E+00 4.813230000E-01 1.111549427E+02
1.118120000E-02 3.214600000E+00 4.793610000E-01 1.108825529E+02
1.128340000E-02 3.204300000E+00 4.720420000E-01 1.098782282E+02
1.134090000E-02 3.195200000E+00 4.679790000E-01 1.093211297E+02
1.147300000E-02 3.162800000E+00 4.612970000E-01 1.080624074E+02
1.156480000E-02 3.124900000E+00 4.725770000E-01 1.072046209E+02
1.178180000E-02 3.123500000E+00 5.963920000E-01 1.052301007E+02
1.217800000E-02 3.248700000E+00 5.734610000E-01 1.018065364E+02
1.288250000E-02 3.282600000E+00 4.826220000E-01 9.623908403E+01
1.390440000E-02 3.260200000E+00 3.836900000E-01 8.916601939E+01
1.504020000E-02 3.205800000E+00 3.053320000E-01 8.243241446E+01
1.622480000E-02 3.129600000E+00 2.470940000E-01 7.641388492E+01
1.758370000E-02 2.994600000E+00 2.002460000E-01 7.050848229E+01
1.879000000E-02 2.875000000E+00 1.707530000E-01 6.598190527E+01
1.960490000E-02 2.794900000E+00 1.553880000E-01 6.323929222E+01
2.011910000E-02 2.744800000E+00 1.473370000E-01 6.162303483E+01
2.041740000E-02 2.715800000E+00 1.431300000E-01 6.072271690E+01
2.066240000E-02 2.692200000E+00 1.399290000E-01 6.000271024E+01
2.083290000E-02 2.675800000E+00 1.377420000E-01 5.951163784E+01
2.093760000E-02 2.664600000E+00 1.364670000E-01 5.921404554E+01
2.103350000E-02 2.652700000E+00 1.353390000E-01 5.894406542E+01
2.110550000E-02 2.643800000E+00 1.345020000E-01 5.874298169E+01
2.115950000E-02 2.636700000E+00 1.338770000E-01 5.859306694E+01
2.124040000E-02 2.625200000E+00 1.329660000E-01 5.836989887E+01
2.128090000E-02 2.619400000E+00 1.325260000E-01 5.825881424E+01
2.132140000E-02 2.613700000E+00 1.321010000E-01 5.814815162E+01
2.134810000E-02 2.609900000E+00 1.318210000E-01 5.807542592E+01
2.137390000E-02 2.606200000E+00 1.315500000E-01 5.800532425E+01
2.140010000E-02 2.602500000E+00 1.312740000E-01 5.793430872E+01
2.142640000E-02 2.598800000E+00 1.309990000E-01 5.786319680E+01
2.147880000E-02 2.591400000E+00 1.304540000E-01 5.772203289E+01
2.153130000E-02 2.584000000E+00 1.299130000E-01 5.758128864E+01
2.158380000E-02 2.576500000E+00 1.293730000E-01 5.744122907E+01
2.162090000E-02 2.571300000E+00 1.289910000E-01 5.734266381E+01
2.165930000E-02 2.565900000E+00 1.286050000E-01 5.724100040E+01
2.169960000E-02 2.560200000E+00 1.282270000E-01 5.713469373E+01
2.174120000E-02 2.554300000E+00 1.278380000E-01 5.702537118E+01
2.176750000E-02 2.550600000E+00 1.275920000E-01 5.695647180E+01
2.180800000E-02 2.544900000E+00 1.272140000E-01 5.685069699E+01
2.182230000E-02 2.542800000E+00 1.270840000E-01 5.681344313E+01
2.189870000E-02 2.532100000E+00 1.263890000E-01 5.661523287E+01
2.192970000E-02 2.527700000E+00 1.261060000E-01 5.653520112E+01
2.194770000E-02 2.525200000E+00 1.259420000E-01 5.648883482E+01
2.198340000E-02 2.520200000E+00 1.256170000E-01 5.639709963E+01
2.203710000E-02 2.512600000E+00 1.251280000E-01 5.625967119E+01
2.208030000E-02 2.506500000E+00 1.247350000E-01 5.614959942E+01
2.210970000E-02 2.502400000E+00 1.244670000E-01 5.607493544E+01
2.214190000E-02 2.497900000E+00 1.241770000E-01 5.599338810E+01
2.216380000E-02 2.494800000E+00 1.239940000E-01 5.593806116E+01
2.218930000E-02 2.491200000E+00 1.237810000E-01 5.587377700E+01
2.222770000E-02 2.485800000E+00 1.234600000E-01 5.577725091E+01
2.224690000E-02 2.483100000E+00 1.233000000E-01 5.572911282E+01
2.226600000E-02 2.480400000E+00 1.231400000E-01 5.568130782E+01
2.230540000E-02 2.474900000E+00 1.228110000E-01 5.558295301E+01
2.233240000E-02 2.471100000E+00 1.225850000E-01 5.551575290E+01
2.235130000E-02 2.468400000E+00 1.224350000E-01 5.546880942E+01
2.236120000E-02 2.467000000E+00 1.223560000E-01 5.544425165E+01
2.236610000E-02 2.466400000E+00 1.223170000E-01 5.543210484E+01
2.236850000E-02 2.466000000E+00 1.222970000E-01 5.542615732E+01
2.236980000E-02 2.465800000E+00 1.222870000E-01 5.542293628E+01
2.237100000E-02 2.465700000E+00 1.222780000E-01 5.541996335E+01
2.237130000E-02 2.465600000E+00 1.222750000E-01 5.541922016E+01
2.237260000E-02 2.465400000E+00 1.222640000E-01 5.541599993E+01
2.237520000E-02 2.465100000E+00 1.222440000E-01 5.540956058E+01
2.240360000E-02 2.461100000E+00 1.220170000E-01 5.533932047E+01
2.241310000E-02 2.459800000E+00 1.219410000E-01 5.531586438E+01
2.246680000E-02 2.452300000E+00 1.215120000E-01 5.518364876E+01
2.249370000E-02 2.448500000E+00 1.212980000E-01 5.511765517E+01
2.252050000E-02 2.444800000E+00 1.210830000E-01 5.505206368E+01
2.255820000E-02 2.439500000E+00 1.207820000E-01 5.496005887E+01
2.259590000E-02 2.434200000E+00 1.204850000E-01 5.486836107E+01
2.265000000E-02 2.426700000E+00 1.200710000E-01 5.473730684E+01
2.268170000E-02 2.422200000E+00 1.198430000E-01 5.466080585E+01
2.273540000E-02 2.414700000E+00 1.194560000E-01 5.453169946E+01
2.275800000E-02 2.411600000E+00 1.192930000E-01 5.447754636E+01
2.278910000E-02 2.407200000E+00 1.190690000E-01 5.440320153E+01
2.281200000E-02 2.404000000E+00 1.189040000E-01 5.434858846E+01
2.286610000E-02 2.396500000E+00 1.185150000E-01 5.422000254E+01
2.289650000E-02 2.392200000E+00 1.182950000E-01 5.414801389E+01
2.292010000E-02 2.388900000E+00 1.181260000E-01 5.409225963E+01
2.297410000E-02 2.381400000E+00 1.177370000E-01 5.396511724E+01
2.302810000E-02 2.373800000E+00 1.173480000E-01 5.383857114E+01
2.310730000E-02 2.362700000E+00 1.167910000E-01 5.365404007E+01
2.319320000E-02 2.350700000E+00 1.162440000E-01 5.345532311E+01
2.335090000E-02 2.328600000E+00 1.152400000E-01 5.309431328E+01
2.350850000E-02 2.301500000E+00 1.142360000E-01 5.273837123E+01
2.362420000E-02 2.281600000E+00 1.135290000E-01 5.248008398E+01
2.368210000E-02 2.271700000E+00 1.132210000E-01 5.235177624E+01
2.373990000E-02 2.260500000E+00 1.129120000E-01 5.222431434E+01
2.379780000E-02 2.248400000E+00 1.126030000E-01 5.209725269E+01
2.385560000E-02 2.236300000E+00 1.122950000E-01 5.197102567E+01
2.391350000E-02 2.224100000E+00 1.119860000E-01 5.184519205E+01
2.397140000E-02 2.212000000E+00 1.116770000E-01 5.171996629E+01
2.402920000E-02 2.199900000E+00 1.113690000E-01 5.159555874E+01
2.408710000E-02 2.187700000E+00 1.110600000E-01 5.147153456E+01
2.414500000E-02 2.175600000E+00 1.107570000E-01 5.134810520E+01
2.420280000E-02 2.163500000E+00 1.104840000E-01 5.122547804E+01
2.430480000E-02 2.142100000E+00 1.100070000E-01 5.101049998E+01
2.437640000E-02 2.127100000E+00 1.096720000E-01 5.086066852E+01
2.443430000E-02 2.115000000E+00 1.094020000E-01 5.074014807E+01
2.449370000E-02 2.102500000E+00 1.091240000E-01 5.061709746E+01
2.455000000E-02 2.090800000E+00 1.088610000E-01 5.050101833E+01
2.466570000E-02 2.060900000E+00 1.083460000E-01 5.026413197E+01
2.471720000E-02 2.047100000E+00 1.081200000E-01 5.015940317E+01
2.483930000E-02 2.014300000E+00 1.076280000E-01 4.991283973E+01
2.490010000E-02 1.998000000E+00 1.073850000E-01 4.979096469E+01
2.493450000E-02 1.988700000E+00 1.072470000E-01 4.972227235E+01
2.496100000E-02 1.981600000E+00 1.071410000E-01 4.966948440E+01
2.502180000E-02 1.965300000E+00 1.068970000E-01 4.954879345E+01
2.508260000E-02 1.948900000E+00 1.066540000E-01 4.942868762E+01
2.515210000E-02 1.930300000E+00 1.063920000E-01 4.929210682E+01
2.522150000E-02 1.911700000E+00 1.061310000E-01 4.915647364E+01
2.528060000E-02 1.895800000E+00 1.059310000E-01 4.904155756E+01
2.533570000E-02 1.881100000E+00 1.057450000E-01 4.893490213E+01
2.539580000E-02 1.864900000E+00 1.055420000E-01 4.881909607E+01
2.546640000E-02 1.846000000E+00 1.053030000E-01 4.868375585E+01
2.555570000E-02 1.822100000E+00 1.050010000E-01 4.851363884E+01
2.562630000E-02 1.803200000E+00 1.047700000E-01 4.837998463E+01
2.569700000E-02 1.784200000E+00 1.045470000E-01 4.824687707E+01
2.576270000E-02 1.766600000E+00 1.043450000E-01 4.812383795E+01
2.586330000E-02 1.734500000E+00 1.040640000E-01 4.793665155E+01
2.594630000E-02 1.704600000E+00 1.038360000E-01 4.778330629E+01
2.620360000E-02 1.595800000E+00 1.039260000E-01 4.731410951E+01
2.641600000E-02 1.461600000E+00 1.154650000E-01 4.693367656E+01
2.655260000E-02 1.345400000E+00 1.501340000E-01 4.669222600E+01
2.673240000E-02 1.187000000E+00 2.667770000E-01 4.637817779E+01
2.710070000E-02 1.083300000E+00 6.526360000E-01 4.574789581E+01
2.782100000E-02 1.352400000E+00 1.051380000E+00 4.456345926E+01
2.896440000E-02 1.512200000E+00 1.075070000E+00 4.280427007E+01
2.993050000E-02 1.523100000E+00 1.099600000E+00 4.142262909E+01
3.108700000E-02 1.457500000E+00 1.143720000E+00 3.988162254E+01
3.334820000E-02 1.227900000E+00 1.292190000E+00 3.717741887E+01
3.500000000E-02 1.025200000E+00 1.454730000E+00 3.542285714E+01
3.781230000E-02 6.718000000E-01 1.832340000E+00 3.278827260E+01
4.070870000E-02 3.411000000E-01 2.330370000E+00 3.045540634E+01
4.168690000E-02 2.433000000E-01 2.520770000E+00 2.974075789E+01
4.232160000E-02 1.887000000E-01 2.652730000E+00 2.929473366E+01
4.316780000E-02 1.321000000E-01 2.841320000E+00 2.872048147E+01
4.677350000E-02 -1.077000000E-01 3.644380000E+00 2.650646199E+01
4.731510000E-02 -1.301000000E-01 3.769480000E+00 2.620305146E+01
4.900000000E-02 -1.711000000E-01 4.170570000E+00 2.530204082E+01
4.930940000E-02 -1.761000000E-01 4.244460000E+00 2.514327897E+01
5.080000000E-02 -1.769000000E-01 4.600970000E+00 2.440551181E+01
5.099940000E-02 -1.753000000E-01 4.648510000E+00 2.431008992E+01
5.248080000E-02 -1.477000000E-01 4.999210000E+00 2.362387768E+01
5.279160000E-02 -1.397000000E-01 5.072250000E+00 2.348479682E+01
5.370320000E-02 -1.068000000E-01 5.284570000E+00 2.308614757E+01
5.450000000E-02 -7.330000000E-02 5.466810000E+00 2.274862385E+01
5.580000000E-02 -9.100000000E-03 5.760480000E+00 2.221863799E+01
5.650000000E-02 3.250000000E-02 5.914370000E+00 2.194336283E+01
5.804950000E-02 1.345000000E-01 6.248780000E+00 2.135763443E+01
6.025600000E-02 3.068000000E-01 6.702530000E+00 2.057554434E+01
6.309570000E-02 5.642000000E-01 7.244860000E+00 1.964951653E+01
6.683440000E-02 9.218000000E-01 7.896690000E+00 1.855032738E+01
7.413100000E-02 1.685500000E+00 9.005950000E+00 1.672444726E+01
9.146400000E-02 3.686000000E+00 1.102170000E+01 1.355505991E+01
1.009250000E-01 4.764900000E+00 1.178320000E+01 1.228436958E+01
1.031290000E-01 4.973200000E+00 1.192760000E+01 1.202183673E+01
1.045560000E-01 5.072400000E+00 1.201240000E+01 1.185776043E+01
1.052890000E-01 5.095500000E+00 1.205820000E+01 1.177520919E+01
1.061130000E-01 5.086700000E+00 1.214700000E+01 1.168377107E+01
1.077140000E-01 5.183500000E+00 1.254880000E+01 1.151011011E+01
1.105390000E-01 5.723600000E+00 1.291600000E+01 1.121595093E+01
1.164250000E-01 6.854600000E+00 1.326960000E+01 1.064891561E+01
1.306600000E-01 8.688000000E+00 1.349820000E+01 9.488749426E+00
1.503580000E-01 1.060550000E+01 1.357840000E+01 8.245653706E+00
1.551670000E-01 1.085040000E+01 1.357790000E+01 7.990100988E+00
1.587820000E-01 1.102410000E+01 1.399720000E+01 7.808189845E+00
1.672290000E-01 1.222140000E+01 1.407570000E+01 7.413785886E+00
1.969870000E-01 1.489210000E+01 1.360510000E+01 6.293816343E+00
2.364560000E-01 1.738880000E+01 1.255340000E+01 5.243258788E+00
2.880000000E-01 1.950690000E+01 1.107890000E+01 4.304861111E+00
3.507520000E-01 2.102318000E+01 9.413620000E+00 3.534691178E+00
4.290420000E-01 2.198539000E+01 7.762360000E+00 2.889693783E+00
5.293590000E-01 2.244070000E+01 6.190040000E+00 2.342077872E+00
6.398660000E-01 2.239093000E+01 4.961350000E+00 1.937593184E+00
7.654310000E-01 2.185763000E+01 3.975560000E+00 1.619741035E+00
8.924300000E-01 2.073420000E+01 3.261230000E+00 1.389240613E+00
9.815790000E-01 1.927520000E+01 2.874120000E+00 1.263066956E+00
1.035230000E+00 1.774010000E+01 2.673600000E+00 1.197608261E+00
1.063480000E+00 1.650820000E+01 2.577740000E+00 1.165795313E+00
1.090340000E+00 1.458640000E+01 2.492500000E+00 1.137076508E+00
1.100930000E+00 1.326560000E+01 2.510170000E+00 1.126138810E+00
1.106150000E+00 1.235890000E+01 2.650820000E+00 1.120824481E+00
1.110110000E+00 1.153020000E+01 2.927000000E+00 1.116826260E+00
1.113860000E+00 1.069000000E+01 3.403960000E+00 1.113066274E+00
1.118100000E+00 9.796400000E+00 4.242260000E+00 1.108845363E+00
1.124610000E+00 8.885500000E+00 6.034050000E+00 1.102426619E+00
1.130870000E+00 8.728000000E+00 7.879690000E+00 1.096324069E+00
1.140620000E+00 9.272600000E+00 1.016140000E+01 1.086952710E+00
1.153240000E+00 1.032770000E+01 1.266150000E+01 1.075058097E+00
1.164800000E+00 1.214680000E+01 1.451250000E+01 1.064388736E+00
1.177930000E+00 1.440930000E+01 1.527490000E+01 1.052524344E+00
1.195060000E+00 1.647210000E+01 1.530290000E+01 1.037437451E+00
1.220840000E+00 1.849690000E+01 1.497300000E+01 1.015530291E+00
1.251010000E+00 1.988800000E+01 1.443770000E+01 9.910392403E-01
1.272220000E+00 2.028190000E+01 1.414920000E+01 9.745169861E-01
1.288080000E+00 2.032600000E+01 1.456450000E+01 9.625178560E-01
1.303160000E+00 2.113501000E+01 1.518890000E+01 9.513797231E-01
1.324590000E+00 2.246228000E+01 1.507350000E+01 9.359877396E-01
1.357430000E+00 2.370673000E+01 1.454940000E+01 9.133435978E-01
1.406720000E+00 2.499849000E+01 1.383860000E+01 8.813409918E-01
1.470090000E+00 2.620765000E+01 1.301830000E+01 8.433497269E-01
1.533270000E+00 2.711974000E+01 1.227340000E+01 8.085986160E-01
1.617320000E+00 2.803706000E+01 1.137920000E+01 7.665768061E-01
1.702220000E+00 2.872021000E+01 1.056940000E+01 7.283429874E-01
1.782630000E+00 2.922312000E+01 9.885690000E+00 6.954892490E-01
1.863760000E+00 2.962836000E+01 9.254790000E+00 6.652144053E-01
1.955750000E+00 2.998321000E+01 8.606680000E+00 6.339256040E-01
2.040820000E+00 3.023563300E+01 8.061850000E+00 6.075009065E-01
2.128120000E+00 3.043386100E+01 7.559430000E+00 5.825799297E-01
2.212250000E+00 3.058568200E+01 7.122310000E+00 5.604249068E-01
2.292100000E+00 3.070328000E+01 6.743840000E+00 5.409013568E-01
2.348660000E+00 3.077498900E+01 6.490820000E+00 5.278754694E-01
2.400000000E+00 3.082861500E+01 6.272440000E+00 5.165833333E-01
2.451620000E+00 3.087326400E+01 6.064390000E+00 5.057064308E-01
2.508270000E+00 3.091635870E+01 5.848700000E+00 4.942849055E-01
2.566700000E+00 3.095498120E+01 5.637040000E+00 4.830326879E-01
2.599280000E+00 3.097272400E+01 5.524460000E+00 4.769782401E-01
2.631690000E+00 3.098879040E+01 5.413750000E+00 4.711041194E-01
2.638800000E+00 3.099160092E+01 5.390200000E+00 4.698347734E-01
2.666710000E+00 3.100142227E+01 5.299420000E+00 4.649174451E-01
2.681870000E+00 3.100651433E+01 5.251890000E+00 4.622893727E-01
2.697970000E+00 3.101201390E+01 5.201810000E+00 4.595306842E-01
2.744990000E+00 3.102652980E+01 5.058830000E+00 4.516592046E-01
2.809100000E+00 3.104214370E+01 4.873830000E+00 4.413513225E-01
2.876390000E+00 3.105368490E+01 4.691850000E+00 4.310263907E-01
2.988590000E+00 3.106696110E+01 4.409660000E+00 4.148444584E-01
3.077190000E+00 3.107071830E+01 4.202220000E+00 4.029000484E-01
3.165670000E+00 3.106511650E+01 4.009960000E+00 3.916390527E-01
3.225080000E+00 3.105943620E+01 3.888440000E+00 3.844245724E-01
3.396300000E+00 3.103656080E+01 3.569820000E+00 3.650443129E-01
3.490520000E+00 3.101975120E+01 3.410440000E+00 3.551906306E-01
3.524930000E+00 3.101332200E+01 3.355110000E+00 3.517232966E-01
3.546740000E+00 3.100893489E+01 3.320310000E+00 3.495604414E-01
3.619280000E+00 3.099344815E+01 3.209810000E+00 3.425543202E-01
3.650820000E+00 3.098673290E+01 3.163700000E+00 3.395949403E-01
3.832110000E+00 3.094427300E+01 2.917520000E+00 3.235293350E-01
4.001890000E+00 3.090350500E+01 2.709930000E+00 3.098036178E-01
4.568770000E+00 3.075379100E+01 2.162590000E+00 2.713640652E-01
5.195470000E+00 3.057379600E+01 1.731900000E+00 2.386309612E-01
5.888440000E+00 3.038486400E+01 1.391560000E+00 2.105481248E-01
6.691860000E+00 3.015926200E+01 1.110260000E+00 1.852698652E-01
7.607580000E+00 2.987651000E+01 8.831820000E-01 1.629690388E-01
8.429100000E+00 2.956006000E+01 7.346620000E-01 1.470856912E-01
9.033170000E+00 2.922970000E+01 6.484640000E-01 1.372497141E-01
9.440610000E+00 2.889846000E+01 5.987350000E-01 1.313262596E-01
9.718190000E+00 2.855680000E+01 5.678540000E-01 1.275751966E-01
9.927730000E+00 2.816504000E+01 5.462180000E-01 1.248825260E-01
1.006460000E+01 2.773205000E+01 5.356680000E-01 1.231842299E-01
1.011190000E+01 2.750180000E+01 5.454340000E-01 1.226080163E-01
1.014520000E+01 2.729575000E+01 5.748540000E-01 1.222055751E-01
1.017090000E+01 2.710701000E+01 6.252170000E-01 1.218967840E-01
1.019520000E+01 2.690754000E+01 7.084670000E-01 1.216062461E-01
1.021860000E+01 2.670432000E+01 8.329970000E-01 1.213277748E-01
1.024490000E+01 2.647993000E+01 1.036380000E+00 1.210163106E-01
1.027700000E+01 2.624808000E+01 1.380280000E+00 1.206383186E-01
1.032010000E+01 2.611368000E+01 1.969070000E+00 1.201344948E-01
1.036490000E+01 2.618457000E+01 2.611570000E+00 1.196152399E-01
1.040190000E+01 2.643370000E+01 3.056740000E+00 1.191897634E-01
1.045330000E+01 2.690430000E+01 3.455210000E+00 1.186036945E-01
1.052900000E+01 2.754842000E+01 3.655050000E+00 1.177509735E-01
1.061080000E+01 2.801750000E+01 3.653460000E+00 1.168432163E-01
1.070910000E+01 2.839810000E+01 3.607110000E+00 1.157706997E-01
1.084920000E+01 2.878177000E+01 3.539310000E+00 1.142757070E-01
1.104960000E+01 2.916921000E+01 3.438980000E+00 1.122031567E-01
1.131750000E+01 2.953979000E+01 3.312060000E+00 1.095471615E-01
1.163750000E+01 2.985635000E+01 3.168820000E+00 1.065349087E-01
1.196590000E+01 3.009883900E+01 3.033250000E+00 1.036110949E-01
1.229710000E+01 3.029706300E+01 2.904710000E+00 1.008205187E-01
1.263800000E+01 3.046082500E+01 2.778900000E+00 9.810096534E-02
1.299950000E+01 3.059916700E+01 2.652310000E+00 9.537289896E-02
1.328630000E+01 3.069000100E+01 2.558250000E+00 9.331416572E-02
1.362070000E+01 3.078201300E+01 2.454390000E+00 9.102322201E-02
1.390350000E+01 3.084506500E+01 2.372680000E+00 8.917179128E-02
1.418830000E+01 3.090419360E+01 2.293930000E+00 8.738185688E-02
1.459370000E+01 3.097465200E+01 2.189130000E+00 8.495446665E-02
1.479110000E+01 3.100327907E+01 2.141100000E+00 8.382067595E-02
1.487670000E+01 3.101577510E+01 2.120340000E+00 8.333837477E-02
1.523860000E+01 3.106229190E+01 2.037690000E+00 8.135917998E-02
1.569060000E+01 3.111297700E+01 1.940130000E+00 7.901546149E-02
1.626170000E+01 3.116324300E+01 1.826690000E+00 7.624049146E-02
1.678430000E+01 3.120071600E+01 1.730590000E+00 7.386664919E-02
1.747200000E+01 3.123834200E+01 1.613990000E+00 7.095924908E-02
1.840770000E+01 3.127365000E+01 1.474180000E+00 6.735224933E-02
1.985620000E+01 3.130523300E+01 1.292410000E+00 6.243893595E-02
2.159610000E+01 3.132198100E+01 1.113540000E+00 5.740851357E-02
2.437360000E+01 3.131695300E+01 8.959810000E-01 5.086651131E-02
2.776360000E+01 3.129388600E+01 7.063990000E-01 4.465559221E-02
3.136920000E+01 3.126039400E+01 5.636460000E-01 3.952284406E-02
3.521860000E+01 3.122498800E+01 4.532130000E-01 3.520298933E-02
3.971620000E+01 3.118745900E+01 3.608180000E-01 3.121648093E-02
4.460410000E+01 3.115193600E+01 2.883960000E-01 2.779565107E-02
5.045400000E+01 3.111682200E+01 2.268920000E-01 2.457287827E-02
5.664020000E+01 3.108657900E+01 1.807810000E-01 2.188904700E-02
6.335400000E+01 3.106026700E+01 1.448120000E-01 1.956940367E-02
6.976550000E+01 3.103983900E+01 1.195000000E-01 1.777096129E-02
7.534300000E+01 3.102506250E+01 1.024450000E-01 1.645541059E-02
7.973110000E+01 3.101499480E+01 9.138290000E-02 1.554976665E-02
8.372090000E+01 3.100687948E+01 8.278670000E-02 1.480872757E-02
8.552090000E+01 3.100346677E+01 7.930750000E-02 1.449704107E-02
8.744890000E+01 3.100001623E+01 7.580420000E-02 1.417742247E-02
8.750420000E+01 3.099991829E+01 7.570430000E-02 1.416846277E-02
9.005990000E+01 3.099559856E+01 7.142870000E-02 1.376639326E-02
9.258890000E+01 3.099159213E+01 6.754800000E-02 1.339037401E-02
9.772510000E+01 3.098415240E+01 6.052950000E-02 1.268660764E-02
1.049160000E+02 3.097524570E+01 5.243840000E-02 1.181707271E-02
1.150370000E+02 3.096488260E+01 4.347630000E-02 1.077740205E-02
1.288250000E+02 3.095386430E+01 3.452420000E-02 9.623908403E-03
1.444630000E+02 3.094444960E+01 2.734610000E-02 8.582128296E-03
1.613470000E+02 3.093676050E+01 2.184350000E-02 7.684059821E-03
1.805110000E+02 3.093020110E+01 1.743770000E-02 6.868279495E-03
2.015020000E+02 3.092481180E+01 1.398410000E-02 6.152792528E-03
2.241540000E+02 3.092040910E+01 1.132600000E-02 5.531018853E-03
2.499270000E+02 3.091661390E+01 9.147230000E-03 4.960648509E-03
2.809960000E+02 3.091324080E+01 7.299120000E-03 4.412162451E-03
3.167760000E+02 3.091042740E+01 5.827000000E-03 3.913806602E-03
3.558840000E+02 3.090820470E+01 4.710540000E-03 3.483719414E-03
3.986090000E+02 3.090643760E+01 3.854650000E-03 3.110316124E-03
4.487780000E+02 3.090493660E+01 3.150350000E-03 2.762613141E-03
5.103310000E+02 3.090363600E+01 2.558070000E-03 2.429403662E-03
5.822080000E+02 3.090258760E+01 2.092160000E-03 2.129479499E-03
6.664230000E+02 3.090174990E+01 1.725660000E-03 1.860379969E-03
7.646500000E+02 3.090109630E+01 1.442370000E-03 1.621395410E-03
8.913100000E+02 3.090056040E+01 1.202940000E-03 1.390986301E-03
1.026400000E+03 3.090019200E+01 1.033950000E-03 1.207911146E-03
1.228710000E+03 3.089985000E+01 8.554010000E-04 1.009025726E-03
1.477240000E+03 3.089960800E+01 7.046230000E-04 8.392678238E-04
1.776030000E+03 3.089944000E+01 5.804210000E-04 6.980737938E-04
2.135260000E+03 3.089932400E+01 4.781130000E-04 5.806318668E-04
2.567150000E+03 3.089924300E+01 3.938380000E-04 4.829480163E-04
3.086390000E+03 3.089918800E+01 3.244170000E-04 4.016990724E-04
3.710660000E+03 3.089914900E+01 2.672340000E-04 3.341184587E-04
4.461190000E+03 3.089912300E+01 2.201290000E-04 2.779079125E-04
5.363530000E+03 3.089910400E+01 1.813280000E-04 2.311537364E-04
6.448380000E+03 3.089909200E+01 1.493660000E-04 1.922653442E-04
7.752660000E+03 3.089908300E+01 1.230380000E-04 1.599193051E-04
9.320750000E+03 3.089907700E+01 1.013500000E-04 1.330150471E-04
1.000000000E+04 3.089907500E+01 9.427320000E-05 1.239800000E-04
