# Data retrieved from https://www-nds.iaea.org/epdl97/za1to100.htm 03/01/2021
# Element, Gd  (Z = 64) 
# Atomic weight, g mol-1 = 157.25 
# Nominal density, g cm-3 =  7.90040E+0 
# Relativistic correction estimate f_rel(5CL)*,  e atom-1 =  0 
# Nuclear Thomson correction f_NT*, e atom-1 =  0 
#    E [keV]      f1 [e atom-1]      f2 [e atom-1]    Wavelength [nm] 
1.000000000E-03 1.402350000E+01 0.000000000E+00 1.239800000E+03
1.168580000E-03 1.401590000E+01 0.000000000E+00 1.060945763E+03
1.295020000E-03 1.401030000E+01 0.000000000E+00 9.573597319E+02
1.484680000E-03 1.400170000E+01 0.000000000E+00 8.350621009E+02
1.674340000E-03 1.399320000E+01 0.000000000E+00 7.404708721E+02
1.678460000E-03 1.399300000E+01 0.000000000E+00 7.386532893E+02
1.682580000E-03 1.399280000E+01 0.000000000E+00 7.368446077E+02
1.686700000E-03 1.399270000E+01 0.000000000E+00 7.350447620E+02
1.690820000E-03 1.399250000E+01 0.000000000E+00 7.332536876E+02
1.694940000E-03 1.399230000E+01 0.000000000E+00 7.314713205E+02
1.699070000E-03 1.399210000E+01 0.000000000E+00 7.296933028E+02
1.703190000E-03 1.399190000E+01 0.000000000E+00 7.279281818E+02
1.707310000E-03 1.399170000E+01 0.000000000E+00 7.261715799E+02
1.711430000E-03 1.399150000E+01 0.000000000E+00 7.244234354E+02
1.715550000E-03 1.399140000E+01 0.000000000E+00 7.226836874E+02
1.719670000E-03 1.399120000E+01 0.000000000E+00 7.209522757E+02
1.723790000E-03 1.399100000E+01 0.000000000E+00 7.192291404E+02
1.727910000E-03 1.399080000E+01 0.000000000E+00 7.175142224E+02
1.736160000E-03 1.399040000E+01 0.000000000E+00 7.141046908E+02
1.740280000E-03 1.399030000E+01 0.000000000E+00 7.124140943E+02
1.744400000E-03 1.399010000E+01 0.000000000E+00 7.107314836E+02
1.748520000E-03 1.398990000E+01 0.000000000E+00 7.090568023E+02
1.752640000E-03 1.398970000E+01 0.000000000E+00 7.073899945E+02
1.756760000E-03 1.398950000E+01 0.000000000E+00 7.057310048E+02
1.869400000E-03 1.398440000E+01 0.000000000E+00 6.632074462E+02
1.874000000E-03 1.398420000E+01 0.000000000E+00 6.615795091E+02
1.878600000E-03 1.398400000E+01 0.000000000E+00 6.599595443E+02
1.883200000E-03 1.398380000E+01 0.000000000E+00 6.583474936E+02
1.887800000E-03 1.398360000E+01 0.000000000E+00 6.567432991E+02
1.892400000E-03 1.398340000E+01 0.000000000E+00 6.551469034E+02
1.897000000E-03 1.398320000E+01 0.000000000E+00 6.535582499E+02
1.901610000E-03 1.398300000E+01 0.000000000E+00 6.519738537E+02
1.906210000E-03 1.398280000E+01 0.000000000E+00 6.504005330E+02
1.910810000E-03 1.398260000E+01 0.000000000E+00 6.488347873E+02
1.915410000E-03 1.398240000E+01 0.000000000E+00 6.472765622E+02
1.920010000E-03 1.398220000E+01 0.000000000E+00 6.457258035E+02
1.924610000E-03 1.398200000E+01 0.000000000E+00 6.441824577E+02
1.929210000E-03 1.398180000E+01 0.000000000E+00 6.426464719E+02
1.938420000E-03 1.398130000E+01 0.000000000E+00 6.395930706E+02
1.943020000E-03 1.398110000E+01 0.000000000E+00 6.380788669E+02
1.947620000E-03 1.398090000E+01 0.000000000E+00 6.365718159E+02
1.952220000E-03 1.398070000E+01 0.000000000E+00 6.350718669E+02
1.956820000E-03 1.398050000E+01 0.000000000E+00 6.335789700E+02
1.961420000E-03 1.398030000E+01 0.000000000E+00 6.320930754E+02
2.018580000E-03 1.397700000E+01 0.000000000E+00 6.141941365E+02
2.023540000E-03 1.397660000E+01 0.000000000E+00 6.126886545E+02
2.028510000E-03 1.397610000E+01 0.000000000E+00 6.111875219E+02
2.033480000E-03 1.397570000E+01 0.000000000E+00 6.096937270E+02
2.038450000E-03 1.397530000E+01 0.000000000E+00 6.082072163E+02
2.043420000E-03 1.397490000E+01 0.000000000E+00 6.067279365E+02
2.048390000E-03 1.397440000E+01 0.000000000E+00 6.052558351E+02
2.053350000E-03 1.397400000E+01 0.000000000E+00 6.037938004E+02
2.058320000E-03 1.397360000E+01 0.000000000E+00 6.023358856E+02
2.063290000E-03 1.397310000E+01 0.000000000E+00 6.008849944E+02
2.068260000E-03 1.397270000E+01 0.000000000E+00 5.994410761E+02
2.073230000E-03 1.397230000E+01 0.000000000E+00 5.980040806E+02
2.078200000E-03 1.397190000E+01 0.000000000E+00 5.965739582E+02
2.083170000E-03 1.397140000E+01 0.000000000E+00 5.951506598E+02
2.093100000E-03 1.397060000E+01 0.000000000E+00 5.923271702E+02
2.098070000E-03 1.397020000E+01 0.000000000E+00 5.909240397E+02
2.103040000E-03 1.396970000E+01 0.000000000E+00 5.895275411E+02
2.108010000E-03 1.396930000E+01 0.000000000E+00 5.881376274E+02
2.112980000E-03 1.396890000E+01 0.000000000E+00 5.867542523E+02
2.117940000E-03 1.396850000E+01 0.000000000E+00 5.853801335E+02
2.213630000E-03 1.396020000E+01 0.000000000E+00 5.600755320E+02
2.219080000E-03 1.395980000E+01 0.000000000E+00 5.587000018E+02
2.224530000E-03 1.395930000E+01 0.000000000E+00 5.573312115E+02
2.229980000E-03 1.395880000E+01 0.000000000E+00 5.559691118E+02
2.235430000E-03 1.395840000E+01 0.000000000E+00 5.546136537E+02
2.240880000E-03 1.395790000E+01 0.000000000E+00 5.532647888E+02
2.246330000E-03 1.395740000E+01 0.000000000E+00 5.519224691E+02
2.251770000E-03 1.395700000E+01 0.000000000E+00 5.505890921E+02
2.257220000E-03 1.395650000E+01 0.000000000E+00 5.492597088E+02
2.262670000E-03 1.395600000E+01 0.000000000E+00 5.479367296E+02
2.268120000E-03 1.395560000E+01 0.000000000E+00 5.466201083E+02
2.273570000E-03 1.395510000E+01 0.000000000E+00 5.453097991E+02
2.279020000E-03 1.395460000E+01 0.000000000E+00 5.440057569E+02
2.284470000E-03 1.395420000E+01 0.000000000E+00 5.427079366E+02
2.295360000E-03 1.395320000E+01 0.000000000E+00 5.401331382E+02
2.300810000E-03 1.395280000E+01 0.000000000E+00 5.388537080E+02
2.306260000E-03 1.395230000E+01 0.000000000E+00 5.375803249E+02
2.311710000E-03 1.395180000E+01 0.000000000E+00 5.363129458E+02
2.317160000E-03 1.395130000E+01 0.000000000E+00 5.350515286E+02
2.322610000E-03 1.395090000E+01 0.000000000E+00 5.337960312E+02
2.426150000E-03 1.394200000E+01 0.000000000E+00 5.110153948E+02
2.529690000E-03 1.393270000E+01 0.000000000E+00 4.900995774E+02
2.535920000E-03 1.393200000E+01 0.000000000E+00 4.888955488E+02
2.542150000E-03 1.393140000E+01 0.000000000E+00 4.876974215E+02
2.548370000E-03 1.393080000E+01 0.000000000E+00 4.865070614E+02
2.554600000E-03 1.393020000E+01 0.000000000E+00 4.853205981E+02
2.560830000E-03 1.392950000E+01 0.000000000E+00 4.841399078E+02
2.567050000E-03 1.392890000E+01 0.000000000E+00 4.829668296E+02
2.573280000E-03 1.392830000E+01 0.000000000E+00 4.817975502E+02
2.579510000E-03 1.392770000E+01 0.000000000E+00 4.806339188E+02
2.585730000E-03 1.392700000E+01 0.000000000E+00 4.794777490E+02
2.591960000E-03 1.392640000E+01 0.000000000E+00 4.783252828E+02
2.598190000E-03 1.392580000E+01 0.000000000E+00 4.771783434E+02
2.604410000E-03 1.392520000E+01 0.000000000E+00 4.760387189E+02
2.610640000E-03 1.392450000E+01 0.000000000E+00 4.749027058E+02
2.623090000E-03 1.392330000E+01 0.000000000E+00 4.726486701E+02
2.629320000E-03 1.392270000E+01 0.000000000E+00 4.715287603E+02
2.635550000E-03 1.392200000E+01 0.000000000E+00 4.704141451E+02
2.641770000E-03 1.392140000E+01 0.000000000E+00 4.693065634E+02
2.648000000E-03 1.392080000E+01 0.000000000E+00 4.682024169E+02
2.654230000E-03 1.392020000E+01 0.000000000E+00 4.671034537E+02
2.689480000E-03 1.391660000E+01 0.000000000E+00 4.609813049E+02
2.715930000E-03 1.391400000E+01 0.000000000E+00 4.564918831E+02
2.724740000E-03 1.391310000E+01 0.000000000E+00 4.550158914E+02
2.731450000E-03 1.391240000E+01 0.000000000E+00 4.538981127E+02
2.738160000E-03 1.391170000E+01 0.000000000E+00 4.527858124E+02
2.744860000E-03 1.391110000E+01 0.000000000E+00 4.516805957E+02
2.751570000E-03 1.391040000E+01 0.000000000E+00 4.505791239E+02
2.758280000E-03 1.390970000E+01 0.000000000E+00 4.494830112E+02
2.764980000E-03 1.390900000E+01 0.000000000E+00 4.483938401E+02
2.771690000E-03 1.390840000E+01 0.000000000E+00 4.473083209E+02
2.778400000E-03 1.390770000E+01 0.000000000E+00 4.462280449E+02
2.785100000E-03 1.390700000E+01 0.000000000E+00 4.451545725E+02
2.791810000E-03 1.390640000E+01 0.000000000E+00 4.440846619E+02
2.798520000E-03 1.390570000E+01 0.000000000E+00 4.430198819E+02
2.805220000E-03 1.390500000E+01 0.000000000E+00 4.419617713E+02
2.808580000E-03 1.390470000E+01 0.000000000E+00 4.414330373E+02
2.813610000E-03 1.390420000E+01 0.000000000E+00 4.406438703E+02
2.818640000E-03 1.390370000E+01 0.000000000E+00 4.398575199E+02
2.825340000E-03 1.390300000E+01 0.000000000E+00 4.388144436E+02
2.832050000E-03 1.390230000E+01 0.000000000E+00 4.377747568E+02
2.838760000E-03 1.390160000E+01 0.000000000E+00 4.367399851E+02
2.845460000E-03 1.390100000E+01 0.000000000E+00 4.357116248E+02
2.848800000E-03 1.390060000E+01 0.000000000E+00 4.352007863E+02
2.855670000E-03 1.389990000E+01 0.000000000E+00 4.341538063E+02
2.858880000E-03 1.389960000E+01 0.000000000E+00 4.336663309E+02
2.862550000E-03 1.389920000E+01 0.000000000E+00 4.331103387E+02
2.869430000E-03 1.389860000E+01 0.000000000E+00 4.320718749E+02
2.876300000E-03 1.389790000E+01 0.000000000E+00 4.310398776E+02
2.883180000E-03 1.389720000E+01 0.000000000E+00 4.300113070E+02
2.890060000E-03 1.389650000E+01 0.000000000E+00 4.289876335E+02
2.896930000E-03 1.389580000E+01 0.000000000E+00 4.279702996E+02
2.903810000E-03 1.389510000E+01 0.000000000E+00 4.269563091E+02
2.910690000E-03 1.389440000E+01 0.000000000E+00 4.259471122E+02
2.917560000E-03 1.389370000E+01 0.000000000E+00 4.249441314E+02
2.924440000E-03 1.389300000E+01 0.000000000E+00 4.239444133E+02
2.931320000E-03 1.389230000E+01 0.000000000E+00 4.229493880E+02
2.957150000E-03 1.388980000E+01 0.000000000E+00 4.192550260E+02
3.047590000E-03 1.387990000E+01 0.000000000E+00 4.068132524E+02
3.092800000E-03 1.387390000E+01 0.000000000E+00 4.008665287E+02
3.138020000E-03 1.386790000E+01 0.000000000E+00 3.950898975E+02
3.145750000E-03 1.386690000E+01 0.000000000E+00 3.941190495E+02
3.153470000E-03 1.386580000E+01 0.000000000E+00 3.931542079E+02
3.161190000E-03 1.386480000E+01 0.000000000E+00 3.921940788E+02
3.168920000E-03 1.386380000E+01 0.000000000E+00 3.912373932E+02
3.176640000E-03 1.386280000E+01 0.000000000E+00 3.902865921E+02
3.184360000E-03 1.386170000E+01 0.000000000E+00 3.893404012E+02
3.192090000E-03 1.386070000E+01 0.000000000E+00 3.883975702E+02
3.199810000E-03 1.385970000E+01 0.000000000E+00 3.874605055E+02
3.207540000E-03 1.385870000E+01 0.000000000E+00 3.865267464E+02
3.215260000E-03 1.385770000E+01 0.000000000E+00 3.855986763E+02
3.222980000E-03 1.385660000E+01 0.000000000E+00 3.846750523E+02
3.230710000E-03 1.385560000E+01 0.000000000E+00 3.837546545E+02
3.238430000E-03 1.385460000E+01 0.000000000E+00 3.828398329E+02
3.253880000E-03 1.385250000E+01 0.000000000E+00 3.810220414E+02
3.261600000E-03 1.385150000E+01 0.000000000E+00 3.801201864E+02
3.269330000E-03 1.385050000E+01 0.000000000E+00 3.792214307E+02
3.277050000E-03 1.384950000E+01 0.000000000E+00 3.783280695E+02
3.284770000E-03 1.384840000E+01 0.000000000E+00 3.774389074E+02
3.292500000E-03 1.384740000E+01 0.000000000E+00 3.765527715E+02
3.308800000E-03 1.384530000E+01 0.000000000E+00 3.746977756E+02
3.321030000E-03 1.384360000E+01 0.000000000E+00 3.733179164E+02
3.339380000E-03 1.384120000E+01 0.000000000E+00 3.712665225E+02
3.348550000E-03 1.384000000E+01 0.000000000E+00 3.702498096E+02
3.357720000E-03 1.383880000E+01 0.000000000E+00 3.692386500E+02
3.368740000E-03 1.383730000E+01 0.000000000E+00 3.680307771E+02
3.374250000E-03 1.383660000E+01 0.000000000E+00 3.674297992E+02
3.382520000E-03 1.383550000E+01 0.000000000E+00 3.665314618E+02
3.385330000E-03 1.383510000E+01 0.000000000E+00 3.662272216E+02
3.390780000E-03 1.383440000E+01 0.000000000E+00 3.656385846E+02
3.393620000E-03 1.383400000E+01 0.000000000E+00 3.653325947E+02
3.401910000E-03 1.383290000E+01 0.000000000E+00 3.644423280E+02
3.407020000E-03 1.383220000E+01 0.000000000E+00 3.638957212E+02
3.412130000E-03 1.383160000E+01 0.000000000E+00 3.633507516E+02
3.416290000E-03 1.383100000E+01 0.000000000E+00 3.629083011E+02
3.422530000E-03 1.383020000E+01 0.000000000E+00 3.622466421E+02
3.425640000E-03 1.382980000E+01 0.000000000E+00 3.619177730E+02
3.428760000E-03 1.382940000E+01 0.000000000E+00 3.615884460E+02
3.432920000E-03 1.382880000E+01 0.000000000E+00 3.611502744E+02
3.435000000E-03 1.382850000E+01 0.000000000E+00 3.609315866E+02
3.437080000E-03 1.382830000E+01 0.000000000E+00 3.607131635E+02
3.442580000E-03 1.382750000E+01 0.000000000E+00 3.601368741E+02
3.444400000E-03 1.382730000E+01 0.000000000E+00 3.599465800E+02
3.446220000E-03 1.382700000E+01 0.000000000E+00 3.597564868E+02
3.448940000E-03 1.382660000E+01 0.000000000E+00 3.594727655E+02
3.450300000E-03 1.382630000E+01 0.000000000E+00 3.593310727E+02
3.450980000E-03 1.382620000E+01 0.000000000E+00 3.592602681E+02
3.452700000E-03 1.382600000E+01 0.000000000E+00 3.590812987E+02
3.459950000E-03 1.382490000E+01 0.000000000E+00 3.583288776E+02
3.462550000E-03 1.382450000E+01 0.000000000E+00 3.580598114E+02
3.470350000E-03 1.382330000E+01 0.000000000E+00 3.572550319E+02
3.474820000E-03 1.382260000E+01 0.000000000E+00 3.567954599E+02
3.481540000E-03 1.382150000E+01 0.000000000E+00 3.561067803E+02
3.488250000E-03 1.382050000E+01 0.000000000E+00 3.554217731E+02
3.493120000E-03 1.381980000E+01 0.000000000E+00 3.549262550E+02
3.498220000E-03 1.381890000E+01 0.000000000E+00 3.544088136E+02
3.501410000E-03 1.381840000E+01 0.000000000E+00 3.540859254E+02
3.506490000E-03 1.381760000E+01 0.000000000E+00 3.535729462E+02
3.509700000E-03 1.381700000E+01 0.000000000E+00 3.532495655E+02
3.517990000E-03 1.381570000E+01 0.000000000E+00 3.524171473E+02
3.523020000E-03 1.381480000E+01 0.000000000E+00 3.519139829E+02
3.534580000E-03 1.381290000E+01 0.000000000E+00 3.507630327E+02
3.538650000E-03 1.381220000E+01 0.000000000E+00 3.503596004E+02
3.545200000E-03 1.381110000E+01 0.000000000E+00 3.497122870E+02
3.547050000E-03 1.381080000E+01 0.000000000E+00 3.495298910E+02
3.555450000E-03 1.380940000E+01 0.000000000E+00 3.487041022E+02
3.563850000E-03 1.380800000E+01 0.000000000E+00 3.478822060E+02
3.572250000E-03 1.380660000E+01 0.000000000E+00 3.470641752E+02
3.580650000E-03 1.380520000E+01 0.000000000E+00 3.462499825E+02
3.597770000E-03 1.380240000E+01 0.000000000E+00 3.446023509E+02
3.623460000E-03 1.379810000E+01 0.000000000E+00 3.421591517E+02
3.649140000E-03 1.379390000E+01 0.000000000E+00 3.397512839E+02
3.658120000E-03 1.379240000E+01 0.000000000E+00 3.389172580E+02
3.667100000E-03 1.379090000E+01 0.000000000E+00 3.380873170E+02
3.676090000E-03 1.378940000E+01 0.000000000E+00 3.372605132E+02
3.685070000E-03 1.378790000E+01 0.000000000E+00 3.364386565E+02
3.694050000E-03 1.378640000E+01 0.000000000E+00 3.356207956E+02
3.701960000E-03 1.378510000E+01 0.000000000E+00 3.349036726E+02
3.712980000E-03 1.378330000E+01 0.000000000E+00 3.339096898E+02
3.720180000E-03 1.378210000E+01 0.000000000E+00 3.332634442E+02
3.723100000E-03 1.378160000E+01 0.000000000E+00 3.330020682E+02
3.732260000E-03 1.378000000E+01 0.000000000E+00 3.321847888E+02
3.741430000E-03 1.377850000E+01 0.000000000E+00 3.313706257E+02
3.750590000E-03 1.377680000E+01 0.000000000E+00 3.305613250E+02
3.759760000E-03 1.377490000E+01 0.000000000E+00 3.297550908E+02
3.768920000E-03 1.377300000E+01 0.000000000E+00 3.289536525E+02
3.796410000E-03 1.376740000E+01 0.000000000E+00 3.265716822E+02
3.805580000E-03 1.376550000E+01 0.000000000E+00 3.257847687E+02
3.814740000E-03 1.376360000E+01 0.000000000E+00 3.250024903E+02
3.823900000E-03 1.376170000E+01 0.000000000E+00 3.242239598E+02
3.833070000E-03 1.375980000E+01 0.000000000E+00 3.234483064E+02
3.860560000E-03 1.375410000E+01 0.000000000E+00 3.211451188E+02
3.869720000E-03 1.375210000E+01 0.000000000E+00 3.203849374E+02
3.878890000E-03 1.375000000E+01 0.000000000E+00 3.196275223E+02
3.888050000E-03 1.374790000E+01 0.000000000E+00 3.188745001E+02
3.891430000E-03 1.374720000E+01 0.000000000E+00 3.185975336E+02
3.906380000E-03 1.374370000E+01 0.000000000E+00 3.173782377E+02
3.910580000E-03 1.374280000E+01 0.000000000E+00 3.170373704E+02
3.920160000E-03 1.374060000E+01 0.000000000E+00 3.162626015E+02
3.929740000E-03 1.373840000E+01 0.000000000E+00 3.154916101E+02
3.939320000E-03 1.373620000E+01 0.000000000E+00 3.147243687E+02
3.968050000E-03 1.372960000E+01 0.000000000E+00 3.124456597E+02
3.977630000E-03 1.372740000E+01 0.000000000E+00 3.116931439E+02
3.987210000E-03 1.372520000E+01 0.000000000E+00 3.109442442E+02
3.996790000E-03 1.372300000E+01 0.000000000E+00 3.101989346E+02
4.006370000E-03 1.372050000E+01 0.000000000E+00 3.094571894E+02
4.035510000E-03 1.371270000E+01 0.000000000E+00 3.072226311E+02
4.049810000E-03 1.370890000E+01 0.000000000E+00 3.061378188E+02
4.074560000E-03 1.370230000E+01 0.000000000E+00 3.042782534E+02
4.082990000E-03 1.370010000E+01 0.000000000E+00 3.036500212E+02
4.103860000E-03 1.369450000E+01 0.000000000E+00 3.021058223E+02
4.113620000E-03 1.369190000E+01 0.000000000E+00 3.013890442E+02
4.123390000E-03 1.368930000E+01 0.000000000E+00 3.006749301E+02
4.132380000E-03 1.368690000E+01 0.000000000E+00 3.000208113E+02
4.142920000E-03 1.368410000E+01 0.000000000E+00 2.992575285E+02
4.151860000E-03 1.368170000E+01 0.000000000E+00 2.986131517E+02
4.162450000E-03 1.367890000E+01 0.000000000E+00 2.978534277E+02
4.190300000E-03 1.367140000E+01 0.000000000E+00 2.958738038E+02
4.210940000E-03 1.366520000E+01 0.000000000E+00 2.944235729E+02
4.213070000E-03 1.366450000E+01 0.000000000E+00 2.942747213E+02
4.221250000E-03 1.366170000E+01 0.000000000E+00 2.937044714E+02
4.231570000E-03 1.365820000E+01 0.000000000E+00 2.929881817E+02
4.235660000E-03 1.365680000E+01 0.000000000E+00 2.927052691E+02
4.244180000E-03 1.365390000E+01 0.000000000E+00 2.921176764E+02
4.255280000E-03 1.365010000E+01 0.000000000E+00 2.913556805E+02
4.266940000E-03 1.364610000E+01 0.000000000E+00 2.905595110E+02
4.278510000E-03 1.364220000E+01 0.000000000E+00 2.897737764E+02
4.293830000E-03 1.363700000E+01 0.000000000E+00 2.887398896E+02
4.311890000E-03 1.363080000E+01 0.000000000E+00 2.875305261E+02
4.322470000E-03 1.362720000E+01 0.000000000E+00 2.868267449E+02
4.345640000E-03 1.361930000E+01 0.000000000E+00 2.852974476E+02
4.355950000E-03 1.361580000E+01 0.000000000E+00 2.846221835E+02
4.368620000E-03 1.361150000E+01 0.000000000E+00 2.837967138E+02
4.376030000E-03 1.360900000E+01 0.000000000E+00 2.833161564E+02
4.387160000E-03 1.360520000E+01 0.000000000E+00 2.825973979E+02
4.392720000E-03 1.360330000E+01 0.000000000E+00 2.822397057E+02
4.398280000E-03 1.360140000E+01 0.000000000E+00 2.818829179E+02
4.409050000E-03 1.359770000E+01 0.000000000E+00 2.811943616E+02
4.418150000E-03 1.359460000E+01 0.000000000E+00 2.806151896E+02
4.428610000E-03 1.359090000E+01 0.000000000E+00 2.799524004E+02
4.441370000E-03 1.358490000E+01 0.000000000E+00 2.791481007E+02
4.456220000E-03 1.357800000E+01 0.000000000E+00 2.782178618E+02
4.471060000E-03 1.357110000E+01 0.000000000E+00 2.772944224E+02
4.481780000E-03 1.356610000E+01 0.000000000E+00 2.766311599E+02
4.492060000E-03 1.356130000E+01 0.000000000E+00 2.759980944E+02
4.502780000E-03 1.355640000E+01 0.000000000E+00 2.753410116E+02
4.516800000E-03 1.354980000E+01 0.000000000E+00 2.744863620E+02
4.523630000E-03 1.354660000E+01 0.000000000E+00 2.740719290E+02
4.542300000E-03 1.353790000E+01 0.000000000E+00 2.729454241E+02
4.549660000E-03 1.353360000E+01 0.000000000E+00 2.725038794E+02
4.582530000E-03 1.351430000E+01 0.000000000E+00 2.705492381E+02
4.637310000E-03 1.348220000E+01 0.000000000E+00 2.673532716E+02
4.657890000E-03 1.346990000E+01 1.399980000E-07 2.661720221E+02
4.678480000E-03 1.345490000E+01 1.883780000E-06 2.650005985E+02
4.728420000E-03 1.340970000E+01 2.967950000E-04 2.622017503E+02
4.743990000E-03 1.339140000E+01 1.027470000E-03 2.613411917E+02
4.777790000E-03 1.334000000E+01 9.150800000E-03 2.594923594E+02
4.805670000E-03 1.328860000E+01 3.400350000E-02 2.579869196E+02
4.851230000E-03 1.323080000E+01 1.270930000E-01 2.555640528E+02
4.861970000E-03 1.322820000E+01 1.529730000E-01 2.549995167E+02
4.876080000E-03 1.323230000E+01 1.841550000E-01 2.542616200E+02
4.896260000E-03 1.324780000E+01 2.186640000E-01 2.532136774E+02
4.902920000E-03 1.325410000E+01 2.270690000E-01 2.528697185E+02
4.923180000E-03 1.327270000E+01 2.447650000E-01 2.518291023E+02
4.941760000E-03 1.328650000E+01 2.533510000E-01 2.508822768E+02
4.952880000E-03 1.329280000E+01 2.564140000E-01 2.503190063E+02
4.969480000E-03 1.329980000E+01 2.597030000E-01 2.494828433E+02
4.988590000E-03 1.330370000E+01 2.623380000E-01 2.485271389E+02
5.005730000E-03 1.330520000E+01 2.646450000E-01 2.476761631E+02
5.016230000E-03 1.330400000E+01 2.659290000E-01 2.471577260E+02
5.027410000E-03 1.330250000E+01 2.673010000E-01 2.466080944E+02
5.039340000E-03 1.330050000E+01 2.687810000E-01 2.460242810E+02
5.054710000E-03 1.329720000E+01 2.707450000E-01 2.452761880E+02
5.075210000E-03 1.329110000E+01 2.737010000E-01 2.442854581E+02
5.089120000E-03 1.328560000E+01 2.762760000E-01 2.436177571E+02
5.098900000E-03 1.328090000E+01 2.786420000E-01 2.431504834E+02
5.109010000E-03 1.327370000E+01 2.818210000E-01 2.426693234E+02
5.120770000E-03 1.326330000E+01 2.869050000E-01 2.421120261E+02
5.143890000E-03 1.324100000E+01 3.031550000E-01 2.410238166E+02
5.201780000E-03 1.321180000E+01 3.801800000E-01 2.383414908E+02
5.246390000E-03 1.323360000E+01 4.320590000E-01 2.363148756E+02
5.284210000E-03 1.325700000E+01 4.520410000E-01 2.346235293E+02
5.316970000E-03 1.327050000E+01 4.608860000E-01 2.331779190E+02
5.356210000E-03 1.327640000E+01 4.687730000E-01 2.314696399E+02
5.369300000E-03 1.327710000E+01 4.713140000E-01 2.309053322E+02
5.382390000E-03 1.327790000E+01 4.738550000E-01 2.303437692E+02
5.408560000E-03 1.327940000E+01 4.789380000E-01 2.292292218E+02
5.434730000E-03 1.328090000E+01 4.840200000E-01 2.281254083E+02
5.452430000E-03 1.328190000E+01 4.874570000E-01 2.273848541E+02
5.465530000E-03 1.328270000E+01 4.900000000E-01 2.268398490E+02
5.494390000E-03 1.328200000E+01 4.956060000E-01 2.256483431E+02
5.549190000E-03 1.326460000E+01 5.062660000E-01 2.234199946E+02
5.641720000E-03 1.318610000E+01 5.474730000E-01 2.197556773E+02
5.691150000E-03 1.313490000E+01 6.400200000E-01 2.178470081E+02
5.771430000E-03 1.321340000E+01 8.183300000E-01 2.148167785E+02
5.888440000E-03 1.336080000E+01 8.536000000E-01 2.105481248E+02
6.313960000E-03 1.353370000E+01 8.690760000E-01 1.963585452E+02
6.943520000E-03 1.363000000E+01 9.138510000E-01 1.785549692E+02
8.772530000E-03 1.374960000E+01 1.107550000E+00 1.413275304E+02
1.078930000E-02 1.385870000E+01 1.321650000E+00 1.149101425E+02
1.127320000E-02 1.389370000E+01 1.364190000E+00 1.099776461E+02
1.159080000E-02 1.391810000E+01 1.389140000E+00 1.069641440E+02
1.180270000E-02 1.393500000E+01 1.404980000E+00 1.050437612E+02
1.195230000E-02 1.394710000E+01 1.415580000E+00 1.037289894E+02
1.205720000E-02 1.395570000E+01 1.422460000E+00 1.028265269E+02
1.209800000E-02 1.395910000E+01 1.425140000E+00 1.024797487E+02
1.212710000E-02 1.396150000E+01 1.427050000E+00 1.022338399E+02
1.215920000E-02 1.396420000E+01 1.429100000E+00 1.019639450E+02
1.218540000E-02 1.396640000E+01 1.430660000E+00 1.017447109E+02
1.222180000E-02 1.396950000E+01 1.432820000E+00 1.014416862E+02
1.224360000E-02 1.397130000E+01 1.434110000E+00 1.012610670E+02
1.227280000E-02 1.397380000E+01 1.435840000E+00 1.010201421E+02
1.230270000E-02 1.397640000E+01 1.437620000E+00 1.007746267E+02
1.233100000E-02 1.397880000E+01 1.439310000E+00 1.005433460E+02
1.236020000E-02 1.398130000E+01 1.441050000E+00 1.003058203E+02
1.238930000E-02 1.398370000E+01 1.442800000E+00 1.000702219E+02
1.241840000E-02 1.398620000E+01 1.444540000E+00 9.983572763E+01
1.248300000E-02 1.399170000E+01 1.448400000E+00 9.931907394E+01
1.253140000E-02 1.399590000E+01 1.450980000E+00 9.893547409E+01
1.260400000E-02 1.400210000E+01 1.454590000E+00 9.836559822E+01
1.265280000E-02 1.400630000E+01 1.457010000E+00 9.798621649E+01
1.267670000E-02 1.400840000E+01 1.458200000E+00 9.780147830E+01
1.270790000E-02 1.401100000E+01 1.459760000E+00 9.756135947E+01
1.273910000E-02 1.401370000E+01 1.461300000E+00 9.732241681E+01
1.277030000E-02 1.401640000E+01 1.462650000E+00 9.708464171E+01
1.280150000E-02 1.401920000E+01 1.464020000E+00 9.684802562E+01
1.283270000E-02 1.402190000E+01 1.465390000E+00 9.661256010E+01
1.285220000E-02 1.402360000E+01 1.466240000E+00 9.646597470E+01
1.287180000E-02 1.402530000E+01 1.467100000E+00 9.631908513E+01
1.290020000E-02 1.402770000E+01 1.468350000E+00 9.610703710E+01
1.293510000E-02 1.403080000E+01 1.469880000E+00 9.584773214E+01
1.296680000E-02 1.403360000E+01 1.471280000E+00 9.561341272E+01
1.299850000E-02 1.403630000E+01 1.472680000E+00 9.538023618E+01
1.303020000E-02 1.403910000E+01 1.474080000E+00 9.514819420E+01
1.304600000E-02 1.404050000E+01 1.474780000E+00 9.503296029E+01
1.306190000E-02 1.404190000E+01 1.475470000E+00 9.491727850E+01
1.307770000E-02 1.404320000E+01 1.476170000E+00 9.480260290E+01
1.310150000E-02 1.404530000E+01 1.477220000E+00 9.463038583E+01
1.311340000E-02 1.404640000E+01 1.477750000E+00 9.454451172E+01
1.312520000E-02 1.404740000E+01 1.478280000E+00 9.445951300E+01
1.314900000E-02 1.404950000E+01 1.479330000E+00 9.428853905E+01
1.316480000E-02 1.405080000E+01 1.480040000E+00 9.417537676E+01
1.317670000E-02 1.405190000E+01 1.480560000E+00 9.409032611E+01
1.318270000E-02 1.405240000E+01 1.480830000E+00 9.404750165E+01
1.318560000E-02 1.405270000E+01 1.480920000E+00 9.402681713E+01
1.318710000E-02 1.405280000E+01 1.480970000E+00 9.401612182E+01
1.318790000E-02 1.405290000E+01 1.480990000E+00 9.401041864E+01
1.318860000E-02 1.405290000E+01 1.481020000E+00 9.400542893E+01
1.322030000E-02 1.405560000E+01 1.482030000E+00 9.378002012E+01
1.322820000E-02 1.405630000E+01 1.482280000E+00 9.372401385E+01
1.325200000E-02 1.405830000E+01 1.483050000E+00 9.355568971E+01
1.326780000E-02 1.405970000E+01 1.483560000E+00 9.344427863E+01
1.328360000E-02 1.406100000E+01 1.484070000E+00 9.333313258E+01
1.329950000E-02 1.406240000E+01 1.484580000E+00 9.322154968E+01
1.332320000E-02 1.406440000E+01 1.485340000E+00 9.305572235E+01
1.334700000E-02 1.406650000E+01 1.486030000E+00 9.288978797E+01
1.337870000E-02 1.406920000E+01 1.486840000E+00 9.266969138E+01
1.341040000E-02 1.407190000E+01 1.487650000E+00 9.245063533E+01
1.344210000E-02 1.407460000E+01 1.488460000E+00 9.223261246E+01
1.347170000E-02 1.407720000E+01 1.489230000E+00 9.202995910E+01
1.350540000E-02 1.408010000E+01 1.490100000E+00 9.180031691E+01
1.353520000E-02 1.408260000E+01 1.490870000E+00 9.159820320E+01
1.355680000E-02 1.408450000E+01 1.491420000E+00 9.145226012E+01
1.360980000E-02 1.408910000E+01 1.492800000E+00 9.109612191E+01
1.367630000E-02 1.409480000E+01 1.494540000E+00 9.065317374E+01
1.373890000E-02 1.410020000E+01 1.496170000E+00 9.024012112E+01
1.380930000E-02 1.410630000E+01 1.498010000E+00 8.978007575E+01
1.384260000E-02 1.410910000E+01 1.498890000E+00 8.956409923E+01
1.390910000E-02 1.411490000E+01 1.500640000E+00 8.913588945E+01
1.404210000E-02 1.412630000E+01 1.503860000E+00 8.829163729E+01
1.412910000E-02 1.413380000E+01 1.505570000E+00 8.774798112E+01
1.421120000E-02 1.414060000E+01 1.506070000E+00 8.724104931E+01
1.443070000E-02 1.415870000E+01 1.507460000E+00 8.591405822E+01
1.484140000E-02 1.419190000E+01 1.508390000E+00 8.353659358E+01
1.503300000E-02 1.420720000E+01 1.508150000E+00 8.247189516E+01
1.514350000E-02 1.421600000E+01 1.507910000E+00 8.187010929E+01
1.520450000E-02 1.422040000E+01 1.507010000E+00 8.154164885E+01
1.529710000E-02 1.422700000E+01 1.505660000E+00 8.104804179E+01
1.541780000E-02 1.423570000E+01 1.503890000E+00 8.041354798E+01
1.557680000E-02 1.424610000E+01 1.501580000E+00 7.959272765E+01
1.574110000E-02 1.424830000E+01 1.498680000E+00 7.876196708E+01
1.586440000E-02 1.424600000E+01 1.496460000E+00 7.814981972E+01
1.600010000E-02 1.423640000E+01 1.499370000E+00 7.748701571E+01
1.623100000E-02 1.421710000E+01 1.542790000E+00 7.638469595E+01
1.637870000E-02 1.423740000E+01 1.569140000E+00 7.569587330E+01
1.660440000E-02 1.426310000E+01 1.571530000E+00 7.466695575E+01
1.692350000E-02 1.425230000E+01 1.575170000E+00 7.325907761E+01
1.738300000E-02 1.430130000E+01 1.610810000E+00 7.132255652E+01
1.786740000E-02 1.434030000E+01 1.592140000E+00 6.938894299E+01
1.803950000E-02 1.434890000E+01 1.584090000E+00 6.872696028E+01
1.808250000E-02 1.435040000E+01 1.582100000E+00 6.856352827E+01
1.853890000E-02 1.436600000E+01 1.560970000E+00 6.687559672E+01
1.924320000E-02 1.438150000E+01 1.526250000E+00 6.442795377E+01
2.000000000E-02 1.436080000E+01 1.487020000E+00 6.199000000E+01
2.042830000E-02 1.434020000E+01 1.464350000E+00 6.069031686E+01
2.092370000E-02 1.431120000E+01 1.438070000E+00 5.925338253E+01
2.190000000E-02 1.423460000E+01 1.388450000E+00 5.661187215E+01
2.264640000E-02 1.414940000E+01 1.353000000E+00 5.474600820E+01
2.300000000E-02 1.410620000E+01 1.337100000E+00 5.390434783E+01
2.371370000E-02 1.400230000E+01 1.306950000E+00 5.228201419E+01
2.457170000E-02 1.384200000E+01 1.274410000E+00 5.045641938E+01
2.511890000E-02 1.372390000E+01 1.256290000E+00 4.935725689E+01
2.564910000E-02 1.359370000E+01 1.240870000E+00 4.833697869E+01
2.600160000E-02 1.349800000E+01 1.231740000E+00 4.768168113E+01
2.647530000E-02 1.334500000E+01 1.220830000E+00 4.682855341E+01
2.683800000E-02 1.321580000E+01 1.213750000E+00 4.619569267E+01
2.712910000E-02 1.310190000E+01 1.208960000E+00 4.570000479E+01
2.732560000E-02 1.301890000E+01 1.205820000E+00 4.537137336E+01
2.745030000E-02 1.296110000E+01 1.203850000E+00 4.516526231E+01
2.751530000E-02 1.293100000E+01 1.202820000E+00 4.505856742E+01
2.752970000E-02 1.292430000E+01 1.202590000E+00 4.503499857E+01
2.759750000E-02 1.289280000E+01 1.201770000E+00 4.492435909E+01
2.766520000E-02 1.286130000E+01 1.201010000E+00 4.481442390E+01
2.773300000E-02 1.282540000E+01 1.200250000E+00 4.470486424E+01
2.780070000E-02 1.278820000E+01 1.199510000E+00 4.459599938E+01
2.786850000E-02 1.275010000E+01 1.198890000E+00 4.448750381E+01
2.799870000E-02 1.267680000E+01 1.197700000E+00 4.428062731E+01
2.807180000E-02 1.263030000E+01 1.197040000E+00 4.416531893E+01
2.809360000E-02 1.261630000E+01 1.196840000E+00 4.413104764E+01
2.814860000E-02 1.258130000E+01 1.196340000E+00 4.404481928E+01
2.823190000E-02 1.252820000E+01 1.195580000E+00 4.391486227E+01
2.830110000E-02 1.247970000E+01 1.194950000E+00 4.380748451E+01
2.837020000E-02 1.243060000E+01 1.194320000E+00 4.370078463E+01
2.845050000E-02 1.237160000E+01 1.193690000E+00 4.357744152E+01
2.851020000E-02 1.232500000E+01 1.193240000E+00 4.348619091E+01
2.856430000E-02 1.228250000E+01 1.193110000E+00 4.340382926E+01
2.861120000E-02 1.224290000E+01 1.193010000E+00 4.333268091E+01
2.863460000E-02 1.222310000E+01 1.192970000E+00 4.329726974E+01
2.866460000E-02 1.219770000E+01 1.192920000E+00 4.325195537E+01
2.869260000E-02 1.217240000E+01 1.192870000E+00 4.320974746E+01
2.870990000E-02 1.215690000E+01 1.192850000E+00 4.318371015E+01
2.877060000E-02 1.210030000E+01 1.192750000E+00 4.309260148E+01
2.878150000E-02 1.208980000E+01 1.192730000E+00 4.307628164E+01
2.878940000E-02 1.208210000E+01 1.192720000E+00 4.306446123E+01
2.885420000E-02 1.201940000E+01 1.192610000E+00 4.296774820E+01
2.886430000E-02 1.200910000E+01 1.192600000E+00 4.295271321E+01
2.888190000E-02 1.199090000E+01 1.192570000E+00 4.292653877E+01
2.891500000E-02 1.195650000E+01 1.192510000E+00 4.287739927E+01
2.893480000E-02 1.193520000E+01 1.192480000E+00 4.284805839E+01
2.895840000E-02 1.190950000E+01 1.192440000E+00 4.281313885E+01
2.899860000E-02 1.186410000E+01 1.192380000E+00 4.275378811E+01
2.903260000E-02 1.182440000E+01 1.192330000E+00 4.270371927E+01
2.907550000E-02 1.177240000E+01 1.192270000E+00 4.264071125E+01
2.910110000E-02 1.174010000E+01 1.192240000E+00 4.260320057E+01
2.912610000E-02 1.170780000E+01 1.192220000E+00 4.256663268E+01
2.916660000E-02 1.165350000E+01 1.192230000E+00 4.250752573E+01
2.920160000E-02 1.160380000E+01 1.192290000E+00 4.245657772E+01
2.926140000E-02 1.151290000E+01 1.192550000E+00 4.236981142E+01
2.928070000E-02 1.148210000E+01 1.192710000E+00 4.234188390E+01
2.933500000E-02 1.139010000E+01 1.193510000E+00 4.226350776E+01
2.937060000E-02 1.132550000E+01 1.194500000E+00 4.221228031E+01
2.941380000E-02 1.124170000E+01 1.196560000E+00 4.215028320E+01
2.946790000E-02 1.112670000E+01 1.201340000E+00 4.207289966E+01
2.947230000E-02 1.111700000E+01 1.201870000E+00 4.206661849E+01
2.947960000E-02 1.110040000E+01 1.202840000E+00 4.205620158E+01
2.948550000E-02 1.108680000E+01 1.203670000E+00 4.204778620E+01
2.949120000E-02 1.107360000E+01 1.204540000E+00 4.203965929E+01
2.950220000E-02 1.104740000E+01 1.206380000E+00 4.202398465E+01
2.951260000E-02 1.102240000E+01 1.208330000E+00 4.200917574E+01
2.952230000E-02 1.099840000E+01 1.210420000E+00 4.199537299E+01
2.953140000E-02 1.097550000E+01 1.212570000E+00 4.198243226E+01
2.954000000E-02 1.095340000E+01 1.214810000E+00 4.197020988E+01
2.954790000E-02 1.093280000E+01 1.217040000E+00 4.195898863E+01
2.955540000E-02 1.091290000E+01 1.219340000E+00 4.194834108E+01
2.956240000E-02 1.089400000E+01 1.221650000E+00 4.193840825E+01
2.956940000E-02 1.087510000E+01 1.224100000E+00 4.192848012E+01
2.957520000E-02 1.085900000E+01 1.226290000E+00 4.192025751E+01
2.958100000E-02 1.084280000E+01 1.228590000E+00 4.191203813E+01
2.958640000E-02 1.082740000E+01 1.230860000E+00 4.190438850E+01
2.959660000E-02 1.079810000E+01 1.235420000E+00 4.188994682E+01
2.960550000E-02 1.077190000E+01 1.239830000E+00 4.187735387E+01
2.961330000E-02 1.074870000E+01 1.243950000E+00 4.186632358E+01
2.962010000E-02 1.072810000E+01 1.247780000E+00 4.185671217E+01
2.963210000E-02 1.069130000E+01 1.255160000E+00 4.183976161E+01
2.964100000E-02 1.066320000E+01 1.261180000E+00 4.182719881E+01
2.965450000E-02 1.062010000E+01 1.271090000E+00 4.180815728E+01
2.966210000E-02 1.059520000E+01 1.277220000E+00 4.179744522E+01
2.967810000E-02 1.054170000E+01 1.291450000E+00 4.177491147E+01
2.972310000E-02 1.038310000E+01 1.342550000E+00 4.171166534E+01
2.974410000E-02 1.030550000E+01 1.372750000E+00 4.168221597E+01
2.975430000E-02 1.026730000E+01 1.388970000E+00 4.166792699E+01
2.984110000E-02 9.926300000E+00 1.579410000E+00 4.154672582E+01
2.990820000E-02 9.660900000E+00 1.800590000E+00 4.145351442E+01
2.994730000E-02 9.515600000E+00 1.962350000E+00 4.139939160E+01
2.998830000E-02 9.375400000E+00 2.157790000E+00 4.134279035E+01
3.003780000E-02 9.234700000E+00 2.426370000E+00 4.127466059E+01
3.011490000E-02 9.092600000E+00 2.900520000E+00 4.116898944E+01
3.019210000E-02 9.075700000E+00 3.409050000E+00 4.106372197E+01
3.026010000E-02 9.149000000E+00 3.850350000E+00 4.097144425E+01
3.032930000E-02 9.315500000E+00 4.260430000E+00 4.087796289E+01
3.040040000E-02 9.558300000E+00 4.614830000E+00 4.078235813E+01
3.054180000E-02 1.013890000E+01 5.087120000E+00 4.059354720E+01
3.059410000E-02 1.035570000E+01 5.189900000E+00 4.052415335E+01
3.063060000E-02 1.049910000E+01 5.240250000E+00 4.047586401E+01
3.067300000E-02 1.065880000E+01 5.284380000E+00 4.041991328E+01
3.070650000E-02 1.077910000E+01 5.309550000E+00 4.037581620E+01
3.072450000E-02 1.084120000E+01 5.319520000E+00 4.035216196E+01
3.074950000E-02 1.092230000E+01 5.329470000E+00 4.031935479E+01
3.077890000E-02 1.101070000E+01 5.335820000E+00 4.028084175E+01
3.083410000E-02 1.117300000E+01 5.344740000E+00 4.020872995E+01
3.090660000E-02 1.135720000E+01 5.339850000E+00 4.011440922E+01
3.100790000E-02 1.157910000E+01 5.320290000E+00 3.998335908E+01
3.114280000E-02 1.181290000E+01 5.287340000E+00 3.981016479E+01
3.137160000E-02 1.212190000E+01 5.230330000E+00 3.951982047E+01
3.167670000E-02 1.243660000E+01 5.152410000E+00 3.913917801E+01
3.217360000E-02 1.277410000E+01 5.026540000E+00 3.853469926E+01
3.273790000E-02 1.301060000E+01 4.887240000E+00 3.787048039E+01
3.305660000E-02 1.307080000E+01 4.812990000E+00 3.750536958E+01
3.321190000E-02 1.307990000E+01 4.778160000E+00 3.732999317E+01
3.365580000E-02 1.304020000E+01 4.682110000E+00 3.683763274E+01
3.397970000E-02 1.292650000E+01 4.616350000E+00 3.648649046E+01
3.418350000E-02 1.275630000E+01 4.601060000E+00 3.626896017E+01
3.454930000E-02 1.223940000E+01 4.890560000E+00 3.588495281E+01
3.518810000E-02 1.262150000E+01 6.430010000E+00 3.523350224E+01
3.557890000E-02 1.339380000E+01 6.587960000E+00 3.484649610E+01
3.749230000E-02 1.482880000E+01 6.131100000E+00 3.306812332E+01
4.029340000E-02 1.560510000E+01 5.570370000E+00 3.076930713E+01
4.422060000E-02 1.595800000E+01 5.034070000E+00 2.803670687E+01
4.942400000E-02 1.598460000E+01 4.726690000E+00 2.508497896E+01
5.265960000E-02 1.590330000E+01 4.709030000E+00 2.354366535E+01
5.373830000E-02 1.585820000E+01 4.728690000E+00 2.307106849E+01
5.602680000E-02 1.579860000E+01 4.847150000E+00 2.212869555E+01
6.478650000E-02 1.566800000E+01 5.435160000E+00 1.913670286E+01
8.035260000E-02 1.596220000E+01 6.887050000E+00 1.542949450E+01
9.800000000E-02 1.688260000E+01 8.317270000E+00 1.265102041E+01
1.087650000E-01 1.754580000E+01 9.023150000E+00 1.139888751E+01
1.161450000E-01 1.802010000E+01 9.437170000E+00 1.067458780E+01
1.204020000E-01 1.830010000E+01 9.643570000E+00 1.029717114E+01
1.237430000E-01 1.850560000E+01 9.785630000E+00 1.001915260E+01
1.250560000E-01 1.858590000E+01 9.837640000E+00 9.913958547E+00
1.258930000E-01 1.863700000E+01 9.870810000E+00 9.848045563E+00
1.288400000E-01 1.881560000E+01 9.980360000E+00 9.622787954E+00
1.318020000E-01 1.898670000E+01 1.007810000E+01 9.406534043E+00
1.340740000E-01 1.911320000E+01 1.014880000E+01 9.247132181E+00
1.367440000E-01 1.924280000E+01 1.022240000E+01 9.066576961E+00
1.390000000E-01 1.934310000E+01 1.027510000E+01 8.919424460E+00
1.405000000E-01 1.940830000E+01 1.030630000E+01 8.824199288E+00
1.421290000E-01 1.947940000E+01 1.034050000E+01 8.723061444E+00
1.436390000E-01 1.952850000E+01 1.037220000E+01 8.631360564E+00
1.448930000E-01 1.955840000E+01 1.039430000E+01 8.556659052E+00
1.455910000E-01 1.957460000E+01 1.040600000E+01 8.515636269E+00
1.460960000E-01 1.958630000E+01 1.041440000E+01 8.486200854E+00
1.464470000E-01 1.959230000E+01 1.042030000E+01 8.465861370E+00
1.469240000E-01 1.959830000E+01 1.042830000E+01 8.438376303E+00
1.474020000E-01 1.960420000E+01 1.043630000E+01 8.411012062E+00
1.475740000E-01 1.960640000E+01 1.043920000E+01 8.401208885E+00
1.477460000E-01 1.960850000E+01 1.044210000E+01 8.391428533E+00
1.484740000E-01 1.961360000E+01 1.045430000E+01 8.350283551E+00
1.488530000E-01 1.961370000E+01 1.046070000E+01 8.329022593E+00
1.492160000E-01 1.961380000E+01 1.046680000E+01 8.308760455E+00
1.494210000E-01 1.961350000E+01 1.047030000E+01 8.297361147E+00
1.496240000E-01 1.961200000E+01 1.047370000E+01 8.286103834E+00
1.498860000E-01 1.961000000E+01 1.047800000E+01 8.271619764E+00
1.501990000E-01 1.960580000E+01 1.048240000E+01 8.254382519E+00
1.504610000E-01 1.960020000E+01 1.048610000E+01 8.240009039E+00
1.507510000E-01 1.959310000E+01 1.049020000E+01 8.224157717E+00
1.509430000E-01 1.958760000E+01 1.049300000E+01 8.213696561E+00
1.511280000E-01 1.958180000E+01 1.049560000E+01 8.203641946E+00
1.513710000E-01 1.957320000E+01 1.049910000E+01 8.190472415E+00
1.514690000E-01 1.956950000E+01 1.050050000E+01 8.185173204E+00
1.515730000E-01 1.956520000E+01 1.050200000E+01 8.179557045E+00
1.517890000E-01 1.955560000E+01 1.050510000E+01 8.167917306E+00
1.518290000E-01 1.955370000E+01 1.050570000E+01 8.165765433E+00
1.518610000E-01 1.955210000E+01 1.050620000E+01 8.164044751E+00
1.522600000E-01 1.953010000E+01 1.051250000E+01 8.142650729E+00
1.523250000E-01 1.952600000E+01 1.051350000E+01 8.139176104E+00
1.527780000E-01 1.949040000E+01 1.052220000E+01 8.115042742E+00
1.530020000E-01 1.946830000E+01 1.052770000E+01 8.103162050E+00
1.532620000E-01 1.943930000E+01 1.053560000E+01 8.089415511E+00
1.535560000E-01 1.940180000E+01 1.054790000E+01 8.073927427E+00
1.539180000E-01 1.934870000E+01 1.056990000E+01 8.054938344E+00
1.542150000E-01 1.929980000E+01 1.059620000E+01 8.039425477E+00
1.545190000E-01 1.924630000E+01 1.063310000E+01 8.023608747E+00
1.547300000E-01 1.920840000E+01 1.066580000E+01 8.012667227E+00
1.549860000E-01 1.916310000E+01 1.071430000E+01 7.999432207E+00
1.552260000E-01 1.912340000E+01 1.076840000E+01 7.987064023E+00
1.553350000E-01 1.910680000E+01 1.079580000E+01 7.981459426E+00
1.556990000E-01 1.906100000E+01 1.089860000E+01 7.962800018E+00
1.560790000E-01 1.902990000E+01 1.102040000E+01 7.943413271E+00
1.567730000E-01 1.903350000E+01 1.125320000E+01 7.908249507E+00
1.571090000E-01 1.906230000E+01 1.135870000E+01 7.891336588E+00
1.575350000E-01 1.911520000E+01 1.147420000E+01 7.869997143E+00
1.578660000E-01 1.916270000E+01 1.154880000E+01 7.853496003E+00
1.581580000E-01 1.920530000E+01 1.160400000E+01 7.838996447E+00
1.585310000E-01 1.925510000E+01 1.166240000E+01 7.820552447E+00
1.587030000E-01 1.927600000E+01 1.168590000E+01 7.812076646E+00
1.589560000E-01 1.930220000E+01 1.171660000E+01 7.799642668E+00
1.591760000E-01 1.932070000E+01 1.174170000E+01 7.788862643E+00
1.593220000E-01 1.933140000E+01 1.175860000E+01 7.781725060E+00
1.602530000E-01 1.936160000E+01 1.188060000E+01 7.736516633E+00
1.607690000E-01 1.936180000E+01 1.197490000E+01 7.711685711E+00
1.616340000E-01 1.938600000E+01 1.218870000E+01 7.670415878E+00
1.633160000E-01 1.965030000E+01 1.266500000E+01 7.591417865E+00
1.653280000E-01 2.015310000E+01 1.299130000E+01 7.499032227E+00
1.673370000E-01 2.059660000E+01 1.316720000E+01 7.409000998E+00
1.698240000E-01 2.112290000E+01 1.331320000E+01 7.300499340E+00
1.726000000E-01 2.169240000E+01 1.337190000E+01 7.183082271E+00
1.786700000E-01 2.275610000E+01 1.319290000E+01 6.939049645E+00
1.922070000E-01 2.409590000E+01 1.238570000E+01 6.450337397E+00
2.162720000E-01 2.491990000E+01 1.145490000E+01 5.732595990E+00
2.570400000E-01 2.541180000E+01 1.113970000E+01 4.823373794E+00
2.718900000E-01 2.527710000E+01 1.114190000E+01 4.559932326E+00
2.743650000E-01 2.512050000E+01 1.117370000E+01 4.518797952E+00
2.773280000E-01 2.483410000E+01 1.144960000E+01 4.470518664E+00
2.791390000E-01 2.479350000E+01 1.179650000E+01 4.441514801E+00
2.830000000E-01 2.522400000E+01 1.230160000E+01 4.380918728E+00
3.058930000E-01 2.633540000E+01 1.244070000E+01 4.053051230E+00
3.123370000E-01 2.644030000E+01 1.269200000E+01 3.969430455E+00
3.714770000E-01 2.846000000E+01 1.286410000E+01 3.337487920E+00
3.792950000E-01 2.843190000E+01 1.299000000E+01 3.268695870E+00
3.859280000E-01 2.871590000E+01 1.334440000E+01 3.212516324E+00
4.785160000E-01 3.159440000E+01 1.292050000E+01 2.590926949E+00
6.454300000E-01 3.394890000E+01 1.145120000E+01 1.920889949E+00
8.269890000E-01 3.417310000E+01 9.853490000E+00 1.499173508E+00
9.806810000E-01 3.223380000E+01 8.659060000E+00 1.264223534E+00
1.079610000E+00 2.897840000E+01 7.985700000E+00 1.148377655E+00
1.131280000E+00 2.545990000E+01 7.661590000E+00 1.095926738E+00
1.159820000E+00 2.204620000E+01 7.491950000E+00 1.068958976E+00
1.167950000E+00 2.050220000E+01 7.454080000E+00 1.061518044E+00
1.173750000E+00 1.906400000E+01 7.480200000E+00 1.056272630E+00
1.176640000E+00 1.820300000E+01 7.554060000E+00 1.053678270E+00
1.179530000E+00 1.722270000E+01 7.716250000E+00 1.051096623E+00
1.183100000E+00 1.584410000E+01 8.121160000E+00 1.047924943E+00
1.191480000E+00 1.225970000E+01 1.058390000E+01 1.040554604E+00
1.194780000E+00 1.110490000E+01 1.225230000E+01 1.037680577E+00
1.197490000E+00 1.047170000E+01 1.384000000E+01 1.035332237E+00
1.200970000E+00 1.013320000E+01 1.600630000E+01 1.032332198E+00
1.204680000E+00 1.025760000E+01 1.822690000E+01 1.029152970E+00
1.209290000E+00 1.105800000E+01 2.052880000E+01 1.025229680E+00
1.211820000E+00 1.161990000E+01 2.152180000E+01 1.023089238E+00
1.214510000E+00 1.221790000E+01 2.239160000E+01 1.020823213E+00
1.217560000E+00 1.280820000E+01 2.320770000E+01 1.018266040E+00
1.224840000E+00 1.384530000E+01 2.500380000E+01 1.012213840E+00
1.228980000E+00 1.438080000E+01 2.614110000E+01 1.008804049E+00
1.232090000E+00 1.496080000E+01 2.705730000E+01 1.006257660E+00
1.235990000E+00 1.572610000E+01 2.814610000E+01 1.003082549E+00
1.244510000E+00 1.809130000E+01 2.992690000E+01 9.962153779E-01
1.246640000E+00 1.868130000E+01 3.021010000E+01 9.945132516E-01
1.249670000E+00 1.950540000E+01 3.049900000E+01 9.921019149E-01
1.253260000E+00 2.043950000E+01 3.073790000E+01 9.892600099E-01
1.258020000E+00 2.156690000E+01 3.091790000E+01 9.855169234E-01
1.279490000E+00 2.504440000E+01 3.132710000E+01 9.689798279E-01
1.341150000E+00 3.179780000E+01 3.188680000E+01 9.244305260E-01
1.408570000E+00 3.687160000E+01 3.081630000E+01 8.801834485E-01
1.471940000E+00 3.949010000E+01 2.907200000E+01 8.422897672E-01
1.513180000E+00 3.979640000E+01 2.805060000E+01 8.193341176E-01
1.528560000E+00 3.921820000E+01 2.823040000E+01 8.110901764E-01
1.544730000E+00 3.917660000E+01 2.960480000E+01 8.025998071E-01
1.586030000E+00 4.258610000E+01 3.030770000E+01 7.817002200E-01
1.642380000E+00 4.474480000E+01 2.901090000E+01 7.548801130E-01
1.671460000E+00 4.506090000E+01 2.859370000E+01 7.417467364E-01
1.696640000E+00 4.564950000E+01 2.908150000E+01 7.307384006E-01
1.742580000E+00 4.770000000E+01 2.855030000E+01 7.114737917E-01
1.816510000E+00 4.945960000E+01 2.709880000E+01 6.825175749E-01
1.865050000E+00 4.991140000E+01 2.678190000E+01 6.647542961E-01
1.936900000E+00 5.199640000E+01 2.608750000E+01 6.400949972E-01
2.048000000E+00 5.392140000E+01 2.429040000E+01 6.053710937E-01
2.191600000E+00 5.558461000E+01 2.222060000E+01 5.657054207E-01
2.368820000E+00 5.699556000E+01 2.003110000E+01 5.233829502E-01
2.592690000E+00 5.816133000E+01 1.770620000E+01 4.781906051E-01
2.826130000E+00 5.892747000E+01 1.567720000E+01 4.386917799E-01
3.117090000E+00 5.945142000E+01 1.362490000E+01 3.977427665E-01
3.490880000E+00 5.973920000E+01 1.155370000E+01 3.551540013E-01
3.958630000E+00 5.976397000E+01 9.579610000E+00 3.131891589E-01
4.596670000E+00 5.946146000E+01 7.637500000E+00 2.697169908E-01
5.306760000E+00 5.879737000E+01 6.116840000E+00 2.336265443E-01
5.987810000E+00 5.781208000E+01 5.060780000E+00 2.070539980E-01
6.471680000E+00 5.670205000E+01 4.474420000E+00 1.915731309E-01
6.780930000E+00 5.553846000E+01 4.152490000E+00 1.828362776E-01
6.977640000E+00 5.429370000E+01 3.966650000E+00 1.776818523E-01
7.081730000E+00 5.308470000E+01 3.897430000E+00 1.750702159E-01
7.120340000E+00 5.234960000E+01 3.978180000E+00 1.741208987E-01
7.147500000E+00 5.169500000E+01 4.192880000E+00 1.734592515E-01
7.176430000E+00 5.093900000E+01 4.685620000E+00 1.727599935E-01
7.211960000E+00 5.017290000E+01 5.753830000E+00 1.719088847E-01
7.261250000E+00 5.002340000E+01 7.722780000E+00 1.707419521E-01
7.293920000E+00 5.055820000E+01 8.846740000E+00 1.699771865E-01
7.340120000E+00 5.169550000E+01 9.727900000E+00 1.689073203E-01
7.416450000E+00 5.313110000E+01 9.951090000E+00 1.671689285E-01
7.521230000E+00 5.409998000E+01 9.763370000E+00 1.648400594E-01
7.674870000E+00 5.465009000E+01 9.455380000E+00 1.615401955E-01
7.797150000E+00 5.446371000E+01 9.255210000E+00 1.590068166E-01
7.864520000E+00 5.397160000E+01 9.439270000E+00 1.576447132E-01
7.930050000E+00 5.358200000E+01 1.026540000E+01 1.563420155E-01
7.991550000E+00 5.391550000E+01 1.127140000E+01 1.551388654E-01
8.073770000E+00 5.498015000E+01 1.183130000E+01 1.535589941E-01
8.168530000E+00 5.574306000E+01 1.172230000E+01 1.517776148E-01
8.288670000E+00 5.593636000E+01 1.177950000E+01 1.495776765E-01
8.371660000E+00 5.623697000E+01 1.233700000E+01 1.480948820E-01
8.480000000E+00 5.727075000E+01 1.269600000E+01 1.462028302E-01
8.613150000E+00 5.825576000E+01 1.245780000E+01 1.439426923E-01
8.849510000E+00 5.933214000E+01 1.195350000E+01 1.400981523E-01
9.150710000E+00 6.026229000E+01 1.135540000E+01 1.354867546E-01
9.503650000E+00 6.105278000E+01 1.070400000E+01 1.304551409E-01
9.889230000E+00 6.168878000E+01 1.004990000E+01 1.253687092E-01
1.031670000E+01 6.220984000E+01 9.400500000E+00 1.201740867E-01
1.077710000E+01 6.263046000E+01 8.767190000E+00 1.150402242E-01
1.119720000E+01 6.292921000E+01 8.240890000E+00 1.107241096E-01
1.164550000E+01 6.316756700E+01 7.731160000E+00 1.064617234E-01
1.198230000E+01 6.330994000E+01 7.378930000E+00 1.034692839E-01
1.246850000E+01 6.347021300E+01 6.916710000E+00 9.943457513E-02
1.298490000E+01 6.360016500E+01 6.474230000E+00 9.548013462E-02
1.343820000E+01 6.368783200E+01 6.121250000E+00 9.225937998E-02
1.387920000E+01 6.375222800E+01 5.803710000E+00 8.932791515E-02
1.431450000E+01 6.380208500E+01 5.512860000E+00 8.661147787E-02
1.471560000E+01 6.383367600E+01 5.264490000E+00 8.425072712E-02
1.522740000E+01 6.386182600E+01 4.972040000E+00 8.141902098E-02
1.571960000E+01 6.387867900E+01 4.713570000E+00 7.886969134E-02
1.629050000E+01 6.388540400E+01 4.438960000E+00 7.610570578E-02
1.683890000E+01 6.388230500E+01 4.199270000E+00 7.362713716E-02
1.763150000E+01 6.386841600E+01 3.885290000E+00 7.031732978E-02
1.860320000E+01 6.383620100E+01 3.545540000E+00 6.664444827E-02
1.977430000E+01 6.378576500E+01 3.193000000E+00 6.269754176E-02
2.258150000E+01 6.364081800E+01 2.540180000E+00 5.490335009E-02
2.566540000E+01 6.346514700E+01 2.032610000E+00 4.830628005E-02
2.916120000E+01 6.326374900E+01 1.623940000E+00 4.251539717E-02
3.313100000E+01 6.303445000E+01 1.295400000E+00 3.742114636E-02
3.759230000E+01 6.276412000E+01 1.033760000E+00 3.298015817E-02
4.196660000E+01 6.242799000E+01 8.483320000E-01 2.954254097E-02
4.487250000E+01 6.210385000E+01 7.519790000E-01 2.762939440E-02
4.676570000E+01 6.177632000E+01 6.980210000E-01 2.651088298E-02
4.801820000E+01 6.142745000E+01 6.652700000E-01 2.581937682E-02
4.882700000E+01 6.106219000E+01 6.460090000E-01 2.539168902E-02
4.926110000E+01 6.072567000E+01 6.522750000E-01 2.516793169E-02
4.946750000E+01 6.049191000E+01 6.931850000E-01 2.506292010E-02
4.962600000E+01 6.027465000E+01 7.725130000E-01 2.498287188E-02
4.975570000E+01 6.008126000E+01 8.872240000E-01 2.491774812E-02
4.989760000E+01 5.987351000E+01 1.078440000E+00 2.484688642E-02
5.006010000E+01 5.967858000E+01 1.385440000E+00 2.476623099E-02
5.024460000E+01 5.958612000E+01 1.821330000E+00 2.467528849E-02
5.049500000E+01 5.967128000E+01 2.430180000E+00 2.455292603E-02
5.074150000E+01 5.999340000E+01 2.889010000E+00 2.443364899E-02
5.100580000E+01 6.041677000E+01 3.149510000E+00 2.430703959E-02
5.140140000E+01 6.093491000E+01 3.243650000E+00 2.411996560E-02
5.188000000E+01 6.133446000E+01 3.211690000E+00 2.389745567E-02
5.266620000E+01 6.174503000E+01 3.138380000E+00 2.354071492E-02
5.367300000E+01 6.209038000E+01 3.043640000E+00 2.309913737E-02
5.514410000E+01 6.243753000E+01 2.917510000E+00 2.248291295E-02
5.692070000E+01 6.273079000E+01 2.771250000E+00 2.178117978E-02
5.889500000E+01 6.295506000E+01 2.619900000E+00 2.105102301E-02
6.126150000E+01 6.315402000E+01 2.454900000E+00 2.023783290E-02
6.370570000E+01 6.330275600E+01 2.303650000E+00 1.946136688E-02
6.634410000E+01 6.342558800E+01 2.155570000E+00 1.868741908E-02
6.949000000E+01 6.353530000E+01 1.996840000E+00 1.784141603E-02
7.299680000E+01 6.362205400E+01 1.837980000E+00 1.698430616E-02
7.698370000E+01 6.369067300E+01 1.679980000E+00 1.610470788E-02
8.102030000E+01 6.373806600E+01 1.539010000E+00 1.530233781E-02
8.578980000E+01 6.377436500E+01 1.394870000E+00 1.445160147E-02
9.074810000E+01 6.379695800E+01 1.266430000E+00 1.366199403E-02
9.743630000E+01 6.381312400E+01 1.119080000E+00 1.272421059E-02
1.066410000E+02 6.381493500E+01 9.550270000E-01 1.162592249E-02
1.207230000E+02 6.379925800E+01 7.680520000E-01 1.026979117E-02
1.369900000E+02 6.377037700E+01 6.131590000E-01 9.050295642E-03
1.553170000E+02 6.373529600E+01 4.905510000E-01 7.982384414E-03
1.759450000E+02 6.369920000E+01 3.930180000E-01 7.046520219E-03
1.994480000E+02 6.366395800E+01 3.145790000E-01 6.216156592E-03
2.257550000E+02 6.363128100E+01 2.526820000E-01 5.491794202E-03
2.561390000E+02 6.360137200E+01 2.028240000E-01 4.840340596E-03
2.895470000E+02 6.357550900E+01 1.644020000E-01 4.281860976E-03
3.282840000E+02 6.355262200E+01 1.332410000E-01 3.776608059E-03
3.700710000E+02 6.353397300E+01 1.096330000E-01 3.350167941E-03
4.201630000E+02 6.351719000E+01 8.970720000E-02 2.950759586E-03
4.786300000E+02 6.350298500E+01 7.364510000E-02 2.590309843E-03
5.485040000E+02 6.349086200E+01 6.050610000E-02 2.260329916E-03
6.327760000E+02 6.348076100E+01 4.980610000E-02 1.959303134E-03
7.370550000E+02 6.347242900E+01 4.112540000E-02 1.682099708E-03
8.616140000E+02 6.346616300E+01 3.427620000E-02 1.438927408E-03
1.011650000E+03 6.346151100E+01 2.883400000E-02 1.225522661E-03
1.196610000E+03 6.345827700E+01 2.398810000E-02 1.036093631E-03
1.410750000E+03 6.345588300E+01 1.998440000E-02 8.788233209E-04
1.696100000E+03 6.345394000E+01 1.630230000E-02 7.309710512E-04
2.039160000E+03 6.345253800E+01 1.329870000E-02 6.079954491E-04
2.451610000E+03 6.345151800E+01 1.084840000E-02 5.057084936E-04
2.947480000E+03 6.345068500E+01 8.849610000E-03 4.206305047E-04
3.543650000E+03 6.345008100E+01 7.219090000E-03 3.498652519E-04
4.260410000E+03 6.344966200E+01 5.888990000E-03 2.910048563E-04
5.122130000E+03 6.344937300E+01 4.803950000E-03 2.420477419E-04
6.158160000E+03 6.344917300E+01 3.918830000E-03 2.013263702E-04
7.403740000E+03 6.344903400E+01 3.196790000E-03 1.674559074E-04
8.901250000E+03 6.344893900E+01 2.607790000E-03 1.392838085E-04
1.000000000E+04 6.344889400E+01 2.296900000E-03 1.239800000E-04
