# Data retrieved from https://www-nds.iaea.org/epdl97/za1to100.htm 03/01/2021
# Element, He  (Z = 2) 
# Atomic weight, g mol-1 = 4.0026 
# Nominal density, g cm-3 =  1.78500E-4 
# Relativistic correction estimate f_rel(5CL)*,  e atom-1 =  0 
# Nuclear Thomson correction f_NT*, e atom-1 =  0 
#    E [keV]      f1 [e atom-1]      f2 [e atom-1]    Wavelength [nm] 
1.000000000E-03 4.920500000E-01 0.000000000E+00 1.239800000E+03
2.000000000E-03 4.888100000E-01 0.000000000E+00 6.199000000E+02
3.000000000E-03 4.822100000E-01 0.000000000E+00 4.132666667E+02
3.375000000E-03 4.797400000E-01 0.000000000E+00 3.673481481E+02
3.796880000E-03 4.769600000E-01 0.000000000E+00 3.265312572E+02
4.000000000E-03 4.756200000E-01 0.000000000E+00 3.099500000E+02
4.271480000E-03 4.725200000E-01 0.000000000E+00 2.902506859E+02
4.805420000E-03 4.664300000E-01 0.000000000E+00 2.580003413E+02
5.406100000E-03 4.595900000E-01 0.000000000E+00 2.293335306E+02
6.000000000E-03 4.528100000E-01 0.000000000E+00 2.066333333E+02
6.081860000E-03 4.513000000E-01 0.000000000E+00 2.038521110E+02
6.842090000E-03 4.372400000E-01 0.000000000E+00 1.812019427E+02
7.697350000E-03 4.214200000E-01 0.000000000E+00 1.610684197E+02
8.659520000E-03 4.036300000E-01 0.000000000E+00 1.431719079E+02
9.000000000E-03 3.973300000E-01 0.000000000E+00 1.377555556E+02
9.741960000E-03 3.765200000E-01 0.000000000E+00 1.272639181E+02
1.086160000E-02 3.451200000E-01 0.000000000E+00 1.141452456E+02
1.125000000E-02 3.342200000E-01 0.000000000E+00 1.102044444E+02
1.184120000E-02 3.123600000E-01 0.000000000E+00 1.047022261E+02
1.269840000E-02 2.802800000E-01 0.000000000E+00 9.763434763E+01
1.344840000E-02 2.462200000E-01 0.000000000E+00 9.218940543E+01
1.410470000E-02 2.143200000E-01 0.000000000E+00 8.789977809E+01
1.467900000E-02 1.828300000E-01 0.000000000E+00 8.446079433E+01
1.518150000E-02 1.529200000E-01 0.000000000E+00 8.166518460E+01
1.562110000E-02 1.241800000E-01 0.000000000E+00 7.936701001E+01
1.600580000E-02 9.811000000E-02 0.000000000E+00 7.745942096E+01
1.634240000E-02 7.299000000E-02 0.000000000E+00 7.586401018E+01
1.693150000E-02 2.437000000E-02 0.000000000E+00 7.322446328E+01
1.739140000E-02 -1.752000000E-02 0.000000000E+00 7.128810792E+01
1.770960000E-02 -4.928000000E-02 0.000000000E+00 7.000722772E+01
1.800800000E-02 -8.125000000E-02 0.000000000E+00 6.884717903E+01
1.813960000E-02 -9.636000000E-02 0.000000000E+00 6.834770337E+01
1.841920000E-02 -1.300800000E-01 0.000000000E+00 6.731019805E+01
1.869880000E-02 -1.656400000E-01 0.000000000E+00 6.630372002E+01
1.874480000E-02 -1.714900000E-01 0.000000000E+00 6.614100977E+01
1.879080000E-02 -1.773400000E-01 0.000000000E+00 6.597909615E+01
1.883680000E-02 -1.836400000E-01 0.000000000E+00 6.581797333E+01
1.888290000E-02 -1.903400000E-01 0.000000000E+00 6.565728781E+01
1.892890000E-02 -1.970300000E-01 0.000000000E+00 6.549773098E+01
1.897490000E-02 -2.037200000E-01 0.000000000E+00 6.533894777E+01
1.902090000E-02 -2.104100000E-01 0.000000000E+00 6.518093255E+01
1.906700000E-02 -2.171000000E-01 0.000000000E+00 6.502333875E+01
1.911300000E-02 -2.237900000E-01 0.000000000E+00 6.486684456E+01
1.915900000E-02 -2.304800000E-01 0.000000000E+00 6.471110183E+01
1.920500000E-02 -2.371700000E-01 0.000000000E+00 6.455610518E+01
1.925100000E-02 -2.438600000E-01 0.000000000E+00 6.440184925E+01
1.929710000E-02 -2.510700000E-01 0.000000000E+00 6.424799581E+01
1.934310000E-02 -2.586700000E-01 0.000000000E+00 6.409520708E+01
1.938910000E-02 -2.662800000E-01 0.000000000E+00 6.394314331E+01
1.943510000E-02 -2.738800000E-01 0.000000000E+00 6.379179937E+01
1.948120000E-02 -2.814800000E-01 0.000000000E+00 6.364084348E+01
1.950310000E-02 -2.851000000E-01 0.000000000E+00 6.356938128E+01
1.952500000E-02 -2.887300000E-01 0.000000000E+00 6.349807939E+01
1.952510000E-02 -2.887400000E-01 0.000000000E+00 6.349775417E+01
1.957320000E-02 -2.966900000E-01 0.000000000E+00 6.334171214E+01
1.962120000E-02 -3.046200000E-01 0.000000000E+00 6.318675718E+01
1.966930000E-02 -3.125600000E-01 0.000000000E+00 6.303223806E+01
1.971730000E-02 -3.214600000E-01 0.000000000E+00 6.287879172E+01
1.976540000E-02 -3.304300000E-01 0.000000000E+00 6.272577332E+01
1.978940000E-02 -3.349100000E-01 0.000000000E+00 6.264970136E+01
1.981350000E-02 -3.394000000E-01 0.000000000E+00 6.257349787E+01
1.983750000E-02 -3.438800000E-01 0.000000000E+00 6.249779458E+01
1.986150000E-02 -3.483700000E-01 0.000000000E+00 6.242227425E+01
1.988560000E-02 -3.528500000E-01 0.000000000E+00 6.234662268E+01
1.990960000E-02 -3.573400000E-01 0.000000000E+00 6.227146703E+01
1.994560000E-02 -3.640600000E-01 0.000000000E+00 6.215907268E+01
1.996970000E-02 -3.685500000E-01 0.000000000E+00 6.208405735E+01
1.998770000E-02 -3.719100000E-01 0.000000000E+00 6.202814731E+01
1.999670000E-02 -3.735900000E-01 0.000000000E+00 6.200023004E+01
2.000120000E-02 -3.744300000E-01 0.000000000E+00 6.198628082E+01
2.000340000E-02 -3.748600000E-01 0.000000000E+00 6.197946349E+01
2.000460000E-02 -3.750700000E-01 0.000000000E+00 6.197574558E+01
2.000650000E-02 -3.754200000E-01 0.000000000E+00 6.196985980E+01
2.000790000E-02 -3.756900000E-01 0.000000000E+00 6.196552362E+01
2.005380000E-02 -3.853300000E-01 0.000000000E+00 6.182369426E+01
2.006580000E-02 -3.880100000E-01 0.000000000E+00 6.178672169E+01
2.010180000E-02 -3.960400000E-01 0.000000000E+00 6.167606881E+01
2.012580000E-02 -4.014000000E-01 0.000000000E+00 6.160252015E+01
2.014990000E-02 -4.067500000E-01 0.000000000E+00 6.152884133E+01
2.017390000E-02 -4.121100000E-01 0.000000000E+00 6.145564318E+01
2.019790000E-02 -4.174700000E-01 0.000000000E+00 6.138261899E+01
2.022200000E-02 -4.228200000E-01 0.000000000E+00 6.130946494E+01
2.024600000E-02 -4.281800000E-01 0.000000000E+00 6.123678751E+01
2.029410000E-02 -4.388900000E-01 0.000000000E+00 6.109164733E+01
2.034210000E-02 -4.496000000E-01 0.000000000E+00 6.094749313E+01
2.039020000E-02 -4.603200000E-01 0.000000000E+00 6.080371943E+01
2.046220000E-02 -4.763700000E-01 0.000000000E+00 6.058977041E+01
2.048620000E-02 -4.817200000E-01 0.000000000E+00 6.051878826E+01
2.048630000E-02 -4.817400000E-01 0.000000000E+00 6.051849285E+01
2.051420000E-02 -4.879500000E-01 0.000000000E+00 6.043618567E+01
2.056820000E-02 -4.999900000E-01 0.000000000E+00 6.027751578E+01
2.061880000E-02 -5.112700000E-01 0.000000000E+00 6.012959047E+01
2.071370000E-02 -5.366500000E-01 0.000000000E+00 5.985410622E+01
2.079670000E-02 -5.598300000E-01 0.000000000E+00 5.961522742E+01
2.086940000E-02 -5.801200000E-01 0.000000000E+00 5.940755364E+01
2.099660000E-02 -6.156200000E-01 0.000000000E+00 5.904765533E+01
2.118730000E-02 -6.742700000E-01 0.000000000E+00 5.851618658E+01
2.123500000E-02 -6.905200000E-01 0.000000000E+00 5.838474217E+01
2.127080000E-02 -7.027100000E-01 0.000000000E+00 5.828647724E+01
2.131770000E-02 -7.187100000E-01 0.000000000E+00 5.815824409E+01
2.135900000E-02 -7.327700000E-01 0.000000000E+00 5.804578866E+01
2.137470000E-02 -7.381200000E-01 0.000000000E+00 5.800315326E+01
2.137810000E-02 -7.392800000E-01 0.000000000E+00 5.799392837E+01
2.139060000E-02 -7.435400000E-01 0.000000000E+00 5.796003852E+01
2.145940000E-02 -7.678700000E-01 0.000000000E+00 5.777421550E+01
2.148330000E-02 -7.776000000E-01 0.000000000E+00 5.770994214E+01
2.153600000E-02 -7.989500000E-01 0.000000000E+00 5.756872214E+01
2.158860000E-02 -8.203000000E-01 0.000000000E+00 5.742845761E+01
2.161730000E-02 -8.319300000E-01 0.000000000E+00 5.735221327E+01
2.164590000E-02 -8.435700000E-01 0.000000000E+00 5.727643572E+01
2.167230000E-02 -8.542500000E-01 0.000000000E+00 5.720666473E+01
2.171170000E-02 -8.709500000E-01 0.000000000E+00 5.710285238E+01
2.173150000E-02 -8.809900000E-01 0.000000000E+00 5.705082484E+01
2.175120000E-02 -8.910400000E-01 0.000000000E+00 5.699915407E+01
2.177750000E-02 -9.044200000E-01 0.000000000E+00 5.693031799E+01
2.179070000E-02 -9.111200000E-01 0.000000000E+00 5.689583171E+01
2.180380000E-02 -9.178100000E-01 0.000000000E+00 5.686164797E+01
2.183020000E-02 -9.312000000E-01 0.000000000E+00 5.679288325E+01
2.184990000E-02 -9.412400000E-01 0.000000000E+00 5.674167845E+01
2.186420000E-02 -9.485500000E-01 0.000000000E+00 5.670456728E+01
2.189860000E-02 -9.660200000E-01 0.000000000E+00 5.661549140E+01
2.190380000E-02 -9.687000000E-01 0.000000000E+00 5.660205079E+01
2.191570000E-02 -9.747200000E-01 0.000000000E+00 5.657131645E+01
2.196170000E-02 -9.981500000E-01 0.000000000E+00 5.645282469E+01
2.197490000E-02 -1.004840000E+00 0.000000000E+00 5.641891431E+01
2.201440000E-02 -1.024930000E+00 0.000000000E+00 5.631768297E+01
2.204440000E-02 -1.040230000E+00 0.000000000E+00 5.624104081E+01
2.208960000E-02 -1.063190000E+00 0.000000000E+00 5.612595973E+01
2.213470000E-02 -1.091750000E+00 0.000000000E+00 5.601160169E+01
2.217230000E-02 -1.116070000E+00 0.000000000E+00 5.591661668E+01
2.222000000E-02 -1.146980000E+00 0.000000000E+00 5.579657966E+01
2.224310000E-02 -1.161920000E+00 0.000000000E+00 5.573863355E+01
2.227750000E-02 -1.184190000E+00 0.000000000E+00 5.565256425E+01
2.232600000E-02 -1.220940000E+00 0.000000000E+00 5.553166711E+01
2.235330000E-02 -1.242600000E+00 0.000000000E+00 5.546384650E+01
2.243540000E-02 -1.307590000E+00 0.000000000E+00 5.526088236E+01
2.244770000E-02 -1.317310000E+00 0.000000000E+00 5.523060269E+01
2.246000000E-02 -1.327030000E+00 0.000000000E+00 5.520035619E+01
2.248710000E-02 -1.348870000E+00 1.338470000E-06 5.513383229E+01
2.251650000E-02 -1.375550000E+00 3.005060000E-06 5.506184354E+01
2.256960000E-02 -1.426580000E+00 1.200840000E-05 5.493229831E+01
2.262260000E-02 -1.481590000E+00 4.380520000E-05 5.480360348E+01
2.263970000E-02 -1.500290000E+00 6.519210000E-05 5.476220975E+01
2.266960000E-02 -1.534370000E+00 1.283180000E-04 5.468998130E+01
2.270620000E-02 -1.578610000E+00 2.839010000E-04 5.460182681E+01
2.278990000E-02 -1.692290000E+00 1.502030000E-03 5.440129180E+01
2.287020000E-02 -1.823650000E+00 6.177390000E-03 5.421028238E+01
2.294060000E-02 -1.963470000E+00 1.848790000E-02 5.404392213E+01
2.297140000E-02 -2.033690000E+00 2.868840000E-02 5.397146016E+01
2.303650000E-02 -2.201530000E+00 6.691060000E-02 5.381893951E+01
2.308960000E-02 -2.357490000E+00 1.233870000E-01 5.369517012E+01
2.324290000E-02 -2.843500000E+00 4.977020000E-01 5.334102027E+01
2.329130000E-02 -2.971890000E+00 6.949460000E-01 5.323017607E+01
2.330830000E-02 -3.009590000E+00 7.724950000E-01 5.319135244E+01
2.334390000E-02 -3.073280000E+00 9.465290000E-01 5.311023437E+01
2.337010000E-02 -3.104590000E+00 1.082460000E+00 5.305069298E+01
2.340840000E-02 -3.101450000E+00 1.289300000E+00 5.296389330E+01
2.346500000E-02 -3.096820000E+00 1.594510000E+00 5.283613893E+01
2.347640000E-02 -3.080790000E+00 1.653550000E+00 5.281048202E+01
2.349380000E-02 -3.056280000E+00 1.743860000E+00 5.277136947E+01
2.352170000E-02 -3.002370000E+00 1.880870000E+00 5.270877530E+01
2.355860000E-02 -2.911130000E+00 2.045230000E+00 5.262621718E+01
2.369910000E-02 -2.458590000E+00 2.480630000E+00 5.231422290E+01
2.398240000E-02 -1.682630000E+00 2.680740000E+00 5.169624391E+01
2.400900000E-02 -1.627690000E+00 2.682590000E+00 5.163896872E+01
2.413230000E-02 -1.435100000E+00 2.674480000E+00 5.137512794E+01
2.418410000E-02 -1.354100000E+00 2.671070000E+00 5.126508739E+01
2.433730000E-02 -1.170490000E+00 2.660630000E+00 5.094238063E+01
2.441330000E-02 -1.098140000E+00 2.655210000E+00 5.078379408E+01
2.460540000E-02 -9.152900000E-01 2.641520000E+00 5.038731335E+01
2.480650000E-02 -7.591600000E-01 2.626490000E+00 4.997883619E+01
2.490520000E-02 -6.946800000E-01 2.618760000E+00 4.978076867E+01
2.510810000E-02 -5.620600000E-01 2.602850000E+00 4.937848742E+01
2.527400000E-02 -4.715300000E-01 2.589100000E+00 4.905436417E+01
2.563770000E-02 -2.885900000E-01 2.560720000E+00 4.835847209E+01
2.765650000E-02 3.706100000E-01 2.405170000E+00 4.482852132E+01
2.917430000E-02 6.827800000E-01 2.291220000E+00 4.249630668E+01
3.144600000E-02 1.016715000E+00 2.134590000E+00 3.942631813E+01
3.311310000E-02 1.197022000E+00 2.027910000E+00 3.744137517E+01
3.431380000E-02 1.305471000E+00 1.953550000E+00 3.613123583E+01
3.619690000E-02 1.443954000E+00 1.846430000E+00 3.425155193E+01
3.726060000E-02 1.511072000E+00 1.789250000E+00 3.327375297E+01
3.925600000E-02 1.616338000E+00 1.688210000E+00 3.158243326E+01
4.054790000E-02 1.674706000E+00 1.628150000E+00 3.057618274E+01
4.186730000E-02 1.727590000E+00 1.569340000E+00 2.961260936E+01
4.248630000E-02 1.749255000E+00 1.542860000E+00 2.918117134E+01
4.304340000E-02 1.768753000E+00 1.519040000E+00 2.880348671E+01
4.434010000E-02 1.809128000E+00 1.466790000E+00 2.796114578E+01
4.554060000E-02 1.842310000E+00 1.421340000E+00 2.722405941E+01
4.673490000E-02 1.872792000E+00 1.378440000E+00 2.652835461E+01
4.717910000E-02 1.884129000E+00 1.362490000E+00 2.627858522E+01
4.831280000E-02 1.908884800E+00 1.323110000E+00 2.566193638E+01
4.960740000E-02 1.934296500E+00 1.280600000E+00 2.499223906E+01
5.235110000E-02 1.979978100E+00 1.198110000E+00 2.368240591E+01
5.416890000E-02 2.006535170E+00 1.147940000E+00 2.288767171E+01
5.695700000E-02 2.039000300E+00 1.076080000E+00 2.176729814E+01
6.010710000E-02 2.068131900E+00 1.003910000E+00 2.062651500E+01
6.386080000E-02 2.096236500E+00 9.267280000E-01 1.941410067E+01
7.228740000E-02 2.135997000E+00 7.842540000E-01 1.715098344E+01
8.395810000E-02 2.161854000E+00 6.362180000E-01 1.476688967E+01
9.544460000E-02 2.169940000E+00 5.284430000E-01 1.298973436E+01
1.101980000E-01 2.169698000E+00 4.263400000E-01 1.125065791E+01
1.245400000E-01 2.163556000E+00 3.527360000E-01 9.955034527E+00
1.429910000E-01 2.152816000E+00 2.829600000E-01 8.670475764E+00
1.623550000E-01 2.140490000E+00 2.293450000E-01 7.636352438E+00
1.839810000E-01 2.127303000E+00 1.853560000E-01 6.738739326E+00
2.076040000E-01 2.114161000E+00 1.499340000E-01 5.971946591E+00
2.362200000E-01 2.100375000E+00 1.186920000E-01 5.248497164E+00
2.664520000E-01 2.088066200E+00 9.481710000E-02 4.652995662E+00
2.963810000E-01 2.077772400E+00 7.737700000E-02 4.183129148E+00
3.336220000E-01 2.067226000E+00 6.138980000E-02 3.716181787E+00
3.727050000E-01 2.058213400E+00 4.918860000E-02 3.326491461E+00
4.157000000E-01 2.050153100E+00 3.936230000E-02 2.982439259E+00
4.651020000E-01 2.042812600E+00 3.113520000E-02 2.665651836E+00
5.186250000E-01 2.036518800E+00 2.469710000E-02 2.390551940E+00
5.734250000E-01 2.031377000E+00 1.987200000E-02 2.162096176E+00
6.364600000E-01 2.026659100E+00 1.580720000E-02 1.947962166E+00
7.006860000E-01 2.022857000E+00 1.277250000E-02 1.769408836E+00
7.653910000E-01 2.019776100E+00 1.048540000E-02 1.619825684E+00
8.483890000E-01 2.016644800E+00 8.330910000E-03 1.461357938E+00
9.225710000E-01 2.014427500E+00 6.909560000E-03 1.343853210E+00
1.021240000E+00 2.012106900E+00 5.522620000E-03 1.214014336E+00
1.112580000E+00 2.010433400E+00 4.572450000E-03 1.114346833E+00
1.236080000E+00 2.008676370E+00 3.625400000E-03 1.003009514E+00
1.373140000E+00 2.007207190E+00 2.873440000E-03 9.028940967E-01
1.522140000E+00 2.005995090E+00 2.283000000E-03 8.145111488E-01
1.681170000E+00 2.005009480E+00 1.828840000E-03 7.374626005E-01
1.859760000E+00 2.004167160E+00 1.455040000E-03 6.666451585E-01
2.066990000E+00 2.003427690E+00 1.141180000E-03 5.998093847E-01
2.286910000E+00 2.002832340E+00 9.029570000E-04 5.421288988E-01
2.529120000E+00 2.002335100E+00 7.148950000E-04 4.902100335E-01
2.749340000E+00 2.001983940E+00 5.882790000E-04 4.509445903E-01
3.046970000E+00 2.001599770E+00 4.625350000E-04 4.068960311E-01
3.370160000E+00 2.001279520E+00 3.654280000E-04 3.678757092E-01
3.733570000E+00 2.001014020E+00 2.876630000E-04 3.320682350E-01
4.074340000E+00 2.000826809E+00 2.345550000E-04 3.042946833E-01
4.512060000E+00 2.000645734E+00 1.847190000E-04 2.747747149E-01
4.987920000E+00 2.000500415E+00 1.458470000E-04 2.485605222E-01
5.417320000E+00 2.000400779E+00 1.200490000E-04 2.288585500E-01
5.891540000E+00 2.000315061E+00 9.849960000E-05 2.104373390E-01
6.371310000E+00 2.000247075E+00 8.181840000E-05 1.945910653E-01
6.858950000E+00 2.000192070E+00 6.859820000E-05 1.807565298E-01
7.306490000E+00 2.000150971E+00 5.898600000E-05 1.696847597E-01
7.767800000E+00 2.000115821E+00 5.095870000E-05 1.596076109E-01
8.235370000E+00 2.000086050E+00 4.432210000E-05 1.505457557E-01
8.727250000E+00 2.000059752E+00 3.858260000E-05 1.420607866E-01
9.141120000E+00 2.000040833E+00 3.451630000E-05 1.356288945E-01
9.519730000E+00 2.000025642E+00 3.129960000E-05 1.302347861E-01
9.877530000E+00 2.000012862E+00 2.863630000E-05 1.255172093E-01
1.004910000E+01 2.000007214E+00 2.747560000E-05 1.233742325E-01
1.027260000E+01 2.000000273E+00 2.605990000E-05 1.206899908E-01
1.048670000E+01 1.999994038E+00 2.479560000E-05 1.182259433E-01
1.069140000E+01 1.999988421E+00 2.366600000E-05 1.159623623E-01
1.107360000E+01 1.999978759E+00 2.174810000E-05 1.119599769E-01
1.158180000E+01 1.999967362E+00 1.952050000E-05 1.070472638E-01
1.222100000E+01 1.999954996E+00 1.715200000E-05 1.014483267E-01
1.318800000E+01 1.999939597E+00 1.427690000E-05 9.400970579E-02
1.428890000E+01 1.999925726E+00 1.177040000E-05 8.676665104E-02
1.551600000E+01 1.999913612E+00 9.646330000E-06 7.990461459E-02
1.696530000E+01 1.999902550E+00 7.775080000E-06 7.307857804E-02
1.856370000E+01 1.999893229E+00 6.255470000E-06 6.678625490E-02
2.044610000E+01 1.999884929E+00 4.954110000E-06 6.063748099E-02
2.205270000E+01 1.999879461E+00 4.126600000E-06 5.621987330E-02
2.381390000E+01 1.999874692E+00 3.427260000E-06 5.206203100E-02
2.629770000E+01 1.999869525E+00 2.697080000E-06 4.714480734E-02
2.851020000E+01 1.999866013E+00 2.219260000E-06 4.348619091E-02
3.095840000E+01 1.999862970E+00 1.817470000E-06 4.004728927E-02
3.385030000E+01 1.999860191E+00 1.463900000E-06 3.662596786E-02
3.703940000E+01 1.999857850E+00 1.176970000E-06 3.347246446E-02
4.079520000E+01 1.999855765E+00 9.314240000E-07 3.039083029E-02
4.400090000E+01 1.999854391E+00 7.753930000E-07 2.817669639E-02
4.751490000E+01 1.999853194E+00 6.436050000E-07 2.609286771E-02
5.247080000E+01 1.999851896E+00 5.060980000E-07 2.362837998E-02
5.792760000E+01 1.999850834E+00 3.982620000E-07 2.140257839E-02
6.391600000E+01 1.999849967E+00 3.140920000E-07 1.939733400E-02
7.023550000E+01 1.999849282E+00 2.501730000E-07 1.765204206E-02
7.758810000E+01 1.999848686E+00 1.967480000E-07 1.597925455E-02
8.413950000E+01 1.999848282E+00 1.618330000E-07 1.473505310E-02
9.160570000E+01 1.999847922E+00 1.320720000E-07 1.353409231E-02
1.011480000E+02 1.999847573E+00 1.042420000E-07 1.225728635E-02
1.096480000E+02 1.999847336E+00 8.599560000E-08 1.130709178E-02
1.193780000E+02 1.999847124E+00 7.036020000E-08 1.038549817E-02
1.318130000E+02 1.999846919E+00 5.569420000E-08 9.405749054E-03
1.428890000E+02 1.999846779E+00 4.605230000E-08 8.676665104E-03
1.554290000E+02 1.999846656E+00 3.788570000E-08 7.976632417E-03
1.715690000E+02 1.999846535E+00 3.014080000E-08 7.226247166E-03
1.892870000E+02 1.999846436E+00 2.410030000E-08 6.549842303E-03
2.053640000E+02 1.999846368E+00 2.004410000E-08 6.037085370E-03
2.275570000E+02 1.999846296E+00 1.594030000E-08 5.448305260E-03
2.524850000E+02 1.999846237E+00 1.270130000E-08 4.910390716E-03
2.785340000E+02 1.999846192E+00 1.029030000E-08 4.451162156E-03
3.031930000E+02 1.999846159E+00 8.611580000E-09 4.089144538E-03
3.311310000E+02 1.999846130E+00 7.184840000E-09 3.744137517E-03
3.672820000E+02 1.999846103E+00 5.845350000E-09 3.375607844E-03
4.121250000E+02 1.999846078E+00 4.690210000E-09 3.008310585E-03
4.570880000E+02 1.999846060E+00 3.882070000E-09 2.712387987E-03
5.099180000E+02 1.999846044E+00 3.211270000E-09 2.431371319E-03
5.755430000E+02 1.999846031E+00 2.634760000E-09 2.154139656E-03
6.437990000E+02 1.999846021E+00 2.223240000E-09 1.925756331E-03
7.192420000E+02 1.999846013E+00 1.904070000E-09 1.723759180E-03
8.035260000E+02 1.999846007E+00 1.650330000E-09 1.542949450E-03
9.354390000E+02 1.999846000E+00 1.387590000E-09 1.325367020E-03
1.070170000E+03 1.999845996E+00 1.211070000E-09 1.158507527E-03
1.286620000E+03 1.999845992E+00 1.017490000E-09 9.636100791E-04
1.546860000E+03 1.999845989E+00 8.548400000E-10 8.014946408E-04
1.859730000E+03 1.999845987E+00 7.182000000E-10 6.666559124E-04
2.235890000E+03 1.999845985E+00 6.034000000E-10 5.544995505E-04
2.688130000E+03 1.999845984E+00 5.069500000E-10 4.612128134E-04
3.231850000E+03 1.999845983E+00 4.259100000E-10 3.836192893E-04
3.885540000E+03 1.999845983E+00 3.578300000E-10 3.190804882E-04
4.671440000E+03 1.999845983E+00 3.006400000E-10 2.653999623E-04
5.616310000E+03 1.999845982E+00 2.525800000E-10 2.207499230E-04
6.752290000E+03 1.999845982E+00 2.122100000E-10 1.836117821E-04
8.118030000E+03 1.999845982E+00 1.782900000E-10 1.527217810E-04
9.760020000E+03 1.999845982E+00 1.497900000E-10 1.270284282E-04
1.000000000E+04 1.999845982E+00 1.466100000E-10 1.239800000E-04
