# Data retrieved from https://www-nds.iaea.org/epdl97/za1to100.htm 03/01/2021
# Element, Hg  (Z = 80) 
# Atomic weight, g mol-1 = 200.59 
# Nominal density, g cm-3 =  1.35460E+1 
# Relativistic correction estimate f_rel(5CL)*,  e atom-1 =  0 
# Nuclear Thomson correction f_NT*, e atom-1 =  0 
#    E [keV]      f1 [e atom-1]      f2 [e atom-1]    Wavelength [nm] 
1.000000000E-03 3.308200000E+00 0.000000000E+00 1.239800000E+03
1.125000000E-03 3.303000000E+00 0.000000000E+00 1.102044444E+03
1.265630000E-03 3.297200000E+00 0.000000000E+00 9.795911917E+02
1.423830000E-03 3.290600000E+00 0.000000000E+00 8.707500193E+02
1.601810000E-03 3.283200000E+00 0.000000000E+00 7.739994132E+02
1.802030000E-03 3.274800000E+00 0.000000000E+00 6.880018646E+02
2.027290000E-03 3.264200000E+00 0.000000000E+00 6.115553276E+02
2.280700000E-03 3.242400000E+00 0.000000000E+00 5.436050335E+02
2.565780000E-03 3.217800000E+00 0.000000000E+00 4.832058867E+02
2.886510000E-03 3.190100000E+00 0.000000000E+00 4.295152277E+02
3.189200000E-03 3.164000000E+00 0.000000000E+00 3.887495297E+02
3.454060000E-03 3.141200000E+00 0.000000000E+00 3.589399142E+02
3.685820000E-03 3.121200000E+00 0.000000000E+00 3.363701971E+02
3.888600000E-03 3.103700000E+00 0.000000000E+00 3.188293988E+02
4.066030000E-03 3.082900000E+00 0.000000000E+00 3.049165894E+02
4.221290000E-03 3.056800000E+00 0.000000000E+00 2.937016883E+02
4.357140000E-03 3.033900000E+00 0.000000000E+00 2.845444489E+02
4.476010000E-03 3.013900000E+00 0.000000000E+00 2.769877637E+02
4.580010000E-03 2.996400000E+00 0.000000000E+00 2.706980989E+02
4.671020000E-03 2.981000000E+00 0.000000000E+00 2.654238261E+02
4.750650000E-03 2.967600000E+00 0.000000000E+00 2.609748140E+02
4.890010000E-03 2.944100000E+00 0.000000000E+00 2.535373138E+02
4.994530000E-03 2.926500000E+00 0.000000000E+00 2.482315653E+02
5.072920000E-03 2.913300000E+00 0.000000000E+00 2.443957326E+02
5.131710000E-03 2.903400000E+00 0.000000000E+00 2.415958813E+02
5.175800000E-03 2.896000000E+00 0.000000000E+00 2.395378492E+02
5.208870000E-03 2.890400000E+00 0.000000000E+00 2.380170747E+02
5.233670000E-03 2.886200000E+00 0.000000000E+00 2.368892192E+02
5.252270000E-03 2.883100000E+00 0.000000000E+00 2.360503173E+02
5.280180000E-03 2.878400000E+00 0.000000000E+00 2.348026014E+02
5.294130000E-03 2.876000000E+00 0.000000000E+00 2.341838980E+02
5.301100000E-03 2.874900000E+00 0.000000000E+00 2.338759880E+02
5.308080000E-03 2.873700000E+00 0.000000000E+00 2.335684466E+02
5.321140000E-03 2.871500000E+00 0.000000000E+00 2.329951852E+02
5.334210000E-03 2.869300000E+00 0.000000000E+00 2.324242953E+02
5.347270000E-03 2.867100000E+00 0.000000000E+00 2.318566296E+02
5.360340000E-03 2.864900000E+00 0.000000000E+00 2.312912987E+02
5.373400000E-03 2.862700000E+00 0.000000000E+00 2.307291473E+02
5.386470000E-03 2.860500000E+00 0.000000000E+00 2.301692945E+02
5.393000000E-03 2.859400000E+00 0.000000000E+00 2.298905989E+02
5.399530000E-03 2.858300000E+00 0.000000000E+00 2.296125774E+02
5.406070000E-03 2.857200000E+00 0.000000000E+00 2.293348033E+02
5.412600000E-03 2.856100000E+00 0.000000000E+00 2.290581236E+02
5.422400000E-03 2.854400000E+00 0.000000000E+00 2.286441428E+02
5.425660000E-03 2.853900000E+00 0.000000000E+00 2.285067623E+02
5.437100000E-03 2.851900000E+00 0.000000000E+00 2.280259697E+02
5.439550000E-03 2.851500000E+00 0.000000000E+00 2.279232657E+02
5.441080000E-03 2.851300000E+00 0.000000000E+00 2.278591750E+02
5.443760000E-03 2.850800000E+00 0.000000000E+00 2.277469984E+02
5.445770000E-03 2.850500000E+00 0.000000000E+00 2.276629384E+02
5.448780000E-03 2.850000000E+00 0.000000000E+00 2.275371735E+02
5.450290000E-03 2.849700000E+00 0.000000000E+00 2.274741344E+02
5.453430000E-03 2.849200000E+00 0.000000000E+00 2.273431583E+02
5.456290000E-03 2.848700000E+00 0.000000000E+00 2.272239929E+02
5.468130000E-03 2.846700000E+00 0.000000000E+00 2.267319906E+02
5.477930000E-03 2.845100000E+00 0.000000000E+00 2.263263678E+02
5.484460000E-03 2.844000000E+00 0.000000000E+00 2.260568953E+02
5.490990000E-03 2.842900000E+00 0.000000000E+00 2.257880637E+02
5.497520000E-03 2.841800000E+00 0.000000000E+00 2.255198708E+02
5.504060000E-03 2.840700000E+00 0.000000000E+00 2.252519050E+02
5.517120000E-03 2.838500000E+00 0.000000000E+00 2.247186938E+02
5.530190000E-03 2.836300000E+00 0.000000000E+00 2.241875957E+02
5.543250000E-03 2.834100000E+00 0.000000000E+00 2.236594056E+02
5.562850000E-03 2.830800000E+00 0.000000000E+00 2.228713699E+02
5.569380000E-03 2.829700000E+00 0.000000000E+00 2.226100571E+02
5.572110000E-03 2.829200000E+00 0.000000000E+00 2.225009915E+02
5.577530000E-03 2.828300000E+00 0.000000000E+00 2.222847748E+02
5.588190000E-03 2.826500000E+00 0.000000000E+00 2.218607456E+02
5.598520000E-03 2.824700000E+00 0.000000000E+00 2.214513836E+02
5.608530000E-03 2.823100000E+00 0.000000000E+00 2.210561413E+02
5.618230000E-03 2.821400000E+00 0.000000000E+00 2.206744829E+02
5.627620000E-03 2.819800000E+00 0.000000000E+00 2.203062751E+02
5.636720000E-03 2.818300000E+00 0.000000000E+00 2.199506096E+02
5.645530000E-03 2.816800000E+00 0.000000000E+00 2.196073708E+02
5.782160000E-03 2.793800000E+00 0.000000000E+00 2.144181413E+02
5.816320000E-03 2.788100000E+00 0.000000000E+00 2.131588358E+02
5.841930000E-03 2.783700000E+00 0.000000000E+00 2.122243847E+02
5.861150000E-03 2.780500000E+00 0.000000000E+00 2.115284543E+02
5.875560000E-03 2.778100000E+00 0.000000000E+00 2.110096740E+02
5.897170000E-03 2.774400000E+00 0.000000000E+00 2.102364354E+02
5.913380000E-03 2.771700000E+00 0.000000000E+00 2.096601267E+02
5.918790000E-03 2.770800000E+00 0.000000000E+00 2.094684893E+02
5.926070000E-03 2.769600000E+00 0.000000000E+00 2.092111636E+02
5.947920000E-03 2.765900000E+00 0.000000000E+00 2.084426152E+02
5.962490000E-03 2.763400000E+00 0.000000000E+00 2.079332628E+02
5.977060000E-03 2.761000000E+00 0.000000000E+00 2.074263936E+02
5.991630000E-03 2.758500000E+00 0.000000000E+00 2.069219895E+02
6.000000000E-03 2.757100000E+00 0.000000000E+00 2.066333333E+02
6.006200000E-03 2.755500000E+00 0.000000000E+00 2.064200326E+02
6.013480000E-03 2.753600000E+00 0.000000000E+00 2.061701378E+02
6.020760000E-03 2.751700000E+00 0.000000000E+00 2.059208472E+02
6.028050000E-03 2.749800000E+00 0.000000000E+00 2.056718176E+02
6.035330000E-03 2.747900000E+00 0.000000000E+00 2.054237299E+02
6.046260000E-03 2.745000000E+00 0.000000000E+00 2.050523795E+02
6.051720000E-03 2.743600000E+00 0.000000000E+00 2.048673765E+02
6.058100000E-03 2.741900000E+00 0.000000000E+00 2.046516234E+02
6.061280000E-03 2.741100000E+00 0.000000000E+00 2.045442547E+02
6.062080000E-03 2.740900000E+00 0.000000000E+00 2.045172614E+02
6.062680000E-03 2.740700000E+00 0.000000000E+00 2.044970211E+02
6.063130000E-03 2.740600000E+00 0.000000000E+00 2.044818435E+02
6.063800000E-03 2.740500000E+00 0.000000000E+00 2.044592500E+02
6.064130000E-03 2.740400000E+00 0.000000000E+00 2.044481236E+02
6.064930000E-03 2.740200000E+00 0.000000000E+00 2.044211557E+02
6.079040000E-03 2.736500000E+00 0.000000000E+00 2.039466758E+02
6.082680000E-03 2.735500000E+00 0.000000000E+00 2.038246299E+02
6.093610000E-03 2.732700000E+00 0.000000000E+00 2.034590333E+02
6.100890000E-03 2.730800000E+00 0.000000000E+00 2.032162521E+02
6.108180000E-03 2.728900000E+00 0.000000000E+00 2.029737172E+02
6.115460000E-03 2.727000000E+00 0.000000000E+00 2.027320921E+02
6.122740000E-03 2.725100000E+00 0.000000000E+00 2.024910416E+02
6.130030000E-03 2.723200000E+00 0.000000000E+00 2.022502337E+02
6.137310000E-03 2.721300000E+00 0.000000000E+00 2.020103270E+02
6.151880000E-03 2.717500000E+00 0.000000000E+00 2.015318894E+02
6.166450000E-03 2.713700000E+00 0.000000000E+00 2.010557128E+02
6.181020000E-03 2.709900000E+00 0.000000000E+00 2.005817810E+02
6.195590000E-03 2.706100000E+00 0.000000000E+00 2.001100783E+02
6.210150000E-03 2.702300000E+00 0.000000000E+00 1.996409104E+02
6.220700000E-03 2.699500000E+00 0.000000000E+00 1.993023293E+02
6.241450000E-03 2.694100000E+00 0.000000000E+00 1.986397392E+02
6.261560000E-03 2.688800000E+00 0.000000000E+00 1.980017759E+02
6.281040000E-03 2.683800000E+00 0.000000000E+00 1.973876938E+02
6.318780000E-03 2.673900000E+00 0.000000000E+00 1.962087618E+02
6.354160000E-03 2.664700000E+00 0.000000000E+00 1.951162703E+02
6.387330000E-03 2.656000000E+00 0.000000000E+00 1.941030133E+02
6.449530000E-03 2.639800000E+00 0.000000000E+00 1.922310618E+02
6.503950000E-03 2.625600000E+00 0.000000000E+00 1.906226216E+02
6.599190000E-03 2.600700000E+00 0.000000000E+00 1.878715418E+02
6.670610000E-03 2.582100000E+00 0.000000000E+00 1.858600638E+02
6.777760000E-03 2.554100000E+00 0.000000000E+00 1.829217913E+02
6.884900000E-03 2.526200000E+00 0.000000000E+00 1.800752371E+02
6.901840000E-03 2.521800000E+00 0.000000000E+00 1.796332572E+02
6.918790000E-03 2.517300000E+00 0.000000000E+00 1.791931826E+02
6.935740000E-03 2.512900000E+00 0.000000000E+00 1.787552590E+02
6.952680000E-03 2.508500000E+00 0.000000000E+00 1.783197271E+02
6.969630000E-03 2.504100000E+00 0.000000000E+00 1.778860571E+02
6.986570000E-03 2.499600000E+00 0.000000000E+00 1.774547453E+02
7.003520000E-03 2.495200000E+00 0.000000000E+00 1.770252673E+02
7.020470000E-03 2.490800000E+00 0.000000000E+00 1.765978631E+02
7.037410000E-03 2.486400000E+00 0.000000000E+00 1.761727681E+02
7.054360000E-03 2.482000000E+00 0.000000000E+00 1.757494656E+02
7.071310000E-03 2.477500000E+00 0.000000000E+00 1.753281924E+02
7.088250000E-03 2.473100000E+00 0.000000000E+00 1.749091807E+02
7.105200000E-03 2.468700000E+00 0.000000000E+00 1.744919214E+02
7.139090000E-03 2.459800000E+00 0.000000000E+00 1.736635902E+02
7.156040000E-03 2.455400000E+00 0.000000000E+00 1.732522457E+02
7.172980000E-03 2.451000000E+00 0.000000000E+00 1.728430861E+02
7.189930000E-03 2.446600000E+00 0.000000000E+00 1.724356148E+02
7.206880000E-03 2.442200000E+00 0.000000000E+00 1.720300602E+02
7.223820000E-03 2.437700000E+00 0.000000000E+00 1.716266463E+02
7.470970000E-03 2.373200000E+00 0.000000000E+00 1.659489999E+02
7.594540000E-03 2.340300000E+00 0.000000000E+00 1.632488604E+02
7.656320000E-03 2.320100000E+00 0.000000000E+00 1.619315807E+02
7.687220000E-03 2.309900000E+00 0.000000000E+00 1.612806710E+02
7.702660000E-03 2.304900000E+00 0.000000000E+00 1.609573836E+02
7.718110000E-03 2.299800000E+00 0.000000000E+00 1.606351814E+02
7.737110000E-03 2.293600000E+00 0.000000000E+00 1.602407100E+02
7.756100000E-03 2.287400000E+00 0.000000000E+00 1.598483774E+02
7.775100000E-03 2.281200000E+00 0.000000000E+00 1.594577562E+02
7.794100000E-03 2.275000000E+00 0.000000000E+00 1.590690394E+02
7.815390000E-03 2.268000000E+00 0.000000000E+00 1.586357175E+02
7.818390000E-03 2.267000000E+00 0.000000000E+00 1.585748473E+02
7.832090000E-03 2.262500000E+00 0.000000000E+00 1.582974659E+02
7.845190000E-03 2.258200000E+00 0.000000000E+00 1.580331388E+02
7.855020000E-03 2.255000000E+00 0.000000000E+00 1.578353715E+02
7.858300000E-03 2.253900000E+00 0.000000000E+00 1.577694921E+02
7.861240000E-03 2.253000000E+00 0.000000000E+00 1.577104884E+02
7.865670000E-03 2.251500000E+00 0.000000000E+00 1.576216648E+02
7.870090000E-03 2.250100000E+00 0.000000000E+00 1.575331413E+02
7.890920000E-03 2.243300000E+00 0.000000000E+00 1.571172943E+02
7.896980000E-03 2.241300000E+00 0.000000000E+00 1.569967253E+02
7.903660000E-03 2.239100000E+00 0.000000000E+00 1.568640351E+02
7.910340000E-03 2.236900000E+00 0.000000000E+00 1.567315691E+02
7.916320000E-03 2.234900000E+00 0.000000000E+00 1.566131738E+02
7.935670000E-03 2.228600000E+00 0.000000000E+00 1.562312949E+02
7.945340000E-03 2.225400000E+00 0.000000000E+00 1.560411512E+02
7.955010000E-03 2.222300000E+00 0.000000000E+00 1.558514697E+02
7.962290000E-03 2.219900000E+00 0.000000000E+00 1.557089732E+02
7.968660000E-03 2.217800000E+00 0.000000000E+00 1.555845023E+02
7.974230000E-03 2.216000000E+00 0.000000000E+00 1.554758265E+02
7.983980000E-03 2.212800000E+00 0.000000000E+00 1.552859601E+02
7.991300000E-03 2.210400000E+00 0.000000000E+00 1.551437188E+02
7.996790000E-03 2.208600000E+00 0.000000000E+00 1.550372087E+02
8.000900000E-03 2.207200000E+00 0.000000000E+00 1.549575673E+02
8.006300000E-03 2.205200000E+00 0.000000000E+00 1.548530532E+02
8.007550000E-03 2.204800000E+00 0.000000000E+00 1.548288802E+02
8.012310000E-03 2.203000000E+00 0.000000000E+00 1.547368986E+02
8.013240000E-03 2.202700000E+00 0.000000000E+00 1.547189402E+02
8.022960000E-03 2.199100000E+00 0.000000000E+00 1.545314946E+02
8.027820000E-03 2.197300000E+00 0.000000000E+00 1.544379421E+02
8.030250000E-03 2.196400000E+00 0.000000000E+00 1.543912082E+02
8.032680000E-03 2.195500000E+00 0.000000000E+00 1.543445027E+02
8.052120000E-03 2.188300000E+00 0.000000000E+00 1.539718732E+02
8.071550000E-03 2.181100000E+00 0.000000000E+00 1.536012290E+02
8.090990000E-03 2.173900000E+00 0.000000000E+00 1.532321755E+02
8.105570000E-03 2.168600000E+00 0.000000000E+00 1.529565472E+02
8.127430000E-03 2.160500000E+00 0.000000000E+00 1.525451465E+02
8.138370000E-03 2.156400000E+00 0.000000000E+00 1.523400878E+02
8.149300000E-03 2.152400000E+00 0.000000000E+00 1.521357663E+02
8.168740000E-03 2.145200000E+00 0.000000000E+00 1.517737130E+02
8.187120000E-03 2.138400000E+00 0.000000000E+00 1.514329825E+02
8.206460000E-03 2.131300000E+00 0.000000000E+00 1.510761035E+02
8.227050000E-03 2.123700000E+00 0.000000000E+00 1.506980023E+02
8.245140000E-03 2.117000000E+00 0.000000000E+00 1.503673679E+02
8.246480000E-03 2.116500000E+00 0.000000000E+00 1.503429342E+02
8.265920000E-03 2.109300000E+00 0.000000000E+00 1.499893539E+02
8.279360000E-03 2.104400000E+00 0.000000000E+00 1.497458741E+02
8.285360000E-03 2.102100000E+00 0.000000000E+00 1.496374328E+02
8.328440000E-03 2.086200000E+00 0.000000000E+00 1.488634126E+02
8.457680000E-03 2.030000000E+00 0.000000000E+00 1.465886626E+02
8.478500000E-03 2.020200000E+00 0.000000000E+00 1.462286961E+02
8.499320000E-03 2.010300000E+00 0.000000000E+00 1.458704932E+02
8.513110000E-03 2.003800000E+00 0.000000000E+00 1.456342042E+02
8.520140000E-03 2.000500000E+00 0.000000000E+00 1.455140408E+02
8.540950000E-03 1.990600000E+00 0.000000000E+00 1.451594963E+02
8.555020000E-03 1.984000000E+00 0.000000000E+00 1.449207600E+02
8.575970000E-03 1.974100000E+00 0.000000000E+00 1.445667371E+02
8.598630000E-03 1.963300000E+00 0.000000000E+00 1.441857598E+02
8.609110000E-03 1.958400000E+00 0.000000000E+00 1.440102403E+02
8.619590000E-03 1.953400000E+00 0.000000000E+00 1.438351476E+02
8.631160000E-03 1.947900000E+00 0.000000000E+00 1.436423378E+02
8.639830000E-03 1.943800000E+00 0.000000000E+00 1.434981938E+02
8.652850000E-03 1.937700000E+00 0.000000000E+00 1.432822712E+02
8.659350000E-03 1.934600000E+00 0.000000000E+00 1.431747187E+02
8.665860000E-03 1.931500000E+00 0.000000000E+00 1.430671624E+02
8.676270000E-03 1.926600000E+00 0.000000000E+00 1.428955069E+02
8.686680000E-03 1.921700000E+00 0.000000000E+00 1.427242629E+02
8.703420000E-03 1.913800000E+00 0.000000000E+00 1.424497496E+02
8.724380000E-03 1.903800000E+00 0.000000000E+00 1.421075194E+02
8.745340000E-03 1.893900000E+00 0.000000000E+00 1.417669296E+02
8.772000000E-03 1.881300000E+00 0.000000000E+00 1.413360693E+02
8.791770000E-03 1.869400000E+00 0.000000000E+00 1.410182477E+02
8.813590000E-03 1.856300000E+00 0.000000000E+00 1.406691257E+02
8.829170000E-03 1.846900000E+00 0.000000000E+00 1.404209003E+02
8.850130000E-03 1.834300000E+00 0.000000000E+00 1.400883377E+02
8.869330000E-03 1.822700000E+00 0.000000000E+00 1.397850796E+02
8.878680000E-03 1.817100000E+00 0.000000000E+00 1.396378741E+02
8.890280000E-03 1.810100000E+00 0.000000000E+00 1.394556752E+02
8.900370000E-03 1.804000000E+00 0.000000000E+00 1.392975798E+02
8.925440000E-03 1.788900000E+00 0.000000000E+00 1.389063172E+02
8.932190000E-03 1.784800000E+00 0.000000000E+00 1.388013466E+02
8.945930000E-03 1.776600000E+00 0.000000000E+00 1.385881624E+02
8.966540000E-03 1.764200000E+00 0.000000000E+00 1.382696112E+02
8.987140000E-03 1.748400000E+00 0.000000000E+00 1.379526746E+02
9.008840000E-03 1.730100000E+00 0.000000000E+00 1.376203818E+02
9.030530000E-03 1.710400000E+00 0.000000000E+00 1.372898379E+02
9.052220000E-03 1.690700000E+00 0.000000000E+00 1.369608781E+02
9.072130000E-03 1.672700000E+00 0.000000000E+00 1.366602992E+02
9.102000000E-03 1.645600000E+00 0.000000000E+00 1.362118216E+02
9.131860000E-03 1.618600000E+00 0.000000000E+00 1.357664266E+02
9.168370000E-03 1.585400000E+00 4.720200000E-07 1.352257817E+02
9.193600000E-03 1.557300000E+00 2.516390000E-06 1.348546815E+02
9.244010000E-03 1.495200000E+00 4.915150000E-05 1.341192837E+02
9.320470000E-03 1.376000000E+00 1.900270000E-03 1.330190430E+02
9.367080000E-03 1.277000000E+00 1.096540000E-02 1.323571487E+02
9.408800000E-03 1.163600000E+00 3.949540000E-02 1.317702576E+02
9.435790000E-03 1.079300000E+00 7.892790000E-02 1.313933439E+02
9.446090000E-03 1.046200000E+00 1.000260000E-01 1.312500728E+02
9.478920000E-03 9.448000000E-01 1.934440000E-01 1.307954915E+02
9.496700000E-03 8.983000000E-01 2.608730000E-01 1.305506123E+02
9.504280000E-03 8.814000000E-01 2.929560000E-01 1.304464936E+02
9.518480000E-03 8.557000000E-01 3.571710000E-01 1.302518890E+02
9.529310000E-03 8.422000000E-01 4.092180000E-01 1.301038585E+02
9.537760000E-03 8.375000000E-01 4.511560000E-01 1.299885927E+02
9.547210000E-03 8.323000000E-01 4.981270000E-01 1.298599277E+02
9.571230000E-03 8.449000000E-01 6.166170000E-01 1.295340306E+02
9.602690000E-03 8.982000000E-01 7.559190000E-01 1.291096557E+02
9.636520000E-03 9.900000000E-01 8.680480000E-01 1.286564029E+02
9.684600000E-03 1.135100000E+00 9.544450000E-01 1.280176775E+02
9.752050000E-03 1.297700000E+00 9.804510000E-01 1.271322440E+02
9.808660000E-03 1.389000000E+00 9.709750000E-01 1.263985091E+02
9.843920000E-03 1.423500000E+00 9.611120000E-01 1.259457614E+02
9.855670000E-03 1.434600000E+00 9.578240000E-01 1.257956080E+02
9.902680000E-03 1.479000000E+00 9.446740000E-01 1.251984311E+02
9.949690000E-03 1.512700000E+00 9.312940000E-01 1.246068973E+02
9.973200000E-03 1.525000000E+00 9.245050000E-01 1.243131593E+02
9.996710000E-03 1.537300000E+00 9.177160000E-01 1.240208028E+02
1.002020000E-02 1.549600000E+00 9.109280000E-01 1.237300653E+02
1.005540000E-02 1.564800000E+00 9.010250000E-01 1.232969350E+02
1.008170000E-02 1.571400000E+00 8.939520000E-01 1.229752919E+02
1.010150000E-02 1.576400000E+00 8.886480000E-01 1.227342474E+02
1.013110000E-02 1.583900000E+00 8.806910000E-01 1.223756552E+02
1.014600000E-02 1.587600000E+00 8.767120000E-01 1.221959393E+02
1.015340000E-02 1.589500000E+00 8.747230000E-01 1.221068805E+02
1.016080000E-02 1.591300000E+00 8.727340000E-01 1.220179513E+02
1.017330000E-02 1.594500000E+00 8.693790000E-01 1.218680271E+02
1.021080000E-02 1.604000000E+00 8.593130000E-01 1.214204568E+02
1.023580000E-02 1.610300000E+00 8.526030000E-01 1.211238985E+02
1.026080000E-02 1.613700000E+00 8.461900000E-01 1.208287853E+02
1.028590000E-02 1.615400000E+00 8.399550000E-01 1.205339348E+02
1.029840000E-02 1.616300000E+00 8.368370000E-01 1.203876330E+02
1.031090000E-02 1.617200000E+00 8.337200000E-01 1.202416860E+02
1.032340000E-02 1.618000000E+00 8.306020000E-01 1.200960924E+02
1.033590000E-02 1.618900000E+00 8.274850000E-01 1.199508509E+02
1.034840000E-02 1.619800000E+00 8.243670000E-01 1.198059603E+02
1.035460000E-02 1.620200000E+00 8.228090000E-01 1.197342244E+02
1.037340000E-02 1.621500000E+00 8.181330000E-01 1.195172268E+02
1.037960000E-02 1.621900000E+00 8.165740000E-01 1.194458361E+02
1.038280000E-02 1.622100000E+00 8.157950000E-01 1.194090226E+02
1.038900000E-02 1.622600000E+00 8.142360000E-01 1.193377611E+02
1.040130000E-02 1.623400000E+00 8.111670000E-01 1.191966389E+02
1.040370000E-02 1.623600000E+00 8.105700000E-01 1.191691417E+02
1.040730000E-02 1.623800000E+00 8.096750000E-01 1.191279198E+02
1.040910000E-02 1.624000000E+00 8.092280000E-01 1.191073196E+02
1.041250000E-02 1.624200000E+00 8.083910000E-01 1.190684274E+02
1.043590000E-02 1.623800000E+00 8.028760000E-01 1.188014450E+02
1.044220000E-02 1.623600000E+00 8.014290000E-01 1.187297696E+02
1.046090000E-02 1.622900000E+00 7.970880000E-01 1.185175272E+02
1.047340000E-02 1.622400000E+00 7.941940000E-01 1.183760765E+02
1.048590000E-02 1.621900000E+00 7.913000000E-01 1.182349631E+02
1.049840000E-02 1.621500000E+00 7.884060000E-01 1.180941858E+02
1.051090000E-02 1.621000000E+00 7.855120000E-01 1.179537433E+02
1.052340000E-02 1.620500000E+00 7.826180000E-01 1.178136344E+02
1.053590000E-02 1.620100000E+00 7.797240000E-01 1.176738580E+02
1.056100000E-02 1.619100000E+00 7.739360000E-01 1.173941862E+02
1.058600000E-02 1.618200000E+00 7.681490000E-01 1.171169469E+02
1.061100000E-02 1.617200000E+00 7.623610000E-01 1.168410140E+02
1.066100000E-02 1.611500000E+00 7.515840000E-01 1.162930307E+02
1.067560000E-02 1.609800000E+00 7.484550000E-01 1.161339878E+02
1.070380000E-02 1.606500000E+00 7.423920000E-01 1.158280237E+02
1.075670000E-02 1.600300000E+00 7.310230000E-01 1.152583971E+02
1.080290000E-02 1.594800000E+00 7.210760000E-01 1.147654796E+02
1.088390000E-02 1.581800000E+00 7.045780000E-01 1.139113737E+02
1.100540000E-02 1.559400000E+00 6.806780000E-01 1.126537881E+02
1.120910000E-02 1.514000000E+00 6.429450000E-01 1.106065607E+02
1.126390000E-02 1.493300000E+00 6.331610000E-01 1.100684488E+02
1.129120000E-02 1.482900000E+00 6.282700000E-01 1.098023239E+02
1.131860000E-02 1.472500000E+00 6.233900000E-01 1.095365151E+02
1.134600000E-02 1.461400000E+00 6.187800000E-01 1.092719901E+02
1.137340000E-02 1.450200000E+00 6.141710000E-01 1.090087397E+02
1.141450000E-02 1.433500000E+00 6.072560000E-01 1.086162337E+02
1.145050000E-02 1.418900000E+00 6.011930000E-01 1.082747478E+02
1.148300000E-02 1.405700000E+00 5.957330000E-01 1.079683010E+02
1.150220000E-02 1.397900000E+00 5.924940000E-01 1.077880753E+02
1.151040000E-02 1.394400000E+00 5.912070000E-01 1.077112872E+02
1.152400000E-02 1.388500000E+00 5.890440000E-01 1.075841722E+02
1.153770000E-02 1.382600000E+00 5.868810000E-01 1.074564255E+02
1.154860000E-02 1.377900000E+00 5.851640000E-01 1.073550041E+02
1.155400000E-02 1.375600000E+00 5.843060000E-01 1.073048295E+02
1.155950000E-02 1.373300000E+00 5.834470000E-01 1.072537740E+02
1.156770000E-02 1.369700000E+00 5.821420000E-01 1.071777449E+02
1.159250000E-02 1.359100000E+00 5.782290000E-01 1.069484581E+02
1.161640000E-02 1.348800000E+00 5.744580000E-01 1.067284184E+02
1.164480000E-02 1.336600000E+00 5.699640000E-01 1.064681231E+02
1.167470000E-02 1.323600000E+00 5.653380000E-01 1.061954483E+02
1.170170000E-02 1.311500000E+00 5.613450000E-01 1.059504175E+02
1.171600000E-02 1.305200000E+00 5.592460000E-01 1.058210994E+02
1.173020000E-02 1.298800000E+00 5.571470000E-01 1.056929976E+02
1.174440000E-02 1.292500000E+00 5.550490000E-01 1.055652055E+02
1.175860000E-02 1.286100000E+00 5.529500000E-01 1.054377222E+02
1.177290000E-02 1.279800000E+00 5.508510000E-01 1.053096518E+02
1.178000000E-02 1.276600000E+00 5.498020000E-01 1.052461800E+02
1.178710000E-02 1.273400000E+00 5.487520000E-01 1.051827846E+02
1.180130000E-02 1.267000000E+00 5.466540000E-01 1.050562226E+02
1.180840000E-02 1.263900000E+00 5.456040000E-01 1.049930558E+02
1.181200000E-02 1.262300000E+00 5.450800000E-01 1.049610566E+02
1.181380000E-02 1.261500000E+00 5.448170000E-01 1.049450642E+02
1.181730000E-02 1.259900000E+00 5.442920000E-01 1.049139820E+02
1.182070000E-02 1.258400000E+00 5.438010000E-01 1.048838055E+02
1.183230000E-02 1.253200000E+00 5.420790000E-01 1.047809809E+02
1.183820000E-02 1.250600000E+00 5.412180000E-01 1.047287594E+02
1.184110000E-02 1.249300000E+00 5.407880000E-01 1.047031104E+02
1.184400000E-02 1.248000000E+00 5.403570000E-01 1.046774738E+02
1.187250000E-02 1.235300000E+00 5.361600000E-01 1.044261950E+02
1.188030000E-02 1.231700000E+00 5.349950000E-01 1.043576341E+02
1.190090000E-02 1.222200000E+00 5.321780000E-01 1.041769950E+02
1.191510000E-02 1.215600000E+00 5.302290000E-01 1.040528405E+02
1.192940000E-02 1.209000000E+00 5.282790000E-01 1.039281104E+02
1.194470000E-02 1.201800000E+00 5.261720000E-01 1.037949886E+02
1.196010000E-02 1.194700000E+00 5.240640000E-01 1.036613406E+02
1.198960000E-02 1.181000000E+00 5.200300000E-01 1.034062854E+02
1.201470000E-02 1.169300000E+00 5.165820000E-01 1.031902586E+02
1.204320000E-02 1.156100000E+00 5.126830000E-01 1.029460608E+02
1.207160000E-02 1.142800000E+00 5.087850000E-01 1.027038669E+02
1.210030000E-02 1.129500000E+00 5.048590000E-01 1.024602696E+02
1.212850000E-02 1.116100000E+00 5.011810000E-01 1.022220390E+02
1.214420000E-02 1.108600000E+00 4.991830000E-01 1.020898865E+02
1.215980000E-02 1.101100000E+00 4.971860000E-01 1.019589138E+02
1.217010000E-02 1.096100000E+00 4.958700000E-01 1.018726222E+02
1.218960000E-02 1.086800000E+00 4.933860000E-01 1.017096541E+02
1.221940000E-02 1.072500000E+00 4.895860000E-01 1.014616102E+02
1.224920000E-02 1.058200000E+00 4.857860000E-01 1.012147732E+02
1.226660000E-02 1.049900000E+00 4.835690000E-01 1.010712015E+02
1.228390000E-02 1.041500000E+00 4.813520000E-01 1.009288581E+02
1.229870000E-02 1.034500000E+00 4.794870000E-01 1.008074024E+02
1.232070000E-02 1.020500000E+00 4.768560000E-01 1.006273994E+02
1.233180000E-02 1.013300000E+00 4.755400000E-01 1.005368235E+02
1.234280000E-02 1.006100000E+00 4.742240000E-01 1.004472243E+02
1.235750000E-02 9.965000000E-01 4.724700000E-01 1.003277362E+02
1.237230000E-02 9.869000000E-01 4.707150000E-01 1.002077221E+02
1.240170000E-02 9.677000000E-01 4.672010000E-01 9.997016538E+01
1.243160000E-02 9.482000000E-01 4.636420000E-01 9.972972103E+01
1.246730000E-02 9.249000000E-01 4.593900000E-01 9.944414589E+01
1.250310000E-02 9.016000000E-01 4.551220000E-01 9.915940847E+01
1.252960000E-02 8.840000000E-01 4.521590000E-01 9.894968714E+01
1.255960000E-02 8.642000000E-01 4.488140000E-01 9.871333482E+01
1.258800000E-02 8.454000000E-01 4.456380000E-01 9.849062599E+01
1.260660000E-02 8.316000000E-01 4.435620000E-01 9.834531119E+01
1.263640000E-02 8.094000000E-01 4.402360000E-01 9.811338672E+01
1.264940000E-02 7.997000000E-01 4.387770000E-01 9.801255396E+01
1.267940000E-02 7.774000000E-01 4.354310000E-01 9.778065208E+01
1.269590000E-02 7.650000000E-01 4.336130000E-01 9.765357320E+01
1.270930000E-02 7.550000000E-01 4.322020000E-01 9.755061254E+01
1.275510000E-02 7.205000000E-01 4.273840000E-01 9.720033555E+01
1.276930000E-02 7.100000000E-01 4.259010000E-01 9.709224468E+01
1.281790000E-02 6.734000000E-01 4.207800000E-01 9.672411237E+01
1.285140000E-02 6.482000000E-01 4.172600000E-01 9.647197971E+01
1.288250000E-02 6.161000000E-01 4.139890000E-01 9.623908403E+01
1.291380000E-02 5.836000000E-01 4.108750000E-01 9.600582323E+01
1.296040000E-02 5.353000000E-01 4.062440000E-01 9.566062776E+01
1.300800000E-02 4.859000000E-01 4.015050000E-01 9.531057811E+01
1.303940000E-02 4.533000000E-01 3.983810000E-01 9.508106201E+01
1.307080000E-02 4.207000000E-01 3.952580000E-01 9.485264865E+01
1.310220000E-02 3.880000000E-01 3.922280000E-01 9.462533010E+01
1.313630000E-02 3.524000000E-01 3.890650000E-01 9.437969596E+01
1.320090000E-02 2.848000000E-01 3.830610000E-01 9.391783894E+01
1.322780000E-02 2.568000000E-01 3.805670000E-01 9.372684800E+01
1.325920000E-02 2.240000000E-01 3.776510000E-01 9.350488717E+01
1.329060000E-02 1.912000000E-01 3.747360000E-01 9.328397514E+01
1.333030000E-02 1.497000000E-01 3.710520000E-01 9.300615890E+01
1.335340000E-02 1.256000000E-01 3.689190000E-01 9.284526787E+01
1.341030000E-02 6.310000000E-02 3.640250000E-01 9.245132473E+01
1.348200000E-02 -4.000000000E-02 3.578710000E-01 9.195964990E+01
1.366050000E-02 -3.753000000E-01 3.498120000E-01 9.075802496E+01
1.378770000E-02 -7.548000000E-01 4.313020000E-01 8.992072644E+01
1.382820000E-02 -8.963000000E-01 5.125820000E-01 8.965736683E+01
1.389260000E-02 -1.096500000E+00 7.236590000E-01 8.924175460E+01
1.390620000E-02 -1.128600000E+00 7.803410000E-01 8.915447786E+01
1.393020000E-02 -1.174600000E+00 8.864700000E-01 8.900087580E+01
1.396950000E-02 -1.199400000E+00 1.069990000E+00 8.875049214E+01
1.398990000E-02 -1.214000000E+00 1.165540000E+00 8.862107663E+01
1.401460000E-02 -1.199100000E+00 1.274420000E+00 8.846488662E+01
1.402560000E-02 -1.188700000E+00 1.320680000E+00 8.839550536E+01
1.403980000E-02 -1.169700000E+00 1.376430000E+00 8.830610123E+01
1.405700000E-02 -1.142300000E+00 1.438310000E+00 8.819805079E+01
1.407420000E-02 -1.109800000E+00 1.492860000E+00 8.809026446E+01
1.410900000E-02 -1.037900000E+00 1.583790000E+00 8.787298887E+01
1.414600000E-02 -9.587000000E-01 1.650660000E+00 8.764315001E+01
1.416840000E-02 -9.140000000E-01 1.678620000E+00 8.750458767E+01
1.419080000E-02 -8.730000000E-01 1.698890000E+00 8.736646278E+01
1.422160000E-02 -8.228000000E-01 1.718450000E+00 8.717725150E+01
1.425240000E-02 -7.811000000E-01 1.730320000E+00 8.698885802E+01
1.426660000E-02 -7.629000000E-01 1.734940000E+00 8.690227524E+01
1.428330000E-02 -7.478000000E-01 1.737510000E+00 8.680066931E+01
1.431800000E-02 -7.163000000E-01 1.743010000E+00 8.659030591E+01
1.435270000E-02 -7.017000000E-01 1.746760000E+00 8.638095968E+01
1.438740000E-02 -6.967000000E-01 1.749530000E+00 8.617262327E+01
1.442660000E-02 -6.911000000E-01 1.752650000E+00 8.593847476E+01
1.445910000E-02 -6.864000000E-01 1.755240000E+00 8.574530918E+01
1.449160000E-02 -6.817000000E-01 1.757840000E+00 8.555301002E+01
1.451960000E-02 -6.777000000E-01 1.760110000E+00 8.538802722E+01
1.455400000E-02 -6.729000000E-01 1.762980000E+00 8.518620311E+01
1.458840000E-02 -6.680000000E-01 1.765860000E+00 8.498533081E+01
1.465260000E-02 -6.589000000E-01 1.771220000E+00 8.461296971E+01
1.470000000E-02 -6.600000000E-01 1.775180000E+00 8.434013605E+01
1.474860000E-02 -6.611000000E-01 1.779240000E+00 8.406221607E+01
1.481090000E-02 -6.626000000E-01 1.784670000E+00 8.370862000E+01
1.485390000E-02 -6.801000000E-01 1.789460000E+00 8.346629505E+01
1.489020000E-02 -6.949000000E-01 1.793520000E+00 8.326281715E+01
1.494620000E-02 -7.177000000E-01 1.799760000E+00 8.295085038E+01
1.499940000E-02 -7.394000000E-01 1.805720000E+00 8.265663960E+01
1.503720000E-02 -7.549000000E-01 1.810080000E+00 8.244886016E+01
1.507420000E-02 -7.700000000E-01 1.814340000E+00 8.224648738E+01
1.511120000E-02 -7.852000000E-01 1.818600000E+00 8.204510562E+01
1.514820000E-02 -8.003000000E-01 1.822860000E+00 8.184470762E+01
1.522740000E-02 -8.413000000E-01 1.833880000E+00 8.141902098E+01
1.529630000E-02 -8.778000000E-01 1.843790000E+00 8.105228062E+01
1.532680000E-02 -8.939000000E-01 1.848180000E+00 8.089098833E+01
1.541320000E-02 -9.552000000E-01 1.860620000E+00 8.043754704E+01
1.552470000E-02 -1.053000000E+00 1.877550000E+00 7.985983626E+01
1.566050000E-02 -1.220700000E+00 1.908390000E+00 7.916733182E+01
1.582910000E-02 -1.529900000E+00 2.050660000E+00 7.832409929E+01
1.591910000E-02 -1.683100000E+00 2.247350000E+00 7.788128726E+01
1.595910000E-02 -1.717100000E+00 2.358970000E+00 7.768608505E+01
1.601360000E-02 -1.739600000E+00 2.517990000E+00 7.742169156E+01
1.605370000E-02 -1.724000000E+00 2.627510000E+00 7.722830251E+01
1.636130000E-02 -1.434200000E+00 2.979000000E+00 7.577637474E+01
1.639380000E-02 -1.419100000E+00 2.989910000E+00 7.562615135E+01
1.678800000E-02 -1.397700000E+00 3.110070000E+00 7.385036931E+01
1.687260000E-02 -1.395700000E+00 3.139040000E+00 7.348008013E+01
1.690000000E-02 -1.395000000E+00 3.148430000E+00 7.336094675E+01
1.730000000E-02 -1.479900000E+00 3.293930000E+00 7.166473988E+01
1.750000000E-02 -1.538000000E+00 3.374810000E+00 7.084571429E+01
1.792710000E-02 -1.681800000E+00 3.561730000E+00 6.915786714E+01
1.905460000E-02 -2.126700000E+00 4.150590000E+00 6.506565344E+01
2.041740000E-02 -2.706500000E+00 5.054270000E+00 6.072271690E+01
2.237110000E-02 -3.484200000E+00 6.688140000E+00 5.541971562E+01
2.423560000E-02 -4.019100000E+00 8.622290000E+00 5.115615046E+01
2.551580000E-02 -4.236300000E+00 1.013060000E+01 4.858950141E+01
2.710000000E-02 -4.203500000E+00 1.220150000E+01 4.574907749E+01
2.851020000E-02 -3.808500000E+00 1.416950000E+01 4.348619091E+01
2.968690000E-02 -3.331600000E+00 1.580680000E+01 4.176252825E+01
3.090300000E-02 -2.510100000E+00 1.749340000E+01 4.011908229E+01
3.190000000E-02 -1.645500000E+00 1.881510000E+01 3.886520376E+01
3.280000000E-02 -7.321000000E-01 1.992970000E+01 3.779878049E+01
3.330000000E-02 -1.606000000E-01 2.050190000E+01 3.723123123E+01
3.375000000E-02 3.760000000E-01 2.099790000E+01 3.673481481E+01
3.450000000E-02 1.324700000E+00 2.175050000E+01 3.593623188E+01
3.573600000E-02 3.026800000E+00 2.278890000E+01 3.469330647E+01
3.850000000E-02 7.124800000E+00 2.413790000E+01 3.220259740E+01
4.168690000E-02 1.167190000E+01 2.407270000E+01 2.974075789E+01
4.476170000E-02 1.533880000E+01 2.288420000E+01 2.769778628E+01
4.806250000E-02 1.825830000E+01 2.095410000E+01 2.579557867E+01
5.276220000E-02 2.087370000E+01 1.794650000E+01 2.349788295E+01
5.827990000E-02 2.229990000E+01 1.470970000E+01 2.127320054E+01
6.326210000E-02 2.259820000E+01 1.225330000E+01 1.959783188E+01
6.438030000E-02 2.252330000E+01 1.176200000E+01 1.925744366E+01
6.485460000E-02 2.245690000E+01 1.155960000E+01 1.911660854E+01
6.551650000E-02 2.235710000E+01 1.128180000E+01 1.892347729E+01
6.598020000E-02 2.225370000E+01 1.109080000E+01 1.879048563E+01
6.677160000E-02 2.197730000E+01 1.078110000E+01 1.856777432E+01
7.030000000E-02 2.214700000E+01 1.147040000E+01 1.763584637E+01
7.959310000E-02 2.294420000E+01 8.585740000E+00 1.557672713E+01
8.352970000E-02 2.264540000E+01 7.530710000E+00 1.484262484E+01
8.533120000E-02 2.233280000E+01 7.097230000E+00 1.452926948E+01
8.919980000E-02 2.192120000E+01 7.316250000E+00 1.389913430E+01
1.045290000E-01 2.143520000E+01 4.955410000E+00 1.186082331E+01
1.074830000E-01 2.107870000E+01 4.585760000E+00 1.153484737E+01
1.118720000E-01 2.056780000E+01 4.414980000E+00 1.108230835E+01
1.197950000E-01 1.999430000E+01 4.110230000E+00 1.034934680E+01
1.219750000E-01 1.982430000E+01 3.987420000E+00 1.016437795E+01
1.242730000E-01 1.960230000E+01 3.868800000E+00 9.976422875E+00
1.368520000E-01 1.848430000E+01 3.382670000E+00 9.059421857E+00
1.462180000E-01 1.737700000E+01 3.170640000E+00 8.479120218E+00
1.540000000E-01 1.634740000E+01 3.206130000E+00 8.050649351E+00
1.625080000E-01 1.517780000E+01 3.483730000E+00 7.629162872E+00
1.720000000E-01 1.388250000E+01 4.076700000E+00 7.208139535E+00
1.820000000E-01 1.258580000E+01 5.011990000E+00 6.812087912E+00
1.938650000E-01 1.125310000E+01 6.513350000E+00 6.395171898E+00
2.101460000E-01 1.007980000E+01 9.156970000E+00 5.899707822E+00
2.240000000E-01 9.678100000E+00 1.168480000E+01 5.534821429E+00
2.400000000E-01 9.886200000E+00 1.462130000E+01 5.165833333E+00
2.600160000E-01 1.088150000E+01 1.803670000E+01 4.768168113E+00
2.851020000E-01 1.293200000E+01 2.172140000E+01 4.348619091E+00
3.200000000E-01 1.661880000E+01 2.537350000E+01 3.874375000E+00
3.517670000E-01 1.957190000E+01 2.729790000E+01 3.524492064E+00
3.593840000E-01 1.998250000E+01 2.819990000E+01 3.449791866E+00
3.714060000E-01 2.158650000E+01 2.887380000E+01 3.338125932E+00
3.797590000E-01 2.227720000E+01 2.960320000E+01 3.264702087E+00
4.064130000E-01 2.548100000E+01 3.044440000E+01 3.050591393E+00
4.822110000E-01 3.228500000E+01 3.101070000E+01 2.571073659E+00
5.512520000E-01 3.632400000E+01 3.023480000E+01 2.249062135E+00
5.652870000E-01 3.623610000E+01 3.057820000E+01 2.193222204E+00
5.805040000E-01 3.791370000E+01 3.142130000E+01 2.135730331E+00
6.516010000E-01 4.240930000E+01 2.995680000E+01 1.902698124E+00
7.616110000E-01 4.691340000E+01 2.771230000E+01 1.627865144E+00
8.064820000E-01 4.826390000E+01 2.718220000E+01 1.537294075E+00
9.467820000E-01 5.182250000E+01 2.404190000E+01 1.309488351E+00
1.152000000E+00 5.438560000E+01 2.018860000E+01 1.076215278E+00
1.420430000E+00 5.543670000E+01 1.637410000E+01 8.728342826E-01
1.714590000E+00 5.465280000E+01 1.334140000E+01 7.230883185E-01
1.964590000E+00 5.217780000E+01 1.141260000E+01 6.310731501E-01
2.116150000E+00 4.890020000E+01 1.045130000E+01 5.858752924E-01
2.200720000E+00 4.539460000E+01 9.967820000E+00 5.633610818E-01
2.247620000E+00 4.162190000E+01 9.758380000E+00 5.516056985E-01
2.264290000E+00 3.909940000E+01 1.006800000E+01 5.475447050E-01
2.274140000E+00 3.716030000E+01 1.085230000E+01 5.451731204E-01
2.283400000E+00 3.527060000E+01 1.234700000E+01 5.429622493E-01
2.293320000E+00 3.374980000E+01 1.483430000E+01 5.406136082E-01
2.309440000E+00 3.357950000E+01 1.966180000E+01 5.368400998E-01
2.322790000E+00 3.531970000E+01 2.262580000E+01 5.337546657E-01
2.338410000E+00 3.765590000E+01 2.414240000E+01 5.301893167E-01
2.364800000E+00 3.936970000E+01 2.477880000E+01 5.242726658E-01
2.387030000E+00 3.947000000E+01 2.634400000E+01 5.193902046E-01
2.420250000E+00 4.198510000E+01 2.961850000E+01 5.122611300E-01
2.455740000E+00 4.531950000E+01 3.045890000E+01 5.048580061E-01
2.543380000E+00 5.001600000E+01 3.071970000E+01 4.874615669E-01
2.689400000E+00 5.492260000E+01 3.019280000E+01 4.609950175E-01
2.772350000E+00 5.637510000E+01 2.917610000E+01 4.472018324E-01
2.815440000E+00 5.580320000E+01 2.931570000E+01 4.403574574E-01
2.844870000E+00 5.605590000E+01 3.083520000E+01 4.358019874E-01
2.884520000E+00 5.836200000E+01 3.175880000E+01 4.298115458E-01
2.942730000E+00 6.069220000E+01 3.101670000E+01 4.213094643E-01
3.058190000E+00 6.324890000E+01 2.937360000E+01 4.054031960E-01
3.186100000E+00 6.484260000E+01 2.769480000E+01 3.891277738E-01
3.266350000E+00 6.495080000E+01 2.734670000E+01 3.795674070E-01
3.340340000E+00 6.638190000E+01 2.746110000E+01 3.711598221E-01
3.441950000E+00 6.765920000E+01 2.635610000E+01 3.602027920E-01
3.537120000E+00 6.810230000E+01 2.590150000E+01 3.505111503E-01
3.661610000E+00 6.987440000E+01 2.522260000E+01 3.385942249E-01
3.857000000E+00 7.149815000E+01 2.347120000E+01 3.214415349E-01
4.118660000E+00 7.293481000E+01 2.139620000E+01 3.010202347E-01
4.476090000E+00 7.418507000E+01 1.901130000E+01 2.769828131E-01
4.853060000E+00 7.500128000E+01 1.691050000E+01 2.554676843E-01
5.277640000E+00 7.555777000E+01 1.493360000E+01 2.349156062E-01
5.879970000E+00 7.593287000E+01 1.271450000E+01 2.108514159E-01
6.519820000E+00 7.603466000E+01 1.087380000E+01 1.901586240E-01
7.513860000E+00 7.585156000E+01 8.744920000E+00 1.650017434E-01
8.692240000E+00 7.532193000E+01 6.965690000E+00 1.426329692E-01
9.932060000E+00 7.444585000E+01 5.644150000E+00 1.248280820E-01
1.083930000E+01 7.344768000E+01 4.909860000E+00 1.143800799E-01
1.142590000E+01 7.240285000E+01 4.512590000E+00 1.085078637E-01
1.180310000E+01 7.124758000E+01 4.282550000E+00 1.050402013E-01
1.199850000E+01 7.013602000E+01 4.185150000E+00 1.033295829E-01
1.209200000E+01 6.918100000E+01 4.293830000E+00 1.025305987E-01
1.214900000E+01 6.840430000E+01 4.638460000E+00 1.020495514E-01
1.219550000E+01 6.776370000E+01 5.210780000E+00 1.016604485E-01
1.226040000E+01 6.718240000E+01 6.460090000E+00 1.011223125E-01
1.233560000E+01 6.736400000E+01 8.117830000E+00 1.005058530E-01
1.240110000E+01 6.814700000E+01 9.181150000E+00 9.997500222E-02
1.246870000E+01 6.910860000E+01 9.693300000E+00 9.943298018E-02
1.258150000E+01 7.031421000E+01 9.795930000E+00 9.854150936E-02
1.276370000E+01 7.132534000E+01 9.576960000E+00 9.713484334E-02
1.306920000E+01 7.218444000E+01 9.204050000E+00 9.486426101E-02
1.346360000E+01 7.260508000E+01 8.755390000E+00 9.208532636E-02
1.381570000E+01 7.247895000E+01 8.380780000E+00 8.973848593E-02
1.401690000E+01 7.192651000E+01 8.247620000E+00 8.845037062E-02
1.413910000E+01 7.129291000E+01 8.573220000E+00 8.768592060E-02
1.424900000E+01 7.099887000E+01 9.432720000E+00 8.700961471E-02
1.435370000E+01 7.130760000E+01 1.028210000E+01 8.637494165E-02
1.449300000E+01 7.210325000E+01 1.068700000E+01 8.554474574E-02
1.464300000E+01 7.248214000E+01 1.069620000E+01 8.466844226E-02
1.483590000E+01 7.273903000E+01 1.121120000E+01 8.356756247E-02
1.502540000E+01 7.363852000E+01 1.165250000E+01 8.251361029E-02
1.523460000E+01 7.450360000E+01 1.150250000E+01 8.138054166E-02
1.558540000E+01 7.538766000E+01 1.110780000E+01 7.954880850E-02
1.605540000E+01 7.618076000E+01 1.061220000E+01 7.722012532E-02
1.662720000E+01 7.687600000E+01 1.005430000E+01 7.456456890E-02
1.730480000E+01 7.747861000E+01 9.442750000E+00 7.164486154E-02
1.811890000E+01 7.799382000E+01 8.779940000E+00 6.842578744E-02
1.899980000E+01 7.839205000E+01 8.149010000E+00 6.525331846E-02
1.981850000E+01 7.867565000E+01 7.616820000E+00 6.255771123E-02
2.084790000E+01 7.892878000E+01 7.020160000E+00 5.946881940E-02
2.191490000E+01 7.911281700E+01 6.473730000E+00 5.657338158E-02
2.307390000E+01 7.924769900E+01 5.954820000E+00 5.373170552E-02
2.437440000E+01 7.934837800E+01 5.443170000E+00 5.086484180E-02
2.576540000E+01 7.940948300E+01 4.965530000E+00 4.811879497E-02
2.769970000E+01 7.944193300E+01 4.405900000E+00 4.475860749E-02
3.038710000E+01 7.943357700E+01 3.776850000E+00 4.080020798E-02
3.341520000E+01 7.937689900E+01 3.216660000E+00 3.710287534E-02
3.818550000E+01 7.924108700E+01 2.566080000E+00 3.246782156E-02
4.349550000E+01 7.906987800E+01 2.052880000E+00 2.850409813E-02
4.969510000E+01 7.887179000E+01 1.630730000E+00 2.494813372E-02
5.663640000E+01 7.864222000E+01 1.299580000E+00 2.189051564E-02
6.442620000E+01 7.835885000E+01 1.037240000E+00 1.924372383E-02
7.156600000E+01 7.801838000E+01 8.628250000E-01 1.732386888E-02
7.612330000E+01 7.767751000E+01 7.737070000E-01 1.628673481E-02
7.871790000E+01 7.735893000E+01 7.293320000E-01 1.574991203E-02
8.053200000E+01 7.699006000E+01 7.006220000E-01 1.539512244E-02
8.156460000E+01 7.660213000E+01 6.970480000E-01 1.520022166E-02
8.194480000E+01 7.637273000E+01 7.321540000E-01 1.512969706E-02
8.223130000E+01 7.615832000E+01 8.080680000E-01 1.507698407E-02
8.244610000E+01 7.598229000E+01 9.120580000E-01 1.503770342E-02
8.268130000E+01 7.579322000E+01 1.085600000E+00 1.499492630E-02
8.295050000E+01 7.561583000E+01 1.364330000E+00 1.494626313E-02
8.320500000E+01 7.553018000E+01 1.690220000E+00 1.490054684E-02
8.366300000E+01 7.560607000E+01 2.302170000E+00 1.481897613E-02
8.403320000E+01 7.586290000E+01 2.692170000E+00 1.475369259E-02
8.446660000E+01 7.624444000E+01 2.947780000E+00 1.467799106E-02
8.512400000E+01 7.672947000E+01 3.046460000E+00 1.456463512E-02
8.597560000E+01 7.711713000E+01 3.016430000E+00 1.442037043E-02
8.737690000E+01 7.751250000E+01 2.945050000E+00 1.418910490E-02
8.941340000E+01 7.787095000E+01 2.838060000E+00 1.386593061E-02
9.245650000E+01 7.821782000E+01 2.696940000E+00 1.340954936E-02
9.594700000E+01 7.848572000E+01 2.540190000E+00 1.292171720E-02
1.006850000E+02 7.872527000E+01 2.349890000E+00 1.231365149E-02
1.065430000E+02 7.892107000E+01 2.144690000E+00 1.163661620E-02
1.141100000E+02 7.908096100E+01 1.921810000E+00 1.086495487E-02
1.225870000E+02 7.919533400E+01 1.710030000E+00 1.011363358E-02
1.340670000E+02 7.928044500E+01 1.474510000E+00 9.247614998E-03
1.494820000E+02 7.933234300E+01 1.230550000E+00 8.293975194E-03
1.706490000E+02 7.934992000E+01 9.872210000E-01 7.265205187E-03
1.950800000E+02 7.934017000E+01 7.905940000E-01 6.355341398E-03
2.231630000E+02 7.931590700E+01 6.327380000E-01 5.555580450E-03
2.538690000E+02 7.928555900E+01 5.121990000E-01 4.883621080E-03
2.898970000E+02 7.925308400E+01 4.133910000E-01 4.276691377E-03
3.333400000E+02 7.922044300E+01 3.318750000E-01 3.719325613E-03
3.831930000E+02 7.919088100E+01 2.682750000E-01 3.235445324E-03
4.415710000E+02 7.916460300E+01 2.177970000E-01 2.807702499E-03
5.089720000E+02 7.914240300E+01 1.784430000E-01 2.435890383E-03
5.891620000E+02 7.912373000E+01 1.468300000E-01 2.104344815E-03
6.819460000E+02 7.910882800E+01 1.222400000E-01 1.818032513E-03
8.035260000E+02 7.909620900E+01 1.008710000E-01 1.542949450E-03
9.495110000E+02 7.908709600E+01 8.411230000E-02 1.305724736E-03
1.173410000E+03 7.908018500E+01 6.677440000E-02 1.056578689E-03
1.354850000E+03 7.907647100E+01 5.680730000E-02 9.150828505E-04
1.619760000E+03 7.907283400E+01 4.644510000E-02 7.654220378E-04
1.859730000E+03 7.907064900E+01 3.975270000E-02 6.666559124E-04
2.182000000E+03 7.906864800E+01 3.322600000E-02 5.681943171E-04
2.567150000E+03 7.906704100E+01 2.765010000E-02 4.829480163E-04
2.947480000E+03 7.906595500E+01 2.366600000E-02 4.206305047E-04
3.514130000E+03 7.906485600E+01 1.942160000E-02 3.528042503E-04
4.068660000E+03 7.906412500E+01 1.646090000E-02 3.047194900E-04
4.677310000E+03 7.906344800E+01 1.407010000E-02 2.650668867E-04
5.363530000E+03 7.906294200E+01 1.205890000E-02 2.311537364E-04
6.225500000E+03 7.906253100E+01 1.020030000E-02 1.991486628E-04
7.403740000E+03 7.906218100E+01 8.387620000E-03 1.674559074E-04
8.500630000E+03 7.906197800E+01 7.179030000E-03 1.458480136E-04
1.000000000E+04 7.906180100E+01 5.989310000E-03 1.239800000E-04
