# Data retrieved from https://www-nds.iaea.org/epdl97/za1to100.htm 03/01/2021
# Element, La  (Z = 57) 
# Atomic weight, g mol-1 = 138.91 
# Nominal density, g cm-3 =  6.15400E+0 
# Relativistic correction estimate f_rel(5CL)*,  e atom-1 =  0 
# Nuclear Thomson correction f_NT*, e atom-1 =  0 
#    E [keV]      f1 [e atom-1]      f2 [e atom-1]    Wavelength [nm] 
1.000000000E-03 1.955000000E+01 0.000000000E+00 1.239800000E+03
1.125000000E-03 1.954460000E+01 0.000000000E+00 1.102044444E+03
1.251470000E-03 1.953910000E+01 0.000000000E+00 9.906749662E+02
1.362120000E-03 1.953430000E+01 0.000000000E+00 9.101988077E+02
1.458950000E-03 1.953020000E+01 0.000000000E+00 8.497892320E+02
1.543670000E-03 1.952650000E+01 0.000000000E+00 8.031509325E+02
1.617800000E-03 1.952330000E+01 0.000000000E+00 7.663493633E+02
1.682670000E-03 1.952050000E+01 0.000000000E+00 7.368051965E+02
1.739430000E-03 1.951800000E+01 0.000000000E+00 7.127622267E+02
1.789090000E-03 1.951590000E+01 0.000000000E+00 6.929779944E+02
1.876000000E-03 1.951210000E+01 0.000000000E+00 6.608742004E+02
1.941180000E-03 1.950930000E+01 0.000000000E+00 6.386836872E+02
2.000000000E-03 1.950680000E+01 0.000000000E+00 6.199000000E+02
2.026730000E-03 1.950440000E+01 0.000000000E+00 6.117243047E+02
2.054230000E-03 1.950200000E+01 0.000000000E+00 6.035351446E+02
2.095480000E-03 1.949840000E+01 0.000000000E+00 5.916544181E+02
2.136730000E-03 1.949470000E+01 0.000000000E+00 5.802324112E+02
2.141990000E-03 1.949430000E+01 0.000000000E+00 5.788075575E+02
2.147250000E-03 1.949380000E+01 0.000000000E+00 5.773896845E+02
2.152510000E-03 1.949330000E+01 0.000000000E+00 5.759787411E+02
2.157760000E-03 1.949290000E+01 0.000000000E+00 5.745773395E+02
2.163020000E-03 1.949240000E+01 0.000000000E+00 5.731800908E+02
2.168280000E-03 1.949200000E+01 0.000000000E+00 5.717896213E+02
2.173540000E-03 1.949150000E+01 0.000000000E+00 5.704058816E+02
2.178800000E-03 1.949100000E+01 0.000000000E+00 5.690288232E+02
2.184060000E-03 1.949060000E+01 0.000000000E+00 5.676583977E+02
2.189320000E-03 1.949010000E+01 0.000000000E+00 5.662945572E+02
2.194580000E-03 1.948960000E+01 0.000000000E+00 5.649372545E+02
2.199840000E-03 1.948920000E+01 0.000000000E+00 5.635864427E+02
2.205100000E-03 1.948870000E+01 0.000000000E+00 5.622420752E+02
2.215620000E-03 1.948780000E+01 0.000000000E+00 5.595724899E+02
2.220880000E-03 1.948730000E+01 0.000000000E+00 5.582471813E+02
2.226130000E-03 1.948690000E+01 0.000000000E+00 5.569306375E+02
2.231390000E-03 1.948640000E+01 0.000000000E+00 5.556177988E+02
2.236650000E-03 1.948590000E+01 0.000000000E+00 5.543111350E+02
2.241910000E-03 1.948550000E+01 0.000000000E+00 5.530106026E+02
2.251010000E-03 1.948470000E+01 0.000000000E+00 5.507749855E+02
2.264650000E-03 1.948350000E+01 0.000000000E+00 5.474576645E+02
2.271470000E-03 1.948290000E+01 0.000000000E+00 5.458139443E+02
2.278290000E-03 1.948230000E+01 0.000000000E+00 5.441800649E+02
2.283900000E-03 1.948180000E+01 0.000000000E+00 5.428433819E+02
2.289510000E-03 1.948130000E+01 0.000000000E+00 5.415132496E+02
2.295120000E-03 1.948080000E+01 0.000000000E+00 5.401896197E+02
2.300720000E-03 1.948030000E+01 0.000000000E+00 5.388747870E+02
2.306330000E-03 1.947980000E+01 0.000000000E+00 5.375640086E+02
2.311940000E-03 1.947930000E+01 0.000000000E+00 5.362595915E+02
2.319190000E-03 1.947870000E+01 0.000000000E+00 5.345831950E+02
2.323150000E-03 1.947830000E+01 0.000000000E+00 5.336719540E+02
2.328760000E-03 1.947780000E+01 0.000000000E+00 5.323863344E+02
2.334370000E-03 1.947730000E+01 0.000000000E+00 5.311068939E+02
2.336310000E-03 1.947720000E+01 0.000000000E+00 5.306658791E+02
2.339980000E-03 1.947680000E+01 0.000000000E+00 5.298335883E+02
2.342020000E-03 1.947670000E+01 0.000000000E+00 5.293720805E+02
2.347730000E-03 1.947610000E+01 0.000000000E+00 5.280845753E+02
2.353440000E-03 1.947560000E+01 0.000000000E+00 5.268033177E+02
2.356290000E-03 1.947540000E+01 0.000000000E+00 5.261661340E+02
2.360570000E-03 1.947500000E+01 0.000000000E+00 5.252121310E+02
2.362710000E-03 1.947480000E+01 0.000000000E+00 5.247364255E+02
2.363780000E-03 1.947470000E+01 0.000000000E+00 5.244988958E+02
2.367710000E-03 1.947440000E+01 0.000000000E+00 5.236283160E+02
2.368420000E-03 1.947430000E+01 0.000000000E+00 5.234713438E+02
2.368960000E-03 1.947430000E+01 0.000000000E+00 5.233520195E+02
2.369360000E-03 1.947420000E+01 0.000000000E+00 5.232636661E+02
2.369960000E-03 1.947420000E+01 0.000000000E+00 5.231311921E+02
2.370260000E-03 1.947420000E+01 0.000000000E+00 5.230649802E+02
2.370920000E-03 1.947410000E+01 0.000000000E+00 5.229193731E+02
2.374930000E-03 1.947380000E+01 0.000000000E+00 5.220364390E+02
2.376270000E-03 1.947360000E+01 0.000000000E+00 5.217420579E+02
2.381980000E-03 1.947310000E+01 0.000000000E+00 5.204913559E+02
2.384830000E-03 1.947290000E+01 0.000000000E+00 5.198693408E+02
2.387690000E-03 1.947260000E+01 0.000000000E+00 5.192466359E+02
2.391970000E-03 1.947230000E+01 0.000000000E+00 5.183175374E+02
2.395180000E-03 1.947200000E+01 0.000000000E+00 5.176228926E+02
2.400000000E-03 1.947150000E+01 0.000000000E+00 5.165833333E+02
2.404810000E-03 1.947110000E+01 0.000000000E+00 5.155500850E+02
2.410520000E-03 1.947060000E+01 0.000000000E+00 5.143288585E+02
2.416230000E-03 1.947010000E+01 0.000000000E+00 5.131134039E+02
2.421940000E-03 1.946960000E+01 0.000000000E+00 5.119036805E+02
2.427650000E-03 1.946910000E+01 0.000000000E+00 5.106996478E+02
2.433350000E-03 1.946860000E+01 0.000000000E+00 5.095033596E+02
2.436780000E-03 1.946830000E+01 0.000000000E+00 5.087861850E+02
2.442780000E-03 1.946780000E+01 0.000000000E+00 5.075364953E+02
2.451770000E-03 1.946700000E+01 0.000000000E+00 5.056754916E+02
2.460760000E-03 1.946620000E+01 0.000000000E+00 5.038280856E+02
2.466820000E-03 1.946570000E+01 0.000000000E+00 5.025903795E+02
2.472880000E-03 1.946510000E+01 0.000000000E+00 5.013587396E+02
2.478930000E-03 1.946460000E+01 0.000000000E+00 5.001351390E+02
2.484990000E-03 1.946410000E+01 0.000000000E+00 4.989154886E+02
2.491050000E-03 1.946350000E+01 0.000000000E+00 4.977017723E+02
2.497100000E-03 1.946300000E+01 0.000000000E+00 4.964959353E+02
2.503160000E-03 1.946250000E+01 0.000000000E+00 4.952939484E+02
2.509220000E-03 1.946190000E+01 0.000000000E+00 4.940977674E+02
2.515270000E-03 1.946140000E+01 0.000000000E+00 4.929093099E+02
2.521330000E-03 1.946090000E+01 0.000000000E+00 4.917246057E+02
2.527390000E-03 1.946030000E+01 0.000000000E+00 4.905455826E+02
2.533440000E-03 1.945980000E+01 0.000000000E+00 4.893741316E+02
2.539500000E-03 1.945930000E+01 0.000000000E+00 4.882063398E+02
2.551610000E-03 1.945820000E+01 0.000000000E+00 4.858893013E+02
2.557670000E-03 1.945770000E+01 0.000000000E+00 4.847380624E+02
2.559240000E-03 1.945750000E+01 0.000000000E+00 4.844406933E+02
2.565540000E-03 1.945700000E+01 0.000000000E+00 4.832510894E+02
2.571840000E-03 1.945640000E+01 0.000000000E+00 4.820673137E+02
2.578140000E-03 1.945590000E+01 0.000000000E+00 4.808893233E+02
2.584430000E-03 1.945530000E+01 0.000000000E+00 4.797189322E+02
2.590730000E-03 1.945470000E+01 0.000000000E+00 4.785523771E+02
2.597030000E-03 1.945420000E+01 0.000000000E+00 4.773914818E+02
2.603330000E-03 1.945360000E+01 0.000000000E+00 4.762362052E+02
2.609630000E-03 1.945310000E+01 0.000000000E+00 4.750865065E+02
2.615930000E-03 1.945250000E+01 0.000000000E+00 4.739423456E+02
2.622230000E-03 1.945200000E+01 0.000000000E+00 4.728036824E+02
2.628530000E-03 1.945140000E+01 0.000000000E+00 4.716704774E+02
2.634830000E-03 1.945090000E+01 0.000000000E+00 4.705426916E+02
2.641130000E-03 1.945030000E+01 0.000000000E+00 4.694202860E+02
2.653730000E-03 1.944920000E+01 0.000000000E+00 4.671914626E+02
2.660030000E-03 1.944860000E+01 0.000000000E+00 4.660849690E+02
2.666320000E-03 1.944810000E+01 0.000000000E+00 4.649854481E+02
2.672620000E-03 1.944750000E+01 0.000000000E+00 4.638893670E+02
2.678920000E-03 1.944700000E+01 0.000000000E+00 4.627984412E+02
2.685220000E-03 1.944640000E+01 0.000000000E+00 4.617126343E+02
2.700800000E-03 1.944500000E+01 0.000000000E+00 4.590491706E+02
2.707450000E-03 1.944450000E+01 0.000000000E+00 4.579216606E+02
2.714100000E-03 1.944390000E+01 0.000000000E+00 4.567996758E+02
2.720750000E-03 1.944330000E+01 0.000000000E+00 4.556831756E+02
2.727390000E-03 1.944270000E+01 0.000000000E+00 4.545737867E+02
2.734040000E-03 1.944210000E+01 0.000000000E+00 4.534681278E+02
2.740690000E-03 1.944150000E+01 0.000000000E+00 4.523678344E+02
2.747340000E-03 1.944090000E+01 0.000000000E+00 4.512728676E+02
2.753980000E-03 1.944040000E+01 0.000000000E+00 4.501848234E+02
2.760630000E-03 1.943980000E+01 0.000000000E+00 4.491003865E+02
2.767280000E-03 1.943920000E+01 0.000000000E+00 4.480211616E+02
2.773930000E-03 1.943860000E+01 0.000000000E+00 4.469471111E+02
2.780580000E-03 1.943800000E+01 0.000000000E+00 4.458781981E+02
2.787220000E-03 1.943740000E+01 0.000000000E+00 4.448159815E+02
2.800520000E-03 1.943630000E+01 0.000000000E+00 4.427034979E+02
2.807170000E-03 1.943570000E+01 0.000000000E+00 4.416547626E+02
2.813810000E-03 1.943510000E+01 0.000000000E+00 4.406125502E+02
2.820460000E-03 1.943450000E+01 0.000000000E+00 4.395736866E+02
2.827110000E-03 1.943390000E+01 0.000000000E+00 4.385397102E+02
2.833760000E-03 1.943330000E+01 0.000000000E+00 4.375105866E+02
2.856980000E-03 1.943130000E+01 0.000000000E+00 4.339547354E+02
2.900540000E-03 1.942750000E+01 0.000000000E+00 4.274376495E+02
2.976750000E-03 1.942070000E+01 0.000000000E+00 4.164944990E+02
3.091080000E-03 1.940710000E+01 0.000000000E+00 4.010895868E+02
3.205400000E-03 1.939260000E+01 0.000000000E+00 3.867848006E+02
3.213290000E-03 1.939160000E+01 0.000000000E+00 3.858350787E+02
3.221180000E-03 1.939060000E+01 0.000000000E+00 3.848900093E+02
3.229070000E-03 1.938960000E+01 0.000000000E+00 3.839495582E+02
3.236960000E-03 1.938860000E+01 0.000000000E+00 3.830136919E+02
3.244850000E-03 1.938760000E+01 0.000000000E+00 3.820823767E+02
3.252740000E-03 1.938660000E+01 0.000000000E+00 3.811555796E+02
3.260630000E-03 1.938560000E+01 0.000000000E+00 3.802332678E+02
3.268520000E-03 1.938460000E+01 0.000000000E+00 3.793154088E+02
3.276410000E-03 1.938360000E+01 0.000000000E+00 3.784019704E+02
3.284300000E-03 1.938260000E+01 0.000000000E+00 3.774929209E+02
3.292190000E-03 1.938160000E+01 0.000000000E+00 3.765882285E+02
3.300080000E-03 1.938060000E+01 0.000000000E+00 3.756878621E+02
3.307970000E-03 1.937960000E+01 0.000000000E+00 3.747917907E+02
3.323750000E-03 1.937760000E+01 0.000000000E+00 3.730124107E+02
3.331640000E-03 1.937660000E+01 0.000000000E+00 3.721290416E+02
3.339530000E-03 1.937560000E+01 0.000000000E+00 3.712498465E+02
3.347420000E-03 1.937460000E+01 0.000000000E+00 3.703747961E+02
3.355310000E-03 1.937360000E+01 0.000000000E+00 3.695038610E+02
3.363200000E-03 1.937260000E+01 0.000000000E+00 3.686370124E+02
3.387860000E-03 1.936950000E+01 0.000000000E+00 3.659537289E+02
3.396200000E-03 1.936840000E+01 0.000000000E+00 3.650550615E+02
3.404540000E-03 1.936740000E+01 0.000000000E+00 3.641607971E+02
3.412880000E-03 1.936630000E+01 0.000000000E+00 3.632709032E+02
3.421220000E-03 1.936520000E+01 0.000000000E+00 3.623853479E+02
3.429560000E-03 1.936420000E+01 0.000000000E+00 3.615040997E+02
3.437890000E-03 1.936310000E+01 0.000000000E+00 3.606281760E+02
3.446230000E-03 1.936210000E+01 0.000000000E+00 3.597554429E+02
3.454570000E-03 1.936100000E+01 0.000000000E+00 3.588869237E+02
3.462910000E-03 1.935990000E+01 0.000000000E+00 3.580225879E+02
3.471250000E-03 1.935890000E+01 0.000000000E+00 3.571624055E+02
3.479590000E-03 1.935780000E+01 0.000000000E+00 3.563063464E+02
3.487930000E-03 1.935680000E+01 0.000000000E+00 3.554543813E+02
3.496270000E-03 1.935570000E+01 0.000000000E+00 3.546064806E+02
3.512940000E-03 1.935360000E+01 0.000000000E+00 3.529237619E+02
3.521280000E-03 1.935250000E+01 0.000000000E+00 3.520878771E+02
3.529620000E-03 1.935150000E+01 0.000000000E+00 3.512559426E+02
3.537960000E-03 1.935030000E+01 0.000000000E+00 3.504279302E+02
3.546300000E-03 1.934900000E+01 0.000000000E+00 3.496038124E+02
3.554640000E-03 1.934780000E+01 0.000000000E+00 3.487835618E+02
3.627910000E-03 1.933620000E+01 0.000000000E+00 3.417394588E+02
3.636840000E-03 1.933470000E+01 0.000000000E+00 3.409003421E+02
3.645770000E-03 1.933320000E+01 0.000000000E+00 3.400653360E+02
3.654700000E-03 1.933180000E+01 0.000000000E+00 3.392344105E+02
3.663630000E-03 1.933030000E+01 0.000000000E+00 3.384075357E+02
3.673310000E-03 1.932870000E+01 0.000000000E+00 3.375157555E+02
3.680000000E-03 1.932760000E+01 0.000000000E+00 3.369021739E+02
3.698120000E-03 1.932460000E+01 0.000000000E+00 3.352514250E+02
3.705780000E-03 1.932330000E+01 0.000000000E+00 3.345584465E+02
3.707180000E-03 1.932310000E+01 0.000000000E+00 3.344321020E+02
3.716230000E-03 1.932160000E+01 0.000000000E+00 3.336176717E+02
3.725290000E-03 1.932010000E+01 0.000000000E+00 3.328063050E+02
3.734350000E-03 1.931860000E+01 0.000000000E+00 3.319988753E+02
3.746160000E-03 1.931670000E+01 0.000000000E+00 3.309522284E+02
3.764600000E-03 1.931360000E+01 0.000000000E+00 3.293311374E+02
3.773830000E-03 1.931210000E+01 0.000000000E+00 3.285256623E+02
3.783050000E-03 1.931060000E+01 0.000000000E+00 3.277249838E+02
3.792270000E-03 1.930910000E+01 0.000000000E+00 3.269281987E+02
3.800600000E-03 1.930770000E+01 0.000000000E+00 3.262116508E+02
3.808930000E-03 1.930630000E+01 0.000000000E+00 3.254982370E+02
3.819930000E-03 1.930450000E+01 0.000000000E+00 3.245609213E+02
3.829150000E-03 1.930300000E+01 0.000000000E+00 3.237794289E+02
3.838370000E-03 1.930150000E+01 0.000000000E+00 3.230016908E+02
3.847590000E-03 1.929990000E+01 0.000000000E+00 3.222276802E+02
3.851680000E-03 1.929930000E+01 0.000000000E+00 3.218855149E+02
3.855770000E-03 1.929860000E+01 0.000000000E+00 3.215440755E+02
3.869960000E-03 1.929620000E+01 0.000000000E+00 3.203650684E+02
3.875250000E-03 1.929540000E+01 0.000000000E+00 3.199277466E+02
3.884470000E-03 1.929380000E+01 0.000000000E+00 3.191683808E+02
3.893730000E-03 1.929230000E+01 0.000000000E+00 3.184093401E+02
3.898470000E-03 1.929150000E+01 0.000000000E+00 3.180221985E+02
3.903220000E-03 1.929080000E+01 0.000000000E+00 3.176351833E+02
3.905590000E-03 1.929040000E+01 0.000000000E+00 3.174424351E+02
3.909150000E-03 1.928980000E+01 0.000000000E+00 3.171533454E+02
3.912710000E-03 1.928920000E+01 0.000000000E+00 3.168647817E+02
3.916790000E-03 1.928850000E+01 0.000000000E+00 3.165347134E+02
3.922900000E-03 1.928750000E+01 0.000000000E+00 3.160417038E+02
3.925960000E-03 1.928700000E+01 0.000000000E+00 3.157953723E+02
3.930300000E-03 1.928630000E+01 0.000000000E+00 3.154466580E+02
3.933770000E-03 1.928560000E+01 0.000000000E+00 3.151684008E+02
3.938530000E-03 1.928470000E+01 0.000000000E+00 3.147874969E+02
3.941180000E-03 1.928420000E+01 0.000000000E+00 3.145758377E+02
3.950670000E-03 1.928240000E+01 0.000000000E+00 3.138201875E+02
3.960160000E-03 1.928060000E+01 0.000000000E+00 3.130681589E+02
3.969650000E-03 1.927870000E+01 0.000000000E+00 3.123197259E+02
3.977860000E-03 1.927720000E+01 0.000000000E+00 3.116751218E+02
3.986060000E-03 1.927560000E+01 0.000000000E+00 3.110339533E+02
3.998120000E-03 1.927330000E+01 0.000000000E+00 3.100957450E+02
4.007610000E-03 1.927090000E+01 0.000000000E+00 3.093614399E+02
4.017100000E-03 1.926850000E+01 0.000000000E+00 3.086306042E+02
4.026590000E-03 1.926600000E+01 0.000000000E+00 3.079032134E+02
4.041360000E-03 1.926200000E+01 0.000000000E+00 3.067779163E+02
4.045570000E-03 1.926080000E+01 0.000000000E+00 3.064586696E+02
4.050930000E-03 1.925930000E+01 0.000000000E+00 3.060531779E+02
4.060500000E-03 1.925660000E+01 0.000000000E+00 3.053318557E+02
4.073670000E-03 1.925300000E+01 0.000000000E+00 3.043447309E+02
4.079640000E-03 1.925130000E+01 0.000000000E+00 3.038993637E+02
4.083340000E-03 1.925030000E+01 0.000000000E+00 3.036239941E+02
4.093010000E-03 1.924760000E+01 0.000000000E+00 3.029066628E+02
4.095820000E-03 1.924680000E+01 0.000000000E+00 3.026988491E+02
4.105900000E-03 1.924410000E+01 0.000000000E+00 3.019557223E+02
4.115980000E-03 1.924130000E+01 0.000000000E+00 3.012162353E+02
4.126060000E-03 1.923850000E+01 0.000000000E+00 3.004803614E+02
4.136140000E-03 1.923570000E+01 0.000000000E+00 2.997480743E+02
4.146220000E-03 1.923290000E+01 0.000000000E+00 2.990193477E+02
4.163100000E-03 1.922820000E+01 0.000000000E+00 2.978069227E+02
4.178930000E-03 1.922380000E+01 0.000000000E+00 2.966788149E+02
4.186550000E-03 1.922170000E+01 0.000000000E+00 2.961388255E+02
4.196630000E-03 1.921890000E+01 0.000000000E+00 2.954275216E+02
4.206710000E-03 1.921610000E+01 0.000000000E+00 2.947196265E+02
4.229330000E-03 1.920980000E+01 0.000000000E+00 2.931433584E+02
4.247390000E-03 1.920390000E+01 0.000000000E+00 2.918969061E+02
4.273320000E-03 1.919540000E+01 0.000000000E+00 2.901257102E+02
4.288600000E-03 1.919040000E+01 0.000000000E+00 2.890920114E+02
4.298900000E-03 1.918700000E+01 0.000000000E+00 2.883993580E+02
4.315180000E-03 1.918170000E+01 0.000000000E+00 2.873113057E+02
4.322580000E-03 1.917920000E+01 0.000000000E+00 2.868194458E+02
4.332840000E-03 1.917590000E+01 0.000000000E+00 2.861402683E+02
4.343100000E-03 1.917250000E+01 0.000000000E+00 2.854642997E+02
4.368040000E-03 1.916410000E+01 0.000000000E+00 2.838343971E+02
4.384730000E-03 1.915820000E+01 0.000000000E+00 2.827540122E+02
4.389540000E-03 1.915640000E+01 0.000000000E+00 2.824441741E+02
4.398920000E-03 1.915310000E+01 0.000000000E+00 2.818419066E+02
4.411040000E-03 1.914870000E+01 0.000000000E+00 2.810675034E+02
4.423050000E-03 1.914440000E+01 0.000000000E+00 2.803043149E+02
4.437400000E-03 1.913930000E+01 0.000000000E+00 2.793978456E+02
4.454470000E-03 1.913310000E+01 0.000000000E+00 2.783271635E+02
4.464940000E-03 1.912940000E+01 0.000000000E+00 2.776745040E+02
4.475550000E-03 1.912560000E+01 0.000000000E+00 2.770162326E+02
4.486300000E-03 1.912170000E+01 0.000000000E+00 2.763524508E+02
4.500350000E-03 1.911670000E+01 0.000000000E+00 2.754896841E+02
4.529310000E-03 1.910630000E+01 0.000000000E+00 2.737282279E+02
4.549720000E-03 1.909900000E+01 0.000000000E+00 2.725002857E+02
4.576760000E-03 1.908930000E+01 0.000000000E+00 2.708903242E+02
4.583890000E-03 1.908670000E+01 0.000000000E+00 2.704689685E+02
4.609500000E-03 1.907750000E+01 0.000000000E+00 2.689662653E+02
4.631340000E-03 1.906970000E+01 0.000000000E+00 2.676979017E+02
4.642250000E-03 1.906580000E+01 0.000000000E+00 2.670687705E+02
4.653460000E-03 1.906170000E+01 0.000000000E+00 2.664254125E+02
4.667010000E-03 1.905690000E+01 0.000000000E+00 2.656518842E+02
4.679860000E-03 1.905210000E+01 0.000000000E+00 2.649224549E+02
4.702180000E-03 1.904210000E+01 0.000000000E+00 2.636649384E+02
4.712960000E-03 1.903720000E+01 0.000000000E+00 2.630618550E+02
4.723030000E-03 1.903270000E+01 0.000000000E+00 2.625009792E+02
4.735930000E-03 1.902690000E+01 0.000000000E+00 2.617859639E+02
4.750070000E-03 1.902060000E+01 0.000000000E+00 2.610066799E+02
4.772950000E-03 1.901030000E+01 0.000000000E+00 2.597554971E+02
4.788350000E-03 1.900340000E+01 0.000000000E+00 2.589200873E+02
4.798500000E-03 1.899880000E+01 0.000000000E+00 2.583724080E+02
4.811410000E-03 1.899300000E+01 0.000000000E+00 2.576791419E+02
4.835990000E-03 1.898200000E+01 0.000000000E+00 2.563694300E+02
4.854110000E-03 1.897380000E+01 0.000000000E+00 2.554124237E+02
4.865260000E-03 1.896850000E+01 0.000000000E+00 2.548270802E+02
4.877150000E-03 1.896250000E+01 0.000000000E+00 2.542058374E+02
4.891380000E-03 1.895530000E+01 0.000000000E+00 2.534663019E+02
4.902130000E-03 1.894990000E+01 0.000000000E+00 2.529104695E+02
4.937590000E-03 1.892800000E+01 1.313060000E-07 2.510941573E+02
4.964680000E-03 1.890610000E+01 3.080240000E-06 2.497240507E+02
5.040780000E-03 1.882710000E+01 1.982590000E-03 2.459539992E+02
5.060340000E-03 1.879840000E+01 6.191340000E-03 2.450033002E+02
5.107360000E-03 1.872320000E+01 4.389740000E-02 2.427477209E+02
5.123030000E-03 1.870270000E+01 6.762850000E-02 2.420052196E+02
5.144380000E-03 1.868490000E+01 1.044830000E-01 2.410008592E+02
5.163400000E-03 1.867740000E+01 1.356000000E-01 2.401131038E+02
5.201880000E-03 1.867930000E+01 1.747280000E-01 2.383369090E+02
5.221900000E-03 1.867620000E+01 1.827770000E-01 2.374231602E+02
5.283750000E-03 1.860620000E+01 2.123040000E-01 2.346439555E+02
5.328620000E-03 1.854380000E+01 3.002960000E-01 2.326681205E+02
5.373180000E-03 1.855860000E+01 4.134150000E-01 2.307385943E+02
5.431080000E-03 1.862560000E+01 4.807290000E-01 2.282787217E+02
5.510110000E-03 1.863510000E+01 5.053670000E-01 2.250045825E+02
5.618340000E-03 1.864640000E+01 6.590560000E-01 2.206701624E+02
6.918310000E-03 1.899470000E+01 9.567960000E-01 1.792056152E+02
9.142500000E-03 1.928390000E+01 1.413360000E+00 1.356084222E+02
1.027000000E-02 1.948770000E+01 1.586050000E+00 1.207205453E+02
1.114250000E-02 1.966390000E+01 1.678090000E+00 1.112676688E+02
1.166090000E-02 1.977190000E+01 1.712700000E+00 1.063211244E+02
1.207000000E-02 1.985530000E+01 1.731640000E+00 1.027174814E+02
1.255990000E-02 1.994430000E+01 1.741970000E+00 9.871097700E+01
1.280000000E-02 1.998650000E+01 1.742230000E+00 9.685937500E+01
1.305440000E-02 2.003060000E+01 1.741470000E+00 9.497181027E+01
1.335110000E-02 2.007770000E+01 1.733190000E+00 9.286126237E+01
1.344970000E-02 2.009330000E+01 1.730450000E+00 9.218049473E+01
1.371260000E-02 2.013510000E+01 1.723170000E+00 9.041319662E+01
1.419500000E-02 2.020640000E+01 1.702560000E+00 8.734061289E+01
1.480000000E-02 2.028640000E+01 1.667150000E+00 8.377027027E+01
1.549230000E-02 2.035640000E+01 1.616260000E+00 8.002685205E+01
1.629490000E-02 2.041440000E+01 1.549140000E+00 7.608515548E+01
1.700160000E-02 2.044980000E+01 1.485490000E+00 7.292254847E+01
1.750610000E-02 2.046360000E+01 1.438840000E+00 7.082102810E+01
1.783300000E-02 2.046360000E+01 1.408430000E+00 6.952279482E+01
1.822200000E-02 2.045860000E+01 1.372560000E+00 6.803863462E+01
1.854940000E-02 2.044940000E+01 1.342520000E+00 6.683774138E+01
1.879500000E-02 2.044130000E+01 1.320050000E+00 6.596435222E+01
1.918530000E-02 2.042570000E+01 1.284910000E+00 6.462239319E+01
1.934750000E-02 2.041360000E+01 1.270460000E+00 6.408063057E+01
1.957970000E-02 2.039580000E+01 1.249940000E+00 6.332068418E+01
1.972400000E-02 2.038380000E+01 1.237510000E+00 6.285743257E+01
1.977160000E-02 2.037990000E+01 1.233400000E+00 6.270610370E+01
1.986900000E-02 2.037180000E+01 1.225010000E+00 6.239871156E+01
1.991760000E-02 2.036770000E+01 1.220810000E+00 6.224645540E+01
1.996630000E-02 2.036370000E+01 1.216610000E+00 6.209462945E+01
2.001500000E-02 2.035960000E+01 1.212420000E+00 6.194354234E+01
2.006180000E-02 2.035570000E+01 1.208380000E+00 6.179904096E+01
2.010850000E-02 2.035190000E+01 1.204350000E+00 6.165551881E+01
2.016100000E-02 2.034720000E+01 1.199930000E+00 6.149496553E+01
2.020960000E-02 2.034280000E+01 1.195880000E+00 6.134708257E+01
2.025830000E-02 2.033830000E+01 1.191830000E+00 6.119960707E+01
2.030700000E-02 2.033370000E+01 1.187780000E+00 6.105283892E+01
2.031910000E-02 2.033250000E+01 1.186770000E+00 6.101648203E+01
2.036780000E-02 2.032740000E+01 1.182720000E+00 6.087058985E+01
2.038600000E-02 2.032550000E+01 1.181200000E+00 6.081624644E+01
2.040430000E-02 2.032350000E+01 1.179680000E+00 6.076170219E+01
2.041540000E-02 2.032240000E+01 1.178750000E+00 6.072866562E+01
2.043480000E-02 2.032030000E+01 1.177140000E+00 6.067101219E+01
2.044940000E-02 2.031880000E+01 1.175920000E+00 6.062769568E+01
2.046030000E-02 2.031770000E+01 1.175010000E+00 6.059539694E+01
2.047670000E-02 2.031590000E+01 1.173650000E+00 6.054686546E+01
2.049310000E-02 2.031420000E+01 1.172280000E+00 6.049841166E+01
2.053810000E-02 2.030920000E+01 1.168540000E+00 6.036585663E+01
2.055030000E-02 2.030750000E+01 1.167520000E+00 6.033001951E+01
2.059900000E-02 2.030050000E+01 1.163470000E+00 6.018738774E+01
2.064760000E-02 2.029350000E+01 1.159480000E+00 6.004571960E+01
2.074500000E-02 2.027920000E+01 1.151600000E+00 5.976379851E+01
2.141790000E-02 2.017810000E+01 1.098320000E+00 5.788616064E+01
2.158610000E-02 2.014970000E+01 1.085460000E+00 5.743510870E+01
2.171230000E-02 2.012410000E+01 1.075810000E+00 5.710127439E+01
2.180700000E-02 2.010490000E+01 1.068640000E+00 5.685330398E+01
2.187790000E-02 2.009030000E+01 1.063400000E+00 5.666905873E+01
2.198440000E-02 2.006850000E+01 1.055530000E+00 5.639453431E+01
2.203760000E-02 2.005730000E+01 1.051590000E+00 5.625839474E+01
2.206420000E-02 2.005140000E+01 1.049620000E+00 5.619057115E+01
2.209090000E-02 2.004550000E+01 1.047660000E+00 5.612265684E+01
2.219960000E-02 2.002110000E+01 1.039700000E+00 5.584785311E+01
2.225400000E-02 2.000890000E+01 1.035740000E+00 5.571133279E+01
2.230840000E-02 1.999600000E+01 1.031770000E+00 5.557547830E+01
2.236270000E-02 1.998070000E+01 1.027820000E+00 5.544053267E+01
2.241000000E-02 1.996740000E+01 1.024470000E+00 5.532351629E+01
2.245720000E-02 1.995410000E+01 1.021120000E+00 5.520723866E+01
2.249540000E-02 1.994330000E+01 1.018400000E+00 5.511348987E+01
2.251450000E-02 1.993790000E+01 1.017040000E+00 5.506673477E+01
2.253370000E-02 1.993250000E+01 1.015690000E+00 5.501981477E+01
2.258900000E-02 1.991690000E+01 1.011760000E+00 5.488512108E+01
2.263460000E-02 1.990400000E+01 1.008520000E+00 5.477454870E+01
2.268900000E-02 1.988860000E+01 1.004680000E+00 5.464321918E+01
2.269310000E-02 1.988750000E+01 1.004390000E+00 5.463334670E+01
2.270080000E-02 1.988530000E+01 1.003860000E+00 5.461481534E+01
2.270760000E-02 1.988330000E+01 1.003390000E+00 5.459846043E+01
2.271060000E-02 1.988250000E+01 1.003180000E+00 5.459124814E+01
2.271190000E-02 1.988210000E+01 1.003090000E+00 5.458812341E+01
2.271730000E-02 1.988060000E+01 1.002720000E+00 5.457514757E+01
2.275500000E-02 1.986990000E+01 1.000110000E+00 5.448472863E+01
2.276780000E-02 1.986620000E+01 9.992180000E-01 5.445409745E+01
2.279200000E-02 1.985940000E+01 9.975470000E-01 5.439627940E+01
2.283420000E-02 1.984740000E+01 9.946230000E-01 5.429574936E+01
2.289750000E-02 1.982730000E+01 9.902380000E-01 5.414564909E+01
2.296080000E-02 1.980540000E+01 9.858520000E-01 5.399637643E+01
2.308690000E-02 1.976180000E+01 9.771160000E-01 5.370144974E+01
2.314230000E-02 1.974250000E+01 9.733580000E-01 5.357289466E+01
2.317830000E-02 1.972990000E+01 9.709370000E-01 5.348968647E+01
2.324330000E-02 1.970720000E+01 9.666580000E-01 5.334010231E+01
2.330820000E-02 1.968320000E+01 9.623930000E-01 5.319158065E+01
2.336360000E-02 1.965910000E+01 9.587610000E-01 5.306545224E+01
2.341890000E-02 1.963490000E+01 9.551280000E-01 5.294014663E+01
2.347420000E-02 1.961060000E+01 9.514950000E-01 5.281543141E+01
2.355860000E-02 1.957370000E+01 9.459560000E-01 5.262621718E+01
2.358490000E-02 1.956220000E+01 9.442300000E-01 5.256753262E+01
2.362740000E-02 1.954150000E+01 9.414350000E-01 5.247297629E+01
2.365990000E-02 1.952360000E+01 9.393010000E-01 5.240089772E+01
2.374380000E-02 1.947770000E+01 9.338410000E-01 5.221573632E+01
2.377640000E-02 1.945970000E+01 9.317770000E-01 5.214414293E+01
2.380190000E-02 1.944570000E+01 9.301660000E-01 5.208827867E+01
2.383460000E-02 1.942770000E+01 9.280980000E-01 5.201681589E+01
2.386680000E-02 1.941000000E+01 9.260680000E-01 5.194663717E+01
2.390060000E-02 1.939140000E+01 9.239300000E-01 5.187317473E+01
2.395110000E-02 1.936360000E+01 9.207380000E-01 5.176380208E+01
2.402530000E-02 1.932270000E+01 9.161260000E-01 5.160393419E+01
2.409950000E-02 1.927990000E+01 9.115160000E-01 5.144505073E+01
2.415760000E-02 1.923890000E+01 9.079000000E-01 5.132132331E+01
2.420960000E-02 1.920220000E+01 9.046690000E-01 5.121108982E+01
2.427050000E-02 1.915930000E+01 9.008860000E-01 5.108258998E+01
2.432700000E-02 1.911840000E+01 8.974620000E-01 5.096394952E+01
2.442780000E-02 1.902770000E+01 8.913510000E-01 5.075364953E+01
2.450760000E-02 1.895590000E+01 8.865160000E-01 5.058838891E+01
2.457340000E-02 1.889590000E+01 8.825410000E-01 5.045292878E+01
2.461710000E-02 1.885000000E+01 8.799640000E-01 5.036336530E+01
2.466800000E-02 1.879350000E+01 8.769700000E-01 5.025944544E+01
2.473400000E-02 1.871440000E+01 8.731300000E-01 5.012533355E+01
2.483030000E-02 1.858450000E+01 8.678850000E-01 4.993093116E+01
2.496520000E-02 1.835940000E+01 8.646220000E-01 4.966112829E+01
2.504740000E-02 1.818500000E+01 8.720860000E-01 4.949815150E+01
2.515770000E-02 1.788730000E+01 9.185540000E-01 4.928113460E+01
2.526410000E-02 1.753050000E+01 1.053110000E+00 4.907358663E+01
2.565790000E-02 1.678100000E+01 2.865560000E+00 4.832040034E+01
2.593990000E-02 1.769330000E+01 3.889280000E+00 4.779509559E+01
2.634080000E-02 1.869930000E+01 3.977940000E+00 4.706766689E+01
2.649260000E-02 1.890140000E+01 3.938830000E+00 4.679797377E+01
2.653530000E-02 1.895080000E+01 3.927830000E+00 4.672266754E+01
2.660890000E-02 1.903610000E+01 3.908830000E+00 4.659343302E+01
2.673640000E-02 1.914760000E+01 3.875170000E+00 4.637123921E+01
2.687880000E-02 1.926160000E+01 3.837610000E+00 4.612557108E+01
2.692690000E-02 1.928940000E+01 3.824600000E+00 4.604317615E+01
2.699190000E-02 1.932500000E+01 3.807020000E+00 4.593229821E+01
2.705690000E-02 1.935760000E+01 3.789550000E+00 4.582195300E+01
2.726450000E-02 1.943480000E+01 3.735050000E+00 4.547305104E+01
2.738980000E-02 1.945750000E+01 3.702860000E+00 4.526502567E+01
2.766720000E-02 1.945100000E+01 3.635720000E+00 4.481118436E+01
2.823790000E-02 1.895620000E+01 4.106260000E+00 4.390553122E+01
2.901940000E-02 2.024790000E+01 5.042900000E+00 4.272314383E+01
3.151180000E-02 2.194270000E+01 4.260540000E+00 3.934399177E+01
3.510320000E-02 2.275570000E+01 3.308560000E+00 3.531871738E+01
3.866460000E-02 2.301780000E+01 2.598910000E+00 3.206550695E+01
4.019500000E-02 2.305430000E+01 2.354370000E+00 3.084463242E+01
4.088250000E-02 2.306140000E+01 2.254930000E+00 3.032593408E+01
4.167370000E-02 2.306390000E+01 2.148090000E+00 2.975017817E+01
4.655530000E-02 2.300600000E+01 1.693160000E+00 2.663069511E+01
5.061370000E-02 2.292390000E+01 1.415200000E+00 2.449534415E+01
5.559040000E-02 2.280050000E+01 1.183000000E+00 2.230241193E+01
6.151860000E-02 2.265660000E+01 1.004290000E+00 2.015325446E+01
6.760830000E-02 2.248900000E+01 8.891600000E-01 1.833798513E+01
7.193020000E-02 2.236280000E+01 8.343680000E-01 1.723615394E+01
7.480770000E-02 2.228330000E+01 8.062240000E-01 1.657316025E+01
7.530240000E-02 2.227000000E+01 8.019650000E-01 1.646428268E+01
7.594480000E-02 2.225070000E+01 7.967230000E-01 1.632501501E+01
7.809060000E-02 2.218190000E+01 7.805230000E-01 1.587643071E+01
7.990330000E-02 2.212460000E+01 7.687450000E-01 1.551625527E+01
8.210830000E-02 2.205650000E+01 7.562660000E-01 1.509956971E+01
8.401420000E-02 2.199830000E+01 7.472200000E-01 1.475702917E+01
8.647410000E-02 2.191020000E+01 7.365620000E-01 1.433724086E+01
8.810490000E-02 2.185070000E+01 7.309100000E-01 1.407186206E+01
8.957510000E-02 2.179760000E+01 7.261930000E-01 1.384089998E+01
9.150000000E-02 2.172150000E+01 7.204340000E-01 1.354972678E+01
9.270980000E-02 2.166900000E+01 7.172170000E-01 1.337291203E+01
9.441460000E-02 2.159380000E+01 7.133400000E-01 1.313144365E+01
9.560100000E-02 2.153410000E+01 7.109000000E-01 1.296848359E+01
9.642240000E-02 2.148960000E+01 7.093940000E-01 1.285800810E+01
9.717500000E-02 2.144780000E+01 7.080200000E-01 1.275842552E+01
9.823360000E-02 2.138590000E+01 7.060300000E-01 1.262093622E+01
9.877700000E-02 2.135410000E+01 7.048320000E-01 1.255150490E+01
9.932040000E-02 2.132240000E+01 7.037350000E-01 1.248283334E+01
9.965900000E-02 2.130260000E+01 7.031760000E-01 1.244042184E+01
1.001500000E-01 2.127410000E+01 7.024050000E-01 1.237943085E+01
1.003950000E-01 2.125990000E+01 7.020250000E-01 1.234922058E+01
1.006400000E-01 2.124560000E+01 7.016500000E-01 1.231915739E+01
1.008860000E-01 2.123010000E+01 7.012760000E-01 1.228911841E+01
1.016210000E-01 2.118140000E+01 7.001550000E-01 1.220023420E+01
1.018670000E-01 2.116530000E+01 6.997960000E-01 1.217077169E+01
1.021120000E-01 2.114830000E+01 6.994520000E-01 1.214157004E+01
1.023570000E-01 2.112750000E+01 6.991070000E-01 1.211250818E+01
1.024000000E-01 2.112390000E+01 6.990480000E-01 1.210742188E+01
1.027430000E-01 2.109480000E+01 6.985660000E-01 1.206700213E+01
1.029040000E-01 2.108120000E+01 6.983400000E-01 1.204812252E+01
1.031560000E-01 2.105980000E+01 6.979910000E-01 1.201869014E+01
1.032440000E-01 2.105230000E+01 6.978690000E-01 1.200844601E+01
1.034080000E-01 2.103850000E+01 6.976430000E-01 1.198940121E+01
1.035840000E-01 2.102360000E+01 6.974010000E-01 1.196902997E+01
1.037500000E-01 2.100950000E+01 6.971760000E-01 1.194987952E+01
1.039120000E-01 2.099580000E+01 6.969560000E-01 1.193124952E+01
1.041120000E-01 2.097880000E+01 6.966850000E-01 1.190832949E+01
1.042450000E-01 2.096760000E+01 6.965170000E-01 1.189313636E+01
1.043310000E-01 2.096040000E+01 6.964100000E-01 1.188333285E+01
1.044160000E-01 2.095310000E+01 6.963030000E-01 1.187365921E+01
1.046050000E-01 2.093720000E+01 6.960650000E-01 1.185220592E+01
1.047130000E-01 2.092800000E+01 6.959300000E-01 1.183998166E+01
1.048570000E-01 2.091600000E+01 6.957790000E-01 1.182372183E+01
1.048880000E-01 2.091340000E+01 6.957470000E-01 1.182022729E+01
1.049200000E-01 2.091070000E+01 6.957140000E-01 1.181662219E+01
1.049360000E-01 2.090940000E+01 6.956970000E-01 1.181482046E+01
1.049650000E-01 2.090690000E+01 6.956670000E-01 1.181155623E+01
1.050170000E-01 2.090260000E+01 6.956130000E-01 1.180570765E+01
1.050950000E-01 2.089610000E+01 6.955330000E-01 1.179694562E+01
1.051330000E-01 2.089290000E+01 6.954940000E-01 1.179268165E+01
1.051530000E-01 2.089120000E+01 6.954740000E-01 1.179043869E+01
1.051720000E-01 2.088960000E+01 6.954540000E-01 1.178830868E+01
1.052040000E-01 2.088700000E+01 6.954220000E-01 1.178472301E+01
1.054240000E-01 2.086850000E+01 6.951970000E-01 1.176013052E+01
1.055030000E-01 2.086190000E+01 6.951160000E-01 1.175132461E+01
1.057410000E-01 2.083980000E+01 6.948730000E-01 1.172487493E+01
1.058760000E-01 2.082570000E+01 6.947350000E-01 1.170992482E+01
1.060780000E-01 2.080470000E+01 6.945280000E-01 1.168762609E+01
1.062800000E-01 2.078360000E+01 6.943230000E-01 1.166541212E+01
1.064430000E-01 2.076670000E+01 6.941590000E-01 1.164754845E+01
1.066840000E-01 2.073820000E+01 6.939190000E-01 1.162123655E+01
1.068000000E-01 2.072460000E+01 6.938050000E-01 1.160861423E+01
1.069360000E-01 2.070840000E+01 6.936700000E-01 1.159385053E+01
1.070430000E-01 2.069590000E+01 6.935660000E-01 1.158226133E+01
1.072900000E-01 2.066670000E+01 6.933220000E-01 1.155559698E+01
1.074400000E-01 2.064840000E+01 6.931740000E-01 1.153946389E+01
1.077960000E-01 2.059730000E+01 6.928240000E-01 1.150135441E+01
1.080600000E-01 2.055930000E+01 6.925670000E-01 1.147325560E+01
1.083930000E-01 2.051150000E+01 6.922450000E-01 1.143800799E+01
1.085800000E-01 2.048460000E+01 6.921090000E-01 1.141830908E+01
1.091150000E-01 2.040780000E+01 6.917220000E-01 1.136232415E+01
1.094600000E-01 2.035040000E+01 6.914840000E-01 1.132651197E+01
1.097530000E-01 2.029530000E+01 6.913030000E-01 1.129627436E+01
1.100680000E-01 2.023230000E+01 6.911390000E-01 1.126394592E+01
1.108690000E-01 2.004710000E+01 6.918260000E-01 1.118256681E+01
1.111490000E-01 1.996760000E+01 6.937230000E-01 1.115439635E+01
1.116040000E-01 1.981960000E+01 7.035580000E-01 1.110892083E+01
1.125170000E-01 1.943770000E+01 8.043490000E-01 1.101877938E+01
1.132130000E-01 1.911570000E+01 1.034730000E+00 1.095103919E+01
1.137840000E-01 1.892290000E+01 1.324480000E+00 1.089608381E+01
1.144220000E-01 1.882490000E+01 1.667770000E+00 1.083532887E+01
1.154830000E-01 1.877230000E+01 2.127810000E+00 1.073577929E+01
1.159960000E-01 1.873030000E+01 2.347700000E+00 1.068829960E+01
1.165500000E-01 1.869920000E+01 2.627660000E+00 1.063749464E+01
1.168430000E-01 1.870660000E+01 2.792110000E+00 1.061081965E+01
1.176210000E-01 1.882630000E+01 3.220450000E+00 1.054063475E+01
1.185680000E-01 1.908900000E+01 3.632100000E+00 1.045644693E+01
1.197500000E-01 1.944000000E+01 4.005330000E+00 1.035323591E+01
1.218390000E-01 2.011270000E+01 4.486290000E+00 1.017572370E+01
1.240500000E-01 2.088270000E+01 4.720920000E+00 9.994357114E+00
1.265000000E-01 2.165480000E+01 4.670810000E+00 9.800790514E+00
1.309330000E-01 2.255660000E+01 4.171740000E+00 9.468965043E+00
1.396370000E-01 2.312650000E+01 3.109020000E+00 8.878735579E+00
1.458660000E-01 2.308690000E+01 2.546950000E+00 8.499581808E+00
1.522300000E-01 2.287660000E+01 2.152720000E+00 8.144255403E+00
1.585000000E-01 2.259750000E+01 1.918440000E+00 7.822082019E+00
1.660000000E-01 2.223120000E+01 1.795360000E+00 7.468674699E+00
1.740000000E-01 2.183510000E+01 1.798350000E+00 7.125287356E+00
1.840770000E-01 2.137190000E+01 1.932650000E+00 6.735224933E+00
1.968970000E-01 2.075730000E+01 2.220570000E+00 6.296693195E+00
1.993120000E-01 2.061660000E+01 2.283690000E+00 6.220398170E+00
2.008130000E-01 2.050520000E+01 2.323000000E+00 6.173903084E+00
2.025750000E-01 2.033700000E+01 2.373310000E+00 6.120202394E+00
2.039350000E-01 2.015480000E+01 2.439460000E+00 6.079388040E+00
2.050200000E-01 1.997890000E+01 2.553610000E+00 6.047214906E+00
2.087680000E-01 1.983110000E+01 3.383810000E+00 5.938649601E+00
2.159580000E-01 2.024530000E+01 3.789110000E+00 5.740931107E+00
2.207500000E-01 2.023250000E+01 3.949730000E+00 5.616308041E+00
2.272870000E-01 2.026000000E+01 4.480360000E+00 5.454777440E+00
2.726790000E-01 2.090720000E+01 5.825330000E+00 4.546738106E+00
2.785350000E-01 2.075310000E+01 6.182970000E+00 4.451146176E+00
3.200000000E-01 2.215970000E+01 7.316200000E+00 3.874375000E+00
3.854230000E-01 2.354460000E+01 8.000490000E+00 3.216725520E+00
4.807010000E-01 2.468590000E+01 8.121770000E+00 2.579150033E+00
5.956620000E-01 2.460650000E+01 7.728900000E+00 2.081381723E+00
6.842960000E-01 2.307040000E+01 7.256240000E+00 1.811789050E+00
7.413100000E-01 2.078380000E+01 6.934790000E+00 1.672444726E+00
7.768060000E-01 1.824880000E+01 6.733720000E+00 1.596022688E+00
8.006400000E-01 1.553160000E+01 6.600160000E+00 1.548511191E+00
8.161210000E-01 1.285150000E+01 6.514830000E+00 1.519137481E+00
8.210460000E-01 1.166530000E+01 6.488890000E+00 1.510025017E+00
8.212910000E-01 1.159790000E+01 6.487730000E+00 1.509574560E+00
8.253650000E-01 1.037950000E+01 6.475910000E+00 1.502123303E+00
8.274860000E-01 9.648900000E+00 6.484790000E+00 1.498273083E+00
8.296090000E-01 8.827600000E+00 6.521870000E+00 1.494438947E+00
8.319790000E-01 7.755700000E+00 6.631530000E+00 1.490181844E+00
8.346090000E-01 6.356000000E+00 6.912170000E+00 1.485486018E+00
8.381060000E-01 4.210700000E+00 7.741680000E+00 1.479287823E+00
8.408610000E-01 2.440500000E+00 8.922870000E+00 1.474441079E+00
8.424120000E-01 1.501000000E+00 9.820160000E+00 1.471726424E+00
8.434470000E-01 9.216000000E-01 1.050500000E+01 1.469920457E+00
8.441280000E-01 5.684000000E-01 1.099050000E+01 1.468734599E+00
8.447530000E-01 2.636000000E-01 1.145510000E+01 1.467647940E+00
8.453750000E-01 -1.080000000E-02 1.194090000E+01 1.466568091E+00
8.456040000E-01 -1.117000000E-01 1.212010000E+01 1.466170926E+00
8.467310000E-01 -5.037000000E-01 1.304760000E+01 1.464219451E+00
8.472800000E-01 -7.016000000E-01 1.350280000E+01 1.463270702E+00
8.491610000E-01 -1.145500000E+00 1.511390000E+01 1.460029370E+00
8.507000000E-01 -1.338100000E+00 1.642830000E+01 1.457388033E+00
8.517760000E-01 -1.395200000E+00 1.733010000E+01 1.455546998E+00
8.532390000E-01 -1.386600000E+00 1.851640000E+01 1.453051255E+00
8.548210000E-01 -1.297200000E+00 1.974780000E+01 1.450362123E+00
8.564850000E-01 -1.142900000E+00 2.101390000E+01 1.447544324E+00
8.584250000E-01 -8.827000000E-01 2.242160000E+01 1.444272942E+00
8.595580000E-01 -6.980000000E-01 2.324630000E+01 1.442369218E+00
8.609940000E-01 -4.178000000E-01 2.428300000E+01 1.439963577E+00
8.612950000E-01 -3.538000000E-01 2.449990000E+01 1.439460347E+00
8.620000000E-01 -1.815000000E-01 2.502350000E+01 1.438283063E+00
8.621520000E-01 -1.467000000E-01 2.512860000E+01 1.438029489E+00
8.631170000E-01 1.139000000E-01 2.581860000E+01 1.436421713E+00
8.637100000E-01 3.177000000E-01 2.625390000E+01 1.435435505E+00
8.649600000E-01 7.170000000E-01 2.712160000E+01 1.433361080E+00
8.658000000E-01 1.071700000E+00 2.770730000E+01 1.431970432E+00
8.671030000E-01 1.591300000E+00 2.856670000E+01 1.429818603E+00
8.685410000E-01 2.280500000E+00 2.945860000E+01 1.427451324E+00
8.698480000E-01 2.958200000E+00 3.019290000E+01 1.425306490E+00
8.741110000E-01 5.446500000E+00 3.207690000E+01 1.418355335E+00
8.804470000E-01 8.987200000E+00 3.344610000E+01 1.408148361E+00
8.856560000E-01 1.139360000E+01 3.387430000E+01 1.399866314E+00
8.951070000E-01 1.476100000E+01 3.410480000E+01 1.385085805E+00
9.100000000E-01 1.879920000E+01 3.395930000E+01 1.362417582E+00
9.280360000E-01 2.238840000E+01 3.322810000E+01 1.335939554E+00
9.542880000E-01 2.600260000E+01 3.199620000E+01 1.299188505E+00
1.001430000E+00 3.000260000E+01 3.003740000E+01 1.238029618E+00
1.061440000E+00 3.277200000E+01 2.799100000E+01 1.168035876E+00
1.098890000E+00 3.318270000E+01 2.686260000E+01 1.128229395E+00
1.110000000E+00 3.268910000E+01 2.684070000E+01 1.116936937E+00
1.120750000E+00 3.228880000E+01 2.776450000E+01 1.106223511E+00
1.131750000E+00 3.306900000E+01 2.899890000E+01 1.095471615E+00
1.153120000E+00 3.529420000E+01 2.905450000E+01 1.075169974E+00
1.185550000E+00 3.672470000E+01 2.819040000E+01 1.045759352E+00
1.206590000E+00 3.714180000E+01 2.845520000E+01 1.027523848E+00
1.250000000E+00 3.974710000E+01 2.805330000E+01 9.918400000E-01
1.312590000E+00 4.176670000E+01 2.650400000E+01 9.445447550E-01
1.348990000E+00 4.219440000E+01 2.616390000E+01 9.190579619E-01
1.401390000E+00 4.423830000E+01 2.561400000E+01 8.846930548E-01
1.486160000E+00 4.622880000E+01 2.385690000E+01 8.342305001E-01
1.608660000E+00 4.813835000E+01 2.160540000E+01 7.707035669E-01
1.748770000E+00 4.960622000E+01 1.940510000E+01 7.089554373E-01
1.913790000E+00 5.076268000E+01 1.721800000E+01 6.478244739E-01
2.100710000E+00 5.156617000E+01 1.515350000E+01 5.901814149E-01
2.361160000E+00 5.215909000E+01 1.287800000E+01 5.250808924E-01
2.660030000E+00 5.242829000E+01 1.085720000E+01 4.660849690E-01
3.099020000E+00 5.239155000E+01 8.681710000E+00 4.000619551E-01
3.599570000E+00 5.199783000E+01 6.935160000E+00 3.444300291E-01
4.133230000E+00 5.125848000E+01 5.612540000E+00 2.999591119E-01
4.593840000E+00 5.027483000E+01 4.762130000E+00 2.698831479E-01
4.930460000E+00 4.913212000E+01 4.261690000E+00 2.514572677E-01
5.142310000E+00 4.797014000E+01 3.987690000E+00 2.410978724E-01
5.285450000E+00 4.667670000E+01 3.817440000E+00 2.345684852E-01
5.358050000E+00 4.551530000E+01 3.754160000E+00 2.313901513E-01
5.388700000E+00 4.472810000E+01 3.827310000E+00 2.300740438E-01
5.410000000E+00 4.402820000E+01 4.039970000E+00 2.291682070E-01
5.429510000E+00 4.332070000E+01 4.457810000E+00 2.283447309E-01
5.453670000E+00 4.252810000E+01 5.361530000E+00 2.273331536E-01
5.486170000E+00 4.212970000E+01 7.098230000E+00 2.259864350E-01
5.512760000E+00 4.244870000E+01 8.497290000E+00 2.248964221E-01
5.545060000E+00 4.344800000E+01 9.605000000E+00 2.235863994E-01
5.603630000E+00 4.510520000E+01 1.009770000E+01 2.212494401E-01
5.682220000E+00 4.611800000E+01 9.927440000E+00 2.181893696E-01
5.771320000E+00 4.639480000E+01 9.707240000E+00 2.148208729E-01
5.829420000E+00 4.605320000E+01 9.774970000E+00 2.126798206E-01
5.885010000E+00 4.561930000E+01 1.062040000E+01 2.106708400E-01
5.929400000E+00 4.593350000E+01 1.165600000E+01 2.090936688E-01
5.985000000E+00 4.700110000E+01 1.232970000E+01 2.071512114E-01
6.059720000E+00 4.807592000E+01 1.227140000E+01 2.045969121E-01
6.145060000E+00 4.856059000E+01 1.206670000E+01 2.017555565E-01
6.226310000E+00 4.864677000E+01 1.243820000E+01 1.991227549E-01
6.284830000E+00 4.918176000E+01 1.298250000E+01 1.972686612E-01
6.391430000E+00 5.054355000E+01 1.302280000E+01 1.939784993E-01
6.536010000E+00 5.163762000E+01 1.259280000E+01 1.896875923E-01
6.736300000E+00 5.265403000E+01 1.202630000E+01 1.840476226E-01
7.001230000E+00 5.361938000E+01 1.133360000E+01 1.770831697E-01
7.265890000E+00 5.431596000E+01 1.069290000E+01 1.706329163E-01
7.568060000E+00 5.491907000E+01 1.002980000E+01 1.638200543E-01
7.883490000E+00 5.539806000E+01 9.399730000E+00 1.572653736E-01
8.246870000E+00 5.581387000E+01 8.745180000E+00 1.503358244E-01
8.594480000E+00 5.611111900E+01 8.180490000E+00 1.442553825E-01
8.906300000E+00 5.631600200E+01 7.722450000E+00 1.392048325E-01
9.147220000E+00 5.644354000E+01 7.393100000E+00 1.355384477E-01
9.465610000E+00 5.658199500E+01 6.990290000E+00 1.309794086E-01
9.768970000E+00 5.668228900E+01 6.641390000E+00 1.269120491E-01
1.004900000E+01 5.675831800E+01 6.342900000E+00 1.233754602E-01
1.039250000E+01 5.683656000E+01 6.003720000E+00 1.192975704E-01
1.065040000E+01 5.688195000E+01 5.765680000E+00 1.164087734E-01
1.085500000E+01 5.691220130E+01 5.584660000E+00 1.142146476E-01
1.114020000E+01 5.694201250E+01 5.348540000E+00 1.112906411E-01
1.141770000E+01 5.696542820E+01 5.133170000E+00 1.085857922E-01
1.150900000E+01 5.697195670E+01 5.064940000E+00 1.077243896E-01
1.169210000E+01 5.698067670E+01 4.932560000E+00 1.060374099E-01
1.179670000E+01 5.698517190E+01 4.859370000E+00 1.050971882E-01
1.191650000E+01 5.698946970E+01 4.777190000E+00 1.040406160E-01
1.196080000E+01 5.699069024E+01 4.747380000E+00 1.036552739E-01
1.203370000E+01 5.699230313E+01 4.699610000E+00 1.030273316E-01
1.214660000E+01 5.699439999E+01 4.627090000E+00 1.020697150E-01
1.226250000E+01 5.699674749E+01 4.553030000E+00 1.011049949E-01
1.231560000E+01 5.699729665E+01 4.520180000E+00 1.006690701E-01
1.236640000E+01 5.699791990E+01 4.488880000E+00 1.002555311E-01
1.237760000E+01 5.699794540E+01 4.482100000E+00 1.001648139E-01
1.253590000E+01 5.699715591E+01 4.387530000E+00 9.889995932E-02
1.273960000E+01 5.699664469E+01 4.270940000E+00 9.731859713E-02
1.290100000E+01 5.699607678E+01 4.181100000E+00 9.610107744E-02
1.305180000E+01 5.699373000E+01 4.099710000E+00 9.499072925E-02
1.326660000E+01 5.698942860E+01 3.987080000E+00 9.345273092E-02
1.332850000E+01 5.698797520E+01 3.955360000E+00 9.301871929E-02
1.341220000E+01 5.698491850E+01 3.913710000E+00 9.243822788E-02
1.383350000E+01 5.696940300E+01 3.713610000E+00 8.962301659E-02
1.428890000E+01 5.695106900E+01 3.513400000E+00 8.676665104E-02
1.470880000E+01 5.692895680E+01 3.342400000E+00 8.428967693E-02
1.559160000E+01 5.687532900E+01 3.023270000E+00 7.951717592E-02
1.671690000E+01 5.679980000E+01 2.681420000E+00 7.416446829E-02
1.903450000E+01 5.662471300E+01 2.137260000E+00 6.513436129E-02
2.167340000E+01 5.642416900E+01 1.701030000E+00 5.720376129E-02
2.459220000E+01 5.620881800E+01 1.359210000E+00 5.041435902E-02
2.793770000E+01 5.594866000E+01 1.081630000E+00 4.437731095E-02
3.156290000E+01 5.561096000E+01 8.681330000E-01 3.928029427E-02
3.400710000E+01 5.529556000E+01 7.586170000E-01 3.645709278E-02
3.569670000E+01 5.496676000E+01 6.945240000E-01 3.473150179E-02
3.676860000E+01 5.464357000E+01 6.580010000E-01 3.371898848E-02
3.760950000E+01 5.423273000E+01 6.314150000E-01 3.296507531E-02
3.806730000E+01 5.383035000E+01 6.270330000E-01 3.256863502E-02
3.824250000E+01 5.358886000E+01 6.557210000E-01 3.241942865E-02
3.836720000E+01 5.337361000E+01 7.167880000E-01 3.231405993E-02
3.847730000E+01 5.315890000E+01 8.216200000E-01 3.222159559E-02
3.858670000E+01 5.293930000E+01 9.912550000E-01 3.213024177E-02
3.869960000E+01 5.273591000E+01 1.244560000E+00 3.203650684E-02
3.886000000E+01 5.255755000E+01 1.723310000E+00 3.190427174E-02
3.908560000E+01 5.264025000E+01 2.465550000E+00 3.172012199E-02
3.927000000E+01 5.295738000E+01 2.937980000E+00 3.157117392E-02
3.947670000E+01 5.340411000E+01 3.224640000E+00 3.140586726E-02
3.979560000E+01 5.397055000E+01 3.330300000E+00 3.115419795E-02
4.010210000E+01 5.432621000E+01 3.303640000E+00 3.091608669E-02
4.066540000E+01 5.474647000E+01 3.232510000E+00 3.048783487E-02
4.142460000E+01 5.511936000E+01 3.136240000E+00 2.992907596E-02
4.245690000E+01 5.546533000E+01 3.018600000E+00 2.920137834E-02
4.377100000E+01 5.577478000E+01 2.871650000E+00 2.832468986E-02
4.529360000E+01 5.602534300E+01 2.713380000E+00 2.737252062E-02
4.670820000E+01 5.620146000E+01 2.578020000E+00 2.654351913E-02
4.854700000E+01 5.637003300E+01 2.420970000E+00 2.553813830E-02
5.017820000E+01 5.648762100E+01 2.293330000E+00 2.470794090E-02
5.232060000E+01 5.660598700E+01 2.141600000E+00 2.369621143E-02
5.402600000E+01 5.668044600E+01 2.029450000E+00 2.294821012E-02
5.572320000E+01 5.673943700E+01 1.925510000E+00 2.224926063E-02
5.765770000E+01 5.679263100E+01 1.817880000E+00 2.150276546E-02
5.944470000E+01 5.683251300E+01 1.725690000E+00 2.085635894E-02
6.099360000E+01 5.686052500E+01 1.650590000E+00 2.032672280E-02
6.288500000E+01 5.688746500E+01 1.566080000E+00 1.971535342E-02
6.423330000E+01 5.690376010E+01 1.509340000E+00 1.930151495E-02
6.601000000E+01 5.692041780E+01 1.439780000E+00 1.878200273E-02
6.774590000E+01 5.693379320E+01 1.376550000E+00 1.830073849E-02
6.942000000E+01 5.694428850E+01 1.319230000E+00 1.785940651E-02
7.236540000E+01 5.695685580E+01 1.227530000E+00 1.713249702E-02
7.436050000E+01 5.696300510E+01 1.170400000E+00 1.667283033E-02
7.627660000E+01 5.696682770E+01 1.118700000E+00 1.625400188E-02
7.856830000E+01 5.696870980E+01 1.061730000E+00 1.577990105E-02
8.032100000E+01 5.696941600E+01 1.020690000E+00 1.543556480E-02
8.330080000E+01 5.696794800E+01 9.569820000E-01 1.488341048E-02
8.672970000E+01 5.696469910E+01 8.905450000E-01 1.429498776E-02
9.377140000E+01 5.695292310E+01 7.746860000E-01 1.322151530E-02
1.024530000E+02 5.693260600E+01 6.598250000E-01 1.210115858E-02
1.159960000E+02 5.689790600E+01 5.269530000E-01 1.068829960E-02
1.313580000E+02 5.686091200E+01 4.198500000E-01 9.438328842E-03
1.489500000E+02 5.682335200E+01 3.335040000E-01 8.323598523E-03
1.684630000E+02 5.678857500E+01 2.663790000E-01 7.359479530E-03
1.901010000E+02 5.675735900E+01 2.136180000E-01 6.521796308E-03
2.141810000E+02 5.672958300E+01 1.719250000E-01 5.788562011E-03
2.429340000E+02 5.670391900E+01 1.371140000E-01 5.103443734E-03
2.742360000E+02 5.668246200E+01 1.106850000E-01 4.520923584E-03
3.098260000E+02 5.666397000E+01 8.953670000E-02 4.001600899E-03
3.516880000E+02 5.664772800E+01 7.224310000E-02 3.525283774E-03
4.007660000E+02 5.663389700E+01 5.836670000E-02 3.093575802E-03
4.570880000E+02 5.662248400E+01 4.748070000E-02 2.712387987E-03
5.188000000E+02 5.661355400E+01 3.925680000E-02 2.389745567E-03
5.939500000E+02 5.660588000E+01 3.238210000E-02 2.087381093E-03
6.842020000E+02 5.659956100E+01 2.681980000E-02 1.812037965E-03
7.944710000E+02 5.659449000E+01 2.233780000E-02 1.560535249E-03
9.386420000E+02 5.659036900E+01 1.848000000E-02 1.320844369E-03
1.120830000E+03 5.658740900E+01 1.528430000E-02 1.106144554E-03
1.347260000E+03 5.658528000E+01 1.249290000E-02 9.202381129E-04
1.619760000E+03 5.658377400E+01 1.020910000E-02 7.654220378E-04
1.947380000E+03 5.658270300E+01 8.342810000E-03 6.366502686E-04
2.341270000E+03 5.658186600E+01 6.817680000E-03 5.295416590E-04
2.814820000E+03 5.658126600E+01 5.571350000E-03 4.404544518E-04
3.384160000E+03 5.658085100E+01 4.552870000E-03 3.663538367E-04
4.068660000E+03 5.658056400E+01 3.720570000E-03 3.047194900E-04
4.891600000E+03 5.658036500E+01 3.040420000E-03 2.534549023E-04
5.881000000E+03 5.658022800E+01 2.484610000E-03 2.108144873E-04
7.070510000E+03 5.658013300E+01 2.030400000E-03 1.753480301E-04
8.500630000E+03 5.658006700E+01 1.659230000E-03 1.458480136E-04
1.000000000E+04 5.658002600E+01 1.391020000E-03 1.239800000E-04
