# Data retrieved from https://www-nds.iaea.org/epdl97/za1to100.htm 03/01/2021
# Element, Li  (Z = 3) 
# Atomic weight, g mol-1 = 6.939 
# Nominal density, g cm-3 =  5.34000E-1 
# Relativistic correction estimate f_rel(5CL)*,  e atom-1 =  0 
# Nuclear Thomson correction f_NT*, e atom-1 =  0 
#    E [keV]      f1 [e atom-1]      f2 [e atom-1]    Wavelength [nm] 
1.000000000E-03 9.360800000E-01 0.000000000E+00 1.239800000E+03
1.056250000E-03 9.357700000E-01 0.000000000E+00 1.173775148E+03
1.161720000E-03 9.351800000E-01 0.000000000E+00 1.067210688E+03
1.254000000E-03 9.346600000E-01 0.000000000E+00 9.886762360E+02
1.334750000E-03 9.342100000E-01 0.000000000E+00 9.288630830E+02
1.405400000E-03 9.338200000E-01 0.000000000E+00 8.821687776E+02
1.467220000E-03 9.334700000E-01 0.000000000E+00 8.449993866E+02
1.521320000E-03 9.331700000E-01 0.000000000E+00 8.149501748E+02
1.568650000E-03 9.329100000E-01 0.000000000E+00 7.903611386E+02
1.610070000E-03 9.326700000E-01 0.000000000E+00 7.700286323E+02
1.646310000E-03 9.324700000E-01 0.000000000E+00 7.530780959E+02
1.678020000E-03 9.322900000E-01 0.000000000E+00 7.388469744E+02
1.705760000E-03 9.321400000E-01 0.000000000E+00 7.268314417E+02
1.730040000E-03 9.320000000E-01 0.000000000E+00 7.166308293E+02
1.751280000E-03 9.318800000E-01 0.000000000E+00 7.079393358E+02
1.769870000E-03 9.317800000E-01 0.000000000E+00 7.005034268E+02
1.786140000E-03 9.316900000E-01 0.000000000E+00 6.941225212E+02
1.800370000E-03 9.316100000E-01 0.000000000E+00 6.886362248E+02
1.812820000E-03 9.315400000E-01 0.000000000E+00 6.839068413E+02
1.834610000E-03 9.314200000E-01 0.000000000E+00 6.757839541E+02
1.850950000E-03 9.313300000E-01 0.000000000E+00 6.698182015E+02
1.863210000E-03 9.312600000E-01 0.000000000E+00 6.654107696E+02
1.872400000E-03 9.312100000E-01 0.000000000E+00 6.621448408E+02
1.879300000E-03 9.311700000E-01 0.000000000E+00 6.597137232E+02
1.884470000E-03 9.311400000E-01 0.000000000E+00 6.579038138E+02
1.892230000E-03 9.311000000E-01 0.000000000E+00 6.552057625E+02
1.896110000E-03 9.310700000E-01 0.000000000E+00 6.538650184E+02
1.898050000E-03 9.310600000E-01 0.000000000E+00 6.531967019E+02
1.899980000E-03 9.310500000E-01 0.000000000E+00 6.525331846E+02
1.900190000E-03 9.310500000E-01 0.000000000E+00 6.524610697E+02
1.909540000E-03 9.310000000E-01 0.000000000E+00 6.492663154E+02
1.914220000E-03 9.309700000E-01 0.000000000E+00 6.476789502E+02
1.918900000E-03 9.309500000E-01 0.000000000E+00 6.460993277E+02
1.923570000E-03 9.309200000E-01 0.000000000E+00 6.445307423E+02
1.927030000E-03 9.309000000E-01 0.000000000E+00 6.433734815E+02
1.929620000E-03 9.308900000E-01 0.000000000E+00 6.425099242E+02
1.933510000E-03 9.308700000E-01 0.000000000E+00 6.412172681E+02
1.935450000E-03 9.308500000E-01 0.000000000E+00 6.405745434E+02
1.937400000E-03 9.308400000E-01 0.000000000E+00 6.399298028E+02
1.941060000E-03 9.308200000E-01 0.000000000E+00 6.387231719E+02
1.943450000E-03 9.308100000E-01 0.000000000E+00 6.379376881E+02
1.945210000E-03 9.308000000E-01 0.000000000E+00 6.373604906E+02
1.946080000E-03 9.308000000E-01 0.000000000E+00 6.370755570E+02
1.946520000E-03 9.307900000E-01 0.000000000E+00 6.369315496E+02
1.946740000E-03 9.307900000E-01 0.000000000E+00 6.368595704E+02
1.946800000E-03 9.307900000E-01 0.000000000E+00 6.368399425E+02
1.946840000E-03 9.307900000E-01 0.000000000E+00 6.368268579E+02
1.946870000E-03 9.307900000E-01 0.000000000E+00 6.368170448E+02
1.946890000E-03 9.307900000E-01 0.000000000E+00 6.368105029E+02
1.946930000E-03 9.307900000E-01 0.000000000E+00 6.367974195E+02
1.946940000E-03 9.307900000E-01 0.000000000E+00 6.367941488E+02
1.947000000E-03 9.307900000E-01 0.000000000E+00 6.367745249E+02
1.947070000E-03 9.307900000E-01 0.000000000E+00 6.367516319E+02
1.947210000E-03 9.307900000E-01 0.000000000E+00 6.367058509E+02
1.951640000E-03 9.307600000E-01 0.000000000E+00 6.352606013E+02
1.952810000E-03 9.307600000E-01 0.000000000E+00 6.348799934E+02
1.956310000E-03 9.307400000E-01 0.000000000E+00 6.337441408E+02
1.958650000E-03 9.307200000E-01 0.000000000E+00 6.329870064E+02
1.960990000E-03 9.307100000E-01 0.000000000E+00 6.322316789E+02
1.963330000E-03 9.307000000E-01 0.000000000E+00 6.314781519E+02
1.965670000E-03 9.306900000E-01 0.000000000E+00 6.307264190E+02
1.968010000E-03 9.306700000E-01 0.000000000E+00 6.299764737E+02
1.970350000E-03 9.306600000E-01 0.000000000E+00 6.292283097E+02
1.975020000E-03 9.306300000E-01 0.000000000E+00 6.277404786E+02
1.979700000E-03 9.306100000E-01 0.000000000E+00 6.262565035E+02
1.984380000E-03 9.305800000E-01 0.000000000E+00 6.247795281E+02
1.989050000E-03 9.305500000E-01 0.000000000E+00 6.233126367E+02
1.993520000E-03 9.305300000E-01 0.000000000E+00 6.219150046E+02
1.993730000E-03 9.305300000E-01 0.000000000E+00 6.218494982E+02
1.996410000E-03 9.305100000E-01 0.000000000E+00 6.210147214E+02
2.001760000E-03 9.304700000E-01 0.000000000E+00 6.193549676E+02
2.007100000E-03 9.303900000E-01 0.000000000E+00 6.177071397E+02
2.017720000E-03 9.302300000E-01 0.000000000E+00 6.144559205E+02
2.028250000E-03 9.300700000E-01 0.000000000E+00 6.112658696E+02
2.038710000E-03 9.299200000E-01 0.000000000E+00 6.081296506E+02
2.049080000E-03 9.297600000E-01 0.000000000E+00 6.050520233E+02
2.069670000E-03 9.294600000E-01 0.000000000E+00 5.990326960E+02
2.089930000E-03 9.291600000E-01 0.000000000E+00 5.932256104E+02
2.109880000E-03 9.288600000E-01 0.000000000E+00 5.876163573E+02
2.129510000E-03 9.285700000E-01 0.000000000E+00 5.821996610E+02
2.168170000E-03 9.279900000E-01 0.000000000E+00 5.718186305E+02
2.205620000E-03 9.274400000E-01 0.000000000E+00 5.621095202E+02
2.241890000E-03 9.269000000E-01 0.000000000E+00 5.530155360E+02
2.312180000E-03 9.258500000E-01 0.000000000E+00 5.362039288E+02
2.378080000E-03 9.248700000E-01 0.000000000E+00 5.213449505E+02
2.439860000E-03 9.239600000E-01 0.000000000E+00 5.081439099E+02
2.555690000E-03 9.222300000E-01 0.000000000E+00 4.851136092E+02
2.657040000E-03 9.207300000E-01 0.000000000E+00 4.666094602E+02
2.834410000E-03 9.180900000E-01 0.000000000E+00 4.374102547E+02
3.100460000E-03 9.141400000E-01 0.000000000E+00 3.998761474E+02
3.366520000E-03 9.101800000E-01 0.000000000E+00 3.682734693E+02
3.374800000E-03 9.100600000E-01 0.000000000E+00 3.673699182E+02
3.383090000E-03 9.099400000E-01 0.000000000E+00 3.664697067E+02
3.391380000E-03 9.098100000E-01 0.000000000E+00 3.655738962E+02
3.399660000E-03 9.096900000E-01 0.000000000E+00 3.646835272E+02
3.407950000E-03 9.095700000E-01 0.000000000E+00 3.637964172E+02
3.416230000E-03 9.094400000E-01 0.000000000E+00 3.629146749E+02
3.424520000E-03 9.093200000E-01 0.000000000E+00 3.620361394E+02
3.432810000E-03 9.092000000E-01 0.000000000E+00 3.611618470E+02
3.441090000E-03 9.090700000E-01 0.000000000E+00 3.602928142E+02
3.449380000E-03 9.089500000E-01 0.000000000E+00 3.594269115E+02
3.457670000E-03 9.088300000E-01 0.000000000E+00 3.585651609E+02
3.465950000E-03 9.087000000E-01 0.000000000E+00 3.577085648E+02
3.474240000E-03 9.085800000E-01 0.000000000E+00 3.568550244E+02
3.490810000E-03 9.083300000E-01 0.000000000E+00 3.551611231E+02
3.499100000E-03 9.082100000E-01 0.000000000E+00 3.543196822E+02
3.507380000E-03 9.080900000E-01 0.000000000E+00 3.534832268E+02
3.515670000E-03 9.079600000E-01 0.000000000E+00 3.526497083E+02
3.523960000E-03 9.078400000E-01 0.000000000E+00 3.518201115E+02
3.532240000E-03 9.077200000E-01 0.000000000E+00 3.509954024E+02
3.762160000E-03 9.043000000E-01 0.000000000E+00 3.295447296E+02
3.838790000E-03 9.031600000E-01 0.000000000E+00 3.229663514E+02
3.838830000E-03 9.031600000E-01 0.000000000E+00 3.229629861E+02
3.848280000E-03 9.030200000E-01 0.000000000E+00 3.221699045E+02
3.857730000E-03 9.028800000E-01 0.000000000E+00 3.213807083E+02
3.867180000E-03 9.027400000E-01 0.000000000E+00 3.205953692E+02
3.876630000E-03 9.026000000E-01 0.000000000E+00 3.198138589E+02
3.886080000E-03 9.024600000E-01 0.000000000E+00 3.190361495E+02
3.906850000E-03 9.021500000E-01 0.000000000E+00 3.173400566E+02
3.916420000E-03 9.020100000E-01 0.000000000E+00 3.165646177E+02
3.923870000E-03 9.019000000E-01 0.000000000E+00 3.159635768E+02
3.933320000E-03 9.017600000E-01 0.000000000E+00 3.152044583E+02
3.942770000E-03 9.016200000E-01 0.000000000E+00 3.144489788E+02
3.952220000E-03 9.014800000E-01 0.000000000E+00 3.136971120E+02
3.964260000E-03 9.013000000E-01 0.000000000E+00 3.127443710E+02
3.980560000E-03 9.010500000E-01 0.000000000E+00 3.114637136E+02
3.990010000E-03 9.009100000E-01 0.000000000E+00 3.107260383E+02
3.999460000E-03 9.007700000E-01 0.000000000E+00 3.099918489E+02
4.008910000E-03 9.004500000E-01 0.000000000E+00 3.092611209E+02
4.021680000E-03 9.000100000E-01 0.000000000E+00 3.082791271E+02
4.027770000E-03 8.997900000E-01 0.000000000E+00 3.078130082E+02
4.027810000E-03 8.997900000E-01 0.000000000E+00 3.078099513E+02
4.031250000E-03 8.996700000E-01 0.000000000E+00 3.075472868E+02
4.040810000E-03 8.993400000E-01 0.000000000E+00 3.068196723E+02
4.050380000E-03 8.990000000E-01 0.000000000E+00 3.060947368E+02
4.059950000E-03 8.986700000E-01 0.000000000E+00 3.053732189E+02
4.069520000E-03 8.983400000E-01 0.000000000E+00 3.046550945E+02
4.079090000E-03 8.980000000E-01 0.000000000E+00 3.039403396E+02
4.457750000E-03 8.847700000E-01 0.000000000E+00 2.781223712E+02
4.511850000E-03 8.828800000E-01 0.000000000E+00 2.747875040E+02
4.511870000E-03 8.828800000E-01 0.000000000E+00 2.747862860E+02
4.522970000E-03 8.824900000E-01 0.000000000E+00 2.741119220E+02
4.534080000E-03 8.821000000E-01 0.000000000E+00 2.734402569E+02
4.545180000E-03 8.817100000E-01 0.000000000E+00 2.727724755E+02
4.556290000E-03 8.813200000E-01 0.000000000E+00 2.721073505E+02
4.567390000E-03 8.809400000E-01 0.000000000E+00 2.714460556E+02
4.578500000E-03 8.805500000E-01 0.000000000E+00 2.707873758E+02
4.589600000E-03 8.801600000E-01 0.000000000E+00 2.701324734E+02
4.600710000E-03 8.797700000E-01 0.000000000E+00 2.694801455E+02
4.611810000E-03 8.793800000E-01 0.000000000E+00 2.688315434E+02
4.622920000E-03 8.790000000E-01 0.000000000E+00 2.681854758E+02
4.634030000E-03 8.786100000E-01 0.000000000E+00 2.675425062E+02
4.645130000E-03 8.781100000E-01 0.000000000E+00 2.669031868E+02
4.656240000E-03 8.774700000E-01 0.000000000E+00 2.662663437E+02
4.678490000E-03 8.762000000E-01 0.000000000E+00 2.650000321E+02
4.689640000E-03 8.755600000E-01 0.000000000E+00 2.643699730E+02
4.700800000E-03 8.749200000E-01 0.000000000E+00 2.637423417E+02
4.711960000E-03 8.742800000E-01 0.000000000E+00 2.631176835E+02
4.723120000E-03 8.736400000E-01 0.000000000E+00 2.624959772E+02
4.733950000E-03 8.730300000E-01 0.000000000E+00 2.618954573E+02
4.733970000E-03 8.730200000E-01 0.000000000E+00 2.618943508E+02
4.756460000E-03 8.717400000E-01 0.000000000E+00 2.606560341E+02
4.756590000E-03 8.717300000E-01 0.000000000E+00 2.606489102E+02
4.820970000E-03 8.680500000E-01 0.000000000E+00 2.571681633E+02
4.820980000E-03 8.680500000E-01 0.000000000E+00 2.571676298E+02
4.832840000E-03 8.673700000E-01 0.000000000E+00 2.565365292E+02
4.844710000E-03 8.666900000E-01 0.000000000E+00 2.559079904E+02
4.856580000E-03 8.660100000E-01 0.000000000E+00 2.552825239E+02
4.868440000E-03 8.653300000E-01 0.000000000E+00 2.546606305E+02
4.880310000E-03 8.646500000E-01 0.000000000E+00 2.540412392E+02
4.892180000E-03 8.639800000E-01 0.000000000E+00 2.534248535E+02
4.904040000E-03 8.633000000E-01 0.000000000E+00 2.528119673E+02
4.915910000E-03 8.626200000E-01 0.000000000E+00 2.522015253E+02
4.927770000E-03 8.619400000E-01 0.000000000E+00 2.515945346E+02
4.939640000E-03 8.612600000E-01 0.000000000E+00 2.509899507E+02
4.951510000E-03 8.605800000E-01 0.000000000E+00 2.503882654E+02
4.963370000E-03 8.597400000E-01 0.000000000E+00 2.497899613E+02
4.975240000E-03 8.584800000E-01 0.000000000E+00 2.491940087E+02
4.987950000E-03 8.571400000E-01 0.000000000E+00 2.485590273E+02
5.000230000E-03 8.558300000E-01 0.000000000E+00 2.479485944E+02
5.010840000E-03 8.547100000E-01 0.000000000E+00 2.474235857E+02
5.022700000E-03 8.534500000E-01 0.000000000E+00 2.468393494E+02
5.024780000E-03 8.532300000E-01 0.000000000E+00 2.467371706E+02
5.034570000E-03 8.522000000E-01 0.000000000E+00 2.462573765E+02
5.037060000E-03 8.519300000E-01 0.000000000E+00 2.461356426E+02
5.049330000E-03 8.506300000E-01 0.000000000E+00 2.455375268E+02
5.058300000E-03 8.496800000E-01 0.000000000E+00 2.451021094E+02
5.073890000E-03 8.480300000E-01 0.000000000E+00 2.443490103E+02
5.098440000E-03 8.454300000E-01 0.000000000E+00 2.431724214E+02
5.110720000E-03 8.441300000E-01 0.000000000E+00 2.425881285E+02
5.123000000E-03 8.428300000E-01 0.000000000E+00 2.420066367E+02
5.159830000E-03 8.389200000E-01 0.000000000E+00 2.402792340E+02
5.175890000E-03 8.372200000E-01 0.000000000E+00 2.395336841E+02
5.184380000E-03 8.363200000E-01 0.000000000E+00 2.391414210E+02
5.197460000E-03 8.349400000E-01 0.000000000E+00 2.385395943E+02
5.216510000E-03 8.329200000E-01 0.000000000E+00 2.376684795E+02
5.308510000E-03 8.210100000E-01 9.945520000E-07 2.335495271E+02
5.395580000E-03 7.969000000E-01 1.061660000E-03 2.297806723E+02
5.437320000E-03 7.765900000E-01 8.251120000E-03 2.280167435E+02
5.482150000E-03 7.557200000E-01 3.349210000E-02 2.261521483E+02
5.530270000E-03 7.570300000E-01 7.166520000E-02 2.241843527E+02
5.614580000E-03 7.902800000E-01 9.911820000E-02 2.208179419E+02
6.165950000E-03 8.415700000E-01 1.208610000E-01 2.010720165E+02
6.918310000E-03 8.694900000E-01 1.427000000E-01 1.792056152E+02
8.000000000E-03 9.016800000E-01 1.631840000E-01 1.549750000E+02
9.225710000E-03 9.310300000E-01 1.759510000E-01 1.343853210E+02
1.120310000E-02 9.678200000E-01 1.817880000E-01 1.106657979E+02
1.438950000E-02 1.003700000E+00 1.751920000E-01 8.616004726E+01
2.072700000E-02 1.011760000E+00 1.467560000E-01 5.981569933E+01
2.725640000E-02 9.616600000E-01 1.195270000E-01 4.548656462E+01
3.365500000E-02 8.618500000E-01 9.857360000E-02 3.683850839E+01
3.846850000E-02 7.456600000E-01 8.602730000E-02 3.222896656E+01
4.055320000E-02 6.823100000E-01 8.136100000E-02 3.057218666E+01
4.250770000E-02 6.128500000E-01 7.725400000E-02 2.916648043E+01
4.437630000E-02 5.348400000E-01 7.364980000E-02 2.793833645E+01
4.484630000E-02 5.120500000E-01 7.279250000E-02 2.764553598E+01
4.601120000E-02 4.555400000E-01 7.071600000E-02 2.694561324E+01
4.689630000E-02 4.022800000E-01 6.919250000E-02 2.643705367E+01
4.843380000E-02 3.096200000E-01 6.662610000E-02 2.559782631E+01
4.887240000E-02 2.831500000E-01 6.593400000E-02 2.536810142E+01
4.960740000E-02 2.249400000E-01 6.477440000E-02 2.499223906E+01
5.072870000E-02 1.360800000E-01 6.310900000E-02 2.443981415E+01
5.127190000E-02 8.746000000E-02 6.232470000E-02 2.418088661E+01
5.218920000E-02 -5.410000000E-03 6.104840000E-02 2.375587286E+01
5.280520000E-02 -7.216000000E-02 6.019190000E-02 2.347874831E+01
5.304620000E-02 -1.025400000E-01 5.987410000E-02 2.337207943E+01
5.356850000E-02 -1.683600000E-01 5.918550000E-02 2.314419855E+01
5.396020000E-02 -2.211100000E-01 5.866900000E-02 2.297619356E+01
5.422130000E-02 -2.610500000E-01 5.832470000E-02 2.286555284E+01
5.435190000E-02 -2.810200000E-01 5.815250000E-02 2.281061012E+01
5.448250000E-02 -3.009900000E-01 5.798040000E-02 2.275593080E+01
5.461300000E-02 -3.209600000E-01 5.780820000E-02 2.270155457E+01
5.474360000E-02 -3.410900000E-01 5.763800000E-02 2.264739623E+01
5.484490000E-02 -3.611400000E-01 5.751170000E-02 2.260556588E+01
5.489560000E-02 -3.711700000E-01 5.744860000E-02 2.258468803E+01
5.494650000E-02 -3.812300000E-01 5.738530000E-02 2.256376657E+01
5.504090000E-02 -3.999200000E-01 5.726760000E-02 2.252506772E+01
5.513530000E-02 -4.186000000E-01 5.715000000E-02 2.248650139E+01
5.521700000E-02 -4.347600000E-01 5.704830000E-02 2.245322998E+01
5.535220000E-02 -4.615200000E-01 5.687980000E-02 2.239838706E+01
5.548740000E-02 -4.882900000E-01 5.671140000E-02 2.234381139E+01
5.562270000E-02 -5.150500000E-01 5.654290000E-02 2.228946096E+01
5.569030000E-02 -5.284300000E-01 5.645870000E-02 2.226240476E+01
5.575790000E-02 -5.418100000E-01 5.637440000E-02 2.223541417E+01
5.582550000E-02 -5.551900000E-01 5.629020000E-02 2.220848895E+01
5.589320000E-02 -5.685800000E-01 5.620600000E-02 2.218158917E+01
5.596080000E-02 -5.819600000E-01 5.612170000E-02 2.215479407E+01
5.602840000E-02 -5.953400000E-01 5.603750000E-02 2.212806362E+01
5.609600000E-02 -6.087200000E-01 5.595330000E-02 2.210139760E+01
5.612980000E-02 -6.174500000E-01 5.591110000E-02 2.208808868E+01
5.616370000E-02 -6.263100000E-01 5.586900000E-02 2.207475647E+01
5.619750000E-02 -6.351800000E-01 5.582690000E-02 2.206147960E+01
5.627350000E-02 -6.551200000E-01 5.573210000E-02 2.203168454E+01
5.629530000E-02 -6.608300000E-01 5.570500000E-02 2.202315291E+01
5.630570000E-02 -6.635400000E-01 5.569210000E-02 2.201908510E+01
5.643410000E-02 -6.972100000E-01 5.553210000E-02 2.196898684E+01
5.646800000E-02 -7.060700000E-01 5.549000000E-02 2.195579797E+01
5.656940000E-02 -7.326600000E-01 5.536620000E-02 2.191644246E+01
5.663700000E-02 -7.503800000E-01 5.528770000E-02 2.189028374E+01
5.670460000E-02 -7.681100000E-01 5.520910000E-02 2.186418739E+01
5.679480000E-02 -7.930700000E-01 5.510430000E-02 2.182946326E+01
5.688500000E-02 -8.233600000E-01 5.499950000E-02 2.179484926E+01
5.697510000E-02 -8.536100000E-01 5.489490000E-02 2.176038304E+01
5.711040000E-02 -8.990300000E-01 5.473780000E-02 2.170883062E+01
5.724590000E-02 -9.445400000E-01 5.458030000E-02 2.165744621E+01
5.730510000E-02 -9.644200000E-01 5.451160000E-02 2.163507262E+01
5.738470000E-02 -9.911700000E-01 5.441900000E-02 2.160506198E+01
5.744510000E-02 -1.011440000E+00 5.434890000E-02 2.158234558E+01
5.749310000E-02 -1.029620000E+00 5.429490000E-02 2.156432685E+01
5.759010000E-02 -1.068810000E+00 5.418560000E-02 2.152800568E+01
5.765130000E-02 -1.094570000E+00 5.411880000E-02 2.150515253E+01
5.769370000E-02 -1.112890000E+00 5.407450000E-02 2.148934806E+01
5.774370000E-02 -1.135080000E+00 5.402540000E-02 2.147074053E+01
5.781650000E-02 -1.168540000E+00 5.396370000E-02 2.144370552E+01
5.792480000E-02 -1.221110000E+00 5.391370000E-02 2.140361296E+01
5.803100000E-02 -1.276320000E+00 5.396860000E-02 2.136444314E+01
5.813460000E-02 -1.334380000E+00 5.423700000E-02 2.132637018E+01
5.826680000E-02 -1.415610000E+00 5.525170000E-02 2.127798335E+01
5.840870000E-02 -1.513900000E+00 5.818710000E-02 2.122628992E+01
5.854820000E-02 -1.624410000E+00 6.505540000E-02 2.117571505E+01
5.865090000E-02 -1.716420000E+00 7.477980000E-02 2.113863555E+01
5.883050000E-02 -1.902100000E+00 1.090450000E-01 2.107410272E+01
5.901620000E-02 -2.127720000E+00 1.841390000E-01 2.100779108E+01
5.930340000E-02 -2.514700000E+00 4.339610000E-01 2.090605260E+01
5.952180000E-02 -2.777100000E+00 7.640930000E-01 2.082934320E+01
5.959650000E-02 -2.846900000E+00 9.035300000E-01 2.080323509E+01
5.965590000E-02 -2.891470000E+00 1.022250000E+00 2.078252109E+01
5.993250000E-02 -2.944730000E+00 1.621020000E+00 2.068660576E+01
5.995290000E-02 -2.946220000E+00 1.665590000E+00 2.067956679E+01
6.004340000E-02 -2.905610000E+00 1.857050000E+00 2.064839766E+01
6.014620000E-02 -2.829230000E+00 2.058690000E+00 2.061310606E+01
6.019280000E-02 -2.787740000E+00 2.144920000E+00 2.059714783E+01
6.033270000E-02 -2.635280000E+00 2.370210000E+00 2.054938698E+01
6.049530000E-02 -2.430390000E+00 2.570250000E+00 2.049415409E+01
6.076770000E-02 -2.085760000E+00 2.775290000E+00 2.040228608E+01
6.100260000E-02 -1.830130000E+00 2.859240000E+00 2.032372391E+01
6.114420000E-02 -1.702760000E+00 2.885170000E+00 2.027665748E+01
6.128290000E-02 -1.588820000E+00 2.904020000E+00 2.023076584E+01
6.134210000E-02 -1.542480000E+00 2.910710000E+00 2.021124155E+01
6.166590000E-02 -1.345030000E+00 2.932880000E+00 2.010511482E+01
6.180000000E-02 -1.263300000E+00 2.942060000E+00 2.006148867E+01
6.238410000E-02 -1.013110000E+00 2.969120000E+00 1.987365370E+01
6.265000000E-02 -8.992200000E-01 2.981440000E+00 1.978930567E+01
6.350000000E-02 -6.259300000E-01 3.020830000E+00 1.952440945E+01
6.364090000E-02 -5.887200000E-01 3.025260000E+00 1.948118270E+01
6.440650000E-02 -3.865100000E-01 3.049400000E+00 1.924960990E+01
6.531310000E-02 -1.808400000E-01 3.077630000E+00 1.898240935E+01
6.570450000E-02 -1.022900000E-01 3.084800000E+00 1.886933163E+01
6.630650000E-02 1.847000000E-02 3.095850000E+00 1.869801603E+01
6.918310000E-02 4.982300000E-01 3.125490000E+00 1.792056152E+01
7.307140000E-02 1.004510000E+00 3.099720000E+00 1.696696656E+01
7.724040000E-02 1.433040000E+00 3.023030000E+00 1.605118565E+01
8.170210000E-02 1.795370000E+00 2.905600000E+00 1.517464055E+01
8.389590000E-02 1.947760000E+00 2.839970000E+00 1.477783777E+01
8.709640000E-02 2.145314000E+00 2.740690000E+00 1.423480190E+01
9.067760000E-02 2.328645000E+00 2.624900000E+00 1.367261595E+01
9.516560000E-02 2.518002000E+00 2.481460000E+00 1.302781677E+01
9.754980000E-02 2.603700000E+00 2.406160000E+00 1.270940586E+01
1.007050000E-01 2.702825000E+00 2.309110000E+00 1.231120600E+01
1.033190000E-01 2.773337000E+00 2.231420000E+00 1.199972899E+01
1.070850000E-01 2.863513000E+00 2.124580000E+00 1.157771863E+01
1.085660000E-01 2.893151000E+00 2.083910000E+00 1.141978152E+01
1.098470000E-01 2.918790300E+00 2.048760000E+00 1.128660774E+01
1.132560000E-01 2.978915700E+00 1.960810000E+00 1.094688140E+01
1.164760000E-01 3.027997200E+00 1.881500000E+00 1.064425289E+01
1.194230000E-01 3.065812800E+00 1.812160000E+00 1.038158479E+01
1.235860000E-01 3.111194000E+00 1.721350000E+00 1.003188063E+01
1.266150000E-01 3.140366000E+00 1.659040000E+00 9.791888797E+00
1.313650000E-01 3.179086000E+00 1.566680000E+00 9.437825905E+00
1.369750000E-01 3.214085000E+00 1.466440000E+00 9.051286731E+00
1.480960000E-01 3.261905000E+00 1.296250000E+00 8.371596802E+00
1.608430000E-01 3.292665000E+00 1.133820000E+00 7.708137749E+00
1.820980000E-01 3.312789000E+00 9.267060000E-01 6.808421839E+00
2.075620000E-01 3.311751000E+00 7.459880000E-01 5.973155009E+00
2.345830000E-01 3.299157000E+00 6.067290000E-01 5.285122963E+00
2.664080000E-01 3.278651000E+00 4.871340000E-01 4.653764151E+00
2.988610000E-01 3.255925000E+00 3.974100000E-01 4.148416823E+00
3.376120000E-01 3.229857000E+00 3.185390000E-01 3.672262834E+00
3.800180000E-01 3.203679000E+00 2.557330000E-01 3.262477041E+00
4.282330000E-01 3.178425000E+00 2.043260000E-01 2.895152872E+00
4.790790000E-01 3.155860000E+00 1.652530000E-01 2.587882166E+00
5.386570000E-01 3.134597000E+00 1.320960000E-01 2.301650215E+00
6.057050000E-01 3.115460000E+00 1.053540000E-01 2.046871002E+00
6.769060000E-01 3.099366300E+00 8.471790000E-02 1.831568933E+00
7.636530000E-01 3.083998900E+00 6.660450000E-02 1.623512250E+00
8.538920000E-01 3.071493300E+00 5.320320000E-02 1.451940058E+00
9.543060000E-01 3.060598400E+00 4.237530000E-02 1.299164000E+00
1.069350000E+00 3.050966100E+00 3.352170000E-02 1.159395895E+00
1.188030000E+00 3.043235300E+00 2.690940000E-02 1.043576341E+00
1.320720000E+00 3.036550400E+00 2.152350000E-02 9.387303895E-01
1.466860000E+00 3.030825700E+00 1.721950000E-02 8.452067682E-01
1.628250000E+00 3.025969900E+00 1.377150000E-02 7.614309842E-01
1.810840000E+00 3.021724000E+00 1.094050000E-02 6.846546354E-01
1.994600000E+00 3.018435900E+00 8.863840000E-03 6.215782613E-01
2.201600000E+00 3.015537900E+00 7.134750000E-03 5.631359012E-01
2.420890000E+00 3.013162000E+00 5.793200000E-03 5.121257058E-01
2.678550000E+00 3.010992600E+00 4.621530000E-03 4.628623696E-01
2.967900000E+00 3.009129020E+00 3.676470000E-03 4.177364466E-01
3.297630000E+00 3.007522260E+00 2.900340000E-03 3.759669823E-01
3.634420000E+00 3.006266700E+00 2.327680000E-03 3.411273326E-01
4.035540000E+00 3.005131460E+00 1.836250000E-03 3.072203472E-01
4.466940000E+00 3.004208690E+00 1.456020000E-03 2.775501798E-01
4.953340000E+00 3.003419910E+00 1.148970000E-03 2.502957600E-01
5.456740000E+00 3.002801840E+00 9.196970000E-04 2.272052544E-01
5.962390000E+00 3.002321580E+00 7.494800000E-04 2.079367502E-01
6.540050000E+00 3.001893100E+00 6.046970000E-04 1.895704161E-01
7.239150000E+00 3.001492440E+00 4.777990000E-04 1.712632008E-01
8.003670000E+00 3.001144450E+00 3.778070000E-04 1.549039378E-01
8.719000000E+00 3.000898162E+00 3.091710000E-04 1.421952059E-01
9.434900000E+00 3.000705628E+00 2.570760000E-04 1.314057383E-01
1.023660000E+01 3.000536134E+00 2.123310000E-04 1.211144325E-01
1.104220000E+01 3.000401854E+00 1.775830000E-04 1.122783503E-01
1.187460000E+01 3.000290408E+00 1.495340000E-04 1.044077274E-01
1.268540000E+01 3.000202554E+00 1.279620000E-04 9.773440333E-02
1.339090000E+01 3.000138511E+00 1.125710000E-04 9.258526313E-02
1.405440000E+01 3.000087147E+00 1.004670000E-04 8.821436703E-02
1.458510000E+01 3.000050816E+00 9.202370000E-05 8.500455945E-02
1.483960000E+01 3.000034769E+00 8.833070000E-05 8.354672633E-02
1.517120000E+01 3.000015070E+00 8.380790000E-05 8.172062856E-02
1.545530000E+01 2.999999133E+00 8.016560000E-05 8.021843639E-02
1.579260000E+01 2.999981422E+00 7.615150000E-05 7.850512265E-02
1.608510000E+01 2.999966913E+00 7.288710000E-05 7.707754381E-02
1.667990000E+01 2.999939773E+00 6.685430000E-05 7.432898279E-02
1.745240000E+01 2.999908603E+00 6.002880000E-05 7.103894020E-02
1.858020000E+01 2.999869945E+00 5.173730000E-05 6.672694589E-02
2.019860000E+01 2.999825243E+00 4.240190000E-05 6.138049172E-02
2.214000000E+01 2.999783965E+00 3.406270000E-05 5.599819332E-02
2.441500000E+01 2.999747629E+00 2.697720000E-05 5.078025804E-02
2.677090000E+01 2.999719331E+00 2.164200000E-05 4.631148000E-02
2.937150000E+01 2.999695663E+00 1.733130000E-05 4.221098684E-02
3.190300000E+01 2.999677947E+00 1.421530000E-05 3.886154907E-02
3.511940000E+01 2.999660751E+00 1.129530000E-05 3.530242544E-02
3.831690000E+01 2.999647734E+00 9.166750000E-06 3.235647978E-02
4.221410000E+01 2.999635709E+00 7.267370000E-06 2.936933394E-02
4.651190000E+01 2.999625807E+00 5.764600000E-06 2.665554407E-02
5.106700000E+01 2.999617895E+00 4.605850000E-06 2.427790941E-02
5.633750000E+01 2.999611039E+00 3.640220000E-06 2.200665631E-02
6.189850000E+01 2.999605618E+00 2.905330000E-06 2.002956453E-02
6.836760000E+01 2.999600901E+00 2.289830000E-06 1.813432094E-02
7.506380000E+01 2.999597251E+00 1.831910000E-06 1.651661653E-02
8.217980000E+01 2.999594298E+00 1.475910000E-06 1.508643243E-02
9.044030000E+01 2.999591713E+00 1.175060000E-06 1.370849057E-02
9.967730000E+01 2.999589547E+00 9.322190000E-07 1.243813787E-02
1.090440000E+02 2.999587885E+00 7.532490000E-07 1.136972231E-02
1.203310000E+02 2.999586377E+00 5.974600000E-07 1.030324688E-02
1.326340000E+02 2.999585152E+00 4.753320000E-07 9.347527783E-03
1.459240000E+02 2.999584162E+00 3.810950000E-07 8.496203503E-03
1.613800000E+02 2.999583303E+00 3.019720000E-07 7.682488536E-03
1.778630000E+02 2.999582623E+00 2.420570000E-07 6.970533501E-03
1.966750000E+02 2.999582046E+00 1.926260000E-07 6.303800686E-03
2.174110000E+02 2.999581575E+00 1.540400000E-07 5.702563348E-03
2.398020000E+02 2.999581197E+00 1.242970000E-07 5.170098665E-03
2.647830000E+02 2.999580884E+00 1.003620000E-07 4.682324772E-03
2.938500000E+02 2.999580615E+00 8.052520000E-08 4.219159435E-03
3.273410000E+02 2.999580390E+00 6.453330000E-08 3.787487666E-03
3.630780000E+02 2.999580215E+00 5.253410000E-08 3.414693262E-03
4.074070000E+02 2.999580058E+00 4.213960000E-08 3.043148498E-03
4.518560000E+02 2.999579945E+00 3.487010000E-08 2.743794483E-03
5.040810000E+02 2.999579849E+00 2.883420000E-08 2.459525354E-03
5.689550000E+02 2.999579764E+00 2.365480000E-08 2.179082704E-03
6.437990000E+02 2.999579696E+00 1.959270000E-08 1.925756331E-03
7.328250000E+02 2.999579641E+00 1.635840000E-08 1.691809095E-03
8.486920000E+02 2.999579593E+00 1.367360000E-08 1.460836204E-03
9.839560000E+02 2.999579558E+00 1.157650000E-08 1.260015692E-03
1.120600000E+03 2.999579534E+00 1.017220000E-08 1.106371587E-03
1.347260000E+03 2.999579509E+00 8.539080000E-09 9.202381129E-04
1.619760000E+03 2.999579492E+00 7.168130000E-09 7.654220378E-04
1.947380000E+03 2.999579480E+00 6.017290000E-09 6.366502686E-04
2.341270000E+03 2.999579472E+00 5.051220000E-09 5.295416590E-04
2.814820000E+03 2.999579467E+00 4.240250000E-09 4.404544518E-04
3.384160000E+03 2.999579463E+00 3.559480000E-09 3.663538367E-04
4.068660000E+03 2.999579460E+00 2.988010000E-09 3.047194900E-04
4.891600000E+03 2.999579458E+00 2.508280000E-09 2.534549023E-04
5.881000000E+03 2.999579457E+00 2.105580000E-09 2.108144873E-04
7.070510000E+03 2.999579456E+00 1.767530000E-09 1.753480301E-04
8.500630000E+03 2.999579455E+00 1.483760000E-09 1.458480136E-04
1.000000000E+04 2.999579455E+00 1.273500000E-09 1.239800000E-04
