# Data retrieved from https://www-nds.iaea.org/epdl97/za1to100.htm 03/01/2021
# Element, Lu  (Z = 71) 
# Atomic weight, g mol-1 = 174.97 
# Nominal density, g cm-3 =  9.84900E+0 
# Relativistic correction estimate f_rel(5CL)*,  e atom-1 =  0 
# Nuclear Thomson correction f_NT*, e atom-1 =  0 
#    E [keV]      f1 [e atom-1]      f2 [e atom-1]    Wavelength [nm] 
1.000000000E-03 8.053600000E+00 0.000000000E+00 1.239800000E+03
1.134800000E-03 8.047100000E+00 0.000000000E+00 1.092527318E+03
1.137590000E-03 8.046900000E+00 0.000000000E+00 1.089847836E+03
1.140380000E-03 8.046800000E+00 0.000000000E+00 1.087181466E+03
1.143180000E-03 8.046700000E+00 0.000000000E+00 1.084518623E+03
1.145970000E-03 8.046500000E+00 0.000000000E+00 1.081878234E+03
1.148760000E-03 8.046400000E+00 0.000000000E+00 1.079250670E+03
1.151560000E-03 8.046300000E+00 0.000000000E+00 1.076626489E+03
1.154350000E-03 8.046100000E+00 0.000000000E+00 1.074024343E+03
1.157140000E-03 8.046000000E+00 0.000000000E+00 1.071434744E+03
1.159940000E-03 8.045900000E+00 0.000000000E+00 1.068848389E+03
1.162730000E-03 8.045700000E+00 0.000000000E+00 1.066283660E+03
1.165520000E-03 8.045600000E+00 0.000000000E+00 1.063731210E+03
1.168320000E-03 8.045500000E+00 0.000000000E+00 1.061181868E+03
1.171110000E-03 8.045300000E+00 0.000000000E+00 1.058653756E+03
1.176700000E-03 8.045000000E+00 0.000000000E+00 1.053624543E+03
1.179490000E-03 8.044900000E+00 0.000000000E+00 1.051132269E+03
1.182280000E-03 8.044800000E+00 0.000000000E+00 1.048651758E+03
1.185080000E-03 8.044600000E+00 0.000000000E+00 1.046174098E+03
1.187870000E-03 8.044500000E+00 0.000000000E+00 1.043716905E+03
1.190660000E-03 8.044400000E+00 0.000000000E+00 1.041271228E+03
1.294400000E-03 8.039300000E+00 0.000000000E+00 9.578182942E+02
1.398140000E-03 8.034300000E+00 0.000000000E+00 8.867495387E+02
1.401580000E-03 8.034100000E+00 0.000000000E+00 8.845731246E+02
1.405020000E-03 8.034000000E+00 0.000000000E+00 8.824073679E+02
1.408460000E-03 8.033800000E+00 0.000000000E+00 8.802521903E+02
1.411900000E-03 8.033600000E+00 0.000000000E+00 8.781075147E+02
1.415340000E-03 8.033500000E+00 0.000000000E+00 8.759732644E+02
1.418780000E-03 8.033300000E+00 0.000000000E+00 8.738493635E+02
1.422230000E-03 8.033100000E+00 0.000000000E+00 8.717296077E+02
1.425670000E-03 8.033000000E+00 0.000000000E+00 8.696262108E+02
1.429110000E-03 8.032800000E+00 0.000000000E+00 8.675329401E+02
1.432550000E-03 8.032600000E+00 0.000000000E+00 8.654497225E+02
1.435990000E-03 8.032500000E+00 0.000000000E+00 8.633764859E+02
1.439430000E-03 8.032300000E+00 0.000000000E+00 8.613131587E+02
1.442870000E-03 8.032100000E+00 0.000000000E+00 8.592596700E+02
1.449760000E-03 8.031800000E+00 0.000000000E+00 8.551760291E+02
1.453200000E-03 8.031600000E+00 0.000000000E+00 8.531516653E+02
1.456640000E-03 8.031500000E+00 0.000000000E+00 8.511368629E+02
1.460080000E-03 8.031300000E+00 0.000000000E+00 8.491315544E+02
1.463520000E-03 8.031100000E+00 0.000000000E+00 8.471356729E+02
1.466960000E-03 8.031000000E+00 0.000000000E+00 8.451491520E+02
1.560620000E-03 8.025500000E+00 0.000000000E+00 7.944278556E+02
1.630870000E-03 8.021000000E+00 0.000000000E+00 7.602077419E+02
1.683550000E-03 8.017600000E+00 0.000000000E+00 7.364200647E+02
1.723060000E-03 8.015100000E+00 0.000000000E+00 7.195338526E+02
1.752700000E-03 8.013200000E+00 0.000000000E+00 7.073657785E+02
1.774920000E-03 8.011800000E+00 0.000000000E+00 6.985103554E+02
1.791590000E-03 8.010700000E+00 0.000000000E+00 6.920110070E+02
1.804100000E-03 8.009900000E+00 0.000000000E+00 6.872124605E+02
1.822850000E-03 8.008700000E+00 0.000000000E+00 6.801437310E+02
1.832220000E-03 8.008100000E+00 0.000000000E+00 6.766654659E+02
1.836910000E-03 8.007800000E+00 0.000000000E+00 6.749378032E+02
1.841600000E-03 8.007500000E+00 0.000000000E+00 6.732189401E+02
1.846130000E-03 8.007200000E+00 0.000000000E+00 6.715670077E+02
1.850670000E-03 8.006900000E+00 0.000000000E+00 6.699195427E+02
1.855200000E-03 8.006600000E+00 0.000000000E+00 6.682837430E+02
1.859730000E-03 8.006300000E+00 0.000000000E+00 6.666559124E+02
1.864270000E-03 8.006100000E+00 0.000000000E+00 6.650324256E+02
1.868800000E-03 8.005800000E+00 0.000000000E+00 6.634203767E+02
1.873330000E-03 8.005500000E+00 0.000000000E+00 6.618161242E+02
1.877860000E-03 8.005200000E+00 0.000000000E+00 6.602196117E+02
1.882400000E-03 8.004900000E+00 0.000000000E+00 6.586272843E+02
1.886930000E-03 8.004600000E+00 0.000000000E+00 6.570461013E+02
1.891460000E-03 8.004300000E+00 0.000000000E+00 6.554724921E+02
1.893730000E-03 8.004200000E+00 0.000000000E+00 6.546867822E+02
1.896000000E-03 8.004000000E+00 0.000000000E+00 6.539029536E+02
1.897700000E-03 8.003900000E+00 0.000000000E+00 6.533171734E+02
1.900670000E-03 8.003700000E+00 0.000000000E+00 6.522962955E+02
1.902900000E-03 8.003600000E+00 0.000000000E+00 6.515318724E+02
1.904570000E-03 8.003500000E+00 0.000000000E+00 6.509605843E+02
1.907080000E-03 8.003300000E+00 0.000000000E+00 6.501038236E+02
1.908970000E-03 8.003200000E+00 0.000000000E+00 6.494601801E+02
1.910440000E-03 8.003100000E+00 0.000000000E+00 6.489604489E+02
1.912040000E-03 8.003000000E+00 0.000000000E+00 6.484173971E+02
1.915870000E-03 8.002800000E+00 0.000000000E+00 6.471211512E+02
1.917700000E-03 8.002600000E+00 0.000000000E+00 6.465036241E+02
1.920450000E-03 8.002500000E+00 0.000000000E+00 6.455778594E+02
1.921820000E-03 8.002400000E+00 0.000000000E+00 6.451176489E+02
1.927730000E-03 8.002000000E+00 0.000000000E+00 6.431398588E+02
1.928860000E-03 8.001900000E+00 0.000000000E+00 6.427630829E+02
1.930560000E-03 8.001800000E+00 0.000000000E+00 6.421970827E+02
1.932260000E-03 8.001700000E+00 0.000000000E+00 6.416320785E+02
1.936370000E-03 8.001400000E+00 0.000000000E+00 6.402701963E+02
1.938670000E-03 8.001300000E+00 0.000000000E+00 6.395105923E+02
1.940980000E-03 8.001100000E+00 0.000000000E+00 6.387494977E+02
1.943290000E-03 8.001000000E+00 0.000000000E+00 6.379902125E+02
1.945600000E-03 8.000800000E+00 0.000000000E+00 6.372327303E+02
1.947910000E-03 8.000700000E+00 0.000000000E+00 6.364770446E+02
1.950220000E-03 8.000600000E+00 0.000000000E+00 6.357231492E+02
1.954840000E-03 8.000300000E+00 0.000000000E+00 6.342207035E+02
1.959460000E-03 8.000000000E+00 0.000000000E+00 6.327253427E+02
1.960030000E-03 7.999900000E+00 0.000000000E+00 6.325413387E+02
1.961040000E-03 7.999900000E+00 0.000000000E+00 6.322155591E+02
1.962560000E-03 7.999800000E+00 0.000000000E+00 6.317259090E+02
1.966380000E-03 7.999500000E+00 0.000000000E+00 6.304986829E+02
1.968120000E-03 7.999400000E+00 0.000000000E+00 6.299412637E+02
1.968690000E-03 7.999400000E+00 0.000000000E+00 6.297588752E+02
1.969280000E-03 7.999300000E+00 0.000000000E+00 6.295701982E+02
1.970440000E-03 7.999300000E+00 0.000000000E+00 6.291995696E+02
1.972760000E-03 7.999100000E+00 0.000000000E+00 6.284596200E+02
1.977350000E-03 7.998800000E+00 0.000000000E+00 6.270007839E+02
1.981880000E-03 7.998500000E+00 0.000000000E+00 6.255676428E+02
1.990790000E-03 7.998000000E+00 0.000000000E+00 6.227678459E+02
1.999420000E-03 7.997400000E+00 0.000000000E+00 6.200798231E+02
2.016140000E-03 7.995900000E+00 0.000000000E+00 6.149374547E+02
2.047490000E-03 7.993100000E+00 0.000000000E+00 6.055218829E+02
2.266960000E-03 7.973000000E+00 0.000000000E+00 5.468998130E+02
2.272540000E-03 7.972300000E+00 0.000000000E+00 5.455569539E+02
2.278120000E-03 7.971700000E+00 0.000000000E+00 5.442206732E+02
2.283700000E-03 7.971100000E+00 0.000000000E+00 5.428909226E+02
2.289280000E-03 7.970500000E+00 0.000000000E+00 5.415676545E+02
2.294860000E-03 7.969900000E+00 0.000000000E+00 5.402508214E+02
2.301690000E-03 7.969100000E+00 0.000000000E+00 5.386476893E+02
2.311600000E-03 7.968000000E+00 0.000000000E+00 5.363384669E+02
2.317180000E-03 7.967400000E+00 0.000000000E+00 5.350469105E+02
2.322760000E-03 7.966800000E+00 0.000000000E+00 5.337615595E+02
2.328340000E-03 7.966200000E+00 0.000000000E+00 5.324823694E+02
2.333920000E-03 7.965500000E+00 0.000000000E+00 5.312092959E+02
2.341340000E-03 7.964700000E+00 0.000000000E+00 5.295258271E+02
2.350660000E-03 7.963700000E+00 0.000000000E+00 5.274263398E+02
2.356240000E-03 7.963100000E+00 0.000000000E+00 5.261772994E+02
2.361820000E-03 7.962400000E+00 0.000000000E+00 5.249341609E+02
2.367400000E-03 7.961800000E+00 0.000000000E+00 5.236968827E+02
2.375340000E-03 7.960900000E+00 0.000000000E+00 5.219463319E+02
2.378560000E-03 7.960600000E+00 0.000000000E+00 5.212397417E+02
2.386670000E-03 7.959700000E+00 0.000000000E+00 5.194685482E+02
2.392330000E-03 7.959000000E+00 0.000000000E+00 5.182395405E+02
2.398000000E-03 7.958400000E+00 0.000000000E+00 5.170141785E+02
2.403660000E-03 7.957800000E+00 0.000000000E+00 5.157967433E+02
2.409330000E-03 7.957200000E+00 0.000000000E+00 5.145828923E+02
2.414990000E-03 7.956500000E+00 0.000000000E+00 5.133768670E+02
2.503540000E-03 7.946700000E+00 0.000000000E+00 4.952187702E+02
2.509700000E-03 7.945900000E+00 0.000000000E+00 4.940032673E+02
2.515860000E-03 7.945200000E+00 0.000000000E+00 4.927937167E+02
2.522030000E-03 7.944400000E+00 0.000000000E+00 4.915881254E+02
2.528190000E-03 7.943700000E+00 0.000000000E+00 4.903903583E+02
2.534350000E-03 7.943000000E+00 0.000000000E+00 4.891984138E+02
2.540510000E-03 7.942200000E+00 0.000000000E+00 4.880122495E+02
2.546670000E-03 7.941500000E+00 0.000000000E+00 4.868318235E+02
2.552840000E-03 7.940700000E+00 0.000000000E+00 4.856551919E+02
2.559000000E-03 7.940000000E+00 0.000000000E+00 4.844861274E+02
2.565160000E-03 7.939200000E+00 0.000000000E+00 4.833226777E+02
2.568770000E-03 7.938800000E+00 0.000000000E+00 4.826434441E+02
2.571320000E-03 7.938500000E+00 0.000000000E+00 4.821648025E+02
2.581420000E-03 7.937300000E+00 0.000000000E+00 4.802782964E+02
2.587740000E-03 7.936500000E+00 0.000000000E+00 4.791053197E+02
2.594060000E-03 7.935700000E+00 0.000000000E+00 4.779380585E+02
2.600390000E-03 7.935000000E+00 0.000000000E+00 4.767746377E+02
2.620620000E-03 7.932500000E+00 0.000000000E+00 4.730941533E+02
2.625680000E-03 7.931900000E+00 0.000000000E+00 4.721824442E+02
2.632000000E-03 7.931200000E+00 0.000000000E+00 4.710486322E+02
2.638320000E-03 7.930400000E+00 0.000000000E+00 4.699202523E+02
2.644650000E-03 7.929600000E+00 0.000000000E+00 4.687954928E+02
2.663610000E-03 7.927200000E+00 0.000000000E+00 4.654585318E+02
2.669940000E-03 7.926300000E+00 0.000000000E+00 4.643550042E+02
2.676260000E-03 7.925400000E+00 0.000000000E+00 4.632584278E+02
2.682580000E-03 7.924500000E+00 0.000000000E+00 4.621670183E+02
2.695230000E-03 7.922700000E+00 0.000000000E+00 4.599978481E+02
2.703260000E-03 7.921600000E+00 0.000000000E+00 4.586314302E+02
2.712790000E-03 7.920200000E+00 0.000000000E+00 4.570202633E+02
2.766820000E-03 7.912600000E+00 0.000000000E+00 4.480956477E+02
2.807340000E-03 7.906900000E+00 0.000000000E+00 4.416280180E+02
2.837730000E-03 7.902600000E+00 0.000000000E+00 4.368985069E+02
2.883310000E-03 7.896200000E+00 0.000000000E+00 4.299919190E+02
2.906110000E-03 7.892900000E+00 0.000000000E+00 4.266184005E+02
2.928900000E-03 7.889700000E+00 0.000000000E+00 4.232988494E+02
2.936110000E-03 7.888700000E+00 0.000000000E+00 4.222593840E+02
2.943320000E-03 7.887700000E+00 0.000000000E+00 4.212250112E+02
2.950530000E-03 7.886600000E+00 0.000000000E+00 4.201956937E+02
2.958230000E-03 7.885400000E+00 0.000000000E+00 4.191019630E+02
2.964940000E-03 7.884100000E+00 0.000000000E+00 4.181534871E+02
2.976400000E-03 7.881900000E+00 0.000000000E+00 4.165434753E+02
2.991050000E-03 7.879100000E+00 0.000000000E+00 4.145032681E+02
2.998380000E-03 7.877700000E+00 0.000000000E+00 4.134899512E+02
3.001780000E-03 7.877000000E+00 0.000000000E+00 4.130216072E+02
3.005700000E-03 7.876300000E+00 0.000000000E+00 4.124829491E+02
3.010870000E-03 7.875300000E+00 0.000000000E+00 4.117746698E+02
3.025690000E-03 7.872400000E+00 0.000000000E+00 4.097577743E+02
3.033100000E-03 7.871000000E+00 0.000000000E+00 4.087567175E+02
3.040510000E-03 7.869500000E+00 0.000000000E+00 4.077605402E+02
3.047930000E-03 7.868100000E+00 0.000000000E+00 4.067678720E+02
3.054410000E-03 7.866900000E+00 0.000000000E+00 4.059049047E+02
3.060890000E-03 7.865600000E+00 0.000000000E+00 4.050455913E+02
3.066270000E-03 7.864600000E+00 0.000000000E+00 4.043349085E+02
3.068950000E-03 7.864100000E+00 0.000000000E+00 4.039818179E+02
3.074600000E-03 7.863000000E+00 0.000000000E+00 4.032394458E+02
3.076090000E-03 7.862700000E+00 0.000000000E+00 4.030441242E+02
3.077570000E-03 7.862400000E+00 0.000000000E+00 4.028503007E+02
3.085790000E-03 7.860800000E+00 0.000000000E+00 4.017771786E+02
3.086260000E-03 7.860700000E+00 0.000000000E+00 4.017159928E+02
3.087150000E-03 7.860500000E+00 0.000000000E+00 4.016001814E+02
3.087930000E-03 7.860400000E+00 0.000000000E+00 4.014987386E+02
3.088100000E-03 7.860400000E+00 0.000000000E+00 4.014766361E+02
3.089420000E-03 7.860100000E+00 0.000000000E+00 4.013050993E+02
3.092390000E-03 7.859500000E+00 0.000000000E+00 4.009196770E+02
3.094330000E-03 7.859200000E+00 0.000000000E+00 4.006683192E+02
3.097650000E-03 7.858500000E+00 0.000000000E+00 4.002388908E+02
3.100980000E-03 7.857900000E+00 0.000000000E+00 3.998090926E+02
3.103890000E-03 7.857300000E+00 0.000000000E+00 3.994342583E+02
3.108250000E-03 7.856500000E+00 0.000000000E+00 3.988739644E+02
3.112610000E-03 7.855600000E+00 0.000000000E+00 3.983152403E+02
3.117770000E-03 7.854600000E+00 0.000000000E+00 3.976560170E+02
3.122920000E-03 7.853700000E+00 0.000000000E+00 3.970002434E+02
3.129450000E-03 7.852400000E+00 0.000000000E+00 3.961718513E+02
3.136860000E-03 7.851000000E+00 0.000000000E+00 3.952360003E+02
3.144270000E-03 7.849500000E+00 0.000000000E+00 3.943045604E+02
3.159090000E-03 7.846700000E+00 0.000000000E+00 3.924547892E+02
3.161510000E-03 7.846200000E+00 0.000000000E+00 3.921543819E+02
3.163930000E-03 7.845700000E+00 0.000000000E+00 3.918544342E+02
3.171140000E-03 7.844400000E+00 0.000000000E+00 3.909635021E+02
3.178910000E-03 7.842900000E+00 0.000000000E+00 3.900078958E+02
3.187180000E-03 7.841300000E+00 0.000000000E+00 3.889959149E+02
3.194930000E-03 7.839800000E+00 0.000000000E+00 3.880523204E+02
3.200640000E-03 7.838700000E+00 0.000000000E+00 3.873600280E+02
3.209190000E-03 7.837000000E+00 0.000000000E+00 3.863280142E+02
3.213470000E-03 7.836200000E+00 0.000000000E+00 3.858134664E+02
3.217750000E-03 7.835400000E+00 0.000000000E+00 3.853002875E+02
3.221840000E-03 7.834600000E+00 0.000000000E+00 3.848111638E+02
3.223880000E-03 7.834200000E+00 0.000000000E+00 3.845676638E+02
3.224910000E-03 7.834000000E+00 0.000000000E+00 3.844448372E+02
3.230290000E-03 7.833000000E+00 0.000000000E+00 3.838045501E+02
3.233680000E-03 7.832300000E+00 0.000000000E+00 3.834021919E+02
3.241430000E-03 7.830800000E+00 0.000000000E+00 3.824855079E+02
3.249180000E-03 7.829300000E+00 0.000000000E+00 3.815731969E+02
3.260650000E-03 7.827100000E+00 0.000000000E+00 3.802309355E+02
3.272120000E-03 7.824900000E+00 0.000000000E+00 3.788980844E+02
3.280180000E-03 7.823200000E+00 0.000000000E+00 3.779670628E+02
3.287930000E-03 7.821600000E+00 0.000000000E+00 3.770761543E+02
3.295680000E-03 7.819900000E+00 0.000000000E+00 3.761894359E+02
3.303530000E-03 7.818200000E+00 0.000000000E+00 3.752955172E+02
3.310950000E-03 7.816600000E+00 0.000000000E+00 3.744544617E+02
3.319480000E-03 7.814800000E+00 0.000000000E+00 3.734922337E+02
3.327450000E-03 7.813100000E+00 0.000000000E+00 3.725976348E+02
3.335430000E-03 7.811400000E+00 0.000000000E+00 3.717061968E+02
3.343400000E-03 7.809600000E+00 0.000000000E+00 3.708201232E+02
3.359350000E-03 7.806200000E+00 0.000000000E+00 3.690594907E+02
3.367330000E-03 7.804500000E+00 0.000000000E+00 3.681848824E+02
3.375300000E-03 7.802800000E+00 0.000000000E+00 3.673154979E+02
3.383270000E-03 7.801100000E+00 0.000000000E+00 3.664502094E+02
3.393320000E-03 7.798900000E+00 0.000000000E+00 3.653648934E+02
3.399220000E-03 7.797600000E+00 0.000000000E+00 3.647307323E+02
3.401660000E-03 7.797100000E+00 0.000000000E+00 3.644691121E+02
3.409990000E-03 7.795300000E+00 0.000000000E+00 3.635787788E+02
3.413780000E-03 7.794500000E+00 0.000000000E+00 3.631751314E+02
3.417580000E-03 7.793400000E+00 0.000000000E+00 3.627713177E+02
3.422120000E-03 7.792100000E+00 0.000000000E+00 3.622900424E+02
3.434610000E-03 7.788400000E+00 0.000000000E+00 3.609725704E+02
3.442940000E-03 7.786000000E+00 0.000000000E+00 3.600992175E+02
3.451650000E-03 7.783500000E+00 0.000000000E+00 3.591905321E+02
3.459980000E-03 7.781000000E+00 0.000000000E+00 3.583257707E+02
3.464140000E-03 7.779800000E+00 0.000000000E+00 3.578954661E+02
3.468310000E-03 7.778600000E+00 0.000000000E+00 3.574651631E+02
3.472480000E-03 7.777400000E+00 0.000000000E+00 3.570358937E+02
3.476640000E-03 7.776200000E+00 0.000000000E+00 3.566086796E+02
3.480810000E-03 7.775000000E+00 0.000000000E+00 3.561814635E+02
3.484970000E-03 7.773800000E+00 0.000000000E+00 3.557562906E+02
3.491220000E-03 7.771900000E+00 0.000000000E+00 3.551194138E+02
3.494350000E-03 7.771000000E+00 0.000000000E+00 3.548013221E+02
3.498030000E-03 7.770000000E+00 0.000000000E+00 3.544280638E+02
3.499860000E-03 7.769400000E+00 0.000000000E+00 3.542427411E+02
3.500320000E-03 7.769300000E+00 0.000000000E+00 3.541961878E+02
3.500490000E-03 7.769200000E+00 0.000000000E+00 3.541789864E+02
3.500650000E-03 7.769200000E+00 0.000000000E+00 3.541627983E+02
3.500910000E-03 7.769100000E+00 0.000000000E+00 3.541364959E+02
3.501300000E-03 7.769000000E+00 0.000000000E+00 3.540970497E+02
3.501500000E-03 7.768900000E+00 0.000000000E+00 3.540768242E+02
3.502000000E-03 7.768800000E+00 0.000000000E+00 3.540262707E+02
3.502570000E-03 7.768600000E+00 0.000000000E+00 3.539686573E+02
3.511150000E-03 7.766100000E+00 0.000000000E+00 3.531036840E+02
3.513310000E-03 7.765500000E+00 0.000000000E+00 3.528865941E+02
3.519790000E-03 7.763600000E+00 0.000000000E+00 3.522369232E+02
3.523490000E-03 7.762500000E+00 0.000000000E+00 3.518670409E+02
3.529030000E-03 7.760900000E+00 0.000000000E+00 3.513146672E+02
3.534580000E-03 7.759300000E+00 0.000000000E+00 3.507630327E+02
3.539170000E-03 7.758000000E+00 0.000000000E+00 3.503081231E+02
3.543760000E-03 7.756600000E+00 0.000000000E+00 3.498543919E+02
3.552170000E-03 7.754200000E+00 0.000000000E+00 3.490260883E+02
3.560580000E-03 7.751700000E+00 0.000000000E+00 3.482016975E+02
3.569000000E-03 7.749300000E+00 0.000000000E+00 3.473802185E+02
3.582600000E-03 7.745300000E+00 0.000000000E+00 3.460615196E+02
3.585820000E-03 7.744400000E+00 0.000000000E+00 3.457507627E+02
3.591690000E-03 7.742700000E+00 0.000000000E+00 3.451856925E+02
3.597570000E-03 7.741000000E+00 0.000000000E+00 3.446215084E+02
3.608990000E-03 7.737600000E+00 0.000000000E+00 3.435310156E+02
3.619220000E-03 7.734700000E+00 0.000000000E+00 3.425599991E+02
3.629510000E-03 7.731700000E+00 0.000000000E+00 3.415888095E+02
3.641160000E-03 7.728300000E+00 0.000000000E+00 3.404958859E+02
3.646950000E-03 7.726100000E+00 0.000000000E+00 3.399553051E+02
3.655670000E-03 7.722700000E+00 0.000000000E+00 3.391443976E+02
3.664390000E-03 7.719400000E+00 0.000000000E+00 3.383373495E+02
3.684440000E-03 7.711700000E+00 0.000000000E+00 3.364961840E+02
3.696960000E-03 7.706900000E+00 0.000000000E+00 3.353566173E+02
3.704920000E-03 7.703900000E+00 0.000000000E+00 3.346361055E+02
3.708530000E-03 7.702500000E+00 0.000000000E+00 3.343103602E+02
3.714550000E-03 7.700200000E+00 0.000000000E+00 3.337685588E+02
3.721990000E-03 7.697400000E+00 0.000000000E+00 3.331013786E+02
3.726790000E-03 7.695500000E+00 0.000000000E+00 3.326723534E+02
3.731310000E-03 7.693800000E+00 0.000000000E+00 3.322693638E+02
3.735910000E-03 7.692000000E+00 0.000000000E+00 3.318602429E+02
3.745040000E-03 7.688500000E+00 0.000000000E+00 3.310512037E+02
3.748890000E-03 7.687100000E+00 0.000000000E+00 3.307112239E+02
3.754980000E-03 7.684700000E+00 0.000000000E+00 3.301748611E+02
3.758090000E-03 7.683100000E+00 0.000000000E+00 3.299016256E+02
3.792600000E-03 7.664100000E+00 0.000000000E+00 3.268997521E+02
3.801910000E-03 7.658700000E+00 0.000000000E+00 3.260992501E+02
3.839550000E-03 7.637300000E+00 0.000000000E+00 3.229024235E+02
3.857110000E-03 7.627200000E+00 0.000000000E+00 3.214323678E+02
3.897810000E-03 7.598200000E+00 7.595270000E-06 3.180760478E+02
3.912440000E-03 7.585200000E+00 4.716060000E-05 3.168866487E+02
3.925050000E-03 7.572500000E+00 1.925930000E-04 3.158685877E+02
3.940260000E-03 7.554700000E+00 8.625700000E-04 3.146492871E+02
3.974690000E-03 7.499800000E+00 1.204740000E-02 3.119236972E+02
3.995980000E-03 7.458100000E+00 3.781960000E-02 3.102618131E+02
4.013220000E-03 7.429200000E+00 7.482950000E-02 3.089289897E+02
4.025160000E-03 7.417800000E+00 1.071500000E-01 3.080126007E+02
4.033310000E-03 7.414400000E+00 1.301830000E-01 3.073902080E+02
4.043600000E-03 7.415600000E+00 1.587100000E-01 3.066079731E+02
4.073770000E-03 7.447100000E+00 2.200740000E-01 3.043372601E+02
4.091770000E-03 7.470500000E+00 2.376610000E-01 3.029984579E+02
4.106660000E-03 7.486700000E+00 2.451010000E-01 3.018998407E+02
4.140640000E-03 7.509700000E+00 2.517410000E-01 2.994223115E+02
4.162730000E-03 7.518100000E+00 2.543780000E-01 2.978333930E+02
4.187760000E-03 7.520500000E+00 2.568630000E-01 2.960532600E+02
4.217460000E-03 7.523300000E+00 2.598130000E-01 2.939684075E+02
4.273210000E-03 7.526800000E+00 2.653700000E-01 2.901331786E+02
4.295670000E-03 7.523200000E+00 2.676430000E-01 2.886162112E+02
4.343570000E-03 7.510300000E+00 2.727490000E-01 2.854334108E+02
4.382170000E-03 7.488000000E+00 2.808890000E-01 2.829191930E+02
4.494350000E-03 7.466600000E+00 4.094920000E-01 2.758574655E+02
4.793980000E-03 7.565100000E+00 4.731040000E-01 2.586160143E+02
4.843390000E-03 7.572000000E+00 4.806180000E-01 2.559777346E+02
4.852470000E-03 7.573200000E+00 4.819840000E-01 2.554987460E+02
4.876360000E-03 7.576000000E+00 4.854660000E-01 2.542470203E+02
4.888300000E-03 7.577400000E+00 4.872060000E-01 2.536260050E+02
4.900250000E-03 7.578700000E+00 4.889400000E-01 2.530074996E+02
4.912190000E-03 7.579600000E+00 4.906450000E-01 2.523925174E+02
4.923540000E-03 7.580400000E+00 4.922650000E-01 2.518106891E+02
4.934890000E-03 7.581300000E+00 4.938850000E-01 2.512315371E+02
4.948020000E-03 7.582200000E+00 4.957600000E-01 2.505648724E+02
4.959970000E-03 7.583100000E+00 4.974650000E-01 2.499611893E+02
4.971910000E-03 7.584000000E+00 4.991700000E-01 2.493609096E+02
4.983850000E-03 7.584900000E+00 5.008750000E-01 2.487635061E+02
4.998360000E-03 7.585900000E+00 5.029470000E-01 2.480413576E+02
5.014270000E-03 7.587100000E+00 5.052180000E-01 2.472543361E+02
5.031630000E-03 7.588400000E+00 5.076950000E-01 2.464012656E+02
5.043570000E-03 7.589000000E+00 5.094000000E-01 2.458179424E+02
5.055520000E-03 7.589300000E+00 5.111060000E-01 2.452368896E+02
5.067460000E-03 7.589600000E+00 5.128110000E-01 2.446590600E+02
5.091350000E-03 7.590300000E+00 5.162210000E-01 2.435110531E+02
5.128610000E-03 7.591300000E+00 5.215410000E-01 2.417419145E+02
5.238380000E-03 7.592100000E+00 5.366550000E-01 2.366762243E+02
5.266970000E-03 7.592100000E+00 5.404790000E-01 2.353915059E+02
5.288410000E-03 7.592000000E+00 5.433470000E-01 2.344371938E+02
5.304490000E-03 7.592000000E+00 5.454980000E-01 2.337265222E+02
5.328620000E-03 7.592000000E+00 5.487240000E-01 2.326681205E+02
5.340680000E-03 7.592000000E+00 5.503380000E-01 2.321427234E+02
5.346710000E-03 7.592000000E+00 5.511440000E-01 2.318809137E+02
5.349720000E-03 7.592000000E+00 5.515480000E-01 2.317504468E+02
5.352750000E-03 7.592000000E+00 5.519520000E-01 2.316192611E+02
5.356040000E-03 7.592000000E+00 5.523930000E-01 2.314769867E+02
5.365920000E-03 7.592000000E+00 5.537140000E-01 2.310507797E+02
5.372510000E-03 7.592000000E+00 5.545950000E-01 2.307673694E+02
5.375810000E-03 7.592000000E+00 5.550360000E-01 2.306257104E+02
5.378280000E-03 7.592000000E+00 5.553660000E-01 2.305197944E+02
5.379920000E-03 7.592000000E+00 5.555870000E-01 2.304495234E+02
5.382820000E-03 7.592000000E+00 5.559740000E-01 2.303253685E+02
5.391090000E-03 7.592000000E+00 5.570810000E-01 2.299720465E+02
5.392270000E-03 7.592000000E+00 5.572390000E-01 2.299217213E+02
5.393920000E-03 7.592000000E+00 5.574590000E-01 2.298513882E+02
5.405450000E-03 7.592000000E+00 5.590010000E-01 2.293611078E+02
5.408740000E-03 7.592000000E+00 5.594420000E-01 2.292215932E+02
5.418620000E-03 7.591900000E+00 5.607630000E-01 2.288036437E+02
5.421550000E-03 7.591900000E+00 5.611550000E-01 2.286799900E+02
5.426680000E-03 7.591900000E+00 5.618400000E-01 2.284638121E+02
5.430520000E-03 7.591900000E+00 5.623550000E-01 2.283022620E+02
5.436290000E-03 7.591900000E+00 5.631140000E-01 2.280599453E+02
5.439170000E-03 7.591900000E+00 5.634910000E-01 2.279391893E+02
5.442060000E-03 7.591900000E+00 5.638680000E-01 2.278181424E+02
5.446080000E-03 7.591800000E+00 5.643940000E-01 2.276499794E+02
5.449100000E-03 7.591800000E+00 5.647890000E-01 2.275238113E+02
5.451360000E-03 7.591800000E+00 5.650850000E-01 2.274294855E+02
5.454330000E-03 7.591800000E+00 5.654730000E-01 2.273056452E+02
5.456230000E-03 7.591700000E+00 5.657210000E-01 2.272264916E+02
5.457670000E-03 7.591700000E+00 5.659100000E-01 2.271665381E+02
5.458150000E-03 7.591700000E+00 5.659720000E-01 2.271465606E+02
5.464740000E-03 7.591700000E+00 5.668330000E-01 2.268726417E+02
5.468030000E-03 7.591600000E+00 5.672640000E-01 2.267361371E+02
5.469680000E-03 7.591600000E+00 5.674790000E-01 2.266677392E+02
5.471320000E-03 7.591600000E+00 5.676950000E-01 2.265997968E+02
5.484500000E-03 7.591500000E+00 5.694170000E-01 2.260552466E+02
5.497680000E-03 7.591400000E+00 5.711400000E-01 2.255133074E+02
5.510850000E-03 7.591300000E+00 5.728620000E-01 2.249743687E+02
5.520270000E-03 7.591200000E+00 5.740940000E-01 2.245904639E+02
5.529690000E-03 7.591100000E+00 5.753250000E-01 2.242078670E+02
5.540030000E-03 7.591100000E+00 5.766770000E-01 2.237894019E+02
5.550380000E-03 7.591000000E+00 5.780290000E-01 2.233720934E+02
5.563550000E-03 7.590400000E+00 5.797270000E-01 2.228433285E+02
5.576730000E-03 7.589300000E+00 5.813770000E-01 2.223166623E+02
5.589900000E-03 7.588100000E+00 5.830260000E-01 2.217928764E+02
5.616250000E-03 7.585900000E+00 5.863260000E-01 2.207522813E+02
5.636120000E-03 7.584200000E+00 5.888140000E-01 2.199740247E+02
5.651580000E-03 7.582900000E+00 5.907500000E-01 2.193722817E+02
5.679400000E-03 7.580500000E+00 5.942340000E-01 2.182977075E+02
5.693320000E-03 7.579300000E+00 5.959760000E-01 2.177639760E+02
5.707230000E-03 7.578100000E+00 5.977180000E-01 2.172332287E+02
5.721140000E-03 7.576900000E+00 5.994600000E-01 2.167050623E+02
5.740510000E-03 7.575200000E+00 6.018850000E-01 2.159738420E+02
5.754400000E-03 7.574000000E+00 6.036250000E-01 2.154525233E+02
5.762870000E-03 7.573300000E+00 6.046610000E-01 2.151358611E+02
5.776780000E-03 7.572000000E+00 6.063620000E-01 2.146178321E+02
5.790690000E-03 7.570800000E+00 6.080640000E-01 2.141022918E+02
5.804600000E-03 7.569500000E+00 6.097650000E-01 2.135892223E+02
5.818510000E-03 7.568100000E+00 6.114670000E-01 2.130786060E+02
5.835740000E-03 7.563800000E+00 6.135750000E-01 2.124494923E+02
5.852970000E-03 7.559600000E+00 6.156820000E-01 2.118240825E+02
5.862220000E-03 7.557300000E+00 6.168140000E-01 2.114898451E+02
5.874150000E-03 7.554400000E+00 6.182730000E-01 2.110603236E+02
5.888060000E-03 7.551000000E+00 6.199750000E-01 2.105617130E+02
5.901980000E-03 7.547600000E+00 6.216760000E-01 2.100650968E+02
5.929800000E-03 7.540800000E+00 6.250790000E-01 2.090795642E+02
5.950390000E-03 7.535700000E+00 6.275980000E-01 2.083560909E+02
5.964380000E-03 7.532300000E+00 6.293090000E-01 2.078673726E+02
5.977090000E-03 7.529100000E+00 6.308640000E-01 2.074253525E+02
5.991450000E-03 7.525600000E+00 6.326210000E-01 2.069282060E+02
6.009460000E-03 7.521200000E+00 6.348240000E-01 2.063080543E+02
6.035110000E-03 7.514900000E+00 6.379090000E-01 2.054312183E+02
6.051940000E-03 7.510700000E+00 6.398720000E-01 2.048599292E+02
6.064250000E-03 7.507600000E+00 6.413090000E-01 2.044440780E+02
6.083630000E-03 7.501500000E+00 6.435720000E-01 2.037928013E+02
6.117440000E-03 7.484400000E+00 6.475270000E-01 2.026664749E+02
6.152780000E-03 7.461400000E+00 6.518020000E-01 2.015024103E+02
6.186110000E-03 7.431700000E+00 6.569630000E-01 2.004167401E+02
6.246800000E-03 7.342600000E+00 6.897230000E-01 1.984696164E+02
6.309100000E-03 7.243800000E+00 8.322190000E-01 1.965098033E+02
6.389960000E-03 7.335800000E+00 1.077760000E+00 1.940231238E+02
6.488090000E-03 7.529900000E+00 1.132380000E+00 1.910885946E+02
6.759980000E-03 7.729900000E+00 1.108070000E+00 1.834029095E+02
7.200000000E-03 7.866500000E+00 1.083070000E+00 1.721944444E+02
8.616090000E-03 8.016200000E+00 1.073060000E+00 1.438935759E+02
1.087150000E-02 8.065200000E+00 1.144960000E+00 1.140413006E+02
1.168990000E-02 8.080900000E+00 1.176920000E+00 1.060573658E+02
1.204600000E-02 8.088500000E+00 1.189050000E+00 1.029221318E+02
1.256470000E-02 8.100500000E+00 1.205180000E+00 9.867326717E+01
1.284100000E-02 8.107100000E+00 1.213490000E+00 9.655011292E+01
1.302520000E-02 8.111700000E+00 1.218450000E+00 9.518471885E+01
1.315200000E-02 8.114800000E+00 1.220910000E+00 9.426703163E+01
1.324720000E-02 8.117200000E+00 1.222680000E+00 9.358958874E+01
1.327900000E-02 8.118000000E+00 1.223290000E+00 9.336546427E+01
1.331870000E-02 8.118900000E+00 1.224050000E+00 9.308716316E+01
1.334250000E-02 8.119500000E+00 1.224500000E+00 9.292111673E+01
1.337420000E-02 8.120300000E+00 1.225120000E+00 9.270087183E+01
1.340600000E-02 8.121100000E+00 1.225750000E+00 9.248097867E+01
1.343770000E-02 8.121900000E+00 1.226380000E+00 9.226281283E+01
1.346950000E-02 8.122700000E+00 1.227010000E+00 9.204499053E+01
1.350120000E-02 8.123500000E+00 1.227630000E+00 9.182887447E+01
1.353300000E-02 8.124300000E+00 1.228260000E+00 9.161309392E+01
1.360750000E-02 8.126100000E+00 1.229750000E+00 9.111151938E+01
1.364100000E-02 8.127000000E+00 1.230440000E+00 9.088776483E+01
1.367450000E-02 8.127800000E+00 1.231120000E+00 9.066510659E+01
1.370790000E-02 8.128700000E+00 1.231810000E+00 9.044419641E+01
1.377490000E-02 8.130300000E+00 1.233180000E+00 9.000428315E+01
1.384190000E-02 8.132000000E+00 1.234570000E+00 8.956862858E+01
1.387540000E-02 8.132900000E+00 1.235270000E+00 8.935237903E+01
1.390890000E-02 8.133700000E+00 1.235980000E+00 8.913717116E+01
1.394240000E-02 8.134500000E+00 1.236680000E+00 8.892299748E+01
1.398630000E-02 8.135600000E+00 1.237610000E+00 8.864388723E+01
1.400940000E-02 8.136200000E+00 1.238110000E+00 8.849772296E+01
1.405010000E-02 8.137300000E+00 1.238990000E+00 8.824136483E+01
1.407060000E-02 8.137800000E+00 1.239300000E+00 8.811280258E+01
1.408450000E-02 8.138100000E+00 1.239510000E+00 8.802584401E+01
1.409840000E-02 8.138500000E+00 1.239720000E+00 8.793905691E+01
1.412120000E-02 8.139100000E+00 1.240060000E+00 8.779707107E+01
1.416780000E-02 8.140300000E+00 1.240770000E+00 8.750829345E+01
1.420250000E-02 8.141200000E+00 1.241300000E+00 8.729449041E+01
1.423720000E-02 8.142000000E+00 1.241850000E+00 8.708172955E+01
1.427190000E-02 8.142900000E+00 1.242390000E+00 8.687000329E+01
1.429330000E-02 8.143500000E+00 1.242730000E+00 8.673994109E+01
1.431460000E-02 8.144000000E+00 1.243040000E+00 8.661087282E+01
1.434530000E-02 8.144700000E+00 1.243190000E+00 8.642551916E+01
1.436070000E-02 8.145100000E+00 1.243260000E+00 8.633283893E+01
1.437600000E-02 8.145400000E+00 1.243330000E+00 8.624095715E+01
1.440200000E-02 8.146000000E+00 1.243460000E+00 8.608526594E+01
1.440640000E-02 8.146100000E+00 1.243480000E+00 8.605897379E+01
1.441500000E-02 8.146300000E+00 1.243520000E+00 8.600763094E+01
1.443400000E-02 8.146700000E+00 1.243620000E+00 8.589441596E+01
1.443690000E-02 8.146800000E+00 1.243640000E+00 8.587716199E+01
1.443900000E-02 8.146900000E+00 1.243650000E+00 8.586467207E+01
1.444010000E-02 8.146900000E+00 1.243660000E+00 8.585813118E+01
1.444150000E-02 8.146900000E+00 1.243660000E+00 8.584980785E+01
1.444340000E-02 8.147000000E+00 1.243670000E+00 8.583851448E+01
1.444440000E-02 8.147000000E+00 1.243680000E+00 8.583257179E+01
1.444660000E-02 8.147000000E+00 1.243690000E+00 8.581950078E+01
1.444910000E-02 8.147100000E+00 1.243700000E+00 8.580465219E+01
1.448530000E-02 8.147900000E+00 1.243890000E+00 8.559021905E+01
1.449390000E-02 8.148100000E+00 1.243940000E+00 8.553943383E+01
1.451950000E-02 8.148700000E+00 1.244070000E+00 8.538861531E+01
1.453950000E-02 8.149200000E+00 1.244180000E+00 8.527115788E+01
1.455950000E-02 8.149600000E+00 1.244280000E+00 8.515402315E+01
1.458920000E-02 8.150300000E+00 1.244440000E+00 8.498067063E+01
1.460400000E-02 8.150700000E+00 1.244520000E+00 8.489454944E+01
1.461890000E-02 8.151000000E+00 1.244600000E+00 8.480802249E+01
1.465360000E-02 8.151800000E+00 1.244780000E+00 8.460719550E+01
1.468830000E-02 8.152600000E+00 1.244980000E+00 8.440731739E+01
1.472300000E-02 8.153400000E+00 1.245180000E+00 8.420838144E+01
1.477400000E-02 8.154600000E+00 1.245470000E+00 8.391769324E+01
1.479240000E-02 8.155000000E+00 1.245580000E+00 8.381330954E+01
1.480970000E-02 8.155400000E+00 1.245680000E+00 8.371540274E+01
1.484550000E-02 8.156200000E+00 1.245880000E+00 8.351352262E+01
1.489250000E-02 8.157300000E+00 1.246150000E+00 8.324995803E+01
1.495270000E-02 8.158700000E+00 1.246530000E+00 8.291479131E+01
1.505990000E-02 8.161200000E+00 1.247200000E+00 8.232458383E+01
1.520290000E-02 8.164600000E+00 1.248120000E+00 8.155023055E+01
1.523320000E-02 8.165300000E+00 1.248330000E+00 8.138802090E+01
1.527060000E-02 8.166200000E+00 1.248580000E+00 8.118868938E+01
1.528940000E-02 8.166600000E+00 1.248710000E+00 8.108885895E+01
1.531090000E-02 8.167100000E+00 1.248850000E+00 8.097499167E+01
1.532450000E-02 8.167400000E+00 1.248840000E+00 8.090312898E+01
1.532980000E-02 8.167500000E+00 1.248840000E+00 8.087515819E+01
1.533770000E-02 8.167700000E+00 1.248830000E+00 8.083350176E+01
1.534560000E-02 8.167900000E+00 1.248830000E+00 8.079188823E+01
1.535500000E-02 8.168100000E+00 1.248820000E+00 8.074242918E+01
1.536910000E-02 8.168400000E+00 1.248810000E+00 8.066835404E+01
1.538310000E-02 8.168700000E+00 1.248790000E+00 8.059493860E+01
1.539410000E-02 8.168900000E+00 1.248790000E+00 8.053734872E+01
1.539690000E-02 8.169000000E+00 1.248780000E+00 8.052270262E+01
1.540150000E-02 8.169100000E+00 1.248780000E+00 8.049865273E+01
1.540860000E-02 8.169200000E+00 1.248780000E+00 8.046156043E+01
1.545810000E-02 8.170300000E+00 1.248760000E+00 8.020390604E+01
1.547730000E-02 8.170800000E+00 1.248750000E+00 8.010441098E+01
1.551520000E-02 8.171600000E+00 1.248740000E+00 7.990873466E+01
1.555310000E-02 8.172400000E+00 1.248720000E+00 7.971401200E+01
1.559110000E-02 8.173300000E+00 1.248710000E+00 7.951972600E+01
1.560760000E-02 8.173700000E+00 1.248700000E+00 7.943565955E+01
1.563240000E-02 8.174200000E+00 1.248690000E+00 7.930963895E+01
1.565720000E-02 8.174800000E+00 1.248680000E+00 7.918401758E+01
1.568470000E-02 8.175400000E+00 1.248670000E+00 7.904518416E+01
1.569840000E-02 8.175700000E+00 1.248670000E+00 7.897620140E+01
1.570530000E-02 8.175800000E+00 1.248670000E+00 7.894150382E+01
1.572740000E-02 8.176300000E+00 1.248670000E+00 7.883057594E+01
1.573510000E-02 8.176500000E+00 1.248670000E+00 7.879200005E+01
1.573890000E-02 8.176600000E+00 1.248670000E+00 7.877297651E+01
1.574080000E-02 8.176600000E+00 1.248670000E+00 7.876346818E+01
1.574270000E-02 8.176700000E+00 1.248670000E+00 7.875396215E+01
1.574390000E-02 8.176700000E+00 1.248670000E+00 7.874795953E+01
1.574620000E-02 8.176700000E+00 1.248670000E+00 7.873645705E+01
1.574830000E-02 8.176800000E+00 1.248670000E+00 7.872595772E+01
1.576450000E-02 8.177100000E+00 1.248670000E+00 7.864505693E+01
1.577660000E-02 8.177400000E+00 1.248670000E+00 7.858473942E+01
1.578060000E-02 8.177500000E+00 1.248670000E+00 7.856482010E+01
1.581850000E-02 8.178300000E+00 1.248660000E+00 7.837658438E+01
1.583000000E-02 8.178600000E+00 1.248660000E+00 7.831964624E+01
1.586460000E-02 8.179400000E+00 1.248660000E+00 7.814883451E+01
1.587940000E-02 8.179700000E+00 1.248660000E+00 7.807599783E+01
1.590150000E-02 8.180200000E+00 1.248660000E+00 7.796748734E+01
1.592360000E-02 8.180700000E+00 1.248670000E+00 7.785927805E+01
1.594690000E-02 8.181200000E+00 1.248680000E+00 7.774551794E+01
1.597010000E-02 8.181700000E+00 1.248680000E+00 7.763257588E+01
1.600810000E-02 8.181600000E+00 1.248700000E+00 7.744829180E+01
1.604640000E-02 8.177900000E+00 1.248710000E+00 7.726343604E+01
1.608390000E-02 8.174300000E+00 1.248720000E+00 7.708329447E+01
1.615970000E-02 8.167000000E+00 1.248760000E+00 7.672172132E+01
1.616950000E-02 8.166100000E+00 1.248770000E+00 7.667522187E+01
1.622820000E-02 8.160400000E+00 1.248800000E+00 7.639787530E+01
1.625110000E-02 8.158100000E+00 1.248640000E+00 7.629022035E+01
1.633190000E-02 8.149900000E+00 1.247800000E+00 7.591278418E+01
1.640920000E-02 8.142000000E+00 1.247010000E+00 7.555517636E+01
1.648820000E-02 8.134000000E+00 1.246210000E+00 7.519316845E+01
1.669840000E-02 8.109800000E+00 1.244110000E+00 7.424663441E+01
1.698570000E-02 8.050700000E+00 1.243550000E+00 7.299080992E+01
1.740050000E-02 7.953900000E+00 1.392370000E+00 7.125082613E+01
1.763760000E-02 8.026000000E+00 1.449630000E+00 7.029301039E+01
1.778310000E-02 8.054900000E+00 1.449880000E+00 6.971787821E+01
1.789990000E-02 8.064200000E+00 1.447360000E+00 6.926295678E+01
1.799970000E-02 8.070700000E+00 1.444810000E+00 6.887892576E+01
1.809340000E-02 8.076500000E+00 1.442110000E+00 6.852222357E+01
1.822850000E-02 8.083700000E+00 1.438230000E+00 6.801437310E+01
1.848240000E-02 8.079700000E+00 1.431180000E+00 6.708003290E+01
1.882960000E-02 8.023900000E+00 1.454890000E+00 6.584314059E+01
1.916470000E-02 8.048000000E+00 1.558250000E+00 6.469185534E+01
2.025020000E-02 8.143600000E+00 1.537280000E+00 6.122408668E+01
2.071330000E-02 8.149600000E+00 1.520830000E+00 5.985526208E+01
2.150970000E-02 8.124400000E+00 1.491770000E+00 5.763911166E+01
2.177260000E-02 8.113000000E+00 1.482340000E+00 5.694313036E+01
2.222840000E-02 8.087900000E+00 1.466230000E+00 5.577549441E+01
2.270000000E-02 8.060700000E+00 1.449580000E+00 5.461674009E+01
2.305620000E-02 8.036800000E+00 1.438020000E+00 5.377295478E+01
2.385000000E-02 7.957400000E+00 1.412320000E+00 5.198322851E+01
2.446440000E-02 7.886300000E+00 1.393710000E+00 5.067771946E+01
2.511890000E-02 7.804100000E+00 1.375150000E+00 4.935725689E+01
2.581630000E-02 7.697900000E+00 1.357460000E+00 4.802392287E+01
2.600160000E-02 7.663500000E+00 1.353050000E+00 4.768168113E+01
2.675320000E-02 7.521300000E+00 1.337070000E+00 4.634211982E+01
2.742960000E-02 7.389100000E+00 1.324930000E+00 4.519934669E+01
2.786120000E-02 7.287200000E+00 1.318150000E+00 4.449916012E+01
2.851020000E-02 7.121100000E+00 1.310170000E+00 4.348619091E+01
2.884030000E-02 7.026200000E+00 1.306880000E+00 4.298845712E+01
2.927900000E-02 6.886700000E+00 1.303820000E+00 4.234434236E+01
2.967320000E-02 6.750400000E+00 1.301480000E+00 4.178180985E+01
2.999790000E-02 6.626700000E+00 1.300400000E+00 4.132955974E+01
3.014310000E-02 6.568600000E+00 1.300260000E+00 4.113047430E+01
3.037540000E-02 6.471200000E+00 1.300130000E+00 4.081592341E+01
3.046260000E-02 6.433000000E+00 1.300090000E+00 4.069908675E+01
3.061260000E-02 6.364500000E+00 1.300120000E+00 4.049966354E+01
3.068750000E-02 6.330200000E+00 1.300220000E+00 4.040081466E+01
3.076250000E-02 6.294300000E+00 1.300320000E+00 4.030231613E+01
3.083750000E-02 6.257000000E+00 1.300450000E+00 4.020429672E+01
3.094260000E-02 6.204600000E+00 1.300780000E+00 4.006773833E+01
3.106240000E-02 6.142500000E+00 1.301390000E+00 3.991320696E+01
3.113740000E-02 6.102000000E+00 1.301820000E+00 3.981706886E+01
3.121390000E-02 6.059900000E+00 1.302260000E+00 3.971948395E+01
3.128740000E-02 6.018200000E+00 1.302690000E+00 3.962617539E+01
3.132680000E-02 5.995300000E+00 1.302910000E+00 3.957633719E+01
3.136620000E-02 5.972000000E+00 1.303140000E+00 3.952662420E+01
3.146290000E-02 5.913800000E+00 1.303700000E+00 3.940514066E+01
3.152060000E-02 5.877400000E+00 1.304030000E+00 3.933300762E+01
3.159780000E-02 5.826700000E+00 1.304480000E+00 3.923690890E+01
3.167500000E-02 5.775800000E+00 1.305030000E+00 3.914127861E+01
3.175220000E-02 5.721700000E+00 1.305630000E+00 3.904611334E+01
3.179080000E-02 5.694600000E+00 1.305930000E+00 3.899870403E+01
3.182940000E-02 5.666700000E+00 1.306250000E+00 3.895140970E+01
3.189580000E-02 5.615700000E+00 1.306820000E+00 3.887032148E+01
3.192900000E-02 5.590100000E+00 1.307100000E+00 3.882990385E+01
3.196220000E-02 5.564600000E+00 1.307380000E+00 3.878957018E+01
3.199330000E-02 5.540700000E+00 1.307660000E+00 3.875186367E+01
3.203270000E-02 5.510200000E+00 1.308130000E+00 3.870419915E+01
3.205240000E-02 5.495000000E+00 1.308360000E+00 3.868041083E+01
3.206220000E-02 5.487400000E+00 1.308480000E+00 3.866858793E+01
3.208120000E-02 5.472200000E+00 1.308700000E+00 3.864568657E+01
3.211320000E-02 5.444600000E+00 1.309080000E+00 3.860717711E+01
3.212920000E-02 5.430800000E+00 1.309270000E+00 3.858795115E+01
3.213470000E-02 5.426100000E+00 1.309340000E+00 3.858134664E+01
3.213530000E-02 5.425500000E+00 1.309350000E+00 3.858062629E+01
3.213780000E-02 5.423400000E+00 1.309380000E+00 3.857762510E+01
3.214150000E-02 5.420200000E+00 1.309420000E+00 3.857318420E+01
3.214330000E-02 5.418600000E+00 1.309440000E+00 3.857102413E+01
3.214760000E-02 5.414900000E+00 1.309490000E+00 3.856586495E+01
3.222410000E-02 5.348800000E+00 1.310400000E+00 3.847430960E+01
3.224510000E-02 5.330700000E+00 1.310650000E+00 3.844925275E+01
3.230830000E-02 5.271200000E+00 1.311400000E+00 3.837404011E+01
3.233630000E-02 5.243500000E+00 1.311730000E+00 3.834081203E+01
3.238520000E-02 5.195000000E+00 1.312310000E+00 3.828291936E+01
3.245860000E-02 5.122300000E+00 1.313180000E+00 3.819634858E+01
3.249540000E-02 5.085900000E+00 1.313610000E+00 3.815309244E+01
3.253210000E-02 5.049500000E+00 1.314050000E+00 3.811005130E+01
3.260190000E-02 4.970700000E+00 1.314880000E+00 3.802845846E+01
3.268160000E-02 4.873800000E+00 1.315860000E+00 3.793571918E+01
3.275580000E-02 4.783500000E+00 1.316860000E+00 3.784978538E+01
3.289590000E-02 4.605300000E+00 1.318970000E+00 3.768858733E+01
3.291020000E-02 4.585000000E+00 1.319190000E+00 3.767221105E+01
3.295780000E-02 4.515300000E+00 1.319920000E+00 3.761780216E+01
3.300620000E-02 4.441100000E+00 1.320700000E+00 3.756263975E+01
3.308430000E-02 4.313400000E+00 1.322040000E+00 3.747396802E+01
3.317990000E-02 4.140800000E+00 1.324310000E+00 3.736599568E+01
3.327310000E-02 3.950900000E+00 1.327900000E+00 3.726133123E+01
3.341030000E-02 3.617300000E+00 1.341340000E+00 3.710831690E+01
3.350280000E-02 3.342100000E+00 1.365850000E+00 3.700586220E+01
3.358480000E-02 3.055400000E+00 1.411220000E+00 3.691550940E+01
3.368960000E-02 2.624200000E+00 1.529850000E+00 3.680067439E+01
3.381080000E-02 2.050000000E+00 1.810810000E+00 3.666875673E+01
3.414590000E-02 7.727000000E-01 3.804180000E+00 3.630889799E+01
3.426970000E-02 7.985000000E-01 4.841060000E+00 3.617773135E+01
3.453960000E-02 1.884600000E+00 6.608980000E+00 3.589503063E+01
3.484410000E-02 3.457400000E+00 7.226950000E+00 3.558134663E+01
3.534650000E-02 4.947700000E+00 7.094050000E+00 3.507560862E+01
3.604750000E-02 5.958000000E+00 6.772560000E+00 3.439350857E+01
3.632700000E-02 6.221800000E+00 6.654110000E+00 3.412888485E+01
3.650540000E-02 6.361200000E+00 6.586210000E+00 3.396209876E+01
3.662400000E-02 6.453100000E+00 6.541430000E+00 3.385211883E+01
3.668380000E-02 6.490600000E+00 6.518260000E+00 3.379693489E+01
3.676380000E-02 6.540800000E+00 6.487280000E+00 3.372339094E+01
3.680380000E-02 6.565600000E+00 6.471800000E+00 3.368673887E+01
3.684380000E-02 6.590400000E+00 6.456310000E+00 3.365016638E+01
3.687070000E-02 6.607000000E+00 6.445880000E+00 3.362561600E+01
3.691100000E-02 6.632100000E+00 6.430240000E+00 3.358890304E+01
3.695140000E-02 6.655300000E+00 6.415020000E+00 3.355217935E+01
3.704060000E-02 6.695700000E+00 6.383740000E+00 3.347138005E+01
3.712980000E-02 6.735800000E+00 6.352470000E+00 3.339096898E+01
3.723030000E-02 6.780500000E+00 6.317250000E+00 3.330083292E+01
3.730820000E-02 6.814600000E+00 6.289930000E+00 3.323130036E+01
3.739740000E-02 6.853700000E+00 6.258660000E+00 3.315203731E+01
3.748660000E-02 6.892000000E+00 6.227390000E+00 3.307315147E+01
3.754860000E-02 6.918600000E+00 6.205670000E+00 3.301854130E+01
3.760590000E-02 6.939100000E+00 6.186410000E+00 3.296823105E+01
3.763600000E-02 6.947100000E+00 6.176950000E+00 3.294186417E+01
3.766560000E-02 6.955000000E+00 6.167690000E+00 3.291597638E+01
3.782130000E-02 6.996700000E+00 6.118810000E+00 3.278047026E+01
3.791390000E-02 7.020000000E+00 6.089740000E+00 3.270040803E+01
3.800660000E-02 7.043000000E+00 6.060750000E+00 3.262065010E+01
3.805760000E-02 7.055700000E+00 6.044920000E+00 3.257693601E+01
3.810860000E-02 7.067800000E+00 6.029140000E+00 3.253333893E+01
3.815460000E-02 7.077900000E+00 6.014910000E+00 3.249411604E+01
3.822360000E-02 7.087800000E+00 5.994940000E+00 3.243545872E+01
3.825810000E-02 7.091700000E+00 5.985220000E+00 3.240620940E+01
3.829670000E-02 7.096200000E+00 5.974350000E+00 3.237354655E+01
3.833860000E-02 7.101000000E+00 5.962560000E+00 3.233816571E+01
3.836160000E-02 7.103600000E+00 5.956090000E+00 3.231877711E+01
3.843060000E-02 7.111500000E+00 5.936670000E+00 3.226075055E+01
3.845920000E-02 7.114800000E+00 5.928630000E+00 3.223676000E+01
3.847080000E-02 7.116100000E+00 5.925410000E+00 3.222703973E+01
3.848230000E-02 7.117400000E+00 5.922230000E+00 3.221740904E+01
3.849310000E-02 7.118700000E+00 5.919250000E+00 3.220836981E+01
3.851200000E-02 7.120800000E+00 5.914030000E+00 3.219256336E+01
3.854030000E-02 7.123700000E+00 5.906210000E+00 3.216892448E+01
3.856150000E-02 7.125300000E+00 5.900340000E+00 3.215123893E+01
3.858010000E-02 7.126600000E+00 5.895200000E+00 3.213573837E+01
3.866060000E-02 7.132500000E+00 5.872950000E+00 3.206882459E+01
3.868350000E-02 7.134200000E+00 5.866590000E+00 3.204984037E+01
3.875250000E-02 7.139200000E+00 5.847510000E+00 3.199277466E+01
3.879850000E-02 7.142600000E+00 5.834800000E+00 3.195484362E+01
3.884450000E-02 7.145900000E+00 5.822100000E+00 3.191700241E+01
3.892920000E-02 7.149500000E+00 5.798720000E+00 3.184755916E+01
3.897160000E-02 7.150000000E+00 5.787240000E+00 3.181290991E+01
3.901390000E-02 7.147500000E+00 5.776490000E+00 3.177841744E+01
3.912050000E-02 7.140800000E+00 5.749430000E+00 3.169182398E+01
3.921250000E-02 7.130100000E+00 5.726080000E+00 3.161746892E+01
3.930350000E-02 7.119500000E+00 5.703010000E+00 3.154426451E+01
3.945600000E-02 7.101600000E+00 5.664390000E+00 3.142234388E+01
3.948880000E-02 7.097500000E+00 5.656090000E+00 3.139624400E+01
3.953640000E-02 7.087200000E+00 5.644030000E+00 3.135844437E+01
3.965100000E-02 7.062400000E+00 5.614980000E+00 3.126781166E+01
3.973180000E-02 7.039900000E+00 5.596550000E+00 3.120422432E+01
3.991350000E-02 6.985000000E+00 5.555050000E+00 3.106217195E+01
4.010930000E-02 6.903000000E+00 5.511700000E+00 3.091053696E+01
4.033000000E-02 6.779600000E+00 5.464260000E+00 3.074138359E+01
4.053170000E-02 6.612900000E+00 5.429370000E+00 3.058840364E+01
4.082940000E-02 6.226900000E+00 5.439600000E+00 3.036537397E+01
4.143010000E-02 5.253600000E+00 6.562580000E+00 2.992510276E+01
4.214620000E-02 6.510900000E+00 8.230760000E+00 2.941664966E+01
4.298010000E-02 7.773500000E+00 8.098260000E+00 2.884590776E+01
4.449030000E-02 8.730100000E+00 7.665840000E+00 2.786674848E+01
4.727580000E-02 9.492900000E+00 7.050630000E+00 2.622483385E+01
5.140000000E-02 9.845200000E+00 6.456090000E+00 2.412062257E+01
5.715280000E-02 9.786600000E+00 6.092810000E+00 2.169272547E+01
6.369680000E-02 9.471400000E+00 6.182300000E+00 1.946408611E+01
6.544720000E-02 9.355000000E+00 6.278140000E+00 1.894351477E+01
6.802470000E-02 9.226400000E+00 6.500950000E+00 1.822573271E+01
7.909060000E-02 8.825700000E+00 7.652910000E+00 1.567569345E+01
9.419230000E-02 8.882800000E+00 9.683160000E+00 1.316243472E+01
1.128550000E-01 9.656700000E+00 1.214990000E+01 1.098577821E+01
1.412540000E-01 1.169380000E+01 1.541930000E+01 8.777096578E+00
1.720000000E-01 1.438270000E+01 1.789720000E+01 7.208139535E+00
1.921040000E-01 1.579950000E+01 1.898490000E+01 6.453795861E+00
1.958210000E-01 1.581930000E+01 1.916750000E+01 6.331292354E+00
1.979800000E-01 1.567310000E+01 1.944690000E+01 6.262248712E+00
2.008870000E-01 1.585920000E+01 2.019720000E+01 6.171628826E+00
2.050640000E-01 1.648540000E+01 2.067740000E+01 6.045917372E+00
2.076510000E-01 1.665310000E+01 2.099500000E+01 5.970594892E+00
2.111630000E-01 1.715330000E+01 2.171640000E+01 5.871293740E+00
2.323000000E-01 2.109090000E+01 2.238780000E+01 5.337064141E+00
2.580000000E-01 2.377730000E+01 2.169890000E+01 4.805426357E+00
3.314610000E-01 2.769190000E+01 2.095230000E+01 3.740409882E+00
3.458940000E-01 2.803340000E+01 2.084960000E+01 3.584335085E+00
3.505280000E-01 2.789040000E+01 2.089200000E+01 3.536949973E+00
3.542930000E-01 2.773990000E+01 2.130680000E+01 3.499363521E+00
3.596700000E-01 2.833880000E+01 2.198480000E+01 3.447048684E+00
4.064370000E-01 3.141880000E+01 2.167390000E+01 3.050411257E+00
4.860700000E-01 3.509410000E+01 2.082140000E+01 2.550661427E+00
5.045870000E-01 3.568680000E+01 2.101640000E+01 2.457058941E+00
6.077850000E-01 3.930480000E+01 1.919990000E+01 2.039866071E+00
7.680000000E-01 4.210480000E+01 1.638270000E+01 1.614322917E+00
9.665720000E-01 4.330970000E+01 1.359850000E+01 1.282677338E+00
1.169560000E+00 4.259600000E+01 1.138770000E+01 1.060056773E+00
1.345090000E+00 4.018150000E+01 9.890290000E+00 9.217227100E-01
1.457970000E+00 3.675590000E+01 9.084930000E+00 8.503604327E-01
1.520470000E+00 3.300680000E+01 8.682790000E+00 8.154057627E-01
1.553850000E+00 2.938700000E+01 8.487540000E+00 7.978891141E-01
1.569060000E+00 2.632850000E+01 8.638840000E+00 7.901546149E-01
1.576300000E+00 2.424920000E+01 9.217700000E+00 7.865254076E-01
1.581980000E+00 2.243460000E+01 1.024070000E+01 7.837014374E-01
1.588160000E+00 2.058750000E+01 1.211590000E+01 7.806518235E-01
1.595310000E+00 1.926220000E+01 1.515540000E+01 7.771530298E-01
1.603060000E+00 1.914000000E+01 1.873370000E+01 7.733958804E-01
1.612240000E+00 2.064900000E+01 2.199820000E+01 7.689922096E-01
1.623160000E+00 2.270650000E+01 2.386760000E+01 7.638187240E-01
1.635710000E+00 2.365930000E+01 2.508480000E+01 7.579583178E-01
1.651870000E+00 2.444770000E+01 2.804650000E+01 7.505433236E-01
1.668840000E+00 2.730280000E+01 3.097600000E+01 7.429112437E-01
1.690510000E+00 3.105720000E+01 3.199980000E+01 7.333881491E-01
1.750000000E+00 3.683720000E+01 3.276420000E+01 7.084571429E-01
1.833960000E+00 4.290000000E+01 3.256630000E+01 6.760234683E-01
1.901610000E+00 4.599800000E+01 3.099820000E+01 6.519738537E-01
1.967640000E+00 4.716520000E+01 2.946080000E+01 6.300949361E-01
1.991640000E+00 4.669660000E+01 2.925030000E+01 6.225020586E-01
2.014790000E+00 4.633230000E+01 3.048320000E+01 6.153494905E-01
2.036300000E+00 4.763320000E+01 3.182830000E+01 6.088493837E-01
2.073920000E+00 5.019600000E+01 3.154500000E+01 5.978051227E-01
2.141310000E+00 5.247600000E+01 3.021870000E+01 5.789913651E-01
2.217380000E+00 5.380670000E+01 2.883570000E+01 5.591283407E-01
2.263880000E+00 5.410100000E+01 2.903970000E+01 5.476438680E-01
2.332400000E+00 5.622810000E+01 2.855510000E+01 5.315554793E-01
2.419930000E+00 5.759930000E+01 2.721250000E+01 5.123288690E-01
2.480710000E+00 5.809760000E+01 2.708710000E+01 4.997762737E-01
2.547750000E+00 5.962870000E+01 2.650880000E+01 4.866254538E-01
2.671280000E+00 6.132145000E+01 2.489670000E+01 4.641220688E-01
2.838740000E+00 6.288887000E+01 2.292760000E+01 4.367430621E-01
3.064240000E+00 6.432963000E+01 2.064410000E+01 4.046027726E-01
3.333760000E+00 6.541415000E+01 1.835900000E+01 3.718923978E-01
3.640470000E+00 6.619911000E+01 1.618420000E+01 3.405604221E-01
3.992550000E+00 6.669129000E+01 1.414090000E+01 3.105283591E-01
4.478750000E+00 6.699250000E+01 1.193440000E+01 2.768183087E-01
5.033230000E+00 6.698905000E+01 1.000550000E+01 2.463229378E-01
5.824730000E+00 6.669705000E+01 8.000570000E+00 2.128510678E-01
6.709560000E+00 6.606809000E+01 6.419950000E+00 1.847811183E-01
7.560420000E+00 6.515866000E+01 5.317090000E+00 1.639855987E-01
8.192000000E+00 6.412777000E+01 4.679190000E+00 1.513427734E-01
8.626750000E+00 6.298015000E+01 4.307480000E+00 1.437157678E-01
8.889720000E+00 6.178557000E+01 4.103570000E+00 1.394644601E-01
9.032890000E+00 6.059370000E+01 4.017850000E+00 1.372539686E-01
9.089470000E+00 5.978650000E+01 4.103720000E+00 1.363995921E-01
9.129130000E+00 5.905230000E+01 4.373850000E+00 1.358070265E-01
9.168890000E+00 5.827340000E+01 4.972720000E+00 1.352181126E-01
9.224160000E+00 5.755450000E+01 6.413900000E+00 1.344079027E-01
9.282600000E+00 5.775150000E+01 8.188340000E+00 1.335617176E-01
9.336300000E+00 5.865680000E+01 9.324680000E+00 1.327935049E-01
9.401430000E+00 5.986340000E+01 9.855140000E+00 1.318735554E-01
9.502230000E+00 6.106813000E+01 9.845000000E+00 1.304746360E-01
9.664120000E+00 6.200577000E+01 9.586500000E+00 1.282889699E-01
9.901450000E+00 6.258125000E+01 9.214600000E+00 1.252139838E-01
1.010960000E+01 6.250122000E+01 8.905730000E+00 1.226359104E-01
1.023340000E+01 6.195127000E+01 8.891640000E+00 1.211523052E-01
1.031600000E+01 6.140120000E+01 9.413940000E+00 1.201822412E-01
1.039000000E+01 6.131427000E+01 1.032380000E+01 1.193262753E-01
1.048220000E+01 6.199859000E+01 1.118680000E+01 1.182766976E-01
1.060400000E+01 6.292926000E+01 1.132820000E+01 1.169181441E-01
1.074580000E+01 6.320608000E+01 1.133250000E+01 1.153753094E-01
1.086330000E+01 6.345464000E+01 1.188380000E+01 1.141273830E-01
1.100830000E+01 6.448177000E+01 1.228740000E+01 1.126241109E-01
1.115780000E+01 6.533272000E+01 1.210220000E+01 1.111150944E-01
1.140660000E+01 6.623932000E+01 1.170210000E+01 1.086914593E-01
1.178010000E+01 6.716204000E+01 1.113950000E+01 1.052452865E-01
1.224310000E+01 6.797198000E+01 1.048470000E+01 1.012652024E-01
1.269430000E+01 6.854450000E+01 9.905880000E+00 9.766588154E-02
1.328940000E+01 6.910704000E+01 9.213630000E+00 9.329239845E-02
1.381790000E+01 6.948139000E+01 8.656760000E+00 8.972419832E-02
1.441690000E+01 6.980388000E+01 8.086540000E+00 8.599629601E-02
1.508060000E+01 7.006892300E+01 7.517190000E+00 8.221158309E-02
1.577150000E+01 7.026782200E+01 6.987820000E+00 7.861015122E-02
1.646100000E+01 7.041423600E+01 6.517460000E+00 7.531741692E-02
1.718120000E+01 7.052232800E+01 6.078380000E+00 7.216026820E-02
1.781440000E+01 7.059742300E+01 5.728270000E+00 6.959538351E-02
1.857740000E+01 7.065622600E+01 5.341960000E+00 6.673700303E-02
1.938050000E+01 7.069298500E+01 4.977840000E+00 6.397151776E-02
2.047810000E+01 7.071719900E+01 4.541840000E+00 6.054272613E-02
2.156500000E+01 7.071799100E+01 4.164400000E+00 5.749130536E-02
2.286110000E+01 7.070081200E+01 3.773210000E+00 5.423186111E-02
2.486260000E+01 7.064555500E+01 3.271900000E+00 4.986606389E-02
2.830730000E+01 7.050850100E+01 2.620040000E+00 4.379788959E-02
3.224360000E+01 7.033494300E+01 2.091010000E+00 3.845104145E-02
3.676270000E+01 7.013438400E+01 1.663160000E+00 3.372440000E-02
4.180600000E+01 6.990810000E+01 1.326980000E+00 2.965603023E-02
4.747070000E+01 6.963956000E+01 1.059500000E+00 2.611716280E-02
5.305330000E+01 6.930862000E+01 8.691100000E-01 2.336895160E-02
5.680700000E+01 6.898024000E+01 7.691550000E-01 2.182477512E-02
5.928830000E+01 6.863267000E+01 7.126680000E-01 2.091137712E-02
6.091860000E+01 6.824962000E+01 6.788400000E-01 2.035174807E-02
6.184390000E+01 6.786191000E+01 6.636360000E-01 2.004724799E-02
6.224280000E+01 6.758146000E+01 6.831750000E-01 1.991876972E-02
6.245880000E+01 6.737841000E+01 7.316600000E-01 1.984988504E-02
6.263400000E+01 6.718842000E+01 8.128380000E-01 1.979436089E-02
6.281400000E+01 6.698246000E+01 9.531440000E-01 1.973763811E-02
6.300580000E+01 6.677754000E+01 1.178960000E+00 1.967755350E-02
6.325190000E+01 6.659718000E+01 1.577620000E+00 1.960099222E-02
6.362780000E+01 6.662104000E+01 2.282590000E+00 1.948519358E-02
6.393560000E+01 6.689960000E+01 2.753580000E+00 1.939138758E-02
6.425010000E+01 6.728334000E+01 3.032390000E+00 1.929646802E-02
6.472710000E+01 6.779076000E+01 3.157250000E+00 1.915426460E-02
6.532280000E+01 6.819757000E+01 3.138480000E+00 1.897959059E-02
6.627360000E+01 6.860184000E+01 3.070660000E+00 1.870729823E-02
6.761230000E+01 6.896698000E+01 2.972120000E+00 1.833690024E-02
6.953030000E+01 6.931150000E+01 2.846840000E+00 1.783107509E-02
7.191960000E+01 6.961046000E+01 2.696430000E+00 1.723869432E-02
7.485700000E+01 6.985657000E+01 2.524530000E+00 1.656224535E-02
7.820420000E+01 7.005039500E+01 2.350430000E+00 1.585336849E-02
8.237140000E+01 7.021969700E+01 2.160380000E+00 1.505134064E-02
8.720610000E+01 7.035593900E+01 1.969130000E+00 1.421689538E-02
9.209130000E+01 7.045112200E+01 1.796650000E+00 1.346272666E-02
9.814140000E+01 7.052600600E+01 1.613710000E+00 1.263279309E-02
1.056320000E+02 7.058082100E+01 1.425170000E+00 1.173697364E-02
1.158280000E+02 7.061895000E+01 1.219520000E+00 1.070380219E-02
1.282810000E+02 7.063295000E+01 1.022600000E+00 9.664720418E-03
1.461520000E+02 7.062348500E+01 8.166980000E-01 8.482949258E-03
1.662760000E+02 7.059810000E+01 6.535840000E-01 7.456277514E-03
1.885650000E+02 7.056661900E+01 5.258410000E-01 6.574921115E-03
2.141370000E+02 7.053200500E+01 4.223120000E-01 5.789751421E-03
2.426610000E+02 7.049816600E+01 3.411270000E-01 5.109185242E-03
2.756070000E+02 7.046602700E+01 2.751720000E-01 4.498434365E-03
3.127770000E+02 7.043717400E+01 2.234250000E-01 3.963846447E-03
3.578900000E+02 7.041032900E+01 1.799010000E-01 3.464192908E-03
4.106900000E+02 7.038695000E+01 1.453460000E-01 3.018821983E-03
4.713990000E+02 7.036744200E+01 1.184150000E-01 2.630043763E-03
5.428600000E+02 7.035109400E+01 9.693100000E-02 2.283830085E-03
6.277480000E+02 7.033772900E+01 7.983290000E-02 1.974996336E-03
7.322970000E+02 7.032671900E+01 6.582220000E-02 1.693028921E-03
8.609940000E+02 7.031807500E+01 5.454850000E-02 1.439963577E-03
1.012310000E+03 7.031204100E+01 4.597610000E-02 1.224723652E-03
1.173410000E+03 7.030836400E+01 3.904230000E-02 1.056578689E-03
1.372120000E+03 7.030529400E+01 3.281440000E-02 9.035652858E-04
1.619760000E+03 7.030280700E+01 2.725760000E-02 7.654220378E-04
1.859730000E+03 7.030121900E+01 2.336740000E-02 6.666559124E-04
2.209810000E+03 7.029969200E+01 1.928980000E-02 5.610437096E-04
2.567150000E+03 7.029866600E+01 1.631400000E-02 4.829480163E-04
2.947480000E+03 7.029791800E+01 1.398570000E-02 4.206305047E-04
3.384160000E+03 7.029727700E+01 1.198960000E-02 3.663538367E-04
3.914820000E+03 7.029668800E+01 1.019620000E-02 3.166939987E-04
4.671440000E+03 7.029616600E+01 8.370630000E-03 2.653999623E-04
5.363530000E+03 7.029587000E+01 7.175960000E-03 2.311537364E-04
6.304850000E+03 7.029561400E+01 5.996220000E-03 1.966422675E-04
7.403740000E+03 7.029542800E+01 5.009930000E-03 1.674559074E-04
8.500630000E+03 7.029531000E+01 4.294910000E-03 1.458480136E-04
1.000000000E+04 7.029520700E+01 3.589840000E-03 1.239800000E-04
