# Data retrieved from https://www-nds.iaea.org/epdl97/za1to100.htm 03/01/2021
# Element, Mn  (Z = 25) 
# Atomic weight, g mol-1 = 54.938 
# Nominal density, g cm-3 =  7.44000E+0 
# Relativistic correction estimate f_rel(5CL)*,  e atom-1 =  0 
# Nuclear Thomson correction f_NT*, e atom-1 =  0 
#    E [keV]      f1 [e atom-1]      f2 [e atom-1]    Wavelength [nm] 
1.000000000E-03 4.905300000E+00 0.000000000E+00 1.239800000E+03
1.125000000E-03 4.903700000E+00 0.000000000E+00 1.102044444E+03
1.265630000E-03 4.901900000E+00 0.000000000E+00 9.795911917E+02
1.423830000E-03 4.899900000E+00 0.000000000E+00 8.707500193E+02
1.601810000E-03 4.897600000E+00 0.000000000E+00 7.739994132E+02
1.802030000E-03 4.895100000E+00 0.000000000E+00 6.880018646E+02
2.020840000E-03 4.892000000E+00 0.000000000E+00 6.135072544E+02
2.212290000E-03 4.886900000E+00 0.000000000E+00 5.604147738E+02
2.379810000E-03 4.882400000E+00 0.000000000E+00 5.209659595E+02
2.526400000E-03 4.878500000E+00 0.000000000E+00 4.907378087E+02
2.654660000E-03 4.875100000E+00 0.000000000E+00 4.670277926E+02
2.766880000E-03 4.872100000E+00 0.000000000E+00 4.480859307E+02
2.865080000E-03 4.869400000E+00 0.000000000E+00 4.327278819E+02
2.951000000E-03 4.867200000E+00 0.000000000E+00 4.201287699E+02
3.026190000E-03 4.865100000E+00 0.000000000E+00 4.096900723E+02
3.091970000E-03 4.863400000E+00 0.000000000E+00 4.009741362E+02
3.149540000E-03 4.861900000E+00 0.000000000E+00 3.936447862E+02
3.199900000E-03 4.860500000E+00 0.000000000E+00 3.874496078E+02
3.288040000E-03 4.858200000E+00 0.000000000E+00 3.770635394E+02
3.354150000E-03 4.856400000E+00 0.000000000E+00 3.696316503E+02
3.403730000E-03 4.855100000E+00 0.000000000E+00 3.642474579E+02
3.440920000E-03 4.854100000E+00 0.000000000E+00 3.603106146E+02
3.468800000E-03 4.853300000E+00 0.000000000E+00 3.574146679E+02
3.489720000E-03 4.852800000E+00 0.000000000E+00 3.552720562E+02
3.521100000E-03 4.851900000E+00 0.000000000E+00 3.521058760E+02
3.536780000E-03 4.851500000E+00 0.000000000E+00 3.505448459E+02
3.552470000E-03 4.851100000E+00 0.000000000E+00 3.489966136E+02
3.561210000E-03 4.850900000E+00 0.000000000E+00 3.481400984E+02
3.569960000E-03 4.850600000E+00 0.000000000E+00 3.472868043E+02
3.578700000E-03 4.850400000E+00 0.000000000E+00 3.464386509E+02
3.582760000E-03 4.850300000E+00 0.000000000E+00 3.460460650E+02
3.586820000E-03 4.850200000E+00 0.000000000E+00 3.456543679E+02
3.604470000E-03 4.849700000E+00 0.000000000E+00 3.439618030E+02
3.613680000E-03 4.849500000E+00 0.000000000E+00 3.430851653E+02
3.622420000E-03 4.849200000E+00 0.000000000E+00 3.422573859E+02
3.631170000E-03 4.849000000E+00 0.000000000E+00 3.414326512E+02
3.635540000E-03 4.848900000E+00 0.000000000E+00 3.410222415E+02
3.639910000E-03 4.848800000E+00 0.000000000E+00 3.406128173E+02
3.644280000E-03 4.848700000E+00 0.000000000E+00 3.402043751E+02
3.648650000E-03 4.848500000E+00 0.000000000E+00 3.397969112E+02
3.653050000E-03 4.848400000E+00 0.000000000E+00 3.393876350E+02
3.657440000E-03 4.848300000E+00 0.000000000E+00 3.389802704E+02
3.664060000E-03 4.848100000E+00 0.000000000E+00 3.383678215E+02
3.668480000E-03 4.848000000E+00 0.000000000E+00 3.379601361E+02
3.671790000E-03 4.847900000E+00 0.000000000E+00 3.376554759E+02
3.673440000E-03 4.847900000E+00 0.000000000E+00 3.375038111E+02
3.674270000E-03 4.847900000E+00 0.000000000E+00 3.374275706E+02
3.674890000E-03 4.847800000E+00 0.000000000E+00 3.373706424E+02
3.675380000E-03 4.847800000E+00 0.000000000E+00 3.373256643E+02
3.675640000E-03 4.847800000E+00 0.000000000E+00 3.373018032E+02
3.683930000E-03 4.847600000E+00 0.000000000E+00 3.365427682E+02
3.686140000E-03 4.847500000E+00 0.000000000E+00 3.363409963E+02
3.692760000E-03 4.847400000E+00 0.000000000E+00 3.357380388E+02
3.697170000E-03 4.847200000E+00 0.000000000E+00 3.353375690E+02
3.701590000E-03 4.847100000E+00 0.000000000E+00 3.349371486E+02
3.706000000E-03 4.847000000E+00 0.000000000E+00 3.345385861E+02
3.710410000E-03 4.846900000E+00 0.000000000E+00 3.341409709E+02
3.714830000E-03 4.846800000E+00 0.000000000E+00 3.337434014E+02
3.719240000E-03 4.846700000E+00 0.000000000E+00 3.333476732E+02
3.728070000E-03 4.846400000E+00 0.000000000E+00 3.325581333E+02
3.736900000E-03 4.846200000E+00 0.000000000E+00 3.317723247E+02
3.745730000E-03 4.845900000E+00 0.000000000E+00 3.309902209E+02
3.758970000E-03 4.845600000E+00 0.000000000E+00 3.298243934E+02
3.763380000E-03 4.845500000E+00 0.000000000E+00 3.294378989E+02
3.767570000E-03 4.845400000E+00 0.000000000E+00 3.290715236E+02
3.775920000E-03 4.845100000E+00 0.000000000E+00 3.283438208E+02
3.784190000E-03 4.844900000E+00 0.000000000E+00 3.276262556E+02
3.800620000E-03 4.844500000E+00 0.000000000E+00 3.262099342E+02
3.816790000E-03 4.844000000E+00 0.000000000E+00 3.248279313E+02
3.832710000E-03 4.843600000E+00 0.000000000E+00 3.234786874E+02
3.848380000E-03 4.843200000E+00 0.000000000E+00 3.221615329E+02
3.863800000E-03 4.842800000E+00 0.000000000E+00 3.208758217E+02
3.894170000E-03 4.842000000E+00 0.000000000E+00 3.183733633E+02
3.923590000E-03 4.841200000E+00 0.000000000E+00 3.159861250E+02
3.952090000E-03 4.840400000E+00 0.000000000E+00 3.137074308E+02
3.979690000E-03 4.839700000E+00 0.000000000E+00 3.115318027E+02
4.006440000E-03 4.838800000E+00 0.000000000E+00 3.094517826E+02
4.032350000E-03 4.837500000E+00 0.000000000E+00 3.074633898E+02
4.057450000E-03 4.836300000E+00 0.000000000E+00 3.055613748E+02
4.081760000E-03 4.835100000E+00 0.000000000E+00 3.037415233E+02
4.105320000E-03 4.833900000E+00 0.000000000E+00 3.019983826E+02
4.128140000E-03 4.832700000E+00 0.000000000E+00 3.003289617E+02
4.304980000E-03 4.823900000E+00 0.000000000E+00 2.879920464E+02
4.371300000E-03 4.820600000E+00 0.000000000E+00 2.836227209E+02
4.429330000E-03 4.817700000E+00 0.000000000E+00 2.799068934E+02
4.480110000E-03 4.815100000E+00 0.000000000E+00 2.767342766E+02
4.524530000E-03 4.812900000E+00 0.000000000E+00 2.740174118E+02
4.563410000E-03 4.811000000E+00 0.000000000E+00 2.716827986E+02
4.597420000E-03 4.809300000E+00 0.000000000E+00 2.696729905E+02
4.627190000E-03 4.807800000E+00 0.000000000E+00 2.679379926E+02
4.653230000E-03 4.806500000E+00 0.000000000E+00 2.664385814E+02
4.698800000E-03 4.804200000E+00 0.000000000E+00 2.638546012E+02
4.732990000E-03 4.802500000E+00 0.000000000E+00 2.619485780E+02
4.758620000E-03 4.801200000E+00 0.000000000E+00 2.605377189E+02
4.777850000E-03 4.800200000E+00 0.000000000E+00 2.594891007E+02
4.792270000E-03 4.799500000E+00 0.000000000E+00 2.587082948E+02
4.803080000E-03 4.799000000E+00 0.000000000E+00 2.581260358E+02
4.819310000E-03 4.798100000E+00 0.000000000E+00 2.572567442E+02
4.827420000E-03 4.797700000E+00 0.000000000E+00 2.568245564E+02
4.831470000E-03 4.797500000E+00 0.000000000E+00 2.566092721E+02
4.835530000E-03 4.797300000E+00 0.000000000E+00 2.563938183E+02
4.847430000E-03 4.796700000E+00 0.000000000E+00 2.557643947E+02
4.859330000E-03 4.796100000E+00 0.000000000E+00 2.551380540E+02
4.871240000E-03 4.795500000E+00 0.000000000E+00 2.545142510E+02
4.883140000E-03 4.795000000E+00 0.000000000E+00 2.538940108E+02
4.895040000E-03 4.794400000E+00 0.000000000E+00 2.532767863E+02
4.900990000E-03 4.794100000E+00 0.000000000E+00 2.529692980E+02
4.906940000E-03 4.793800000E+00 0.000000000E+00 2.526625555E+02
4.912890000E-03 4.793500000E+00 0.000000000E+00 2.523565559E+02
4.918840000E-03 4.793200000E+00 0.000000000E+00 2.520512966E+02
4.924790000E-03 4.792900000E+00 0.000000000E+00 2.517467750E+02
4.930750000E-03 4.792600000E+00 0.000000000E+00 2.514424783E+02
4.936700000E-03 4.792300000E+00 0.000000000E+00 2.511394251E+02
4.939670000E-03 4.792100000E+00 0.000000000E+00 2.509884264E+02
4.942650000E-03 4.792000000E+00 0.000000000E+00 2.508371016E+02
4.945620000E-03 4.791800000E+00 0.000000000E+00 2.506864660E+02
4.950090000E-03 4.791600000E+00 0.000000000E+00 2.504600926E+02
4.952320000E-03 4.791500000E+00 0.000000000E+00 2.503473120E+02
4.953430000E-03 4.791400000E+00 0.000000000E+00 2.502912124E+02
4.953710000E-03 4.791400000E+00 0.000000000E+00 2.502770651E+02
4.953920000E-03 4.791400000E+00 0.000000000E+00 2.502664557E+02
4.954080000E-03 4.791400000E+00 0.000000000E+00 2.502583729E+02
4.954310000E-03 4.791400000E+00 0.000000000E+00 2.502467548E+02
4.954430000E-03 4.791400000E+00 0.000000000E+00 2.502406937E+02
4.954740000E-03 4.791400000E+00 0.000000000E+00 2.502250370E+02
4.955100000E-03 4.791400000E+00 0.000000000E+00 2.502068576E+02
4.966450000E-03 4.790800000E+00 0.000000000E+00 2.496350512E+02
4.969430000E-03 4.790600000E+00 0.000000000E+00 2.494853535E+02
4.978350000E-03 4.790200000E+00 0.000000000E+00 2.490383360E+02
4.984310000E-03 4.789900000E+00 0.000000000E+00 2.487405478E+02
4.990260000E-03 4.789600000E+00 0.000000000E+00 2.484439689E+02
4.996210000E-03 4.789300000E+00 0.000000000E+00 2.481480963E+02
5.002160000E-03 4.789000000E+00 0.000000000E+00 2.478529275E+02
5.008110000E-03 4.788700000E+00 0.000000000E+00 2.475584602E+02
5.014060000E-03 4.788400000E+00 0.000000000E+00 2.472646917E+02
5.025960000E-03 4.787800000E+00 0.000000000E+00 2.466792414E+02
5.037860000E-03 4.787200000E+00 0.000000000E+00 2.460965569E+02
5.049770000E-03 4.786600000E+00 0.000000000E+00 2.455161324E+02
5.061670000E-03 4.786000000E+00 0.000000000E+00 2.449389233E+02
5.073570000E-03 4.785400000E+00 0.000000000E+00 2.443644219E+02
5.081170000E-03 4.785000000E+00 0.000000000E+00 2.439989215E+02
5.096130000E-03 4.784300000E+00 0.000000000E+00 2.432826478E+02
5.110620000E-03 4.783600000E+00 0.000000000E+00 2.425928752E+02
5.138700000E-03 4.782200000E+00 0.000000000E+00 2.412672466E+02
5.165030000E-03 4.780800000E+00 0.000000000E+00 2.400373280E+02
5.189710000E-03 4.779600000E+00 0.000000000E+00 2.388958150E+02
5.235990000E-03 4.777300000E+00 0.000000000E+00 2.367842567E+02
5.276480000E-03 4.775300000E+00 0.000000000E+00 2.349672509E+02
5.347340000E-03 4.771700000E+00 0.000000000E+00 2.318535945E+02
5.400480000E-03 4.769100000E+00 0.000000000E+00 2.295721862E+02
5.559920000E-03 4.759100000E+00 0.000000000E+00 2.229888200E+02
5.568890000E-03 4.758400000E+00 0.000000000E+00 2.226296443E+02
5.596300000E-03 4.756300000E+00 0.000000000E+00 2.215392313E+02
5.610010000E-03 4.755300000E+00 0.000000000E+00 2.209978235E+02
5.612070000E-03 4.755100000E+00 0.000000000E+00 2.209167027E+02
5.623720000E-03 4.754300000E+00 0.000000000E+00 2.204590556E+02
5.639690000E-03 4.753100000E+00 0.000000000E+00 2.198347782E+02
5.653970000E-03 4.752000000E+00 0.000000000E+00 2.192795505E+02
5.669400000E-03 4.750800000E+00 0.000000000E+00 2.186827530E+02
5.683080000E-03 4.749800000E+00 0.000000000E+00 2.181563518E+02
5.696770000E-03 4.748800000E+00 0.000000000E+00 2.176320968E+02
5.710460000E-03 4.747700000E+00 0.000000000E+00 2.171103554E+02
5.724140000E-03 4.746700000E+00 0.000000000E+00 2.165914880E+02
5.737830000E-03 4.745700000E+00 0.000000000E+00 2.160747181E+02
5.751510000E-03 4.744600000E+00 0.000000000E+00 2.155607832E+02
5.765200000E-03 4.743600000E+00 0.000000000E+00 2.150489142E+02
5.778880000E-03 4.742600000E+00 0.000000000E+00 2.145398416E+02
5.792570000E-03 4.741600000E+00 0.000000000E+00 2.140328041E+02
5.806250000E-03 4.740500000E+00 0.000000000E+00 2.135285253E+02
5.819940000E-03 4.739500000E+00 0.000000000E+00 2.130262511E+02
5.833620000E-03 4.738500000E+00 0.000000000E+00 2.125266987E+02
5.843030000E-03 4.737800000E+00 0.000000000E+00 2.121844317E+02
5.847370000E-03 4.737400000E+00 0.000000000E+00 2.120269454E+02
5.860710000E-03 4.736400000E+00 0.000000000E+00 2.115443351E+02
5.875000000E-03 4.735300000E+00 0.000000000E+00 2.110297872E+02
5.888330000E-03 4.734300000E+00 0.000000000E+00 2.105520581E+02
5.888820000E-03 4.734300000E+00 0.000000000E+00 2.105345383E+02
5.931650000E-03 4.731100000E+00 0.000000000E+00 2.090143552E+02
6.006610000E-03 4.725200000E+00 0.000000000E+00 2.064059428E+02
6.231490000E-03 4.701100000E+00 0.000000000E+00 1.989572317E+02
6.235150000E-03 4.700700000E+00 0.000000000E+00 1.988404449E+02
6.245690000E-03 4.699600000E+00 0.000000000E+00 1.985048890E+02
6.265840000E-03 4.697400000E+00 0.000000000E+00 1.978665271E+02
6.276440000E-03 4.696200000E+00 0.000000000E+00 1.975323591E+02
6.282980000E-03 4.695500000E+00 0.000000000E+00 1.973267462E+02
6.292840000E-03 4.694500000E+00 0.000000000E+00 1.970175628E+02
6.307180000E-03 4.692900000E+00 0.000000000E+00 1.965696238E+02
6.323520000E-03 4.691200000E+00 0.000000000E+00 1.960616872E+02
6.341720000E-03 4.689200000E+00 0.000000000E+00 1.954990129E+02
6.359920000E-03 4.687300000E+00 0.000000000E+00 1.949395590E+02
6.373270000E-03 4.685800000E+00 0.000000000E+00 1.945312218E+02
6.384870000E-03 4.684600000E+00 0.000000000E+00 1.941777985E+02
6.400210000E-03 4.683000000E+00 0.000000000E+00 1.937123938E+02
6.415550000E-03 4.681300000E+00 0.000000000E+00 1.932492148E+02
6.434660000E-03 4.679300000E+00 0.000000000E+00 1.926752929E+02
6.467650000E-03 4.675700000E+00 0.000000000E+00 1.916925004E+02
6.476900000E-03 4.674700000E+00 0.000000000E+00 1.914187343E+02
6.492240000E-03 4.673100000E+00 0.000000000E+00 1.909664461E+02
6.507030000E-03 4.671500000E+00 0.000000000E+00 1.905323934E+02
6.513810000E-03 4.670800000E+00 0.000000000E+00 1.903340748E+02
6.522910000E-03 4.669800000E+00 0.000000000E+00 1.900685430E+02
6.539720000E-03 4.668000000E+00 0.000000000E+00 1.895799820E+02
6.542090000E-03 4.667700000E+00 0.000000000E+00 1.895113030E+02
6.544590000E-03 4.667500000E+00 0.000000000E+00 1.894389106E+02
6.553150000E-03 4.666500000E+00 0.000000000E+00 1.891914575E+02
6.571920000E-03 4.664500000E+00 0.000000000E+00 1.886511096E+02
6.576700000E-03 4.664000000E+00 0.000000000E+00 1.885139964E+02
6.588010000E-03 4.662800000E+00 0.000000000E+00 1.881903640E+02
6.592810000E-03 4.662300000E+00 0.000000000E+00 1.880533490E+02
6.604110000E-03 4.661100000E+00 0.000000000E+00 1.877315793E+02
6.608920000E-03 4.660500000E+00 0.000000000E+00 1.875949474E+02
6.625030000E-03 4.658800000E+00 0.000000000E+00 1.871387752E+02
6.668500000E-03 4.654100000E+00 0.000000000E+00 1.859188723E+02
6.689460000E-03 4.651900000E+00 0.000000000E+00 1.853363351E+02
6.705570000E-03 4.650200000E+00 0.000000000E+00 1.848910682E+02
6.721680000E-03 4.648400000E+00 0.000000000E+00 1.844479356E+02
6.737790000E-03 4.646700000E+00 0.000000000E+00 1.840069222E+02
6.781170000E-03 4.642000000E+00 0.000000000E+00 1.828298067E+02
6.786750000E-03 4.641400000E+00 0.000000000E+00 1.826794858E+02
6.802490000E-03 4.639800000E+00 0.000000000E+00 1.822567913E+02
6.818680000E-03 4.638000000E+00 0.000000000E+00 1.818240481E+02
6.835180000E-03 4.636200000E+00 0.000000000E+00 1.813851281E+02
6.861660000E-03 4.633400000E+00 0.000000000E+00 1.806851403E+02
6.867210000E-03 4.632800000E+00 0.000000000E+00 1.805391127E+02
6.911080000E-03 4.628100000E+00 0.000000000E+00 1.793930905E+02
6.953850000E-03 4.623500000E+00 0.000000000E+00 1.782897244E+02
6.983640000E-03 4.618000000E+00 5.171040000E-07 1.775291968E+02
7.006550000E-03 4.612900000E+00 3.139270000E-06 1.769487123E+02
7.024420000E-03 4.608600000E+00 1.143500000E-05 1.764985579E+02
7.082440000E-03 4.591500000E+00 3.929920000E-04 1.750526655E+02
7.175930000E-03 4.545200000E+00 1.653340000E-02 1.727720309E+02
7.218740000E-03 4.524500000E+00 4.484670000E-02 1.717474241E+02
7.287440000E-03 4.529800000E+00 1.052720000E-01 1.701283304E+02
7.419900000E-03 4.597000000E+00 1.329610000E-01 1.670912007E+02
7.660980000E-03 4.630900000E+00 1.097810000E-01 1.618330814E+02
7.786870000E-03 4.635200000E+00 9.884870000E-02 1.592167328E+02
7.841780000E-03 4.635300000E+00 9.445700000E-02 1.581018595E+02
7.871920000E-03 4.635200000E+00 9.209250000E-02 1.574965193E+02
7.902050000E-03 4.634800000E+00 8.982210000E-02 1.568959953E+02
7.921500000E-03 4.634600000E+00 8.835670000E-02 1.565107619E+02
7.940950000E-03 4.634300000E+00 8.689130000E-02 1.561274155E+02
7.960400000E-03 4.634000000E+00 8.547430000E-02 1.557459424E+02
7.979850000E-03 4.633500000E+00 8.409540000E-02 1.553663289E+02
7.989580000E-03 4.633200000E+00 8.340590000E-02 1.551771182E+02
8.000000000E-03 4.632900000E+00 8.266690000E-02 1.549750000E+02
8.007450000E-03 4.632700000E+00 8.213880000E-02 1.548308138E+02
8.013600000E-03 4.632600000E+00 8.170300000E-02 1.547119896E+02
8.018710000E-03 4.632400000E+00 8.134020000E-02 1.546133979E+02
8.024410000E-03 4.632300000E+00 8.093610000E-02 1.545035710E+02
8.028310000E-03 4.632100000E+00 8.067550000E-02 1.544285161E+02
8.034070000E-03 4.631900000E+00 8.029050000E-02 1.543177991E+02
8.036610000E-03 4.631800000E+00 8.012070000E-02 1.542690264E+02
8.039150000E-03 4.631700000E+00 7.995090000E-02 1.542202845E+02
8.044090000E-03 4.631500000E+00 7.962010000E-02 1.541255754E+02
8.066210000E-03 4.630700000E+00 7.814090000E-02 1.537029162E+02
8.073490000E-03 4.630500000E+00 7.765420000E-02 1.535643198E+02
8.078720000E-03 4.630300000E+00 7.730440000E-02 1.534649053E+02
8.098510000E-03 4.629600000E+00 7.598120000E-02 1.530898894E+02
8.118300000E-03 4.628700000E+00 7.472690000E-02 1.527167018E+02
8.138080000E-03 4.627800000E+00 7.347830000E-02 1.523455164E+02
8.147980000E-03 4.627400000E+00 7.285400000E-02 1.521604128E+02
8.157870000E-03 4.626900000E+00 7.222970000E-02 1.519759447E+02
8.167760000E-03 4.626500000E+00 7.160540000E-02 1.517919234E+02
8.175180000E-03 4.626100000E+00 7.113710000E-02 1.516541532E+02
8.186310000E-03 4.625600000E+00 7.044150000E-02 1.514479662E+02
8.191880000E-03 4.625400000E+00 7.011150000E-02 1.513449904E+02
8.197450000E-03 4.625100000E+00 6.978150000E-02 1.512421546E+02
8.207340000E-03 4.624600000E+00 6.919490000E-02 1.510599049E+02
8.212290000E-03 4.624300000E+00 6.890160000E-02 1.509688528E+02
8.214760000E-03 4.624200000E+00 6.875500000E-02 1.509234597E+02
8.217230000E-03 4.624000000E+00 6.860830000E-02 1.508780940E+02
8.218470000E-03 4.624000000E+00 6.853500000E-02 1.508553295E+02
8.223110000E-03 4.623700000E+00 6.826000000E-02 1.507702074E+02
8.226590000E-03 4.623600000E+00 6.805380000E-02 1.507064288E+02
8.229190000E-03 4.623400000E+00 6.789910000E-02 1.506588133E+02
8.233110000E-03 4.623200000E+00 6.766710000E-02 1.505870807E+02
8.235060000E-03 4.623100000E+00 6.755110000E-02 1.505514228E+02
8.237020000E-03 4.623000000E+00 6.743510000E-02 1.505155991E+02
8.256810000E-03 4.622000000E+00 6.626190000E-02 1.501548419E+02
8.276590000E-03 4.620900000E+00 6.511080000E-02 1.497959909E+02
8.286490000E-03 4.620400000E+00 6.455730000E-02 1.496170272E+02
8.296380000E-03 4.619800000E+00 6.400380000E-02 1.494386708E+02
8.306280000E-03 4.619200000E+00 6.345040000E-02 1.492605595E+02
8.321120000E-03 4.618400000E+00 6.262020000E-02 1.489943661E+02
8.335960000E-03 4.617500000E+00 6.179000000E-02 1.487291206E+02
8.355740000E-03 4.616300000E+00 6.071280000E-02 1.483770438E+02
8.375530000E-03 4.615100000E+00 5.965910000E-02 1.480264533E+02
8.391440000E-03 4.614100000E+00 5.881180000E-02 1.477457981E+02
8.395320000E-03 4.613900000E+00 5.860530000E-02 1.476775156E+02
8.411310000E-03 4.612900000E+00 5.777010000E-02 1.473967789E+02
8.431180000E-03 4.611600000E+00 5.677050000E-02 1.470494047E+02
8.434890000E-03 4.611300000E+00 5.658390000E-02 1.469847265E+02
8.451060000E-03 4.610300000E+00 5.577080000E-02 1.467034904E+02
8.470930000E-03 4.608900000E+00 5.477110000E-02 1.463593726E+02
8.498280000E-03 4.607200000E+00 5.339510000E-02 1.458883445E+02
8.536490000E-03 4.604500000E+00 5.159130000E-02 1.452353368E+02
8.625600000E-03 4.598100000E+00 4.753810000E-02 1.437349286E+02
8.688510000E-03 4.591500000E+00 4.485860000E-02 1.426942019E+02
8.812660000E-03 4.575600000E+00 3.987950000E-02 1.406839706E+02
9.087270000E-03 4.539000000E+00 3.045010000E-02 1.364326140E+02
9.185120000E-03 4.525700000E+00 2.756660000E-02 1.349791837E+02
9.230340000E-03 4.519500000E+00 2.629300000E-02 1.343179124E+02
9.252940000E-03 4.516400000E+00 2.568650000E-02 1.339898454E+02
9.275550000E-03 4.513200000E+00 2.508390000E-02 1.336632329E+02
9.299230000E-03 4.510000000E+00 2.445290000E-02 1.333228665E+02
9.322220000E-03 4.506800000E+00 2.387230000E-02 1.329940722E+02
9.345160000E-03 4.503600000E+00 2.329280000E-02 1.326676055E+02
9.368110000E-03 4.500400000E+00 2.271830000E-02 1.323425963E+02
9.391050000E-03 4.497200000E+00 2.216880000E-02 1.320193163E+02
9.414000000E-03 4.494100000E+00 2.161930000E-02 1.316974719E+02
9.436940000E-03 4.490900000E+00 2.108200000E-02 1.313773321E+02
9.459890000E-03 4.487700000E+00 2.056350000E-02 1.310586064E+02
9.482830000E-03 4.484400000E+00 2.004500000E-02 1.307415613E+02
9.524240000E-03 4.478700000E+00 1.913570000E-02 1.301731162E+02
9.546850000E-03 4.475500000E+00 1.865550000E-02 1.298648245E+02
9.569460000E-03 4.472300000E+00 1.817530000E-02 1.295579897E+02
9.592060000E-03 4.469100000E+00 1.771410000E-02 1.292527361E+02
9.637280000E-03 4.462800000E+00 1.681260000E-02 1.286462570E+02
9.881560000E-03 4.428300000E+00 1.249830000E-02 1.254660195E+02
9.944850000E-03 4.419100000E+00 1.152780000E-02 1.246675415E+02
9.961610000E-03 4.416100000E+00 1.128380000E-02 1.244577935E+02
1.001110000E-02 4.407300000E+00 1.057410000E-02 1.238425348E+02
1.003570000E-02 4.402800000E+00 1.023420000E-02 1.235389659E+02
1.005580000E-02 4.398700000E+00 9.959260000E-03 1.232920305E+02
1.006020000E-02 4.397800000E+00 9.902600000E-03 1.232381066E+02
1.008470000E-02 4.392800000E+00 9.582600000E-03 1.229387091E+02
1.010920000E-02 4.387900000E+00 9.262590000E-03 1.226407629E+02
1.013590000E-02 4.382500000E+00 8.925890000E-03 1.223177024E+02
1.016260000E-02 4.377000000E+00 8.599500000E-03 1.219963395E+02
1.018700000E-02 4.372100000E+00 8.303350000E-03 1.217041327E+02
1.021140000E-02 4.367100000E+00 8.022230000E-03 1.214133224E+02
1.023580000E-02 4.362200000E+00 7.741120000E-03 1.211238985E+02
1.026030000E-02 4.357200000E+00 7.471710000E-03 1.208346735E+02
1.028470000E-02 4.352300000E+00 7.207900000E-03 1.205479985E+02
1.031060000E-02 4.347000000E+00 6.927320000E-03 1.202451846E+02
1.034570000E-02 4.339900000E+00 6.569760000E-03 1.198372271E+02
1.038230000E-02 4.332400000E+00 6.209520000E-03 1.194147732E+02
1.040670000E-02 4.327500000E+00 5.973530000E-03 1.191347882E+02
1.042800000E-02 4.323200000E+00 5.775940000E-03 1.188914461E+02
1.045250000E-02 4.318200000E+00 5.551600000E-03 1.186127721E+02
1.047640000E-02 4.313400000E+00 5.341030000E-03 1.183421786E+02
1.050110000E-02 4.308300000E+00 5.126100000E-03 1.180638219E+02
1.052180000E-02 4.304100000E+00 4.953350000E-03 1.178315497E+02
1.054670000E-02 4.299100000E+00 4.749640000E-03 1.175533579E+02
1.055060000E-02 4.298300000E+00 4.717330000E-03 1.175099046E+02
1.059530000E-02 4.289200000E+00 4.366500000E-03 1.170141478E+02
1.059590000E-02 4.289000000E+00 4.362190000E-03 1.170075218E+02
1.060180000E-02 4.287400000E+00 4.316750000E-03 1.169424060E+02
1.064750000E-02 4.274800000E+00 3.979350000E-03 1.164404790E+02
1.067350000E-02 4.267600000E+00 3.795350000E-03 1.161568370E+02
1.069960000E-02 4.260500000E+00 3.615410000E-03 1.158734906E+02
1.072570000E-02 4.252200000E+00 3.444100000E-03 1.155915232E+02
1.077090000E-02 4.237600000E+00 3.157220000E-03 1.151064442E+02
1.081160000E-02 4.224500000E+00 2.912670000E-03 1.146731289E+02
1.083800000E-02 4.215900000E+00 2.762150000E-03 1.143937996E+02
1.086960000E-02 4.205700000E+00 2.586070000E-03 1.140612350E+02
1.088930000E-02 4.199400000E+00 2.483340000E-03 1.138548851E+02
1.091730000E-02 4.190300000E+00 2.337640000E-03 1.135628773E+02
1.095030000E-02 4.179600000E+00 2.175000000E-03 1.132206424E+02
1.104540000E-02 4.148900000E+00 1.750630000E-03 1.122458218E+02
1.109500000E-02 4.132900000E+00 1.552110000E-03 1.117440288E+02
1.111770000E-02 4.125600000E+00 1.468090000E-03 1.115158711E+02
1.119510000E-02 4.100600000E+00 1.200980000E-03 1.107448795E+02
1.134890000E-02 4.039200000E+00 7.957550000E-04 1.092440677E+02
1.154380000E-02 3.896000000E+00 1.115040000E-02 1.073996431E+02
1.172730000E-02 3.706700000E+00 1.784420000E-01 1.057191340E+02
1.215070000E-02 3.883500000E+00 5.138860000E-01 1.020352737E+02
1.271870000E-02 3.969900000E+00 5.530460000E-01 9.747851589E+01
1.329990000E-02 3.971300000E+00 6.003270000E-01 9.321874601E+01
1.490000000E-02 3.894800000E+00 7.648150000E-01 8.320805369E+01
1.717910000E-02 3.754000000E+00 1.067730000E+00 7.216908918E+01
1.950000000E-02 3.629200000E+00 1.431800000E+00 6.357948718E+01
2.070000000E-02 3.574100000E+00 1.629070000E+00 5.989371981E+01
2.238720000E-02 3.530000000E+00 1.932750000E+00 5.537985992E+01
2.371370000E-02 3.512600000E+00 2.179090000E+00 5.228201419E+01
2.511890000E-02 3.517200000E+00 2.447050000E+00 4.935725689E+01
2.548040000E-02 3.523500000E+00 2.516610000E+00 4.865700695E+01
2.691540000E-02 3.557300000E+00 2.793150000E+00 4.606284878E+01
2.826440000E-02 3.615000000E+00 3.051230000E+00 4.386436648E+01
2.851020000E-02 3.625500000E+00 3.098170000E+00 4.348619091E+01
3.019950000E-02 3.728400000E+00 3.413650000E+00 4.105365983E+01
3.070050000E-02 3.767700000E+00 3.503430000E+00 4.038370711E+01
3.162280000E-02 3.840200000E+00 3.668720000E+00 3.920588942E+01
3.283200000E-02 3.942800000E+00 3.875790000E+00 3.776193957E+01
3.376450000E-02 4.027200000E+00 4.028880000E+00 3.671903923E+01
3.463880000E-02 4.112100000E+00 4.166730000E+00 3.579223299E+01
3.584260000E-02 4.237800000E+00 4.345720000E+00 3.459012460E+01
3.692120000E-02 4.355500000E+00 4.499200000E+00 3.357962363E+01
3.725970000E-02 4.394800000E+00 4.542760000E+00 3.327455669E+01
3.758760000E-02 4.432900000E+00 4.584950000E+00 3.298428205E+01
3.822290000E-02 4.506700000E+00 4.666700000E+00 3.243605273E+01
3.850000000E-02 4.538900000E+00 4.702360000E+00 3.220259740E+01
3.881850000E-02 4.576700000E+00 4.741440000E+00 3.193837990E+01
3.937690000E-02 4.644900000E+00 4.805510000E+00 3.148546483E+01
3.990030000E-02 4.709100000E+00 4.864770000E+00 3.107244808E+01
4.088190000E-02 4.830500000E+00 4.970420000E+00 3.032637916E+01
4.174070000E-02 4.938100000E+00 5.053870000E+00 2.970242473E+01
4.249220000E-02 5.032300000E+00 5.125000000E+00 2.917711957E+01
4.314970000E-02 5.114900000E+00 5.183170000E+00 2.873252885E+01
4.372510000E-02 5.187400000E+00 5.229700000E+00 2.835442343E+01
4.422850000E-02 5.250900000E+00 5.270410000E+00 2.803169902E+01
4.466900000E-02 5.306500000E+00 5.306030000E+00 2.775526652E+01
4.543990000E-02 5.400700000E+00 5.360930000E+00 2.728439103E+01
4.601810000E-02 5.466500000E+00 5.398440000E+00 2.694157299E+01
4.645170000E-02 5.514800000E+00 5.426570000E+00 2.669008884E+01
4.677690000E-02 5.551000000E+00 5.447670000E+00 2.650453536E+01
4.731510000E-02 5.610900000E+00 5.482590000E+00 2.620305146E+01
4.750860000E-02 5.632200000E+00 5.493960000E+00 2.609632782E+01
4.775250000E-02 5.659100000E+00 5.508280000E+00 2.596303858E+01
4.788970000E-02 5.674200000E+00 5.516330000E+00 2.588865664E+01
4.800750000E-02 5.687100000E+00 5.523180000E+00 2.582513149E+01
4.812540000E-02 5.699600000E+00 5.529020000E+00 2.576186380E+01
4.824330000E-02 5.712000000E+00 5.534860000E+00 2.569890534E+01
4.836120000E-02 5.724400000E+00 5.540700000E+00 2.563625386E+01
4.847900000E-02 5.736900000E+00 5.546540000E+00 2.557395986E+01
4.883270000E-02 5.774100000E+00 5.564050000E+00 2.538872518E+01
4.895050000E-02 5.786600000E+00 5.569890000E+00 2.532762689E+01
4.900950000E-02 5.792800000E+00 5.572810000E+00 2.529713627E+01
4.906840000E-02 5.799000000E+00 5.575730000E+00 2.526677047E+01
4.920420000E-02 5.813300000E+00 5.582460000E+00 2.519703603E+01
4.930860000E-02 5.824400000E+00 5.587630000E+00 2.514368690E+01
4.942940000E-02 5.837100000E+00 5.593610000E+00 2.508223851E+01
4.955020000E-02 5.849800000E+00 5.599590000E+00 2.502108972E+01
4.968860000E-02 5.864400000E+00 5.606450000E+00 2.495139730E+01
4.974920000E-02 5.870800000E+00 5.609450000E+00 2.492100375E+01
4.980980000E-02 5.877200000E+00 5.612450000E+00 2.489068416E+01
4.987030000E-02 5.883600000E+00 5.615450000E+00 2.486048811E+01
4.996110000E-02 5.893200000E+00 5.619950000E+00 2.481530631E+01
5.000660000E-02 5.898000000E+00 5.622200000E+00 2.479272736E+01
5.005200000E-02 5.902800000E+00 5.624450000E+00 2.477023895E+01
5.011870000E-02 5.909800000E+00 5.627750000E+00 2.473727371E+01
5.014280000E-02 5.912300000E+00 5.628790000E+00 2.472538430E+01
5.017310000E-02 5.915400000E+00 5.630100000E+00 2.471045241E+01
5.020340000E-02 5.918500000E+00 5.631400000E+00 2.469553855E+01
5.024880000E-02 5.923100000E+00 5.633360000E+00 2.467322603E+01
5.027150000E-02 5.925500000E+00 5.634330000E+00 2.466208488E+01
5.028280000E-02 5.926600000E+00 5.634820000E+00 2.465654260E+01
5.029140000E-02 5.927500000E+00 5.635190000E+00 2.465232624E+01
5.029420000E-02 5.927800000E+00 5.635310000E+00 2.465095379E+01
5.041530000E-02 5.940200000E+00 5.640530000E+00 2.459174100E+01
5.044560000E-02 5.943300000E+00 5.641830000E+00 2.457697004E+01
5.053640000E-02 5.952600000E+00 5.645750000E+00 2.453281199E+01
5.059700000E-02 5.958800000E+00 5.648350000E+00 2.450342906E+01
5.065750000E-02 5.965100000E+00 5.650960000E+00 2.447416473E+01
5.071810000E-02 5.971300000E+00 5.653570000E+00 2.444492203E+01
5.080890000E-02 5.980600000E+00 5.657480000E+00 2.440123679E+01
5.089970000E-02 5.989900000E+00 5.661400000E+00 2.435770741E+01
5.099940000E-02 6.000100000E+00 5.665690000E+00 2.431008992E+01
5.112020000E-02 6.012500000E+00 5.670890000E+00 2.425264377E+01
5.124100000E-02 6.024900000E+00 5.676090000E+00 2.419546847E+01
5.128610000E-02 6.029500000E+00 5.678040000E+00 2.417419145E+01
5.138420000E-02 6.039300000E+00 5.681450000E+00 2.412803936E+01
5.148250000E-02 6.049000000E+00 5.684870000E+00 2.408196960E+01
5.162640000E-02 6.063300000E+00 5.689880000E+00 2.401484512E+01
5.176160000E-02 6.076700000E+00 5.694580000E+00 2.395211895E+01
5.188270000E-02 6.087200000E+00 5.698760000E+00 2.389621203E+01
5.212700000E-02 6.108300000E+00 5.707180000E+00 2.378421931E+01
5.235600000E-02 6.128100000E+00 5.715070000E+00 2.368018947E+01
5.278550000E-02 6.164700000E+00 5.729870000E+00 2.348751077E+01
5.316120000E-02 6.194900000E+00 5.742820000E+00 2.332152021E+01
5.381880000E-02 6.247800000E+00 5.765470000E+00 2.303655972E+01
5.431210000E-02 6.285700000E+00 5.780070000E+00 2.282732577E+01
5.505520000E-02 6.341100000E+00 5.799880000E+00 2.251921708E+01
5.630030000E-02 6.412500000E+00 5.832540000E+00 2.202119705E+01
5.730220000E-02 6.444000000E+00 5.854220000E+00 2.163616755E+01
5.780910000E-02 6.453500000E+00 5.863550000E+00 2.144645047E+01
5.834880000E-02 6.457300000E+00 5.873490000E+00 2.124808051E+01
5.874700000E-02 6.444500000E+00 5.880840000E+00 2.110405638E+01
5.927270000E-02 6.405800000E+00 5.890920000E+00 2.091688079E+01
5.987040000E-02 6.292300000E+00 5.926920000E+00 2.070806275E+01
6.036210000E-02 6.141200000E+00 6.069520000E+00 2.053937819E+01
6.136470000E-02 6.209700000E+00 6.642330000E+00 2.020379795E+01
6.938250000E-02 8.126700000E+00 6.797920000E+00 1.786905920E+01
8.450000000E-02 9.168700000E+00 6.486290000E+00 1.467218935E+01
8.754500000E-02 9.283900000E+00 6.463070000E+00 1.416185962E+01
8.906020000E-02 9.327500000E+00 6.452020000E+00 1.392092091E+01
9.047350000E-02 9.328300000E+00 6.445060000E+00 1.370346013E+01
9.161920000E-02 9.252300000E+00 6.488940000E+00 1.353209808E+01
9.344840000E-02 9.346200000E+00 6.849020000E+00 1.326721485E+01
1.532880000E-01 1.270890000E+01 6.320300000E+00 8.088043422E+00
2.029500000E-01 1.401520000E+01 5.503660000E+00 6.108893816E+00
2.714880000E-01 1.490350000E+01 4.562870000E+00 4.566684347E+00
3.558450000E-01 1.511574000E+01 3.651900000E+00 3.484101224E+00
4.389830000E-01 1.468880000E+01 2.992210000E+00 2.824255153E+00
5.069910000E-01 1.380860000E+01 2.578980000E+00 2.445408301E+00
5.464890000E-01 1.291170000E+01 2.377080000E+00 2.268664145E+00
5.711090000E-01 1.210850000E+01 2.264290000E+00 2.170864056E+00
5.888440000E-01 1.132930000E+01 2.187600000E+00 2.105481248E+00
6.000110000E-01 1.068250000E+01 2.141170000E+00 2.066295451E+00
6.075700000E-01 1.015850000E+01 2.110620000E+00 2.040587916E+00
6.095090000E-01 1.001270000E+01 2.103050000E+00 2.034096297E+00
6.146150000E-01 9.582300000E+00 2.083210000E+00 2.017197758E+00
6.191480000E-01 9.164700000E+00 2.065670000E+00 2.002429145E+00
6.227900000E-01 8.760800000E+00 2.051810000E+00 1.990719183E+00
6.251140000E-01 8.488000000E+00 2.043140000E+00 1.983318243E+00
6.286750000E-01 8.023700000E+00 2.029870000E+00 1.972084145E+00
6.302760000E-01 7.780900000E+00 2.023980000E+00 1.967074742E+00
6.318070000E-01 7.528900000E+00 2.018520000E+00 1.962308110E+00
6.330160000E-01 7.317500000E+00 2.014540000E+00 1.958560289E+00
6.358540000E-01 6.766200000E+00 2.009480000E+00 1.949818669E+00
6.366050000E-01 6.603100000E+00 2.010490000E+00 1.947518477E+00
6.379860000E-01 6.271000000E+00 2.017980000E+00 1.943302831E+00
6.394810000E-01 5.867600000E+00 2.040400000E+00 1.938759713E+00
6.410960000E-01 5.372000000E+00 2.095130000E+00 1.933875738E+00
6.422330000E-01 4.982400000E+00 2.164030000E+00 1.930452032E+00
6.435170000E-01 4.502700000E+00 2.286010000E+00 1.926600230E+00
6.448390000E-01 3.969300000E+00 2.476810000E+00 1.922650460E+00
6.455350000E-01 3.676500000E+00 2.609120000E+00 1.920577505E+00
6.462040000E-01 3.389600000E+00 2.760850000E+00 1.918589176E+00
6.470980000E-01 3.003500000E+00 3.002370000E+00 1.915938544E+00
6.473440000E-01 2.897100000E+00 3.076650000E+00 1.915210460E+00
6.476440000E-01 2.768100000E+00 3.172600000E+00 1.914323301E+00
6.482830000E-01 2.498700000E+00 3.395760000E+00 1.912436390E+00
6.484420000E-01 2.431700000E+00 3.454210000E+00 1.911967454E+00
6.484720000E-01 2.419500000E+00 3.465870000E+00 1.911879002E+00
6.487530000E-01 2.304900000E+00 3.575290000E+00 1.911050893E+00
6.488370000E-01 2.270300000E+00 3.608180000E+00 1.910803484E+00
6.489210000E-01 2.236100000E+00 3.641700000E+00 1.910556139E+00
6.504690000E-01 1.649500000E+00 4.337400000E+00 1.906009356E+00
6.508550000E-01 1.516700000E+00 4.530510000E+00 1.904878967E+00
6.521150000E-01 1.142500000E+00 5.209620000E+00 1.901198408E+00
6.528870000E-01 9.870000000E-01 5.654510000E+00 1.898950354E+00
6.537790000E-01 8.385000000E-01 6.185470000E+00 1.896359473E+00
6.545910000E-01 6.966000000E-01 6.680420000E+00 1.894007098E+00
6.552000000E-01 5.866000000E-01 7.059910000E+00 1.892246642E+00
6.557670000E-01 5.556000000E-01 7.409080000E+00 1.890610537E+00
6.563000000E-01 5.253000000E-01 7.744560000E+00 1.889075118E+00
6.569600000E-01 5.248000000E-01 8.151190000E+00 1.887177302E+00
6.579000000E-01 5.570000000E-01 8.727770000E+00 1.884480924E+00
6.582100000E-01 5.808000000E-01 8.911530000E+00 1.883593382E+00
6.587240000E-01 6.231000000E-01 9.220950000E+00 1.882123621E+00
6.595390000E-01 7.196000000E-01 9.698190000E+00 1.879797859E+00
6.610890000E-01 9.762000000E-01 1.056430000E+01 1.875390454E+00
6.621600000E-01 1.206200000E+00 1.113490000E+01 1.872357134E+00
6.639210000E-01 1.697500000E+00 1.201080000E+01 1.867390849E+00
6.641900000E-01 1.782200000E+00 1.213370000E+01 1.866634547E+00
6.663390000E-01 2.448300000E+00 1.304480000E+01 1.860614492E+00
6.672000000E-01 2.755900000E+00 1.336960000E+01 1.858213429E+00
6.689600000E-01 3.419700000E+00 1.393670000E+01 1.853324564E+00
6.720000000E-01 4.596900000E+00 1.465210000E+01 1.844940476E+00
6.782080000E-01 6.785900000E+00 1.528980000E+01 1.828052751E+00
6.959630000E-01 1.053010000E+01 1.507120000E+01 1.781416541E+00
7.275700000E-01 1.352980000E+01 1.418360000E+01 1.704028478E+00
7.467030000E-01 1.443410000E+01 1.369030000E+01 1.660365634E+00
7.573040000E-01 1.451110000E+01 1.355410000E+01 1.637123269E+00
7.632170000E-01 1.446660000E+01 1.381240000E+01 1.624439707E+00
7.724960000E-01 1.505357000E+01 1.448760000E+01 1.604927404E+00
7.826060000E-01 1.607404000E+01 1.454730000E+01 1.584194346E+00
8.044320000E-01 1.741909000E+01 1.407380000E+01 1.541211687E+00
8.436420000E-01 1.900503000E+01 1.325280000E+01 1.469580699E+00
8.981710000E-01 2.047292000E+01 1.221420000E+01 1.380360755E+00
9.482740000E-01 2.144556000E+01 1.136800000E+01 1.307428022E+00
1.015810000E+00 2.239231000E+01 1.035470000E+01 1.220503834E+00
1.067130000E+00 2.293081000E+01 9.671680000E+00 1.161807840E+00
1.122220000E+00 2.338197000E+01 9.002720000E+00 1.104774465E+00
1.174240000E+00 2.371704000E+01 8.423110000E+00 1.055831857E+00
1.266190000E+00 2.413165200E+01 7.541240000E+00 9.791579463E-01
1.318260000E+00 2.430939000E+01 7.105640000E+00 9.404821507E-01
1.362010000E+00 2.443236000E+01 6.764510000E+00 9.102723181E-01
1.411670000E+00 2.454648800E+01 6.406670000E+00 8.782505826E-01
1.456930000E+00 2.463242800E+01 6.104960000E+00 8.509674452E-01
1.488990000E+00 2.468175000E+01 5.902150000E+00 8.326449472E-01
1.519130000E+00 2.472254700E+01 5.719280000E+00 8.161250189E-01
1.562240000E+00 2.476839900E+01 5.476630000E+00 7.936040557E-01
1.591710000E+00 2.479561900E+01 5.319520000E+00 7.789107312E-01
1.630840000E+00 2.482640600E+01 5.121590000E+00 7.602217262E-01
1.644800000E+00 2.483558600E+01 5.054840000E+00 7.537694553E-01
1.690020000E+00 2.486255600E+01 4.845520000E+00 7.336007858E-01
1.701620000E+00 2.486891800E+01 4.793350000E+00 7.285998049E-01
1.713300000E+00 2.487500100E+01 4.741510000E+00 7.236327555E-01
1.744980000E+00 2.488821700E+01 4.605010000E+00 7.104952492E-01
1.747830000E+00 2.488928000E+01 4.593040000E+00 7.093367204E-01
1.765180000E+00 2.489441500E+01 4.522240000E+00 7.023646314E-01
1.785350000E+00 2.490045360E+01 4.440180000E+00 6.944296637E-01
1.790040000E+00 2.490169000E+01 4.421680000E+00 6.926102210E-01
1.812370000E+00 2.490677520E+01 4.335230000E+00 6.840766510E-01
1.814200000E+00 2.490707850E+01 4.328200000E+00 6.833866167E-01
1.827350000E+00 2.490926130E+01 4.277690000E+00 6.784688210E-01
1.829490000E+00 2.490952750E+01 4.269760000E+00 6.776751991E-01
1.842750000E+00 2.491089210E+01 4.221370000E+00 6.727988061E-01
1.848990000E+00 2.491154170E+01 4.198630000E+00 6.705282343E-01
1.866000000E+00 2.491328850E+01 4.136930000E+00 6.644158628E-01
1.873600000E+00 2.491423200E+01 4.110640000E+00 6.617207515E-01
1.913100000E+00 2.491734960E+01 3.975650000E+00 6.480581256E-01
1.923370000E+00 2.491790520E+01 3.941040000E+00 6.445977633E-01
1.941580000E+00 2.491799960E+01 3.881530000E+00 6.385521070E-01
1.953410000E+00 2.491758530E+01 3.843270000E+00 6.346849868E-01
1.973490000E+00 2.491663450E+01 3.779800000E+00 6.282271509E-01
1.975560000E+00 2.491638900E+01 3.773440000E+00 6.275688919E-01
1.975930000E+00 2.491634610E+01 3.772310000E+00 6.274513773E-01
1.994540000E+00 2.491426310E+01 3.715440000E+00 6.215969597E-01
2.001960000E+00 2.491328530E+01 3.692980000E+00 6.192930928E-01
2.015660000E+00 2.491164990E+01 3.653050000E+00 6.150838931E-01
2.048320000E+00 2.490793830E+01 3.559500000E+00 6.052765193E-01
2.083420000E+00 2.490248570E+01 3.462700000E+00 5.950792447E-01
2.106530000E+00 2.489816900E+01 3.400560000E+00 5.885508395E-01
2.229240000E+00 2.486816900E+01 3.101230000E+00 5.561536667E-01
2.300780000E+00 2.484757800E+01 2.943040000E+00 5.388607342E-01
2.504670000E+00 2.477710100E+01 2.556800000E+00 4.949953487E-01
2.770040000E+00 2.467215200E+01 2.159770000E+00 4.475747643E-01
3.166080000E+00 2.451275200E+01 1.721420000E+00 3.915883364E-01
3.624720000E+00 2.432227400E+01 1.363680000E+00 3.420402128E-01
4.147250000E+00 2.409996900E+01 1.078940000E+00 2.989450841E-01
4.729650000E+00 2.382594000E+01 8.562380000E-01 2.621335617E-01
5.275290000E+00 2.350101000E+01 7.055210000E-01 2.350202548E-01
5.660460000E+00 2.317391000E+01 6.217440000E-01 2.190281355E-01
5.953260000E+00 2.279709000E+01 5.682660000E-01 2.082556448E-01
6.143800000E+00 2.240161000E+01 5.367960000E-01 2.017969335E-01
6.284430000E+00 2.192608000E+01 5.154200000E-01 1.972812172E-01
6.356840000E+00 2.149549000E+01 5.119600000E-01 1.950340106E-01
6.386190000E+00 2.122874000E+01 5.363550000E-01 1.941376627E-01
6.404300000E+00 2.102290000E+01 5.813710000E-01 1.935886826E-01
6.419060000E+00 2.083158000E+01 6.495610000E-01 1.931435444E-01
6.435450000E+00 2.060121000E+01 7.734900000E-01 1.926516405E-01
6.451330000E+00 2.037489000E+01 9.547520000E-01 1.921774270E-01
6.470200000E+00 2.013328000E+01 1.257650000E+00 1.916169516E-01
6.499070000E+00 1.992316000E+01 1.878680000E+00 1.907657557E-01
6.531890000E+00 1.999674000E+01 2.653540000E+00 1.898072380E-01
6.562820000E+00 2.036022000E+01 3.239090000E+00 1.889126930E-01
6.594310000E+00 2.084497000E+01 3.585350000E+00 1.880105728E-01
6.636760000E+00 2.142547000E+01 3.741620000E+00 1.868080208E-01
6.678630000E+00 2.182570000E+01 3.743000000E+00 1.856368746E-01
6.713260000E+00 2.208289000E+01 3.720440000E+00 1.846792765E-01
6.802700000E+00 2.254892000E+01 3.650160000E+00 1.822511650E-01
6.918310000E+00 2.296122000E+01 3.555710000E+00 1.792056152E-01
7.084370000E+00 2.337732000E+01 3.429280000E+00 1.750049757E-01
7.269780000E+00 2.370881000E+01 3.295180000E+00 1.705416120E-01
7.484790000E+00 2.399684000E+01 3.147040000E+00 1.656425898E-01
7.715140000E+00 2.423086500E+01 3.002210000E+00 1.606970191E-01
7.940980000E+00 2.441763300E+01 2.865780000E+00 1.561268257E-01
8.127520000E+00 2.454222500E+01 2.758370000E+00 1.525434573E-01
8.321780000E+00 2.464967500E+01 2.653600000E+00 1.489825494E-01
8.490550000E+00 2.473254100E+01 2.566820000E+00 1.460211647E-01
8.690860000E+00 2.481444800E+01 2.470280000E+00 1.426556175E-01
8.954480000E+00 2.490652410E+01 2.351870000E+00 1.384558344E-01
9.171800000E+00 2.496945600E+01 2.260600000E+00 1.351752110E-01
9.288470000E+00 2.499843898E+01 2.214410000E+00 1.334773111E-01
9.363190000E+00 2.501693790E+01 2.185060000E+00 1.324121373E-01
9.577380000E+00 2.506380340E+01 2.105340000E+00 1.294508519E-01
9.830560000E+00 2.511162000E+01 2.017200000E+00 1.261169252E-01
1.015790000E+01 2.516460000E+01 1.911000000E+00 1.220527865E-01
1.046530000E+01 2.520604100E+01 1.817010000E+00 1.184676980E-01
1.084470000E+01 2.524609400E+01 1.708950000E+00 1.143231256E-01
1.150750000E+01 2.529457500E+01 1.542710000E+00 1.077384315E-01
1.248550000E+01 2.533501100E+01 1.340990000E+00 9.929918706E-02
1.371720000E+01 2.535848800E+01 1.136100000E+00 9.038287697E-02
1.552320000E+01 2.535641300E+01 9.111670000E-01 7.986755308E-02
1.763610000E+01 2.533530800E+01 7.222420000E-01 7.029898901E-02
1.992390000E+01 2.530336200E+01 5.768960000E-01 6.222677287E-02
2.239970000E+01 2.526838400E+01 4.628690000E-01 5.534895557E-02
2.525380000E+01 2.523133300E+01 3.686590000E-01 4.909360175E-02
2.841140000E+01 2.519531100E+01 2.936540000E-01 4.363741315E-02
3.214140000E+01 2.516032200E+01 2.309710000E-01 3.857330421E-02
3.610790000E+01 2.512976500E+01 1.837530000E-01 3.433597634E-02
4.065030000E+01 2.510190000E+01 1.450750000E-01 3.049915991E-02
4.548490000E+01 2.507826170E+01 1.158670000E-01 2.725739751E-02
5.105900000E+01 2.505694870E+01 9.165290000E-02 2.428171331E-02
5.646560000E+01 2.504058920E+01 7.469000000E-02 2.195673118E-02
6.165950000E+01 2.502798610E+01 6.235640000E-02 2.010720165E-02
6.646580000E+01 2.501823840E+01 5.338920000E-02 1.865320210E-02
7.084060000E+01 2.501073780E+01 4.682290000E-02 1.750126340E-02
7.382470000E+01 2.500624179E+01 4.301130000E-02 1.679383729E-02
7.650890000E+01 2.500253586E+01 3.994090000E-02 1.620465070E-02
7.777320000E+01 2.500090264E+01 3.860630000E-02 1.594122397E-02
7.875030000E+01 2.499969849E+01 3.762650000E-02 1.574343209E-02
7.948480000E+01 2.499880622E+01 3.690140000E-02 1.559795080E-02
8.165940000E+01 2.499628584E+01 3.488130000E-02 1.518257543E-02
8.499730000E+01 2.499271097E+01 3.209060000E-02 1.458634568E-02
9.050710000E+01 2.498750430E+01 2.812700000E-02 1.369837283E-02
9.837190000E+01 2.498129810E+01 2.363110000E-02 1.260319258E-02
1.086510000E+02 2.497487170E+01 1.919810000E-02 1.141084758E-02
1.210850000E+02 2.496889810E+01 1.530920000E-02 1.023908824E-02
1.350400000E+02 2.496383220E+01 1.218750000E-02 9.180983412E-03
1.502790000E+02 2.495961570E+01 9.750510000E-03 8.249988355E-03
1.669900000E+02 2.495612310E+01 7.842210000E-03 7.424396670E-03
1.870820000E+02 2.495300100E+01 6.201450000E-03 6.627040549E-03
2.088940000E+02 2.495049460E+01 4.953300000E-03 5.935067546E-03
2.318010000E+02 2.494852570E+01 4.010450000E-03 5.348553285E-03
2.600160000E+02 2.494673400E+01 3.191960000E-03 4.768168113E-03
2.909040000E+02 2.494529890E+01 2.565910000E-03 4.261887083E-03
3.244270000E+02 2.494415460E+01 2.084880000E-03 3.821506841E-03
3.620350000E+02 2.494320960E+01 1.700990000E-03 3.424530777E-03
4.062090000E+02 2.494240130E+01 1.384260000E-03 3.052123414E-03
4.557740000E+02 2.494174550E+01 1.135890000E-03 2.720207822E-03
5.158770000E+02 2.494117830E+01 9.274100000E-04 2.403286055E-03
5.821030000E+02 2.494073920E+01 7.691230000E-04 2.129863615E-03
6.659820000E+02 2.494036000E+01 6.337630000E-04 1.861611875E-03
7.594650000E+02 2.494007650E+01 5.328590000E-04 1.632464959E-03
8.811070000E+02 2.493983410E+01 4.464090000E-04 1.407093577E-03
1.022000000E+03 2.493965380E+01 3.799600000E-04 1.213111546E-03
1.228710000E+03 2.493949320E+01 3.138900000E-04 1.009025726E-03
1.477240000E+03 2.493938210E+01 2.593080000E-04 8.392678238E-04
1.776030000E+03 2.493930520E+01 2.142180000E-04 6.980737938E-04
2.135260000E+03 2.493925200E+01 1.769680000E-04 5.806318668E-04
2.567150000E+03 2.493921530E+01 1.461950000E-04 4.829480163E-04
3.086390000E+03 2.493918980E+01 1.207740000E-04 4.016990724E-04
3.710660000E+03 2.493917220E+01 9.977280000E-05 3.341184587E-04
4.461190000E+03 2.493916000E+01 8.242350000E-05 2.779079125E-04
5.363530000E+03 2.493915160E+01 6.809110000E-05 2.311537364E-04
6.448380000E+03 2.493914570E+01 5.625090000E-05 1.922653442E-04
7.752660000E+03 2.493914170E+01 4.646950000E-05 1.599193051E-04
9.320750000E+03 2.493913890E+01 3.838910000E-05 1.330150471E-04
1.000000000E+04 2.493913810E+01 3.574700000E-05 1.239800000E-04
