# Data retrieved from https://www-nds.iaea.org/epdl97/za1to100.htm 03/01/2021
# Element, N  (Z = 7) 
# Atomic weight, g mol-1 = 14.007 
# Nominal density, g cm-3 =  1.25060E-3 
# Relativistic correction estimate f_rel(5CL)*,  e atom-1 =  0 
# Nuclear Thomson correction f_NT*, e atom-1 =  0 
#    E [keV]      f1 [e atom-1]      f2 [e atom-1]    Wavelength [nm] 
1.000000000E-03 9.690900000E-01 0.000000000E+00 1.239800000E+03
1.500000000E-03 9.596200000E-01 0.000000000E+00 8.265333333E+02
1.687500000E-03 9.560700000E-01 0.000000000E+00 7.346962963E+02
1.898440000E-03 9.520700000E-01 0.000000000E+00 6.530625145E+02
2.000000000E-03 9.501500000E-01 0.000000000E+00 6.199000000E+02
2.135740000E-03 9.457000000E-01 0.000000000E+00 5.805013719E+02
2.402710000E-03 9.369400000E-01 0.000000000E+00 5.160006826E+02
2.703050000E-03 9.270900000E-01 0.000000000E+00 4.586670613E+02
3.000000000E-03 9.173500000E-01 0.000000000E+00 4.132666667E+02
3.040930000E-03 9.154900000E-01 0.000000000E+00 4.077042221E+02
3.421050000E-03 8.982600000E-01 0.000000000E+00 3.624033557E+02
3.750000000E-03 8.833500000E-01 0.000000000E+00 3.306133333E+02
3.848680000E-03 8.775100000E-01 0.000000000E+00 3.221364208E+02
4.000000000E-03 8.685600000E-01 0.000000000E+00 3.099500000E+02
4.312320000E-03 8.494600000E-01 0.000000000E+00 2.875018551E+02
4.687500000E-03 8.265200000E-01 0.000000000E+00 2.644906667E+02
4.718010000E-03 8.240100000E-01 0.000000000E+00 2.627802824E+02
5.072990000E-03 7.948300000E-01 0.000000000E+00 2.443923603E+02
5.383600000E-03 7.693000000E-01 0.000000000E+00 2.302919979E+02
5.655380000E-03 7.469600000E-01 0.000000000E+00 2.192248797E+02
5.859380000E-03 7.301900000E-01 0.000000000E+00 2.115923528E+02
5.893190000E-03 7.266400000E-01 0.000000000E+00 2.103784198E+02
6.101270000E-03 7.047700000E-01 0.000000000E+00 2.032035953E+02
6.283340000E-03 6.856300000E-01 0.000000000E+00 1.973154405E+02
6.506950000E-03 6.620800000E-01 0.000000000E+00 1.905347359E+02
6.601970000E-03 6.491600000E-01 0.000000000E+00 1.877924317E+02
6.840940000E-03 6.166700000E-01 0.000000000E+00 1.812324037E+02
7.020160000E-03 5.923000000E-01 0.000000000E+00 1.766056614E+02
7.154580000E-03 5.740300000E-01 0.000000000E+00 1.732876004E+02
7.255400000E-03 5.603200000E-01 0.000000000E+00 1.708796207E+02
7.331010000E-03 5.500400000E-01 0.000000000E+00 1.691172158E+02
7.387720000E-03 5.423300000E-01 0.000000000E+00 1.678190294E+02
7.430250000E-03 5.365500000E-01 0.000000000E+00 1.668584503E+02
7.462150000E-03 5.322100000E-01 0.000000000E+00 1.661451458E+02
7.510000000E-03 5.257100000E-01 0.000000000E+00 1.650865513E+02
7.533920000E-03 5.224600000E-01 0.000000000E+00 1.645624058E+02
7.557840000E-03 5.192000000E-01 0.000000000E+00 1.640415780E+02
7.568920000E-03 5.177000000E-01 0.000000000E+00 1.638014406E+02
7.579990000E-03 5.161900000E-01 0.000000000E+00 1.635622211E+02
7.598650000E-03 5.136600000E-01 0.000000000E+00 1.631605614E+02
7.617300000E-03 5.111200000E-01 0.000000000E+00 1.627610833E+02
7.635960000E-03 5.085100000E-01 0.000000000E+00 1.623633440E+02
7.654620000E-03 5.051100000E-01 0.000000000E+00 1.619675438E+02
7.673270000E-03 5.016500000E-01 0.000000000E+00 1.615738792E+02
7.681620000E-03 5.001000000E-01 0.000000000E+00 1.613982467E+02
7.694140000E-03 4.977800000E-01 0.000000000E+00 1.611356175E+02
7.706660000E-03 4.954500000E-01 0.000000000E+00 1.608738416E+02
7.717960000E-03 4.933500000E-01 0.000000000E+00 1.606383034E+02
7.729250000E-03 4.912600000E-01 0.000000000E+00 1.604036614E+02
7.743240000E-03 4.886600000E-01 0.000000000E+00 1.601138541E+02
7.747900000E-03 4.877900000E-01 0.000000000E+00 1.600175531E+02
7.761900000E-03 4.852000000E-01 0.000000000E+00 1.597289323E+02
7.764230000E-03 4.847600000E-01 0.000000000E+00 1.596809986E+02
7.766560000E-03 4.843300000E-01 0.000000000E+00 1.596330937E+02
7.767730000E-03 4.841100000E-01 0.000000000E+00 1.596090492E+02
7.785220000E-03 4.808700000E-01 0.000000000E+00 1.592504772E+02
7.787550000E-03 4.804300000E-01 0.000000000E+00 1.592028302E+02
7.791630000E-03 4.796800000E-01 0.000000000E+00 1.591194654E+02
7.803870000E-03 4.774000000E-01 0.000000000E+00 1.588698940E+02
7.808000000E-03 4.766400000E-01 0.000000000E+00 1.587858607E+02
7.815220000E-03 4.753000000E-01 0.000000000E+00 1.586391682E+02
7.826050000E-03 4.732900000E-01 0.000000000E+00 1.584196370E+02
7.836880000E-03 4.712700000E-01 0.000000000E+00 1.582007125E+02
7.848360000E-03 4.691400000E-01 0.000000000E+00 1.579693082E+02
7.859850000E-03 4.670100000E-01 0.000000000E+00 1.577383792E+02
7.878500000E-03 4.635500000E-01 0.000000000E+00 1.573649806E+02
7.897160000E-03 4.600800000E-01 0.000000000E+00 1.569931469E+02
7.915820000E-03 4.566200000E-01 0.000000000E+00 1.566230662E+02
7.943800000E-03 4.514300000E-01 0.000000000E+00 1.560714016E+02
7.953130000E-03 4.496900000E-01 0.000000000E+00 1.558883106E+02
7.959140000E-03 4.485800000E-01 0.000000000E+00 1.557705983E+02
7.971050000E-03 4.463700000E-01 0.000000000E+00 1.555378526E+02
7.982780000E-03 4.441900000E-01 0.000000000E+00 1.553093033E+02
8.005870000E-03 4.398800000E-01 0.000000000E+00 1.548613705E+02
8.028240000E-03 4.356600000E-01 0.000000000E+00 1.544298626E+02
8.049910000E-03 4.315600000E-01 0.000000000E+00 1.540141443E+02
8.070910000E-03 4.275900000E-01 0.000000000E+00 1.536134091E+02
8.091250000E-03 4.237500000E-01 0.000000000E+00 1.532272517E+02
8.130040000E-03 4.164200000E-01 0.000000000E+00 1.524961747E+02
8.175120000E-03 4.079100000E-01 0.000000000E+00 1.516552662E+02
8.192200000E-03 4.046800000E-01 0.000000000E+00 1.513390786E+02
8.240810000E-03 3.955000000E-01 0.000000000E+00 1.504463760E+02
8.300920000E-03 3.841400000E-01 0.000000000E+00 1.493569387E+02
8.490160000E-03 3.480000000E-01 0.000000000E+00 1.460278723E+02
8.511320000E-03 3.427600000E-01 0.000000000E+00 1.456648322E+02
8.563920000E-03 3.297300000E-01 0.000000000E+00 1.447701520E+02
8.603370000E-03 3.199500000E-01 0.000000000E+00 1.441063211E+02
8.662550000E-03 3.052900000E-01 0.000000000E+00 1.431218290E+02
8.692140000E-03 2.979600000E-01 0.000000000E+00 1.426346101E+02
8.706930000E-03 2.942900000E-01 0.000000000E+00 1.423923243E+02
8.721730000E-03 2.906300000E-01 0.000000000E+00 1.421506972E+02
8.764660000E-03 2.799900000E-01 0.000000000E+00 1.414544318E+02
8.786910000E-03 2.744800000E-01 0.000000000E+00 1.410962443E+02
8.808670000E-03 2.690800000E-01 0.000000000E+00 1.407476952E+02
8.831020000E-03 2.635500000E-01 0.000000000E+00 1.403914837E+02
8.841790000E-03 2.608800000E-01 0.000000000E+00 1.402204757E+02
8.857930000E-03 2.568800000E-01 0.000000000E+00 1.399649805E+02
8.874070000E-03 2.528800000E-01 0.000000000E+00 1.397104147E+02
8.884830000E-03 2.502100000E-01 0.000000000E+00 1.395412180E+02
8.895600000E-03 2.475500000E-01 0.000000000E+00 1.393722739E+02
8.906360000E-03 2.448800000E-01 0.000000000E+00 1.392038947E+02
8.917120000E-03 2.422100000E-01 0.000000000E+00 1.390359219E+02
8.938650000E-03 2.368800000E-01 0.000000000E+00 1.387010343E+02
8.941340000E-03 2.362100000E-01 0.000000000E+00 1.386593061E+02
8.960170000E-03 2.315500000E-01 0.000000000E+00 1.383679104E+02
8.964860000E-03 2.303900000E-01 0.000000000E+00 1.382955227E+02
8.981690000E-03 2.262100000E-01 0.000000000E+00 1.380363829E+02
8.987080000E-03 2.248800000E-01 0.000000000E+00 1.379535956E+02
8.995150000E-03 2.228800000E-01 0.000000000E+00 1.378298305E+02
9.003220000E-03 2.208800000E-01 0.000000000E+00 1.377062873E+02
9.013350000E-03 2.183700000E-01 0.000000000E+00 1.375515208E+02
9.028540000E-03 2.146100000E-01 0.000000000E+00 1.373200983E+02
9.036140000E-03 2.127200000E-01 0.000000000E+00 1.372046029E+02
9.043740000E-03 2.108400000E-01 0.000000000E+00 1.370893016E+02
9.055220000E-03 2.080000000E-01 0.000000000E+00 1.369155029E+02
9.066700000E-03 2.051500000E-01 0.000000000E+00 1.367421443E+02
9.086670000E-03 2.002000000E-01 0.000000000E+00 1.364416227E+02
9.108140000E-03 1.948900000E-01 0.000000000E+00 1.361199982E+02
9.115510000E-03 1.930600000E-01 0.000000000E+00 1.360099435E+02
9.141720000E-03 1.850400000E-01 0.000000000E+00 1.356199927E+02
9.151070000E-03 1.820800000E-01 0.000000000E+00 1.354814246E+02
9.152190000E-03 1.817200000E-01 0.000000000E+00 1.354648450E+02
9.165800000E-03 1.774100000E-01 0.000000000E+00 1.352636977E+02
9.174310000E-03 1.747200000E-01 0.000000000E+00 1.351382284E+02
9.175420000E-03 1.743700000E-01 0.000000000E+00 1.351218800E+02
9.211370000E-03 1.629800000E-01 0.000000000E+00 1.345945283E+02
9.238610000E-03 1.543600000E-01 0.000000000E+00 1.341976769E+02
9.289700000E-03 1.381800000E-01 0.000000000E+00 1.334596381E+02
9.468510000E-03 8.156000000E-02 0.000000000E+00 1.309392925E+02
9.557910000E-03 5.325000000E-02 0.000000000E+00 1.297145506E+02
9.605720000E-03 3.738000000E-02 0.000000000E+00 1.290689298E+02
9.647310000E-03 2.092000000E-02 0.000000000E+00 1.285125076E+02
9.669460000E-03 1.215000000E-02 0.000000000E+00 1.282181218E+02
9.694800000E-03 2.120000000E-03 0.000000000E+00 1.278829888E+02
9.717060000E-03 -6.690000000E-03 0.000000000E+00 1.275900324E+02
9.725510000E-03 -1.003000000E-02 0.000000000E+00 1.274791759E+02
9.740860000E-03 -1.611000000E-02 0.000000000E+00 1.272782896E+02
9.747640000E-03 -1.879000000E-02 0.000000000E+00 1.271897608E+02
9.766040000E-03 -2.607000000E-02 0.000000000E+00 1.269501251E+02
9.789790000E-03 -3.547000000E-02 0.000000000E+00 1.266421445E+02
9.797320000E-03 -3.845000000E-02 0.000000000E+00 1.265448102E+02
9.821260000E-03 -4.793000000E-02 0.000000000E+00 1.262363485E+02
9.845200000E-03 -5.740000000E-02 0.000000000E+00 1.259293869E+02
9.869140000E-03 -6.688000000E-02 0.000000000E+00 1.256239145E+02
9.893080000E-03 -7.635000000E-02 0.000000000E+00 1.253199206E+02
9.905040000E-03 -8.109000000E-02 0.000000000E+00 1.251686010E+02
9.917010000E-03 -8.582000000E-02 0.000000000E+00 1.250175204E+02
9.928980000E-03 -9.056000000E-02 0.000000000E+00 1.248668040E+02
9.940950000E-03 -9.530000000E-02 0.000000000E+00 1.247164506E+02
9.964890000E-03 -1.057300000E-01 0.000000000E+00 1.244168275E+02
9.988830000E-03 -1.173300000E-01 0.000000000E+00 1.241186405E+02
9.993130000E-03 -1.194100000E-01 0.000000000E+00 1.240652328E+02
9.995580000E-03 -1.206000000E-01 0.000000000E+00 1.240348234E+02
1.001280000E-02 -1.289300000E-01 0.000000000E+00 1.238215085E+02
1.001580000E-02 -1.303700000E-01 0.000000000E+00 1.237844206E+02
1.002100000E-02 -1.329100000E-01 0.000000000E+00 1.237201876E+02
1.003670000E-02 -1.405200000E-01 0.000000000E+00 1.235266572E+02
1.004270000E-02 -1.434200000E-01 0.000000000E+00 1.234528563E+02
1.005320000E-02 -1.485000000E-01 0.000000000E+00 1.233239168E+02
1.006890000E-02 -1.561100000E-01 0.000000000E+00 1.231316231E+02
1.008460000E-02 -1.637200000E-01 0.000000000E+00 1.229399282E+02
1.009650000E-02 -1.695200000E-01 0.000000000E+00 1.227950280E+02
1.010850000E-02 -1.753200000E-01 0.000000000E+00 1.226492556E+02
1.013250000E-02 -1.869200000E-01 0.000000000E+00 1.223587466E+02
1.014550000E-02 -1.932200000E-01 0.000000000E+00 1.222019615E+02
1.015640000E-02 -1.985200000E-01 0.000000000E+00 1.220708125E+02
1.018030000E-02 -2.101200000E-01 0.000000000E+00 1.217842303E+02
1.020430000E-02 -2.217100000E-01 0.000000000E+00 1.214977999E+02
1.022500000E-02 -2.326200000E-01 0.000000000E+00 1.212518337E+02
1.022750000E-02 -2.340700000E-01 0.000000000E+00 1.212221951E+02
1.023320000E-02 -2.374400000E-01 0.000000000E+00 1.211546730E+02
1.034180000E-02 -3.071300000E-01 0.000000000E+00 1.198824189E+02
1.036400000E-02 -3.213400000E-01 0.000000000E+00 1.196256272E+02
1.037400000E-02 -3.277200000E-01 0.000000000E+00 1.195103142E+02
1.039280000E-02 -3.397800000E-01 0.000000000E+00 1.192941267E+02
1.039950000E-02 -3.441000000E-01 0.000000000E+00 1.192172701E+02
1.041820000E-02 -3.561100000E-01 0.000000000E+00 1.190032827E+02
1.042500000E-02 -3.604800000E-01 0.000000000E+00 1.189256595E+02
1.044550000E-02 -3.736300000E-01 0.000000000E+00 1.186922598E+02
1.045060000E-02 -3.768600000E-01 0.000000000E+00 1.186343368E+02
1.047430000E-02 -3.921100000E-01 0.000000000E+00 1.183659051E+02
1.050160000E-02 -4.096300000E-01 0.000000000E+00 1.180582007E+02
1.051440000E-02 -4.178200000E-01 0.000000000E+00 1.179144792E+02
1.053350000E-02 -4.301000000E-01 0.000000000E+00 1.177006693E+02
1.055270000E-02 -4.423900000E-01 0.000000000E+00 1.174865200E+02
1.056550000E-02 -4.505800000E-01 0.000000000E+00 1.173441863E+02
1.057820000E-02 -4.587700000E-01 0.000000000E+00 1.172033049E+02
1.059740000E-02 -4.710500000E-01 0.000000000E+00 1.169909600E+02
1.060380000E-02 -4.751500000E-01 0.000000000E+00 1.169203493E+02
1.062930000E-02 -4.932300000E-01 0.000000000E+00 1.166398540E+02
1.063420000E-02 -4.972100000E-01 0.000000000E+00 1.165861090E+02
1.064410000E-02 -5.057700000E-01 0.000000000E+00 1.164776731E+02
1.065050000E-02 -5.114000000E-01 0.000000000E+00 1.164076804E+02
1.065840000E-02 -5.184800000E-01 0.000000000E+00 1.163213991E+02
1.066460000E-02 -5.239300000E-01 0.000000000E+00 1.162537742E+02
1.067380000E-02 -5.321100000E-01 0.000000000E+00 1.161535723E+02
1.068300000E-02 -5.402900000E-01 0.000000000E+00 1.160535430E+02
1.069100000E-02 -5.473500000E-01 0.000000000E+00 1.159667010E+02
1.070490000E-02 -5.596900000E-01 0.000000000E+00 1.158161216E+02
1.071530000E-02 -5.689500000E-01 0.000000000E+00 1.157037134E+02
1.073100000E-02 -5.828400000E-01 0.000000000E+00 1.155344330E+02
1.073880000E-02 -5.897900000E-01 0.000000000E+00 1.154505159E+02
1.074660000E-02 -5.967300000E-01 0.000000000E+00 1.153667206E+02
1.076170000E-02 -6.101000000E-01 0.000000000E+00 1.152048468E+02
1.077120000E-02 -6.185100000E-01 0.000000000E+00 1.151032383E+02
1.078070000E-02 -6.269200000E-01 0.000000000E+00 1.150018088E+02
1.080370000E-02 -6.473400000E-01 0.000000000E+00 1.147569814E+02
1.081990000E-02 -6.616700000E-01 0.000000000E+00 1.145851625E+02
1.083560000E-02 -6.790300000E-01 0.000000000E+00 1.144191369E+02
1.084280000E-02 -6.875400000E-01 0.000000000E+00 1.143431586E+02
1.085460000E-02 -7.018500000E-01 0.000000000E+00 1.142188565E+02
1.088460000E-02 -7.383600000E-01 0.000000000E+00 1.139040479E+02
1.090430000E-02 -7.622300000E-01 0.000000000E+00 1.136982658E+02
1.092300000E-02 -7.850100000E-01 0.000000000E+00 1.135036162E+02
1.094180000E-02 -8.078000000E-01 0.000000000E+00 1.133085964E+02
1.097630000E-02 -8.497600000E-01 0.000000000E+00 1.129524521E+02
1.108240000E-02 -9.989300000E-01 1.702610000E-05 1.118710749E+02
1.113150000E-02 -1.088620000E+00 1.656160000E-04 1.113776221E+02
1.117870000E-02 -1.190090000E+00 1.119210000E-03 1.109073506E+02
1.123160000E-02 -1.331170000E+00 7.048530000E-03 1.103849852E+02
1.127060000E-02 -1.461690000E+00 2.243810000E-02 1.100030167E+02
1.129990000E-02 -1.577550000E+00 4.813320000E-02 1.097177851E+02
1.131210000E-02 -1.630220000E+00 6.437600000E-02 1.095994555E+02
1.132630000E-02 -1.694580000E+00 8.863230000E-02 1.094620485E+02
1.133640000E-02 -1.742190000E+00 1.101000000E-01 1.093645249E+02
1.134720000E-02 -1.794400000E+00 1.372500000E-01 1.092604343E+02
1.138640000E-02 -1.984020000E+00 2.777210000E-01 1.088842830E+02
1.138770000E-02 -1.990100000E+00 2.835010000E-01 1.088718530E+02
1.140470000E-02 -2.066980000E+00 3.685400000E-01 1.087095671E+02
1.143250000E-02 -2.173770000E+00 5.347590000E-01 1.084452220E+02
1.146270000E-02 -2.245610000E+00 7.476860000E-01 1.081595087E+02
1.147600000E-02 -2.258510000E+00 8.478520000E-01 1.080341582E+02
1.149100000E-02 -2.264210000E+00 9.623350000E-01 1.078931338E+02
1.150100000E-02 -2.266330000E+00 1.038420000E+00 1.077993218E+02
1.151860000E-02 -2.251190000E+00 1.168870000E+00 1.076346084E+02
1.153170000E-02 -2.227210000E+00 1.261790000E+00 1.075123356E+02
1.155140000E-02 -2.173940000E+00 1.391560000E+00 1.073289818E+02
1.156130000E-02 -2.142020000E+00 1.451340000E+00 1.072370754E+02
1.156620000E-02 -2.124430000E+00 1.479180000E+00 1.071916446E+02
1.159450000E-02 -2.013400000E+00 1.620030000E+00 1.069300099E+02
1.160200000E-02 -1.981540000E+00 1.651800000E+00 1.068608861E+02
1.160330000E-02 -1.976030000E+00 1.657300000E+00 1.068489137E+02
1.162440000E-02 -1.885610000E+00 1.730810000E+00 1.066549671E+02
1.162970000E-02 -1.862480000E+00 1.746740000E+00 1.066063613E+02
1.165320000E-02 -1.764600000E+00 1.805020000E+00 1.063913775E+02
1.166620000E-02 -1.712560000E+00 1.829310000E+00 1.062728223E+02
1.168790000E-02 -1.632160000E+00 1.860610000E+00 1.060755140E+02
1.170790000E-02 -1.564730000E+00 1.881330000E+00 1.058943107E+02
1.173790000E-02 -1.472980000E+00 1.903740000E+00 1.056236635E+02
1.175290000E-02 -1.435870000E+00 1.910490000E+00 1.054888581E+02
1.176790000E-02 -1.399250000E+00 1.917050000E+00 1.053543963E+02
1.179300000E-02 -1.342030000E+00 1.926630000E+00 1.051301620E+02
1.182090000E-02 -1.291720000E+00 1.934850000E+00 1.048820310E+02
1.184880000E-02 -1.245380000E+00 1.942420000E+00 1.046350685E+02
1.188140000E-02 -1.198700000E+00 1.950440000E+00 1.043479725E+02
1.190470000E-02 -1.166170000E+00 1.956080000E+00 1.041437415E+02
1.191830000E-02 -1.147040000E+00 1.959390000E+00 1.040249029E+02
1.194560000E-02 -1.108850000E+00 1.966000000E+00 1.037871685E+02
1.200000000E-02 -1.032770000E+00 1.979180000E+00 1.033166667E+02
1.205390000E-02 -9.762700000E-01 1.992350000E+00 1.028546777E+02
1.210740000E-02 -9.246700000E-01 2.005440000E+00 1.024001850E+02
1.221360000E-02 -8.317100000E-01 2.031180000E+00 1.015097924E+02
1.231820000E-02 -7.567100000E-01 2.054480000E+00 1.006478219E+02
1.242110000E-02 -6.901300000E-01 2.076640000E+00 9.981402613E+01
1.246750000E-02 -6.600900000E-01 2.086640000E+00 9.944255063E+01
1.262370000E-02 -5.744800000E-01 2.120480000E+00 9.821209313E+01
1.273500000E-02 -5.134400000E-01 2.144620000E+00 9.735374951E+01
1.281990000E-02 -4.783200000E-01 2.160820000E+00 9.670902269E+01
1.301010000E-02 -3.996800000E-01 2.197090000E+00 9.529519373E+01
1.333520000E-02 -2.651900000E-01 2.259130000E+00 9.297198392E+01
1.337840000E-02 -2.510500000E-01 2.266270000E+00 9.267176942E+01
1.372380000E-02 -1.380700000E-01 2.323330000E+00 9.033941037E+01
1.400000000E-02 -4.770000000E-02 2.368970000E+00 8.855714286E+01
1.479110000E-02 1.712700000E-01 2.480840000E+00 8.382067595E+01
1.570000000E-02 3.925600000E-01 2.587980000E+00 7.896815287E+01
1.631390000E-02 5.276100000E-01 2.647250000E+00 7.599654283E+01
1.659590000E-02 5.896300000E-01 2.674470000E+00 7.470519827E+01
1.669870000E-02 6.109000000E-01 2.683060000E+00 7.424530053E+01
1.683650000E-02 6.391000000E-01 2.694240000E+00 7.363763252E+01
1.696570000E-02 6.649900000E-01 2.704140000E+00 7.307685507E+01
1.720800000E-02 7.122000000E-01 2.722720000E+00 7.204788470E+01
1.742000000E-02 7.523400000E-01 2.738970000E+00 7.117106774E+01
1.760550000E-02 7.874500000E-01 2.753200000E+00 7.042117520E+01
1.778280000E-02 8.210100000E-01 2.766790000E+00 6.971905437E+01
1.790980000E-02 8.439100000E-01 2.775110000E+00 6.922467029E+01
1.803410000E-02 8.661700000E-01 2.783060000E+00 6.874753938E+01
1.814280000E-02 8.853200000E-01 2.789590000E+00 6.833564830E+01
1.823800000E-02 9.020700000E-01 2.795300000E+00 6.797894506E+01
1.832120000E-02 9.167300000E-01 2.800300000E+00 6.767023994E+01
1.846690000E-02 9.423900000E-01 2.809050000E+00 6.713633582E+01
1.857620000E-02 9.611200000E-01 2.815260000E+00 6.674131415E+01
1.865820000E-02 9.750100000E-01 2.819800000E+00 6.644799606E+01
1.871960000E-02 9.852400000E-01 2.823080000E+00 6.623004765E+01
1.876570000E-02 9.929200000E-01 2.825540000E+00 6.606734628E+01
1.883490000E-02 1.004430000E+00 2.829230000E+00 6.582461282E+01
1.886940000E-02 1.010180000E+00 2.831070000E+00 6.570426193E+01
1.888670000E-02 1.013060000E+00 2.831990000E+00 6.564407758E+01
1.890400000E-02 1.015940000E+00 2.832910000E+00 6.558400339E+01
1.892730000E-02 1.019810000E+00 2.834150000E+00 6.550326777E+01
1.895050000E-02 1.023690000E+00 2.835400000E+00 6.542307591E+01
1.899710000E-02 1.031430000E+00 2.837880000E+00 6.526259271E+01
1.904360000E-02 1.039180000E+00 2.840360000E+00 6.510323678E+01
1.909010000E-02 1.046920000E+00 2.842840000E+00 6.494465718E+01
1.913670000E-02 1.054630000E+00 2.845280000E+00 6.478650969E+01
1.915990000E-02 1.058410000E+00 2.846430000E+00 6.470806215E+01
1.918320000E-02 1.062190000E+00 2.847580000E+00 6.462946745E+01
1.920640000E-02 1.065970000E+00 2.848730000E+00 6.455139953E+01
1.923330000E-02 1.070350000E+00 2.850050000E+00 6.446111692E+01
1.925300000E-02 1.073500000E+00 2.850980000E+00 6.439515920E+01
1.927620000E-02 1.077240000E+00 2.852090000E+00 6.431765597E+01
1.929950000E-02 1.080970000E+00 2.853190000E+00 6.424000622E+01
1.931110000E-02 1.082840000E+00 2.853740000E+00 6.420141784E+01
1.932280000E-02 1.084710000E+00 2.854300000E+00 6.416254373E+01
1.932860000E-02 1.085650000E+00 2.854570000E+00 6.414329025E+01
1.935910000E-02 1.090550000E+00 2.856020000E+00 6.404223337E+01
1.936360000E-02 1.091270000E+00 2.856230000E+00 6.402735029E+01
1.936430000E-02 1.091380000E+00 2.856270000E+00 6.402503576E+01
1.936550000E-02 1.091580000E+00 2.856330000E+00 6.402106839E+01
1.936740000E-02 1.091890000E+00 2.856420000E+00 6.401478774E+01
1.936840000E-02 1.092040000E+00 2.856460000E+00 6.401148262E+01
1.937080000E-02 1.092420000E+00 2.856570000E+00 6.400355174E+01
1.941580000E-02 1.099660000E+00 2.858710000E+00 6.385521070E+01
1.942750000E-02 1.101530000E+00 2.859270000E+00 6.381675460E+01
1.946240000E-02 1.107140000E+00 2.860920000E+00 6.370231832E+01
1.948560000E-02 1.110880000E+00 2.862030000E+00 6.362647288E+01
1.950890000E-02 1.114610000E+00 2.863130000E+00 6.355048209E+01
1.953220000E-02 1.118350000E+00 2.864230000E+00 6.347467259E+01
1.955540000E-02 1.122090000E+00 2.865340000E+00 6.339936795E+01
1.957870000E-02 1.125830000E+00 2.866440000E+00 6.332391834E+01
1.960190000E-02 1.129570000E+00 2.867550000E+00 6.324897076E+01
1.964850000E-02 1.136810000E+00 2.869760000E+00 6.309896430E+01
1.969500000E-02 1.143550000E+00 2.871870000E+00 6.294998731E+01
1.974150000E-02 1.150160000E+00 2.873820000E+00 6.280171213E+01
1.978810000E-02 1.156690000E+00 2.875680000E+00 6.265381719E+01
1.983460000E-02 1.163220000E+00 2.877540000E+00 6.250693233E+01
1.986380000E-02 1.167310000E+00 2.878700000E+00 6.241504647E+01
1.991480000E-02 1.174480000E+00 2.880740000E+00 6.225520718E+01
1.999130000E-02 1.185220000E+00 2.883800000E+00 6.201697739E+01
2.006890000E-02 1.196110000E+00 2.886900000E+00 6.177717762E+01
2.011830000E-02 1.203040000E+00 2.888870000E+00 6.162548525E+01
2.016770000E-02 1.209980000E+00 2.890840000E+00 6.147453602E+01
2.026650000E-02 1.223840000E+00 2.894790000E+00 6.117484519E+01
2.036530000E-02 1.237710000E+00 2.898730000E+00 6.087806219E+01
2.051350000E-02 1.258510000E+00 2.904650000E+00 6.043824798E+01
2.071110000E-02 1.285530000E+00 2.911580000E+00 5.986162010E+01
2.100750000E-02 1.322860000E+00 2.919860000E+00 5.901701773E+01
2.122720000E-02 1.348240000E+00 2.926000000E+00 5.840619582E+01
2.140570000E-02 1.368840000E+00 2.930980000E+00 5.791915238E+01
2.154000000E-02 1.384350000E+00 2.934740000E+00 5.755803157E+01
2.169400000E-02 1.398340000E+00 2.939040000E+00 5.714944224E+01
2.184960000E-02 1.412470000E+00 2.943390000E+00 5.674245753E+01
2.207750000E-02 1.432630000E+00 2.949140000E+00 5.615672064E+01
2.227340000E-02 1.445330000E+00 2.951790000E+00 5.566280855E+01
2.256030000E-02 1.450100000E+00 2.956190000E+00 5.495494298E+01
2.325250000E-02 1.442850000E+00 3.135920000E+00 5.331899796E+01
2.439330000E-02 1.728280000E+00 3.230020000E+00 5.082543157E+01
2.733100000E-02 2.197660000E+00 3.318070000E+00 4.536240899E+01
3.400000000E-02 3.050910000E+00 3.319140000E+00 3.646470588E+01
4.288320000E-02 3.887580000E+00 3.082370000E+00 2.891108872E+01
5.225470000E-02 4.460500000E+00 2.728530000E+00 2.372609545E+01
6.400000000E-02 4.878790000E+00 2.300940000E+00 1.937187500E+01
7.685310000E-02 5.129870000E+00 1.927480000E+00 1.613207535E+01
9.330920000E-02 5.288990000E+00 1.564390000E+00 1.328700707E+01
1.119600000E-01 5.365490000E+00 1.268490000E+00 1.107359771E+01
1.336660000E-01 5.388210000E+00 1.023940000E+00 9.275357982E+00
1.580910000E-01 5.372750000E+00 8.288190000E-01 7.842318665E+00
1.871240000E-01 5.318970000E+00 6.654330000E-01 6.625553109E+00
2.183860000E-01 5.230790000E+00 5.407190000E-01 5.677103844E+00
2.564340000E-01 5.079100000E+00 4.336200000E-01 4.834772300E+00
2.979390000E-01 4.833390000E+00 3.510930000E-01 4.161254485E+00
3.272120000E-01 4.568950000E+00 3.071700000E-01 3.788980844E+00
3.479540000E-01 4.286130000E+00 2.812950000E-01 3.563114665E+00
3.624000000E-01 4.013410000E+00 2.652950000E-01 3.421081678E+00
3.721870000E-01 3.750920000E+00 2.552370000E-01 3.331121184E+00
3.787960000E-01 3.510060000E+00 2.488430000E-01 3.273001827E+00
3.824710000E-01 3.355080000E+00 2.453490000E-01 3.241552954E+00
3.839320000E-01 3.281830000E+00 2.439730000E-01 3.229217674E+00
3.858220000E-01 3.177410000E+00 2.422050000E-01 3.213398925E+00
3.867670000E-01 3.118560000E+00 2.413370000E-01 3.205547526E+00
3.877120000E-01 3.059690000E+00 2.404900000E-01 3.197734401E+00
3.887660000E-01 2.993090000E+00 2.395480000E-01 3.189064887E+00
3.896820000E-01 2.925760000E+00 2.387340000E-01 3.181568561E+00
3.907130000E-01 2.843730000E+00 2.378440000E-01 3.173173148E+00
3.917760000E-01 2.750780000E+00 2.370310000E-01 3.164563424E+00
3.921050000E-01 2.720100000E+00 2.368250000E-01 3.161908162E+00
3.926170000E-01 2.669990000E+00 2.365870000E-01 3.157784813E+00
3.948880000E-01 2.406730000E+00 2.396520000E-01 3.139624400E+00
3.961640000E-01 2.217520000E+00 2.512960000E-01 3.129512020E+00
3.973350000E-01 2.007200000E+00 2.803280000E-01 3.120288925E+00
3.981170000E-01 1.844740000E+00 3.178840000E-01 3.114159908E+00
3.987830000E-01 1.692210000E+00 3.675530000E-01 3.108959008E+00
3.992720000E-01 1.573330000E+00 4.170220000E-01 3.105151376E+00
3.996140000E-01 1.487170000E+00 4.598070000E-01 3.102493907E+00
3.998050000E-01 1.438160000E+00 4.867690000E-01 3.101011743E+00
3.998490000E-01 1.427050000E+00 4.930460000E-01 3.100670503E+00
4.001740000E-01 1.342920000E+00 5.452950000E-01 3.098152304E+00
4.004170000E-01 1.279430000E+00 5.893240000E-01 3.096272136E+00
4.011460000E-01 1.091810000E+00 7.471550000E-01 3.090645301E+00
4.023190000E-01 8.190900000E-01 1.088120000E+00 3.081634226E+00
4.026260000E-01 7.591400000E-01 1.194090000E+00 3.079284497E+00
4.034130000E-01 6.366200000E-01 1.494270000E+00 3.073277262E+00
4.040920000E-01 5.787700000E-01 1.776760000E+00 3.068113202E+00
4.047720000E-01 5.816500000E-01 2.070710000E+00 3.062958900E+00
4.054780000E-01 5.846500000E-01 2.376210000E+00 3.057625814E+00
4.061200000E-01 6.519200000E-01 2.643780000E+00 3.052792278E+00
4.061850000E-01 6.623500000E-01 2.668980000E+00 3.052303753E+00
4.066970000E-01 7.449100000E-01 2.868420000E+00 3.048461139E+00
4.069080000E-01 7.875300000E-01 2.943230000E+00 3.046880376E+00
4.072390000E-01 8.546100000E-01 3.060990000E+00 3.044403900E+00
4.078710000E-01 1.005020000E+00 3.257960000E+00 3.039686568E+00
4.088350000E-01 1.260870000E+00 3.500810000E+00 3.032519231E+00
4.102130000E-01 1.639640000E+00 3.732420000E+00 3.022332301E+00
4.107620000E-01 1.784910000E+00 3.790620000E+00 3.018292831E+00
4.111840000E-01 1.891460000E+00 3.825300000E+00 3.015195144E+00
4.121550000E-01 2.118250000E+00 3.877580000E+00 3.008091616E+00
4.143290000E-01 2.526870000E+00 3.910840000E+00 2.992308045E+00
4.173710000E-01 2.931680000E+00 3.895820000E+00 2.970498669E+00
4.196020000E-01 3.165700000E+00 3.878310000E+00 2.954704696E+00
4.250480000E-01 3.591360000E+00 3.843920000E+00 2.916847038E+00
4.304340000E-01 3.913050000E+00 3.814060000E+00 2.880348671E+00
4.351170000E-01 4.152650000E+00 3.786950000E+00 2.849348566E+00
4.443860000E-01 4.545010000E+00 3.729940000E+00 2.789916874E+00
4.677350000E-01 5.268500000E+00 3.547300000E+00 2.650646199E+00
4.824340000E-01 5.595700000E+00 3.405310000E+00 2.569885207E+00
4.958960000E-01 5.824460000E+00 3.269540000E+00 2.500120993E+00
5.138310000E-01 6.070222000E+00 3.102120000E+00 2.412855589E+00
5.308840000E-01 6.254169000E+00 2.955750000E+00 2.335350095E+00
5.611290000E-01 6.500175000E+00 2.736440000E+00 2.209474114E+00
5.745770000E-01 6.593270000E+00 2.646550000E+00 2.157761275E+00
5.893090000E-01 6.680006000E+00 2.554860000E+00 2.103819898E+00
6.039790000E-01 6.759290000E+00 2.468140000E+00 2.052720376E+00
6.082310000E-01 6.780061000E+00 2.443590000E+00 2.038370290E+00
6.205080000E-01 6.839972000E+00 2.372890000E+00 1.998040315E+00
6.300500000E-01 6.879809000E+00 2.319980000E+00 1.967780335E+00
6.366100000E-01 6.907226900E+00 2.283660000E+00 1.947503181E+00
6.543320000E-01 6.971700000E+00 2.190910000E+00 1.894756790E+00
6.750380000E-01 7.035239700E+00 2.086740000E+00 1.836637345E+00
6.932450000E-01 7.081511000E+00 2.001510000E+00 1.788400926E+00
7.131990000E-01 7.125527000E+00 1.913810000E+00 1.738364748E+00
7.515150000E-01 7.191630000E+00 1.762600000E+00 1.649734204E+00
8.030810000E-01 7.257612000E+00 1.587150000E+00 1.543804423E+00
8.595290000E-01 7.305695000E+00 1.420200000E+00 1.442417882E+00
9.305720000E-01 7.342032000E+00 1.244270000E+00 1.332298844E+00
1.054490000E+00 7.363731000E+00 1.006760000E+00 1.175734241E+00
1.197090000E+00 7.361855000E+00 8.076880000E-01 1.035678186E+00
1.364050000E+00 7.341959000E+00 6.402630000E-01 9.089109637E-01
1.549400000E+00 7.313728000E+00 5.088130000E-01 8.001807151E-01
1.734310000E+00 7.284926000E+00 4.134650000E-01 7.148664310E-01
1.958480000E+00 7.252749000E+00 3.292410000E-01 6.330419509E-01
2.211850000E+00 7.221558000E+00 2.613040000E-01 5.605262563E-01
2.483130000E+00 7.193133000E+00 2.092510000E-01 4.992892035E-01
2.789860000E+00 7.166791000E+00 1.666410000E-01 4.443950593E-01
3.134530000E+00 7.142928000E+00 1.323960000E-01 3.955297923E-01
3.516330000E+00 7.121815000E+00 1.052500000E-01 3.525835175E-01
3.951790000E+00 7.102919000E+00 8.314220000E-02 3.137312458E-01
4.429010000E+00 7.086753900E+00 6.589200000E-02 2.799271169E-01
4.948990000E+00 7.073124500E+00 5.242660000E-02 2.505157618E-01
5.531110000E+00 7.061278300E+00 4.164260000E-02 2.241503062E-01
6.135930000E+00 7.051735700E+00 3.349740000E-02 2.020557601E-01
6.835670000E+00 7.043154000E+00 2.668200000E-02 1.813721259E-01
7.613770000E+00 7.035836500E+00 2.120380000E-02 1.628365448E-01
8.447390000E+00 7.029747300E+00 1.698090000E-02 1.467672263E-01
9.412140000E+00 7.024358500E+00 1.344010000E-02 1.317234975E-01
1.046780000E+01 7.019865900E+00 1.066980000E-02 1.184394047E-01
1.168650000E+01 7.015959200E+00 8.379840000E-03 1.060882215E-01
1.291960000E+01 7.012951700E+00 6.720440000E-03 9.596272330E-02
1.436110000E+01 7.010280400E+00 5.319400000E-03 8.633043430E-02
1.593650000E+01 7.008070090E+00 4.216030000E-03 7.779625388E-02
1.764430000E+01 7.006249300E+00 3.358140000E-03 7.026631830E-02
1.948750000E+01 7.004758830E+00 2.686550000E-03 6.362026940E-02
2.133460000E+01 7.003597090E+00 2.188100000E-03 5.811217459E-02
2.319580000E+01 7.002679970E+00 1.811710000E-03 5.344933134E-02
2.507220000E+01 7.001936560E+00 1.518060000E-03 4.944919074E-02
2.693320000E+01 7.001336280E+00 1.288640000E-03 4.603240610E-02
2.850910000E+01 7.000910808E+00 1.131620000E-03 4.348786879E-02
2.991580000E+01 7.000583276E+00 1.013910000E-03 4.144298331E-02
3.090300000E+01 7.000376617E+00 9.410650000E-04 4.011908229E-02
3.185470000E+01 7.000195478E+00 8.782870000E-04 3.892047327E-02
3.217870000E+01 7.000136082E+00 8.577940000E-04 3.852859189E-02
3.283100000E+01 7.000023170E+00 8.192620000E-04 3.776308976E-02
3.324100000E+01 6.999956135E+00 7.965860000E-04 3.729731356E-02
3.360300000E+01 6.999897939E+00 7.769210000E-04 3.689551528E-02
3.420510000E+01 6.999805114E+00 7.456300000E-04 3.624605687E-02
3.550380000E+01 6.999619895E+00 6.841140000E-04 3.492020572E-02
3.716920000E+01 6.999409051E+00 6.157110000E-04 3.335557397E-02
3.979640000E+01 6.999124263E+00 5.257940000E-04 3.115357168E-02
4.396110000E+01 6.998751030E+00 4.179140000E-04 2.820220604E-02
4.866260000E+01 6.998431810E+00 3.304630000E-04 2.547747141E-02
5.397920000E+01 6.998166550E+00 2.599230000E-04 2.296810623E-02
5.966790000E+01 6.997957840E+00 2.060850000E-04 2.077834145E-02
6.607970000E+01 6.997783920E+00 1.625640000E-04 1.876219172E-02
7.323500000E+01 6.997641170E+00 1.280330000E-04 1.692906397E-02
8.117100000E+01 6.997524950E+00 1.008260000E-04 1.527392788E-02
8.944000000E+01 6.997435270E+00 8.051380000E-05 1.386180680E-02
9.885530000E+01 6.997359230E+00 6.382460000E-05 1.254156327E-02
1.095210000E+02 6.997295690E+00 5.043540000E-05 1.132020343E-02
1.204130000E+02 6.997247490E+00 4.058740000E-05 1.029623047E-02
1.320700000E+02 6.997208420E+00 3.281540000E-05 9.387446051E-03
1.460940000E+02 6.997173350E+00 2.610960000E-05 8.486317029E-03
1.607790000E+02 6.997145930E+00 2.101080000E-05 7.711206065E-03
1.783060000E+02 6.997121690E+00 1.667950000E-05 6.953215259E-03
1.970220000E+02 6.997102620E+00 1.336970000E-05 6.292698277E-03
2.197950000E+02 6.997085640E+00 1.052220000E-05 5.640710662E-03
2.444300000E+02 6.997072370E+00 8.374300000E-06 5.072208812E-03
2.711150000E+02 6.997061860E+00 6.727330000E-06 4.572967191E-03
2.993990000E+02 6.997053660E+00 5.478730000E-06 4.140962395E-03
3.313700000E+02 6.997046800E+00 4.467220000E-06 3.741437064E-03
3.672820000E+02 6.997041120E+00 3.653890000E-06 3.375607844E-03
4.123460000E+02 6.997035980E+00 2.939260000E-06 3.006698258E-03
4.570880000E+02 6.997032310E+00 2.442350000E-06 2.712387987E-03
5.128610000E+02 6.997029010E+00 2.006820000E-06 2.417419145E-03
5.737860000E+02 6.997026450E+00 1.674220000E-06 2.160735884E-03
6.531310000E+02 6.997024130E+00 1.378530000E-06 1.898240935E-03
7.445180000E+02 6.997022320E+00 1.152390000E-06 1.665238450E-03
8.585190000E+02 6.997020820E+00 9.668670000E-07 1.444114807E-03
1.004260000E+03 6.997019590E+00 8.130240000E-07 1.234540856E-03
1.173410000E+03 6.997018700E+00 6.987260000E-07 1.056578689E-03
1.410750000E+03 6.997017950E+00 5.845840000E-07 8.788233209E-04
1.696100000E+03 6.997017430E+00 4.890870000E-07 7.309710512E-04
2.039160000E+03 6.997017070E+00 4.091910000E-07 6.079954491E-04
2.451610000E+03 6.997016820E+00 3.423470000E-07 5.057084936E-04
2.947480000E+03 6.997016650E+00 2.864220000E-07 4.206305047E-04
3.543650000E+03 6.997016530E+00 2.396330000E-07 3.498652519E-04
4.260410000E+03 6.997016450E+00 2.004870000E-07 2.910048563E-04
5.122130000E+03 6.997016390E+00 1.677360000E-07 2.420477419E-04
6.158160000E+03 6.997016350E+00 1.403350000E-07 2.013263702E-04
7.403740000E+03 6.997016330E+00 1.174100000E-07 1.674559074E-04
8.901250000E+03 6.997016310E+00 9.823030000E-08 1.392838085E-04
1.000000000E+04 6.997016300E+00 8.789680000E-08 1.239800000E-04
