# Data retrieved from https://www-nds.iaea.org/epdl97/za1to100.htm 03/01/2021
# Element, Na  (Z = 11) 
# Atomic weight, g mol-1 = 22.99 
# Nominal density, g cm-3 =  9.71000E-1 
# Relativistic correction estimate f_rel(5CL)*,  e atom-1 =  0 
# Nuclear Thomson correction f_NT*, e atom-1 =  0 
#    E [keV]      f1 [e atom-1]      f2 [e atom-1]    Wavelength [nm] 
1.000000000E-03 1.103920000E+00 0.000000000E+00 1.239800000E+03
1.062500000E-03 1.103680000E+00 0.000000000E+00 1.166870588E+03
1.124110000E-03 1.103440000E+00 0.000000000E+00 1.102916974E+03
1.239640000E-03 1.102990000E+00 0.000000000E+00 1.000129070E+03
1.340730000E-03 1.102600000E+00 0.000000000E+00 9.247201152E+02
1.429180000E-03 1.102250000E+00 0.000000000E+00 8.674904491E+02
1.506570000E-03 1.101950000E+00 0.000000000E+00 8.229289047E+02
1.574290000E-03 1.101690000E+00 0.000000000E+00 7.875296165E+02
1.633550000E-03 1.101460000E+00 0.000000000E+00 7.589605461E+02
1.685400000E-03 1.101260000E+00 0.000000000E+00 7.356117242E+02
1.730760000E-03 1.101080000E+00 0.000000000E+00 7.163327093E+02
1.770460000E-03 1.100930000E+00 0.000000000E+00 7.002699863E+02
1.805190000E-03 1.100790000E+00 0.000000000E+00 6.867975116E+02
1.835590000E-03 1.100670000E+00 0.000000000E+00 6.754231609E+02
1.862180000E-03 1.100570000E+00 0.000000000E+00 6.657788184E+02
1.885450000E-03 1.100480000E+00 0.000000000E+00 6.575618553E+02
1.905810000E-03 1.100400000E+00 0.000000000E+00 6.505370420E+02
1.923620000E-03 1.100330000E+00 0.000000000E+00 6.445139892E+02
1.939210000E-03 1.100270000E+00 0.000000000E+00 6.393325117E+02
1.952850000E-03 1.100220000E+00 0.000000000E+00 6.348669893E+02
1.976720000E-03 1.100120000E+00 0.000000000E+00 6.272006152E+02
1.994630000E-03 1.100050000E+00 0.000000000E+00 6.215689125E+02
2.008050000E-03 1.099970000E+00 0.000000000E+00 6.174149050E+02
2.018120000E-03 1.099890000E+00 0.000000000E+00 6.143341328E+02
2.025680000E-03 1.099830000E+00 0.000000000E+00 6.120413886E+02
2.031340000E-03 1.099780000E+00 0.000000000E+00 6.103360343E+02
2.039840000E-03 1.099720000E+00 0.000000000E+00 6.077927681E+02
2.044080000E-03 1.099680000E+00 0.000000000E+00 6.065320340E+02
2.048330000E-03 1.099650000E+00 0.000000000E+00 6.052735643E+02
2.050710000E-03 1.099630000E+00 0.000000000E+00 6.045710998E+02
2.058420000E-03 1.099570000E+00 0.000000000E+00 6.023066235E+02
2.060810000E-03 1.099550000E+00 0.000000000E+00 6.016081056E+02
2.063460000E-03 1.099530000E+00 0.000000000E+00 6.008354899E+02
2.065860000E-03 1.099510000E+00 0.000000000E+00 6.001374730E+02
2.068500000E-03 1.099490000E+00 0.000000000E+00 5.993715253E+02
2.070900000E-03 1.099470000E+00 0.000000000E+00 5.986769038E+02
2.075950000E-03 1.099430000E+00 0.000000000E+00 5.972205496E+02
2.079130000E-03 1.099400000E+00 0.000000000E+00 5.963071092E+02
2.083900000E-03 1.099360000E+00 0.000000000E+00 5.949421757E+02
2.086280000E-03 1.099350000E+00 0.000000000E+00 5.942634737E+02
2.088670000E-03 1.099330000E+00 0.000000000E+00 5.935834766E+02
2.092450000E-03 1.099300000E+00 0.000000000E+00 5.925111711E+02
2.093710000E-03 1.099290000E+00 0.000000000E+00 5.921545964E+02
2.096140000E-03 1.099270000E+00 0.000000000E+00 5.914681271E+02
2.097400000E-03 1.099260000E+00 0.000000000E+00 5.911128063E+02
2.099300000E-03 1.099240000E+00 0.000000000E+00 5.905778117E+02
2.099770000E-03 1.099240000E+00 0.000000000E+00 5.904456202E+02
2.100130000E-03 1.099230000E+00 0.000000000E+00 5.903444073E+02
2.100390000E-03 1.099230000E+00 0.000000000E+00 5.902713306E+02
2.100590000E-03 1.099230000E+00 0.000000000E+00 5.902151300E+02
2.100890000E-03 1.099230000E+00 0.000000000E+00 5.901308493E+02
2.101040000E-03 1.099230000E+00 0.000000000E+00 5.900887180E+02
2.101350000E-03 1.099230000E+00 0.000000000E+00 5.900016656E+02
2.101960000E-03 1.099220000E+00 0.000000000E+00 5.898304440E+02
2.106240000E-03 1.099190000E+00 0.000000000E+00 5.886318748E+02
2.107500000E-03 1.099180000E+00 0.000000000E+00 5.882799526E+02
2.111290000E-03 1.099150000E+00 0.000000000E+00 5.872239247E+02
2.112870000E-03 1.099130000E+00 0.000000000E+00 5.867847998E+02
2.115640000E-03 1.099110000E+00 0.000000000E+00 5.860165246E+02
2.119800000E-03 1.099080000E+00 0.000000000E+00 5.848664968E+02
2.123960000E-03 1.099040000E+00 0.000000000E+00 5.837209740E+02
2.126430000E-03 1.099030000E+00 0.000000000E+00 5.830429405E+02
2.129000000E-03 1.099000000E+00 0.000000000E+00 5.823391264E+02
2.131480000E-03 1.098990000E+00 0.000000000E+00 5.816615685E+02
2.134040000E-03 1.098960000E+00 0.000000000E+00 5.809638057E+02
2.136520000E-03 1.098940000E+00 0.000000000E+00 5.802894426E+02
2.139080000E-03 1.098920000E+00 0.000000000E+00 5.795949661E+02
2.141570000E-03 1.098900000E+00 0.000000000E+00 5.789210719E+02
2.149170000E-03 1.098840000E+00 0.000000000E+00 5.768738629E+02
2.151670000E-03 1.098820000E+00 0.000000000E+00 5.762036000E+02
2.155410000E-03 1.098790000E+00 0.000000000E+00 5.752037895E+02
2.162880000E-03 1.098730000E+00 0.000000000E+00 5.732171919E+02
2.170280000E-03 1.098680000E+00 0.000000000E+00 5.712626942E+02
2.177630000E-03 1.098620000E+00 0.000000000E+00 5.693345518E+02
2.192210000E-03 1.098500000E+00 0.000000000E+00 5.655480086E+02
2.206570000E-03 1.098390000E+00 0.000000000E+00 5.618675138E+02
2.220690000E-03 1.098270000E+00 0.000000000E+00 5.582949444E+02
2.234600000E-03 1.098160000E+00 0.000000000E+00 5.548196545E+02
2.261980000E-03 1.097940000E+00 0.000000000E+00 5.481038736E+02
2.288510000E-03 1.097730000E+00 0.000000000E+00 5.417498722E+02
2.314210000E-03 1.097530000E+00 0.000000000E+00 5.357335765E+02
2.364000000E-03 1.097130000E+00 0.000000000E+00 5.244500846E+02
2.410670000E-03 1.096760000E+00 0.000000000E+00 5.142968552E+02
2.454430000E-03 1.096410000E+00 0.000000000E+00 5.051274634E+02
2.536480000E-03 1.095760000E+00 0.000000000E+00 4.887876112E+02
2.608280000E-03 1.095190000E+00 0.000000000E+00 4.753324030E+02
2.733920000E-03 1.094180000E+00 0.000000000E+00 4.534880318E+02
2.828140000E-03 1.093430000E+00 0.000000000E+00 4.383799953E+02
2.969490000E-03 1.092310000E+00 0.000000000E+00 4.175127716E+02
3.110830000E-03 1.091180000E+00 0.000000000E+00 3.985431541E+02
3.118490000E-03 1.091120000E+00 0.000000000E+00 3.975642058E+02
3.126140000E-03 1.091060000E+00 0.000000000E+00 3.965913235E+02
3.133800000E-03 1.091000000E+00 0.000000000E+00 3.956219286E+02
3.141460000E-03 1.090940000E+00 0.000000000E+00 3.946572613E+02
3.149120000E-03 1.090870000E+00 0.000000000E+00 3.936972869E+02
3.156770000E-03 1.090810000E+00 0.000000000E+00 3.927432154E+02
3.164430000E-03 1.090750000E+00 0.000000000E+00 3.917925187E+02
3.172090000E-03 1.090690000E+00 0.000000000E+00 3.908464136E+02
3.179740000E-03 1.090630000E+00 0.000000000E+00 3.899060930E+02
3.187400000E-03 1.090570000E+00 0.000000000E+00 3.889690657E+02
3.195060000E-03 1.090510000E+00 0.000000000E+00 3.880365314E+02
3.202710000E-03 1.090450000E+00 0.000000000E+00 3.871096665E+02
3.210370000E-03 1.090390000E+00 0.000000000E+00 3.861860159E+02
3.225680000E-03 1.090260000E+00 0.000000000E+00 3.843530666E+02
3.233340000E-03 1.090200000E+00 0.000000000E+00 3.834425084E+02
3.241000000E-03 1.090140000E+00 0.000000000E+00 3.825362542E+02
3.248660000E-03 1.090080000E+00 0.000000000E+00 3.816342738E+02
3.256310000E-03 1.090020000E+00 0.000000000E+00 3.807377062E+02
3.263970000E-03 1.089960000E+00 0.000000000E+00 3.798441775E+02
3.545810000E-03 1.087710000E+00 0.000000000E+00 3.496521246E+02
3.545820000E-03 1.087710000E+00 0.000000000E+00 3.496511385E+02
3.554550000E-03 1.087640000E+00 0.000000000E+00 3.487923928E+02
3.563280000E-03 1.087570000E+00 0.000000000E+00 3.479378550E+02
3.572010000E-03 1.087500000E+00 0.000000000E+00 3.470874942E+02
3.580730000E-03 1.087430000E+00 0.000000000E+00 3.462422467E+02
3.589460000E-03 1.087370000E+00 0.000000000E+00 3.454001438E+02
3.598190000E-03 1.087300000E+00 0.000000000E+00 3.445621271E+02
3.606920000E-03 1.087230000E+00 0.000000000E+00 3.437281670E+02
3.615640000E-03 1.087160000E+00 0.000000000E+00 3.428991824E+02
3.624370000E-03 1.087090000E+00 0.000000000E+00 3.420732431E+02
3.633100000E-03 1.087020000E+00 0.000000000E+00 3.412512730E+02
3.641830000E-03 1.086950000E+00 0.000000000E+00 3.404332437E+02
3.650560000E-03 1.086880000E+00 0.000000000E+00 3.396191269E+02
3.663680000E-03 1.086770000E+00 0.000000000E+00 3.384029173E+02
3.664460000E-03 1.086770000E+00 0.000000000E+00 3.383308864E+02
3.682500000E-03 1.086620000E+00 0.000000000E+00 3.366734555E+02
3.691520000E-03 1.086550000E+00 0.000000000E+00 3.358508148E+02
3.700540000E-03 1.086480000E+00 0.000000000E+00 3.350321845E+02
3.709560000E-03 1.086410000E+00 0.000000000E+00 3.342175352E+02
3.716130000E-03 1.086360000E+00 0.000000000E+00 3.336266492E+02
3.725980000E-03 1.086280000E+00 0.000000000E+00 3.327446739E+02
3.730900000E-03 1.086240000E+00 0.000000000E+00 3.323058779E+02
3.735820000E-03 1.086200000E+00 0.000000000E+00 3.318682378E+02
3.745640000E-03 1.086120000E+00 0.000000000E+00 3.309981739E+02
3.754660000E-03 1.086050000E+00 0.000000000E+00 3.302030011E+02
3.763680000E-03 1.085980000E+00 0.000000000E+00 3.294116397E+02
3.772700000E-03 1.085900000E+00 0.000000000E+00 3.286240623E+02
3.781720000E-03 1.085830000E+00 0.000000000E+00 3.278402420E+02
3.790330000E-03 1.085760000E+00 0.000000000E+00 3.270955299E+02
3.798950000E-03 1.085700000E+00 0.000000000E+00 3.263533345E+02
3.808780000E-03 1.085620000E+00 0.000000000E+00 3.255110560E+02
3.817800000E-03 1.085550000E+00 0.000000000E+00 3.247419980E+02
3.826820000E-03 1.085470000E+00 0.000000000E+00 3.239765654E+02
3.835840000E-03 1.085400000E+00 0.000000000E+00 3.232147326E+02
3.844040000E-03 1.085340000E+00 0.000000000E+00 3.225252599E+02
3.844860000E-03 1.085330000E+00 0.000000000E+00 3.224564744E+02
3.866600000E-03 1.085160000E+00 0.000000000E+00 3.206434594E+02
3.907360000E-03 1.084830000E+00 0.000000000E+00 3.172986364E+02
4.000000000E-03 1.084090000E+00 0.000000000E+00 3.099500000E+02
4.192690000E-03 1.080780000E+00 0.000000000E+00 2.957051440E+02
4.192700000E-03 1.080780000E+00 0.000000000E+00 2.957044387E+02
4.213340000E-03 1.080420000E+00 0.000000000E+00 2.942558635E+02
4.223660000E-03 1.080240000E+00 0.000000000E+00 2.935368851E+02
4.233980000E-03 1.080070000E+00 0.000000000E+00 2.928214115E+02
4.245170000E-03 1.079870000E+00 0.000000000E+00 2.920495528E+02
4.245520000E-03 1.079870000E+00 0.000000000E+00 2.920254763E+02
4.266420000E-03 1.079510000E+00 0.000000000E+00 2.905949250E+02
4.276870000E-03 1.079330000E+00 0.000000000E+00 2.898848925E+02
4.287650000E-03 1.079140000E+00 0.000000000E+00 2.891560645E+02
4.297970000E-03 1.078960000E+00 0.000000000E+00 2.884617622E+02
4.328760000E-03 1.078430000E+00 0.000000000E+00 2.864099650E+02
4.339570000E-03 1.078250000E+00 0.000000000E+00 2.856965091E+02
4.350020000E-03 1.078070000E+00 0.000000000E+00 2.850101839E+02
4.360470000E-03 1.077890000E+00 0.000000000E+00 2.843271482E+02
4.370920000E-03 1.077710000E+00 0.000000000E+00 2.836473786E+02
4.402270000E-03 1.077170000E+00 0.000000000E+00 2.816274331E+02
4.412720000E-03 1.076990000E+00 0.000000000E+00 2.809604960E+02
4.423170000E-03 1.076810000E+00 0.000000000E+00 2.802967103E+02
4.433620000E-03 1.076630000E+00 0.000000000E+00 2.796360536E+02
4.444070000E-03 1.076450000E+00 0.000000000E+00 2.789785039E+02
4.454150000E-03 1.076280000E+00 0.000000000E+00 2.783471594E+02
4.454520000E-03 1.076270000E+00 0.000000000E+00 2.783240394E+02
4.519910000E-03 1.075140000E+00 0.000000000E+00 2.742974971E+02
4.520090000E-03 1.075140000E+00 0.000000000E+00 2.742865739E+02
4.542340000E-03 1.074760000E+00 0.000000000E+00 2.729430206E+02
4.553470000E-03 1.074570000E+00 0.000000000E+00 2.722758687E+02
4.564600000E-03 1.074380000E+00 0.000000000E+00 2.716119704E+02
4.575720000E-03 1.074180000E+00 0.000000000E+00 2.709518939E+02
4.586850000E-03 1.073990000E+00 0.000000000E+00 2.702944286E+02
4.597970000E-03 1.073800000E+00 0.000000000E+00 2.696407328E+02
4.609100000E-03 1.073610000E+00 0.000000000E+00 2.689896075E+02
4.620220000E-03 1.073420000E+00 0.000000000E+00 2.683422002E+02
4.631350000E-03 1.073230000E+00 0.000000000E+00 2.676973237E+02
4.642480000E-03 1.073030000E+00 0.000000000E+00 2.670555393E+02
4.653600000E-03 1.072840000E+00 0.000000000E+00 2.664173973E+02
4.675850000E-03 1.072460000E+00 0.000000000E+00 2.651496519E+02
4.686980000E-03 1.072270000E+00 0.000000000E+00 2.645200108E+02
4.698100000E-03 1.072080000E+00 0.000000000E+00 2.638939146E+02
4.705890000E-03 1.071940000E+00 0.000000000E+00 2.634570719E+02
4.709230000E-03 1.071890000E+00 0.000000000E+00 2.632702161E+02
4.717390000E-03 1.071750000E+00 0.000000000E+00 2.628148192E+02
4.720360000E-03 1.071690000E+00 0.000000000E+00 2.626494589E+02
4.731290000E-03 1.071510000E+00 0.000000000E+00 2.620426987E+02
4.742610000E-03 1.071310000E+00 0.000000000E+00 2.614172365E+02
4.751890000E-03 1.071150000E+00 0.000000000E+00 2.609067129E+02
4.763570000E-03 1.070950000E+00 0.000000000E+00 2.602669846E+02
4.775300000E-03 1.070750000E+00 0.000000000E+00 2.596276674E+02
4.787020000E-03 1.070550000E+00 0.000000000E+00 2.589920243E+02
4.798750000E-03 1.070350000E+00 0.000000000E+00 2.583589476E+02
4.810470000E-03 1.070140000E+00 0.000000000E+00 2.577294942E+02
4.835730000E-03 1.069710000E+00 0.000000000E+00 2.563832141E+02
4.847600000E-03 1.069500000E+00 0.000000000E+00 2.557554254E+02
4.859480000E-03 1.069300000E+00 0.000000000E+00 2.551301785E+02
4.895100000E-03 1.068690000E+00 0.000000000E+00 2.532736818E+02
4.901360000E-03 1.068580000E+00 0.000000000E+00 2.529502016E+02
4.919420000E-03 1.068270000E+00 0.000000000E+00 2.520215798E+02
5.048220000E-03 1.065050000E+00 5.838060000E-05 2.455915154E+02
5.090790000E-03 1.063300000E+00 5.633180000E-04 2.435378399E+02
5.121030000E-03 1.062080000E+00 1.649220000E-03 2.420997338E+02
5.141240000E-03 1.061630000E+00 2.715440000E-03 2.411480499E+02
5.166870000E-03 1.061640000E+00 4.104330000E-03 2.399518471E+02
5.218620000E-03 1.063040000E+00 5.497730000E-03 2.375723850E+02
5.254460000E-03 1.063830000E+00 5.363980000E-03 2.359519342E+02
5.382700000E-03 1.063860000E+00 3.829670000E-03 2.303305033E+02
5.493050000E-03 1.062640000E+00 2.732070000E-03 2.257033888E+02
5.584980000E-03 1.061270000E+00 1.993260000E-03 2.219882614E+02
5.674250000E-03 1.059770000E+00 1.410730000E-03 2.184958365E+02
5.747110000E-03 1.058460000E+00 1.024000000E-03 2.157258170E+02
5.808860000E-03 1.057310000E+00 7.530020000E-04 2.134325840E+02
5.862500000E-03 1.056290000E+00 5.567820000E-04 2.114797441E+02
5.918490000E-03 1.055200000E+00 3.880820000E-04 2.094791070E+02
5.963310000E-03 1.054320000E+00 2.780070000E-04 2.079046704E+02
6.006370000E-03 1.053470000E+00 1.918570000E-04 2.064141903E+02
6.034000000E-03 1.052920000E+00 1.462320000E-04 2.054690089E+02
6.061500000E-03 1.052380000E+00 1.079960000E-04 2.045368308E+02
6.084750000E-03 1.051910000E+00 8.107400000E-05 2.037552899E+02
6.108690000E-03 1.051430000E+00 5.836890000E-05 2.029567714E+02
6.127120000E-03 1.051070000E+00 4.425160000E-05 2.023462899E+02
6.143500000E-03 1.050740000E+00 3.411220000E-05 2.018067877E+02
6.157500000E-03 1.050460000E+00 2.719570000E-05 2.013479497E+02
6.170360000E-03 1.050200000E+00 2.224080000E-05 2.009283089E+02
6.181590000E-03 1.049980000E+00 1.898670000E-05 2.005632855E+02
6.192500000E-03 1.049760000E+00 1.677480000E-05 2.002099314E+02
6.203000000E-03 1.049550000E+00 1.551390000E-05 1.998710301E+02
6.215000000E-03 1.049310000E+00 1.510100000E-05 1.994851167E+02
6.226400000E-03 1.049080000E+00 1.570980000E-05 1.991198767E+02
6.237350000E-03 1.048870000E+00 1.719890000E-05 1.987703111E+02
6.248860000E-03 1.048640000E+00 1.970790000E-05 1.984041889E+02
6.262500000E-03 1.048360000E+00 2.390800000E-05 1.979720559E+02
6.277000000E-03 1.048070000E+00 2.981250000E-05 1.975147363E+02
6.293250000E-03 1.047750000E+00 3.815690000E-05 1.970047273E+02
6.312750000E-03 1.047360000E+00 5.052790000E-05 1.963961823E+02
6.335620000E-03 1.046910000E+00 6.823450000E-05 1.956872413E+02
6.363000000E-03 1.046360000E+00 9.382090000E-05 1.948451988E+02
6.392500000E-03 1.045780000E+00 1.265700000E-04 1.939460305E+02
6.432500000E-03 1.044990000E+00 1.791910000E-04 1.927399922E+02
6.481250000E-03 1.044030000E+00 2.554630000E-04 1.912902604E+02
6.540740000E-03 1.042860000E+00 3.654380000E-04 1.895504178E+02
6.607620000E-03 1.041560000E+00 5.095320000E-04 1.876318553E+02
6.703740000E-03 1.039710000E+00 7.509020000E-04 1.849415401E+02
6.821230000E-03 1.037480000E+00 1.094030000E-03 1.817560763E+02
7.012470000E-03 1.033930000E+00 1.745170000E-03 1.767993303E+02
7.199940000E-03 1.030540000E+00 2.470200000E-03 1.721958794E+02
7.673620000E-03 1.022400000E+00 4.542220000E-03 1.615665097E+02
9.225710000E-03 9.856000000E-01 1.170070000E-02 1.343853210E+02
1.023290000E-02 9.611000000E-01 1.570260000E-02 1.211582249E+02
1.135010000E-02 9.347000000E-01 1.932280000E-02 1.092325178E+02
1.273500000E-02 8.950000000E-01 2.273510000E-02 9.735374951E+01
1.462180000E-02 8.319000000E-01 2.591160000E-02 8.479120218E+01
1.737800000E-02 7.086000000E-01 2.851580000E-02 7.134307745E+01
1.875000000E-02 6.434000000E-01 2.901490000E-02 6.612266667E+01
2.143200000E-02 4.680000000E-01 2.993220000E-02 5.784807764E+01
2.280330000E-02 3.773000000E-01 3.007340000E-02 5.436932374E+01
2.365560000E-02 3.019000000E-01 3.009770000E-02 5.241042290E+01
2.532330000E-02 1.544000000E-01 3.006020000E-02 4.895886397E+01
2.584330000E-02 1.070000000E-01 3.002980000E-02 4.797374948E+01
2.657410000E-02 2.410000000E-02 2.998490000E-02 4.665444926E+01
2.751220000E-02 -8.240000000E-02 2.988610000E-02 4.506364449E+01
2.821580000E-02 -1.668000000E-01 2.980750000E-02 4.393992019E+01
2.874340000E-02 -2.411000000E-01 2.973800000E-02 4.313338018E+01
2.913920000E-02 -2.968000000E-01 2.968590000E-02 4.254749616E+01
2.943600000E-02 -3.386000000E-01 2.964680000E-02 4.211849436E+01
2.970200000E-02 -3.760000000E-01 2.961140000E-02 4.174129688E+01
2.995080000E-02 -4.208000000E-01 2.957380000E-02 4.139455373E+01
3.016800000E-02 -4.618000000E-01 2.954110000E-02 4.109652612E+01
3.030130000E-02 -4.869000000E-01 2.952100000E-02 4.091573629E+01
3.032650000E-02 -4.917000000E-01 2.951720000E-02 4.088173709E+01
3.040110000E-02 -5.057000000E-01 2.950590000E-02 4.078141909E+01
3.043840000E-02 -5.128000000E-01 2.950030000E-02 4.073144449E+01
3.047570000E-02 -5.198000000E-01 2.949470000E-02 4.068159222E+01
3.052270000E-02 -5.287000000E-01 2.948760000E-02 4.061894918E+01
3.055040000E-02 -5.339000000E-01 2.948340000E-02 4.058212004E+01
3.062500000E-02 -5.480000000E-01 2.947210000E-02 4.048326531E+01
3.069970000E-02 -5.620000000E-01 2.946090000E-02 4.038475946E+01
3.073700000E-02 -5.691000000E-01 2.945530000E-02 4.033575170E+01
3.077430000E-02 -5.761000000E-01 2.944960000E-02 4.028686274E+01
3.081160000E-02 -5.832000000E-01 2.944400000E-02 4.023809215E+01
3.083960000E-02 -5.884000000E-01 2.943980000E-02 4.020155903E+01
3.090260000E-02 -6.003000000E-01 2.943030000E-02 4.011960159E+01
3.097960000E-02 -6.148000000E-01 2.941870000E-02 4.001988405E+01
3.098890000E-02 -6.166000000E-01 2.941730000E-02 4.000787379E+01
3.106680000E-02 -6.313000000E-01 2.940440000E-02 3.990755404E+01
3.114750000E-02 -6.465000000E-01 2.939110000E-02 3.980415764E+01
3.122220000E-02 -6.606000000E-01 2.937870000E-02 3.970892506E+01
3.129680000E-02 -6.747000000E-01 2.936640000E-02 3.961427366E+01
3.133420000E-02 -6.817000000E-01 2.936020000E-02 3.956699070E+01
3.137150000E-02 -6.887000000E-01 2.935400000E-02 3.951994645E+01
3.144610000E-02 -7.028000000E-01 2.934170000E-02 3.942619276E+01
3.152080000E-02 -7.169000000E-01 2.932940000E-02 3.933275805E+01
3.159540000E-02 -7.310000000E-01 2.931700000E-02 3.923988935E+01
3.164960000E-02 -7.412000000E-01 2.930800000E-02 3.917269097E+01
3.167010000E-02 -7.451000000E-01 2.930470000E-02 3.914733455E+01
3.172480000E-02 -7.554000000E-01 2.929560000E-02 3.907983659E+01
3.179990000E-02 -7.696000000E-01 2.928320000E-02 3.898754399E+01
3.181930000E-02 -7.732000000E-01 2.928000000E-02 3.896377356E+01
3.187500000E-02 -7.837000000E-01 2.927080000E-02 3.889568627E+01
3.195020000E-02 -7.979000000E-01 2.925840000E-02 3.880413894E+01
3.202530000E-02 -8.121000000E-01 2.924590000E-02 3.871314242E+01
3.211260000E-02 -8.288000000E-01 2.923150000E-02 3.860789846E+01
3.224370000E-02 -8.542000000E-01 2.920980000E-02 3.845092220E+01
3.245690000E-02 -9.075000000E-01 2.917460000E-02 3.819834920E+01
3.325380000E-02 -1.121800000E+00 2.904280000E-02 3.728295714E+01
3.343730000E-02 -1.171100000E+00 2.901250000E-02 3.707835262E+01
3.360190000E-02 -1.223400000E+00 2.898370000E-02 3.689672310E+01
3.363360000E-02 -1.234500000E+00 2.897790000E-02 3.686194758E+01
3.368420000E-02 -1.252400000E+00 2.896880000E-02 3.680657400E+01
3.376650000E-02 -1.284600000E+00 2.895400000E-02 3.671686435E+01
3.384880000E-02 -1.316800000E+00 2.893910000E-02 3.662759093E+01
3.390380000E-02 -1.338400000E+00 2.892920000E-02 3.656817230E+01
3.405260000E-02 -1.396600000E+00 2.890240000E-02 3.640837998E+01
3.417800000E-02 -1.445700000E+00 2.887970000E-02 3.627479665E+01
3.427130000E-02 -1.482200000E+00 2.886290000E-02 3.617604234E+01
3.437860000E-02 -1.524300000E+00 2.884360000E-02 3.606313230E+01
3.446140000E-02 -1.556700000E+00 2.882860000E-02 3.597648383E+01
3.450170000E-02 -1.572400000E+00 2.882140000E-02 3.593446120E+01
3.462260000E-02 -1.619800000E+00 2.879950000E-02 3.580898026E+01
3.470760000E-02 -1.653000000E+00 2.878420000E-02 3.572128295E+01
3.483490000E-02 -1.708300000E+00 2.876250000E-02 3.559074377E+01
3.493910000E-02 -1.759900000E+00 2.874930000E-02 3.548460035E+01
3.509850000E-02 -1.850700000E+00 2.878900000E-02 3.532344687E+01
3.528570000E-02 -1.974600000E+00 2.951220000E-02 3.513604661E+01
3.553520000E-02 -2.183900000E+00 3.967000000E-02 3.488934915E+01
3.578070000E-02 -2.463900000E+00 1.027510000E-01 3.464996493E+01
3.724900000E-02 -2.618400000E+00 1.585640000E+00 3.328411501E+01
3.793620000E-02 -2.543200000E+00 1.763500000E+00 3.268118578E+01
4.217240000E-02 -2.482000000E+00 2.902900000E+00 2.939837429E+01
4.518860000E-02 -2.398200000E+00 3.743410000E+00 2.743612327E+01
4.800000000E-02 -2.208300000E+00 4.507590000E+00 2.582916667E+01
5.155000000E-02 -1.814700000E+00 5.402680000E+00 2.405043647E+01
5.417310000E-02 -1.435600000E+00 5.988740000E+00 2.288589724E+01
5.848430000E-02 -7.025000000E-01 6.777470000E+00 2.119885166E+01
5.948210000E-02 -5.262000000E-01 6.934120000E+00 2.084324528E+01
5.976720000E-02 -4.760000000E-01 6.972340000E+00 2.074381935E+01
6.040760000E-02 -3.642000000E-01 7.057210000E+00 2.052390759E+01
6.070280000E-02 -3.127000000E-01 7.096330000E+00 2.042409905E+01
6.085040000E-02 -2.887000000E-01 7.115890000E+00 2.037455793E+01
6.093770000E-02 -2.745000000E-01 7.127460000E+00 2.034536912E+01
6.102490000E-02 -2.604000000E-01 7.139020000E+00 2.031629712E+01
6.117520000E-02 -2.362000000E-01 7.158930000E+00 2.026638246E+01
6.129320000E-02 -2.171000000E-01 7.174570000E+00 2.022736617E+01
6.150000000E-02 -1.837000000E-01 7.201980000E+00 2.015934959E+01
6.161120000E-02 -1.652000000E-01 7.214010000E+00 2.012296466E+01
6.176250000E-02 -1.401000000E-01 7.230370000E+00 2.007366930E+01
6.191940000E-02 -1.142000000E-01 7.247340000E+00 2.002280384E+01
6.208070000E-02 -8.950000000E-02 7.264780000E+00 1.997077997E+01
6.219070000E-02 -7.300000000E-02 7.276680000E+00 1.993545659E+01
6.235460000E-02 -4.920000000E-02 7.294410000E+00 1.988305594E+01
6.249520000E-02 -2.950000000E-02 7.309640000E+00 1.983832358E+01
6.262160000E-02 -1.260000000E-02 7.323360000E+00 1.979828047E+01
6.289240000E-02 2.070000000E-02 7.353090000E+00 1.971303369E+01
6.313520000E-02 4.550000000E-02 7.380980000E+00 1.963722298E+01
6.340020000E-02 6.540000000E-02 7.415500000E+00 1.955514336E+01
6.376800000E-02 8.030000000E-02 7.474560000E+00 1.944235353E+01
6.430670000E-02 1.119000000E-01 7.622870000E+00 1.927948410E+01
6.640000000E-02 7.198000000E-01 8.052950000E+00 1.867168675E+01
7.244360000E-02 2.105180000E+00 8.408860000E+00 1.711400317E+01
7.914010000E-02 3.402970000E+00 8.464600000E+00 1.566588872E+01
8.706020000E-02 4.661250000E+00 8.263480000E+00 1.424072079E+01
9.660510000E-02 5.822810000E+00 7.838170000E+00 1.283369097E+01
1.066310000E-01 6.723440000E+00 7.331220000E+00 1.162701278E+01
1.174980000E-01 7.449080000E+00 6.793220000E+00 1.055166896E+01
1.315640000E-01 8.128090000E+00 6.156460000E+00 9.423550515E+00
1.465060000E-01 8.643160000E+00 5.559160000E+00 8.462452050E+00
1.642840000E-01 9.079480000E+00 4.940390000E+00 7.546687444E+00
1.826260000E-01 9.385370000E+00 4.389080000E+00 6.788737639E+00
2.041740000E-01 9.621440000E+00 3.840580000E+00 6.072271690E+00
2.300000000E-01 9.786110000E+00 3.302160000E+00 5.390434783E+00
2.578720000E-01 9.880170000E+00 2.839010000E+00 4.807811627E+00
3.035200000E-01 9.927710000E+00 2.271260000E+00 4.084739062E+00
3.548130000E-01 9.911520000E+00 1.820390000E+00 3.494234991E+00
4.111920000E-01 9.856430000E+00 1.466140000E+00 3.015136481E+00
4.745150000E-01 9.768350000E+00 1.180610000E+00 2.612773042E+00
5.459940000E-01 9.653230000E+00 9.505510000E-01 2.270720924E+00
6.294770000E-01 9.498370000E+00 7.595610000E-01 1.969571565E+00
7.234790000E-01 9.286840000E+00 6.074350000E-01 1.713664115E+00
8.280560000E-01 8.963900000E+00 4.871630000E-01 1.497241732E+00
8.971220000E-01 8.642990000E+00 4.267370000E-01 1.381974804E+00
9.522480000E-01 8.258240000E+00 3.866230000E-01 1.301971755E+00
9.790840000E-01 7.982530000E+00 3.690150000E-01 1.266285630E+00
1.006770000E+00 7.565500000E+00 3.520310000E-01 1.231462996E+00
1.027280000E+00 7.075360000E+00 3.403090000E-01 1.206876411E+00
1.036130000E+00 6.743820000E+00 3.377430000E-01 1.196567998E+00
1.039790000E+00 6.561810000E+00 3.426860000E-01 1.192356149E+00
1.042890000E+00 6.375960000E+00 3.578680000E-01 1.188811859E+00
1.045670000E+00 6.178720000E+00 3.900980000E-01 1.185651305E+00
1.048310000E+00 5.962360000E+00 4.497080000E-01 1.182665433E+00
1.050820000E+00 5.734300000E+00 5.457280000E-01 1.179840506E+00
1.053420000E+00 5.483530000E+00 7.009460000E-01 1.176928481E+00
1.056320000E+00 5.211490000E+00 9.531330000E-01 1.173697364E+00
1.061470000E+00 4.847540000E+00 1.602930000E+00 1.168002864E+00
1.066750000E+00 4.781400000E+00 2.423660000E+00 1.162221701E+00
1.071800000E+00 5.030130000E+00 3.144070000E+00 1.156745662E+00
1.077480000E+00 5.525480000E+00 3.709040000E+00 1.150647808E+00
1.086630000E+00 6.342140000E+00 4.109980000E+00 1.140958744E+00
1.097750000E+00 7.073500000E+00 4.211390000E+00 1.129401048E+00
1.109180000E+00 7.603160000E+00 4.182060000E+00 1.117762672E+00
1.126230000E+00 8.143680000E+00 4.069720000E+00 1.100840858E+00
1.148150000E+00 8.609970000E+00 3.918430000E+00 1.079824065E+00
1.181810000E+00 9.084050000E+00 3.739250000E+00 1.049068801E+00
1.220900000E+00 9.483250000E+00 3.569810000E+00 1.015480383E+00
1.256980000E+00 9.767600000E+00 3.419230000E+00 9.863323203E-01
1.292480000E+00 9.991390000E+00 3.279280000E+00 9.592411488E-01
1.322050000E+00 1.014995100E+01 3.168610000E+00 9.377860141E-01
1.361950000E+00 1.032419700E+01 3.029640000E+00 9.103124197E-01
1.394360000E+00 1.044484800E+01 2.923910000E+00 8.891534467E-01
1.427130000E+00 1.055117200E+01 2.822720000E+00 8.687365552E-01
1.468500000E+00 1.066638400E+01 2.703030000E+00 8.442628533E-01
1.513860000E+00 1.077363800E+01 2.580310000E+00 8.189660867E-01
1.553510000E+00 1.085154800E+01 2.479690000E+00 7.980637395E-01
1.595210000E+00 1.092306710E+01 2.380480000E+00 7.772017477E-01
1.639460000E+00 1.098867960E+01 2.282150000E+00 7.562246105E-01
1.691780000E+00 1.105559290E+01 2.174190000E+00 7.328376030E-01
1.754730000E+00 1.112405600E+01 2.052810000E+00 7.065474460E-01
1.804040000E+00 1.116822600E+01 1.962200000E+00 6.872353163E-01
1.901350000E+00 1.123390100E+01 1.802550000E+00 6.520630079E-01
1.994140000E+00 1.128053900E+01 1.667810000E+00 6.217216444E-01
2.127870000E+00 1.132897000E+01 1.497850000E+00 5.826483761E-01
2.335550000E+00 1.137055700E+01 1.280910000E+00 5.308385605E-01
2.596420000E+00 1.138816900E+01 1.067620000E+00 4.775036396E-01
2.950050000E+00 1.138479200E+01 8.532250000E-01 4.202640633E-01
3.336910000E+00 1.136428900E+01 6.843670000E-01 3.715413361E-01
3.761420000E+00 1.133489500E+01 5.505330000E-01 3.296095623E-01
4.246900000E+00 1.130118100E+01 4.394460000E-01 2.919305847E-01
4.794130000E+00 1.126646900E+01 3.496520000E-01 2.586079226E-01
5.408440000E+00 1.123257100E+01 2.779880000E-01 2.292343079E-01
6.076310000E+00 1.120152300E+01 2.218290000E-01 2.040383061E-01
6.856300000E+00 1.117208000E+01 1.750310000E-01 1.808263932E-01
7.673620000E+00 1.114716500E+01 1.400490000E-01 1.615665097E-01
8.579790000E+00 1.112511900E+01 1.119400000E-01 1.445023713E-01
9.538250000E+00 1.110653400E+01 9.036850000E-02 1.299819149E-01
1.063200000E+01 1.108966190E+01 7.234290000E-02 1.166102333E-01
1.191810000E+01 1.107426330E+01 5.716920000E-02 1.040266485E-01
1.327750000E+01 1.106162190E+01 4.565120000E-02 9.337601205E-02
1.486980000E+01 1.105027310E+01 3.601290000E-02 8.337704609E-02
1.655110000E+01 1.104103320E+01 2.871330000E-02 7.490740797E-02
1.843310000E+01 1.103311130E+01 2.283060000E-02 6.725944090E-02
2.046710000E+01 1.102651820E+01 1.824340000E-02 6.057526469E-02
2.272810000E+01 1.102086290E+01 1.456770000E-02 5.454921441E-02
2.516850000E+01 1.101615300E+01 1.166200000E-02 4.925998768E-02
2.783550000E+01 1.101219660E+01 9.367190000E-03 4.454024537E-02
3.061900000E+01 1.100901334E+01 7.603840000E-03 4.049119828E-02
3.336600000E+01 1.100653901E+01 6.294740000E-03 3.715758557E-02
3.617540000E+01 1.100451656E+01 5.265410000E-03 3.427190853E-02
3.865410000E+01 1.100304732E+01 4.543690000E-03 3.207421722E-02
4.094290000E+01 1.100189479E+01 3.996360000E-03 3.028119650E-02
4.266230000E+01 1.100114028E+01 3.647490000E-03 2.906078669E-02
4.362660000E+01 1.100075211E+01 3.470890000E-03 2.841844196E-02
4.482930000E+01 1.100030037E+01 3.266860000E-03 2.765601961E-02
4.538650000E+01 1.100009941E+01 3.177460000E-03 2.731649279E-02
4.601130000E+01 1.099988608E+01 3.083240000E-03 2.694555468E-02
4.650500000E+01 1.099972139E+01 3.010640000E-03 2.665949898E-02
4.776520000E+01 1.099932331E+01 2.835960000E-03 2.595613543E-02
4.994910000E+01 1.099869313E+01 2.564510000E-03 2.482126805E-02
5.326710000E+01 1.099787084E+01 2.219530000E-03 2.327515483E-02
5.726420000E+01 1.099705115E+01 1.887410000E-03 2.165052511E-02
6.325300000E+01 1.099607864E+01 1.509200000E-03 1.960065135E-02
7.008610000E+01 1.099524115E+01 1.197830000E-03 1.768967028E-02
7.734700000E+01 1.099456676E+01 9.588340000E-04 1.602906383E-02
8.526950000E+01 1.099400700E+01 7.692800000E-04 1.453978269E-02
9.451230000E+01 1.099351416E+01 6.097200000E-04 1.311786931E-02
1.046300000E+02 1.099309777E+01 4.845480000E-04 1.184937398E-02
1.158160000E+02 1.099274307E+01 3.855710000E-04 1.070491124E-02
1.288250000E+02 1.099244139E+01 3.039330000E-04 9.623908403E-03
1.429970000E+02 1.099220175E+01 2.407250000E-04 8.670111960E-03
1.584890000E+02 1.099200982E+01 1.913370000E-04 7.822624914E-03
1.761400000E+02 1.099185011E+01 1.517940000E-04 7.038719201E-03
1.949300000E+02 1.099172517E+01 1.215950000E-04 6.360231878E-03
2.174650000E+02 1.099161592E+01 9.606370000E-05 5.701147311E-03
2.421380000E+02 1.099152966E+01 7.652260000E-05 5.120220701E-03
2.678490000E+02 1.099146380E+01 6.197750000E-05 4.628727380E-03
2.972520000E+02 1.099140848E+01 5.009430000E-05 4.170871853E-03
3.320150000E+02 1.099136111E+01 4.023130000E-05 3.734168637E-03
3.721020000E+02 1.099132205E+01 3.232600000E-05 3.331882118E-03
4.143270000E+02 1.099129258E+01 2.650440000E-05 2.992322489E-03
4.664080000E+02 1.099126664E+01 2.149450000E-05 2.658187681E-03
5.250910000E+02 1.099124620E+01 1.763370000E-05 2.361114550E-03
5.956620000E+02 1.099122911E+01 1.445160000E-05 2.081381723E-03
6.790080000E+02 1.099121541E+01 1.195070000E-05 1.825898958E-03
7.762470000E+02 1.099120465E+01 9.995710000E-06 1.597172034E-03
8.989800000E+02 1.099119574E+01 8.396230000E-06 1.379118557E-03
1.022000000E+03 1.099118983E+01 7.323480000E-06 1.213111546E-03
1.228710000E+03 1.099118361E+01 6.107100000E-06 1.009025726E-03
1.477240000E+03 1.099117930E+01 5.092760000E-06 8.392678238E-04
1.776030000E+03 1.099117632E+01 4.246890000E-06 6.980737938E-04
2.135260000E+03 1.099117426E+01 3.541510000E-06 5.806318668E-04
2.567150000E+03 1.099117283E+01 2.953290000E-06 4.829480163E-04
3.086390000E+03 1.099117184E+01 2.462770000E-06 4.016990724E-04
3.710660000E+03 1.099117116E+01 2.053720000E-06 3.341184587E-04
4.461190000E+03 1.099117069E+01 1.712610000E-06 2.779079125E-04
5.363530000E+03 1.099117036E+01 1.428160000E-06 2.311537364E-04
6.448380000E+03 1.099117014E+01 1.190950000E-06 1.922653442E-04
7.752660000E+03 1.099116998E+01 9.931420000E-07 1.599193051E-04
9.320750000E+03 1.099116987E+01 8.281880000E-07 1.330150471E-04
1.000000000E+04 1.099116984E+01 7.739060000E-07 1.239800000E-04
