# Data retrieved from https://www-nds.iaea.org/epdl97/za1to100.htm 03/01/2021
# Element, O  (Z = 8) 
# Atomic weight, g mol-1 = 15.999 
# Nominal density, g cm-3 =  1.42900E-3 
# Relativistic correction estimate f_rel(5CL)*,  e atom-1 =  0 
# Nuclear Thomson correction f_NT*, e atom-1 =  0 
#    E [keV]      f1 [e atom-1]      f2 [e atom-1]    Wavelength [nm] 
1.000000000E-03 7.110000000E-01 0.000000000E+00 1.239800000E+03
2.000000000E-03 6.963100000E-01 0.000000000E+00 6.199000000E+02
2.250000000E-03 6.887100000E-01 0.000000000E+00 5.510222222E+02
2.531250000E-03 6.801600000E-01 0.000000000E+00 4.897975309E+02
2.847660000E-03 6.705400000E-01 0.000000000E+00 4.353750097E+02
3.203610000E-03 6.597200000E-01 0.000000000E+00 3.870009146E+02
3.604060000E-03 6.475500000E-01 0.000000000E+00 3.440009323E+02
4.000000000E-03 6.355100000E-01 0.000000000E+00 3.099500000E+02
4.561390000E-03 6.045700000E-01 0.000000000E+00 2.718031126E+02
5.131570000E-03 5.731400000E-01 0.000000000E+00 2.416024725E+02
5.724110000E-03 5.404800000E-01 0.000000000E+00 2.165926231E+02
6.000000000E-03 5.252700000E-01 0.000000000E+00 2.066333333E+02
6.242590000E-03 5.054200000E-01 0.000000000E+00 1.986034643E+02
6.696250000E-03 4.683000000E-01 0.000000000E+00 1.851484040E+02
7.093210000E-03 4.358200000E-01 0.000000000E+00 1.747868736E+02
7.440550000E-03 4.073900000E-01 0.000000000E+00 1.666274671E+02
7.500000000E-03 4.025300000E-01 0.000000000E+00 1.653066667E+02
7.744470000E-03 3.745400000E-01 0.000000000E+00 1.600884244E+02
8.010400000E-03 3.440600000E-01 0.000000000E+00 1.547737941E+02
8.243090000E-03 3.167300000E-01 0.000000000E+00 1.504047633E+02
8.446690000E-03 2.928200000E-01 0.000000000E+00 1.467793893E+02
8.803000000E-03 2.509700000E-01 0.000000000E+00 1.408383506E+02
9.030600000E-03 2.239600000E-01 0.000000000E+00 1.372887737E+02
9.070230000E-03 2.176100000E-01 0.000000000E+00 1.366889263E+02
9.270650000E-03 1.854900000E-01 0.000000000E+00 1.337338806E+02
9.420970000E-03 1.614000000E-01 0.000000000E+00 1.316000369E+02
9.533700000E-03 1.433400000E-01 0.000000000E+00 1.300439494E+02
9.618260000E-03 1.297900000E-01 0.000000000E+00 1.289006535E+02
9.681670000E-03 1.196200000E-01 0.000000000E+00 1.280564200E+02
9.729230000E-03 1.120000000E-01 0.000000000E+00 1.274304339E+02
9.800570000E-03 1.005700000E-01 0.000000000E+00 1.265028463E+02
9.836240000E-03 9.485000000E-02 0.000000000E+00 1.260440982E+02
9.871920000E-03 8.914000000E-02 0.000000000E+00 1.255885380E+02
9.896210000E-03 8.524000000E-02 0.000000000E+00 1.252802841E+02
9.913590000E-03 8.246000000E-02 0.000000000E+00 1.250606491E+02
9.962390000E-03 7.464000000E-02 0.000000000E+00 1.244480491E+02
9.986790000E-03 7.073000000E-02 0.000000000E+00 1.241439942E+02
1.001120000E-02 6.682000000E-02 0.000000000E+00 1.238412977E+02
1.003560000E-02 6.291000000E-02 0.000000000E+00 1.235401969E+02
1.005090000E-02 6.044000000E-02 0.000000000E+00 1.233521376E+02
1.006630000E-02 5.798000000E-02 0.000000000E+00 1.231634265E+02
1.008760000E-02 5.458000000E-02 0.000000000E+00 1.229033665E+02
1.009820000E-02 5.288000000E-02 0.000000000E+00 1.227743558E+02
1.010880000E-02 5.117000000E-02 0.000000000E+00 1.226456157E+02
1.012710000E-02 4.824000000E-02 0.000000000E+00 1.224239911E+02
1.013930000E-02 4.629000000E-02 0.000000000E+00 1.222766858E+02
1.014840000E-02 4.482000000E-02 0.000000000E+00 1.221670411E+02
1.015300000E-02 4.409000000E-02 0.000000000E+00 1.221116911E+02
1.015530000E-02 4.372000000E-02 0.000000000E+00 1.220840349E+02
1.015760000E-02 4.335000000E-02 0.000000000E+00 1.220563913E+02
1.015910000E-02 4.311000000E-02 0.000000000E+00 1.220383695E+02
1.017860000E-02 3.944000000E-02 0.000000000E+00 1.218045704E+02
1.018200000E-02 3.871000000E-02 0.000000000E+00 1.217638971E+02
1.018510000E-02 3.807000000E-02 0.000000000E+00 1.217268363E+02
1.019570000E-02 3.583000000E-02 0.000000000E+00 1.216002825E+02
1.020640000E-02 3.359000000E-02 0.000000000E+00 1.214728014E+02
1.021390000E-02 3.201000000E-02 0.000000000E+00 1.213836047E+02
1.022510000E-02 2.965000000E-02 0.000000000E+00 1.212506479E+02
1.023640000E-02 2.729000000E-02 0.000000000E+00 1.211167989E+02
1.024720000E-02 2.502000000E-02 0.000000000E+00 1.209891483E+02
1.026340000E-02 2.161000000E-02 0.000000000E+00 1.207981760E+02
1.027960000E-02 1.821000000E-02 0.000000000E+00 1.206078058E+02
1.030400000E-02 1.308000000E-02 0.000000000E+00 1.203222050E+02
1.032840000E-02 7.960000000E-03 0.000000000E+00 1.200379536E+02
1.035280000E-02 2.830000000E-03 0.000000000E+00 1.197550421E+02
1.038940000E-02 -4.860000000E-03 0.000000000E+00 1.193331665E+02
1.040160000E-02 -7.420000000E-03 0.000000000E+00 1.191932010E+02
1.040790000E-02 -8.740000000E-03 0.000000000E+00 1.191210523E+02
1.042030000E-02 -1.135000000E-02 0.000000000E+00 1.189793000E+02
1.044470000E-02 -1.648000000E-02 0.000000000E+00 1.187013509E+02
1.046840000E-02 -2.146000000E-02 0.000000000E+00 1.184326163E+02
1.049140000E-02 -2.628000000E-02 0.000000000E+00 1.181729798E+02
1.051360000E-02 -3.094000000E-02 0.000000000E+00 1.179234515E+02
1.055660000E-02 -3.999000000E-02 0.000000000E+00 1.174431162E+02
1.059700000E-02 -4.847000000E-02 0.000000000E+00 1.169953760E+02
1.067030000E-02 -6.388000000E-02 0.000000000E+00 1.161916722E+02
1.073430000E-02 -7.731000000E-02 0.000000000E+00 1.154989147E+02
1.096840000E-02 -1.265000000E-01 0.000000000E+00 1.130338062E+02
1.103950000E-02 -1.422800000E-01 0.000000000E+00 1.123058110E+02
1.107090000E-02 -1.506800000E-01 0.000000000E+00 1.119872820E+02
1.110380000E-02 -1.594900000E-01 0.000000000E+00 1.116554693E+02
1.115320000E-02 -1.727100000E-01 0.000000000E+00 1.111609224E+02
1.117790000E-02 -1.793200000E-01 0.000000000E+00 1.109152882E+02
1.119020000E-02 -1.826300000E-01 0.000000000E+00 1.107933728E+02
1.120260000E-02 -1.859300000E-01 0.000000000E+00 1.106707372E+02
1.124560000E-02 -1.974600000E-01 0.000000000E+00 1.102475635E+02
1.125770000E-02 -2.007000000E-01 0.000000000E+00 1.101290672E+02
1.128530000E-02 -2.080800000E-01 0.000000000E+00 1.098597290E+02
1.131430000E-02 -2.158600000E-01 0.000000000E+00 1.095781445E+02
1.134190000E-02 -2.232400000E-01 0.000000000E+00 1.093114910E+02
1.136300000E-02 -2.288800000E-01 0.000000000E+00 1.091085101E+02
1.138400000E-02 -2.345100000E-01 0.000000000E+00 1.089072382E+02
1.140430000E-02 -2.399500000E-01 0.000000000E+00 1.087133800E+02
1.141450000E-02 -2.426700000E-01 0.000000000E+00 1.086162337E+02
1.142460000E-02 -2.453900000E-01 0.000000000E+00 1.085202108E+02
1.143840000E-02 -2.490800000E-01 0.000000000E+00 1.083892852E+02
1.144530000E-02 -2.509300000E-01 0.000000000E+00 1.083239408E+02
1.145220000E-02 -2.527700000E-01 0.000000000E+00 1.082586752E+02
1.147640000E-02 -2.592300000E-01 0.000000000E+00 1.080303928E+02
1.148480000E-02 -2.614800000E-01 0.000000000E+00 1.079513792E+02
1.149470000E-02 -2.641300000E-01 0.000000000E+00 1.078584043E+02
1.150580000E-02 -2.671100000E-01 0.000000000E+00 1.077543500E+02
1.151080000E-02 -2.684600000E-01 0.000000000E+00 1.077075442E+02
1.151690000E-02 -2.700800000E-01 0.000000000E+00 1.076504962E+02
1.154030000E-02 -2.763500000E-01 0.000000000E+00 1.074322158E+02
1.154970000E-02 -2.788600000E-01 0.000000000E+00 1.073447795E+02
1.156370000E-02 -2.826200000E-01 0.000000000E+00 1.072148188E+02
1.157780000E-02 -2.863800000E-01 0.000000000E+00 1.070842474E+02
1.159770000E-02 -2.917300000E-01 0.000000000E+00 1.069005061E+02
1.160770000E-02 -2.944000000E-01 0.000000000E+00 1.068084117E+02
1.161770000E-02 -2.970700000E-01 0.000000000E+00 1.067164757E+02
1.164530000E-02 -3.044500000E-01 0.000000000E+00 1.064635518E+02
1.165900000E-02 -3.081300000E-01 0.000000000E+00 1.063384510E+02
1.167130000E-02 -3.119700000E-01 0.000000000E+00 1.062263844E+02
1.169890000E-02 -3.208600000E-01 0.000000000E+00 1.059757755E+02
1.174820000E-02 -3.373100000E-01 0.000000000E+00 1.055310601E+02
1.175400000E-02 -3.392500000E-01 0.000000000E+00 1.054789859E+02
1.175560000E-02 -3.397600000E-01 0.000000000E+00 1.054646296E+02
1.176610000E-02 -3.432800000E-01 0.000000000E+00 1.053705136E+02
1.179780000E-02 -3.538300000E-01 0.000000000E+00 1.050873892E+02
1.179920000E-02 -3.543100000E-01 0.000000000E+00 1.050749203E+02
1.182200000E-02 -3.619300000E-01 0.000000000E+00 1.048722720E+02
1.217040000E-02 -4.805800000E-01 0.000000000E+00 1.018701111E+02
1.221200000E-02 -4.994800000E-01 0.000000000E+00 1.015230920E+02
1.226030000E-02 -5.214300000E-01 0.000000000E+00 1.011231373E+02
1.227210000E-02 -5.268100000E-01 0.000000000E+00 1.010259043E+02
1.230220000E-02 -5.404700000E-01 0.000000000E+00 1.007787225E+02
1.232870000E-02 -5.525400000E-01 0.000000000E+00 1.005621031E+02
1.233230000E-02 -5.541300000E-01 0.000000000E+00 1.005327473E+02
1.236230000E-02 -5.678000000E-01 0.000000000E+00 1.002887812E+02
1.237030000E-02 -5.714400000E-01 0.000000000E+00 1.002239234E+02
1.239240000E-02 -5.814600000E-01 0.000000000E+00 1.000451890E+02
1.243120000E-02 -5.991200000E-01 0.000000000E+00 9.973293005E+01
1.247000000E-02 -6.167500000E-01 0.000000000E+00 9.942261427E+01
1.249080000E-02 -6.261800000E-01 0.000000000E+00 9.925705319E+01
1.252190000E-02 -6.403300000E-01 0.000000000E+00 9.901053355E+01
1.253740000E-02 -6.474000000E-01 0.000000000E+00 9.888812672E+01
1.255300000E-02 -6.544800000E-01 0.000000000E+00 9.876523540E+01
1.257140000E-02 -6.628400000E-01 0.000000000E+00 9.862067868E+01
1.258980000E-02 -6.712100000E-01 0.000000000E+00 9.847654450E+01
1.261980000E-02 -6.848300000E-01 0.000000000E+00 9.824244441E+01
1.265350000E-02 -7.001500000E-01 0.000000000E+00 9.798079583E+01
1.266000000E-02 -7.031200000E-01 0.000000000E+00 9.793048973E+01
1.266990000E-02 -7.075900000E-01 0.000000000E+00 9.785396886E+01
1.268860000E-02 -7.161000000E-01 0.000000000E+00 9.770975521E+01
1.271710000E-02 -7.290800000E-01 0.000000000E+00 9.749078013E+01
1.273960000E-02 -7.392900000E-01 0.000000000E+00 9.731859713E+01
1.275800000E-02 -7.476500000E-01 0.000000000E+00 9.717824110E+01
1.277180000E-02 -7.539200000E-01 0.000000000E+00 9.707323948E+01
1.279250000E-02 -7.633300000E-01 0.000000000E+00 9.691616181E+01
1.280280000E-02 -7.680300000E-01 0.000000000E+00 9.683819165E+01
1.281320000E-02 -7.727400000E-01 0.000000000E+00 9.675959167E+01
1.282700000E-02 -7.790400000E-01 0.000000000E+00 9.665549232E+01
1.284230000E-02 -7.859600000E-01 0.000000000E+00 9.654033935E+01
1.285750000E-02 -7.928800000E-01 0.000000000E+00 9.642621038E+01
1.288790000E-02 -8.102200000E-01 0.000000000E+00 9.619876008E+01
1.291170000E-02 -8.253000000E-01 0.000000000E+00 9.602143792E+01
1.291840000E-02 -8.297000000E-01 0.000000000E+00 9.597163735E+01
1.292270000E-02 -8.325400000E-01 0.000000000E+00 9.593970300E+01
1.293570000E-02 -8.410600000E-01 0.000000000E+00 9.584328641E+01
1.295340000E-02 -8.527100000E-01 0.000000000E+00 9.571232263E+01
1.297530000E-02 -8.671000000E-01 0.000000000E+00 9.555077725E+01
1.297630000E-02 -8.677900000E-01 0.000000000E+00 9.554341376E+01
1.297930000E-02 -8.697500000E-01 0.000000000E+00 9.552133012E+01
1.298650000E-02 -8.745100000E-01 0.000000000E+00 9.546837100E+01
1.300820000E-02 -8.887900000E-01 0.000000000E+00 9.530911271E+01
1.301800000E-02 -8.951900000E-01 0.000000000E+00 9.523736365E+01
1.304020000E-02 -9.098000000E-01 0.000000000E+00 9.507522891E+01
1.307210000E-02 -9.308000000E-01 0.000000000E+00 9.484321570E+01
1.310410000E-02 -9.518100000E-01 0.000000000E+00 9.461161011E+01
1.312510000E-02 -9.656400000E-01 0.000000000E+00 9.446023268E+01
1.314610000E-02 -9.794800000E-01 0.000000000E+00 9.430933889E+01
1.317300000E-02 -9.971500000E-01 0.000000000E+00 9.411675397E+01
1.318640000E-02 -1.005980000E+00 0.000000000E+00 9.402111266E+01
1.319990000E-02 -1.014820000E+00 0.000000000E+00 9.392495398E+01
1.321590000E-02 -1.025320000E+00 0.000000000E+00 9.381124252E+01
1.322380000E-02 -1.030730000E+00 0.000000000E+00 9.375519896E+01
1.324780000E-02 -1.051470000E+00 0.000000000E+00 9.358535002E+01
1.325920000E-02 -1.061340000E+00 0.000000000E+00 9.350488717E+01
1.326380000E-02 -1.065780000E+00 0.000000000E+00 9.347245887E+01
1.329570000E-02 -1.096750000E+00 0.000000000E+00 9.324819302E+01
1.330450000E-02 -1.105250000E+00 0.000000000E+00 9.318651584E+01
1.334180000E-02 -1.141430000E+00 0.000000000E+00 9.292599200E+01
1.335200000E-02 -1.151300000E+00 0.000000000E+00 9.285500300E+01
1.336720000E-02 -1.166110000E+00 0.000000000E+00 9.274941648E+01
1.338250000E-02 -1.180920000E+00 0.000000000E+00 9.264337755E+01
1.340300000E-02 -1.200770000E+00 0.000000000E+00 9.250167873E+01
1.341320000E-02 -1.210690000E+00 0.000000000E+00 9.243133630E+01
1.342350000E-02 -1.220620000E+00 0.000000000E+00 9.236041271E+01
1.343940000E-02 -1.236100000E+00 0.000000000E+00 9.225114216E+01
1.345540000E-02 -1.251590000E+00 0.000000000E+00 9.214144507E+01
1.348730000E-02 -1.282560000E+00 0.000000000E+00 9.192351323E+01
1.352680000E-02 -1.320870000E+00 0.000000000E+00 9.165508472E+01
1.355700000E-02 -1.350120000E+00 0.000000000E+00 9.145091097E+01
1.359930000E-02 -1.394130000E+00 1.078520000E-06 9.116645710E+01
1.366610000E-02 -1.481890000E+00 1.983580000E-05 9.072083477E+01
1.372230000E-02 -1.568080000E+00 1.606590000E-04 9.034928547E+01
1.382200000E-02 -1.759310000E+00 3.603450000E-03 8.969758356E+01
1.390760000E-02 -1.989600000E+00 2.908040000E-02 8.914550318E+01
1.406030000E-02 -2.560300000E+00 3.582660000E-01 8.817735041E+01
1.421970000E-02 -2.743700000E+00 1.252090000E+00 8.718889991E+01
1.444120000E-02 -2.109000000E+00 1.879140000E+00 8.585159128E+01
1.450900000E-02 -1.968230000E+00 1.917170000E+00 8.545041009E+01
1.461470000E-02 -1.814980000E+00 1.953440000E+00 8.483239478E+01
1.464650000E-02 -1.780090000E+00 1.962560000E+00 8.464820947E+01
1.467820000E-02 -1.745190000E+00 1.971690000E+00 8.446539766E+01
1.469900000E-02 -1.722340000E+00 1.977660000E+00 8.434587387E+01
1.470940000E-02 -1.710910000E+00 1.980640000E+00 8.428623873E+01
1.471980000E-02 -1.699490000E+00 1.983630000E+00 8.422668786E+01
1.473790000E-02 -1.679580000E+00 1.988830000E+00 8.412324687E+01
1.475600000E-02 -1.659660000E+00 1.994040000E+00 8.402005964E+01
1.478130000E-02 -1.633000000E+00 2.001300000E+00 8.387624904E+01
1.479230000E-02 -1.624930000E+00 2.004510000E+00 8.381387614E+01
1.482850000E-02 -1.598360000E+00 2.015070000E+00 8.360926594E+01
1.486470000E-02 -1.571780000E+00 2.025640000E+00 8.340565232E+01
1.490090000E-02 -1.545200000E+00 2.036200000E+00 8.320302801E+01
1.491750000E-02 -1.533050000E+00 2.041040000E+00 8.311044076E+01
1.494240000E-02 -1.514810000E+00 2.048290000E+00 8.297194560E+01
1.496720000E-02 -1.496930000E+00 2.055510000E+00 8.283446470E+01
1.498840000E-02 -1.482950000E+00 2.061540000E+00 8.271730138E+01
1.499900000E-02 -1.475960000E+00 2.064560000E+00 8.265884392E+01
1.500960000E-02 -1.470410000E+00 2.067430000E+00 8.260046903E+01
1.502780000E-02 -1.461170000E+00 2.072310000E+00 8.250043253E+01
1.503680000E-02 -1.456550000E+00 2.074760000E+00 8.245105342E+01
1.504130000E-02 -1.454240000E+00 2.075980000E+00 8.242638602E+01
1.505240000E-02 -1.448610000E+00 2.078950000E+00 8.236560283E+01
1.506720000E-02 -1.441030000E+00 2.082960000E+00 8.228469789E+01
1.507840000E-02 -1.435350000E+00 2.085960000E+00 8.222357810E+01
1.508660000E-02 -1.431140000E+00 2.088180000E+00 8.217888722E+01
1.511830000E-02 -1.414970000E+00 2.096730000E+00 8.200657481E+01
1.512740000E-02 -1.410350000E+00 2.099170000E+00 8.195724315E+01
1.515460000E-02 -1.396500000E+00 2.106500000E+00 8.181014345E+01
1.517270000E-02 -1.387260000E+00 2.111380000E+00 8.171254951E+01
1.519080000E-02 -1.378020000E+00 2.116260000E+00 8.161518814E+01
1.522350000E-02 -1.361320000E+00 2.125090000E+00 8.143987913E+01
1.525630000E-02 -1.344630000E+00 2.133910000E+00 8.126478897E+01
1.529950000E-02 -1.322590000E+00 2.145560000E+00 8.103532795E+01
1.533570000E-02 -1.305520000E+00 2.155180000E+00 8.084404364E+01
1.537190000E-02 -1.289110000E+00 2.164730000E+00 8.065366025E+01
1.544440000E-02 -1.256290000E+00 2.183830000E+00 8.027505115E+01
1.546230000E-02 -1.248190000E+00 2.188540000E+00 8.018212038E+01
1.550000000E-02 -1.231100000E+00 2.198480000E+00 7.998709677E+01
1.556900000E-02 -1.206390000E+00 2.215730000E+00 7.963260325E+01
1.563950000E-02 -1.181140000E+00 2.233350000E+00 7.927363407E+01
1.570940000E-02 -1.156080000E+00 2.250830000E+00 7.892090086E+01
1.584820000E-02 -1.106360000E+00 2.285530000E+00 7.822970432E+01
1.598480000E-02 -1.059910000E+00 2.319090000E+00 7.756118312E+01
1.611930000E-02 -1.017260000E+00 2.351500000E+00 7.691400991E+01
1.638410000E-02 -9.437300000E-01 2.412070000E+00 7.567092486E+01
1.664050000E-02 -8.745500000E-01 2.469880000E+00 7.450497281E+01
1.688900000E-02 -8.116400000E-01 2.523790000E+00 7.340872757E+01
1.737040000E-02 -6.984800000E-01 2.622930000E+00 7.137429190E+01
1.782180000E-02 -5.980600000E-01 2.710750000E+00 6.956648599E+01
1.927530000E-02 -2.996400000E-01 2.961820000E+00 6.432065908E+01
2.120670000E-02 6.051000000E-02 3.231290000E+00 5.846265567E+01
2.161350000E-02 1.338000000E-01 3.281610000E+00 5.736229671E+01
2.213520000E-02 2.244600000E-01 3.339970000E+00 5.601033648E+01
2.243270000E-02 2.739600000E-01 3.372890000E+00 5.526753356E+01
2.270260000E-02 3.184100000E-01 3.401450000E+00 5.461048514E+01
2.293870000E-02 3.573100000E-01 3.426440000E+00 5.404839856E+01
2.314530000E-02 3.906400000E-01 3.446520000E+00 5.356595075E+01
2.332610000E-02 4.195400000E-01 3.463430000E+00 5.315076245E+01
2.348430000E-02 4.448400000E-01 3.478220000E+00 5.279271684E+01
2.362270000E-02 4.669700000E-01 3.491160000E+00 5.248341637E+01
2.374390000E-02 4.862600000E-01 3.502320000E+00 5.221551641E+01
2.384980000E-02 5.029600000E-01 3.511620000E+00 5.198366443E+01
2.403530000E-02 5.321900000E-01 3.527900000E+00 5.158246413E+01
2.417440000E-02 5.541100000E-01 3.540110000E+00 5.128565756E+01
2.427870000E-02 5.705500000E-01 3.549270000E+00 5.106533711E+01
2.435700000E-02 5.828800000E-01 3.556140000E+00 5.090117831E+01
2.441570000E-02 5.921200000E-01 3.561290000E+00 5.077880216E+01
2.450370000E-02 6.059900000E-01 3.569020000E+00 5.059644054E+01
2.456970000E-02 6.164000000E-01 3.574810000E+00 5.046052658E+01
2.459170000E-02 6.198600000E-01 3.576740000E+00 5.041538405E+01
2.462200000E-02 6.246300000E-01 3.579400000E+00 5.035334254E+01
2.471280000E-02 6.389300000E-01 3.587340000E+00 5.016833382E+01
2.477330000E-02 6.482000000E-01 3.591910000E+00 5.004581545E+01
2.483380000E-02 6.574800000E-01 3.596480000E+00 4.992389405E+01
2.489440000E-02 6.667600000E-01 3.601050000E+00 4.980236519E+01
2.492460000E-02 6.713900000E-01 3.603330000E+00 4.974202194E+01
2.495490000E-02 6.760300000E-01 3.605620000E+00 4.968162565E+01
2.498510000E-02 6.806700000E-01 3.607900000E+00 4.962157446E+01
2.501540000E-02 6.853100000E-01 3.610190000E+00 4.956147013E+01
2.504570000E-02 6.899400000E-01 3.612470000E+00 4.950151124E+01
2.507590000E-02 6.942500000E-01 3.614760000E+00 4.944189441E+01
2.512130000E-02 7.007100000E-01 3.618190000E+00 4.935254147E+01
2.514400000E-02 7.039400000E-01 3.619900000E+00 4.930798600E+01
2.517050000E-02 7.077100000E-01 3.621900000E+00 4.925607358E+01
2.518380000E-02 7.095900000E-01 3.622900000E+00 4.923006059E+01
2.518710000E-02 7.100600000E-01 3.623150000E+00 4.922361050E+01
2.518960000E-02 7.104200000E-01 3.623340000E+00 4.921872519E+01
2.519140000E-02 7.106800000E-01 3.623480000E+00 4.921520836E+01
2.519420000E-02 7.110800000E-01 3.623690000E+00 4.920973875E+01
2.519560000E-02 7.112800000E-01 3.623800000E+00 4.920700440E+01
2.519890000E-02 7.117400000E-01 3.624040000E+00 4.920056034E+01
2.525750000E-02 7.200900000E-01 3.628470000E+00 4.908640998E+01
2.527270000E-02 7.222400000E-01 3.629610000E+00 4.905688747E+01
2.531810000E-02 7.287000000E-01 3.633040000E+00 4.896891947E+01
2.534830000E-02 7.330100000E-01 3.635330000E+00 4.891057783E+01
2.537860000E-02 7.373100000E-01 3.637610000E+00 4.885218255E+01
2.540970000E-02 7.417400000E-01 3.639970000E+00 4.879239031E+01
2.543910000E-02 7.458600000E-01 3.642020000E+00 4.873600088E+01
2.546940000E-02 7.501000000E-01 3.644130000E+00 4.867802147E+01
2.549960000E-02 7.543400000E-01 3.646250000E+00 4.862037052E+01
2.556020000E-02 7.628300000E-01 3.650480000E+00 4.850509777E+01
2.562070000E-02 7.713100000E-01 3.654700000E+00 4.839055920E+01
2.568120000E-02 7.798000000E-01 3.658930000E+00 4.827656029E+01
2.574180000E-02 7.882800000E-01 3.663160000E+00 4.816291013E+01
2.580230000E-02 7.967600000E-01 3.667390000E+00 4.804998004E+01
2.583230000E-02 8.009700000E-01 3.669490000E+00 4.799417783E+01
2.587740000E-02 8.072900000E-01 3.672640000E+00 4.791053197E+01
2.592380000E-02 8.138000000E-01 3.675880000E+00 4.782477877E+01
2.598760000E-02 8.227400000E-01 3.680340000E+00 4.770736813E+01
2.611520000E-02 8.406300000E-01 3.689250000E+00 4.747426786E+01
2.624290000E-02 8.585100000E-01 3.698170000E+00 4.724325437E+01
2.643430000E-02 8.853400000E-01 3.711540000E+00 4.690118520E+01
2.675330000E-02 9.256600000E-01 3.732460000E+00 4.634194660E+01
2.707240000E-02 9.629300000E-01 3.751620000E+00 4.579571815E+01
2.738140000E-02 9.981000000E-01 3.769230000E+00 4.527891196E+01
2.744800000E-02 1.005490000E+00 3.772660000E+00 4.516904693E+01
2.758110000E-02 1.020280000E+00 3.779510000E+00 4.495107157E+01
2.778090000E-02 1.042450000E+00 3.789800000E+00 4.462778384E+01
2.796060000E-02 1.062260000E+00 3.798890000E+00 4.434096550E+01
2.820430000E-02 1.084430000E+00 3.810730000E+00 4.395783622E+01
2.846200000E-02 1.099760000E+00 3.823390000E+00 4.355983416E+01
2.911110000E-02 1.080720000E+00 3.911560000E+00 4.258856587E+01
2.997300000E-02 1.281570000E+00 4.099830000E+00 4.136389417E+01
3.126080000E-02 1.523500000E+00 4.181290000E+00 3.965989354E+01
3.450000000E-02 2.036470000E+00 4.329860000E+00 3.593623188E+01
4.120980000E-02 2.996040000E+00 4.455250000E+00 3.008507685E+01
5.071140000E-02 4.090340000E+00 4.299690000E+00 2.444815170E+01
6.117090000E-02 4.951110000E+00 3.915210000E+00 2.026780708E+01
7.104160000E-02 5.490930000E+00 3.501780000E+00 1.745174658E+01
8.134160000E-02 5.855610000E+00 3.089910000E+00 1.524189345E+01
9.325830000E-02 6.127050000E+00 2.687670000E+00 1.329425906E+01
1.108570000E-01 6.345750000E+00 2.214140000E+00 1.118377730E+01
1.323960000E-01 6.470290000E+00 1.790230000E+00 9.364331249E+00
1.579310000E-01 6.520490000E+00 1.434620000E+00 7.850263723E+00
1.869510000E-01 6.516570000E+00 1.149470000E+00 6.631684238E+00
2.161040000E-01 6.482660000E+00 9.445840000E-01 5.737052530E+00
2.531250000E-01 6.412890000E+00 7.579210000E-01 4.897975309E+00
2.923730000E-01 6.312880000E+00 6.170640000E-01 4.240473642E+00
3.391840000E-01 6.159260000E+00 4.977240000E-01 3.655243172E+00
3.924350000E-01 5.913350000E+00 4.018520000E-01 3.159249302E+00
4.315690000E-01 5.648730000E+00 3.488470000E-01 2.872773531E+00
4.623580000E-01 5.334680000E+00 3.147130000E-01 2.681471933E+00
4.829050000E-01 5.032370000E+00 2.947280000E-01 2.567378677E+00
4.973660000E-01 4.706550000E+00 2.817790000E-01 2.492731711E+00
5.063150000E-01 4.447920000E+00 2.742240000E-01 2.448673257E+00
5.096010000E-01 4.333040000E+00 2.715630000E-01 2.432883766E+00
5.105790000E-01 4.288590000E+00 2.707780000E-01 2.428223644E+00
5.130920000E-01 4.174380000E+00 2.687820000E-01 2.416330794E+00
5.143490000E-01 4.117270000E+00 2.677850000E-01 2.410425606E+00
5.156060000E-01 4.060160000E+00 2.667870000E-01 2.404549210E+00
5.170520000E-01 3.982570000E+00 2.656460000E-01 2.397824590E+00
5.184270000E-01 3.900930000E+00 2.645800000E-01 2.391464951E+00
5.200480000E-01 3.794470000E+00 2.634470000E-01 2.384010707E+00
5.214070000E-01 3.694710000E+00 2.628350000E-01 2.377796999E+00
5.221340000E-01 3.636390000E+00 2.628130000E-01 2.374486243E+00
5.268370000E-01 3.132430000E+00 2.933230000E-01 2.353289537E+00
5.286960000E-01 2.846360000E+00 3.575730000E-01 2.345014905E+00
5.300000000E-01 2.613850000E+00 4.470850000E-01 2.339245283E+00
5.311090000E-01 2.401710000E+00 5.655360000E-01 2.334360743E+00
5.317780000E-01 2.271700000E+00 6.598680000E-01 2.331424015E+00
5.332210000E-01 2.002790000E+00 9.270960000E-01 2.325114727E+00
5.347370000E-01 1.771480000E+00 1.303530000E+00 2.318522937E+00
5.360250000E-01 1.648200000E+00 1.684840000E+00 2.312951821E+00
5.373130000E-01 1.640600000E+00 2.095900000E+00 2.307407414E+00
5.386000000E-01 1.666640000E+00 2.504610000E+00 2.301893799E+00
5.398880000E-01 1.804810000E+00 2.882290000E+00 2.296402217E+00
5.410980000E-01 1.994930000E+00 3.186550000E+00 2.291267016E+00
5.424610000E-01 2.252060000E+00 3.461100000E+00 2.285509926E+00
5.440000000E-01 2.560430000E+00 3.676770000E+00 2.279044118E+00
5.456920000E-01 2.886370000E+00 3.819740000E+00 2.271977599E+00
5.463330000E-01 3.002580000E+00 3.854070000E+00 2.269311940E+00
5.474870000E-01 3.191130000E+00 3.895430000E+00 2.264528655E+00
5.501920000E-01 3.556340000E+00 3.931660000E+00 2.253395178E+00
5.543070000E-01 3.964230000E+00 3.929340000E+00 2.236666685E+00
5.568540000E-01 4.150890000E+00 3.923780000E+00 2.226436373E+00
5.774440000E-01 5.191860000E+00 3.864360000E+00 2.147048025E+00
5.967450000E-01 5.814780000E+00 3.756950000E+00 2.077604337E+00
6.207680000E-01 6.353570000E+00 3.573290000E+00 1.997203464E+00
6.364530000E-01 6.616410000E+00 3.439820000E+00 1.947983590E+00
6.519270000E-01 6.819910000E+00 3.316240000E+00 1.901746668E+00
6.758550000E-01 7.067749000E+00 3.139430000E+00 1.834417146E+00
7.035290000E-01 7.290557000E+00 2.965180000E+00 1.762258557E+00
7.334200000E-01 7.485164000E+00 2.795700000E+00 1.690436585E+00
7.503670000E-01 7.576357000E+00 2.707130000E+00 1.652258162E+00
7.737380000E-01 7.688225000E+00 2.592370000E+00 1.602351183E+00
7.965410000E-01 7.785050000E+00 2.483880000E+00 1.556479830E+00
8.094760000E-01 7.831671000E+00 2.424940000E+00 1.531608102E+00
8.178250000E-01 7.861806000E+00 2.386970000E+00 1.515972243E+00
8.413950000E-01 7.935010500E+00 2.286260000E+00 1.473505310E+00
8.622340000E-01 7.990260860E+00 2.200780000E+00 1.437892730E+00
8.891790000E-01 8.051869100E+00 2.097130000E+00 1.394319929E+00
9.174410000E-01 8.104063000E+00 1.997060000E+00 1.351367554E+00
9.412810000E-01 8.142773000E+00 1.918080000E+00 1.317141215E+00
9.876960000E-01 8.203728000E+00 1.778050000E+00 1.255244529E+00
1.043150000E+00 8.259957000E+00 1.630150000E+00 1.188515554E+00
1.114030000E+00 8.308442000E+00 1.463780000E+00 1.112896421E+00
1.190640000E+00 8.342222000E+00 1.309940000E+00 1.041288719E+00
1.333520000E+00 8.368767000E+00 1.081720000E+00 9.297198392E-01
1.518070000E+00 8.371805000E+00 8.638960000E-01 8.166948823E-01
1.728150000E+00 8.354526000E+00 6.866100000E-01 7.174145763E-01
1.966030000E+00 8.326611000E+00 5.440680000E-01 6.306109266E-01
2.204760000E+00 8.296905000E+00 4.408430000E-01 5.623287795E-01
2.466190000E+00 8.266779000E+00 3.574020000E-01 5.027187686E-01
2.782600000E+00 8.234506000E+00 2.845110000E-01 4.455545174E-01
3.128700000E+00 8.204377000E+00 2.271170000E-01 3.962668201E-01
3.505940000E+00 8.177370000E+00 1.818880000E-01 3.536284135E-01
3.931260000E+00 8.152525000E+00 1.452380000E-01 3.153696270E-01
4.400900000E+00 8.130473000E+00 1.159230000E-01 2.817151037E-01
4.926580000E+00 8.110935000E+00 9.238850000E-02 2.516553065E-01
5.513760000E+00 8.093722000E+00 7.349230000E-02 2.248556339E-01
6.163170000E+00 8.078929900E+00 5.844540000E-02 2.011627133E-01
6.890190000E+00 8.066049900E+00 4.641110000E-02 1.799369829E-01
7.692300000E+00 8.055093800E+00 3.684010000E-02 1.611741612E-01
8.575760000E+00 8.045799500E+00 2.933170000E-02 1.445702772E-01
9.481460000E+00 8.038405600E+00 2.368300000E-02 1.307604525E-01
1.056060000E+01 8.031587400E+00 1.881840000E-02 1.173986327E-01
1.174220000E+01 8.025829400E+00 1.496870000E-02 1.055849841E-01
1.298880000E+01 8.021163800E+00 1.203460000E-02 9.545146588E-02
1.447240000E+01 8.016923300E+00 9.505920000E-03 8.566651005E-02
1.610260000E+01 8.013400000E+00 7.519200000E-03 7.699377740E-02
1.799880000E+01 8.010337100E+00 5.882210000E-03 6.888236994E-02
2.000700000E+01 8.007898420E+00 4.649650000E-03 6.196831109E-02
2.211790000E+01 8.005953870E+00 3.719460000E-03 5.605414619E-02
2.425990000E+01 8.004435400E+00 3.021500000E-03 5.110490975E-02
2.641220000E+01 8.003234190E+00 2.496190000E-03 4.694042904E-02
2.853710000E+01 8.002282730E+00 2.097080000E-03 4.344519941E-02
3.045680000E+01 8.001577320E+00 1.809350000E-03 4.070683723E-02
3.221380000E+01 8.001029460E+00 1.592860000E-03 3.848661133E-02
3.364590000E+01 8.000639818E+00 1.442330000E-03 3.684847188E-02
3.497600000E+01 8.000316624E+00 1.320510000E-03 3.544716377E-02
3.566840000E+01 8.000161192E+00 1.262650000E-03 3.475905844E-02
3.628850000E+01 8.000028600E+00 1.213910000E-03 3.416509362E-02
3.720420000E+01 7.999845383E+00 1.147000000E-03 3.332419458E-02
3.821890000E+01 7.999656699E+00 1.079190000E-03 3.243944750E-02
3.982360000E+01 7.999383748E+00 9.822640000E-04 3.113229341E-02
4.213930000E+01 7.999040372E+00 8.634190000E-04 2.942146642E-02
4.547260000E+01 7.998629450E+00 7.249520000E-04 2.726477043E-02
5.006470000E+01 7.998185360E+00 5.814500000E-04 2.476395544E-02
5.521600000E+01 7.997794120E+00 4.642990000E-04 2.245363663E-02
6.098580000E+01 7.997452430E+00 3.693740000E-04 2.032932256E-02
6.736640000E+01 7.997172210E+00 2.937590000E-04 1.840383337E-02
7.448350000E+01 7.996940510E+00 2.331150000E-04 1.664529728E-02
8.242710000E+01 7.996749440E+00 1.845970000E-04 1.504116971E-02
9.112330000E+01 7.996595170E+00 1.466020000E-04 1.360574079E-02
1.003140000E+02 7.996473500E+00 1.174930000E-04 1.235919214E-02
1.107930000E+02 7.996370140E+00 9.350240000E-05 1.119023765E-02
1.224340000E+02 7.996284750E+00 7.436420000E-05 1.012627211E-02
1.356020000E+02 7.996213570E+00 5.891650000E-05 9.142932995E-03
1.498040000E+02 7.996156920E+00 4.703090000E-05 8.276147499E-03
1.658840000E+02 7.996109380E+00 3.740390000E-05 7.473897422E-03
1.827300000E+02 7.996072490E+00 3.017870000E-05 6.784873858E-03
2.032850000E+02 7.996039290E+00 2.386940000E-05 6.098826770E-03
2.253000000E+02 7.996013310E+00 1.910980000E-05 5.502885042E-03
2.501230000E+02 7.995991840E+00 1.528760000E-05 4.956761273E-03
2.785370000E+02 7.995973970E+00 1.221000000E-05 4.451114215E-03
3.090300000E+02 7.995960010E+00 9.874290000E-06 4.011908229E-03
3.449050000E+02 7.995948080E+00 7.939510000E-06 3.594613009E-03
3.871250000E+02 7.995938080E+00 6.366180000E-06 3.202583145E-03
4.343870000E+02 7.995930150E+00 5.152660000E-06 2.854136979E-03
4.869680000E+02 7.995923890E+00 4.219750000E-06 2.545957845E-03
5.495410000E+02 7.995918670E+00 3.456880000E-06 2.256064607E-03
6.205390000E+02 7.995914540E+00 2.865240000E-06 1.997940500E-03
7.028700000E+02 7.995911230E+00 2.400480000E-06 1.763910823E-03
8.049730000E+02 7.995908460E+00 2.013680000E-06 1.540175882E-03
9.332540000E+02 7.995906170E+00 1.696440000E-06 1.328470063E-03
1.070170000E+03 7.995904580E+00 1.473620000E-06 1.158507527E-03
1.286620000E+03 7.995903030E+00 1.231860000E-06 9.636100791E-04
1.546860000E+03 7.995901960E+00 1.029760000E-06 8.014946408E-04
1.859730000E+03 7.995901210E+00 8.608230000E-07 6.666559124E-04
2.235890000E+03 7.995900700E+00 7.195980000E-07 5.544995505E-04
2.688130000E+03 7.995900340E+00 6.015420000E-07 4.612128134E-04
3.231850000E+03 7.995900100E+00 5.028540000E-07 3.836192893E-04
3.885540000E+03 7.995899920E+00 4.203570000E-07 3.190804882E-04
4.671440000E+03 7.995899810E+00 3.513940000E-07 2.653999623E-04
5.616310000E+03 7.995899730E+00 2.937450000E-07 2.207499230E-04
6.752290000E+03 7.995899670E+00 2.455540000E-07 1.836117821E-04
8.118030000E+03 7.995899630E+00 2.052690000E-07 1.527217810E-04
9.760020000E+03 7.995899600E+00 1.715930000E-07 1.270284282E-04
1.000000000E+04 7.995899600E+00 1.678460000E-07 1.239800000E-04
