# Data retrieved from https://www-nds.iaea.org/epdl97/za1to100.htm 03/01/2021
# Element, Os  (Z = 76) 
# Atomic weight, g mol-1 = 190.2 
# Nominal density, g cm-3 =  2.25700E+1 
# Relativistic correction estimate f_rel(5CL)*,  e atom-1 =  0 
# Nuclear Thomson correction f_NT*, e atom-1 =  0 
#    E [keV]      f1 [e atom-1]      f2 [e atom-1]    Wavelength [nm] 
1.000000000E-03 6.037800000E+00 0.000000000E+00 1.239800000E+03
1.191930000E-03 6.028200000E+00 0.000000000E+00 1.040161754E+03
1.194870000E-03 6.028100000E+00 0.000000000E+00 1.037602417E+03
1.197800000E-03 6.027900000E+00 0.000000000E+00 1.035064285E+03
1.200730000E-03 6.027800000E+00 0.000000000E+00 1.032538539E+03
1.203670000E-03 6.027600000E+00 0.000000000E+00 1.030016533E+03
1.206600000E-03 6.027500000E+00 0.000000000E+00 1.027515332E+03
1.209530000E-03 6.027300000E+00 0.000000000E+00 1.025026250E+03
1.212470000E-03 6.027200000E+00 0.000000000E+00 1.022540764E+03
1.215400000E-03 6.027000000E+00 0.000000000E+00 1.020075695E+03
1.218340000E-03 6.026900000E+00 0.000000000E+00 1.017614131E+03
1.221270000E-03 6.026700000E+00 0.000000000E+00 1.015172730E+03
1.224200000E-03 6.026600000E+00 0.000000000E+00 1.012743016E+03
1.227140000E-03 6.026500000E+00 0.000000000E+00 1.010316671E+03
1.230070000E-03 6.026300000E+00 0.000000000E+00 1.007910119E+03
1.235940000E-03 6.026000000E+00 0.000000000E+00 1.003123129E+03
1.238870000E-03 6.025900000E+00 0.000000000E+00 1.000750684E+03
1.241810000E-03 6.025700000E+00 0.000000000E+00 9.983813949E+02
1.244740000E-03 6.025600000E+00 0.000000000E+00 9.960312997E+02
1.247670000E-03 6.025400000E+00 0.000000000E+00 9.936922423E+02
1.250610000E-03 6.025300000E+00 0.000000000E+00 9.913562182E+02
1.406930000E-03 6.017500000E+00 0.000000000E+00 8.812094418E+02
1.582800000E-03 6.008600000E+00 0.000000000E+00 7.832954258E+02
1.780650000E-03 5.998700000E+00 0.000000000E+00 6.962626007E+02
2.003230000E-03 5.987400000E+00 0.000000000E+00 6.189004757E+02
2.253640000E-03 5.960700000E+00 0.000000000E+00 5.501322305E+02
2.523540000E-03 5.932000000E+00 0.000000000E+00 4.912939759E+02
2.759700000E-03 5.906800000E+00 0.000000000E+00 4.492517303E+02
2.966340000E-03 5.884800000E+00 0.000000000E+00 4.179561345E+02
3.147150000E-03 5.865500000E+00 0.000000000E+00 3.939437269E+02
3.305360000E-03 5.848700000E+00 0.000000000E+00 3.750877363E+02
3.443800000E-03 5.833900000E+00 0.000000000E+00 3.600092921E+02
3.564930000E-03 5.821000000E+00 0.000000000E+00 3.477768147E+02
3.670910000E-03 5.809700000E+00 0.000000000E+00 3.377364196E+02
3.763650000E-03 5.799800000E+00 0.000000000E+00 3.294142654E+02
3.844800000E-03 5.791200000E+00 0.000000000E+00 3.224615065E+02
3.915810000E-03 5.783600000E+00 0.000000000E+00 3.166139317E+02
4.040060000E-03 5.766200000E+00 0.000000000E+00 3.068766305E+02
4.133260000E-03 5.746700000E+00 0.000000000E+00 2.999569347E+02
4.203150000E-03 5.732000000E+00 0.000000000E+00 2.949692493E+02
4.255570000E-03 5.721000000E+00 0.000000000E+00 2.913358258E+02
4.294890000E-03 5.712800000E+00 0.000000000E+00 2.886686271E+02
4.324370000E-03 5.706600000E+00 0.000000000E+00 2.867007217E+02
4.346490000E-03 5.701900000E+00 0.000000000E+00 2.852416548E+02
4.363070000E-03 5.698500000E+00 0.000000000E+00 2.841577146E+02
4.387950000E-03 5.693200000E+00 0.000000000E+00 2.825465194E+02
4.400390000E-03 5.690600000E+00 0.000000000E+00 2.817477542E+02
4.406610000E-03 5.689300000E+00 0.000000000E+00 2.813500627E+02
4.412830000E-03 5.688000000E+00 0.000000000E+00 2.809534924E+02
4.423700000E-03 5.685700000E+00 0.000000000E+00 2.802631282E+02
4.434560000E-03 5.683500000E+00 0.000000000E+00 2.795767788E+02
4.445420000E-03 5.681200000E+00 0.000000000E+00 2.788937828E+02
4.456280000E-03 5.678900000E+00 0.000000000E+00 2.782141158E+02
4.467140000E-03 5.676600000E+00 0.000000000E+00 2.775377535E+02
4.478000000E-03 5.674300000E+00 0.000000000E+00 2.768646717E+02
4.483430000E-03 5.673200000E+00 0.000000000E+00 2.765293536E+02
4.488870000E-03 5.672100000E+00 0.000000000E+00 2.761942315E+02
4.494300000E-03 5.670900000E+00 0.000000000E+00 2.758605345E+02
4.499730000E-03 5.669800000E+00 0.000000000E+00 2.755276428E+02
4.507870000E-03 5.668100000E+00 0.000000000E+00 2.750301140E+02
4.510590000E-03 5.667500000E+00 0.000000000E+00 2.748642639E+02
4.520090000E-03 5.665500000E+00 0.000000000E+00 2.742865739E+02
4.522810000E-03 5.664900000E+00 0.000000000E+00 2.741216191E+02
4.525180000E-03 5.664400000E+00 0.000000000E+00 2.739780517E+02
4.526970000E-03 5.664100000E+00 0.000000000E+00 2.738697186E+02
4.528300000E-03 5.663800000E+00 0.000000000E+00 2.737892807E+02
4.530310000E-03 5.663400000E+00 0.000000000E+00 2.736678064E+02
4.531310000E-03 5.663200000E+00 0.000000000E+00 2.736074115E+02
4.533670000E-03 5.662700000E+00 0.000000000E+00 2.734649853E+02
4.536050000E-03 5.662200000E+00 0.000000000E+00 2.733215022E+02
4.545890000E-03 5.660100000E+00 0.000000000E+00 2.727298725E+02
4.554030000E-03 5.658400000E+00 0.000000000E+00 2.722423875E+02
4.559470000E-03 5.657300000E+00 0.000000000E+00 2.719175694E+02
4.564900000E-03 5.656100000E+00 0.000000000E+00 2.715941204E+02
4.570330000E-03 5.655000000E+00 0.000000000E+00 2.712714399E+02
4.575760000E-03 5.653800000E+00 0.000000000E+00 2.709495253E+02
4.586620000E-03 5.651600000E+00 0.000000000E+00 2.703079828E+02
4.597480000E-03 5.649300000E+00 0.000000000E+00 2.696694711E+02
4.608340000E-03 5.647000000E+00 0.000000000E+00 2.690339688E+02
4.624640000E-03 5.643600000E+00 0.000000000E+00 2.680857321E+02
4.627350000E-03 5.643000000E+00 0.000000000E+00 2.679287281E+02
4.630070000E-03 5.642400000E+00 0.000000000E+00 2.677713296E+02
4.632120000E-03 5.642000000E+00 0.000000000E+00 2.676528242E+02
4.636200000E-03 5.641200000E+00 0.000000000E+00 2.674172814E+02
4.644230000E-03 5.639500000E+00 0.000000000E+00 2.669549096E+02
4.652010000E-03 5.637800000E+00 0.000000000E+00 2.665084555E+02
4.659550000E-03 5.636300000E+00 0.000000000E+00 2.660771963E+02
4.666850000E-03 5.634700000E+00 0.000000000E+00 2.656609919E+02
4.673930000E-03 5.633200000E+00 0.000000000E+00 2.652585726E+02
4.680780000E-03 5.631800000E+00 0.000000000E+00 2.648703849E+02
4.684100000E-03 5.631100000E+00 0.000000000E+00 2.646826498E+02
4.788650000E-03 5.609200000E+00 0.000000000E+00 2.589038664E+02
4.814790000E-03 5.603700000E+00 0.000000000E+00 2.574982502E+02
4.834400000E-03 5.599600000E+00 0.000000000E+00 2.564537481E+02
4.849100000E-03 5.596500000E+00 0.000000000E+00 2.556763111E+02
4.860130000E-03 5.594200000E+00 0.000000000E+00 2.550960571E+02
4.876670000E-03 5.590700000E+00 0.000000000E+00 2.542308584E+02
4.889070000E-03 5.588100000E+00 0.000000000E+00 2.535860603E+02
4.893210000E-03 5.587200000E+00 0.000000000E+00 2.533715087E+02
4.899230000E-03 5.586000000E+00 0.000000000E+00 2.530601748E+02
4.917300000E-03 5.582200000E+00 0.000000000E+00 2.521302341E+02
4.929340000E-03 5.579600000E+00 0.000000000E+00 2.515144015E+02
4.941390000E-03 5.577100000E+00 0.000000000E+00 2.509010623E+02
4.953430000E-03 5.574600000E+00 0.000000000E+00 2.502912124E+02
4.959450000E-03 5.573300000E+00 0.000000000E+00 2.499873978E+02
4.965470000E-03 5.572100000E+00 0.000000000E+00 2.496843199E+02
4.971500000E-03 5.570800000E+00 0.000000000E+00 2.493814744E+02
4.977520000E-03 5.569500000E+00 0.000000000E+00 2.490798631E+02
4.983540000E-03 5.568300000E+00 0.000000000E+00 2.487789804E+02
4.989560000E-03 5.567000000E+00 0.000000000E+00 2.484788238E+02
4.998590000E-03 5.565100000E+00 0.000000000E+00 2.480299444E+02
5.003110000E-03 5.564200000E+00 0.000000000E+00 2.478058648E+02
5.008380000E-03 5.563100000E+00 0.000000000E+00 2.475451144E+02
5.011020000E-03 5.562500000E+00 0.000000000E+00 2.474146980E+02
5.011670000E-03 5.562400000E+00 0.000000000E+00 2.473826090E+02
5.012170000E-03 5.562300000E+00 0.000000000E+00 2.473579308E+02
5.012260000E-03 5.562200000E+00 0.000000000E+00 2.473534892E+02
5.012610000E-03 5.562200000E+00 0.000000000E+00 2.473362181E+02
5.013130000E-03 5.562100000E+00 0.000000000E+00 2.473105625E+02
5.013390000E-03 5.562000000E+00 0.000000000E+00 2.472977367E+02
5.014030000E-03 5.561900000E+00 0.000000000E+00 2.472661711E+02
5.025690000E-03 5.559400000E+00 0.000000000E+00 2.466924940E+02
5.028710000E-03 5.558800000E+00 0.000000000E+00 2.465443424E+02
5.037740000E-03 5.556900000E+00 0.000000000E+00 2.461024189E+02
5.043760000E-03 5.555600000E+00 0.000000000E+00 2.458086824E+02
5.049780000E-03 5.554400000E+00 0.000000000E+00 2.455156462E+02
5.055800000E-03 5.553100000E+00 0.000000000E+00 2.452233079E+02
5.061830000E-03 5.551900000E+00 0.000000000E+00 2.449311810E+02
5.067850000E-03 5.550600000E+00 0.000000000E+00 2.446402321E+02
5.073870000E-03 5.549300000E+00 0.000000000E+00 2.443499735E+02
5.085910000E-03 5.546800000E+00 0.000000000E+00 2.437715178E+02
5.097960000E-03 5.544300000E+00 0.000000000E+00 2.431953173E+02
5.110000000E-03 5.541700000E+00 0.000000000E+00 2.426223092E+02
5.122050000E-03 5.539200000E+00 0.000000000E+00 2.420515223E+02
5.134090000E-03 5.536700000E+00 0.000000000E+00 2.414838852E+02
5.140520000E-03 5.535300000E+00 0.000000000E+00 2.411818260E+02
5.153190000E-03 5.532700000E+00 0.000000000E+00 2.405888391E+02
5.165470000E-03 5.530100000E+00 0.000000000E+00 2.400168813E+02
5.189240000E-03 5.525100000E+00 0.000000000E+00 2.389174523E+02
5.211540000E-03 5.520400000E+00 0.000000000E+00 2.378951327E+02
5.232430000E-03 5.516100000E+00 0.000000000E+00 2.369453581E+02
5.271620000E-03 5.507800000E+00 0.000000000E+00 2.351838714E+02
5.305910000E-03 5.500600000E+00 0.000000000E+00 2.336639709E+02
5.365910000E-03 5.488100000E+00 0.000000000E+00 2.310512103E+02
5.410910000E-03 5.478600000E+00 0.000000000E+00 2.291296658E+02
5.478410000E-03 5.464400000E+00 0.000000000E+00 2.263065378E+02
5.545910000E-03 5.450300000E+00 0.000000000E+00 2.235521312E+02
5.559560000E-03 5.447400000E+00 0.000000000E+00 2.230032593E+02
5.573220000E-03 5.444600000E+00 0.000000000E+00 2.224566768E+02
5.586870000E-03 5.441700000E+00 0.000000000E+00 2.219131643E+02
5.600520000E-03 5.438800000E+00 0.000000000E+00 2.213723011E+02
5.614170000E-03 5.436000000E+00 0.000000000E+00 2.208340681E+02
5.627820000E-03 5.433100000E+00 0.000000000E+00 2.202984459E+02
5.641470000E-03 5.430200000E+00 0.000000000E+00 2.197654158E+02
5.655120000E-03 5.427400000E+00 0.000000000E+00 2.192349588E+02
5.668770000E-03 5.424500000E+00 0.000000000E+00 2.187070564E+02
5.682420000E-03 5.421600000E+00 0.000000000E+00 2.181816902E+02
5.696070000E-03 5.418800000E+00 0.000000000E+00 2.176588420E+02
5.709720000E-03 5.415900000E+00 0.000000000E+00 2.171384937E+02
5.723370000E-03 5.413100000E+00 0.000000000E+00 2.166206274E+02
5.750670000E-03 5.407300000E+00 0.000000000E+00 2.155922701E+02
5.764320000E-03 5.404500000E+00 0.000000000E+00 2.150817442E+02
5.777970000E-03 5.401600000E+00 0.000000000E+00 2.145736305E+02
5.791620000E-03 5.398700000E+00 0.000000000E+00 2.140679119E+02
5.805280000E-03 5.395900000E+00 0.000000000E+00 2.135642036E+02
5.818930000E-03 5.393000000E+00 0.000000000E+00 2.130632264E+02
5.856540000E-03 5.385100000E+00 0.000000000E+00 2.116949598E+02
5.894150000E-03 5.377200000E+00 0.000000000E+00 2.103441548E+02
5.908660000E-03 5.374200000E+00 0.000000000E+00 2.098276090E+02
5.923170000E-03 5.371100000E+00 0.000000000E+00 2.093135939E+02
5.937680000E-03 5.368100000E+00 0.000000000E+00 2.088020911E+02
5.952180000E-03 5.365000000E+00 0.000000000E+00 2.082934320E+02
5.966690000E-03 5.362000000E+00 0.000000000E+00 2.077868969E+02
5.973950000E-03 5.360500000E+00 0.000000000E+00 2.075343784E+02
5.981200000E-03 5.359000000E+00 0.000000000E+00 2.072828195E+02
5.989590000E-03 5.357200000E+00 0.000000000E+00 2.069924653E+02
5.992650000E-03 5.356600000E+00 0.000000000E+00 2.068867696E+02
6.000000000E-03 5.355000000E+00 0.000000000E+00 2.066333333E+02
6.004770000E-03 5.353200000E+00 0.000000000E+00 2.064691903E+02
6.010210000E-03 5.351100000E+00 0.000000000E+00 2.062823096E+02
6.014230000E-03 5.349600000E+00 0.000000000E+00 2.061444275E+02
6.020260000E-03 5.347300000E+00 0.000000000E+00 2.059379495E+02
6.023270000E-03 5.346200000E+00 0.000000000E+00 2.058350365E+02
6.026280000E-03 5.345000000E+00 0.000000000E+00 2.057322262E+02
6.029990000E-03 5.343600000E+00 0.000000000E+00 2.056056478E+02
6.048530000E-03 5.336600000E+00 0.000000000E+00 2.049754238E+02
6.055950000E-03 5.333700000E+00 0.000000000E+00 2.047242794E+02
6.070780000E-03 5.328100000E+00 0.000000000E+00 2.042241689E+02
6.085610000E-03 5.322500000E+00 0.000000000E+00 2.037264958E+02
6.093030000E-03 5.319700000E+00 0.000000000E+00 2.034784007E+02
6.100450000E-03 5.316800000E+00 0.000000000E+00 2.032309092E+02
6.106900000E-03 5.314400000E+00 0.000000000E+00 2.030162603E+02
6.116590000E-03 5.310700000E+00 0.000000000E+00 2.026946387E+02
6.126280000E-03 5.307000000E+00 0.000000000E+00 2.023740345E+02
6.135610000E-03 5.303500000E+00 0.000000000E+00 2.020662982E+02
6.140280000E-03 5.301700000E+00 0.000000000E+00 2.019126164E+02
6.144940000E-03 5.299900000E+00 0.000000000E+00 2.017594964E+02
6.152360000E-03 5.297100000E+00 0.000000000E+00 2.015161662E+02
6.156070000E-03 5.295700000E+00 0.000000000E+00 2.013947210E+02
6.157920000E-03 5.295000000E+00 0.000000000E+00 2.013342167E+02
6.158850000E-03 5.294600000E+00 0.000000000E+00 2.013038148E+02
6.159310000E-03 5.294500000E+00 0.000000000E+00 2.012887807E+02
6.160010000E-03 5.294200000E+00 0.000000000E+00 2.012659070E+02
6.160910000E-03 5.293900000E+00 0.000000000E+00 2.012365056E+02
6.161340000E-03 5.293700000E+00 0.000000000E+00 2.012224613E+02
6.162260000E-03 5.293300000E+00 0.000000000E+00 2.011924197E+02
6.168440000E-03 5.291000000E+00 0.000000000E+00 2.009908502E+02
6.171520000E-03 5.289800000E+00 0.000000000E+00 2.008905424E+02
6.173070000E-03 5.289200000E+00 0.000000000E+00 2.008401006E+02
6.174610000E-03 5.288700000E+00 0.000000000E+00 2.007900094E+02
6.189440000E-03 5.283000000E+00 0.000000000E+00 2.003089132E+02
6.196860000E-03 5.280200000E+00 0.000000000E+00 2.000690672E+02
6.204280000E-03 5.277400000E+00 0.000000000E+00 1.998297949E+02
6.211690000E-03 5.274600000E+00 0.000000000E+00 1.995914155E+02
6.219110000E-03 5.271700000E+00 0.000000000E+00 1.993532837E+02
6.226530000E-03 5.268900000E+00 0.000000000E+00 1.991157193E+02
6.233940000E-03 5.266100000E+00 0.000000000E+00 1.988790396E+02
6.248770000E-03 5.260500000E+00 0.000000000E+00 1.984070465E+02
6.263610000E-03 5.254800000E+00 0.000000000E+00 1.979369724E+02
6.278440000E-03 5.249200000E+00 0.000000000E+00 1.974694351E+02
6.293270000E-03 5.243600000E+00 0.000000000E+00 1.970041012E+02
6.308110000E-03 5.237900000E+00 0.000000000E+00 1.965406437E+02
6.322940000E-03 5.232300000E+00 0.000000000E+00 1.960796718E+02
6.332940000E-03 5.228500000E+00 0.000000000E+00 1.957700531E+02
6.352320000E-03 5.221100000E+00 0.000000000E+00 1.951727873E+02
6.388660000E-03 5.207300000E+00 0.000000000E+00 1.940626047E+02
6.643000000E-03 5.110700000E+00 0.000000000E+00 1.866325455E+02
6.659350000E-03 5.104400000E+00 0.000000000E+00 1.861743263E+02
6.667530000E-03 5.101300000E+00 0.000000000E+00 1.859459200E+02
6.675700000E-03 5.098200000E+00 0.000000000E+00 1.857183516E+02
6.685920000E-03 5.094300000E+00 0.000000000E+00 1.854344653E+02
6.688990000E-03 5.093200000E+00 0.000000000E+00 1.853493577E+02
6.692050000E-03 5.092000000E+00 0.000000000E+00 1.852646050E+02
6.700230000E-03 5.088900000E+00 0.000000000E+00 1.850384241E+02
6.708400000E-03 5.085800000E+00 0.000000000E+00 1.848130702E+02
6.716580000E-03 5.082700000E+00 0.000000000E+00 1.845879897E+02
6.724760000E-03 5.079600000E+00 0.000000000E+00 1.843634568E+02
6.731300000E-03 5.077100000E+00 0.000000000E+00 1.841843329E+02
6.734570000E-03 5.075900000E+00 0.000000000E+00 1.840949014E+02
6.737850000E-03 5.074600000E+00 0.000000000E+00 1.840052836E+02
6.755970000E-03 5.067700000E+00 0.000000000E+00 1.835117681E+02
6.771270000E-03 5.061900000E+00 0.000000000E+00 1.830971147E+02
6.789230000E-03 5.055100000E+00 0.000000000E+00 1.826127558E+02
6.805860000E-03 5.048800000E+00 0.000000000E+00 1.821665447E+02
6.822860000E-03 5.042300000E+00 0.000000000E+00 1.817126542E+02
6.828570000E-03 5.040100000E+00 0.000000000E+00 1.815607074E+02
6.837140000E-03 5.036900000E+00 0.000000000E+00 1.813331305E+02
6.845710000E-03 5.033600000E+00 0.000000000E+00 1.811061234E+02
6.852370000E-03 5.031100000E+00 0.000000000E+00 1.809301016E+02
6.862370000E-03 5.027300000E+00 0.000000000E+00 1.806664461E+02
6.867370000E-03 5.025400000E+00 0.000000000E+00 1.805349064E+02
6.872370000E-03 5.023500000E+00 0.000000000E+00 1.804035580E+02
6.880690000E-03 5.020300000E+00 0.000000000E+00 1.801854175E+02
6.884840000E-03 5.018700000E+00 0.000000000E+00 1.800768064E+02
6.886920000E-03 5.018000000E+00 0.000000000E+00 1.800224193E+02
6.888480000E-03 5.017400000E+00 0.000000000E+00 1.799816505E+02
6.889130000E-03 5.017100000E+00 0.000000000E+00 1.799646690E+02
6.889390000E-03 5.017000000E+00 0.000000000E+00 1.799578773E+02
6.890880000E-03 5.016500000E+00 0.000000000E+00 1.799189654E+02
6.898250000E-03 5.013700000E+00 0.000000000E+00 1.797267423E+02
6.901940000E-03 5.012300000E+00 0.000000000E+00 1.796306546E+02
6.903790000E-03 5.011600000E+00 0.000000000E+00 1.795825192E+02
6.905630000E-03 5.010900000E+00 0.000000000E+00 1.795346695E+02
6.922260000E-03 5.004500000E+00 0.000000000E+00 1.791033564E+02
6.930570000E-03 5.001400000E+00 0.000000000E+00 1.788886051E+02
6.938890000E-03 4.998200000E+00 0.000000000E+00 1.786741107E+02
6.947200000E-03 4.995100000E+00 0.000000000E+00 1.784603869E+02
6.963830000E-03 4.988700000E+00 0.000000000E+00 1.780342139E+02
6.976300000E-03 4.984000000E+00 0.000000000E+00 1.777159813E+02
6.988780000E-03 4.979300000E+00 0.000000000E+00 1.773986304E+02
7.005400000E-03 4.972900000E+00 0.000000000E+00 1.769777600E+02
7.021270000E-03 4.966900000E+00 0.000000000E+00 1.765777416E+02
7.036360000E-03 4.960500000E+00 0.000000000E+00 1.761990575E+02
7.038660000E-03 4.959500000E+00 0.000000000E+00 1.761414815E+02
7.055290000E-03 4.952000000E+00 0.000000000E+00 1.757262990E+02
7.069530000E-03 4.945600000E+00 0.000000000E+00 1.753723373E+02
7.088550000E-03 4.937000000E+00 0.000000000E+00 1.749017782E+02
7.104610000E-03 4.929800000E+00 0.000000000E+00 1.745064120E+02
7.112680000E-03 4.926200000E+00 0.000000000E+00 1.743084182E+02
7.131010000E-03 4.917900000E+00 0.000000000E+00 1.738603648E+02
7.148310000E-03 4.910100000E+00 0.000000000E+00 1.734395962E+02
7.165610000E-03 4.902300000E+00 0.000000000E+00 1.730208594E+02
7.182900000E-03 4.894500000E+00 0.000000000E+00 1.726043798E+02
7.200200000E-03 4.886800000E+00 0.000000000E+00 1.721896614E+02
7.218210000E-03 4.878600000E+00 0.000000000E+00 1.717600347E+02
7.235980000E-03 4.870600000E+00 0.000000000E+00 1.713382292E+02
7.253750000E-03 4.862600000E+00 0.000000000E+00 1.709184904E+02
7.271510000E-03 4.854600000E+00 0.000000000E+00 1.705010376E+02
7.289280000E-03 4.846600000E+00 0.000000000E+00 1.700853857E+02
7.307050000E-03 4.838600000E+00 0.000000000E+00 1.696717554E+02
7.338570000E-03 4.824400000E+00 0.000000000E+00 1.689429957E+02
7.362550000E-03 4.813700000E+00 0.000000000E+00 1.683927444E+02
7.380630000E-03 4.805500000E+00 0.000000000E+00 1.679802402E+02
7.398710000E-03 4.797400000E+00 0.000000000E+00 1.675697520E+02
7.416790000E-03 4.789200000E+00 0.000000000E+00 1.671612652E+02
7.439600000E-03 4.779000000E+00 0.000000000E+00 1.666487446E+02
7.462420000E-03 4.768700000E+00 0.000000000E+00 1.661391345E+02
7.484710000E-03 4.758600000E+00 0.000000000E+00 1.656443603E+02
7.507170000E-03 4.748500000E+00 0.000000000E+00 1.651487844E+02
7.525250000E-03 4.740400000E+00 0.000000000E+00 1.647520016E+02
7.543330000E-03 4.732000000E+00 0.000000000E+00 1.643571208E+02
7.556420000E-03 4.724800000E+00 0.000000000E+00 1.640724047E+02
7.574570000E-03 4.714800000E+00 0.000000000E+00 1.636792584E+02
7.592720000E-03 4.704800000E+00 0.000000000E+00 1.632879917E+02
7.610880000E-03 4.694500000E+00 0.000000000E+00 1.628983771E+02
7.633510000E-03 4.679300000E+00 0.000000000E+00 1.624154550E+02
7.656150000E-03 4.664100000E+00 0.000000000E+00 1.619351763E+02
7.665330000E-03 4.658000000E+00 0.000000000E+00 1.617412427E+02
7.680680000E-03 4.647700000E+00 0.000000000E+00 1.614179994E+02
7.698870000E-03 4.635500000E+00 0.000000000E+00 1.610366197E+02
7.717060000E-03 4.623200000E+00 0.000000000E+00 1.606570378E+02
7.724980000E-03 4.617900000E+00 0.000000000E+00 1.604923249E+02
7.738910000E-03 4.608600000E+00 0.000000000E+00 1.602034395E+02
7.753780000E-03 4.598600000E+00 0.000000000E+00 1.598962055E+02
7.757820000E-03 4.595900000E+00 0.000000000E+00 1.598129371E+02
7.776730000E-03 4.583200000E+00 0.000000000E+00 1.594243339E+02
7.800770000E-03 4.566500000E+00 0.000000000E+00 1.589330284E+02
7.824810000E-03 4.545900000E+00 0.000000000E+00 1.584447418E+02
7.836070000E-03 4.536200000E+00 0.000000000E+00 1.582170654E+02
7.855360000E-03 4.519700000E+00 0.000000000E+00 1.578285400E+02
7.871780000E-03 4.505600000E+00 0.000000000E+00 1.574993204E+02
7.890920000E-03 4.489200000E+00 0.000000000E+00 1.571172943E+02
7.913220000E-03 4.470000000E+00 0.000000000E+00 1.566745269E+02
7.931520000E-03 4.454300000E+00 0.000000000E+00 1.563130396E+02
7.948750000E-03 4.439500000E+00 0.000000000E+00 1.559742098E+02
7.968270000E-03 4.422800000E+00 0.000000000E+00 1.555921172E+02
7.987780000E-03 4.406100000E+00 0.000000000E+00 1.552120865E+02
8.005160000E-03 4.391100000E+00 0.000000000E+00 1.548751056E+02
8.022540000E-03 4.376100000E+00 0.000000000E+00 1.545395847E+02
8.035450000E-03 4.364900000E+00 0.000000000E+00 1.542912967E+02
8.048370000E-03 4.353700000E+00 0.000000000E+00 1.540436138E+02
8.071960000E-03 4.329600000E+00 1.317180000E-06 1.535934271E+02
8.090080000E-03 4.309100000E+00 4.806370000E-06 1.532494116E+02
8.110460000E-03 4.284800000E+00 1.875290000E-05 1.528643258E+02
8.131990000E-03 4.257400000E+00 7.113590000E-05 1.524596071E+02
8.160550000E-03 4.217400000E+00 3.546670000E-04 1.519260344E+02
8.188350000E-03 4.172300000E+00 1.426680000E-03 1.514102353E+02
8.205710000E-03 4.139700000E+00 3.129310000E-03 1.510899118E+02
8.224190000E-03 4.101200000E+00 6.740470000E-03 1.507504082E+02
8.243740000E-03 4.055500000E+00 1.407260000E-02 1.503929042E+02
8.279720000E-03 3.958300000E+00 4.488770000E-02 1.497393632E+02
8.336720000E-03 3.797500000E+00 1.738540000E-01 1.487155620E+02
8.413480000E-03 3.732600000E+00 4.824590000E-01 1.473587624E+02
8.507480000E-03 3.912400000E+00 7.150100000E-01 1.457305806E+02
8.522930000E-03 3.943900000E+00 7.254100000E-01 1.454664065E+02
8.565620000E-03 4.013400000E+00 7.344850000E-01 1.447414198E+02
8.584830000E-03 4.037400000E+00 7.330050000E-01 1.444175365E+02
8.607040000E-03 4.057800000E+00 7.287460000E-01 1.440448749E+02
8.627630000E-03 4.073300000E+00 7.240350000E-01 1.437011091E+02
8.654430000E-03 4.091600000E+00 7.178150000E-01 1.432561128E+02
8.681230000E-03 4.098700000E+00 7.111000000E-01 1.428138639E+02
8.711540000E-03 4.106800000E+00 7.035060000E-01 1.423169727E+02
8.732520000E-03 4.112400000E+00 6.982500000E-01 1.419750542E+02
8.753500000E-03 4.118000000E+00 6.929940000E-01 1.416347747E+02
8.774480000E-03 4.123600000E+00 6.877380000E-01 1.412961224E+02
8.795450000E-03 4.129200000E+00 6.824820000E-01 1.409592460E+02
8.816430000E-03 4.132300000E+00 6.772990000E-01 1.406238126E+02
8.837410000E-03 4.126100000E+00 6.722990000E-01 1.402899718E+02
8.858660000E-03 4.119900000E+00 6.672350000E-01 1.399534467E+02
8.880360000E-03 4.113500000E+00 6.620640000E-01 1.396114572E+02
8.900340000E-03 4.107700000E+00 6.573010000E-01 1.392980493E+02
8.923750000E-03 4.100800000E+00 6.517220000E-01 1.389326236E+02
8.942300000E-03 4.095400000E+00 6.473030000E-01 1.386444203E+02
8.969320000E-03 4.084400000E+00 6.411480000E-01 1.382267552E+02
8.991400000E-03 4.074300000E+00 6.362340000E-01 1.378873145E+02
9.057630000E-03 4.044000000E+00 6.214890000E-01 1.368790732E+02
9.084790000E-03 4.031600000E+00 6.154410000E-01 1.364698579E+02
9.120100000E-03 4.015400000E+00 6.075810000E-01 1.359414919E+02
9.155400000E-03 3.996600000E+00 6.001160000E-01 1.354173493E+02
9.174180000E-03 3.985900000E+00 5.962400000E-01 1.351401433E+02
9.195240000E-03 3.974000000E+00 5.918930000E-01 1.348306298E+02
9.224170000E-03 3.955400000E+00 5.859230000E-01 1.344077570E+02
9.248330000E-03 3.934300000E+00 5.809380000E-01 1.340566351E+02
9.290900000E-03 3.890900000E+00 5.722790000E-01 1.334424006E+02
9.338740000E-03 3.829100000E+00 5.634780000E-01 1.327588090E+02
9.382640000E-03 3.760300000E+00 5.571700000E-01 1.321376500E+02
9.415580000E-03 3.697500000E+00 5.565960000E-01 1.316753721E+02
9.490600000E-03 3.509400000E+00 6.029710000E-01 1.306345226E+02
9.553690000E-03 3.345400000E+00 7.478940000E-01 1.297718473E+02
9.625130000E-03 3.284100000E+00 1.006620000E+00 1.288086499E+02
9.684160000E-03 3.353700000E+00 1.185050000E+00 1.280234940E+02
9.743760000E-03 3.459400000E+00 1.275380000E+00 1.272404082E+02
9.790340000E-03 3.525900000E+00 1.300820000E+00 1.266350300E+02
9.821870000E-03 3.557600000E+00 1.308230000E+00 1.262285084E+02
9.865830000E-03 3.572700000E+00 1.312910000E+00 1.256660615E+02
9.883690000E-03 3.574600000E+00 1.314190000E+00 1.254389808E+02
9.907490000E-03 3.577100000E+00 1.315880000E+00 1.251376484E+02
9.931290000E-03 3.579400000E+00 1.317660000E+00 1.248377603E+02
9.955090000E-03 3.581300000E+00 1.319550000E+00 1.245393060E+02
9.989450000E-03 3.584200000E+00 1.322290000E+00 1.241109370E+02
1.003330000E-02 3.587800000E+00 1.325790000E+00 1.235685168E+02
1.007250000E-02 3.591000000E+00 1.328910000E+00 1.230876148E+02
1.010910000E-02 3.593400000E+00 1.332120000E+00 1.226419760E+02
1.014670000E-02 3.595800000E+00 1.335400000E+00 1.221875092E+02
1.019590000E-02 3.598900000E+00 1.339700000E+00 1.215978972E+02
1.023630000E-02 3.594100000E+00 1.343710000E+00 1.211179821E+02
1.029430000E-02 3.578100000E+00 1.349890000E+00 1.204355809E+02
1.040390000E-02 3.539300000E+00 1.361730000E+00 1.191668509E+02
1.074430000E-02 3.185500000E+00 1.557390000E+00 1.153914168E+02
1.082770000E-02 3.155200000E+00 1.745150000E+00 1.145026183E+02
1.161450000E-02 3.365400000E+00 2.154690000E+00 1.067458780E+02
1.173540000E-02 3.348600000E+00 2.200780000E+00 1.056461646E+02
1.253050000E-02 3.217000000E+00 2.534830000E+00 9.894258010E+01
1.320240000E-02 3.095200000E+00 2.872440000E+00 9.390716839E+01
1.474860000E-02 2.837900000E+00 3.795120000E+00 8.406221607E+01
1.584890000E-02 2.674900000E+00 4.513740000E+00 7.822624914E+01
1.607870000E-02 2.659700000E+00 4.679050000E+00 7.710822392E+01
1.698240000E-02 2.638600000E+00 5.376760000E+00 7.300499340E+01
1.800000000E-02 2.678700000E+00 6.187100000E+00 6.887777778E+01
1.862090000E-02 2.744500000E+00 6.688380000E+00 6.658109973E+01
1.905460000E-02 2.819800000E+00 7.052650000E+00 6.506565344E+01
1.955290000E-02 2.943200000E+00 7.469790000E+00 6.340747408E+01
2.000000000E-02 3.070300000E+00 7.847360000E+00 6.199000000E+01
2.041740000E-02 3.216000000E+00 8.193410000E+00 6.072271690E+01
2.089300000E-02 3.401900000E+00 8.588210000E+00 5.934044895E+01
2.113490000E-02 3.510700000E+00 8.783090000E+00 5.866126644E+01
2.162720000E-02 3.750300000E+00 9.177020000E+00 5.732595990E+01
2.194150000E-02 3.919900000E+00 9.417880000E+00 5.650479685E+01
2.238720000E-02 4.175600000E+00 9.754910000E+00 5.537985992E+01
2.300000000E-02 4.565500000E+00 1.018720000E+01 5.390434783E+01
2.371370000E-02 5.061400000E+00 1.065180000E+01 5.228201419E+01
2.489080000E-02 5.958000000E+00 1.131080000E+01 4.980956819E+01
2.752100000E-02 8.194000000E+00 1.219260000E+01 4.504923513E+01
3.006700000E-02 1.031690000E+01 1.228000000E+01 4.123457611E+01
3.200000000E-02 1.172820000E+01 1.196610000E+01 3.874375000E+01
3.372120000E-02 1.275400000E+01 1.150920000E+01 3.676618863E+01
3.619660000E-02 1.394130000E+01 1.069490000E+01 3.425183581E+01
3.790070000E-02 1.450920000E+01 1.008290000E+01 3.271179688E+01
3.890450000E-02 1.479420000E+01 9.720970000E+00 3.186777879E+01
3.975600000E-02 1.499140000E+01 9.417530000E+00 3.118522990E+01
4.024220000E-02 1.509030000E+01 9.245670000E+00 3.080845481E+01
4.073800000E-02 1.518250000E+01 9.072310000E+00 3.043350189E+01
4.112910000E-02 1.524480000E+01 8.936830000E+00 3.014410721E+01
4.135930000E-02 1.527720000E+01 8.858740000E+00 2.997632939E+01
4.156290000E-02 1.530590000E+01 8.789660000E+00 2.982948736E+01
4.166470000E-02 1.532020000E+01 8.755130000E+00 2.975660451E+01
4.176650000E-02 1.533450000E+01 8.720590000E+00 2.968407695E+01
4.186830000E-02 1.534880000E+01 8.686050000E+00 2.961190208E+01
4.207190000E-02 1.537740000E+01 8.616980000E+00 2.946860018E+01
4.217370000E-02 1.539180000E+01 8.582450000E+00 2.939746809E+01
4.229120000E-02 1.540830000E+01 8.542580000E+00 2.931579146E+01
4.237730000E-02 1.541710000E+01 8.514460000E+00 2.925622916E+01
4.247910000E-02 1.542750000E+01 8.481200000E+00 2.918611741E+01
4.251520000E-02 1.543120000E+01 8.469410000E+00 2.916133524E+01
4.255130000E-02 1.543490000E+01 8.457630000E+00 2.913659512E+01
4.267080000E-02 1.544560000E+01 8.418570000E+00 2.905499780E+01
4.276070000E-02 1.545340000E+01 8.389200000E+00 2.899391263E+01
4.286550000E-02 1.546260000E+01 8.354980000E+00 2.892302668E+01
4.297020000E-02 1.547170000E+01 8.320770000E+00 2.885255363E+01
4.303000000E-02 1.547690000E+01 8.301210000E+00 2.881245643E+01
4.308990000E-02 1.548210000E+01 8.281660000E+00 2.877240374E+01
4.314080000E-02 1.548650000E+01 8.265030000E+00 2.873845640E+01
4.319170000E-02 1.549090000E+01 8.248400000E+00 2.870458908E+01
4.324260000E-02 1.549500000E+01 8.232040000E+00 2.867080148E+01
4.329350000E-02 1.549890000E+01 8.215870000E+00 2.863709333E+01
4.334440000E-02 1.550270000E+01 8.199710000E+00 2.860346435E+01
4.339530000E-02 1.550660000E+01 8.183550000E+00 2.856991425E+01
4.346920000E-02 1.551220000E+01 8.160070000E+00 2.852134385E+01
4.352610000E-02 1.551650000E+01 8.142010000E+00 2.848405899E+01
4.357930000E-02 1.551990000E+01 8.125400000E+00 2.844928670E+01
4.358050000E-02 1.552000000E+01 8.125020000E+00 2.844850334E+01
4.359520000E-02 1.552090000E+01 8.120420000E+00 2.843891071E+01
4.360190000E-02 1.552130000E+01 8.118340000E+00 2.843454070E+01
4.370330000E-02 1.552770000E+01 8.086640000E+00 2.836856713E+01
4.372950000E-02 1.552930000E+01 8.078460000E+00 2.835157045E+01
4.380810000E-02 1.553430000E+01 8.053920000E+00 2.830070238E+01
4.386040000E-02 1.553760000E+01 8.037560000E+00 2.826695607E+01
4.391280000E-02 1.554090000E+01 8.021200000E+00 2.823322585E+01
4.396520000E-02 1.554420000E+01 8.004840000E+00 2.819957603E+01
4.401750000E-02 1.554750000E+01 7.988480000E+00 2.816607031E+01
4.406990000E-02 1.555080000E+01 7.972120000E+00 2.813258029E+01
4.412230000E-02 1.555410000E+01 7.955760000E+00 2.809916981E+01
4.422700000E-02 1.556070000E+01 7.923040000E+00 2.803264974E+01
4.433170000E-02 1.556730000E+01 7.890320000E+00 2.796644388E+01
4.443650000E-02 1.557390000E+01 7.857600000E+00 2.790048721E+01
4.464590000E-02 1.558700000E+01 7.792160000E+00 2.776962722E+01
4.469990000E-02 1.559020000E+01 7.775320000E+00 2.773607995E+01
4.480600000E-02 1.559460000E+01 7.742270000E+00 2.767040129E+01
4.490890000E-02 1.559580000E+01 7.711500000E+00 2.760699995E+01
4.510810000E-02 1.559810000E+01 7.651870000E+00 2.748508583E+01
4.529500000E-02 1.560030000E+01 7.595980000E+00 2.737167458E+01
4.572420000E-02 1.560530000E+01 7.467540000E+00 2.711474449E+01
4.621990000E-02 1.560200000E+01 7.326080000E+00 2.682394380E+01
4.668920000E-02 1.558330000E+01 7.192890000E+00 2.655432091E+01
4.778080000E-02 1.550710000E+01 6.888470000E+00 2.594766099E+01
4.957850000E-02 1.524090000E+01 6.421620000E+00 2.500680739E+01
4.994460000E-02 1.516370000E+01 6.330980000E+00 2.482350444E+01
5.018860000E-02 1.510770000E+01 6.271110000E+00 2.470282096E+01
5.052760000E-02 1.501280000E+01 6.188200000E+00 2.453708468E+01
5.075480000E-02 1.493860000E+01 6.132610000E+00 2.442724629E+01
5.103230000E-02 1.484150000E+01 6.066760000E+00 2.429441746E+01
5.135820000E-02 1.470170000E+01 5.989630000E+00 2.414025414E+01
5.158130000E-02 1.458560000E+01 5.938380000E+00 2.403584245E+01
5.199390000E-02 1.429940000E+01 5.853940000E+00 2.384510491E+01
5.225380000E-02 1.403970000E+01 5.838280000E+00 2.372650410E+01
5.255440000E-02 1.365210000E+01 5.942500000E+00 2.359079354E+01
5.269450000E-02 1.346130000E+01 6.069070000E+00 2.352807219E+01
5.281840000E-02 1.330900000E+01 6.230050000E+00 2.347288066E+01
5.300050000E-02 1.315140000E+01 6.541320000E+00 2.339223215E+01
5.319220000E-02 1.311220000E+01 6.919790000E+00 2.330792861E+01
5.332760000E-02 1.315970000E+01 7.183600000E+00 2.324874924E+01
5.344930000E-02 1.325980000E+01 7.393900000E+00 2.319581360E+01
5.355440000E-02 1.337450000E+01 7.546060000E+00 2.315029204E+01
5.371210000E-02 1.357420000E+01 7.714350000E+00 2.308232223E+01
5.381260000E-02 1.370690000E+01 7.788470000E+00 2.303921386E+01
5.389040000E-02 1.380670000E+01 7.826590000E+00 2.300595282E+01
5.396580000E-02 1.390070000E+01 7.853050000E+00 2.297380934E+01
5.399090000E-02 1.393070000E+01 7.859620000E+00 2.296312897E+01
5.420970000E-02 1.416570000E+01 7.879130000E+00 2.287044570E+01
5.426230000E-02 1.421460000E+01 7.876570000E+00 2.284827587E+01
5.438980000E-02 1.432260000E+01 7.864690000E+00 2.279471519E+01
5.452120000E-02 1.442320000E+01 7.846780000E+00 2.273977829E+01
5.465410000E-02 1.451090000E+01 7.824300000E+00 2.268448296E+01
5.473430000E-02 1.456080000E+01 7.809730000E+00 2.265124428E+01
5.481460000E-02 1.460720000E+01 7.795160000E+00 2.261806161E+01
5.487150000E-02 1.463720000E+01 7.784820000E+00 2.259460740E+01
5.495690000E-02 1.468220000E+01 7.769310000E+00 2.255949662E+01
5.500000000E-02 1.470490000E+01 7.761480000E+00 2.254181818E+01
5.504230000E-02 1.472380000E+01 7.752760000E+00 2.252449480E+01
5.514980000E-02 1.477160000E+01 7.730600000E+00 2.248058923E+01
5.517670000E-02 1.478360000E+01 7.725060000E+00 2.246962939E+01
5.519570000E-02 1.479210000E+01 7.721130000E+00 2.246189468E+01
5.522310000E-02 1.480420000E+01 7.715620000E+00 2.245074978E+01
5.527080000E-02 1.482530000E+01 7.706040000E+00 2.243137425E+01
5.530660000E-02 1.484110000E+01 7.698860000E+00 2.241685441E+01
5.531850000E-02 1.484640000E+01 7.696460000E+00 2.241203214E+01
5.545320000E-02 1.489880000E+01 7.669330000E+00 2.235759163E+01
5.548720000E-02 1.491150000E+01 7.662490000E+00 2.234389192E+01
5.558900000E-02 1.494940000E+01 7.641960000E+00 2.230297361E+01
5.565700000E-02 1.497470000E+01 7.628270000E+00 2.227572453E+01
5.572490000E-02 1.499820000E+01 7.614130000E+00 2.224858187E+01
5.584860000E-02 1.503500000E+01 7.586960000E+00 2.219930312E+01
5.591050000E-02 1.505320000E+01 7.573720000E+00 2.217472568E+01
5.597230000E-02 1.507100000E+01 7.560480000E+00 2.215024217E+01
5.612190000E-02 1.511370000E+01 7.528460000E+00 2.209119791E+01
5.624870000E-02 1.514990000E+01 7.501310000E+00 2.204139829E+01
5.638160000E-02 1.518780000E+01 7.472860000E+00 2.198944336E+01
5.664740000E-02 1.525380000E+01 7.413910000E+00 2.188626486E+01
5.672940000E-02 1.527090000E+01 7.395040000E+00 2.185462917E+01
5.694730000E-02 1.531640000E+01 7.345010000E+00 2.177100582E+01
5.735540000E-02 1.539950000E+01 7.252680000E+00 2.161609892E+01
5.800910000E-02 1.549840000E+01 7.102540000E+00 2.137250880E+01
5.900000000E-02 1.561540000E+01 6.876430000E+00 2.101355932E+01
6.078340000E-02 1.570080000E+01 6.468320000E+00 2.039701629E+01
6.282550000E-02 1.545450000E+01 6.070380000E+00 1.973402520E+01
6.408650000E-02 1.527680000E+01 6.028790000E+00 1.934572804E+01
6.579650000E-02 1.453020000E+01 6.263960000E+00 1.884294757E+01
7.328250000E-02 1.628280000E+01 6.322800000E+00 1.691809095E+01
8.369890000E-02 1.621110000E+01 4.857830000E+00 1.481262000E+01
9.108630000E-02 1.553430000E+01 4.176400000E+00 1.361126756E+01
9.305030000E-02 1.530790000E+01 4.058910000E+00 1.332397639E+01
9.457100000E-02 1.512210000E+01 3.985320000E+00 1.310972708E+01
9.629870000E-02 1.488750000E+01 3.922330000E+00 1.287452479E+01
1.039980000E-01 1.393920000E+01 3.954050000E+00 1.192138310E+01
1.116470000E-01 1.296630000E+01 4.218500000E+00 1.110464231E+01
1.203400000E-01 1.191570000E+01 4.853400000E+00 1.030247632E+01
1.306780000E-01 1.083740000E+01 6.001180000E+00 9.487442416E+00
1.502290000E-01 9.491100000E+00 8.947400000E+00 8.252734159E+00
1.661770000E-01 9.314300000E+00 1.164670000E+01 7.460719594E+00
1.820880000E-01 9.788400000E+00 1.422580000E+01 6.808795747E+00
2.041740000E-01 1.123900000E+01 1.747130000E+01 6.072271690E+00
2.362100000E-01 1.431270000E+01 2.112280000E+01 5.248719360E+00
2.703420000E-01 1.763810000E+01 2.349300000E+01 4.586042864E+00
2.767760000E-01 1.804200000E+01 2.381130000E+01 4.479434633E+00
2.818380000E-01 1.816070000E+01 2.445050000E+01 4.398980975E+00
2.904770000E-01 1.951340000E+01 2.523740000E+01 4.268152040E+00
2.958190000E-01 1.994100000E+01 2.557540000E+01 4.191076300E+00
3.260000000E-01 2.372920000E+01 2.645170000E+01 3.803067485E+00
3.961370000E-01 2.939410000E+01 2.672240000E+01 3.129725322E+00
4.435870000E-01 3.214980000E+01 2.641200000E+01 2.794942142E+00
4.517230000E-01 3.241800000E+01 2.631320000E+01 2.744602334E+00
4.577100000E-01 3.246210000E+01 2.625520000E+01 2.708702017E+00
4.658440000E-01 3.232860000E+01 2.683970000E+01 2.661405964E+00
4.928100000E-01 3.507870000E+01 2.730240000E+01 2.515776871E+00
6.060380000E-01 4.090120000E+01 2.547300000E+01 2.045746306E+00
6.423090000E-01 4.194290000E+01 2.474830000E+01 1.930223615E+00
7.542230000E-01 4.574920000E+01 2.278820000E+01 1.643810915E+00
9.185970000E-01 4.864530000E+01 1.954960000E+01 1.349666938E+00
1.135010000E+00 5.020800000E+01 1.614420000E+01 1.092325178E+00
1.399130000E+00 4.999250000E+01 1.307140000E+01 8.861220902E-01
1.633500000E+00 4.788840000E+01 1.104820000E+01 7.589837772E-01
1.784690000E+00 4.480030000E+01 9.996780000E+00 6.946864722E-01
1.872840000E+00 4.116420000E+01 9.454770000E+00 6.619892783E-01
1.920860000E+00 3.726320000E+01 9.195750000E+00 6.454400633E-01
1.937600000E+00 3.464010000E+01 9.394820000E+00 6.398637490E-01
1.946580000E+00 3.267840000E+01 1.005130000E+01 6.369119173E-01
1.953980000E+00 3.095110000E+01 1.121340000E+01 6.344998413E-01
1.963040000E+00 2.922260000E+01 1.355430000E+01 6.315714402E-01
1.976580000E+00 2.861820000E+01 1.804100000E+01 6.272450394E-01
1.988530000E+00 3.004160000E+01 2.118940000E+01 6.234756328E-01
2.001860000E+00 3.205820000E+01 2.280790000E+01 6.193240287E-01
2.021200000E+00 3.325810000E+01 2.371100000E+01 6.133979814E-01
2.040140000E+00 3.344320000E+01 2.576610000E+01 6.077033929E-01
2.061150000E+00 3.542730000E+01 2.868950000E+01 6.015088664E-01
2.083020000E+00 3.836950000E+01 2.983130000E+01 5.951935171E-01
2.137960000E+00 4.261220000E+01 3.013940000E+01 5.798985949E-01
2.277940000E+00 4.878310000E+01 3.026750000E+01 5.442636768E-01
2.376750000E+00 5.132240000E+01 2.936890000E+01 5.216366888E-01
2.414590000E+00 5.136150000E+01 2.901990000E+01 5.134619128E-01
2.449620000E+00 5.100250000E+01 3.033820000E+01 5.061193165E-01
2.477760000E+00 5.255020000E+01 3.179310000E+01 5.003713031E-01
2.518940000E+00 5.507350000E+01 3.155200000E+01 4.921911598E-01
2.595190000E+00 5.753300000E+01 3.025770000E+01 4.777299543E-01
2.708330000E+00 5.955730000E+01 2.849580000E+01 4.577728711E-01
2.768120000E+00 5.979240000E+01 2.790930000E+01 4.478852073E-01
2.810160000E+00 6.035930000E+01 2.836490000E+01 4.411848436E-01
2.883030000E+00 6.210340000E+01 2.772800000E+01 4.300336798E-01
2.978000000E+00 6.318150000E+01 2.654380000E+01 4.163196776E-01
3.041630000E+00 6.360720000E+01 2.650640000E+01 4.076103931E-01
3.130020000E+00 6.520510000E+01 2.585340000E+01 3.960997054E-01
3.300000000E+00 6.697406000E+01 2.405250000E+01 3.756969697E-01
3.516100000E+00 6.847065000E+01 2.202930000E+01 3.526065812E-01
3.769210000E+00 6.967199000E+01 1.998010000E+01 3.289283431E-01
4.096000000E+00 7.068679000E+01 1.774920000E+01 3.026855469E-01
4.444790000E+00 7.134464000E+01 1.575790000E+01 2.789333129E-01
4.877020000E+00 7.178848000E+01 1.373450000E+01 2.542126134E-01
5.440330000E+00 7.201855000E+01 1.167080000E+01 2.278905875E-01
6.262080000E+00 7.196306000E+01 9.416500000E+00 1.979853339E-01
7.265890000E+00 7.154885000E+01 7.481810000E+00 1.706329163E-01
8.362900000E+00 7.079199000E+01 5.999670000E+00 1.482500090E-01
9.257780000E+00 6.985594000E+01 5.104850000E+00 1.339197950E-01
9.908380000E+00 6.878316000E+01 4.580090000E+00 1.251264082E-01
1.029200000E+01 6.773872000E+01 4.309250000E+00 1.204624951E-01
1.053660000E+01 6.661209000E+01 4.148610000E+00 1.176660403E-01
1.065170000E+01 6.565320000E+01 4.115020000E+00 1.163945661E-01
1.071010000E+01 6.489750000E+01 4.244990000E+00 1.157598902E-01
1.075490000E+01 6.418600000E+01 4.572150000E+00 1.152776874E-01
1.080340000E+01 6.342870000E+01 5.290120000E+00 1.147601681E-01
1.086820000E+01 6.294210000E+01 6.808950000E+00 1.140759279E-01
1.092840000E+01 6.320580000E+01 8.303200000E+00 1.134475312E-01
1.099280000E+01 6.415060000E+01 9.373090000E+00 1.127829125E-01
1.109180000E+01 6.560400000E+01 9.837050000E+00 1.117762672E-01
1.122020000E+01 6.668100000E+01 9.718890000E+00 1.104971391E-01
1.144850000E+01 6.763379000E+01 9.412850000E+00 1.082936629E-01
1.175600000E+01 6.817114000E+01 9.007450000E+00 1.054610412E-01
1.205300000E+01 6.812083000E+01 8.636060000E+00 1.028623579E-01
1.221740000E+01 6.763124000E+01 8.507160000E+00 1.014782196E-01
1.231730000E+01 6.703615000E+01 8.796960000E+00 1.006551761E-01
1.241540000E+01 6.672319000E+01 9.663380000E+00 9.985985147E-02
1.251170000E+01 6.706825000E+01 1.057510000E+01 9.909125059E-02
1.265070000E+01 6.799769000E+01 1.098240000E+01 9.800248208E-02
1.278510000E+01 6.837926000E+01 1.094720000E+01 9.697225677E-02
1.295530000E+01 6.859542000E+01 1.146450000E+01 9.569828564E-02
1.312390000E+01 6.953232000E+01 1.193090000E+01 9.446886977E-02
1.331890000E+01 7.046495000E+01 1.176010000E+01 9.308576534E-02
1.363110000E+01 7.137121000E+01 1.135150000E+01 9.095377482E-02
1.402550000E+01 7.215561000E+01 1.086610000E+01 8.839613561E-02
1.456930000E+01 7.293836000E+01 1.024530000E+01 8.509674452E-02
1.509870000E+01 7.349313000E+01 9.682010000E+00 8.211302960E-02
1.582070000E+01 7.404754000E+01 8.992210000E+00 7.836568546E-02
1.660590000E+01 7.447950000E+01 8.330010000E+00 7.466021113E-02
1.739990000E+01 7.479812000E+01 7.726990000E+00 7.125328306E-02
1.814610000E+01 7.501626500E+01 7.217770000E+00 6.832322097E-02
1.905460000E+01 7.520767900E+01 6.667680000E+00 6.506565344E-02
2.004170000E+01 7.535108300E+01 6.141800000E+00 6.186101977E-02
2.121960000E+01 7.546624200E+01 5.593800000E+00 5.842711455E-02
2.237710000E+01 7.553179400E+01 5.121810000E+00 5.540485586E-02
2.384460000E+01 7.556840000E+01 4.609420000E+00 5.199500096E-02
2.560610000E+01 7.557220900E+01 4.092280000E+00 4.841815036E-02
2.798330000E+01 7.553744200E+01 3.523920000E+00 4.430499619E-02
3.190960000E+01 7.542671600E+01 2.819630000E+00 3.885351117E-02
3.646120000E+01 7.526186100E+01 2.242720000E+00 3.400326923E-02
4.162510000E+01 7.507151100E+01 1.783750000E+00 2.978491343E-02
4.742820000E+01 7.485372000E+01 1.420410000E+00 2.614056616E-02
5.396430000E+01 7.459997000E+01 1.132310000E+00 2.297444792E-02
6.115930000E+01 7.425770000E+01 9.083720000E-01 2.027165125E-02
6.591120000E+01 7.392780000E+01 7.950670000E-01 1.881015670E-02
6.896430000E+01 7.359011000E+01 7.338110000E-01 1.797741730E-02
7.098590000E+01 7.321241000E+01 6.971920000E-01 1.746544032E-02
7.212580000E+01 7.283923000E+01 6.796710000E-01 1.718941072E-02
7.263620000E+01 7.255308000E+01 6.948990000E-01 1.706862418E-02
7.291810000E+01 7.233519000E+01 7.448420000E-01 1.700263721E-02
7.315190000E+01 7.212322000E+01 8.387060000E-01 1.694829526E-02
7.337120000E+01 7.191493000E+01 9.915130000E-01 1.689763831E-02
7.360300000E+01 7.171603000E+01 1.233400000E+00 1.684442210E-02
7.392240000E+01 7.155586000E+01 1.685090000E+00 1.677164161E-02
7.434470000E+01 7.163593000E+01 2.337130000E+00 1.667637370E-02
7.468990000E+01 7.191678000E+01 2.751080000E+00 1.659929924E-02
7.506920000E+01 7.230273000E+01 3.001500000E+00 1.651542843E-02
7.566130000E+01 7.280222000E+01 3.098120000E+00 1.638618422E-02
7.649630000E+01 7.322773000E+01 3.061800000E+00 1.620731983E-02
7.779130000E+01 7.363054000E+01 2.985150000E+00 1.593751486E-02
7.956760000E+01 7.397989000E+01 2.878200000E+00 1.558171919E-02
8.201290000E+01 7.429857000E+01 2.748180000E+00 1.511713401E-02
8.497670000E+01 7.457455000E+01 2.595520000E+00 1.458988170E-02
8.858170000E+01 7.479903000E+01 2.423820000E+00 1.399611884E-02
9.312420000E+01 7.499064000E+01 2.234690000E+00 1.331340296E-02
9.933120000E+01 7.516384700E+01 2.014790000E+00 1.248147611E-02
1.059270000E+02 7.528556400E+01 1.812920000E+00 1.170428691E-02
1.143930000E+02 7.537799900E+01 1.594360000E+00 1.083807576E-02
1.260170000E+02 7.544448800E+01 1.356230000E+00 9.838355143E-03
1.416590000E+02 7.547868000E+01 1.113840000E+00 8.752003050E-03
1.615680000E+02 7.548034100E+01 8.912800000E-01 7.673549218E-03
1.843850000E+02 7.546097800E+01 7.128990000E-01 6.723974293E-03
2.100290000E+02 7.543205000E+01 5.722650000E-01 5.902994348E-03
2.392800000E+02 7.539852900E+01 4.596550000E-01 5.181377466E-03
2.739890000E+02 7.536395700E+01 3.675340000E-01 4.524999179E-03
3.130020000E+02 7.533186400E+01 2.963320000E-01 3.960997054E-03
3.576170000E+02 7.530280400E+01 2.402260000E-01 3.466837427E-03
4.093780000E+02 7.527720900E+01 1.954520000E-01 3.028496890E-03
4.713990000E+02 7.525456500E+01 1.590200000E-01 2.630043763E-03
5.440780000E+02 7.523565000E+01 1.302370000E-01 2.278717390E-03
6.305030000E+02 7.522004600E+01 1.072880000E-01 1.966366536E-03
7.344080000E+02 7.520753300E+01 8.885980000E-02 1.688162438E-03
8.614590000E+02 7.519768400E+01 7.400030000E-02 1.439186311E-03
1.011650000E+03 7.519082100E+01 6.254630000E-02 1.225522661E-03
1.203700000E+03 7.518608600E+01 5.156750000E-02 1.029990862E-03
1.410750000E+03 7.518255400E+01 4.313470000E-02 8.788233209E-04
1.619760000E+03 7.518016000E+01 3.694560000E-02 7.654220378E-04
1.938570000E+03 7.517775700E+01 3.021240000E-02 6.395435811E-04
2.235890000E+03 7.517628000E+01 2.574030000E-02 5.544995505E-04
2.580240000E+03 7.517509800E+01 2.192700000E-02 4.804979382E-04
3.086390000E+03 7.517394000E+01 1.793350000E-02 4.016990724E-04
3.543650000E+03 7.517323800E+01 1.536030000E-02 3.498652519E-04
4.155500000E+03 7.517250000E+01 1.285660000E-02 2.983515822E-04
4.891600000E+03 7.517190900E+01 1.070170000E-02 2.534549023E-04
5.616310000E+03 7.517154100E+01 9.166160000E-03 2.207499230E-04
6.692470000E+03 7.517120000E+01 7.533700000E-03 1.852529783E-04
7.752660000E+03 7.517099200E+01 6.386140000E-03 1.599193051E-04
8.901250000E+03 7.517084600E+01 5.469840000E-03 1.392838085E-04
1.000000000E+04 7.517075000E+01 4.809130000E-03 1.239800000E-04
