# Data retrieved from https://www-nds.iaea.org/epdl97/za1to100.htm 03/01/2021
# Element, Pa  (Z = 91) 
# Atomic weight, g mol-1 = 233.0 
# Nominal density, g cm-3 =  1.53700E+1 
# Relativistic correction estimate f_rel(5CL)*,  e atom-1 =  0 
# Nuclear Thomson correction f_NT*, e atom-1 =  0 
#    E [keV]      f1 [e atom-1]      f2 [e atom-1]    Wavelength [nm] 
1.000000000E-03 1.847520000E+01 0.000000000E+00 1.239800000E+03
1.103200000E-03 1.846770000E+01 0.000000000E+00 1.123821610E+03
1.258000000E-03 1.845650000E+01 0.000000000E+00 9.855325914E+02
1.412800000E-03 1.844530000E+01 0.000000000E+00 8.775481314E+02
1.416270000E-03 1.844500000E+01 0.000000000E+00 8.753980526E+02
1.419750000E-03 1.844480000E+01 0.000000000E+00 8.732523332E+02
1.423230000E-03 1.844450000E+01 0.000000000E+00 8.711171069E+02
1.426710000E-03 1.844430000E+01 0.000000000E+00 8.689922970E+02
1.430180000E-03 1.844400000E+01 0.000000000E+00 8.668838887E+02
1.433660000E-03 1.844380000E+01 0.000000000E+00 8.647796549E+02
1.437140000E-03 1.844350000E+01 0.000000000E+00 8.626856117E+02
1.440620000E-03 1.844330000E+01 0.000000000E+00 8.606016854E+02
1.444090000E-03 1.844300000E+01 0.000000000E+00 8.585337479E+02
1.447570000E-03 1.844280000E+01 0.000000000E+00 8.564698080E+02
1.451050000E-03 1.844250000E+01 0.000000000E+00 8.544157679E+02
1.454520000E-03 1.844230000E+01 0.000000000E+00 8.523774166E+02
1.458000000E-03 1.844200000E+01 0.000000000E+00 8.503429355E+02
1.464960000E-03 1.844150000E+01 0.000000000E+00 8.463029707E+02
1.468430000E-03 1.844130000E+01 0.000000000E+00 8.443030992E+02
1.471910000E-03 1.844100000E+01 0.000000000E+00 8.423069345E+02
1.475390000E-03 1.844080000E+01 0.000000000E+00 8.403201865E+02
1.478870000E-03 1.844050000E+01 0.000000000E+00 8.383427888E+02
1.482340000E-03 1.844030000E+01 0.000000000E+00 8.363803176E+02
1.534320000E-03 1.843580000E+01 0.000000000E+00 8.080452578E+02
1.538100000E-03 1.843540000E+01 0.000000000E+00 8.060594240E+02
1.541880000E-03 1.843510000E+01 0.000000000E+00 8.040833268E+02
1.545650000E-03 1.843470000E+01 0.000000000E+00 8.021220846E+02
1.549430000E-03 1.843440000E+01 0.000000000E+00 8.001652220E+02
1.553210000E-03 1.843400000E+01 0.000000000E+00 7.982178843E+02
1.564540000E-03 1.843300000E+01 0.000000000E+00 7.924373937E+02
1.568310000E-03 1.843260000E+01 0.000000000E+00 7.905324840E+02
1.572090000E-03 1.843230000E+01 0.000000000E+00 7.886316941E+02
1.575870000E-03 1.843190000E+01 0.000000000E+00 7.867400230E+02
1.579640000E-03 1.843160000E+01 0.000000000E+00 7.848623737E+02
1.585810000E-03 1.843100000E+01 0.000000000E+00 7.818086656E+02
1.590970000E-03 1.843050000E+01 0.000000000E+00 7.792730221E+02
1.594750000E-03 1.843020000E+01 0.000000000E+00 7.774259288E+02
1.598530000E-03 1.842980000E+01 0.000000000E+00 7.755875711E+02
1.602300000E-03 1.842950000E+01 0.000000000E+00 7.737627161E+02
1.608610000E-03 1.842890000E+01 0.000000000E+00 7.707275225E+02
1.609860000E-03 1.842880000E+01 0.000000000E+00 7.701290795E+02
1.612410000E-03 1.842850000E+01 0.000000000E+00 7.689111330E+02
1.616210000E-03 1.842820000E+01 0.000000000E+00 7.671032848E+02
1.620010000E-03 1.842780000E+01 0.000000000E+00 7.653039179E+02
1.703940000E-03 1.842000000E+01 0.000000000E+00 7.276077796E+02
1.766890000E-03 1.841410000E+01 0.000000000E+00 7.016848813E+02
1.814100000E-03 1.840980000E+01 0.000000000E+00 6.834242875E+02
1.849500000E-03 1.840650000E+01 0.000000000E+00 6.703433360E+02
1.902610000E-03 1.840150000E+01 0.000000000E+00 6.516311803E+02
1.929170000E-03 1.839900000E+01 0.000000000E+00 6.426597967E+02
1.955720000E-03 1.839660000E+01 0.000000000E+00 6.339353282E+02
1.960540000E-03 1.839610000E+01 0.000000000E+00 6.323767941E+02
1.965350000E-03 1.839570000E+01 0.000000000E+00 6.308291144E+02
1.970160000E-03 1.839520000E+01 0.000000000E+00 6.292889918E+02
1.974980000E-03 1.839480000E+01 0.000000000E+00 6.277531924E+02
1.979790000E-03 1.839430000E+01 0.000000000E+00 6.262280343E+02
1.981750000E-03 1.839420000E+01 0.000000000E+00 6.256086792E+02
1.991510000E-03 1.839320000E+01 0.000000000E+00 6.225426937E+02
1.996390000E-03 1.839280000E+01 0.000000000E+00 6.210209428E+02
2.001260000E-03 1.839230000E+01 0.000000000E+00 6.195097089E+02
2.006140000E-03 1.839160000E+01 0.000000000E+00 6.180027316E+02
2.009810000E-03 1.839100000E+01 0.000000000E+00 6.168742319E+02
2.013490000E-03 1.839050000E+01 0.000000000E+00 6.157467879E+02
2.017130000E-03 1.839000000E+01 0.000000000E+00 6.146356457E+02
2.020770000E-03 1.838950000E+01 0.000000000E+00 6.135285065E+02
2.025650000E-03 1.838880000E+01 0.000000000E+00 6.120504529E+02
2.030530000E-03 1.838810000E+01 0.000000000E+00 6.105795039E+02
2.035410000E-03 1.838740000E+01 0.000000000E+00 6.091156082E+02
2.036020000E-03 1.838730000E+01 0.000000000E+00 6.089331146E+02
2.037080000E-03 1.838710000E+01 0.000000000E+00 6.086162546E+02
2.040290000E-03 1.838670000E+01 0.000000000E+00 6.076587152E+02
2.040610000E-03 1.838660000E+01 0.000000000E+00 6.075634247E+02
2.041010000E-03 1.838660000E+01 0.000000000E+00 6.074443535E+02
2.041200000E-03 1.838650000E+01 0.000000000E+00 6.073878111E+02
2.041580000E-03 1.838650000E+01 0.000000000E+00 6.072747578E+02
2.042280000E-03 1.838640000E+01 0.000000000E+00 6.070666118E+02
2.042890000E-03 1.838630000E+01 0.000000000E+00 6.068853438E+02
2.043960000E-03 1.838610000E+01 0.000000000E+00 6.065676432E+02
2.045570000E-03 1.838590000E+01 0.000000000E+00 6.060902340E+02
2.047180000E-03 1.838570000E+01 0.000000000E+00 6.056135757E+02
2.049120000E-03 1.838540000E+01 0.000000000E+00 6.050402124E+02
2.050570000E-03 1.838520000E+01 0.000000000E+00 6.046123761E+02
2.052740000E-03 1.838490000E+01 0.000000000E+00 6.039732260E+02
2.053830000E-03 1.838470000E+01 0.000000000E+00 6.036526879E+02
2.054920000E-03 1.838460000E+01 0.000000000E+00 6.033324898E+02
2.058580000E-03 1.838400000E+01 0.000000000E+00 6.022598102E+02
2.059800000E-03 1.838390000E+01 0.000000000E+00 6.019030974E+02
2.063460000E-03 1.838330000E+01 0.000000000E+00 6.008354899E+02
2.064070000E-03 1.838320000E+01 0.000000000E+00 6.006579234E+02
2.064670000E-03 1.838320000E+01 0.000000000E+00 6.004833702E+02
2.069550000E-03 1.838250000E+01 0.000000000E+00 5.990674301E+02
2.069780000E-03 1.838240000E+01 0.000000000E+00 5.990008600E+02
2.070340000E-03 1.838230000E+01 0.000000000E+00 5.988388381E+02
2.071910000E-03 1.838210000E+01 0.000000000E+00 5.983850650E+02
2.074430000E-03 1.838180000E+01 0.000000000E+00 5.976581519E+02
2.076870000E-03 1.838140000E+01 0.000000000E+00 5.969559963E+02
2.078700000E-03 1.838110000E+01 0.000000000E+00 5.964304613E+02
2.079310000E-03 1.838110000E+01 0.000000000E+00 5.962554886E+02
2.080020000E-03 1.838090000E+01 0.000000000E+00 5.960519610E+02
2.081430000E-03 1.838070000E+01 0.000000000E+00 5.956481842E+02
2.084160000E-03 1.838040000E+01 0.000000000E+00 5.948679564E+02
2.089270000E-03 1.837960000E+01 0.000000000E+00 5.934130103E+02
2.098220000E-03 1.837830000E+01 0.000000000E+00 5.908817950E+02
2.111640000E-03 1.837640000E+01 0.000000000E+00 5.871265935E+02
2.125060000E-03 1.837450000E+01 0.000000000E+00 5.834188211E+02
2.130290000E-03 1.837370000E+01 0.000000000E+00 5.819864901E+02
2.135530000E-03 1.837300000E+01 0.000000000E+00 5.805584562E+02
2.140760000E-03 1.837220000E+01 0.000000000E+00 5.791401185E+02
2.145990000E-03 1.837150000E+01 0.000000000E+00 5.777286940E+02
2.151220000E-03 1.837070000E+01 0.000000000E+00 5.763241324E+02
2.156450000E-03 1.837000000E+01 0.000000000E+00 5.749263836E+02
2.161680000E-03 1.836920000E+01 0.000000000E+00 5.735353984E+02
2.166910000E-03 1.836850000E+01 0.000000000E+00 5.721511276E+02
2.172140000E-03 1.836770000E+01 0.000000000E+00 5.707735229E+02
2.177370000E-03 1.836700000E+01 0.000000000E+00 5.694025361E+02
2.182600000E-03 1.836620000E+01 0.000000000E+00 5.680381197E+02
2.187830000E-03 1.836540000E+01 0.000000000E+00 5.666802265E+02
2.193060000E-03 1.836470000E+01 0.000000000E+00 5.653288100E+02
2.203520000E-03 1.836320000E+01 0.000000000E+00 5.626452222E+02
2.208750000E-03 1.836240000E+01 0.000000000E+00 5.613129598E+02
2.213980000E-03 1.836170000E+01 0.000000000E+00 5.599869918E+02
2.219210000E-03 1.836090000E+01 0.000000000E+00 5.586672735E+02
2.224450000E-03 1.836020000E+01 0.000000000E+00 5.573512554E+02
2.229680000E-03 1.835940000E+01 0.000000000E+00 5.560439166E+02
2.299600000E-03 1.834800000E+01 0.000000000E+00 5.391372413E+02
2.352040000E-03 1.833890000E+01 0.000000000E+00 5.271168858E+02
2.391380000E-03 1.833210000E+01 0.000000000E+00 5.184454165E+02
2.450380000E-03 1.832190000E+01 0.000000000E+00 5.059623405E+02
2.479880000E-03 1.831690000E+01 0.000000000E+00 4.999435457E+02
2.500000000E-03 1.831340000E+01 0.000000000E+00 4.959200000E+02
2.509370000E-03 1.831170000E+01 0.000000000E+00 4.940682323E+02
2.515550000E-03 1.831050000E+01 0.000000000E+00 4.928544453E+02
2.521730000E-03 1.830940000E+01 0.000000000E+00 4.916466077E+02
2.527900000E-03 1.830820000E+01 0.000000000E+00 4.904466158E+02
2.534080000E-03 1.830710000E+01 0.000000000E+00 4.892505367E+02
2.540260000E-03 1.830590000E+01 0.000000000E+00 4.880602773E+02
2.549530000E-03 1.830420000E+01 0.000000000E+00 4.862857076E+02
2.558790000E-03 1.830250000E+01 0.000000000E+00 4.845258892E+02
2.564960000E-03 1.830140000E+01 0.000000000E+00 4.833603643E+02
2.571140000E-03 1.830020000E+01 0.000000000E+00 4.821985578E+02
2.577320000E-03 1.829910000E+01 0.000000000E+00 4.810423230E+02
2.583490000E-03 1.829800000E+01 0.000000000E+00 4.798934774E+02
2.593020000E-03 1.829620000E+01 0.000000000E+00 4.781297483E+02
2.602020000E-03 1.829450000E+01 0.000000000E+00 4.764759687E+02
2.608200000E-03 1.829340000E+01 0.000000000E+00 4.753469826E+02
2.614380000E-03 1.829220000E+01 0.000000000E+00 4.742233340E+02
2.620550000E-03 1.829110000E+01 0.000000000E+00 4.731067906E+02
2.630310000E-03 1.828930000E+01 0.000000000E+00 4.713512856E+02
2.632910000E-03 1.828880000E+01 0.000000000E+00 4.708858259E+02
2.636520000E-03 1.828810000E+01 0.000000000E+00 4.702410754E+02
2.642740000E-03 1.828700000E+01 0.000000000E+00 4.691343076E+02
2.648950000E-03 1.828590000E+01 0.000000000E+00 4.680345042E+02
2.661020000E-03 1.828360000E+01 0.000000000E+00 4.659115677E+02
2.667570000E-03 1.828240000E+01 0.000000000E+00 4.647675600E+02
2.674120000E-03 1.828120000E+01 0.000000000E+00 4.636291565E+02
2.680670000E-03 1.827990000E+01 0.000000000E+00 4.624963162E+02
2.687220000E-03 1.827850000E+01 0.000000000E+00 4.613689984E+02
2.694010000E-03 1.827710000E+01 0.000000000E+00 4.602061611E+02
2.698470000E-03 1.827610000E+01 0.000000000E+00 4.594455377E+02
2.702920000E-03 1.827520000E+01 0.000000000E+00 4.586891214E+02
2.716230000E-03 1.827230000E+01 0.000000000E+00 4.564414648E+02
2.722880000E-03 1.827090000E+01 0.000000000E+00 4.553267129E+02
2.729530000E-03 1.826950000E+01 0.000000000E+00 4.542173927E+02
2.736190000E-03 1.826800000E+01 0.000000000E+00 4.531118088E+02
2.741620000E-03 1.826690000E+01 0.000000000E+00 4.522143842E+02
2.747060000E-03 1.826570000E+01 0.000000000E+00 4.513188645E+02
2.751600000E-03 1.826470000E+01 0.000000000E+00 4.505742114E+02
2.753870000E-03 1.826420000E+01 0.000000000E+00 4.502028055E+02
2.756140000E-03 1.826380000E+01 0.000000000E+00 4.498320114E+02
2.761130000E-03 1.826270000E+01 0.000000000E+00 4.490190610E+02
2.762800000E-03 1.826230000E+01 0.000000000E+00 4.487476473E+02
2.767790000E-03 1.826130000E+01 0.000000000E+00 4.479386081E+02
2.769030000E-03 1.826100000E+01 0.000000000E+00 4.477380166E+02
2.769870000E-03 1.826080000E+01 0.000000000E+00 4.476022340E+02
2.776100000E-03 1.825950000E+01 0.000000000E+00 4.465977450E+02
2.776930000E-03 1.825930000E+01 0.000000000E+00 4.464642609E+02
2.782760000E-03 1.825810000E+01 0.000000000E+00 4.455288994E+02
2.785440000E-03 1.825750000E+01 0.000000000E+00 4.451002355E+02
2.789460000E-03 1.825660000E+01 0.000000000E+00 4.444587841E+02
2.793470000E-03 1.825580000E+01 0.000000000E+00 4.438207677E+02
2.798580000E-03 1.825470000E+01 0.000000000E+00 4.430103838E+02
2.803690000E-03 1.825360000E+01 0.000000000E+00 4.422029540E+02
2.809370000E-03 1.825230000E+01 0.000000000E+00 4.413089056E+02
2.816020000E-03 1.825090000E+01 0.000000000E+00 4.402667595E+02
2.822670000E-03 1.824950000E+01 0.000000000E+00 4.392295238E+02
2.833310000E-03 1.824720000E+01 0.000000000E+00 4.375800742E+02
2.835980000E-03 1.824660000E+01 0.000000000E+00 4.371681041E+02
2.840020000E-03 1.824580000E+01 0.000000000E+00 4.365462215E+02
2.846800000E-03 1.824430000E+01 0.000000000E+00 4.355065337E+02
2.853660000E-03 1.824290000E+01 0.000000000E+00 4.344596063E+02
2.860150000E-03 1.824150000E+01 0.000000000E+00 4.334737689E+02
2.865650000E-03 1.824030000E+01 0.000000000E+00 4.326418090E+02
2.872530000E-03 1.823880000E+01 0.000000000E+00 4.316055881E+02
2.879420000E-03 1.823730000E+01 0.000000000E+00 4.305728237E+02
2.887940000E-03 1.823550000E+01 0.000000000E+00 4.293025478E+02
2.900070000E-03 1.823290000E+01 0.000000000E+00 4.275069222E+02
2.906950000E-03 1.823140000E+01 0.000000000E+00 4.264951238E+02
2.913840000E-03 1.823000000E+01 0.000000000E+00 4.254866431E+02
2.920720000E-03 1.822850000E+01 0.000000000E+00 4.244843737E+02
2.927610000E-03 1.822700000E+01 0.000000000E+00 4.234853686E+02
2.934490000E-03 1.822550000E+01 0.000000000E+00 4.224924944E+02
2.947130000E-03 1.822280000E+01 0.000000000E+00 4.206804586E+02
2.954380000E-03 1.822130000E+01 0.000000000E+00 4.196481157E+02
2.961640000E-03 1.821970000E+01 0.000000000E+00 4.186194136E+02
2.968890000E-03 1.821820000E+01 0.000000000E+00 4.175971491E+02
2.976150000E-03 1.821660000E+01 0.000000000E+00 4.165784655E+02
2.983400000E-03 1.821510000E+01 0.000000000E+00 4.155661326E+02
2.990650000E-03 1.821350000E+01 0.000000000E+00 4.145587080E+02
2.997910000E-03 1.821190000E+01 0.000000000E+00 4.135547765E+02
3.005400000E-03 1.821020000E+01 0.000000000E+00 4.125241232E+02
3.012420000E-03 1.820830000E+01 0.000000000E+00 4.115627967E+02
3.019670000E-03 1.820640000E+01 0.000000000E+00 4.105746654E+02
3.026920000E-03 1.820450000E+01 0.000000000E+00 4.095912677E+02
3.034180000E-03 1.820250000E+01 0.000000000E+00 4.086112228E+02
3.041430000E-03 1.820060000E+01 0.000000000E+00 4.076371970E+02
3.055940000E-03 1.819680000E+01 0.000000000E+00 4.057016826E+02
3.063190000E-03 1.819490000E+01 0.000000000E+00 4.047414623E+02
3.070450000E-03 1.819290000E+01 0.000000000E+00 4.037844616E+02
3.077700000E-03 1.819100000E+01 0.000000000E+00 4.028332846E+02
3.084960000E-03 1.818910000E+01 0.000000000E+00 4.018852757E+02
3.092210000E-03 1.818720000E+01 0.000000000E+00 4.009430149E+02
3.114890000E-03 1.818120000E+01 0.000000000E+00 3.980236862E+02
3.131910000E-03 1.817670000E+01 0.000000000E+00 3.958606729E+02
3.157430000E-03 1.816990000E+01 0.000000000E+00 3.926611200E+02
3.182950000E-03 1.816320000E+01 0.000000000E+00 3.895128733E+02
3.183100000E-03 1.816310000E+01 0.000000000E+00 3.894945179E+02
3.190940000E-03 1.816100000E+01 0.000000000E+00 3.885375469E+02
3.198770000E-03 1.815900000E+01 0.000000000E+00 3.875864786E+02
3.206610000E-03 1.815690000E+01 0.000000000E+00 3.866388491E+02
3.214440000E-03 1.815480000E+01 0.000000000E+00 3.856970421E+02
3.222280000E-03 1.815270000E+01 0.000000000E+00 3.847586181E+02
3.230110000E-03 1.815070000E+01 0.000000000E+00 3.838259378E+02
3.241370000E-03 1.814770000E+01 0.000000000E+00 3.824925880E+02
3.245880000E-03 1.814630000E+01 0.000000000E+00 3.819611323E+02
3.253830000E-03 1.814390000E+01 0.000000000E+00 3.810278964E+02
3.261780000E-03 1.814150000E+01 0.000000000E+00 3.800992096E+02
3.264360000E-03 1.814070000E+01 0.000000000E+00 3.797987967E+02
3.280430000E-03 1.813580000E+01 0.000000000E+00 3.779382581E+02
3.288470000E-03 1.813330000E+01 0.000000000E+00 3.770142346E+02
3.296500000E-03 1.813090000E+01 0.000000000E+00 3.760958592E+02
3.304540000E-03 1.812840000E+01 0.000000000E+00 3.751808119E+02
3.310240000E-03 1.812670000E+01 0.000000000E+00 3.745347769E+02
3.314520000E-03 1.812540000E+01 0.000000000E+00 3.740511447E+02
3.320930000E-03 1.812340000E+01 0.000000000E+00 3.733291578E+02
3.324140000E-03 1.812250000E+01 0.000000000E+00 3.729686475E+02
3.327350000E-03 1.812150000E+01 0.000000000E+00 3.726088329E+02
3.334340000E-03 1.811940000E+01 0.000000000E+00 3.718277080E+02
3.335510000E-03 1.811900000E+01 0.000000000E+00 3.716972817E+02
3.337680000E-03 1.811830000E+01 0.000000000E+00 3.714556219E+02
3.341190000E-03 1.811730000E+01 0.000000000E+00 3.710653989E+02
3.342950000E-03 1.811670000E+01 0.000000000E+00 3.708700399E+02
3.343390000E-03 1.811660000E+01 0.000000000E+00 3.708212323E+02
3.343560000E-03 1.811660000E+01 0.000000000E+00 3.708023783E+02
3.343840000E-03 1.811650000E+01 0.000000000E+00 3.707713288E+02
3.344280000E-03 1.811630000E+01 0.000000000E+00 3.707225472E+02
3.344490000E-03 1.811630000E+01 0.000000000E+00 3.706992695E+02
3.345000000E-03 1.811610000E+01 0.000000000E+00 3.706427504E+02
3.345570000E-03 1.811590000E+01 0.000000000E+00 3.705796023E+02
3.354060000E-03 1.811340000E+01 0.000000000E+00 3.696415687E+02
3.356130000E-03 1.811270000E+01 0.000000000E+00 3.694135805E+02
3.362320000E-03 1.811080000E+01 0.000000000E+00 3.687334935E+02
3.365140000E-03 1.811000000E+01 0.000000000E+00 3.684244935E+02
3.370080000E-03 1.810850000E+01 0.000000000E+00 3.678844419E+02
3.377480000E-03 1.810620000E+01 0.000000000E+00 3.670784135E+02
3.381180000E-03 1.810510000E+01 0.000000000E+00 3.666767223E+02
3.384880000E-03 1.810400000E+01 0.000000000E+00 3.662759093E+02
3.392920000E-03 1.810140000E+01 0.000000000E+00 3.654079672E+02
3.400950000E-03 1.809880000E+01 0.000000000E+00 3.645452006E+02
3.408990000E-03 1.809620000E+01 0.000000000E+00 3.636854318E+02
3.425060000E-03 1.809080000E+01 0.000000000E+00 3.619790602E+02
3.429000000E-03 1.808920000E+01 0.000000000E+00 3.615631379E+02
3.432940000E-03 1.808760000E+01 0.000000000E+00 3.611481704E+02
3.435660000E-03 1.808650000E+01 0.000000000E+00 3.608622506E+02
3.440630000E-03 1.808450000E+01 0.000000000E+00 3.603409841E+02
3.453130000E-03 1.807960000E+01 0.000000000E+00 3.590365842E+02
3.456840000E-03 1.807810000E+01 0.000000000E+00 3.586512537E+02
3.465170000E-03 1.807470000E+01 0.000000000E+00 3.577890839E+02
3.477900000E-03 1.806970000E+01 0.000000000E+00 3.564794847E+02
3.481790000E-03 1.806810000E+01 0.000000000E+00 3.560812111E+02
3.482270000E-03 1.806790000E+01 0.000000000E+00 3.560321285E+02
3.499060000E-03 1.806120000E+01 0.000000000E+00 3.543237327E+02
3.499720000E-03 1.806090000E+01 0.000000000E+00 3.542569120E+02
3.507980000E-03 1.805770000E+01 0.000000000E+00 3.534227675E+02
3.516950000E-03 1.805410000E+01 0.000000000E+00 3.525213608E+02
3.525560000E-03 1.805060000E+01 0.000000000E+00 3.516604454E+02
3.534180000E-03 1.804720000E+01 0.000000000E+00 3.508027322E+02
3.551400000E-03 1.804030000E+01 0.000000000E+00 3.491017627E+02
3.560020000E-03 1.803690000E+01 0.000000000E+00 3.482564705E+02
3.568630000E-03 1.803340000E+01 0.000000000E+00 3.474162354E+02
3.577250000E-03 1.803000000E+01 0.000000000E+00 3.465790761E+02
3.585860000E-03 1.802660000E+01 0.000000000E+00 3.457469059E+02
3.594470000E-03 1.802310000E+01 0.000000000E+00 3.449187224E+02
3.603090000E-03 1.801970000E+01 0.000000000E+00 3.440935419E+02
3.620320000E-03 1.801280000E+01 0.000000000E+00 3.424559155E+02
3.628930000E-03 1.800940000E+01 0.000000000E+00 3.416434045E+02
3.637540000E-03 1.800590000E+01 0.000000000E+00 3.408347400E+02
3.644310000E-03 1.800320000E+01 0.000000000E+00 3.402015745E+02
3.646160000E-03 1.800250000E+01 0.000000000E+00 3.400289620E+02
3.653690000E-03 1.799950000E+01 0.000000000E+00 3.393281860E+02
3.659390000E-03 1.799720000E+01 0.000000000E+00 3.387996360E+02
3.662500000E-03 1.799590000E+01 0.000000000E+00 3.385119454E+02
3.671480000E-03 1.799230000E+01 0.000000000E+00 3.376839857E+02
3.680450000E-03 1.798840000E+01 0.000000000E+00 3.368609817E+02
3.689430000E-03 1.798450000E+01 0.000000000E+00 3.360410687E+02
3.698390000E-03 1.797990000E+01 0.000000000E+00 3.352269501E+02
3.716330000E-03 1.796970000E+01 0.000000000E+00 3.336086946E+02
3.725300000E-03 1.796460000E+01 0.000000000E+00 3.328054116E+02
3.734270000E-03 1.795950000E+01 0.000000000E+00 3.320059878E+02
3.743240000E-03 1.795430000E+01 0.000000000E+00 3.312103953E+02
3.752210000E-03 1.794920000E+01 0.000000000E+00 3.304186066E+02
3.770530000E-03 1.793880000E+01 0.000000000E+00 3.288131907E+02
3.779760000E-03 1.793350000E+01 0.000000000E+00 3.280102440E+02
3.788830000E-03 1.792840000E+01 0.000000000E+00 3.272250273E+02
3.798070000E-03 1.792310000E+01 0.000000000E+00 3.264289494E+02
3.806720000E-03 1.791820000E+01 0.000000000E+00 3.256872058E+02
3.838900000E-03 1.789750000E+01 0.000000000E+00 3.229570971E+02
3.852780000E-03 1.788640000E+01 0.000000000E+00 3.217936140E+02
3.869710000E-03 1.787280000E+01 0.000000000E+00 3.203857653E+02
3.894810000E-03 1.785260000E+01 0.000000000E+00 3.183210478E+02
3.911160000E-03 1.783950000E+01 0.000000000E+00 3.169903558E+02
3.951670000E-03 1.780690000E+01 0.000000000E+00 3.137407729E+02
3.969730000E-03 1.779120000E+01 3.628370000E-07 3.123134319E+02
3.988580000E-03 1.777000000E+01 5.479630000E-06 3.108374409E+02
4.000740000E-03 1.775470000E+01 2.622960000E-05 3.098926699E+02
4.022440000E-03 1.772140000E+01 3.043400000E-04 3.082208809E+02
4.048220000E-03 1.767080000E+01 3.242300000E-03 3.062580591E+02
4.089190000E-03 1.755560000E+01 4.527340000E-02 3.031896292E+02
4.110100000E-03 1.749680000E+01 1.078700000E-01 3.016471619E+02
4.121210000E-03 1.747610000E+01 1.526040000E-01 3.008339784E+02
4.132090000E-03 1.746750000E+01 1.999780000E-01 3.000418674E+02
4.144200000E-03 1.746970000E+01 2.517850000E-01 2.991650982E+02
4.151070000E-03 1.747710000E+01 2.784040000E-01 2.986699815E+02
4.165140000E-03 1.750040000E+01 3.241970000E-01 2.976610630E+02
4.193240000E-03 1.755770000E+01 3.751570000E-01 2.956663582E+02
4.207290000E-03 1.758200000E+01 3.861450000E-01 2.946789976E+02
4.217800000E-03 1.759680000E+01 3.909390000E-01 2.939447105E+02
4.232130000E-03 1.761250000E+01 3.949510000E-01 2.929494132E+02
4.253280000E-03 1.762860000E+01 3.989010000E-01 2.914926833E+02
4.263380000E-03 1.763590000E+01 4.006810000E-01 2.908021335E+02
4.273800000E-03 1.764000000E+01 4.022710000E-01 2.900931256E+02
4.284220000E-03 1.764310000E+01 4.037870000E-01 2.893875665E+02
4.299830000E-03 1.764760000E+01 4.060600000E-01 2.883369808E+02
4.308530000E-03 1.765010000E+01 4.073260000E-01 2.877547563E+02
4.317230000E-03 1.765200000E+01 4.085920000E-01 2.871748783E+02
4.327600000E-03 1.765430000E+01 4.101010000E-01 2.864867363E+02
4.337970000E-03 1.765650000E+01 4.116110000E-01 2.858018843E+02
4.348340000E-03 1.765880000E+01 4.131200000E-01 2.851202988E+02
4.358710000E-03 1.766100000E+01 4.146300000E-01 2.844419565E+02
4.366810000E-03 1.766270000E+01 4.158080000E-01 2.839143448E+02
4.370850000E-03 1.766260000E+01 4.164070000E-01 2.836519213E+02
4.374900000E-03 1.766250000E+01 4.170050000E-01 2.833893346E+02
4.391550000E-03 1.766210000E+01 4.194680000E-01 2.823149002E+02
4.396600000E-03 1.766190000E+01 4.202150000E-01 2.819906291E+02
4.407200000E-03 1.766170000E+01 4.217840000E-01 2.813123979E+02
4.407900000E-03 1.766170000E+01 4.218860000E-01 2.812677239E+02
4.409200000E-03 1.766160000E+01 4.220790000E-01 2.811847954E+02
4.411480000E-03 1.766160000E+01 4.224160000E-01 2.810394697E+02
4.417210000E-03 1.766120000E+01 4.232630000E-01 2.806749057E+02
4.419550000E-03 1.766090000E+01 4.236110000E-01 2.805262979E+02
4.420870000E-03 1.766070000E+01 4.238050000E-01 2.804425373E+02
4.423160000E-03 1.766040000E+01 4.241440000E-01 2.802973440E+02
4.431040000E-03 1.765940000E+01 4.253090000E-01 2.797988734E+02
4.432890000E-03 1.765910000E+01 4.255830000E-01 2.796821035E+02
4.434510000E-03 1.765890000E+01 4.258230000E-01 2.795799310E+02
4.437340000E-03 1.765860000E+01 4.262420000E-01 2.794016235E+02
4.441060000E-03 1.765810000E+01 4.267920000E-01 2.791675861E+02
4.444650000E-03 1.765760000E+01 4.273220000E-01 2.789420989E+02
4.445840000E-03 1.765740000E+01 4.274990000E-01 2.788674356E+02
4.450300000E-03 1.765690000E+01 4.281590000E-01 2.785879604E+02
4.453570000E-03 1.765640000E+01 4.286420000E-01 2.783834093E+02
4.455640000E-03 1.765620000E+01 4.289490000E-01 2.782540780E+02
4.457200000E-03 1.765590000E+01 4.291790000E-01 2.781566903E+02
4.459530000E-03 1.765560000E+01 4.295240000E-01 2.780113599E+02
4.460700000E-03 1.765550000E+01 4.296970000E-01 2.779384402E+02
4.461870000E-03 1.765530000E+01 4.298690000E-01 2.778655586E+02
4.470040000E-03 1.765380000E+01 4.310430000E-01 2.773576970E+02
4.472770000E-03 1.765310000E+01 4.314150000E-01 2.771884090E+02
4.483670000E-03 1.765030000E+01 4.329060000E-01 2.765145517E+02
4.494770000E-03 1.764740000E+01 4.344220000E-01 2.758316888E+02
4.505830000E-03 1.764460000E+01 4.359350000E-01 2.751546330E+02
4.513650000E-03 1.764250000E+01 4.370030000E-01 2.746779214E+02
4.527220000E-03 1.763840000E+01 4.388590000E-01 2.738545951E+02
4.538810000E-03 1.763400000E+01 4.404430000E-01 2.731552984E+02
4.548560000E-03 1.763000000E+01 4.417780000E-01 2.725697803E+02
4.558350000E-03 1.762560000E+01 4.431230000E-01 2.719843803E+02
4.569210000E-03 1.762020000E+01 4.446280000E-01 2.713379337E+02
4.590140000E-03 1.760810000E+01 4.476800000E-01 2.701006941E+02
4.608250000E-03 1.759480000E+01 4.509190000E-01 2.690392231E+02
4.632350000E-03 1.757130000E+01 4.583710000E-01 2.676395350E+02
4.669590000E-03 1.752350000E+01 4.913760000E-01 2.655051086E+02
4.739110000E-03 1.750090000E+01 6.349690000E-01 2.616103024E+02
4.828990000E-03 1.758030000E+01 7.059140000E-01 2.567410577E+02
4.864650000E-03 1.759390000E+01 7.144200000E-01 2.548590341E+02
4.888420000E-03 1.760080000E+01 7.198260000E-01 2.536197790E+02
4.926270000E-03 1.761110000E+01 7.284390000E-01 2.516711427E+02
4.937880000E-03 1.761290000E+01 7.310990000E-01 2.510794106E+02
4.959740000E-03 1.761600000E+01 7.360450000E-01 2.499727808E+02
4.971620000E-03 1.761740000E+01 7.386290000E-01 2.493754551E+02
5.007280000E-03 1.762090000E+01 7.463380000E-01 2.475994951E+02
5.031050000E-03 1.762160000E+01 7.513690000E-01 2.464296717E+02
5.066710000E-03 1.762270000E+01 7.589150000E-01 2.446952756E+02
5.075580000E-03 1.762300000E+01 7.607920000E-01 2.442676502E+02
5.100570000E-03 1.762100000E+01 7.660800000E-01 2.430708725E+02
5.113060000E-03 1.761960000E+01 7.687230000E-01 2.424771076E+02
5.125550000E-03 1.761810000E+01 7.713670000E-01 2.418862366E+02
5.139720000E-03 1.761650000E+01 7.743650000E-01 2.412193660E+02
5.147810000E-03 1.761550000E+01 7.760770000E-01 2.408402797E+02
5.159950000E-03 1.761410000E+01 7.786450000E-01 2.402736461E+02
5.166010000E-03 1.761340000E+01 7.799290000E-01 2.399917925E+02
5.172080000E-03 1.761270000E+01 7.812130000E-01 2.397101360E+02
5.178630000E-03 1.761190000E+01 7.826000000E-01 2.394069474E+02
5.189110000E-03 1.761070000E+01 7.848170000E-01 2.389234377E+02
5.201450000E-03 1.760920000E+01 7.874230000E-01 2.383566121E+02
5.213810000E-03 1.760710000E+01 7.899840000E-01 2.377915574E+02
5.229620000E-03 1.760450000E+01 7.932620000E-01 2.370726745E+02
5.241480000E-03 1.760250000E+01 7.957200000E-01 2.365362455E+02
5.253330000E-03 1.760050000E+01 7.981770000E-01 2.360026878E+02
5.263550000E-03 1.759860000E+01 8.002940000E-01 2.355444519E+02
5.276470000E-03 1.759290000E+01 8.029730000E-01 2.349676962E+02
5.290810000E-03 1.758660000E+01 8.059450000E-01 2.343308492E+02
5.317670000E-03 1.757450000E+01 8.114190000E-01 2.331472243E+02
5.341090000E-03 1.756380000E+01 8.160220000E-01 2.321249033E+02
5.357090000E-03 1.755640000E+01 8.191660000E-01 2.314316168E+02
5.382580000E-03 1.754480000E+01 8.241770000E-01 2.303356383E+02
5.393470000E-03 1.753980000E+01 8.263180000E-01 2.298705657E+02
5.465720000E-03 1.749800000E+01 8.403660000E-01 2.268319636E+02
5.494610000E-03 1.746890000E+01 8.459680000E-01 2.256393083E+02
5.530490000E-03 1.741980000E+01 8.538770000E-01 2.241754347E+02
5.556620000E-03 1.736890000E+01 8.637820000E-01 2.231212500E+02
5.586160000E-03 1.728900000E+01 8.919220000E-01 2.219413694E+02
5.645550000E-03 1.710900000E+01 1.100380000E+00 2.196065928E+02
5.742320000E-03 1.731770000E+01 1.573840000E+00 2.159057663E+02
5.813320000E-03 1.754770000E+01 1.618230000E+00 2.132688378E+02
6.145820000E-03 1.793260000E+01 1.588810000E+00 2.017306071E+02
6.358540000E-03 1.805730000E+01 1.574300000E+00 1.949818669E+02
6.490870000E-03 1.811680000E+01 1.567320000E+00 1.910067526E+02
6.950660000E-03 1.826380000E+01 1.563110000E+00 1.783715503E+02
9.142530000E-03 1.859860000E+01 1.589300000E+00 1.356079772E+02
1.166340000E-02 1.875280000E+01 1.620170000E+00 1.062983350E+02
1.230270000E-02 1.876310000E+01 1.620950000E+00 1.007746267E+02
1.299740000E-02 1.875320000E+01 1.619770000E+00 9.538830843E+01
1.351250000E-02 1.874030000E+01 1.618950000E+00 9.175208141E+01
1.383090000E-02 1.873010000E+01 1.617870000E+00 8.963986436E+01
1.400100000E-02 1.872330000E+01 1.617270000E+00 8.855081780E+01
1.411210000E-02 1.871880000E+01 1.617000000E+00 8.785368584E+01
1.443360000E-02 1.870570000E+01 1.616760000E+00 8.589679636E+01
1.455010000E-02 1.870020000E+01 1.616830000E+00 8.520903636E+01
1.487860000E-02 1.867700000E+01 1.616430000E+00 8.332773245E+01
1.537130000E-02 1.862880000E+01 1.618280000E+00 8.065680847E+01
1.602020000E-02 1.855860000E+01 1.623080000E+00 7.738979538E+01
1.660590000E-02 1.848470000E+01 1.629930000E+00 7.466021113E+01
1.723970000E-02 1.838190000E+01 1.643330000E+00 7.191540456E+01
1.752750000E-02 1.833020000E+01 1.650390000E+00 7.073455998E+01
1.814470000E-02 1.821800000E+01 1.669220000E+00 6.832849262E+01
1.879870000E-02 1.806870000E+01 1.696990000E+00 6.595136898E+01
1.927530000E-02 1.794870000E+01 1.719420000E+00 6.432065908E+01
1.970310000E-02 1.782080000E+01 1.741050000E+00 6.292410839E+01
2.008180000E-02 1.769930000E+01 1.763330000E+00 6.173749365E+01
2.040380000E-02 1.758690000E+01 1.784790000E+00 6.076319117E+01
2.070220000E-02 1.746630000E+01 1.805740000E+00 5.988735497E+01
2.095090000E-02 1.736360000E+01 1.823530000E+00 5.917645543E+01
2.115070000E-02 1.726770000E+01 1.837950000E+00 5.861744529E+01
2.130310000E-02 1.718840000E+01 1.849110000E+00 5.819810262E+01
2.135490000E-02 1.716100000E+01 1.852950000E+00 5.805693307E+01
2.146000000E-02 1.710180000E+01 1.860750000E+00 5.777260019E+01
2.151260000E-02 1.707140000E+01 1.864700000E+00 5.763134163E+01
2.156510000E-02 1.704090000E+01 1.868670000E+00 5.749103876E+01
2.161770000E-02 1.700810000E+01 1.872640000E+00 5.735115207E+01
2.169270000E-02 1.696080000E+01 1.878300000E+00 5.715286709E+01
2.175360000E-02 1.692080000E+01 1.882900000E+00 5.699286555E+01
2.177540000E-02 1.690570000E+01 1.884570000E+00 5.693580830E+01
2.182790000E-02 1.686930000E+01 1.888620000E+00 5.679886750E+01
2.188050000E-02 1.683260000E+01 1.892680000E+00 5.666232490E+01
2.189080000E-02 1.682490000E+01 1.893470000E+00 5.663566430E+01
2.194470000E-02 1.678510000E+01 1.897830000E+00 5.649655726E+01
2.199920000E-02 1.674490000E+01 1.902270000E+00 5.635659479E+01
2.205340000E-02 1.670270000E+01 1.906700000E+00 5.621808882E+01
2.210630000E-02 1.666000000E+01 1.911010000E+00 5.608355989E+01
2.216020000E-02 1.661470000E+01 1.915410000E+00 5.594714849E+01
2.219590000E-02 1.658400000E+01 1.918340000E+00 5.585716281E+01
2.223170000E-02 1.655270000E+01 1.921260000E+00 5.576721528E+01
2.227680000E-02 1.651160000E+01 1.924960000E+00 5.565431301E+01
2.229930000E-02 1.649110000E+01 1.926800000E+00 5.559815779E+01
2.232180000E-02 1.646890000E+01 1.928650000E+00 5.554211578E+01
2.234880000E-02 1.644220000E+01 1.930850000E+00 5.547501432E+01
2.236220000E-02 1.642880000E+01 1.931960000E+00 5.544177228E+01
2.238920000E-02 1.640210000E+01 1.934160000E+00 5.537491290E+01
2.240940000E-02 1.638200000E+01 1.935820000E+00 5.532499755E+01
2.241950000E-02 1.637200000E+01 1.936650000E+00 5.530007360E+01
2.242200000E-02 1.636950000E+01 1.936860000E+00 5.529390777E+01
2.242390000E-02 1.636760000E+01 1.937020000E+00 5.528922266E+01
2.242530000E-02 1.636620000E+01 1.937130000E+00 5.528577098E+01
2.242640000E-02 1.636520000E+01 1.937220000E+00 5.528305925E+01
2.242720000E-02 1.636440000E+01 1.937290000E+00 5.528108725E+01
2.242840000E-02 1.636320000E+01 1.937390000E+00 5.527812951E+01
2.242900000E-02 1.636260000E+01 1.937440000E+00 5.527665076E+01
2.242960000E-02 1.636200000E+01 1.937480000E+00 5.527517209E+01
2.248350000E-02 1.630430000E+01 1.941910000E+00 5.514266017E+01
2.249170000E-02 1.629520000E+01 1.942590000E+00 5.512255632E+01
2.252060000E-02 1.626350000E+01 1.944960000E+00 5.505181922E+01
2.254950000E-02 1.623170000E+01 1.947340000E+00 5.498126344E+01
2.256920000E-02 1.620730000E+01 1.948960000E+00 5.493327189E+01
2.260090000E-02 1.616790000E+01 1.951600000E+00 5.485622254E+01
2.265000000E-02 1.610700000E+01 1.955680000E+00 5.473730684E+01
2.267450000E-02 1.607650000E+01 1.957730000E+00 5.467816269E+01
2.269900000E-02 1.604600000E+01 1.959770000E+00 5.461914622E+01
2.275620000E-02 1.596410000E+01 1.964530000E+00 5.448185549E+01
2.280680000E-02 1.588970000E+01 1.968750000E+00 5.436098006E+01
2.286120000E-02 1.580970000E+01 1.973300000E+00 5.423162389E+01
2.293710000E-02 1.568300000E+01 1.980150000E+00 5.405216876E+01
2.296850000E-02 1.562610000E+01 1.983030000E+00 5.397827459E+01
2.300230000E-02 1.556180000E+01 1.986150000E+00 5.389895793E+01
2.303870000E-02 1.548900000E+01 1.989620000E+00 5.381380026E+01
2.312110000E-02 1.530610000E+01 1.998070000E+00 5.362201625E+01
2.323850000E-02 1.498550000E+01 2.016290000E+00 5.335111991E+01
2.336380000E-02 1.452080000E+01 2.075260000E+00 5.306499799E+01
2.355250000E-02 1.350950000E+01 2.507140000E+00 5.263984715E+01
2.376840000E-02 1.253250000E+01 4.130720000E+00 5.216169368E+01
2.393710000E-02 1.283140000E+01 5.793390000E+00 5.179407698E+01
2.412730000E-02 1.401550000E+01 6.887200000E+00 5.138577462E+01
2.443120000E-02 1.554640000E+01 7.134800000E+00 5.074658633E+01
2.486570000E-02 1.662360000E+01 6.999650000E+00 4.985984710E+01
2.546240000E-02 1.745990000E+01 6.816520000E+00 4.869140380E+01
2.631800000E-02 1.818670000E+01 6.583300000E+00 4.710844289E+01
2.758190000E-02 1.878130000E+01 6.303390000E+00 4.494976778E+01
2.803240000E-02 1.891800000E+01 6.217840000E+00 4.422739402E+01
2.830110000E-02 1.898100000E+01 6.170760000E+00 4.380748451E+01
2.851020000E-02 1.902730000E+01 6.134590000E+00 4.348619091E+01
2.863380000E-02 1.904620000E+01 6.115380000E+00 4.329847942E+01
2.868530000E-02 1.905370000E+01 6.107400000E+00 4.322074373E+01
2.875380000E-02 1.906360000E+01 6.096760000E+00 4.311777922E+01
2.884030000E-02 1.907610000E+01 6.083340000E+00 4.298845712E+01
2.895960000E-02 1.909290000E+01 6.064550000E+00 4.281136480E+01
2.909670000E-02 1.911000000E+01 6.043300000E+00 4.260964302E+01
2.924260000E-02 1.912140000E+01 6.022920000E+00 4.239705088E+01
2.934720000E-02 1.912690000E+01 6.008400000E+00 4.224593828E+01
2.947620000E-02 1.913370000E+01 5.990510000E+00 4.206105265E+01
2.961820000E-02 1.914120000E+01 5.970830000E+00 4.185939726E+01
2.970800000E-02 1.914590000E+01 5.958370000E+00 4.173286657E+01
2.977950000E-02 1.914410000E+01 5.949350000E+00 4.163266677E+01
2.984080000E-02 1.914170000E+01 5.941650000E+00 4.154714351E+01
2.990210000E-02 1.913930000E+01 5.933940000E+00 4.146197090E+01
2.993760000E-02 1.913790000E+01 5.929480000E+00 4.141280530E+01
2.997310000E-02 1.913650000E+01 5.925020000E+00 4.136375617E+01
2.998740000E-02 1.913590000E+01 5.923220000E+00 4.134403116E+01
3.002760000E-02 1.913430000E+01 5.918170000E+00 4.128868108E+01
3.013500000E-02 1.912940000E+01 5.904680000E+00 4.114152978E+01
3.021190000E-02 1.912230000E+01 5.895020000E+00 4.103681000E+01
3.028390000E-02 1.911600000E+01 5.885830000E+00 4.093924495E+01
3.035640000E-02 1.910770000E+01 5.877610000E+00 4.084147000E+01
3.039340000E-02 1.910350000E+01 5.873430000E+00 4.079175084E+01
3.043030000E-02 1.909830000E+01 5.869240000E+00 4.074228647E+01
3.047680000E-02 1.908920000E+01 5.863970000E+00 4.068012390E+01
3.052330000E-02 1.908010000E+01 5.858690000E+00 4.061815072E+01
3.055580000E-02 1.907380000E+01 5.855000000E+00 4.057494813E+01
3.059320000E-02 1.906640000E+01 5.850760000E+00 4.052534550E+01
3.064480000E-02 1.905630000E+01 5.844940000E+00 4.045710855E+01
3.065420000E-02 1.905450000E+01 5.843880000E+00 4.044470252E+01
3.067130000E-02 1.905110000E+01 5.841940000E+00 4.042215361E+01
3.069840000E-02 1.904580000E+01 5.838880000E+00 4.038646965E+01
3.070520000E-02 1.904450000E+01 5.838120000E+00 4.037752563E+01
3.071030000E-02 1.904350000E+01 5.837550000E+00 4.037082021E+01
3.071790000E-02 1.904200000E+01 5.836690000E+00 4.036083196E+01
3.072170000E-02 1.904130000E+01 5.836260000E+00 4.035583968E+01
3.073010000E-02 1.903960000E+01 5.835310000E+00 4.034480851E+01
3.079930000E-02 1.902610000E+01 5.827490000E+00 4.025416162E+01
3.082180000E-02 1.902160000E+01 5.824950000E+00 4.022477597E+01
3.088950000E-02 1.900430000E+01 5.817940000E+00 4.013661600E+01
3.091580000E-02 1.899570000E+01 5.815320000E+00 4.010247188E+01
3.096190000E-02 1.898070000E+01 5.810740000E+00 4.004276223E+01
3.103100000E-02 1.895810000E+01 5.803880000E+00 3.995359479E+01
3.106550000E-02 1.894690000E+01 5.800450000E+00 3.990922406E+01
3.110010000E-02 1.893390000E+01 5.797030000E+00 3.986482359E+01
3.116840000E-02 1.890450000E+01 5.790250000E+00 3.977746692E+01
3.124240000E-02 1.887270000E+01 5.782910000E+00 3.968325097E+01
3.131830000E-02 1.883910000E+01 5.775390000E+00 3.958707848E+01
3.146360000E-02 1.875780000E+01 5.761100000E+00 3.940426397E+01
3.150640000E-02 1.873040000E+01 5.756910000E+00 3.935073509E+01
3.158340000E-02 1.867600000E+01 5.749460000E+00 3.925479841E+01
3.169770000E-02 1.857850000E+01 5.739930000E+00 3.911324796E+01
3.186800000E-02 1.838670000E+01 5.732630000E+00 3.890422995E+01
3.204150000E-02 1.810180000E+01 5.764420000E+00 3.869356928E+01
3.250400000E-02 1.711080000E+01 6.770170000E+00 3.814299778E+01
3.309050000E-02 1.821280000E+01 8.623050000E+00 3.746694671E+01
3.349700000E-02 1.910720000E+01 8.688820000E+00 3.701226976E+01
3.408000000E-02 1.981320000E+01 8.583290000E+00 3.637910798E+01
3.520140000E-02 2.064540000E+01 8.383960000E+00 3.522019011E+01
3.672820000E-02 2.138030000E+01 8.135670000E+00 3.375607844E+01
3.939040000E-02 2.223740000E+01 7.767500000E+00 3.147467403E+01
4.790710000E-02 2.378030000E+01 6.895560000E+00 2.587925381E+01
4.850780000E-02 2.384080000E+01 6.841170000E+00 2.555877611E+01
4.896190000E-02 2.387290000E+01 6.802790000E+00 2.532172975E+01
4.979440000E-02 2.389150000E+01 6.795230000E+00 2.489838215E+01
5.138200000E-02 2.421650000E+01 6.798090000E+00 2.412907244E+01
6.077850000E-02 2.520260000E+01 5.846860000E+00 2.039866071E+01
6.611420000E-02 2.542210000E+01 5.319210000E+00 1.875240115E+01
7.003460000E-02 2.547150000E+01 4.942870000E+00 1.770267839E+01
7.070980000E-02 2.547000000E+01 4.880240000E+00 1.753363749E+01
7.120050000E-02 2.546270000E+01 4.833510000E+00 1.741279907E+01
7.425390000E-02 2.541010000E+01 4.552110000E+00 1.669676610E+01
7.730540000E-02 2.529200000E+01 4.276740000E+00 1.603768948E+01
8.016850000E-02 2.512520000E+01 4.025530000E+00 1.546492700E+01
8.203680000E-02 2.497090000E+01 3.866200000E+00 1.511272990E+01
8.356110000E-02 2.483520000E+01 3.737720000E+00 1.483704738E+01
8.529290000E-02 2.462840000E+01 3.594150000E+00 1.453579372E+01
8.718060000E-02 2.436290000E+01 3.441740000E+00 1.422105377E+01
8.854670000E-02 2.414280000E+01 3.334140000E+00 1.400165111E+01
8.966380000E-02 2.392680000E+01 3.247030000E+00 1.382720786E+01
9.050830000E-02 2.374300000E+01 3.182930000E+00 1.369819122E+01
9.094410000E-02 2.364130000E+01 3.150310000E+00 1.363255010E+01
9.138000000E-02 2.353440000E+01 3.117750000E+00 1.356752025E+01
9.159800000E-02 2.347850000E+01 3.101480000E+00 1.353523003E+01
9.203390000E-02 2.336100000E+01 3.069050000E+00 1.347112314E+01
9.225180000E-02 2.329740000E+01 3.052890000E+00 1.343930417E+01
9.246980000E-02 2.323160000E+01 3.036730000E+00 1.340762065E+01
9.269260000E-02 2.316200000E+01 3.020250000E+00 1.337539350E+01
9.288760000E-02 2.309950000E+01 3.005990000E+00 1.334731439E+01
9.314220000E-02 2.301560000E+01 2.987540000E+00 1.331083011E+01
9.323380000E-02 2.298440000E+01 2.980910000E+00 1.329775253E+01
9.332530000E-02 2.295310000E+01 2.974290000E+00 1.328471486E+01
9.336710000E-02 2.293890000E+01 2.971260000E+00 1.327876736E+01
9.378470000E-02 2.278650000E+01 2.941050000E+00 1.321964030E+01
9.401440000E-02 2.269920000E+01 2.924440000E+00 1.318734151E+01
9.425940000E-02 2.259990000E+01 2.906920000E+00 1.315306484E+01
9.452510000E-02 2.248890000E+01 2.888050000E+00 1.311609297E+01
9.466990000E-02 2.242340000E+01 2.877810000E+00 1.309603158E+01
9.488240000E-02 2.232340000E+01 2.862810000E+00 1.306670152E+01
9.499070000E-02 2.227040000E+01 2.855170000E+00 1.305180402E+01
9.509570000E-02 2.221760000E+01 2.847780000E+00 1.303739286E+01
9.522240000E-02 2.215190000E+01 2.838890000E+00 1.302004570E+01
9.533830000E-02 2.208970000E+01 2.830800000E+00 1.300421761E+01
9.537160000E-02 2.207130000E+01 2.828490000E+00 1.299967705E+01
9.542680000E-02 2.204020000E+01 2.824660000E+00 1.299215734E+01
9.545500000E-02 2.202420000E+01 2.822710000E+00 1.298831910E+01
9.560540000E-02 2.193610000E+01 2.812460000E+00 1.296788675E+01
9.563050000E-02 2.192100000E+01 2.810780000E+00 1.296448309E+01
9.564150000E-02 2.191440000E+01 2.810050000E+00 1.296299201E+01
9.564320000E-02 2.191330000E+01 2.809930000E+00 1.296276160E+01
9.565090000E-02 2.190860000E+01 2.809420000E+00 1.296171808E+01
9.566120000E-02 2.190240000E+01 2.808740000E+00 1.296032247E+01
9.567720000E-02 2.189260000E+01 2.807680000E+00 1.295815513E+01
9.588210000E-02 2.176200000E+01 2.794640000E+00 1.293046356E+01
9.595250000E-02 2.171470000E+01 2.790490000E+00 1.292097652E+01
9.614350000E-02 2.157910000E+01 2.780960000E+00 1.289530754E+01
9.623010000E-02 2.151310000E+01 2.777750000E+00 1.288370271E+01
9.637770000E-02 2.139450000E+01 2.774450000E+00 1.286397164E+01
9.658770000E-02 2.121100000E+01 2.776800000E+00 1.283600293E+01
9.669790000E-02 2.110730000E+01 2.782840000E+00 1.282137461E+01
9.680150000E-02 2.100500000E+01 2.792610000E+00 1.280765277E+01
9.702280000E-02 2.076970000E+01 2.830790000E+00 1.277843971E+01
9.724060000E-02 2.052000000E+01 2.898900000E+00 1.274981849E+01
9.747210000E-02 2.024310000E+01 3.013690000E+00 1.271953718E+01
9.781750000E-02 1.983380000E+01 3.281670000E+00 1.267462366E+01
9.791950000E-02 1.972140000E+01 3.382850000E+00 1.266142086E+01
9.801770000E-02 1.962000000E+01 3.489720000E+00 1.264873589E+01
9.817720000E-02 1.946950000E+01 3.679250000E+00 1.262818659E+01
9.842310000E-02 1.928680000E+01 4.002350000E+00 1.259663636E+01
9.870390000E-02 1.916320000E+01 4.389170000E+00 1.256080054E+01
9.898780000E-02 1.909270000E+01 4.772220000E+00 1.252477578E+01
9.949020000E-02 1.912520000E+01 5.356970000E+00 1.246152887E+01
9.987280000E-02 1.920030000E+01 5.707300000E+00 1.241379034E+01
1.000300000E-01 1.923190000E+01 5.833060000E+00 1.239428172E+01
1.001140000E-01 1.924760000E+01 5.899390000E+00 1.238388237E+01
1.001680000E-01 1.925750000E+01 5.938090000E+00 1.237720629E+01
1.001960000E-01 1.926270000E+01 5.958430000E+00 1.237374745E+01
1.002390000E-01 1.927050000E+01 5.988950000E+00 1.236843943E+01
1.003030000E-01 1.928240000E+01 6.035430000E+00 1.236054754E+01
1.003810000E-01 1.929630000E+01 6.090370000E+00 1.235094291E+01
1.004350000E-01 1.930530000E+01 6.126690000E+00 1.234430229E+01
1.004820000E-01 1.931290000E+01 6.157450000E+00 1.233852829E+01
1.005010000E-01 1.931580000E+01 6.170550000E+00 1.233619566E+01
1.005500000E-01 1.932300000E+01 6.203180000E+00 1.233018399E+01
1.007220000E-01 1.934820000E+01 6.317090000E+00 1.230912810E+01
1.008940000E-01 1.937210000E+01 6.424720000E+00 1.228814399E+01
1.010030000E-01 1.938720000E+01 6.492760000E+00 1.227488292E+01
1.012430000E-01 1.941940000E+01 6.640600000E+00 1.224578489E+01
1.014910000E-01 1.945030000E+01 6.787970000E+00 1.221586150E+01
1.016140000E-01 1.946580000E+01 6.861660000E+00 1.220107466E+01
1.017380000E-01 1.948120000E+01 6.935340000E+00 1.218620378E+01
1.018530000E-01 1.949650000E+01 7.002970000E+00 1.217244460E+01
1.020190000E-01 1.952050000E+01 7.095850000E+00 1.215263823E+01
1.021880000E-01 1.954310000E+01 7.190470000E+00 1.213254002E+01
1.023470000E-01 1.956280000E+01 7.279680000E+00 1.211369166E+01
1.024330000E-01 1.957280000E+01 7.328280000E+00 1.210352133E+01
1.024760000E-01 1.957750000E+01 7.352150000E+00 1.209844256E+01
1.026840000E-01 1.960730000E+01 7.462130000E+00 1.207393557E+01
1.027020000E-01 1.960970000E+01 7.471200000E+00 1.207181944E+01
1.027350000E-01 1.961420000E+01 7.488460000E+00 1.206794179E+01
1.027510000E-01 1.961640000E+01 7.497090000E+00 1.206606262E+01
1.027600000E-01 1.961760000E+01 7.501750000E+00 1.206500584E+01
1.027610000E-01 1.961770000E+01 7.502480000E+00 1.206488843E+01
1.027630000E-01 1.961790000E+01 7.503290000E+00 1.206465362E+01
1.027660000E-01 1.961840000E+01 7.505040000E+00 1.206430142E+01
1.027680000E-01 1.961870000E+01 7.506210000E+00 1.206406664E+01
1.027720000E-01 1.961920000E+01 7.508180000E+00 1.206359709E+01
1.027800000E-01 1.962020000E+01 7.512050000E+00 1.206265810E+01
1.027990000E-01 1.962260000E+01 7.522030000E+00 1.206042860E+01
1.029550000E-01 1.964170000E+01 7.603930000E+00 1.204215434E+01
1.030220000E-01 1.964980000E+01 7.638070000E+00 1.203432277E+01
1.032620000E-01 1.968060000E+01 7.754860000E+00 1.200635277E+01
1.033290000E-01 1.968790000E+01 7.787370000E+00 1.199856768E+01
1.035300000E-01 1.970630000E+01 7.885640000E+00 1.197527287E+01
1.037130000E-01 1.972300000E+01 7.968620000E+00 1.195414268E+01
1.040000000E-01 1.973550000E+01 8.103760000E+00 1.192115385E+01
1.041260000E-01 1.973860000E+01 8.160220000E+00 1.190672839E+01
1.042740000E-01 1.973740000E+01 8.229460000E+00 1.188982872E+01
1.044870000E-01 1.972600000E+01 8.338230000E+00 1.186559093E+01
1.047290000E-01 1.970570000E+01 8.466680000E+00 1.183817281E+01
1.049610000E-01 1.967660000E+01 8.612070000E+00 1.181200636E+01
1.053620000E-01 1.962630000E+01 8.910250000E+00 1.176705074E+01
1.054490000E-01 1.961840000E+01 8.985270000E+00 1.175734241E+01
1.056510000E-01 1.960850000E+01 9.174820000E+00 1.173486290E+01
1.058440000E-01 1.961600000E+01 9.369140000E+00 1.171346510E+01
1.063290000E-01 1.974390000E+01 9.884210000E+00 1.166003630E+01
1.065590000E-01 1.982700000E+01 1.012350000E+01 1.163486895E+01
1.067860000E-01 1.995220000E+01 1.035050000E+01 1.161013616E+01
1.070720000E-01 2.013500000E+01 1.060660000E+01 1.157912433E+01
1.072670000E-01 2.027330000E+01 1.076420000E+01 1.155807471E+01
1.074170000E-01 2.038250000E+01 1.087800000E+01 1.154193470E+01
1.076220000E-01 2.053210000E+01 1.101390000E+01 1.151994945E+01
1.080000000E-01 2.081010000E+01 1.124010000E+01 1.147962963E+01
1.085690000E-01 2.121260000E+01 1.152090000E+01 1.141946596E+01
1.097780000E-01 2.204130000E+01 1.200640000E+01 1.129370183E+01
1.109180000E-01 2.282740000E+01 1.235590000E+01 1.117762672E+01
1.133690000E-01 2.452550000E+01 1.271420000E+01 1.093597015E+01
1.158940000E-01 2.614820000E+01 1.258830000E+01 1.069770652E+01
1.207040000E-01 2.841450000E+01 1.152140000E+01 1.027140774E+01
1.307070000E-01 3.047350000E+01 8.938520000E+00 9.485337434E+00
1.411270000E-01 3.100530000E+01 6.813320000E+00 8.784995075E+00
1.513560000E-01 3.085650000E+01 5.223080000E+00 8.191284125E+00
1.606710000E-01 3.042780000E+01 4.151190000E+00 7.716389392E+00
1.708690000E-01 2.981410000E+01 3.304940000E+00 7.255850974E+00
1.816540000E-01 2.905190000E+01 2.669870000E+00 6.825063032E+00
1.885080000E-01 2.842100000E+01 2.367330000E+00 6.576909203E+00
1.898570000E-01 2.824350000E+01 2.319630000E+00 6.530177976E+00
1.910620000E-01 2.804000000E+01 2.302910000E+00 6.488993102E+00
1.930040000E-01 2.765120000E+01 2.469070000E+00 6.423701063E+00
1.940750000E-01 2.753240000E+01 2.685930000E+00 6.388251964E+00
1.963580000E-01 2.762860000E+01 3.046170000E+00 6.313977531E+00
1.993900000E-01 2.779480000E+01 3.041850000E+00 6.217964793E+00
2.181470000E-01 2.728730000E+01 2.628620000E+00 5.683323630E+00
2.378870000E-01 2.635490000E+01 2.399220000E+00 5.211718169E+00
2.397440000E-01 2.622150000E+01 2.387890000E+00 5.171349439E+00
2.411430000E-01 2.610500000E+01 2.384380000E+00 5.141347665E+00
2.437790000E-01 2.583680000E+01 2.448280000E+00 5.085753900E+00
2.449360000E-01 2.572910000E+01 2.534090000E+00 5.061730411E+00
2.463560000E-01 2.565700000E+01 2.671150000E+00 5.032554515E+00
2.484470000E-01 2.566820000E+01 2.823860000E+00 4.990199117E+00
2.504670000E-01 2.570050000E+01 2.865280000E+00 4.949953487E+00
2.830000000E-01 2.440210000E+01 2.756660000E+00 4.380918728E+00
2.994160000E-01 2.347840000E+01 2.773340000E+00 4.140727282E+00
3.055110000E-01 2.307430000E+01 2.905210000E+00 4.058119020E+00
3.138260000E-01 2.271620000E+01 3.029500000E+00 3.950596828E+00
3.507520000E-01 1.987180000E+01 3.150210000E+00 3.534691178E+00
3.572450000E-01 1.919290000E+01 3.174400000E+00 3.470447452E+00
3.599060000E-01 1.887060000E+01 3.188730000E+00 3.444788361E+00
3.628030000E-01 1.847220000E+01 3.234950000E+00 3.417281555E+00
3.649370000E-01 1.814620000E+01 3.321520000E+00 3.397298712E+00
3.667960000E-01 1.788520000E+01 3.435260000E+00 3.380080481E+00
3.705870000E-01 1.745650000E+01 3.653540000E+00 3.345503215E+00
3.727490000E-01 1.721270000E+01 3.730460000E+00 3.326098796E+00
3.760720000E-01 1.677360000E+01 3.859850000E+00 3.296709141E+00
3.779540000E-01 1.652890000E+01 3.958860000E+00 3.280293369E+00
3.823050000E-01 1.600730000E+01 4.156400000E+00 3.242960464E+00
3.863590000E-01 1.544260000E+01 4.270660000E+00 3.208932625E+00
3.950500000E-01 1.387940000E+01 4.642480000E+00 3.138336919E+00
4.024380000E-01 1.228940000E+01 5.297020000E+00 3.080722993E+00
4.094380000E-01 1.070910000E+01 6.310760000E+00 3.028053087E+00
4.169400000E-01 9.108600000E+00 7.824430000E+00 2.973569339E+00
4.271940000E-01 7.339500000E+00 1.048460000E+01 2.902194319E+00
4.341660000E-01 6.559100000E+00 1.257590000E+01 2.855589797E+00
4.435000000E-01 5.832600000E+00 1.554770000E+01 2.795490417E+00
4.500000000E-01 5.753900000E+00 1.764620000E+01 2.755111111E+00
4.570880000E-01 5.940400000E+00 1.987380000E+01 2.712387987E+00
4.655630000E-01 6.520200000E+00 2.238060000E+01 2.663012310E+00
4.768480000E-01 7.721500000E+00 2.538570000E+01 2.599989934E+00
4.935820000E-01 1.011250000E+01 2.909950000E+01 2.511842004E+00
5.194860000E-01 1.439300000E+01 3.308370000E+01 2.386589821E+00
5.595000000E-01 2.065750000E+01 3.645510000E+01 2.215907060E+00
6.055500000E-01 2.663550000E+01 3.787260000E+01 2.047394930E+00
6.501360000E-01 3.092910000E+01 3.792690000E+01 1.906985615E+00
6.697370000E-01 3.218830000E+01 3.768860000E+01 1.851174416E+00
6.817110000E-01 3.265760000E+01 3.751290000E+01 1.818659227E+00
6.879140000E-01 3.268410000E+01 3.742520000E+01 1.802260166E+00
6.923330000E-01 3.250880000E+01 3.744340000E+01 1.790756760E+00
6.955740000E-01 3.227930000E+01 3.761730000E+01 1.782412799E+00
6.989610000E-01 3.205060000E+01 3.804710000E+01 1.773775647E+00
7.021370000E-01 3.202410000E+01 3.867080000E+01 1.765752268E+00
7.052480000E-01 3.225130000E+01 3.934320000E+01 1.757963156E+00
7.089680000E-01 3.284360000E+01 3.998920000E+01 1.748739012E+00
7.142030000E-01 3.385690000E+01 4.038690000E+01 1.735921020E+00
7.207440000E-01 3.483070000E+01 4.040160000E+01 1.720166939E+00
7.295320000E-01 3.559850000E+01 4.027840000E+01 1.699445672E+00
7.348730000E-01 3.580360000E+01 4.031930000E+01 1.687094233E+00
7.392580000E-01 3.591720000E+01 4.057790000E+01 1.677087025E+00
7.444370000E-01 3.628830000E+01 4.114100000E+01 1.665419639E+00
7.498800000E-01 3.704500000E+01 4.167600000E+01 1.653331200E+00
7.585780000E-01 3.848030000E+01 4.188750000E+01 1.634373789E+00
7.902980000E-01 4.191180000E+01 4.130500000E+01 1.568775323E+00
9.120110000E-01 4.982150000E+01 3.824170000E+01 1.359413428E+00
9.690650000E-01 5.162500000E+01 3.663600000E+01 1.279377544E+00
9.863660000E-01 5.137850000E+01 3.683090000E+01 1.256937080E+00
1.000280000E+00 5.223850000E+01 3.772310000E+01 1.239452953E+00
1.071520000E+00 5.645530000E+01 3.609170000E+01 1.157047932E+00
1.193810000E+00 6.012790000E+01 3.290750000E+01 1.038523718E+00
1.324410000E+00 6.300930000E+01 3.028420000E+01 9.361149493E-01
1.399670000E+00 6.429970000E+01 2.922880000E+01 8.857802196E-01
1.599770000E+00 6.698000000E+01 2.554850000E+01 7.749864043E-01
1.898440000E+00 6.883640000E+01 2.120760000E+01 6.530625145E-01
2.291170000E+00 6.927070000E+01 1.707560000E+01 5.411209120E-01
2.707460000E+00 6.800030000E+01 1.394470000E+01 4.579199693E-01
3.021230000E+00 6.545530000E+01 1.215570000E+01 4.103626669E-01
3.208120000E+00 6.239900000E+01 1.125980000E+01 3.864568657E-01
3.319050000E+00 5.899410000E+01 1.077620000E+01 3.735406216E-01
3.358870000E+00 5.677810000E+01 1.063330000E+01 3.691122312E-01
3.377120000E+00 5.529270000E+01 1.068310000E+01 3.671175439E-01
3.386000000E+00 5.439560000E+01 1.082380000E+01 3.661547549E-01
3.393870000E+00 5.349000000E+01 1.107330000E+01 3.653056835E-01
3.403700000E+00 5.224120000E+01 1.163020000E+01 3.642506684E-01
3.432620000E+00 4.906830000E+01 1.540010000E+01 3.611818378E-01
3.443200000E+00 4.876890000E+01 1.739610000E+01 3.600720260E-01
3.450260000E+00 4.868130000E+01 1.874420000E+01 3.593352385E-01
3.463740000E+00 4.943230000E+01 2.104200000E+01 3.579367966E-01
3.500740000E+00 5.300230000E+01 2.397020000E+01 3.541536932E-01
3.527120000E+00 5.446910000E+01 2.411730000E+01 3.515049105E-01
3.554180000E+00 5.472300000E+01 2.411150000E+01 3.488287031E-01
3.572860000E+00 5.432620000E+01 2.451240000E+01 3.470049204E-01
3.609940000E+00 5.361320000E+01 2.757830000E+01 3.434406112E-01
3.627040000E+00 5.433910000E+01 2.956690000E+01 3.418214301E-01
3.654360000E+00 5.694440000E+01 3.175620000E+01 3.392659727E-01
3.683350000E+00 5.980920000E+01 3.228890000E+01 3.365957620E-01
3.722470000E+00 6.241350000E+01 3.189400000E+01 3.330584263E-01
3.806680000E+00 6.576180000E+01 3.078220000E+01 3.256906281E-01
3.932940000E+00 6.856740000E+01 2.926820000E+01 3.152349133E-01
4.054630000E+00 6.974790000E+01 2.792350000E+01 3.057738931E-01
4.116230000E+00 6.922320000E+01 2.773210000E+01 3.011979408E-01
4.159110000E+00 6.901400000E+01 2.898960000E+01 2.980926208E-01
4.203780000E+00 7.042420000E+01 3.029370000E+01 2.949250437E-01
4.272300000E+00 7.278300000E+01 3.004890000E+01 2.901949769E-01
4.403910000E+00 7.517930000E+01 2.875200000E+01 2.815225561E-01
4.607200000E+00 7.742550000E+01 2.687470000E+01 2.691005383E-01
4.828500000E+00 7.877690000E+01 2.502430000E+01 2.567671119E-01
4.945640000E+00 7.883780000E+01 2.426370000E+01 2.506854522E-01
5.017520000E+00 7.891220000E+01 2.454850000E+01 2.470941820E-01
5.150060000E+00 8.025690000E+01 2.415050000E+01 2.407350594E-01
5.278110000E+00 8.071150000E+01 2.340490000E+01 2.348946877E-01
5.364680000E+00 8.107411000E+01 2.347870000E+01 2.311041852E-01
5.511250000E+00 8.228815000E+01 2.283940000E+01 2.249580404E-01
5.790920000E+00 8.358162000E+01 2.127850000E+01 2.140937882E-01
6.172610000E+00 8.471274000E+01 1.940610000E+01 2.008550678E-01
6.622400000E+00 8.558123000E+01 1.751650000E+01 1.872130950E-01
7.208350000E+00 8.627854000E+01 1.545320000E+01 1.719949780E-01
7.866140000E+00 8.668861000E+01 1.354890000E+01 1.576122469E-01
8.881020000E+00 8.690059000E+01 1.128890000E+01 1.396010819E-01
1.002750000E+01 8.681577000E+01 9.367260000E+00 1.236399900E-01
1.161060000E+01 8.639089000E+01 7.467650000E+00 1.067817339E-01
1.322830000E+01 8.569089000E+01 6.086880000E+00 9.372330534E-02
1.459690000E+01 8.476438000E+01 5.209030000E+00 8.493584254E-02
1.548820000E+01 8.377452000E+01 4.741800000E+00 8.004803657E-02
1.603250000E+01 8.272826000E+01 4.488670000E+00 7.733042258E-02
1.632450000E+01 8.169513000E+01 4.367650000E+00 7.594719593E-02
1.646450000E+01 8.078010000E+01 4.433430000E+00 7.530140606E-02
1.654280000E+01 8.006570000E+01 4.707700000E+00 7.494499117E-02
1.661850000E+01 7.934900000E+01 5.315840000E+00 7.460360442E-02
1.670730000E+01 7.880820000E+01 6.492340000E+00 7.420708313E-02
1.681310000E+01 7.901000000E+01 8.091340000E+00 7.374011931E-02
1.690930000E+01 7.983540000E+01 9.118250000E+00 7.332059872E-02
1.703150000E+01 8.100020000E+01 9.608160000E+00 7.279452779E-02
1.719740000E+01 8.206075000E+01 9.590570000E+00 7.209229302E-02
1.749390000E+01 8.306474000E+01 9.336020000E+00 7.087041769E-02
1.795400000E+01 8.389001000E+01 8.933020000E+00 6.905424975E-02
1.857490000E+01 8.439600000E+01 8.433560000E+00 6.674598517E-02
1.927520000E+01 8.448739000E+01 7.924400000E+00 6.432099278E-02
1.976350000E+01 8.418152000E+01 7.592910000E+00 6.273180358E-02
2.005190000E+01 8.360212000E+01 7.461810000E+00 6.182955231E-02
2.021530000E+01 8.298897000E+01 7.703820000E+00 6.132978487E-02
2.038150000E+01 8.257336000E+01 8.521110000E+00 6.082967397E-02
2.053220000E+01 8.278041000E+01 9.360630000E+00 6.038320297E-02
2.073910000E+01 8.346304000E+01 9.828240000E+00 5.978080052E-02
2.104630000E+01 8.384230000E+01 1.017840000E+01 5.890821665E-02
2.127160000E+01 8.439555000E+01 1.068670000E+01 5.828428515E-02
2.160130000E+01 8.542904000E+01 1.071330000E+01 5.739469384E-02
2.204680000E+01 8.623640000E+01 1.039000000E+01 5.623491845E-02
2.274440000E+01 8.703971000E+01 9.911860000E+00 5.451012117E-02
2.377800000E+01 8.783251000E+01 9.266290000E+00 5.214063420E-02
2.489830000E+01 8.841248000E+01 8.624420000E+00 4.979456429E-02
2.614510000E+01 8.885927000E+01 7.988880000E+00 4.741997544E-02
2.766180000E+01 8.923376000E+01 7.316180000E+00 4.481993218E-02
2.932160000E+01 8.951803000E+01 6.674320000E+00 4.228282222E-02
3.130710000E+01 8.973647000E+01 6.015160000E+00 3.960124061E-02
3.331880000E+01 8.987519000E+01 5.439220000E+00 3.721022366E-02
3.604390000E+01 8.996508000E+01 4.786910000E+00 3.439694373E-02
3.998670000E+01 9.000202400E+01 4.045540000E+00 3.100530927E-02
4.521000000E+01 8.996095000E+01 3.303090000E+00 2.742313647E-02
5.189290000E+01 8.984654000E+01 2.627320000E+00 2.389151502E-02
5.930240000E+01 8.969127000E+01 2.100210000E+00 2.090640514E-02
6.782760000E+01 8.950219000E+01 1.674060000E+00 1.827869481E-02
7.728680000E+01 8.928867000E+01 1.341920000E+00 1.604154914E-02
8.772530000E+01 8.902713000E+01 1.080920000E+00 1.413275304E-02
9.796030000E+01 8.868002000E+01 8.952690000E-01 1.265614744E-02
1.043380000E+02 8.832472000E+01 8.037710000E-01 1.188253561E-02
1.080020000E+02 8.795990000E+01 7.576770000E-01 1.147941705E-02
1.100710000E+02 8.758258000E+01 7.348640000E-01 1.126363892E-02
1.109180000E+02 8.730454000E+01 7.483350000E-01 1.117762672E-02
1.113680000E+02 8.709643000E+01 7.981810000E-01 1.113246175E-02
1.117290000E+02 8.690152000E+01 8.895930000E-01 1.109649241E-02
1.120860000E+02 8.670333000E+01 1.046510000E+00 1.106114947E-02
1.124840000E+02 8.651470000E+01 1.310960000E+00 1.102201202E-02
1.130320000E+02 8.641667000E+01 1.790850000E+00 1.096857527E-02
1.136070000E+02 8.652475000E+01 2.298850000E+00 1.091305993E-02
1.141100000E+02 8.678312000E+01 2.627180000E+00 1.086495487E-02
1.147480000E+02 8.716121000E+01 2.838080000E+00 1.080454561E-02
1.158680000E+02 8.765874000E+01 2.890980000E+00 1.070010702E-02
1.175790000E+02 8.807450000E+01 2.835810000E+00 1.054439994E-02
1.203890000E+02 8.847407000E+01 2.735170000E+00 1.029828307E-02
1.245180000E+02 8.882293000E+01 2.597600000E+00 9.956793395E-03
1.300230000E+02 8.911938000E+01 2.430730000E+00 9.535236074E-03
1.375900000E+02 8.937699000E+01 2.222860000E+00 9.010829275E-03
1.485740000E+02 8.959197000E+01 1.971190000E+00 8.344663265E-03
1.632150000E+02 8.975334000E+01 1.701760000E+00 7.596115553E-03
1.835770000E+02 8.986087000E+01 1.414070000E+00 6.753569347E-03
2.106640000E+02 8.991483000E+01 1.138340000E+00 5.885201078E-03
2.413120000E+02 8.992588000E+01 9.202180000E-01 5.137746983E-03
2.762770000E+02 8.991495000E+01 7.468390000E-01 4.487525201E-03
3.165250000E+02 8.989353000E+01 6.078010000E-01 3.916910197E-03
3.641250000E+02 8.986753000E+01 4.945130000E-01 3.404874700E-03
4.198910000E+02 8.984094000E+01 4.038270000E-01 2.952671050E-03
4.861250000E+02 8.981608000E+01 3.310350000E-01 2.550372846E-03
5.625800000E+02 8.979468000E+01 2.739290000E-01 2.203775463E-03
6.550130000E+02 8.977616000E+01 2.272820000E-01 1.892786861E-03
7.738770000E+02 8.976072000E+01 1.875340000E-01 1.602063377E-03
9.250330000E+02 8.974908000E+01 1.547580000E-01 1.340276509E-03
1.142150000E+03 8.974188000E+01 1.232900000E-01 1.085496651E-03
1.347260000E+03 8.973700000E+01 1.020390000E-01 9.202381129E-04
1.546860000E+03 8.973347000E+01 8.715040000E-02 8.014946408E-04
1.839440000E+03 8.972963000E+01 7.154610000E-02 6.740094811E-04
2.135260000E+03 8.972695000E+01 6.031720000E-02 5.806318668E-04
2.451610000E+03 8.972490000E+01 5.151620000E-02 5.057084936E-04
2.814820000E+03 8.972320000E+01 4.399930000E-02 4.404544518E-04
3.258680000E+03 8.972170000E+01 3.724020000E-02 3.804608001E-04
3.885540000E+03 8.972022000E+01 3.045220000E-02 3.190804882E-04
4.461190000E+03 8.971928000E+01 2.600880000E-02 2.779079125E-04
5.248140000E+03 8.971833000E+01 2.162000000E-02 2.362360760E-04
6.158160000E+03 8.971748000E+01 1.800080000E-02 2.013263702E-04
7.070510000E+03 8.971694000E+01 1.537430000E-02 1.753480301E-04
8.452180000E+03 8.971643000E+01 1.254360000E-02 1.466840507E-04
1.000000000E+04 8.971608000E+01 1.036810000E-02 1.239800000E-04
