# Data retrieved from https://www-nds.iaea.org/epdl97/za1to100.htm 03/01/2021
# Element, Pm  (Z = 61) 
# Atomic weight, g mol-1 = 145.0 
# Nominal density, g cm-3 =  7.22000E+0 
# Relativistic correction estimate f_rel(5CL)*,  e atom-1 =  0 
# Nuclear Thomson correction f_NT*, e atom-1 =  0 
#    E [keV]      f1 [e atom-1]      f2 [e atom-1]    Wavelength [nm] 
1.000000000E-03 1.569610000E+01 0.000000000E+00 1.239800000E+03
1.159140000E-03 1.569390000E+01 0.000000000E+00 1.069586072E+03
1.161990000E-03 1.569390000E+01 0.000000000E+00 1.066962711E+03
1.164850000E-03 1.569380000E+01 0.000000000E+00 1.064343048E+03
1.167700000E-03 1.569380000E+01 0.000000000E+00 1.061745311E+03
1.170550000E-03 1.569370000E+01 0.000000000E+00 1.059160224E+03
1.173400000E-03 1.569370000E+01 0.000000000E+00 1.056587694E+03
1.176260000E-03 1.569370000E+01 0.000000000E+00 1.054018669E+03
1.179110000E-03 1.569360000E+01 0.000000000E+00 1.051471025E+03
1.181960000E-03 1.569360000E+01 0.000000000E+00 1.048935666E+03
1.184820000E-03 1.569350000E+01 0.000000000E+00 1.046403673E+03
1.187670000E-03 1.569350000E+01 0.000000000E+00 1.043892664E+03
1.190520000E-03 1.569350000E+01 0.000000000E+00 1.041393677E+03
1.193380000E-03 1.569340000E+01 0.000000000E+00 1.038897920E+03
1.196230000E-03 1.569340000E+01 0.000000000E+00 1.036422762E+03
1.201940000E-03 1.569330000E+01 0.000000000E+00 1.031499076E+03
1.204790000E-03 1.569330000E+01 0.000000000E+00 1.029059006E+03
1.207640000E-03 1.569320000E+01 0.000000000E+00 1.026630453E+03
1.210490000E-03 1.569320000E+01 0.000000000E+00 1.024213335E+03
1.213350000E-03 1.569320000E+01 0.000000000E+00 1.021799151E+03
1.216200000E-03 1.569310000E+01 0.000000000E+00 1.019404703E+03
1.325360000E-03 1.569160000E+01 0.000000000E+00 9.354439549E+02
1.516390000E-03 1.568900000E+01 0.000000000E+00 8.175996940E+02
1.659670000E-03 1.568710000E+01 0.000000000E+00 7.470159731E+02
1.767120000E-03 1.568560000E+01 0.000000000E+00 7.015935534E+02
1.928310000E-03 1.568340000E+01 0.000000000E+00 6.429464142E+02
2.089490000E-03 1.567930000E+01 0.000000000E+00 5.933505305E+02
2.094630000E-03 1.567910000E+01 0.000000000E+00 5.918945112E+02
2.099780000E-03 1.567900000E+01 0.000000000E+00 5.904428083E+02
2.104920000E-03 1.567880000E+01 0.000000000E+00 5.890010072E+02
2.110060000E-03 1.567860000E+01 0.000000000E+00 5.875662303E+02
2.115200000E-03 1.567840000E+01 0.000000000E+00 5.861384266E+02
2.120350000E-03 1.567830000E+01 0.000000000E+00 5.847147877E+02
2.125490000E-03 1.567810000E+01 0.000000000E+00 5.833007918E+02
2.130630000E-03 1.567790000E+01 0.000000000E+00 5.818936183E+02
2.135780000E-03 1.567770000E+01 0.000000000E+00 5.804905000E+02
2.140920000E-03 1.567750000E+01 0.000000000E+00 5.790968369E+02
2.146060000E-03 1.567740000E+01 0.000000000E+00 5.777098497E+02
2.151210000E-03 1.567720000E+01 0.000000000E+00 5.763268114E+02
2.156350000E-03 1.567700000E+01 0.000000000E+00 5.749530457E+02
2.166640000E-03 1.567670000E+01 0.000000000E+00 5.722224274E+02
2.171780000E-03 1.567650000E+01 0.000000000E+00 5.708681358E+02
2.176920000E-03 1.567630000E+01 0.000000000E+00 5.695202396E+02
2.182060000E-03 1.567610000E+01 0.000000000E+00 5.681786935E+02
2.187210000E-03 1.567600000E+01 0.000000000E+00 5.668408612E+02
2.192350000E-03 1.567580000E+01 0.000000000E+00 5.655118936E+02
2.230040000E-03 1.567450000E+01 0.000000000E+00 5.559541533E+02
2.235530000E-03 1.567430000E+01 0.000000000E+00 5.545888447E+02
2.241020000E-03 1.567410000E+01 0.000000000E+00 5.532302255E+02
2.246510000E-03 1.567390000E+01 0.000000000E+00 5.518782467E+02
2.252000000E-03 1.567370000E+01 0.000000000E+00 5.505328597E+02
2.257490000E-03 1.567350000E+01 0.000000000E+00 5.491940164E+02
2.262970000E-03 1.567330000E+01 0.000000000E+00 5.478640901E+02
2.268460000E-03 1.567320000E+01 0.000000000E+00 5.465381801E+02
2.273950000E-03 1.567300000E+01 0.000000000E+00 5.452186724E+02
2.279440000E-03 1.567280000E+01 0.000000000E+00 5.439055207E+02
2.284930000E-03 1.567260000E+01 0.000000000E+00 5.425986792E+02
2.290420000E-03 1.567240000E+01 0.000000000E+00 5.412981025E+02
2.295910000E-03 1.567220000E+01 0.000000000E+00 5.400037458E+02
2.301400000E-03 1.567200000E+01 0.000000000E+00 5.387155644E+02
2.312370000E-03 1.567160000E+01 0.000000000E+00 5.361598706E+02
2.317860000E-03 1.567150000E+01 0.000000000E+00 5.348899416E+02
2.323350000E-03 1.567130000E+01 0.000000000E+00 5.336260142E+02
2.328840000E-03 1.567110000E+01 0.000000000E+00 5.323680459E+02
2.334330000E-03 1.567090000E+01 0.000000000E+00 5.311159947E+02
2.339820000E-03 1.567070000E+01 0.000000000E+00 5.298698190E+02
2.434280000E-03 1.566740000E+01 0.000000000E+00 5.093087073E+02
2.516920000E-03 1.566460000E+01 0.000000000E+00 4.925861768E+02
2.589240000E-03 1.566210000E+01 0.000000000E+00 4.788277641E+02
2.652520000E-03 1.565990000E+01 0.000000000E+00 4.674045813E+02
2.707890000E-03 1.565800000E+01 0.000000000E+00 4.578472538E+02
2.756340000E-03 1.565640000E+01 0.000000000E+00 4.497993716E+02
2.798730000E-03 1.565490000E+01 0.000000000E+00 4.429866404E+02
2.872910000E-03 1.565230000E+01 0.000000000E+00 4.315484996E+02
2.928550000E-03 1.565040000E+01 0.000000000E+00 4.233494391E+02
2.970280000E-03 1.564900000E+01 0.000000000E+00 4.174017264E+02
3.001580000E-03 1.564790000E+01 0.000000000E+00 4.130491275E+02
3.025050000E-03 1.564710000E+01 0.000000000E+00 4.098444654E+02
3.042660000E-03 1.564650000E+01 0.000000000E+00 4.074724090E+02
3.055860000E-03 1.564600000E+01 0.000000000E+00 4.057123036E+02
3.065760000E-03 1.564570000E+01 0.000000000E+00 4.044021711E+02
3.080620000E-03 1.564520000E+01 0.000000000E+00 4.024514546E+02
3.091760000E-03 1.564480000E+01 0.000000000E+00 4.010013714E+02
3.095470000E-03 1.564470000E+01 0.000000000E+00 4.005207610E+02
3.103090000E-03 1.564440000E+01 0.000000000E+00 3.995372355E+02
3.110710000E-03 1.564420000E+01 0.000000000E+00 3.985585284E+02
3.118330000E-03 1.564390000E+01 0.000000000E+00 3.975846046E+02
3.125950000E-03 1.564360000E+01 0.000000000E+00 3.966154289E+02
3.133560000E-03 1.564340000E+01 0.000000000E+00 3.956522294E+02
3.137370000E-03 1.564320000E+01 0.000000000E+00 3.951717521E+02
3.141180000E-03 1.564310000E+01 0.000000000E+00 3.946924404E+02
3.144990000E-03 1.564300000E+01 0.000000000E+00 3.942142900E+02
3.148800000E-03 1.564280000E+01 0.000000000E+00 3.937372967E+02
3.152610000E-03 1.564270000E+01 0.000000000E+00 3.932614564E+02
3.156420000E-03 1.564260000E+01 0.000000000E+00 3.927867648E+02
3.162140000E-03 1.564240000E+01 0.000000000E+00 3.920762522E+02
3.165950000E-03 1.564230000E+01 0.000000000E+00 3.916044157E+02
3.170230000E-03 1.564210000E+01 0.000000000E+00 3.910757264E+02
3.170950000E-03 1.564210000E+01 0.000000000E+00 3.909869282E+02
3.172140000E-03 1.564200000E+01 0.000000000E+00 3.908402530E+02
3.179280000E-03 1.564180000E+01 0.000000000E+00 3.899625072E+02
3.180230000E-03 1.564180000E+01 0.000000000E+00 3.898460174E+02
3.183560000E-03 1.564160000E+01 0.000000000E+00 3.894382390E+02
3.188800000E-03 1.564150000E+01 0.000000000E+00 3.887982940E+02
3.194520000E-03 1.564130000E+01 0.000000000E+00 3.881021249E+02
3.198330000E-03 1.564110000E+01 0.000000000E+00 3.876397995E+02
3.202140000E-03 1.564100000E+01 0.000000000E+00 3.871785743E+02
3.205950000E-03 1.564090000E+01 0.000000000E+00 3.867184454E+02
3.209760000E-03 1.564070000E+01 0.000000000E+00 3.862594088E+02
3.217370000E-03 1.564050000E+01 0.000000000E+00 3.853457949E+02
3.224990000E-03 1.564020000E+01 0.000000000E+00 3.844353006E+02
3.232610000E-03 1.564000000E+01 0.000000000E+00 3.835290988E+02
3.244040000E-03 1.563960000E+01 0.000000000E+00 3.821777783E+02
3.247850000E-03 1.563940000E+01 0.000000000E+00 3.817294518E+02
3.250580000E-03 1.563930000E+01 0.000000000E+00 3.814088563E+02
3.256010000E-03 1.563920000E+01 0.000000000E+00 3.807727863E+02
3.261350000E-03 1.563900000E+01 0.000000000E+00 3.801493247E+02
3.271860000E-03 1.563860000E+01 0.000000000E+00 3.789281937E+02
3.282040000E-03 1.563830000E+01 0.000000000E+00 3.777528610E+02
3.291900000E-03 1.563790000E+01 0.000000000E+00 3.766214041E+02
3.301450000E-03 1.563760000E+01 0.000000000E+00 3.755319632E+02
3.310710000E-03 1.563730000E+01 0.000000000E+00 3.744816067E+02
3.319680000E-03 1.563700000E+01 0.000000000E+00 3.734697320E+02
3.328360000E-03 1.563670000E+01 0.000000000E+00 3.724957637E+02
3.463010000E-03 1.563200000E+01 0.000000000E+00 3.580122495E+02
3.479840000E-03 1.563140000E+01 0.000000000E+00 3.562807485E+02
3.509300000E-03 1.563040000E+01 0.000000000E+00 3.532898299E+02
3.531390000E-03 1.562970000E+01 0.000000000E+00 3.510798864E+02
3.547950000E-03 1.562910000E+01 0.000000000E+00 3.494412266E+02
3.560380000E-03 1.562870000E+01 0.000000000E+00 3.482212573E+02
3.569700000E-03 1.562840000E+01 0.000000000E+00 3.473120991E+02
3.583680000E-03 1.562790000E+01 0.000000000E+00 3.459572283E+02
3.594160000E-03 1.562750000E+01 0.000000000E+00 3.449484720E+02
3.597660000E-03 1.562740000E+01 0.000000000E+00 3.446128873E+02
3.604480000E-03 1.562720000E+01 0.000000000E+00 3.439608487E+02
3.611290000E-03 1.562690000E+01 0.000000000E+00 3.433122236E+02
3.615370000E-03 1.562680000E+01 0.000000000E+00 3.429247905E+02
3.624220000E-03 1.562650000E+01 0.000000000E+00 3.420874009E+02
3.633080000E-03 1.562620000E+01 0.000000000E+00 3.412531516E+02
3.641930000E-03 1.562590000E+01 0.000000000E+00 3.404238961E+02
3.648840000E-03 1.562560000E+01 0.000000000E+00 3.397792175E+02
3.655740000E-03 1.562540000E+01 0.000000000E+00 3.391379037E+02
3.662120000E-03 1.562520000E+01 0.000000000E+00 3.385470711E+02
3.665310000E-03 1.562510000E+01 0.000000000E+00 3.382524261E+02
3.668500000E-03 1.562490000E+01 0.000000000E+00 3.379582936E+02
3.675140000E-03 1.562470000E+01 0.000000000E+00 3.373476929E+02
3.679570000E-03 1.562460000E+01 0.000000000E+00 3.369415448E+02
3.682890000E-03 1.562450000E+01 0.000000000E+00 3.366378035E+02
3.684550000E-03 1.562440000E+01 0.000000000E+00 3.364861381E+02
3.684960000E-03 1.562440000E+01 0.000000000E+00 3.364486996E+02
3.685280000E-03 1.562440000E+01 0.000000000E+00 3.364194851E+02
3.685510000E-03 1.562440000E+01 0.000000000E+00 3.363984903E+02
3.685680000E-03 1.562440000E+01 0.000000000E+00 3.363829741E+02
3.685950000E-03 1.562430000E+01 0.000000000E+00 3.363583337E+02
3.686080000E-03 1.562430000E+01 0.000000000E+00 3.363464710E+02
3.686350000E-03 1.562430000E+01 0.000000000E+00 3.363218360E+02
3.686890000E-03 1.562430000E+01 0.000000000E+00 3.362725766E+02
3.695070000E-03 1.562400000E+01 0.000000000E+00 3.355281497E+02
3.697280000E-03 1.562400000E+01 0.000000000E+00 3.353275922E+02
3.703920000E-03 1.562370000E+01 0.000000000E+00 3.347264520E+02
3.707430000E-03 1.562360000E+01 0.000000000E+00 3.344095506E+02
3.712690000E-03 1.562340000E+01 0.000000000E+00 3.339357716E+02
3.717960000E-03 1.562320000E+01 0.000000000E+00 3.334624364E+02
3.724220000E-03 1.562300000E+01 0.000000000E+00 3.329019231E+02
3.730490000E-03 1.562280000E+01 0.000000000E+00 3.323424001E+02
3.739340000E-03 1.562250000E+01 0.000000000E+00 3.315558361E+02
3.748200000E-03 1.562220000E+01 0.000000000E+00 3.307721039E+02
3.757050000E-03 1.562190000E+01 0.000000000E+00 3.299929466E+02
3.771290000E-03 1.562140000E+01 0.000000000E+00 3.287469274E+02
3.774760000E-03 1.562130000E+01 0.000000000E+00 3.284447223E+02
3.778360000E-03 1.562120000E+01 0.000000000E+00 3.281317820E+02
3.789170000E-03 1.562080000E+01 0.000000000E+00 3.271956655E+02
3.798170000E-03 1.562050000E+01 0.000000000E+00 3.264203551E+02
3.807160000E-03 1.562020000E+01 0.000000000E+00 3.256495656E+02
3.816160000E-03 1.561990000E+01 0.000000000E+00 3.248815563E+02
3.825150000E-03 1.561960000E+01 0.000000000E+00 3.241180084E+02
3.834140000E-03 1.561920000E+01 0.000000000E+00 3.233580412E+02
3.864830000E-03 1.561820000E+01 0.000000000E+00 3.207903064E+02
3.891670000E-03 1.561730000E+01 0.000000000E+00 3.185778856E+02
3.938660000E-03 1.561560000E+01 0.000000000E+00 3.147771069E+02
4.079610000E-03 1.560240000E+01 0.000000000E+00 3.039015984E+02
4.079630000E-03 1.560240000E+01 0.000000000E+00 3.039001086E+02
4.099720000E-03 1.559950000E+01 0.000000000E+00 3.024108964E+02
4.109760000E-03 1.559810000E+01 0.000000000E+00 3.016721171E+02
4.119800000E-03 1.559670000E+01 0.000000000E+00 3.009369387E+02
4.129840000E-03 1.559530000E+01 0.000000000E+00 3.002053348E+02
4.136030000E-03 1.559450000E+01 0.000000000E+00 2.997560463E+02
4.142210000E-03 1.559360000E+01 0.000000000E+00 2.993088231E+02
4.151090000E-03 1.559230000E+01 0.000000000E+00 2.986685425E+02
4.155530000E-03 1.559170000E+01 0.000000000E+00 2.983494284E+02
4.159970000E-03 1.559110000E+01 0.000000000E+00 2.980309954E+02
4.170200000E-03 1.558970000E+01 0.000000000E+00 2.972998897E+02
4.180440000E-03 1.558820000E+01 0.000000000E+00 2.965716527E+02
4.190680000E-03 1.558680000E+01 0.000000000E+00 2.958469747E+02
4.200910000E-03 1.558540000E+01 0.000000000E+00 2.951265321E+02
4.208270000E-03 1.558430000E+01 0.000000000E+00 2.946103743E+02
4.219310000E-03 1.558280000E+01 0.000000000E+00 2.938395140E+02
4.230340000E-03 1.558120000E+01 0.000000000E+00 2.930733700E+02
4.240580000E-03 1.557980000E+01 0.000000000E+00 2.923656670E+02
4.250810000E-03 1.557840000E+01 0.000000000E+00 2.916620597E+02
4.260380000E-03 1.557700000E+01 0.000000000E+00 2.910069055E+02
4.273140000E-03 1.557520000E+01 0.000000000E+00 2.901379314E+02
4.280470000E-03 1.557420000E+01 0.000000000E+00 2.896410908E+02
4.293290000E-03 1.557240000E+01 0.000000000E+00 2.887762066E+02
4.303310000E-03 1.557100000E+01 0.000000000E+00 2.881038085E+02
4.334020000E-03 1.556670000E+01 0.000000000E+00 2.860623624E+02
4.343320000E-03 1.556540000E+01 0.000000000E+00 2.854498402E+02
4.353610000E-03 1.556390000E+01 0.000000000E+00 2.847751636E+02
4.363890000E-03 1.556250000E+01 0.000000000E+00 2.841043198E+02
4.378480000E-03 1.556040000E+01 0.000000000E+00 2.831576255E+02
4.378500000E-03 1.556040000E+01 0.000000000E+00 2.831563321E+02
4.384460000E-03 1.555960000E+01 0.000000000E+00 2.827714245E+02
4.400050000E-03 1.555740000E+01 0.000000000E+00 2.817695253E+02
4.410830000E-03 1.555590000E+01 0.000000000E+00 2.810808850E+02
4.421610000E-03 1.555440000E+01 0.000000000E+00 2.803956025E+02
4.427000000E-03 1.555360000E+01 0.000000000E+00 2.800542128E+02
4.432380000E-03 1.555290000E+01 0.000000000E+00 2.797142844E+02
4.434960000E-03 1.555250000E+01 0.000000000E+00 2.795515630E+02
4.439470000E-03 1.555190000E+01 0.000000000E+00 2.792675702E+02
4.446240000E-03 1.555090000E+01 0.000000000E+00 2.788423477E+02
4.449620000E-03 1.555050000E+01 0.000000000E+00 2.786305347E+02
4.453010000E-03 1.555000000E+01 0.000000000E+00 2.784184181E+02
4.458920000E-03 1.554920000E+01 0.000000000E+00 2.780493931E+02
4.461880000E-03 1.554870000E+01 0.000000000E+00 2.778649359E+02
4.470280000E-03 1.554760000E+01 0.000000000E+00 2.773428063E+02
4.475720000E-03 1.554680000E+01 0.000000000E+00 2.770057108E+02
4.486600000E-03 1.554530000E+01 0.000000000E+00 2.763339723E+02
4.497480000E-03 1.554380000E+01 0.000000000E+00 2.756654838E+02
4.508370000E-03 1.554220000E+01 0.000000000E+00 2.749996118E+02
4.517240000E-03 1.554100000E+01 0.000000000E+00 2.744596258E+02
4.526110000E-03 1.553970000E+01 0.000000000E+00 2.739217562E+02
4.533560000E-03 1.553870000E+01 0.000000000E+00 2.734716205E+02
4.541010000E-03 1.553770000E+01 0.000000000E+00 2.730229619E+02
4.551170000E-03 1.553620000E+01 0.000000000E+00 2.724134673E+02
4.562070000E-03 1.553470000E+01 0.000000000E+00 2.717625990E+02
4.572490000E-03 1.553320000E+01 0.000000000E+00 2.711432939E+02
4.585650000E-03 1.553140000E+01 0.000000000E+00 2.703651609E+02
4.594040000E-03 1.553020000E+01 0.000000000E+00 2.698713986E+02
4.596830000E-03 1.552980000E+01 0.000000000E+00 2.697076028E+02
4.617190000E-03 1.552700000E+01 0.000000000E+00 2.685182979E+02
4.632610000E-03 1.552480000E+01 0.000000000E+00 2.676245140E+02
4.641530000E-03 1.552360000E+01 0.000000000E+00 2.671101986E+02
4.652710000E-03 1.552200000E+01 0.000000000E+00 2.664683593E+02
4.658880000E-03 1.552110000E+01 0.000000000E+00 2.661154612E+02
4.666610000E-03 1.552000000E+01 0.000000000E+00 2.656746546E+02
4.681810000E-03 1.551790000E+01 0.000000000E+00 2.648121133E+02
4.693280000E-03 1.551630000E+01 0.000000000E+00 2.641649337E+02
4.704750000E-03 1.551470000E+01 0.000000000E+00 2.635209097E+02
4.716210000E-03 1.551310000E+01 0.000000000E+00 2.628805757E+02
4.725560000E-03 1.551180000E+01 0.000000000E+00 2.623604398E+02
4.734910000E-03 1.551050000E+01 0.000000000E+00 2.618423581E+02
4.743560000E-03 1.550920000E+01 0.000000000E+00 2.613648821E+02
4.752210000E-03 1.550800000E+01 0.000000000E+00 2.608891442E+02
4.763470000E-03 1.550640000E+01 0.000000000E+00 2.602724484E+02
4.774720000E-03 1.550490000E+01 0.000000000E+00 2.596592051E+02
4.785970000E-03 1.550330000E+01 0.000000000E+00 2.590488449E+02
4.797290000E-03 1.550170000E+01 0.000000000E+00 2.584375762E+02
4.805990000E-03 1.550050000E+01 0.000000000E+00 2.579697419E+02
4.819050000E-03 1.549870000E+01 0.000000000E+00 2.572706239E+02
4.833650000E-03 1.549560000E+01 1.876470000E-07 2.564935401E+02
4.844470000E-03 1.549170000E+01 7.120660000E-07 2.559206683E+02
4.854360000E-03 1.548790000E+01 2.240260000E-06 2.553992699E+02
4.865650000E-03 1.548320000E+01 7.671650000E-06 2.548066548E+02
4.888340000E-03 1.547240000E+01 7.112720000E-05 2.536239296E+02
4.923340000E-03 1.545000000E+01 1.190420000E-03 2.518209183E+02
4.947640000E-03 1.542780000E+01 5.554630000E-03 2.505841169E+02
4.980210000E-03 1.538990000E+01 2.661350000E-02 2.489453256E+02
4.998060000E-03 1.537030000E+01 5.029570000E-02 2.480562458E+02
5.008310000E-03 1.536190000E+01 6.791130000E-02 2.475485743E+02
5.019100000E-03 1.535660000E+01 8.878250000E-02 2.470163974E+02
5.037470000E-03 1.535780000E+01 1.263460000E-01 2.461156096E+02
5.060940000E-03 1.537700000E+01 1.686690000E-01 2.449742538E+02
5.076170000E-03 1.539630000E+01 1.881730000E-01 2.442392591E+02
5.089780000E-03 1.541500000E+01 2.000670000E-01 2.435861668E+02
5.102080000E-03 1.543150000E+01 2.064620000E-01 2.429989338E+02
5.123100000E-03 1.545610000E+01 2.106490000E-01 2.420019129E+02
5.318920000E-03 1.555010000E+01 1.874440000E-01 2.330924323E+02
5.660390000E-03 1.559400000E+01 1.493200000E-01 2.190308442E+02
6.067070000E-03 1.560270000E+01 1.150970000E-01 2.043490515E+02
6.488330000E-03 1.559420000E+01 8.882130000E-02 1.910815264E+02
6.819030000E-03 1.558170000E+01 7.303410000E-02 1.818147156E+02
6.852600000E-03 1.558030000E+01 7.158910000E-02 1.809240288E+02
6.869380000E-03 1.557960000E+01 7.087050000E-02 1.804820814E+02
6.886160000E-03 1.557890000E+01 7.019740000E-02 1.800422877E+02
6.902950000E-03 1.557810000E+01 6.952430000E-02 1.796043720E+02
6.953300000E-03 1.557590000E+01 6.750500000E-02 1.783038270E+02
6.970090000E-03 1.557510000E+01 6.683190000E-02 1.778743173E+02
6.986870000E-03 1.557440000E+01 6.617600000E-02 1.774471258E+02
7.003650000E-03 1.557360000E+01 6.554740000E-02 1.770219814E+02
7.023830000E-03 1.557270000E+01 6.479150000E-02 1.765133837E+02
7.070790000E-03 1.557040000E+01 6.306130000E-02 1.753410864E+02
7.087580000E-03 1.556960000E+01 6.247020000E-02 1.749257151E+02
7.104360000E-03 1.556880000E+01 6.187910000E-02 1.745125529E+02
7.121140000E-03 1.556800000E+01 6.128800000E-02 1.741013377E+02
7.154710000E-03 1.556640000E+01 6.011050000E-02 1.732844518E+02
7.316830000E-03 1.555840000E+01 5.484260000E-02 1.694449646E+02
7.352840000E-03 1.555660000E+01 5.371670000E-02 1.686151201E+02
7.370850000E-03 1.555570000E+01 5.317540000E-02 1.682031245E+02
7.388860000E-03 1.555480000E+01 5.264650000E-02 1.677931372E+02
7.406870000E-03 1.555380000E+01 5.211770000E-02 1.673851438E+02
7.460900000E-03 1.555110000E+01 5.057770000E-02 1.661729818E+02
7.478910000E-03 1.555010000E+01 5.008360000E-02 1.657728198E+02
7.496920000E-03 1.554920000E+01 4.958950000E-02 1.653745805E+02
7.514930000E-03 1.554820000E+01 4.909540000E-02 1.649782500E+02
7.536880000E-03 1.554710000E+01 4.849320000E-02 1.644977763E+02
7.583190000E-03 1.554470000E+01 4.727840000E-02 1.634932001E+02
7.604980000E-03 1.554350000E+01 4.672270000E-02 1.630247548E+02
7.620570000E-03 1.554270000E+01 4.632500000E-02 1.626912423E+02
7.641000000E-03 1.554160000E+01 4.580390000E-02 1.622562492E+02
7.677010000E-03 1.553970000E+01 4.489040000E-02 1.614951654E+02
7.692330000E-03 1.553890000E+01 4.452340000E-02 1.611735326E+02
7.710900000E-03 1.553790000E+01 4.407860000E-02 1.607853817E+02
7.729470000E-03 1.553690000E+01 4.363370000E-02 1.603990959E+02
7.748040000E-03 1.553590000E+01 4.318890000E-02 1.600146618E+02
7.804330000E-03 1.553290000E+01 4.187160000E-02 1.588605300E+02
7.823490000E-03 1.553190000E+01 4.144330000E-02 1.584714750E+02
7.842650000E-03 1.553080000E+01 4.101500000E-02 1.580843210E+02
7.867460000E-03 1.552950000E+01 4.046060000E-02 1.575858028E+02
7.923260000E-03 1.552650000E+01 3.924460000E-02 1.564759960E+02
8.026910000E-03 1.551910000E+01 3.712900000E-02 1.544554505E+02
8.052670000E-03 1.551590000E+01 3.662090000E-02 1.539613569E+02
8.073960000E-03 1.551330000E+01 3.620150000E-02 1.535553805E+02
8.110930000E-03 1.550840000E+01 3.551600000E-02 1.528554679E+02
8.195010000E-03 1.549580000E+01 3.433860000E-02 1.512871857E+02
8.243650000E-03 1.548680000E+01 3.505210000E-02 1.503945461E+02
8.259150000E-03 1.548370000E+01 3.579660000E-02 1.501122997E+02
8.297800000E-03 1.547640000E+01 3.915940000E-02 1.494130974E+02
8.314560000E-03 1.547360000E+01 4.127710000E-02 1.491119193E+02
8.332190000E-03 1.547110000E+01 4.383820000E-02 1.487964149E+02
8.346510000E-03 1.546980000E+01 4.607440000E-02 1.485411268E+02
8.437510000E-03 1.546700000E+01 5.732640000E-02 1.469390851E+02
8.477330000E-03 1.546740000E+01 5.900410000E-02 1.462488779E+02
8.536410000E-03 1.546650000E+01 5.923450000E-02 1.452366979E+02
8.702430000E-03 1.545400000E+01 5.759730000E-02 1.424659549E+02
8.831210000E-03 1.543830000E+01 6.187380000E-02 1.403884632E+02
8.894770000E-03 1.543340000E+01 6.857720000E-02 1.393852792E+02
9.034970000E-03 1.543250000E+01 7.669680000E-02 1.372223704E+02
1.000000000E-02 1.537550000E+01 7.431200000E-02 1.239800000E+02
1.095430000E-02 1.530100000E+01 7.827090000E-02 1.131792995E+02
1.150730000E-02 1.525520000E+01 8.317710000E-02 1.077403040E+02
1.202240000E-02 1.521070000E+01 8.933840000E-02 1.031241682E+02
1.209870000E-02 1.520210000E+01 9.037370000E-02 1.024738195E+02
1.246050000E-02 1.516110000E+01 9.568690000E-02 9.949841499E+01
1.264200000E-02 1.514040000E+01 9.861880000E-02 9.806992564E+01
1.315880000E-02 1.508080000E+01 1.078920000E-01 9.421831778E+01
1.334710000E-02 1.505900000E+01 1.115480000E-01 9.288909201E+01
1.370850000E-02 1.501660000E+01 1.193100000E-01 9.044023781E+01
1.402480000E-02 1.497940000E+01 1.264770000E-01 8.840054760E+01
1.457820000E-02 1.491360000E+01 1.403290000E-01 8.504479291E+01
1.500000000E-02 1.486300000E+01 1.519650000E-01 8.265333333E+01
1.561590000E-02 1.476670000E+01 1.707130000E-01 7.939343874E+01
1.635840000E-02 1.464920000E+01 1.952940000E-01 7.578980829E+01
1.691800000E-02 1.455920000E+01 2.161870000E-01 7.328289396E+01
1.752270000E-02 1.445600000E+01 2.407100000E-01 7.075393632E+01
1.820040000E-02 1.432280000E+01 2.698690000E-01 6.811938199E+01
1.851640000E-02 1.425600000E+01 2.848930000E-01 6.695685986E+01
1.920080000E-02 1.410810000E+01 3.176870000E-01 6.457022624E+01
1.939500000E-02 1.405810000E+01 3.278620000E-01 6.392369167E+01
1.988160000E-02 1.393280000E+01 3.536900000E-01 6.235916626E+01
2.027830000E-02 1.383070000E+01 3.760450000E-01 6.113924737E+01
2.062680000E-02 1.373080000E+01 3.961090000E-01 6.010626951E+01
2.087580000E-02 1.364790000E+01 4.107650000E-01 5.938934077E+01
2.112800000E-02 1.356390000E+01 4.262810000E-01 5.868042408E+01
2.138490000E-02 1.347870000E+01 4.430260000E-01 5.797548738E+01
2.157080000E-02 1.340880000E+01 4.551430000E-01 5.747584698E+01
2.169310000E-02 1.335950000E+01 4.631210000E-01 5.715181325E+01
2.174450000E-02 1.333890000E+01 4.664700000E-01 5.701671687E+01
2.179590000E-02 1.331820000E+01 4.698190000E-01 5.688225767E+01
2.184720000E-02 1.329750000E+01 4.731680000E-01 5.674869091E+01
2.189860000E-02 1.327680000E+01 4.765170000E-01 5.661549140E+01
2.193440000E-02 1.326240000E+01 4.788470000E-01 5.652308702E+01
2.198630000E-02 1.324150000E+01 4.822330000E-01 5.638966083E+01
2.203360000E-02 1.322250000E+01 4.853140000E-01 5.626860794E+01
2.209020000E-02 1.319970000E+01 4.890050000E-01 5.612443527E+01
2.214210000E-02 1.317880000E+01 4.923910000E-01 5.599288234E+01
2.217410000E-02 1.316590000E+01 4.944760000E-01 5.591207760E+01
2.220110000E-02 1.315510000E+01 4.962330000E-01 5.584407980E+01
2.225050000E-02 1.313100000E+01 4.994550000E-01 5.572009618E+01
2.228330000E-02 1.311510000E+01 5.015910000E-01 5.563807874E+01
2.233780000E-02 1.308860000E+01 5.051490000E-01 5.550233237E+01
2.239240000E-02 1.306200000E+01 5.087140000E-01 5.536699952E+01
2.244700000E-02 1.303440000E+01 5.124350000E-01 5.523232503E+01
2.247920000E-02 1.301800000E+01 5.146320000E-01 5.515320830E+01
2.252760000E-02 1.299340000E+01 5.179280000E-01 5.503471297E+01
2.255170000E-02 1.298100000E+01 5.195760000E-01 5.497589982E+01
2.257590000E-02 1.296870000E+01 5.212240000E-01 5.491696898E+01
2.261070000E-02 1.295100000E+01 5.236000000E-01 5.483244659E+01
2.263800000E-02 1.293710000E+01 5.254610000E-01 5.476632211E+01
2.265170000E-02 1.293010000E+01 5.263910000E-01 5.473319883E+01
2.266530000E-02 1.292310000E+01 5.273210000E-01 5.470035693E+01
2.267210000E-02 1.291970000E+01 5.277860000E-01 5.468395076E+01
2.270800000E-02 1.290140000E+01 5.302290000E-01 5.459749868E+01
2.271090000E-02 1.289990000E+01 5.304320000E-01 5.459052702E+01
2.271320000E-02 1.289870000E+01 5.305850000E-01 5.458499903E+01
2.271490000E-02 1.289790000E+01 5.306990000E-01 5.458091385E+01
2.271550000E-02 1.289760000E+01 5.307420000E-01 5.457947217E+01
2.271660000E-02 1.289700000E+01 5.308170000E-01 5.457682928E+01
2.271820000E-02 1.289620000E+01 5.309300000E-01 5.457298554E+01
2.271910000E-02 1.289570000E+01 5.309860000E-01 5.457082367E+01
2.272080000E-02 1.289490000E+01 5.311010000E-01 5.456674061E+01
2.272410000E-02 1.289320000E+01 5.313300000E-01 5.455881641E+01
2.277450000E-02 1.286620000E+01 5.347640000E-01 5.443807767E+01
2.278810000E-02 1.285800000E+01 5.356950000E-01 5.440558888E+01
2.282910000E-02 1.283320000E+01 5.384860000E-01 5.430787898E+01
2.284490000E-02 1.282370000E+01 5.395640000E-01 5.427031854E+01
2.287250000E-02 1.280690000E+01 5.414500000E-01 5.420483113E+01
2.291400000E-02 1.278180000E+01 5.442800000E-01 5.410665968E+01
2.295550000E-02 1.275670000E+01 5.471100000E-01 5.400884320E+01
2.299280000E-02 1.273420000E+01 5.496500000E-01 5.392122751E+01
2.304740000E-02 1.270130000E+01 5.536260000E-01 5.379348647E+01
2.310200000E-02 1.266860000E+01 5.578060000E-01 5.366634923E+01
2.315650000E-02 1.263580000E+01 5.619870000E-01 5.354004275E+01
2.321110000E-02 1.260000000E+01 5.661670000E-01 5.341409929E+01
2.326570000E-02 1.256160000E+01 5.703470000E-01 5.328874695E+01
2.329440000E-02 1.254140000E+01 5.725440000E-01 5.322309225E+01
2.332310000E-02 1.252120000E+01 5.747410000E-01 5.315759912E+01
2.337980000E-02 1.248130000E+01 5.790840000E-01 5.302868288E+01
2.343650000E-02 1.244140000E+01 5.834280000E-01 5.290039042E+01
2.350000000E-02 1.239660000E+01 5.885720000E-01 5.275744681E+01
2.355540000E-02 1.235330000E+01 5.931300000E-01 5.263336645E+01
2.359840000E-02 1.231980000E+01 5.966610000E-01 5.253746017E+01
2.367140000E-02 1.225990000E+01 6.026660000E-01 5.237544040E+01
2.371790000E-02 1.222120000E+01 6.064940000E-01 5.227275602E+01
2.375110000E-02 1.219200000E+01 6.092230000E-01 5.219968759E+01
2.377670000E-02 1.216870000E+01 6.113310000E-01 5.214348501E+01
2.383340000E-02 1.211580000E+01 6.159950000E-01 5.201943491E+01
2.390090000E-02 1.205050000E+01 6.215440000E-01 5.187252363E+01
2.393160000E-02 1.201970000E+01 6.240680000E-01 5.180598038E+01
2.397760000E-02 1.197220000E+01 6.278550000E-01 5.170659282E+01
2.400070000E-02 1.194770000E+01 6.297480000E-01 5.165682668E+01
2.402370000E-02 1.192290000E+01 6.316410000E-01 5.160737105E+01
2.405050000E-02 1.189360000E+01 6.338430000E-01 5.154986383E+01
2.406380000E-02 1.187830000E+01 6.349430000E-01 5.152137235E+01
2.407720000E-02 1.186300000E+01 6.360440000E-01 5.149269849E+01
2.414520000E-02 1.178520000E+01 6.416330000E-01 5.134767987E+01
2.416860000E-02 1.175650000E+01 6.435580000E-01 5.129796513E+01
2.419080000E-02 1.172930000E+01 6.453830000E-01 5.125088877E+01
2.420160000E-02 1.171600000E+01 6.462750000E-01 5.122801798E+01
2.421690000E-02 1.169730000E+01 6.475310000E-01 5.119565262E+01
2.423260000E-02 1.167640000E+01 6.488210000E-01 5.116248360E+01
2.425120000E-02 1.165170000E+01 6.503490000E-01 5.112324339E+01
2.426570000E-02 1.163240000E+01 6.515410000E-01 5.109269463E+01
2.428740000E-02 1.160340000E+01 6.533290000E-01 5.104704497E+01
2.429830000E-02 1.158890000E+01 6.542230000E-01 5.102414572E+01
2.430910000E-02 1.157450000E+01 6.551170000E-01 5.100147681E+01
2.431610000E-02 1.156510000E+01 6.556920000E-01 5.098679476E+01
2.432310000E-02 1.155580000E+01 6.562670000E-01 5.097212115E+01
2.444290000E-02 1.137840000E+01 6.661170000E-01 5.072229564E+01
2.450270000E-02 1.128020000E+01 6.710490000E-01 5.059850547E+01
2.456400000E-02 1.117190000E+01 6.761210000E-01 5.047223579E+01
2.459830000E-02 1.110710000E+01 6.789990000E-01 5.040185704E+01
2.463140000E-02 1.104170000E+01 6.818140000E-01 5.033412636E+01
2.465690000E-02 1.098880000E+01 6.840480000E-01 5.028207114E+01
2.469710000E-02 1.090110000E+01 6.877460000E-01 5.020022594E+01
2.471730000E-02 1.085450000E+01 6.897420000E-01 5.015920024E+01
2.473880000E-02 1.080320000E+01 6.920170000E-01 5.011560787E+01
2.477720000E-02 1.070530000E+01 6.966950000E-01 5.003793810E+01
2.479830000E-02 1.064780000E+01 6.997450000E-01 4.999536259E+01
2.480850000E-02 1.061870000E+01 7.014070000E-01 4.997480702E+01
2.484810000E-02 1.050060000E+01 7.092560000E-01 4.989516301E+01
2.485690000E-02 1.047280000E+01 7.114120000E-01 4.987749880E+01
2.486390000E-02 1.045020000E+01 7.132660000E-01 4.986345666E+01
2.486740000E-02 1.043880000E+01 7.142360000E-01 4.985643855E+01
2.487050000E-02 1.042860000E+01 7.151170000E-01 4.985022416E+01
2.487110000E-02 1.042690000E+01 7.152730000E-01 4.984902156E+01
2.487380000E-02 1.041790000E+01 7.160740000E-01 4.984361055E+01
2.487700000E-02 1.040710000E+01 7.170620000E-01 4.983719902E+01
2.490150000E-02 1.032270000E+01 7.256080000E-01 4.978816537E+01
2.491990000E-02 1.025600000E+01 7.335360000E-01 4.975140350E+01
2.493410000E-02 1.020200000E+01 7.408240000E-01 4.972307001E+01
2.499120000E-02 9.966200000E+00 7.830030000E-01 4.960946253E+01
2.502320000E-02 9.819300000E+00 8.190600000E-01 4.954602129E+01
2.505600000E-02 9.658000000E+00 8.687620000E-01 4.948116220E+01
2.508360000E-02 9.514500000E+00 9.228230000E-01 4.942671706E+01
2.512020000E-02 9.313700000E+00 1.016110000E+00 4.935470259E+01
2.516500000E-02 9.058800000E+00 1.168550000E+00 4.926683886E+01
2.519580000E-02 8.881400000E+00 1.302120000E+00 4.920661380E+01
2.523070000E-02 8.683600000E+00 1.484650000E+00 4.913854947E+01
2.528770000E-02 8.388400000E+00 1.854590000E+00 4.902778821E+01
2.534260000E-02 8.161600000E+00 2.291100000E+00 4.892157869E+01
2.540480000E-02 8.005600000E+00 2.858960000E+00 4.880180123E+01
2.552020000E-02 8.081200000E+00 3.972700000E+00 4.858112397E+01
2.555890000E-02 8.205000000E+00 4.321810000E+00 4.850756488E+01
2.556740000E-02 8.235800000E+00 4.396930000E+00 4.849143832E+01
2.559760000E-02 8.371200000E+00 4.642530000E+00 4.843422821E+01
2.566290000E-02 8.729400000E+00 5.093100000E+00 4.831098590E+01
2.569550000E-02 8.929100000E+00 5.272530000E+00 4.824969353E+01
2.577740000E-02 9.447300000E+00 5.604380000E+00 4.809639452E+01
2.589070000E-02 1.011060000E+01 5.815780000E+00 4.788592043E+01
2.605720000E-02 1.085300000E+01 5.850570000E+00 4.757993952E+01
2.631930000E-02 1.158260000E+01 5.743140000E+00 4.710611604E+01
2.677910000E-02 1.230820000E+01 5.531130000E+00 4.629729901E+01
2.700460000E-02 1.253870000E+01 5.435880000E+00 4.591069670E+01
2.715650000E-02 1.265510000E+01 5.370060000E+00 4.565389502E+01
2.722700000E-02 1.270610000E+01 5.339520000E+00 4.553568149E+01
2.727110000E-02 1.272750000E+01 5.322690000E+00 4.546204590E+01
2.739550000E-02 1.278460000E+01 5.275190000E+00 4.525560767E+01
2.743880000E-02 1.280390000E+01 5.258940000E+00 4.518419173E+01
2.753400000E-02 1.284060000E+01 5.223160000E+00 4.502796542E+01
2.762020000E-02 1.287390000E+01 5.190770000E+00 4.488743746E+01
2.767580000E-02 1.288700000E+01 5.170360000E+00 4.479725970E+01
2.774740000E-02 1.289450000E+01 5.145610000E+00 4.468166387E+01
2.787080000E-02 1.290140000E+01 5.102990000E+00 4.448383254E+01
2.800640000E-02 1.288860000E+01 5.056660000E+00 4.426845293E+01
2.809520000E-02 1.285780000E+01 5.028510000E+00 4.412853441E+01
2.817720000E-02 1.281770000E+01 5.003440000E+00 4.400011357E+01
2.842450000E-02 1.258600000E+01 4.961440000E+00 4.361730198E+01
2.861370000E-02 1.223570000E+01 5.086080000E+00 4.332889490E+01
2.889730000E-02 1.179480000E+01 5.918790000E+00 4.290366228E+01
2.942810000E-02 1.311840000E+01 7.342940000E+00 4.212980111E+01
3.073830000E-02 1.503330000E+01 6.848810000E+00 4.033404580E+01
3.252280000E-02 1.601660000E+01 6.220720000E+00 3.812094900E+01
3.502370000E-02 1.665740000E+01 5.602410000E+00 3.539888704E+01
3.901720000E-02 1.706210000E+01 5.016000000E+00 3.177572968E+01
4.365160000E-02 1.719130000E+01 4.723130000E+00 2.840216624E+01
4.496570000E-02 1.720090000E+01 4.691840000E+00 2.757212720E+01
5.069910000E-02 1.725600000E+01 4.782380000E+00 2.445408301E+01
8.000000000E-02 1.826870000E+01 6.133340000E+00 1.549750000E+01
8.830960000E-02 1.861990000E+01 6.438930000E+00 1.403924375E+01
9.259080000E-02 1.879970000E+01 6.565750000E+00 1.339009923E+01
9.667580000E-02 1.895730000E+01 6.690410000E+00 1.282430557E+01
9.948340000E-02 1.906740000E+01 6.771780000E+00 1.246238066E+01
9.978460000E-02 1.907800000E+01 6.778580000E+00 1.242476294E+01
1.003780000E-01 1.909910000E+01 6.791970000E+00 1.235131204E+01
1.026040000E-01 1.917510000E+01 6.840990000E+00 1.208334958E+01
1.045610000E-01 1.923680000E+01 6.877450000E+00 1.185719341E+01
1.063360000E-01 1.929130000E+01 6.911170000E+00 1.165926873E+01
1.087030000E-01 1.935490000E+01 6.956770000E+00 1.140538900E+01
1.108040000E-01 1.940350000E+01 6.993360000E+00 1.118912675E+01
1.125390000E-01 1.943150000E+01 7.018270000E+00 1.101662535E+01
1.133000000E-01 1.944400000E+01 7.029440000E+00 1.094263019E+01
1.146650000E-01 1.946210000E+01 7.049640000E+00 1.081236646E+01
1.158350000E-01 1.946840000E+01 7.067050000E+00 1.070315535E+01
1.175740000E-01 1.946770000E+01 7.082460000E+00 1.054484835E+01
1.187630000E-01 1.945130000E+01 7.092160000E+00 1.043927823E+01
1.196400000E-01 1.943840000E+01 7.099410000E+00 1.036275493E+01
1.202260000E-01 1.942970000E+01 7.104260000E+00 1.031224527E+01
1.205170000E-01 1.942550000E+01 7.106710000E+00 1.028734535E+01
1.211010000E-01 1.941460000E+01 7.111620000E+00 1.023773544E+01
1.213940000E-01 1.940560000E+01 7.114080000E+00 1.021302536E+01
1.216860000E-01 1.939330000E+01 7.116520000E+00 1.018851799E+01
1.219780000E-01 1.938070000E+01 7.118700000E+00 1.016412796E+01
1.222710000E-01 1.936820000E+01 7.120880000E+00 1.013977149E+01
1.225630000E-01 1.935550000E+01 7.122940000E+00 1.011561401E+01
1.228550000E-01 1.934270000E+01 7.124670000E+00 1.009157136E+01
1.232200000E-01 1.932670000E+01 7.126870000E+00 1.006167830E+01
1.233960000E-01 1.931770000E+01 7.127940000E+00 1.004732730E+01
1.236270000E-01 1.930400000E+01 7.129360000E+00 1.002855363E+01
1.240030000E-01 1.928150000E+01 7.131650000E+00 9.998145206E+00
1.242360000E-01 1.926770000E+01 7.133070000E+00 9.979394056E+00
1.243420000E-01 1.926130000E+01 7.133730000E+00 9.970886748E+00
1.245890000E-01 1.924270000E+01 7.135230000E+00 9.951119280E+00
1.249140000E-01 1.921830000E+01 7.137220000E+00 9.925228557E+00
1.250990000E-01 1.920430000E+01 7.138150000E+00 9.910550844E+00
1.252840000E-01 1.918960000E+01 7.138950000E+00 9.895916478E+00
1.254770000E-01 1.917130000E+01 7.139820000E+00 9.880695267E+00
1.256730000E-01 1.915110000E+01 7.140690000E+00 9.865285304E+00
1.257870000E-01 1.913880000E+01 7.141120000E+00 9.856344455E+00
1.259540000E-01 1.912040000E+01 7.141740000E+00 9.843276117E+00
1.261140000E-01 1.910180000E+01 7.142350000E+00 9.830788017E+00
1.262690000E-01 1.908310000E+01 7.142950000E+00 9.818720351E+00
1.263700000E-01 1.907030000E+01 7.143340000E+00 9.810872834E+00
1.264180000E-01 1.906420000E+01 7.143530000E+00 9.807147716E+00
1.264430000E-01 1.906100000E+01 7.143630000E+00 9.805208671E+00
1.267440000E-01 1.902020000E+01 7.144890000E+00 9.781922616E+00
1.267820000E-01 1.901460000E+01 7.145070000E+00 9.778990708E+00
1.270980000E-01 1.896660000E+01 7.146720000E+00 9.754677493E+00
1.271790000E-01 1.895340000E+01 7.147240000E+00 9.748464762E+00
1.273610000E-01 1.892210000E+01 7.148580000E+00 9.734534120E+00
1.275810000E-01 1.887950000E+01 7.150840000E+00 9.717747941E+00
1.278290000E-01 1.882560000E+01 7.154880000E+00 9.698894617E+00
1.280470000E-01 1.877330000E+01 7.160530000E+00 9.682382250E+00
1.282840000E-01 1.871000000E+01 7.170190000E+00 9.664494403E+00
1.285440000E-01 1.863360000E+01 7.186990000E+00 9.644946477E+00
1.288380000E-01 1.853540000E+01 7.217150000E+00 9.622937332E+00
1.289700000E-01 1.848860000E+01 7.235790000E+00 9.613088315E+00
1.291210000E-01 1.843420000E+01 7.261430000E+00 9.601846330E+00
1.294700000E-01 1.830590000E+01 7.342010000E+00 9.575963544E+00
1.297160000E-01 1.821820000E+01 7.417770000E+00 9.557803201E+00
1.299850000E-01 1.812880000E+01 7.518660000E+00 9.538023618E+00
1.302360000E-01 1.805690000E+01 7.626640000E+00 9.519641267E+00
1.306680000E-01 1.797110000E+01 7.834080000E+00 9.488168488E+00
1.311220000E-01 1.793240000E+01 8.058810000E+00 9.455316423E+00
1.315500000E-01 1.793720000E+01 8.253750000E+00 9.424553402E+00
1.320920000E-01 1.797250000E+01 8.458710000E+00 9.385882567E+00
1.323890000E-01 1.799190000E+01 8.552490000E+00 9.364826383E+00
1.330590000E-01 1.800880000E+01 8.741360000E+00 9.317671108E+00
1.333750000E-01 1.800160000E+01 8.833270000E+00 9.295595127E+00
1.336430000E-01 1.798940000E+01 8.918100000E+00 9.276954274E+00
1.340000000E-01 1.797290000E+01 9.048950000E+00 9.252238806E+00
1.343780000E-01 1.796100000E+01 9.206020000E+00 9.226212624E+00
1.349250000E-01 1.797840000E+01 9.469760000E+00 9.188808597E+00
1.357040000E-01 1.809750000E+01 9.858680000E+00 9.136060838E+00
1.366190000E-01 1.836070000E+01 1.024620000E+01 9.074872456E+00
1.378230000E-01 1.875530000E+01 1.060670000E+01 8.995595800E+00
1.383180000E-01 1.891470000E+01 1.072690000E+01 8.963403172E+00
1.411000000E-01 1.983500000E+01 1.124380000E+01 8.786676116E+00
1.438500000E-01 2.078230000E+01 1.146250000E+01 8.618700035E+00
1.472000000E-01 2.183300000E+01 1.138190000E+01 8.422554348E+00
1.535000000E-01 2.319170000E+01 1.070260000E+01 8.076872964E+00
1.688500000E-01 2.437070000E+01 8.999340000E+00 7.342611786E+00
1.833750000E-01 2.445610000E+01 8.065300000E+00 6.761008862E+00
2.021270000E-01 2.420900000E+01 7.574410000E+00 6.133767384E+00
2.317200000E-01 2.361740000E+01 7.539330000E+00 5.350422924E+00
2.340140000E-01 2.348590000E+01 7.551860000E+00 5.297973626E+00
2.370900000E-01 2.316760000E+01 7.659290000E+00 5.229237842E+00
2.387120000E-01 2.297300000E+01 7.889900000E+00 5.193706223E+00
2.432120000E-01 2.323490000E+01 8.666350000E+00 5.097610315E+00
2.595210000E-01 2.390000000E+01 8.897710000E+00 4.777262726E+00
2.655790000E-01 2.390350000E+01 9.174230000E+00 4.668290791E+00
3.185000000E-01 2.529780000E+01 9.826800000E+00 3.892621664E+00
3.246650000E-01 2.524210000E+01 9.927430000E+00 3.818705435E+00
3.296470000E-01 2.528670000E+01 1.029200000E+01 3.760992820E+00
3.862650000E-01 2.722100000E+01 1.066190000E+01 3.209713539E+00
5.088180000E-01 2.942980000E+01 1.031820000E+01 2.436627635E+00
6.744570000E-01 3.024540000E+01 9.224100000E+00 1.838219486E+00
8.191420000E-01 2.870200000E+01 8.195000000E+00 1.513534894E+00
9.028980000E-01 2.619320000E+01 7.638610000E+00 1.373134064E+00
9.529330000E-01 2.321830000E+01 7.326200000E+00 1.301035855E+00
9.805150000E-01 2.055870000E+01 7.159630000E+00 1.264437566E+00
9.998580000E-01 1.754400000E+01 7.045780000E+00 1.239976077E+00
1.005870000E+00 1.617610000E+01 7.017220000E+00 1.232564844E+00
1.010870000E+00 1.470650000E+01 7.032970000E+00 1.226468290E+00
1.013420000E+00 1.380620000E+01 7.092000000E+00 1.223382211E+00
1.015990000E+00 1.276520000E+01 7.232580000E+00 1.220287601E+00
1.018600000E+00 1.154600000E+01 7.520580000E+00 1.217160809E+00
1.026260000E+00 7.380800000E+00 9.973850000E+00 1.208075926E+00
1.028660000E+00 6.201000000E+00 1.140370000E+01 1.205257325E+00
1.031320000E+00 5.187000000E+00 1.332060000E+01 1.202148703E+00
1.032620000E+00 4.874700000E+00 1.435020000E+01 1.200635277E+00
1.034260000E+00 4.721500000E+00 1.569280000E+01 1.198731460E+00
1.036570000E+00 4.525200000E+00 1.759260000E+01 1.196060083E+00
1.038760000E+00 4.780900000E+00 1.929350000E+01 1.193538450E+00
1.041860000E+00 5.514600000E+00 2.141840000E+01 1.189987138E+00
1.043830000E+00 6.132100000E+00 2.253250000E+01 1.187741299E+00
1.046330000E+00 6.957300000E+00 2.371460000E+01 1.184903424E+00
1.053310000E+00 8.978700000E+00 2.619120000E+01 1.177051390E+00
1.057960000E+00 1.019120000E+01 2.769560000E+01 1.171877954E+00
1.061770000E+00 1.127230000E+01 2.889670000E+01 1.167672848E+00
1.069570000E+00 1.406750000E+01 3.078340000E+01 1.159157418E+00
1.071520000E+00 1.479060000E+01 3.106380000E+01 1.157047932E+00
1.074060000E+00 1.567190000E+01 3.133140000E+01 1.154311677E+00
1.075890000E+00 1.629150000E+01 3.146110000E+01 1.152348288E+00
1.080900000E+00 1.787200000E+01 3.162470000E+01 1.147007124E+00
1.095000000E+00 2.102790000E+01 3.160450000E+01 1.132237443E+00
1.126570000E+00 2.550160000E+01 3.146750000E+01 1.100508624E+00
1.182210000E+00 3.066540000E+01 3.083200000E+01 1.048713849E+00
1.261380000E+00 3.546440000E+01 2.940610000E+01 9.828917535E-01
1.311340000E+00 3.676700000E+01 2.796170000E+01 9.454451172E-01
1.327450000E+00 3.641730000E+01 2.767980000E+01 9.339711477E-01
1.347510000E+00 3.594260000E+01 2.906260000E+01 9.200673835E-01
1.386550000E+00 3.941290000E+01 2.996340000E+01 8.941617684E-01
1.431080000E+00 4.119850000E+01 2.881350000E+01 8.663387092E-01
1.466840000E+00 4.181650000E+01 2.902870000E+01 8.452182924E-01
1.513670000E+00 4.423770000E+01 2.850440000E+01 8.190688856E-01
1.585420000E+00 4.612600000E+01 2.694300000E+01 7.820009840E-01
1.631130000E+00 4.669550000E+01 2.677740000E+01 7.600865658E-01
1.686030000E+00 4.856830000E+01 2.608200000E+01 7.353368564E-01
1.791120000E+00 5.064920000E+01 2.417990000E+01 6.921925946E-01
1.927180000E+00 5.244299000E+01 2.200360000E+01 6.433234052E-01
2.084910000E+00 5.385263000E+01 1.983900000E+01 5.946539659E-01
2.290870000E+00 5.505053000E+01 1.747340000E+01 5.411917743E-01
2.509180000E+00 5.581660000E+01 1.538440000E+01 4.941056441E-01
2.821930000E+00 5.639652000E+01 1.302500000E+01 4.393447038E-01
3.150000000E+00 5.664883000E+01 1.110170000E+01 3.935873016E-01
3.662270000E+00 5.658913000E+01 8.877070000E+00 3.385332048E-01
4.235700000E+00 5.619551000E+01 7.121120000E+00 2.927025049E-01
4.892870000E+00 5.541841000E+01 5.699680000E+00 2.533891152E-01
5.454630000E+00 5.438422000E+01 4.805830000E+00 2.272931436E-01
5.838600000E+00 5.324658000E+01 4.315650000E+00 2.123454253E-01
6.084350000E+00 5.205827000E+01 4.041380000E+00 2.037686852E-01
6.240270000E+00 5.078100000E+01 3.881490000E+00 1.986773008E-01
6.309570000E+00 4.978210000E+01 3.839180000E+00 1.964951653E-01
6.344590000E+00 4.900720000E+01 3.931080000E+00 1.954105781E-01
6.369730000E+00 4.830640000E+01 4.177110000E+00 1.946393332E-01
6.392870000E+00 4.760930000E+01 4.642500000E+00 1.939348055E-01
6.425260000E+00 4.680900000E+01 5.761990000E+00 1.929571722E-01
6.467250000E+00 4.664790000E+01 7.683090000E+00 1.917043566E-01
6.501310000E+00 4.730200000E+01 8.993850000E+00 1.907000281E-01
6.542880000E+00 4.845800000E+01 9.822290000E+00 1.894884210E-01
6.606740000E+00 4.978560000E+01 1.001200000E+01 1.876568474E-01
6.698270000E+00 5.072430000E+01 9.829670000E+00 1.850925687E-01
6.821520000E+00 5.114813000E+01 9.550750000E+00 1.817483493E-01
6.915850000E+00 5.081620000E+01 9.473090000E+00 1.792693595E-01
6.973250000E+00 5.031610000E+01 9.940390000E+00 1.777937117E-01
7.029410000E+00 5.025790000E+01 1.097410000E+01 1.763732660E-01
7.089650000E+00 5.102301000E+01 1.186900000E+01 1.748746412E-01
7.180920000E+00 5.223783000E+01 1.202560000E+01 1.726519722E-01
7.274920000E+00 5.272270000E+01 1.184010000E+01 1.704211180E-01
7.370070000E+00 5.282166000E+01 1.216280000E+01 1.682209260E-01
7.442010000E+00 5.334399000E+01 1.273010000E+01 1.665947775E-01
7.561970000E+00 5.463453000E+01 1.281070000E+01 1.639519861E-01
7.720240000E+00 5.566511000E+01 1.242010000E+01 1.605908625E-01
7.966890000E+00 5.672405000E+01 1.183840000E+01 1.556190684E-01
8.277280000E+00 5.766592000E+01 1.115980000E+01 1.497835038E-01
8.586980000E+00 5.833929000E+01 1.053350000E+01 1.443813774E-01
8.925240000E+00 5.890268000E+01 9.913300000E+00 1.389094299E-01
9.292960000E+00 5.937263000E+01 9.292920000E+00 1.334128200E-01
9.625810000E+00 5.969399000E+01 8.784240000E+00 1.287995504E-01
1.007290000E+01 6.003473300E+01 8.163070000E+00 1.230827269E-01
1.049110000E+01 6.026857200E+01 7.640080000E+00 1.181763590E-01
1.087150000E+01 6.043108700E+01 7.208150000E+00 1.140413006E-01
1.124040000E+01 6.055593600E+01 6.826360000E+00 1.102985659E-01
1.163320000E+01 6.065826200E+01 6.454440000E+00 1.065742874E-01
1.203870000E+01 6.074171900E+01 6.103560000E+00 1.029845415E-01
1.244520000E+01 6.080901800E+01 5.779680000E+00 9.962073731E-02
1.280530000E+01 6.085312700E+01 5.510600000E+00 9.681928576E-02
1.319030000E+01 6.088569000E+01 5.244970000E+00 9.399331327E-02
1.355360000E+01 6.090825970E+01 5.012450000E+00 9.147385197E-02
1.371170000E+01 6.091649700E+01 4.915080000E+00 9.041913111E-02
1.404680000E+01 6.092686350E+01 4.719890000E+00 8.826209528E-02
1.435190000E+01 6.093241790E+01 4.552000000E+00 8.638577471E-02
1.473610000E+01 6.093468120E+01 4.353950000E+00 8.413352244E-02
1.539540000E+01 6.092865750E+01 4.044710000E+00 8.053054809E-02
1.583750000E+01 6.092018700E+01 3.855170000E+00 7.828255722E-02
1.641150000E+01 6.090259820E+01 3.627840000E+00 7.554458764E-02
1.707620000E+01 6.087376300E+01 3.389000000E+00 7.260397512E-02
1.809580000E+01 6.081908800E+01 3.067310000E+00 6.851313564E-02
2.067590000E+01 6.066535500E+01 2.435780000E+00 5.996353242E-02
2.355640000E+01 6.047663000E+01 1.939340000E+00 5.263113209E-02
2.679430000E+01 6.026946200E+01 1.545280000E+00 4.627103526E-02
3.044860000E+01 6.003574900E+01 1.231090000E+00 4.071779983E-02
3.456260000E+01 5.974560000E+01 9.811210000E-01 3.587114395E-02
3.819680000E+01 5.941413000E+01 8.192650000E-01 3.245821640E-02
4.062080000E+01 5.908953000E+01 7.331690000E-01 3.052130928E-02
4.226380000E+01 5.874722000E+01 6.821670000E-01 2.933479716E-02
4.333970000E+01 5.837759000E+01 6.514940000E-01 2.860656627E-02
4.399680000E+01 5.800275000E+01 6.355030000E-01 2.817932213E-02
4.431480000E+01 5.769978000E+01 6.478800000E-01 2.797710923E-02
4.449020000E+01 5.746736000E+01 6.946300000E-01 2.786681112E-02
4.462460000E+01 5.725560000E+01 7.777180000E-01 2.778288209E-02
4.474970000E+01 5.704416000E+01 9.120940000E-01 2.770521367E-02
4.487700000E+01 5.683696000E+01 1.119050000E+00 2.762662388E-02
4.502740000E+01 5.664587000E+01 1.455330000E+00 2.753434575E-02
4.528170000E+01 5.657888000E+01 2.156610000E+00 2.737971410E-02
4.550330000E+01 5.681174000E+01 2.711560000E+00 2.724637554E-02
4.569800000E+01 5.714793000E+01 3.039020000E+00 2.713029017E-02
4.597490000E+01 5.763126000E+01 3.243150000E+00 2.696688845E-02
4.636250000E+01 5.811741000E+01 3.271330000E+00 2.674143974E-02
4.685160000E+01 5.850211000E+01 3.226110000E+00 2.646227664E-02
4.761670000E+01 5.889761000E+01 3.143560000E+00 2.603708363E-02
4.870550000E+01 5.926202000E+01 3.033770000E+00 2.545503075E-02
4.987820000E+01 5.954063000E+01 2.921360000E+00 2.485655056E-02
5.128610000E+01 5.979441000E+01 2.790860000E+00 2.417419145E-02
5.288860000E+01 5.999981000E+01 2.651530000E+00 2.344172468E-02
5.459250000E+01 6.016885000E+01 2.516050000E+00 2.271007922E-02
5.673240000E+01 6.032567300E+01 2.363690000E+00 2.185347350E-02
5.877320000E+01 6.044454700E+01 2.230570000E+00 2.109464858E-02
6.150970000E+01 6.056315800E+01 2.070130000E+00 2.015617049E-02
6.414870000E+01 6.064821200E+01 1.928500000E+00 1.932696999E-02
6.725930000E+01 6.072092100E+01 1.780660000E+00 1.843313861E-02
7.018700000E+01 6.077246700E+01 1.654890000E+00 1.766423982E-02
7.390060000E+01 6.081647400E+01 1.514250000E+00 1.677658909E-02
7.790270000E+01 6.084705900E+01 1.382910000E+00 1.591472439E-02
8.135680000E+01 6.086443600E+01 1.282990000E+00 1.523904578E-02
8.650910000E+01 6.087968200E+01 1.153380000E+00 1.433144028E-02
9.110200000E+01 6.088462600E+01 1.052550000E+00 1.360892187E-02
9.688880000E+01 6.088329500E+01 9.443520000E-01 1.279611266E-02
1.066660000E+02 6.087173700E+01 7.968750000E-01 1.162319764E-02
1.206440000E+02 6.084460700E+01 6.387480000E-01 1.027651603E-02
1.364400000E+02 6.081023900E+01 5.120730000E-01 9.086778071E-03
1.547690000E+02 6.077307500E+01 4.080700000E-01 8.010648127E-03
1.753360000E+02 6.073707300E+01 3.260310000E-01 7.070995118E-03
1.981080000E+02 6.070378900E+01 2.617860000E-01 6.258202597E-03
2.228650000E+02 6.067425500E+01 2.121620000E-01 5.563008996E-03
2.525750000E+02 6.064651100E+01 1.700560000E-01 4.908640998E-03
2.869540000E+02 6.062165600E+01 1.363030000E-01 4.320553120E-03
3.268700000E+02 6.060009700E+01 1.093210000E-01 3.792945208E-03
3.720030000E+02 6.058203600E+01 8.839510000E-02 3.332768822E-03
4.235700000E+02 6.056690000E+01 7.187940000E-02 2.927025049E-03
4.860920000E+02 6.055380000E+01 5.825850000E-02 2.550545987E-03
5.607250000E+02 6.054291900E+01 4.742510000E-02 2.211066031E-03
6.458870000E+02 6.053445700E+01 3.915580000E-02 1.919530816E-03
7.504310000E+02 6.052754900E+01 3.244100000E-02 1.652117250E-03
8.785170000E+02 6.052218900E+01 2.702020000E-02 1.411241900E-03
1.022000000E+03 6.051847200E+01 2.297230000E-02 1.213111546E-03
1.228710000E+03 6.051543500E+01 1.875320000E-02 1.009025726E-03
1.477240000E+03 6.051325200E+01 1.530900000E-02 8.392678238E-04
1.776030000E+03 6.051169500E+01 1.249730000E-02 6.980737938E-04
2.135260000E+03 6.051057500E+01 1.020210000E-02 5.806318668E-04
2.567150000E+03 6.050970700E+01 8.328350000E-03 4.829480163E-04
3.086390000E+03 6.050905200E+01 6.798760000E-03 4.016990724E-04
3.713380000E+03 6.050859700E+01 5.545830000E-03 3.338737215E-04
4.461190000E+03 6.050828500E+01 4.530760000E-03 2.779079125E-04
5.363530000E+03 6.050806800E+01 3.698640000E-03 2.311537364E-04
6.448380000E+03 6.050791800E+01 3.019350000E-03 1.922653442E-04
7.752660000E+03 6.050781400E+01 2.464810000E-03 1.599193051E-04
9.320750000E+03 6.050774200E+01 2.012120000E-03 1.330150471E-04
1.000000000E+04 6.050772100E+01 1.865310000E-03 1.239800000E-04
