# Data retrieved from https://www-nds.iaea.org/epdl97/za1to100.htm 03/01/2021
# Element, Pr  (Z = 59) 
# Atomic weight, g mol-1 = 140.91 
# Nominal density, g cm-3 =  6.71000E+0 
# Relativistic correction estimate f_rel(5CL)*,  e atom-1 =  0 
# Nuclear Thomson correction f_NT*, e atom-1 =  0 
#    E [keV]      f1 [e atom-1]      f2 [e atom-1]    Wavelength [nm] 
1.000000000E-03 1.709030000E+01 0.000000000E+00 1.239800000E+03
1.124440000E-03 1.708870000E+01 0.000000000E+00 1.102593291E+03
1.233330000E-03 1.708740000E+01 0.000000000E+00 1.005245960E+03
1.328610000E-03 1.708610000E+01 0.000000000E+00 9.331557041E+02
1.495340000E-03 1.708400000E+01 0.000000000E+00 8.291090989E+02
1.620390000E-03 1.708250000E+01 0.000000000E+00 7.651244453E+02
1.714180000E-03 1.708130000E+01 0.000000000E+00 7.232612678E+02
1.854860000E-03 1.707950000E+01 0.000000000E+00 6.684062409E+02
1.995540000E-03 1.707770000E+01 0.000000000E+00 6.212854666E+02
2.000450000E-03 1.707760000E+01 0.000000000E+00 6.197605539E+02
2.005370000E-03 1.707750000E+01 0.000000000E+00 6.182400255E+02
2.010280000E-03 1.707730000E+01 0.000000000E+00 6.167300078E+02
2.015190000E-03 1.707720000E+01 0.000000000E+00 6.152273483E+02
2.020100000E-03 1.707700000E+01 0.000000000E+00 6.137319935E+02
2.025010000E-03 1.707680000E+01 0.000000000E+00 6.122438902E+02
2.029920000E-03 1.707670000E+01 0.000000000E+00 6.107629857E+02
2.034840000E-03 1.707650000E+01 0.000000000E+00 6.092862338E+02
2.039750000E-03 1.707640000E+01 0.000000000E+00 6.078195857E+02
2.044660000E-03 1.707620000E+01 0.000000000E+00 6.063599816E+02
2.049570000E-03 1.707600000E+01 0.000000000E+00 6.049073708E+02
2.054480000E-03 1.707590000E+01 0.000000000E+00 6.034617032E+02
2.059400000E-03 1.707570000E+01 0.000000000E+00 6.020200058E+02
2.069220000E-03 1.707540000E+01 0.000000000E+00 5.991629696E+02
2.074130000E-03 1.707520000E+01 0.000000000E+00 5.977445965E+02
2.079040000E-03 1.707510000E+01 0.000000000E+00 5.963329229E+02
2.083950000E-03 1.707490000E+01 0.000000000E+00 5.949279013E+02
2.088870000E-03 1.707470000E+01 0.000000000E+00 5.935266436E+02
2.093780000E-03 1.707460000E+01 0.000000000E+00 5.921347993E+02
2.124470000E-03 1.707360000E+01 0.000000000E+00 5.835808460E+02
2.129700000E-03 1.707340000E+01 0.000000000E+00 5.821477203E+02
2.134930000E-03 1.707320000E+01 0.000000000E+00 5.807216162E+02
2.140160000E-03 1.707310000E+01 0.000000000E+00 5.793024821E+02
2.145390000E-03 1.707290000E+01 0.000000000E+00 5.778902670E+02
2.150610000E-03 1.707270000E+01 0.000000000E+00 5.764876012E+02
2.155840000E-03 1.707250000E+01 0.000000000E+00 5.750890604E+02
2.161070000E-03 1.707240000E+01 0.000000000E+00 5.736972888E+02
2.166300000E-03 1.707220000E+01 0.000000000E+00 5.723122375E+02
2.171530000E-03 1.707200000E+01 0.000000000E+00 5.709338577E+02
2.176760000E-03 1.707190000E+01 0.000000000E+00 5.695621015E+02
2.181990000E-03 1.707170000E+01 0.000000000E+00 5.681969212E+02
2.187220000E-03 1.707150000E+01 0.000000000E+00 5.668382696E+02
2.192450000E-03 1.707130000E+01 0.000000000E+00 5.654861000E+02
2.202910000E-03 1.707100000E+01 0.000000000E+00 5.628010223E+02
2.208130000E-03 1.707080000E+01 0.000000000E+00 5.614705656E+02
2.213360000E-03 1.707070000E+01 0.000000000E+00 5.601438537E+02
2.218590000E-03 1.707050000E+01 0.000000000E+00 5.588233968E+02
2.223820000E-03 1.707030000E+01 0.000000000E+00 5.575091509E+02
2.229050000E-03 1.707010000E+01 0.000000000E+00 5.562010722E+02
2.309930000E-03 1.706750000E+01 0.000000000E+00 5.367262211E+02
2.380710000E-03 1.706520000E+01 0.000000000E+00 5.207690143E+02
2.442630000E-03 1.706310000E+01 0.000000000E+00 5.075676627E+02
2.496820000E-03 1.706140000E+01 0.000000000E+00 4.965516137E+02
2.591640000E-03 1.705830000E+01 0.000000000E+00 4.783843435E+02
2.662760000E-03 1.705590000E+01 0.000000000E+00 4.656071144E+02
2.716100000E-03 1.705420000E+01 0.000000000E+00 4.564633114E+02
2.756110000E-03 1.705290000E+01 0.000000000E+00 4.498369078E+02
2.786110000E-03 1.705190000E+01 0.000000000E+00 4.449931984E+02
2.831110000E-03 1.705040000E+01 0.000000000E+00 4.379201091E+02
2.876120000E-03 1.704890000E+01 0.000000000E+00 4.310668540E+02
2.883200000E-03 1.704870000E+01 0.000000000E+00 4.300083241E+02
2.890280000E-03 1.704850000E+01 0.000000000E+00 4.289549801E+02
2.897360000E-03 1.704820000E+01 0.000000000E+00 4.279067841E+02
2.904430000E-03 1.704800000E+01 0.000000000E+00 4.268651680E+02
2.911510000E-03 1.704780000E+01 0.000000000E+00 4.258271481E+02
2.918590000E-03 1.704750000E+01 0.000000000E+00 4.247941643E+02
2.925670000E-03 1.704730000E+01 0.000000000E+00 4.237661801E+02
2.932750000E-03 1.704710000E+01 0.000000000E+00 4.227431592E+02
2.939830000E-03 1.704680000E+01 0.000000000E+00 4.217250657E+02
2.946910000E-03 1.704660000E+01 0.000000000E+00 4.207118643E+02
2.953990000E-03 1.704640000E+01 0.000000000E+00 4.197035196E+02
2.961070000E-03 1.704610000E+01 0.000000000E+00 4.186999970E+02
2.968150000E-03 1.704590000E+01 0.000000000E+00 4.177012617E+02
2.982310000E-03 1.704550000E+01 0.000000000E+00 4.157180172E+02
2.989390000E-03 1.704520000E+01 0.000000000E+00 4.147334406E+02
2.990760000E-03 1.704520000E+01 0.000000000E+00 4.145434605E+02
2.998120000E-03 1.704490000E+01 0.000000000E+00 4.135258095E+02
3.005480000E-03 1.704470000E+01 0.000000000E+00 4.125131427E+02
3.012840000E-03 1.704450000E+01 0.000000000E+00 4.115054235E+02
3.020200000E-03 1.704420000E+01 0.000000000E+00 4.105026157E+02
3.027560000E-03 1.704400000E+01 0.000000000E+00 4.095046836E+02
3.034920000E-03 1.704370000E+01 0.000000000E+00 4.085115917E+02
3.042290000E-03 1.704350000E+01 0.000000000E+00 4.075219654E+02
3.049650000E-03 1.704320000E+01 0.000000000E+00 4.065384552E+02
3.057010000E-03 1.704300000E+01 0.000000000E+00 4.055596809E+02
3.064370000E-03 1.704280000E+01 0.000000000E+00 4.045856081E+02
3.071730000E-03 1.704250000E+01 0.000000000E+00 4.036162032E+02
3.073570000E-03 1.704250000E+01 0.000000000E+00 4.033745774E+02
3.076330000E-03 1.704240000E+01 0.000000000E+00 4.030126807E+02
3.080180000E-03 1.704220000E+01 0.000000000E+00 4.025089443E+02
3.082090000E-03 1.704220000E+01 0.000000000E+00 4.022595057E+02
3.083510000E-03 1.704210000E+01 0.000000000E+00 4.020742595E+02
3.085660000E-03 1.704210000E+01 0.000000000E+00 4.017941056E+02
3.086730000E-03 1.704200000E+01 0.000000000E+00 4.016548257E+02
3.087800000E-03 1.704200000E+01 0.000000000E+00 4.015156422E+02
3.094490000E-03 1.704180000E+01 0.000000000E+00 4.006476027E+02
3.097830000E-03 1.704170000E+01 0.000000000E+00 4.002156348E+02
3.099500000E-03 1.704160000E+01 0.000000000E+00 4.000000000E+02
3.101180000E-03 1.704160000E+01 0.000000000E+00 3.997833083E+02
3.103000000E-03 1.704150000E+01 0.000000000E+00 3.995488237E+02
3.108540000E-03 1.704130000E+01 0.000000000E+00 3.988367529E+02
3.110600000E-03 1.704120000E+01 0.000000000E+00 3.985726226E+02
3.115900000E-03 1.704110000E+01 0.000000000E+00 3.978946693E+02
3.118200000E-03 1.704100000E+01 0.000000000E+00 3.976011802E+02
3.122000000E-03 1.704090000E+01 0.000000000E+00 3.971172325E+02
3.125800000E-03 1.704070000E+01 0.000000000E+00 3.966344616E+02
3.128850000E-03 1.704060000E+01 0.000000000E+00 3.962478227E+02
3.133410000E-03 1.704050000E+01 0.000000000E+00 3.956711697E+02
3.137980000E-03 1.704030000E+01 0.000000000E+00 3.950949337E+02
3.140640000E-03 1.704030000E+01 0.000000000E+00 3.947603036E+02
3.144620000E-03 1.704010000E+01 0.000000000E+00 3.942606738E+02
3.146610000E-03 1.704010000E+01 0.000000000E+00 3.940113328E+02
3.148600000E-03 1.704000000E+01 0.000000000E+00 3.937623071E+02
3.154300000E-03 1.703980000E+01 0.000000000E+00 3.930507561E+02
3.155250000E-03 1.703980000E+01 0.000000000E+00 3.929324142E+02
3.156670000E-03 1.703970000E+01 0.000000000E+00 3.927556571E+02
3.157570000E-03 1.703970000E+01 0.000000000E+00 3.926437102E+02
3.160680000E-03 1.703960000E+01 0.000000000E+00 3.922573623E+02
3.162240000E-03 1.703960000E+01 0.000000000E+00 3.920638535E+02
3.163020000E-03 1.703950000E+01 0.000000000E+00 3.919671706E+02
3.163800000E-03 1.703950000E+01 0.000000000E+00 3.918705354E+02
3.171400000E-03 1.703930000E+01 0.000000000E+00 3.909314498E+02
3.173300000E-03 1.703920000E+01 0.000000000E+00 3.906973813E+02
3.179000000E-03 1.703900000E+01 0.000000000E+00 3.899968544E+02
3.182800000E-03 1.703890000E+01 0.000000000E+00 3.895312304E+02
3.186600000E-03 1.703880000E+01 0.000000000E+00 3.890667169E+02
3.190400000E-03 1.703860000E+01 0.000000000E+00 3.886033099E+02
3.194200000E-03 1.703850000E+01 0.000000000E+00 3.881410056E+02
3.201800000E-03 1.703830000E+01 0.000000000E+00 3.872196889E+02
3.209400000E-03 1.703800000E+01 0.000000000E+00 3.863027357E+02
3.217000000E-03 1.703780000E+01 0.000000000E+00 3.853901150E+02
3.224600000E-03 1.703750000E+01 0.000000000E+00 3.844817962E+02
3.232200000E-03 1.703730000E+01 0.000000000E+00 3.835777489E+02
3.239800000E-03 1.703700000E+01 0.000000000E+00 3.826779431E+02
3.245470000E-03 1.703680000E+01 0.000000000E+00 3.820093854E+02
3.255400000E-03 1.703650000E+01 0.000000000E+00 3.808441359E+02
3.270290000E-03 1.703600000E+01 0.000000000E+00 3.791101095E+02
3.285180000E-03 1.703550000E+01 0.000000000E+00 3.773918020E+02
3.293270000E-03 1.703530000E+01 0.000000000E+00 3.764647296E+02
3.301350000E-03 1.703500000E+01 0.000000000E+00 3.755433383E+02
3.309440000E-03 1.703470000E+01 0.000000000E+00 3.746253143E+02
3.317520000E-03 1.703450000E+01 0.000000000E+00 3.737128940E+02
3.325610000E-03 1.703420000E+01 0.000000000E+00 3.728037864E+02
3.333700000E-03 1.703390000E+01 0.000000000E+00 3.718990911E+02
3.341780000E-03 1.703370000E+01 0.000000000E+00 3.709998863E+02
3.349870000E-03 1.703340000E+01 0.000000000E+00 3.701039145E+02
3.357950000E-03 1.703310000E+01 0.000000000E+00 3.692133593E+02
3.366040000E-03 1.703290000E+01 0.000000000E+00 3.683259854E+02
3.374130000E-03 1.703260000E+01 0.000000000E+00 3.674428668E+02
3.382210000E-03 1.703230000E+01 0.000000000E+00 3.665650566E+02
3.390300000E-03 1.703210000E+01 0.000000000E+00 3.656903519E+02
3.406470000E-03 1.703150000E+01 0.000000000E+00 3.639544749E+02
3.414560000E-03 1.703130000E+01 0.000000000E+00 3.630921700E+02
3.422640000E-03 1.703100000E+01 0.000000000E+00 3.622349999E+02
3.430730000E-03 1.703080000E+01 0.000000000E+00 3.613808140E+02
3.438810000E-03 1.703050000E+01 0.000000000E+00 3.605316956E+02
3.446900000E-03 1.703020000E+01 0.000000000E+00 3.596855145E+02
3.462170000E-03 1.702970000E+01 0.000000000E+00 3.580991113E+02
3.471870000E-03 1.702940000E+01 0.000000000E+00 3.570986241E+02
3.489030000E-03 1.702880000E+01 0.000000000E+00 3.553423158E+02
3.497620000E-03 1.702860000E+01 0.000000000E+00 3.544696108E+02
3.506210000E-03 1.702830000E+01 0.000000000E+00 3.536011819E+02
3.514800000E-03 1.702800000E+01 0.000000000E+00 3.527369978E+02
3.523380000E-03 1.702770000E+01 0.000000000E+00 3.518780262E+02
3.531970000E-03 1.702740000E+01 0.000000000E+00 3.510222341E+02
3.540560000E-03 1.702720000E+01 0.000000000E+00 3.501705945E+02
3.549150000E-03 1.702690000E+01 0.000000000E+00 3.493230774E+02
3.557730000E-03 1.702660000E+01 0.000000000E+00 3.484806323E+02
3.566320000E-03 1.702630000E+01 0.000000000E+00 3.476412661E+02
3.574910000E-03 1.702600000E+01 0.000000000E+00 3.468059336E+02
3.583500000E-03 1.702570000E+01 0.000000000E+00 3.459746058E+02
3.596380000E-03 1.702530000E+01 0.000000000E+00 3.447355396E+02
3.609260000E-03 1.702490000E+01 0.000000000E+00 3.435053169E+02
3.617850000E-03 1.702460000E+01 0.000000000E+00 3.426897190E+02
3.626440000E-03 1.702430000E+01 0.000000000E+00 3.418779850E+02
3.635020000E-03 1.702410000E+01 0.000000000E+00 3.410710257E+02
3.642790000E-03 1.702380000E+01 0.000000000E+00 3.403435279E+02
3.643610000E-03 1.702380000E+01 0.000000000E+00 3.402669331E+02
3.652200000E-03 1.702350000E+01 0.000000000E+00 3.394666229E+02
3.660790000E-03 1.702320000E+01 0.000000000E+00 3.386700685E+02
3.667480000E-03 1.702300000E+01 0.000000000E+00 3.380522866E+02
3.669000000E-03 1.702290000E+01 0.000000000E+00 3.379122377E+02
3.676170000E-03 1.702270000E+01 0.000000000E+00 3.372531738E+02
3.684850000E-03 1.702240000E+01 0.000000000E+00 3.364587432E+02
3.693540000E-03 1.702210000E+01 0.000000000E+00 3.356671378E+02
3.702220000E-03 1.702190000E+01 0.000000000E+00 3.348801530E+02
3.762440000E-03 1.701990000E+01 0.000000000E+00 3.295202050E+02
3.943100000E-03 1.701400000E+01 0.000000000E+00 3.144226624E+02
3.943130000E-03 1.701400000E+01 0.000000000E+00 3.144202702E+02
3.962550000E-03 1.701330000E+01 0.000000000E+00 3.128793328E+02
3.972250000E-03 1.701300000E+01 0.000000000E+00 3.121152999E+02
3.981960000E-03 1.701270000E+01 0.000000000E+00 3.113542075E+02
3.991660000E-03 1.701240000E+01 0.000000000E+00 3.105975960E+02
4.001370000E-03 1.701190000E+01 0.000000000E+00 3.098438785E+02
4.011070000E-03 1.701060000E+01 0.000000000E+00 3.090945807E+02
4.020780000E-03 1.700930000E+01 0.000000000E+00 3.083481315E+02
4.023080000E-03 1.700900000E+01 0.000000000E+00 3.081718484E+02
4.030480000E-03 1.700800000E+01 0.000000000E+00 3.076060420E+02
4.040190000E-03 1.700680000E+01 0.000000000E+00 3.068667563E+02
4.042880000E-03 1.700640000E+01 0.000000000E+00 3.066625772E+02
4.049900000E-03 1.700550000E+01 0.000000000E+00 3.061310156E+02
4.052780000E-03 1.700510000E+01 0.000000000E+00 3.059134717E+02
4.062690000E-03 1.700380000E+01 0.000000000E+00 3.051672660E+02
4.072590000E-03 1.700240000E+01 0.000000000E+00 3.044254393E+02
4.081010000E-03 1.700130000E+01 0.000000000E+00 3.037973443E+02
4.089420000E-03 1.700020000E+01 0.000000000E+00 3.031725770E+02
4.095860000E-03 1.699940000E+01 0.000000000E+00 3.026958929E+02
4.102300000E-03 1.699850000E+01 0.000000000E+00 3.022207055E+02
4.112200000E-03 1.699720000E+01 0.000000000E+00 3.014931180E+02
4.122100000E-03 1.699590000E+01 0.000000000E+00 3.007690255E+02
4.132000000E-03 1.699450000E+01 0.000000000E+00 3.000484027E+02
4.141900000E-03 1.699320000E+01 0.000000000E+00 2.993312248E+02
4.150380000E-03 1.699210000E+01 0.000000000E+00 2.987196353E+02
4.158860000E-03 1.699100000E+01 0.000000000E+00 2.981105399E+02
4.171610000E-03 1.698930000E+01 0.000000000E+00 2.971994026E+02
4.181510000E-03 1.698800000E+01 0.000000000E+00 2.964957635E+02
4.191420000E-03 1.698670000E+01 0.000000000E+00 2.957947426E+02
4.201320000E-03 1.698530000E+01 0.000000000E+00 2.950977312E+02
4.216560000E-03 1.698330000E+01 0.000000000E+00 2.940311534E+02
4.221120000E-03 1.698270000E+01 0.000000000E+00 2.937135168E+02
4.226520000E-03 1.698200000E+01 0.000000000E+00 2.933382546E+02
4.241980000E-03 1.697990000E+01 0.000000000E+00 2.922691762E+02
4.242010000E-03 1.697990000E+01 0.000000000E+00 2.922671092E+02
4.252450000E-03 1.697850000E+01 0.000000000E+00 2.915495773E+02
4.262890000E-03 1.697720000E+01 0.000000000E+00 2.908355599E+02
4.273330000E-03 1.697580000E+01 0.000000000E+00 2.901250313E+02
4.283770000E-03 1.697440000E+01 0.000000000E+00 2.894179660E+02
4.294210000E-03 1.697300000E+01 0.000000000E+00 2.887143386E+02
4.309380000E-03 1.697100000E+01 0.000000000E+00 2.876979983E+02
4.325540000E-03 1.696880000E+01 0.000000000E+00 2.866231731E+02
4.335980000E-03 1.696740000E+01 0.000000000E+00 2.859330532E+02
4.346420000E-03 1.696610000E+01 0.000000000E+00 2.852462486E+02
4.356860000E-03 1.696470000E+01 0.000000000E+00 2.845627355E+02
4.367300000E-03 1.696330000E+01 0.000000000E+00 2.838824903E+02
4.383260000E-03 1.696120000E+01 0.000000000E+00 2.828488385E+02
4.398630000E-03 1.695910000E+01 0.000000000E+00 2.818604884E+02
4.404470000E-03 1.695830000E+01 0.000000000E+00 2.814867623E+02
4.409070000E-03 1.695770000E+01 0.000000000E+00 2.811930861E+02
4.419510000E-03 1.695630000E+01 0.000000000E+00 2.805288369E+02
4.426150000E-03 1.695550000E+01 0.000000000E+00 2.801079945E+02
4.429950000E-03 1.695500000E+01 0.000000000E+00 2.798677186E+02
4.437290000E-03 1.695400000E+01 0.000000000E+00 2.794047718E+02
4.448210000E-03 1.695250000E+01 0.000000000E+00 2.787188554E+02
4.450830000E-03 1.695220000E+01 0.000000000E+00 2.785547864E+02
4.459140000E-03 1.695110000E+01 0.000000000E+00 2.780356750E+02
4.478270000E-03 1.694850000E+01 0.000000000E+00 2.768479792E+02
4.491900000E-03 1.694670000E+01 0.000000000E+00 2.760079254E+02
4.502820000E-03 1.694530000E+01 0.000000000E+00 2.753385656E+02
4.513740000E-03 1.694380000E+01 0.000000000E+00 2.746724446E+02
4.524670000E-03 1.694240000E+01 0.000000000E+00 2.740089332E+02
4.535590000E-03 1.694090000E+01 0.000000000E+00 2.733492225E+02
4.567090000E-03 1.693670000E+01 0.000000000E+00 2.714638862E+02
4.577950000E-03 1.693530000E+01 0.000000000E+00 2.708199085E+02
4.589220000E-03 1.693380000E+01 0.000000000E+00 2.701548411E+02
4.599610000E-03 1.693240000E+01 0.000000000E+00 2.695445918E+02
4.612520000E-03 1.693070000E+01 0.000000000E+00 2.687901624E+02
4.621290000E-03 1.692950000E+01 0.000000000E+00 2.682800690E+02
4.634290000E-03 1.692780000E+01 0.000000000E+00 2.675274961E+02
4.652180000E-03 1.692540000E+01 0.000000000E+00 2.664987167E+02
4.680070000E-03 1.692170000E+01 0.000000000E+00 2.649105676E+02
4.698560000E-03 1.691850000E+01 1.529750000E-07 2.638680787E+02
4.709640000E-03 1.691500000E+01 6.247910000E-07 2.632472970E+02
4.723860000E-03 1.691000000E+01 3.329160000E-06 2.624548568E+02
4.739620000E-03 1.690380000E+01 1.808010000E-05 2.615821522E+02
4.774300000E-03 1.688640000E+01 4.196780000E-04 2.596820476E+02
4.799230000E-03 1.686870000E+01 2.526360000E-03 2.583331076E+02
4.811180000E-03 1.685800000E+01 5.237580000E-03 2.576914603E+02
4.841590000E-03 1.682600000E+01 2.334460000E-02 2.560729017E+02
4.879410000E-03 1.679700000E+01 7.786020000E-02 2.540880967E+02
4.942210000E-03 1.684110000E+01 1.713240000E-01 2.508594333E+02
5.005730000E-03 1.690530000E+01 1.836570000E-01 2.476761631E+02
5.385800000E-03 1.699830000E+01 1.401880000E-01 2.301979279E+02
5.771480000E-03 1.701320000E+01 1.073610000E-01 2.148149175E+02
6.096550000E-03 1.701070000E+01 8.638110000E-02 2.033609172E+02
6.126560000E-03 1.701010000E+01 8.470920000E-02 2.023647855E+02
6.141570000E-03 1.700980000E+01 8.389630000E-02 2.018702058E+02
6.162900000E-03 1.700930000E+01 8.274080000E-02 2.011715264E+02
6.193240000E-03 1.700860000E+01 8.109730000E-02 2.001860093E+02
6.231600000E-03 1.700760000E+01 7.910780000E-02 1.989537198E+02
6.248390000E-03 1.700720000E+01 7.826230000E-02 1.984191128E+02
6.263770000E-03 1.700680000E+01 7.748780000E-02 1.979319164E+02
6.279150000E-03 1.700630000E+01 7.671320000E-02 1.974471067E+02
6.299420000E-03 1.700580000E+01 7.569250000E-02 1.968117700E+02
6.335460000E-03 1.700470000E+01 7.395540000E-02 1.956921834E+02
6.366660000E-03 1.700370000E+01 7.247830000E-02 1.947331882E+02
6.396670000E-03 1.700280000E+01 7.105730000E-02 1.938195968E+02
6.420770000E-03 1.700200000E+01 6.996650000E-02 1.930921058E+02
6.435940000E-03 1.700150000E+01 6.929700000E-02 1.926369730E+02
6.467900000E-03 1.700040000E+01 6.788640000E-02 1.916850910E+02
6.515670000E-03 1.699870000E+01 6.580840000E-02 1.902797410E+02
6.547510000E-03 1.699760000E+01 6.449360000E-02 1.893544263E+02
6.595270000E-03 1.699580000E+01 6.257230000E-02 1.879832061E+02
6.611190000E-03 1.699510000E+01 6.195280000E-02 1.875305353E+02
6.627110000E-03 1.699450000E+01 6.133340000E-02 1.870800394E+02
6.643030000E-03 1.699390000E+01 6.071390000E-02 1.866317027E+02
6.710830000E-03 1.699120000E+01 5.818880000E-02 1.847461491E+02
6.739410000E-03 1.699010000E+01 5.713770000E-02 1.839626911E+02
6.788550000E-03 1.698800000E+01 5.541270000E-02 1.826310479E+02
6.894830000E-03 1.698350000E+01 5.185490000E-02 1.798158910E+02
6.928420000E-03 1.698210000E+01 5.076260000E-02 1.789441171E+02
7.000650000E-03 1.697800000E+01 4.856610000E-02 1.770978409E+02
7.079090000E-03 1.697260000E+01 4.634090000E-02 1.751355047E+02
7.117680000E-03 1.696940000E+01 4.547850000E-02 1.741859707E+02
7.185240000E-03 1.696290000E+01 4.564860000E-02 1.725481682E+02
7.216470000E-03 1.696030000E+01 4.688460000E-02 1.718014486E+02
7.255730000E-03 1.695820000E+01 4.901140000E-02 1.708718489E+02
7.345190000E-03 1.695730000E+01 5.135570000E-02 1.687907324E+02
7.407750000E-03 1.695560000E+01 5.055600000E-02 1.673652594E+02
7.521010000E-03 1.694910000E+01 4.858790000E-02 1.648448812E+02
7.613130000E-03 1.694250000E+01 4.932780000E-02 1.628502337E+02
7.800260000E-03 1.693770000E+01 5.301060000E-02 1.589434198E+02
8.350000000E-03 1.690690000E+01 4.789760000E-02 1.484790419E+02
8.964410000E-03 1.686140000E+01 4.594260000E-02 1.383024650E+02
9.642520000E-03 1.680900000E+01 4.753810000E-02 1.285763473E+02
1.041320000E-02 1.674770000E+01 5.317210000E-02 1.190604233E+02
1.123590000E-02 1.668100000E+01 6.296660000E-02 1.103427407E+02
1.186500000E-02 1.662940000E+01 7.259130000E-02 1.044922040E+02
1.214020000E-02 1.660260000E+01 7.743050000E-02 1.021235235E+02
1.255880000E-02 1.655580000E+01 8.542200000E-02 9.871962289E+01
1.278100000E-02 1.653090000E+01 9.004330000E-02 9.700336437E+01
1.321690000E-02 1.648190000E+01 9.965500000E-02 9.380414469E+01
1.359840000E-02 1.643880000E+01 1.088890000E-01 9.117249088E+01
1.393220000E-02 1.640100000E+01 1.173820000E-01 8.898809951E+01
1.451630000E-02 1.633480000E+01 1.331980000E-01 8.540743853E+01
1.501050000E-02 1.627320000E+01 1.479430000E-01 8.259551647E+01
1.561150000E-02 1.618200000E+01 1.675140000E-01 7.941581526E+01
1.638870000E-02 1.606290000E+01 1.952780000E-01 7.564968545E+01
1.700600000E-02 1.596520000E+01 2.187620000E-01 7.290368105E+01
1.749860000E-02 1.587150000E+01 2.394220000E-01 7.085138240E+01
1.792980000E-02 1.578750000E+01 2.580530000E-01 6.914745284E+01
1.836380000E-02 1.569850000E+01 2.773310000E-01 6.751325978E+01
1.873830000E-02 1.561250000E+01 2.954360000E-01 6.616395297E+01
1.931800000E-02 1.546780000E+01 3.242350000E-01 6.417848639E+01
1.972900000E-02 1.536490000E+01 3.454090000E-01 6.284150236E+01
2.006730000E-02 1.525750000E+01 3.628330000E-01 6.178210322E+01
2.030890000E-02 1.517860000E+01 3.753230000E-01 6.104712712E+01
2.054380000E-02 1.510250000E+01 3.887330000E-01 6.034910776E+01
2.073840000E-02 1.503050000E+01 3.998410000E-01 5.978281835E+01
2.081850000E-02 1.499890000E+01 4.044090000E-01 5.955280159E+01
2.089850000E-02 1.496730000E+01 4.089780000E-01 5.932483193E+01
2.100140000E-02 1.492680000E+01 4.148490000E-01 5.903415963E+01
2.105280000E-02 1.490650000E+01 4.177850000E-01 5.889002888E+01
2.110430000E-02 1.488620000E+01 4.207200000E-01 5.874632184E+01
2.115570000E-02 1.486600000E+01 4.238320000E-01 5.860359147E+01
2.123450000E-02 1.483510000E+01 4.286670000E-01 5.838611693E+01
2.131000000E-02 1.480310000E+01 4.333050000E-01 5.817925856E+01
2.136150000E-02 1.477870000E+01 4.364630000E-01 5.803899539E+01
2.141290000E-02 1.475420000E+01 4.396200000E-01 5.789967730E+01
2.146430000E-02 1.472970000E+01 4.427780000E-01 5.776102645E+01
2.151580000E-02 1.470400000E+01 4.459360000E-01 5.762277024E+01
2.155630000E-02 1.468370000E+01 4.484210000E-01 5.751450852E+01
2.159680000E-02 1.466350000E+01 4.509060000E-01 5.740665284E+01
2.163340000E-02 1.464520000E+01 4.531570000E-01 5.730953063E+01
2.167010000E-02 1.462680000E+01 4.554080000E-01 5.721247249E+01
2.172150000E-02 1.460110000E+01 4.585660000E-01 5.707708952E+01
2.177300000E-02 1.457540000E+01 4.617240000E-01 5.694208423E+01
2.182440000E-02 1.454580000E+01 4.648810000E-01 5.680797639E+01
2.185910000E-02 1.452530000E+01 4.670080000E-01 5.671779716E+01
2.189370000E-02 1.450470000E+01 4.691350000E-01 5.662816244E+01
2.192730000E-02 1.448480000E+01 4.711950000E-01 5.654138904E+01
2.200150000E-02 1.444080000E+01 4.757480000E-01 5.635070336E+01
2.205540000E-02 1.440890000E+01 4.790540000E-01 5.621299092E+01
2.210930000E-02 1.437700000E+01 4.823610000E-01 5.607594994E+01
2.216320000E-02 1.434470000E+01 4.856670000E-01 5.593957551E+01
2.219010000E-02 1.432600000E+01 4.873200000E-01 5.587176263E+01
2.221700000E-02 1.430730000E+01 4.889730000E-01 5.580411397E+01
2.224400000E-02 1.428860000E+01 4.906260000E-01 5.573637835E+01
2.227090000E-02 1.427000000E+01 4.922790000E-01 5.566905693E+01
2.229790000E-02 1.425130000E+01 4.939330000E-01 5.560164859E+01
2.232480000E-02 1.423260000E+01 4.955860000E-01 5.553465205E+01
2.235180000E-02 1.421400000E+01 4.972390000E-01 5.546756861E+01
2.236520000E-02 1.420460000E+01 4.980650000E-01 5.543433549E+01
2.237870000E-02 1.419530000E+01 4.988920000E-01 5.540089460E+01
2.239220000E-02 1.418600000E+01 4.997190000E-01 5.536749404E+01
2.241240000E-02 1.417200000E+01 5.009580000E-01 5.531759205E+01
2.242750000E-02 1.416150000E+01 5.018880000E-01 5.528034779E+01
2.243600000E-02 1.415560000E+01 5.024060000E-01 5.525940453E+01
2.248670000E-02 1.411590000E+01 5.055170000E-01 5.513481302E+01
2.249360000E-02 1.411040000E+01 5.059400000E-01 5.511790020E+01
2.251770000E-02 1.409110000E+01 5.074220000E-01 5.505890921E+01
2.254190000E-02 1.407190000E+01 5.089040000E-01 5.499980037E+01
2.255420000E-02 1.406210000E+01 5.096590000E-01 5.496980607E+01
2.257570000E-02 1.404500000E+01 5.109810000E-01 5.491745549E+01
2.260810000E-02 1.401930000E+01 5.129630000E-01 5.483875248E+01
2.264040000E-02 1.399340000E+01 5.149450000E-01 5.476051660E+01
2.267390000E-02 1.396360000E+01 5.170060000E-01 5.467960960E+01
2.270750000E-02 1.393230000E+01 5.190670000E-01 5.459870087E+01
2.275590000E-02 1.388740000E+01 5.220360000E-01 5.448257375E+01
2.280980000E-02 1.383730000E+01 5.253420000E-01 5.435383037E+01
2.284610000E-02 1.380040000E+01 5.275660000E-01 5.426746797E+01
2.286370000E-02 1.378230000E+01 5.286480000E-01 5.422569400E+01
2.288600000E-02 1.375940000E+01 5.300180000E-01 5.417285677E+01
2.295300000E-02 1.368890000E+01 5.341290000E-01 5.401472574E+01
2.296180000E-02 1.367910000E+01 5.346690000E-01 5.399402486E+01
2.297060000E-02 1.366930000E+01 5.352100000E-01 5.397333983E+01
2.297620000E-02 1.366310000E+01 5.355480000E-01 5.396018489E+01
2.298580000E-02 1.365240000E+01 5.361400000E-01 5.393764846E+01
2.301480000E-02 1.362010000E+01 5.379170000E-01 5.386968386E+01
2.302180000E-02 1.361230000E+01 5.383480000E-01 5.385330426E+01
2.302800000E-02 1.360510000E+01 5.387250000E-01 5.383880493E+01
2.303870000E-02 1.359240000E+01 5.393860000E-01 5.381380026E+01
2.304980000E-02 1.357940000E+01 5.400670000E-01 5.378788536E+01
2.306040000E-02 1.356680000E+01 5.407170000E-01 5.376316109E+01
2.306570000E-02 1.356040000E+01 5.410420000E-01 5.375080748E+01
2.307510000E-02 1.354910000E+01 5.416150000E-01 5.372891125E+01
2.308260000E-02 1.354000000E+01 5.420810000E-01 5.371145365E+01
2.309710000E-02 1.352220000E+01 5.429670000E-01 5.367773443E+01
2.312120000E-02 1.349210000E+01 5.444440000E-01 5.362178434E+01
2.314580000E-02 1.346020000E+01 5.459560000E-01 5.356479361E+01
2.316460000E-02 1.343590000E+01 5.471080000E-01 5.352132133E+01
2.318100000E-02 1.341350000E+01 5.481150000E-01 5.348345628E+01
2.319540000E-02 1.339390000E+01 5.489960000E-01 5.345025307E+01
2.320790000E-02 1.337670000E+01 5.497660000E-01 5.342146424E+01
2.322990000E-02 1.334640000E+01 5.511150000E-01 5.337087116E+01
2.324640000E-02 1.332230000E+01 5.521270000E-01 5.333298919E+01
2.325880000E-02 1.330420000E+01 5.528860000E-01 5.330455570E+01
2.326810000E-02 1.329060000E+01 5.534550000E-01 5.328325046E+01
2.327510000E-02 1.328050000E+01 5.538820000E-01 5.326722549E+01
2.328030000E-02 1.327280000E+01 5.542020000E-01 5.325532747E+01
2.328420000E-02 1.326710000E+01 5.544420000E-01 5.324640744E+01
2.328710000E-02 1.326280000E+01 5.546220000E-01 5.323977653E+01
2.329100000E-02 1.325710000E+01 5.548600000E-01 5.323086171E+01
2.329220000E-02 1.325520000E+01 5.549370000E-01 5.322811928E+01
2.329310000E-02 1.325380000E+01 5.549940000E-01 5.322606265E+01
2.329550000E-02 1.325030000E+01 5.551370000E-01 5.322057908E+01
2.329640000E-02 1.324880000E+01 5.551950000E-01 5.321852303E+01
2.329840000E-02 1.324580000E+01 5.553170000E-01 5.321395461E+01
2.332950000E-02 1.319730000E+01 5.572550000E-01 5.314301635E+01
2.334750000E-02 1.316840000E+01 5.584390000E-01 5.310204519E+01
2.335460000E-02 1.315680000E+01 5.589070000E-01 5.308590171E+01
2.342270000E-02 1.303990000E+01 5.634220000E-01 5.293155785E+01
2.347390000E-02 1.294420000E+01 5.669070000E-01 5.281610640E+01
2.350520000E-02 1.288170000E+01 5.691340000E-01 5.274577540E+01
2.353550000E-02 1.281710000E+01 5.714410000E-01 5.267786960E+01
2.357680000E-02 1.272250000E+01 5.749880000E-01 5.258559262E+01
2.363920000E-02 1.256340000E+01 5.822710000E-01 5.244678331E+01
2.369930000E-02 1.238750000E+01 5.941770000E-01 5.231378142E+01
2.375160000E-02 1.221150000E+01 6.127870000E-01 5.219858873E+01
2.380370000E-02 1.201060000E+01 6.455120000E-01 5.208433983E+01
2.386280000E-02 1.174940000E+01 7.114480000E-01 5.195534472E+01
2.396060000E-02 1.124680000E+01 9.360000000E-01 5.174327855E+01
2.397070000E-02 1.119140000E+01 9.705760000E-01 5.172147664E+01
2.402770000E-02 1.088000000E+01 1.213050000E+00 5.159877974E+01
2.408460000E-02 1.058960000E+01 1.543790000E+00 5.147687734E+01
2.415540000E-02 1.030610000E+01 2.071920000E+00 5.132599750E+01
2.418170000E-02 1.023610000E+01 2.295720000E+00 5.127017538E+01
2.422470000E-02 1.017510000E+01 2.683890000E+00 5.117916837E+01
2.429850000E-02 1.020050000E+01 3.364500000E+00 5.102372574E+01
2.436520000E-02 1.039320000E+01 3.939000000E+00 5.088404774E+01
2.448020000E-02 1.097740000E+01 4.692690000E+00 5.064501107E+01
2.463880000E-02 1.189950000E+01 5.169490000E+00 5.031900904E+01
2.486750000E-02 1.285340000E+01 5.234230000E+00 4.985623806E+01
2.531350000E-02 1.377680000E+01 5.059750000E+00 4.897781816E+01
2.540970000E-02 1.389910000E+01 5.020640000E+00 4.879239031E+01
2.553390000E-02 1.403510000E+01 4.973080000E+00 4.855505818E+01
2.559630000E-02 1.409600000E+01 4.950030000E+00 4.843668812E+01
2.564130000E-02 1.413900000E+01 4.933400000E+00 4.835168264E+01
2.575790000E-02 1.423530000E+01 4.889690000E+00 4.813280586E+01
2.586080000E-02 1.430250000E+01 4.850460000E+00 4.794128565E+01
2.595330000E-02 1.435860000E+01 4.815240000E+00 4.777041841E+01
2.601530000E-02 1.438280000E+01 4.794260000E+00 4.765657133E+01
2.607770000E-02 1.440560000E+01 4.773260000E+00 4.754253634E+01
2.621750000E-02 1.444760000E+01 4.726150000E+00 4.728902451E+01
2.632290000E-02 1.445400000E+01 4.689530000E+00 4.709967367E+01
2.641180000E-02 1.444880000E+01 4.658690000E+00 4.694113995E+01
2.648780000E-02 1.443500000E+01 4.632770000E+00 4.680645429E+01
2.667510000E-02 1.431620000E+01 4.585100000E+00 4.647780140E+01
2.682750000E-02 1.412460000E+01 4.598170000E+00 4.621377318E+01
2.697710000E-02 1.385310000E+01 4.755930000E+00 4.595749728E+01
2.730680000E-02 1.363300000E+01 5.872190000E+00 4.540261034E+01
2.767710000E-02 1.471970000E+01 6.712090000E+00 4.479515556E+01
2.884030000E-02 1.653600000E+01 6.298920000E+00 4.298845712E+01
3.090300000E-02 1.771140000E+01 5.566710000E+00 4.011908229E+01
3.400000000E-02 1.844610000E+01 4.808280000E+00 3.646470588E+01
3.793010000E-02 1.879440000E+01 4.220040000E+00 3.268644164E+01
4.139310000E-02 1.889650000E+01 3.929220000E+00 2.995185188E+01
4.236460000E-02 1.890590000E+01 3.875340000E+00 2.926499955E+01
4.534850000E-02 1.894270000E+01 3.809500000E+00 2.733938278E+01
5.401320000E-02 1.906990000E+01 3.812270000E+00 2.295364837E+01
6.918310000E-02 1.941690000E+01 4.080130000E+00 1.792056152E+01
7.646160000E-02 1.957230000E+01 4.197760000E+00 1.621467508E+01
8.150000000E-02 1.965200000E+01 4.266120000E+00 1.521226994E+01
8.463790000E-02 1.969980000E+01 4.298560000E+00 1.464828404E+01
8.715340000E-02 1.973340000E+01 4.326610000E+00 1.422549206E+01
8.748310000E-02 1.973690000E+01 4.330500000E+00 1.417188005E+01
8.813230000E-02 1.974240000E+01 4.338160000E+00 1.406748718E+01
9.018960000E-02 1.976040000E+01 4.363120000E+00 1.374659606E+01
9.225710000E-02 1.977880000E+01 4.388460000E+00 1.343853210E+01
9.439440000E-02 1.978750000E+01 4.410210000E+00 1.313425373E+01
9.660510000E-02 1.978580000E+01 4.429620000E+00 1.283369097E+01
9.807470000E-02 1.978330000E+01 4.441130000E+00 1.264138458E+01
1.000170000E-01 1.976510000E+01 4.452950000E+00 1.239589270E+01
1.014900000E-01 1.974600000E+01 4.460510000E+00 1.221598187E+01
1.028490000E-01 1.971880000E+01 4.466150000E+00 1.205456543E+01
1.045470000E-01 1.967930000E+01 4.473030000E+00 1.185878122E+01
1.059740000E-01 1.962910000E+01 4.477610000E+00 1.169909600E+01
1.071930000E-01 1.958110000E+01 4.479660000E+00 1.156605375E+01
1.082550000E-01 1.952570000E+01 4.480640000E+00 1.145258879E+01
1.087880000E-01 1.949550000E+01 4.480970000E+00 1.139647755E+01
1.090550000E-01 1.947720000E+01 4.481110000E+00 1.136857549E+01
1.093210000E-01 1.945780000E+01 4.481270000E+00 1.134091346E+01
1.094670000E-01 1.944720000E+01 4.481360000E+00 1.132578768E+01
1.095880000E-01 1.943840000E+01 4.481430000E+00 1.131328248E+01
1.097340000E-01 1.942780000E+01 4.481520000E+00 1.129823027E+01
1.101210000E-01 1.939960000E+01 4.481760000E+00 1.125852471E+01
1.103870000E-01 1.937940000E+01 4.481920000E+00 1.123139500E+01
1.106540000E-01 1.935820000E+01 4.482030000E+00 1.120429447E+01
1.109200000E-01 1.933680000E+01 4.481960000E+00 1.117742517E+01
1.111860000E-01 1.931540000E+01 4.481890000E+00 1.115068444E+01
1.114530000E-01 1.929180000E+01 4.481820000E+00 1.112397154E+01
1.117520000E-01 1.926100000E+01 4.481750000E+00 1.109420860E+01
1.119520000E-01 1.924050000E+01 4.481700000E+00 1.107438902E+01
1.125040000E-01 1.917910000E+01 4.481630000E+00 1.102005262E+01
1.127850000E-01 1.914270000E+01 4.481600000E+00 1.099259653E+01
1.130140000E-01 1.911110000E+01 4.481460000E+00 1.097032226E+01
1.130550000E-01 1.910550000E+01 4.481390000E+00 1.096634381E+01
1.133300000E-01 1.906730000E+01 4.480920000E+00 1.093973352E+01
1.136060000E-01 1.902920000E+01 4.480470000E+00 1.091315600E+01
1.137790000E-01 1.900530000E+01 4.480220000E+00 1.089656263E+01
1.140810000E-01 1.895880000E+01 4.479770000E+00 1.086771680E+01
1.142240000E-01 1.893520000E+01 4.479560000E+00 1.085411122E+01
1.143960000E-01 1.890580000E+01 4.479200000E+00 1.083779153E+01
1.145730000E-01 1.887430000E+01 4.478830000E+00 1.082104859E+01
1.146960000E-01 1.885140000E+01 4.478580000E+00 1.080944410E+01
1.147870000E-01 1.883320000E+01 4.478410000E+00 1.080087466E+01
1.148470000E-01 1.882060000E+01 4.478300000E+00 1.079523192E+01
1.149540000E-01 1.879780000E+01 4.478120000E+00 1.078518364E+01
1.150170000E-01 1.878390000E+01 4.478020000E+00 1.077927611E+01
1.150400000E-01 1.877880000E+01 4.477980000E+00 1.077712100E+01
1.150470000E-01 1.877740000E+01 4.477980000E+00 1.077646527E+01
1.150570000E-01 1.877500000E+01 4.477960000E+00 1.077552865E+01
1.153280000E-01 1.871230000E+01 4.477750000E+00 1.075020810E+01
1.153990000E-01 1.869490000E+01 4.477770000E+00 1.074359397E+01
1.156350000E-01 1.863440000E+01 4.478230000E+00 1.072166732E+01
1.158140000E-01 1.858470000E+01 4.479240000E+00 1.070509610E+01
1.159930000E-01 1.853170000E+01 4.481220000E+00 1.068857603E+01
1.161690000E-01 1.847330000E+01 4.484650000E+00 1.067238248E+01
1.164380000E-01 1.837480000E+01 4.494260000E+00 1.064772669E+01
1.167650000E-01 1.824000000E+01 4.517780000E+00 1.061790776E+01
1.170050000E-01 1.813080000E+01 4.547780000E+00 1.059612837E+01
1.172670000E-01 1.800400000E+01 4.597630000E+00 1.057245431E+01
1.174650000E-01 1.790500000E+01 4.649530000E+00 1.055463330E+01
1.177480000E-01 1.776190000E+01 4.747720000E+00 1.052926589E+01
1.180390000E-01 1.762400000E+01 4.878880000E+00 1.050330823E+01
1.185780000E-01 1.742810000E+01 5.184790000E+00 1.045556511E+01
1.188060000E-01 1.738360000E+01 5.327280000E+00 1.043549989E+01
1.191360000E-01 1.733190000E+01 5.531330000E+00 1.040659414E+01
1.195700000E-01 1.731520000E+01 5.778220000E+00 1.036882161E+01
1.200330000E-01 1.732130000E+01 6.001380000E+00 1.032882624E+01
1.208100000E-01 1.730260000E+01 6.327350000E+00 1.026239550E+01
1.213650000E-01 1.725930000E+01 6.586070000E+00 1.021546574E+01
1.219680000E-01 1.723560000E+01 6.933980000E+00 1.016496130E+01
1.226310000E-01 1.730420000E+01 7.364750000E+00 1.011000481E+01
1.231070000E-01 1.742210000E+01 7.661910000E+00 1.007091392E+01
1.234070000E-01 1.751930000E+01 7.830650000E+00 1.004643173E+01
1.236740000E-01 1.761480000E+01 7.968600000E+00 1.002474247E+01
1.238880000E-01 1.769640000E+01 8.069560000E+00 1.000742606E+01
1.240540000E-01 1.775940000E+01 8.142290000E+00 9.994034856E+00
1.242380000E-01 1.782960000E+01 8.220710000E+00 9.979233407E+00
1.245000000E-01 1.793200000E+01 8.326000000E+00 9.958232932E+00
1.249740000E-01 1.811620000E+01 8.493860000E+00 9.920463456E+00
1.252290000E-01 1.821460000E+01 8.581860000E+00 9.900262719E+00
1.278500000E-01 1.928750000E+01 9.249110000E+00 9.697301525E+00
1.305000000E-01 2.041620000E+01 9.516160000E+00 9.500383142E+00
1.326490000E-01 2.125110000E+01 9.458780000E+00 9.346470761E+00
1.379950000E-01 2.272570000E+01 8.762190000E+00 8.984383492E+00
1.424210000E-01 2.341830000E+01 8.040190000E+00 8.705176905E+00
1.523960000E-01 2.395970000E+01 6.674010000E+00 8.135384131E+00
1.627020000E-01 2.387310000E+01 5.752580000E+00 7.620066133E+00
1.745000000E-01 2.353620000E+01 5.193190000E+00 7.104871060E+00
1.896500000E-01 2.303090000E+01 4.951260000E+00 6.537305563E+00
2.123300000E-01 2.214860000E+01 5.067700000E+00 5.839024161E+00
2.142830000E-01 2.200220000E+01 5.092000000E+00 5.785806620E+00
2.159080000E-01 2.182410000E+01 5.132740000E+00 5.742260592E+00
2.176750000E-01 2.156630000E+01 5.291120000E+00 5.695647180E+00
2.189470000E-01 2.141890000E+01 5.535690000E+00 5.662557605E+00
2.222470000E-01 2.160940000E+01 6.170970000E+00 5.578478000E+00
2.310520000E-01 2.205190000E+01 6.406600000E+00 5.365891661E+00
2.363110000E-01 2.206990000E+01 6.508380000E+00 5.246476042E+00
2.405750000E-01 2.202030000E+01 6.752630000E+00 5.153486439E+00
2.927540000E-01 2.302180000E+01 7.839820000E+00 4.234954945E+00
3.002610000E-01 2.292790000E+01 8.293750000E+00 4.129074372E+00
3.607870000E-01 2.483060000E+01 9.080560000E+00 3.436376588E+00
4.554070000E-01 2.649250000E+01 9.232110000E+00 2.722399963E+00
6.032100000E-01 2.729340000E+01 8.593740000E+00 2.055337279E+00
7.286180000E-01 2.588430000E+01 7.816280000E+00 1.701577507E+00
8.058420000E-01 2.344630000E+01 7.332250000E+00 1.538514994E+00
8.523240000E-01 2.062690000E+01 7.051410000E+00 1.454611157E+00
8.788330000E-01 1.789820000E+01 6.895610000E+00 1.410734463E+00
8.980460000E-01 1.492700000E+01 6.785110000E+00 1.380552889E+00
9.083780000E-01 1.243920000E+01 6.731270000E+00 1.364850316E+00
9.094430000E-01 1.211240000E+01 6.728780000E+00 1.363252012E+00
9.139320000E-01 1.053900000E+01 6.757300000E+00 1.356556068E+00
9.163840000E-01 9.505500000E+00 6.838800000E+00 1.352926284E+00
9.187170000E-01 8.364900000E+00 7.015270000E+00 1.349490648E+00
9.213690000E-01 6.856400000E+00 7.418340000E+00 1.345606375E+00
9.274030000E-01 2.994300000E+00 9.743880000E+00 1.336851401E+00
9.295010000E-01 1.768300000E+00 1.113630000E+01 1.333833960E+00
9.306660000E-01 1.174300000E+00 1.202940000E+01 1.332164278E+00
9.318280000E-01 6.670000000E-01 1.299240000E+01 1.330503054E+00
9.328660000E-01 2.964000000E-01 1.390360000E+01 1.329022603E+00
9.339930000E-01 1.114000000E-01 1.493320000E+01 1.327418942E+00
9.345920000E-01 7.000000000E-03 1.548270000E+01 1.326568171E+00
9.348370000E-01 -3.690000000E-02 1.570780000E+01 1.326220507E+00
9.355690000E-01 -1.727000000E-01 1.638250000E+01 1.325182857E+00
9.363290000E-01 -3.215000000E-01 1.708730000E+01 1.324107232E+00
9.376160000E-01 -3.113000000E-01 1.824930000E+01 1.322289722E+00
9.377230000E-01 -3.117000000E-01 1.834680000E+01 1.322138841E+00
9.386650000E-01 -2.190000000E-01 1.915780000E+01 1.320812004E+00
9.390520000E-01 -1.849000000E-01 1.949500000E+01 1.320267674E+00
9.397180000E-01 -7.270000000E-02 2.003240000E+01 1.319331970E+00
9.399710000E-01 -3.190000000E-02 2.023880000E+01 1.318976862E+00
9.402200000E-01 7.400000000E-03 2.044300000E+01 1.318627555E+00
9.403200000E-01 2.280000000E-02 2.052560000E+01 1.318487323E+00
9.407070000E-01 1.073000000E-01 2.081510000E+01 1.317944907E+00
9.415300000E-01 2.799000000E-01 2.144240000E+01 1.316792880E+00
9.430260000E-01 6.523000000E-01 2.247620000E+01 1.314703942E+00
9.483120000E-01 2.053800000E+00 2.557140000E+01 1.307375632E+00
9.522230000E-01 3.063500000E+00 2.764820000E+01 1.302005938E+00
9.549930000E-01 3.910300000E+00 2.913220000E+01 1.298229411E+00
9.563570000E-01 4.400600000E+00 2.986100000E+01 1.296377817E+00
9.583050000E-01 5.110800000E+00 3.085420000E+01 1.293742598E+00
9.608730000E-01 6.300600000E+00 3.204240000E+01 1.290284980E+00
9.642370000E-01 8.088500000E+00 3.328040000E+01 1.285783474E+00
9.660070000E-01 9.031000000E+00 3.375110000E+01 1.283427553E+00
9.680990000E-01 1.016500000E+01 3.417980000E+01 1.280654148E+00
9.702380000E-01 1.125080000E+01 3.446910000E+01 1.277830800E+00
9.748120000E-01 1.328960000E+01 3.478090000E+01 1.271834979E+00
9.797600000E-01 1.518690000E+01 3.486090000E+01 1.265411938E+00
9.926520000E-01 1.881570000E+01 3.476930000E+01 1.248977487E+00
1.014280000E+00 2.333230000E+01 3.421670000E+01 1.222344915E+00
1.043370000E+00 2.742090000E+01 3.296460000E+01 1.188264949E+00
1.093240000E+00 3.168580000E+01 3.097280000E+01 1.134060225E+00
1.149640000E+00 3.445950000E+01 2.902370000E+01 1.078424550E+00
1.198170000E+00 3.534620000E+01 2.753520000E+01 1.034744652E+00
1.211950000E+00 3.489140000E+01 2.734490000E+01 1.022979496E+00
1.227060000E+00 3.436000000E+01 2.844500000E+01 1.010382540E+00
1.238220000E+00 3.516480000E+01 2.960090000E+01 1.001276025E+00
1.262550000E+00 3.751460000E+01 2.961730000E+01 9.819809116E-01
1.299810000E+00 3.910290000E+01 2.863260000E+01 9.538317139E-01
1.331580000E+00 3.975880000E+01 2.892600000E+01 9.310743628E-01
1.371870000E+00 4.202540000E+01 2.843450000E+01 9.037299453E-01
1.438660000E+00 4.401770000E+01 2.688040000E+01 8.617741509E-01
1.476940000E+00 4.441760000E+01 2.648860000E+01 8.394382981E-01
1.524400000E+00 4.616990000E+01 2.617080000E+01 8.133035949E-01
1.610380000E+00 4.817340000E+01 2.446560000E+01 7.698804009E-01
1.737800000E+00 5.010083000E+01 2.222490000E+01 7.134307745E-01
1.879040000E+00 5.154809000E+01 2.008060000E+01 6.598050068E-01
2.054420000E+00 5.277361000E+01 1.783940000E+01 6.034793275E-01
2.249990000E+00 5.360260000E+01 1.573720000E+01 5.510246712E-01
2.510830000E+00 5.421544000E+01 1.350060000E+01 4.937809410E-01
2.830580000E+00 5.454052000E+01 1.136650000E+01 4.380021056E-01
3.283140000E+00 5.455161000E+01 9.139960000E+00 3.776262968E-01
3.808330000E+00 5.421090000E+01 7.313320000E+00 3.255495191E-01
4.403010000E+00 5.350217000E+01 5.855780000E+00 2.815801009E-01
4.960740000E+00 5.245754000E+01 4.862120000E+00 2.499223906E-01
5.345750000E+00 5.129874000E+01 4.321120000E+00 2.319225553E-01
5.594260000E+00 5.005105000E+01 4.021270000E+00 2.216200177E-01
5.743200000E+00 4.880200000E+01 3.856240000E+00 2.158726842E-01
5.820500000E+00 4.765020000E+01 3.795960000E+00 2.130057555E-01
5.853800000E+00 4.685850000E+01 3.881350000E+00 2.117940483E-01
5.876140000E+00 4.618100000E+01 4.102660000E+00 2.109888464E-01
5.898170000E+00 4.545460000E+01 4.560460000E+00 2.102007911E-01
5.925980000E+00 4.466670000E+01 5.564800000E+00 2.092143409E-01
5.964900000E+00 4.437130000E+01 7.498240000E+00 2.078492515E-01
5.994320000E+00 4.490800000E+01 8.805700000E+00 2.068291316E-01
6.028450000E+00 4.591750000E+01 9.712700000E+00 2.056581708E-01
6.089750000E+00 4.743410000E+01 1.005680000E+01 2.035879962E-01
6.170190000E+00 4.838580000E+01 9.891850000E+00 2.009338448E-01
6.279320000E+00 4.878770000E+01 9.633350000E+00 1.974417612E-01
6.354130000E+00 4.845180000E+01 9.612100000E+00 1.951171915E-01
6.407500000E+00 4.797530000E+01 1.018010000E+01 1.934920016E-01
6.458840000E+00 4.804730000E+01 1.125040000E+01 1.919539732E-01
6.517650000E+00 4.896210000E+01 1.209720000E+01 1.902219358E-01
6.599100000E+00 5.011097000E+01 1.216360000E+01 1.878741040E-01
6.688470000E+00 5.063583000E+01 1.195940000E+01 1.853637678E-01
6.777700000E+00 5.071366000E+01 1.228510000E+01 1.829234106E-01
6.837970000E+00 5.117939000E+01 1.281610000E+01 1.813111201E-01
6.946790000E+00 5.246814000E+01 1.294990000E+01 1.784709197E-01
7.074520000E+00 5.343570000E+01 1.261020000E+01 1.752486388E-01
7.276440000E+00 5.445604000E+01 1.208110000E+01 1.703855182E-01
7.515580000E+00 5.532052000E+01 1.149730000E+01 1.649639815E-01
7.748640000E+00 5.597823000E+01 1.095980000E+01 1.600022714E-01
8.076590000E+00 5.665961000E+01 1.026900000E+01 1.535053779E-01
8.395810000E+00 5.716501000E+01 9.659360000E+00 1.476688967E-01
8.744890000E+00 5.758462000E+01 9.051110000E+00 1.417742247E-01
9.136530000E+00 5.794389000E+01 8.432710000E+00 1.356970316E-01
9.529330000E+00 5.821252000E+01 7.875130000E+00 1.301035855E-01
9.904600000E+00 5.840530100E+01 7.395050000E+00 1.251741615E-01
1.025230000E+01 5.854306000E+01 6.991390000E+00 1.209289623E-01
1.055400000E+01 5.863805200E+01 6.667850000E+00 1.174720485E-01
1.096480000E+01 5.874451900E+01 6.265100000E+00 1.130709178E-01
1.135750000E+01 5.881734600E+01 5.913240000E+00 1.091613471E-01
1.185090000E+01 5.888817400E+01 5.510760000E+00 1.046165270E-01
1.220320000E+01 5.892022460E+01 5.248450000E+00 1.015963026E-01
1.246760000E+01 5.893698230E+01 5.063690000E+00 9.944175302E-02
1.272620000E+01 5.895000840E+01 4.892190000E+00 9.742106835E-02
1.295910000E+01 5.895850280E+01 4.745080000E+00 9.567022401E-02
1.330790000E+01 5.896504840E+01 4.538260000E+00 9.316270787E-02
1.362660000E+01 5.896681720E+01 4.361650000E+00 9.098381108E-02
1.378220000E+01 5.896650350E+01 4.278620000E+00 8.995661070E-02
1.424610000E+01 5.896169090E+01 4.044370000E+00 8.702732678E-02
1.500200000E+01 5.893936500E+01 3.704910000E+00 8.264231436E-02
1.551670000E+01 5.891904760E+01 3.497290000E+00 7.990100988E-02
1.641250000E+01 5.887546500E+01 3.175330000E+00 7.553998477E-02
1.869960000E+01 5.872679600E+01 2.534920000E+00 6.630088344E-02
2.126620000E+01 5.854786000E+01 2.024970000E+00 5.829908493E-02
2.413120000E+01 5.834753900E+01 1.620620000E+00 5.137746983E-02
2.736110000E+01 5.812248600E+01 1.296110000E+00 4.531250571E-02
3.103830000E+01 5.785569000E+01 1.034250000E+00 3.994419797E-02
3.462380000E+01 5.753222000E+01 8.492060000E-01 3.580773919E-02
3.713680000E+01 5.721008000E+01 7.482850000E-01 3.338467504E-02
3.883520000E+01 5.687586000E+01 6.897320000E-01 3.192464568E-02
3.993660000E+01 5.653525000E+01 6.555110000E-01 3.104420507E-02
4.069520000E+01 5.614603000E+01 6.336110000E-01 3.046550945E-02
4.111920000E+01 5.576697000E+01 6.364140000E-01 3.015136481E-02
4.128900000E+01 5.553809000E+01 6.718680000E-01 3.002736806E-02
4.141830000E+01 5.532599000E+01 7.414150000E-01 2.993362837E-02
4.153830000E+01 5.510801000E+01 8.611370000E-01 2.984715311E-02
4.164930000E+01 5.490597000E+01 1.034220000E+00 2.976760714E-02
4.177920000E+01 5.470267000E+01 1.319810000E+00 2.967505362E-02
4.198520000E+01 5.457163000E+01 1.913350000E+00 2.952945324E-02
4.218170000E+01 5.467262000E+01 2.497040000E+00 2.939189269E-02
4.237090000E+01 5.498189000E+01 2.927110000E+00 2.926064823E-02
4.259470000E+01 5.542306000E+01 3.203500000E+00 2.910690767E-02
4.293710000E+01 5.597236000E+01 3.301000000E+00 2.887479592E-02
4.336360000E+01 5.639721000E+01 3.265570000E+00 2.859079966E-02
4.405220000E+01 5.682596000E+01 3.187180000E+00 2.814388385E-02
4.493430000E+01 5.718400000E+01 3.087460000E+00 2.759139455E-02
4.603680000E+01 5.749915000E+01 2.972260000E+00 2.693062941E-02
4.732830000E+01 5.776516000E+01 2.840530000E+00 2.619574335E-02
4.863110000E+01 5.796452000E+01 2.716160000E+00 2.549397402E-02
5.002940000E+01 5.813139400E+01 2.592140000E+00 2.478142852E-02
5.151380000E+01 5.827041200E+01 2.470230000E+00 2.406733730E-02
5.340040000E+01 5.840790700E+01 2.330100000E+00 2.321705455E-02
5.563040000E+01 5.853465200E+01 2.179070000E+00 2.228637579E-02
5.783540000E+01 5.862809300E+01 2.041840000E+00 2.143669794E-02
6.042380000E+01 5.870995800E+01 1.897320000E+00 2.051840500E-02
6.251700000E+01 5.876196800E+01 1.791120000E+00 1.983140586E-02
6.473910000E+01 5.880561500E+01 1.686360000E+00 1.915071417E-02
6.742150000E+01 5.884325800E+01 1.572820000E+00 1.838879289E-02
6.929260000E+01 5.886420000E+01 1.499960000E+00 1.789224246E-02
7.204070000E+01 5.888653300E+01 1.402410000E+00 1.720971617E-02
7.523260000E+01 5.890483580E+01 1.301510000E+00 1.647955806E-02
7.799060000E+01 5.891612120E+01 1.222860000E+00 1.589678756E-02
8.041420000E+01 5.892278220E+01 1.158720000E+00 1.541767499E-02
8.347700000E+01 5.892698480E+01 1.084470000E+00 1.485199516E-02
8.691730000E+01 5.892811760E+01 1.009800000E+00 1.426413384E-02
9.273970000E+01 5.892451630E+01 9.000710000E-01 1.336860050E-02
1.025410000E+02 5.890894050E+01 7.525230000E-01 1.209077345E-02
1.160200000E+02 5.887864100E+01 6.025020000E-01 1.068608861E-02
1.316430000E+02 5.884242000E+01 4.793340000E-01 9.417895369E-03
1.492720000E+02 5.880473000E+01 3.814190000E-01 8.305643389E-03
1.688270000E+02 5.876903700E+01 3.050830000E-01 7.343612100E-03
1.907490000E+02 5.873615700E+01 2.445480000E-01 6.499640889E-03
2.152100000E+02 5.870648900E+01 1.966420000E-01 5.760884717E-03
2.433450000E+02 5.867978300E+01 1.580210000E-01 5.094824221E-03
2.742360000E+02 5.865703100E+01 1.281160000E-01 4.520923584E-03
3.099200000E+02 5.863695100E+01 1.037140000E-01 4.000387197E-03
3.517630000E+02 5.861931300E+01 8.382470000E-02 3.524532142E-03
4.007660000E+02 5.860419900E+01 6.783210000E-02 3.093575802E-03
4.548740000E+02 5.859205100E+01 5.563900000E-02 2.725589944E-03
5.188000000E+02 5.858183000E+01 4.574550000E-02 2.389745567E-03
5.927830000E+02 5.857347100E+01 3.787910000E-02 2.091490478E-03
6.840790000E+02 5.856641500E+01 3.130130000E-02 1.812363777E-03
7.989140000E+02 5.856059500E+01 2.587640000E-02 1.551856645E-03
9.332540000E+02 5.855631300E+01 2.169310000E-02 1.328470063E-03
1.120600000E+03 5.855294900E+01 1.786090000E-02 1.106371587E-03
1.347260000E+03 5.855059800E+01 1.458800000E-02 9.202381129E-04
1.619760000E+03 5.854893000E+01 1.191480000E-02 7.654220378E-04
1.947380000E+03 5.854773900E+01 9.731470000E-03 6.366502686E-04
2.341270000E+03 5.854685500E+01 7.948220000E-03 5.295416590E-04
2.814820000E+03 5.854616200E+01 6.491750000E-03 4.404544518E-04
3.384160000E+03 5.854568300E+01 5.302160000E-03 3.663538367E-04
4.068660000E+03 5.854535200E+01 4.330560000E-03 3.047194900E-04
4.891600000E+03 5.854512300E+01 3.537010000E-03 2.534549023E-04
5.881000000E+03 5.854496400E+01 2.888860000E-03 2.108144873E-04
7.070510000E+03 5.854485400E+01 2.359490000E-03 1.753480301E-04
8.500630000E+03 5.854477800E+01 1.927130000E-03 1.458480136E-04
1.000000000E+04 5.854473100E+01 1.614860000E-03 1.239800000E-04
