# Data retrieved from https://www-nds.iaea.org/epdl97/za1to100.htm 03/01/2021
# Element, Pt  (Z = 78) 
# Atomic weight, g mol-1 = 195.09 
# Nominal density, g cm-3 =  2.14500E+1 
# Relativistic correction estimate f_rel(5CL)*,  e atom-1 =  0 
# Nuclear Thomson correction f_NT*, e atom-1 =  0 
#    E [keV]      f1 [e atom-1]      f2 [e atom-1]    Wavelength [nm] 
1.000000000E-03 3.111400000E+00 0.000000000E+00 1.239800000E+03
1.143370000E-03 3.102700000E+00 0.000000000E+00 1.084338403E+03
1.358430000E-03 3.089600000E+00 0.000000000E+00 9.126712455E+02
1.573490000E-03 3.076500000E+00 0.000000000E+00 7.879300154E+02
1.577360000E-03 3.076300000E+00 0.000000000E+00 7.859968555E+02
1.581240000E-03 3.076100000E+00 0.000000000E+00 7.840681996E+02
1.585110000E-03 3.075800000E+00 0.000000000E+00 7.821539199E+02
1.588980000E-03 3.075600000E+00 0.000000000E+00 7.802489647E+02
1.592860000E-03 3.075300000E+00 0.000000000E+00 7.783483796E+02
1.596730000E-03 3.075100000E+00 0.000000000E+00 7.764618940E+02
1.600600000E-03 3.074900000E+00 0.000000000E+00 7.745845308E+02
1.604470000E-03 3.074600000E+00 0.000000000E+00 7.727162240E+02
1.608350000E-03 3.074400000E+00 0.000000000E+00 7.708521155E+02
1.612220000E-03 3.074200000E+00 0.000000000E+00 7.690017491E+02
1.616090000E-03 3.073900000E+00 0.000000000E+00 7.671602448E+02
1.619970000E-03 3.073700000E+00 0.000000000E+00 7.653228146E+02
1.623840000E-03 3.073500000E+00 0.000000000E+00 7.634988669E+02
1.631580000E-03 3.073000000E+00 0.000000000E+00 7.598769291E+02
1.635460000E-03 3.072800000E+00 0.000000000E+00 7.580741810E+02
1.639330000E-03 3.072500000E+00 0.000000000E+00 7.562845797E+02
1.643200000E-03 3.072300000E+00 0.000000000E+00 7.545034080E+02
1.647080000E-03 3.072100000E+00 0.000000000E+00 7.527260364E+02
1.650950000E-03 3.071800000E+00 0.000000000E+00 7.509615676E+02
1.857320000E-03 3.059300000E+00 0.000000000E+00 6.675209442E+02
2.000000000E-03 3.050600000E+00 0.000000000E+00 6.199000000E+02
2.089480000E-03 3.039100000E+00 0.000000000E+00 5.933533702E+02
2.350670000E-03 3.005500000E+00 0.000000000E+00 5.274240961E+02
2.644500000E-03 2.967700000E+00 0.000000000E+00 4.688220836E+02
2.922880000E-03 2.931900000E+00 0.000000000E+00 4.241706810E+02
3.166460000E-03 2.900600000E+00 0.000000000E+00 3.915413427E+02
3.379590000E-03 2.873200000E+00 0.000000000E+00 3.668492332E+02
3.566080000E-03 2.849200000E+00 0.000000000E+00 3.476646626E+02
3.729260000E-03 2.828200000E+00 0.000000000E+00 3.324520146E+02
3.872050000E-03 2.809800000E+00 0.000000000E+00 3.201921463E+02
4.000000000E-03 2.793400000E+00 0.000000000E+00 3.099500000E+02
4.106300000E-03 2.767000000E+00 0.000000000E+00 3.019263084E+02
4.201950000E-03 2.743200000E+00 0.000000000E+00 2.950534871E+02
4.285650000E-03 2.722500000E+00 0.000000000E+00 2.892910060E+02
4.358880000E-03 2.704300000E+00 0.000000000E+00 2.844308630E+02
4.487040000E-03 2.672500000E+00 0.000000000E+00 2.763068749E+02
4.583160000E-03 2.648600000E+00 0.000000000E+00 2.705120485E+02
4.655250000E-03 2.630700000E+00 0.000000000E+00 2.663229687E+02
4.709320000E-03 2.617300000E+00 0.000000000E+00 2.632651848E+02
4.749870000E-03 2.607200000E+00 0.000000000E+00 2.610176700E+02
4.780280000E-03 2.599700000E+00 0.000000000E+00 2.593571925E+02
4.803090000E-03 2.594000000E+00 0.000000000E+00 2.581254984E+02
4.820200000E-03 2.589800000E+00 0.000000000E+00 2.572092444E+02
4.845860000E-03 2.583400000E+00 0.000000000E+00 2.558472593E+02
4.858690000E-03 2.580200000E+00 0.000000000E+00 2.551716615E+02
4.865110000E-03 2.578600000E+00 0.000000000E+00 2.548349369E+02
4.871520000E-03 2.577000000E+00 0.000000000E+00 2.544996223E+02
4.883510000E-03 2.574100000E+00 0.000000000E+00 2.538747745E+02
4.895500000E-03 2.571100000E+00 0.000000000E+00 2.532529874E+02
4.907500000E-03 2.568100000E+00 0.000000000E+00 2.526337239E+02
4.919490000E-03 2.565100000E+00 0.000000000E+00 2.520179937E+02
4.931480000E-03 2.562100000E+00 0.000000000E+00 2.514052577E+02
4.943470000E-03 2.559200000E+00 0.000000000E+00 2.507954939E+02
4.949460000E-03 2.557700000E+00 0.000000000E+00 2.504919729E+02
4.955460000E-03 2.556200000E+00 0.000000000E+00 2.501886808E+02
4.961450000E-03 2.554700000E+00 0.000000000E+00 2.498866259E+02
4.967450000E-03 2.553200000E+00 0.000000000E+00 2.495847970E+02
4.976440000E-03 2.551000000E+00 0.000000000E+00 2.491339190E+02
4.979440000E-03 2.550200000E+00 0.000000000E+00 2.489838215E+02
4.989930000E-03 2.547600000E+00 0.000000000E+00 2.484603992E+02
4.992180000E-03 2.547100000E+00 0.000000000E+00 2.483484169E+02
4.993580000E-03 2.546700000E+00 0.000000000E+00 2.482787900E+02
4.996040000E-03 2.546100000E+00 0.000000000E+00 2.481565400E+02
4.997890000E-03 2.545700000E+00 0.000000000E+00 2.480646833E+02
5.000650000E-03 2.545000000E+00 0.000000000E+00 2.479277694E+02
5.002730000E-03 2.544500000E+00 0.000000000E+00 2.478246877E+02
5.004920000E-03 2.543900000E+00 0.000000000E+00 2.477162472E+02
5.007540000E-03 2.543300000E+00 0.000000000E+00 2.475866393E+02
5.018410000E-03 2.540600000E+00 0.000000000E+00 2.470503606E+02
5.027400000E-03 2.538300000E+00 0.000000000E+00 2.466085850E+02
5.033400000E-03 2.536800000E+00 0.000000000E+00 2.463146183E+02
5.039390000E-03 2.535400000E+00 0.000000000E+00 2.460218399E+02
5.045390000E-03 2.533900000E+00 0.000000000E+00 2.457292697E+02
5.051380000E-03 2.532400000E+00 0.000000000E+00 2.454378803E+02
5.063370000E-03 2.529400000E+00 0.000000000E+00 2.448566864E+02
5.075360000E-03 2.526400000E+00 0.000000000E+00 2.442782384E+02
5.087360000E-03 2.523500000E+00 0.000000000E+00 2.437020380E+02
5.105340000E-03 2.519000000E+00 0.000000000E+00 2.428437675E+02
5.111340000E-03 2.517500000E+00 0.000000000E+00 2.425587028E+02
5.113750000E-03 2.516900000E+00 0.000000000E+00 2.424443901E+02
5.118530000E-03 2.515700000E+00 0.000000000E+00 2.422179806E+02
5.127940000E-03 2.513400000E+00 0.000000000E+00 2.417734997E+02
5.137060000E-03 2.511100000E+00 0.000000000E+00 2.413442708E+02
5.145900000E-03 2.508900000E+00 0.000000000E+00 2.409296722E+02
5.154460000E-03 2.506800000E+00 0.000000000E+00 2.405295608E+02
5.162750000E-03 2.504700000E+00 0.000000000E+00 2.401433345E+02
5.170780000E-03 2.502700000E+00 0.000000000E+00 2.397704021E+02
5.178570000E-03 2.500800000E+00 0.000000000E+00 2.394097212E+02
5.299190000E-03 2.470900000E+00 0.000000000E+00 2.339602845E+02
5.329340000E-03 2.463400000E+00 0.000000000E+00 2.326366867E+02
5.351960000E-03 2.457800000E+00 0.000000000E+00 2.316534503E+02
5.368920000E-03 2.453600000E+00 0.000000000E+00 2.309216751E+02
5.381640000E-03 2.450400000E+00 0.000000000E+00 2.303758706E+02
5.400730000E-03 2.445700000E+00 0.000000000E+00 2.295615593E+02
5.415040000E-03 2.442100000E+00 0.000000000E+00 2.289549108E+02
5.419810000E-03 2.440900000E+00 0.000000000E+00 2.287534065E+02
5.426480000E-03 2.439300000E+00 0.000000000E+00 2.284722325E+02
5.446490000E-03 2.434300000E+00 0.000000000E+00 2.276328424E+02
5.459830000E-03 2.431000000E+00 0.000000000E+00 2.270766672E+02
5.473170000E-03 2.427700000E+00 0.000000000E+00 2.265232032E+02
5.486510000E-03 2.424400000E+00 0.000000000E+00 2.259724306E+02
5.493180000E-03 2.422700000E+00 0.000000000E+00 2.256980474E+02
5.499850000E-03 2.421100000E+00 0.000000000E+00 2.254243298E+02
5.506520000E-03 2.419400000E+00 0.000000000E+00 2.251512752E+02
5.513190000E-03 2.417800000E+00 0.000000000E+00 2.248788814E+02
5.519860000E-03 2.416100000E+00 0.000000000E+00 2.246071458E+02
5.526530000E-03 2.414400000E+00 0.000000000E+00 2.243360662E+02
5.536530000E-03 2.412000000E+00 0.000000000E+00 2.239308737E+02
5.541540000E-03 2.410700000E+00 0.000000000E+00 2.237284221E+02
5.547370000E-03 2.409300000E+00 0.000000000E+00 2.234932950E+02
5.550290000E-03 2.408500000E+00 0.000000000E+00 2.233757155E+02
5.551020000E-03 2.408400000E+00 0.000000000E+00 2.233463400E+02
5.551570000E-03 2.408200000E+00 0.000000000E+00 2.233242128E+02
5.551980000E-03 2.408100000E+00 0.000000000E+00 2.233077208E+02
5.552590000E-03 2.408000000E+00 0.000000000E+00 2.232831886E+02
5.552900000E-03 2.407900000E+00 0.000000000E+00 2.232707234E+02
5.553630000E-03 2.407700000E+00 0.000000000E+00 2.232413755E+02
5.566550000E-03 2.404500000E+00 0.000000000E+00 2.227232307E+02
5.569890000E-03 2.403700000E+00 0.000000000E+00 2.225896741E+02
5.579890000E-03 2.401200000E+00 0.000000000E+00 2.221907600E+02
5.586560000E-03 2.399500000E+00 0.000000000E+00 2.219254783E+02
5.593230000E-03 2.397900000E+00 0.000000000E+00 2.216608293E+02
5.599900000E-03 2.396200000E+00 0.000000000E+00 2.213968107E+02
5.606570000E-03 2.394600000E+00 0.000000000E+00 2.211334203E+02
5.613240000E-03 2.392900000E+00 0.000000000E+00 2.208706558E+02
5.619910000E-03 2.391300000E+00 0.000000000E+00 2.206085151E+02
5.633250000E-03 2.388000000E+00 0.000000000E+00 2.200860959E+02
5.646590000E-03 2.384600000E+00 0.000000000E+00 2.195661452E+02
5.659930000E-03 2.381300000E+00 0.000000000E+00 2.190486455E+02
5.673270000E-03 2.378000000E+00 0.000000000E+00 2.185335794E+02
5.686610000E-03 2.374700000E+00 0.000000000E+00 2.180209299E+02
5.692270000E-03 2.373300000E+00 0.000000000E+00 2.178041449E+02
5.703480000E-03 2.370500000E+00 0.000000000E+00 2.173760581E+02
5.725570000E-03 2.365000000E+00 0.000000000E+00 2.165373928E+02
5.746970000E-03 2.359700000E+00 0.000000000E+00 2.157310722E+02
5.767700000E-03 2.354600000E+00 0.000000000E+00 2.149557016E+02
5.807860000E-03 2.344600000E+00 0.000000000E+00 2.134693329E+02
5.845510000E-03 2.335300000E+00 0.000000000E+00 2.120944109E+02
5.880800000E-03 2.326300000E+00 0.000000000E+00 2.108216569E+02
5.946980000E-03 2.308200000E+00 0.000000000E+00 2.084755624E+02
6.004890000E-03 2.291600000E+00 0.000000000E+00 2.064650643E+02
6.106240000E-03 2.247000000E+00 0.000000000E+00 2.030382035E+02
6.182240000E-03 2.213500000E+00 0.000000000E+00 2.005421983E+02
6.296250000E-03 2.163300000E+00 0.000000000E+00 1.969108596E+02
6.410260000E-03 2.113200000E+00 0.000000000E+00 1.934086917E+02
6.426040000E-03 2.106200000E+00 0.000000000E+00 1.929337508E+02
6.441820000E-03 2.099300000E+00 0.000000000E+00 1.924611368E+02
6.457590000E-03 2.092400000E+00 0.000000000E+00 1.919911298E+02
6.473370000E-03 2.085400000E+00 0.000000000E+00 1.915231170E+02
6.489150000E-03 2.078500000E+00 0.000000000E+00 1.910573804E+02
6.504930000E-03 2.071500000E+00 0.000000000E+00 1.905939034E+02
6.520710000E-03 2.064600000E+00 0.000000000E+00 1.901326696E+02
6.536480000E-03 2.057600000E+00 0.000000000E+00 1.896739530E+02
6.552260000E-03 2.050700000E+00 0.000000000E+00 1.892171556E+02
6.568040000E-03 2.043800000E+00 0.000000000E+00 1.887625532E+02
6.583820000E-03 2.036800000E+00 0.000000000E+00 1.883101300E+02
6.599600000E-03 2.029900000E+00 0.000000000E+00 1.878598703E+02
6.615370000E-03 2.022900000E+00 0.000000000E+00 1.874120420E+02
6.646930000E-03 2.009000000E+00 0.000000000E+00 1.865221990E+02
6.662710000E-03 2.002100000E+00 0.000000000E+00 1.860804387E+02
6.678490000E-03 1.995200000E+00 0.000000000E+00 1.856407661E+02
6.694260000E-03 1.988200000E+00 0.000000000E+00 1.852034429E+02
6.710040000E-03 1.981300000E+00 0.000000000E+00 1.847679000E+02
6.725820000E-03 1.974300000E+00 0.000000000E+00 1.843344009E+02
6.963880000E-03 1.862900000E+00 0.000000000E+00 1.780329357E+02
7.023400000E-03 1.834100000E+00 0.000000000E+00 1.765241906E+02
7.112670000E-03 1.790900000E+00 0.000000000E+00 1.743086633E+02
7.157310000E-03 1.769300000E+00 0.000000000E+00 1.732215036E+02
7.179630000E-03 1.758500000E+00 0.000000000E+00 1.726829934E+02
7.190780000E-03 1.753100000E+00 0.000000000E+00 1.724152317E+02
7.201940000E-03 1.747700000E+00 0.000000000E+00 1.721480601E+02
7.232960000E-03 1.732700000E+00 0.000000000E+00 1.714097686E+02
7.237400000E-03 1.730600000E+00 0.000000000E+00 1.713046122E+02
7.251850000E-03 1.723600000E+00 0.000000000E+00 1.709632714E+02
7.255120000E-03 1.722000000E+00 0.000000000E+00 1.708862155E+02
7.272850000E-03 1.713400000E+00 0.000000000E+00 1.704696233E+02
7.290580000E-03 1.704200000E+00 0.000000000E+00 1.700550573E+02
7.318500000E-03 1.689000000E+00 0.000000000E+00 1.694062991E+02
7.323600000E-03 1.686200000E+00 0.000000000E+00 1.692883281E+02
7.328690000E-03 1.683400000E+00 0.000000000E+00 1.691707522E+02
7.333200000E-03 1.680900000E+00 0.000000000E+00 1.690667103E+02
7.339970000E-03 1.677300000E+00 0.000000000E+00 1.689107721E+02
7.346730000E-03 1.673600000E+00 0.000000000E+00 1.687553510E+02
7.364770000E-03 1.663800000E+00 0.000000000E+00 1.683419849E+02
7.382810000E-03 1.653900000E+00 0.000000000E+00 1.679306389E+02
7.400850000E-03 1.644100000E+00 0.000000000E+00 1.675212982E+02
7.418890000E-03 1.634300000E+00 0.000000000E+00 1.671139483E+02
7.425650000E-03 1.630600000E+00 0.000000000E+00 1.669618148E+02
7.437490000E-03 1.624200000E+00 0.000000000E+00 1.666960224E+02
7.446370000E-03 1.619400000E+00 0.000000000E+00 1.664972329E+02
7.453030000E-03 1.615700000E+00 0.000000000E+00 1.663484516E+02
7.458020000E-03 1.613000000E+00 0.000000000E+00 1.662371514E+02
7.465510000E-03 1.608900000E+00 0.000000000E+00 1.660703689E+02
7.471130000E-03 1.605900000E+00 0.000000000E+00 1.659454460E+02
7.479200000E-03 1.601500000E+00 0.000000000E+00 1.657663921E+02
7.482160000E-03 1.599900000E+00 0.000000000E+00 1.657008137E+02
7.489580000E-03 1.595800000E+00 0.000000000E+00 1.655366523E+02
7.493300000E-03 1.593800000E+00 0.000000000E+00 1.654544727E+02
7.505130000E-03 1.587400000E+00 0.000000000E+00 1.651936742E+02
7.509080000E-03 1.585200000E+00 0.000000000E+00 1.651067774E+02
7.527120000E-03 1.573800000E+00 0.000000000E+00 1.647110714E+02
7.536140000E-03 1.567900000E+00 0.000000000E+00 1.645139289E+02
7.545160000E-03 1.562000000E+00 0.000000000E+00 1.643172577E+02
7.558690000E-03 1.553200000E+00 0.000000000E+00 1.640231310E+02
7.579200000E-03 1.539800000E+00 0.000000000E+00 1.635792696E+02
7.589130000E-03 1.531700000E+00 0.000000000E+00 1.633652342E+02
7.599270000E-03 1.523500000E+00 0.000000000E+00 1.631472497E+02
7.617310000E-03 1.508900000E+00 0.000000000E+00 1.627608697E+02
7.635350000E-03 1.494200000E+00 0.000000000E+00 1.623763154E+02
7.653390000E-03 1.479600000E+00 0.000000000E+00 1.619935741E+02
7.679350000E-03 1.458600000E+00 0.000000000E+00 1.614459557E+02
7.689470000E-03 1.450400000E+00 0.000000000E+00 1.612334790E+02
7.702510000E-03 1.439800000E+00 0.000000000E+00 1.609605181E+02
7.715550000E-03 1.429200000E+00 0.000000000E+00 1.606884798E+02
7.722440000E-03 1.423600000E+00 0.000000000E+00 1.605451127E+02
7.738960000E-03 1.410200000E+00 0.000000000E+00 1.602024045E+02
7.747200000E-03 1.403600000E+00 0.000000000E+00 1.600320116E+02
7.747520000E-03 1.403300000E+00 2.008470000E-07 1.600254017E+02
7.750340000E-03 1.400700000E+00 2.527800000E-07 1.599671756E+02
7.753140000E-03 1.398100000E+00 3.166300000E-07 1.599094044E+02
7.755910000E-03 1.395500000E+00 3.948200000E-07 1.598522933E+02
7.759570000E-03 1.392000000E+00 5.263690000E-07 1.597768949E+02
7.763190000E-03 1.388600000E+00 6.966510000E-07 1.597023904E+02
7.766470000E-03 1.385500000E+00 8.953290000E-07 1.596349435E+02
7.770010000E-03 1.382100000E+00 1.169670000E-06 1.595622142E+02
7.773510000E-03 1.378800000E+00 1.518200000E-06 1.594903718E+02
7.776970000E-03 1.375400000E+00 1.958260000E-06 1.594194140E+02
7.780380000E-03 1.372100000E+00 2.510560000E-06 1.593495433E+02
7.783760000E-03 1.368800000E+00 3.199680000E-06 1.592803478E+02
7.787100000E-03 1.365500000E+00 4.054640000E-06 1.592120302E+02
7.790400000E-03 1.362200000E+00 5.109460000E-06 1.591445882E+02
7.793660000E-03 1.358900000E+00 6.403830000E-06 1.590780198E+02
7.796880000E-03 1.355700000E+00 7.983770000E-06 1.590123229E+02
7.801120000E-03 1.351400000E+00 1.062750000E-05 1.589258978E+02
7.805290000E-03 1.347100000E+00 1.402200000E-05 1.588409912E+02
7.809400000E-03 1.342800000E+00 1.834320000E-05 1.587573949E+02
7.813140000E-03 1.338900000E+00 2.335290000E-05 1.586814008E+02
7.817430000E-03 1.334400000E+00 3.063100000E-05 1.585943206E+02
7.821830000E-03 1.329700000E+00 4.031490000E-05 1.585051069E+02
7.826160000E-03 1.325000000E+00 5.256280000E-05 1.584174103E+02
7.830410000E-03 1.320300000E+00 6.791270000E-05 1.583314284E+02
7.834590000E-03 1.315600000E+00 8.698180000E-05 1.582469536E+02
7.838700000E-03 1.311000000E+00 1.104710000E-04 1.581639813E+02
7.842730000E-03 1.306400000E+00 1.391700000E-04 1.580827084E+02
7.846700000E-03 1.301800000E+00 1.739580000E-04 1.580027273E+02
7.851870000E-03 1.295700000E+00 2.315240000E-04 1.578986916E+02
7.856940000E-03 1.289700000E+00 3.042990000E-04 1.577968013E+02
7.861880000E-03 1.283600000E+00 3.951140000E-04 1.576976499E+02
7.866710000E-03 1.277600000E+00 5.071230000E-04 1.576008268E+02
7.871430000E-03 1.271600000E+00 6.437450000E-04 1.575063235E+02
7.876040000E-03 1.265600000E+00 8.086320000E-04 1.574141320E+02
7.882020000E-03 1.257600000E+00 1.079130000E-03 1.572947036E+02
7.887330000E-03 1.250400000E+00 1.386240000E-03 1.571888079E+02
7.892740000E-03 1.242800000E+00 1.773740000E-03 1.570810644E+02
7.898870000E-03 1.233900000E+00 2.330050000E-03 1.569591600E+02
7.904800000E-03 1.225100000E+00 3.008010000E-03 1.568414128E+02
7.910510000E-03 1.216300000E+00 3.820810000E-03 1.567282008E+02
7.917840000E-03 1.204700000E+00 5.135980000E-03 1.565831085E+02
7.924300000E-03 1.194000000E+00 6.609100000E-03 1.564554598E+02
7.933660000E-03 1.178000000E+00 9.355490000E-03 1.562708762E+02
7.944930000E-03 1.157700000E+00 1.388310000E-02 1.560492037E+02
7.956160000E-03 1.136500000E+00 2.004340000E-02 1.558289426E+02
7.963930000E-03 1.121300000E+00 2.544940000E-02 1.556769083E+02
7.974640000E-03 1.100100000E+00 3.471090000E-02 1.554678330E+02
7.982820000E-03 1.083700000E+00 4.329730000E-02 1.553085251E+02
8.005110000E-03 1.040200000E+00 7.419660000E-02 1.548760729E+02
8.013900000E-03 1.024200000E+00 8.950270000E-02 1.547061980E+02
8.018750000E-03 1.015700000E+00 9.859850000E-02 1.546126267E+02
8.033530000E-03 9.929000000E-01 1.294760000E-01 1.543281720E+02
8.053160000E-03 9.708000000E-01 1.757960000E-01 1.539519890E+02
8.072790000E-03 9.622000000E-01 2.250160000E-01 1.535776355E+02
8.083220000E-03 9.577000000E-01 2.511700000E-01 1.533794701E+02
8.092250000E-03 9.593000000E-01 2.729060000E-01 1.532083166E+02
8.124980000E-03 9.799000000E-01 3.415140000E-01 1.525911448E+02
8.144600000E-03 1.000600000E+00 3.717210000E-01 1.522235592E+02
8.165510000E-03 1.024700000E+00 3.943160000E-01 1.518337495E+02
8.178150000E-03 1.038900000E+00 4.036550000E-01 1.515990780E+02
8.185490000E-03 1.046500000E+00 4.073530000E-01 1.514631378E+02
8.196570000E-03 1.057900000E+00 4.123510000E-01 1.512583922E+02
8.213190000E-03 1.072800000E+00 4.163440000E-01 1.509523096E+02
8.221500000E-03 1.079500000E+00 4.176570000E-01 1.507997324E+02
8.229820000E-03 1.085500000E+00 4.181680000E-01 1.506472803E+02
8.238170000E-03 1.090900000E+00 4.183050000E-01 1.504945880E+02
8.242350000E-03 1.093200000E+00 4.181460000E-01 1.504182666E+02
8.246530000E-03 1.095500000E+00 4.179870000E-01 1.503420226E+02
8.255340000E-03 1.100300000E+00 4.176520000E-01 1.501815794E+02
8.259870000E-03 1.102800000E+00 4.174790000E-01 1.500992146E+02
8.263040000E-03 1.103700000E+00 4.171090000E-01 1.500416312E+02
8.265640000E-03 1.104500000E+00 4.168060000E-01 1.499944348E+02
8.266210000E-03 1.104700000E+00 4.167390000E-01 1.499840919E+02
8.276350000E-03 1.107800000E+00 4.155570000E-01 1.498003347E+02
8.280080000E-03 1.108900000E+00 4.151220000E-01 1.497328528E+02
8.283810000E-03 1.110000000E+00 4.146880000E-01 1.496654317E+02
8.303470000E-03 1.114700000E+00 4.123950000E-01 1.493110712E+02
8.313300000E-03 1.116500000E+00 4.112240000E-01 1.491345194E+02
8.323130000E-03 1.116100000E+00 4.099060000E-01 1.489583846E+02
8.336990000E-03 1.115600000E+00 4.080490000E-01 1.487107457E+02
8.357780000E-03 1.114800000E+00 4.052630000E-01 1.483408273E+02
8.368800000E-03 1.114400000E+00 4.037860000E-01 1.481454928E+02
8.378560000E-03 1.112200000E+00 4.024770000E-01 1.479729214E+02
8.401550000E-03 1.107200000E+00 3.993960000E-01 1.475680083E+02
8.421450000E-03 1.101100000E+00 3.966860000E-01 1.472193031E+02
8.441350000E-03 1.093200000E+00 3.939330000E-01 1.468722420E+02
8.461240000E-03 1.085400000E+00 3.911800000E-01 1.465269866E+02
8.481140000E-03 1.077600000E+00 3.884270000E-01 1.461831782E+02
8.491230000E-03 1.073600000E+00 3.870310000E-01 1.460094709E+02
8.511380000E-03 1.065700000E+00 3.842420000E-01 1.456638054E+02
8.532400000E-03 1.055100000E+00 3.815210000E-01 1.453049552E+02
8.563480000E-03 1.039300000E+00 3.774960000E-01 1.447775904E+02
8.587030000E-03 1.027400000E+00 3.744470000E-01 1.443805367E+02
8.614150000E-03 1.013700000E+00 3.709350000E-01 1.439259823E+02
8.667770000E-03 9.852000000E-01 3.641260000E-01 1.430356366E+02
8.695820000E-03 9.686000000E-01 3.607250000E-01 1.425742483E+02
8.831260000E-03 8.666000000E-01 3.443050000E-01 1.403876684E+02
8.896140000E-03 8.034000000E-01 3.369980000E-01 1.393638140E+02
8.933340000E-03 7.672000000E-01 3.328080000E-01 1.387834785E+02
8.987070000E-03 7.148000000E-01 3.267770000E-01 1.379537491E+02
9.009560000E-03 6.920000000E-01 3.244260000E-01 1.376093838E+02
9.032050000E-03 6.693000000E-01 3.220760000E-01 1.372667335E+02
9.047140000E-03 6.541000000E-01 3.204970000E-01 1.370377821E+02
9.062240000E-03 6.388000000E-01 3.189190000E-01 1.368094423E+02
9.083920000E-03 6.169000000E-01 3.166530000E-01 1.364829281E+02
9.100090000E-03 6.006000000E-01 3.149630000E-01 1.362404108E+02
9.104840000E-03 5.958000000E-01 3.144670000E-01 1.361693341E+02
9.108430000E-03 5.921000000E-01 3.140910000E-01 1.361156643E+02
9.153280000E-03 5.468000000E-01 3.094020000E-01 1.354487135E+02
9.176600000E-03 5.158000000E-01 3.071030000E-01 1.351045049E+02
9.199650000E-03 4.815000000E-01 3.048710000E-01 1.347659965E+02
9.212040000E-03 4.623000000E-01 3.036760000E-01 1.345847391E+02
9.224620000E-03 4.420000000E-01 3.024710000E-01 1.344012003E+02
9.229890000E-03 4.333000000E-01 3.019690000E-01 1.343244611E+02
9.241420000E-03 4.137000000E-01 3.008850000E-01 1.341568720E+02
9.250050000E-03 3.986000000E-01 3.000900000E-01 1.340317079E+02
9.262090000E-03 3.767000000E-01 2.990210000E-01 1.338574771E+02
9.268390000E-03 3.649000000E-01 2.984880000E-01 1.337664902E+02
9.274690000E-03 3.528000000E-01 2.979810000E-01 1.336756269E+02
9.281640000E-03 3.390000000E-01 2.974610000E-01 1.335755319E+02
9.284510000E-03 3.332000000E-01 2.972610000E-01 1.335342414E+02
9.303900000E-03 2.922000000E-01 2.962380000E-01 1.332559464E+02
9.304800000E-03 2.902000000E-01 2.962080000E-01 1.332430573E+02
9.309230000E-03 2.802000000E-01 2.960970000E-01 1.331796507E+02
9.312050000E-03 2.738000000E-01 2.960530000E-01 1.331393195E+02
9.327370000E-03 2.371000000E-01 2.963410000E-01 1.329206411E+02
9.330040000E-03 2.304000000E-01 2.965010000E-01 1.328826029E+02
9.332620000E-03 2.238000000E-01 2.966950000E-01 1.328458675E+02
9.357630000E-03 1.549000000E-01 3.012600000E-01 1.324908123E+02
9.368720000E-03 1.212000000E-01 3.054060000E-01 1.323339795E+02
9.379140000E-03 8.770000000E-02 3.109600000E-01 1.321869596E+02
9.393070000E-03 4.030000000E-02 3.215990000E-01 1.319909252E+02
9.411860000E-03 -2.810000000E-02 3.433120000E-01 1.317274163E+02
9.429670000E-03 -9.610000000E-02 3.738290000E-01 1.314786201E+02
9.445740000E-03 -1.596000000E-01 4.112930000E-01 1.312549361E+02
9.467990000E-03 -2.452000000E-01 4.803370000E-01 1.309464839E+02
9.489550000E-03 -3.186000000E-01 5.665900000E-01 1.306489770E+02
9.511970000E-03 -3.776000000E-01 6.731360000E-01 1.303410335E+02
9.556810000E-03 -4.225000000E-01 9.100500000E-01 1.297294809E+02
9.569300000E-03 -4.181000000E-01 9.745950000E-01 1.295601559E+02
9.613170000E-03 -3.510000000E-01 1.168980000E+00 1.289689041E+02
9.664290000E-03 -2.268000000E-01 1.307100000E+00 1.282867133E+02
9.704250000E-03 -1.373000000E-01 1.358190000E+00 1.277584563E+02
9.731050000E-03 -8.770000000E-02 1.377050000E+00 1.274066005E+02
9.751790000E-03 -5.850000000E-02 1.385080000E+00 1.271356336E+02
9.775560000E-03 -2.870000000E-02 1.392550000E+00 1.268264938E+02
9.793170000E-03 -9.500000000E-03 1.396860000E+00 1.265984354E+02
9.799320000E-03 -8.000000000E-03 1.397960000E+00 1.265189829E+02
9.823090000E-03 -2.200000000E-03 1.402210000E+00 1.262128312E+02
9.846860000E-03 3.600000000E-03 1.406450000E+00 1.259081575E+02
9.870630000E-03 9.400000000E-03 1.410700000E+00 1.256049513E+02
9.894400000E-03 1.520000000E-02 1.414950000E+00 1.253032018E+02
9.918170000E-03 2.110000000E-02 1.419190000E+00 1.250028987E+02
9.941940000E-03 2.680000000E-02 1.423470000E+00 1.247040316E+02
9.965710000E-03 3.240000000E-02 1.427830000E+00 1.244065902E+02
9.992160000E-03 3.860000000E-02 1.432690000E+00 1.240772766E+02
1.001690000E-02 4.250000000E-02 1.437240000E+00 1.237708273E+02
1.003700000E-02 4.340000000E-02 1.440920000E+00 1.235229650E+02
1.006080000E-02 4.450000000E-02 1.445290000E+00 1.232307570E+02
1.006630000E-02 4.470000000E-02 1.446290000E+00 1.231634265E+02
1.008460000E-02 4.550000000E-02 1.449650000E+00 1.229399282E+02
1.009090000E-02 4.580000000E-02 1.450820000E+00 1.228631738E+02
1.011560000E-02 4.690000000E-02 1.455350000E+00 1.225631698E+02
1.013250000E-02 4.760000000E-02 1.458450000E+00 1.223587466E+02
1.014460000E-02 4.810000000E-02 1.460710000E+00 1.222128029E+02
1.016280000E-02 4.870000000E-02 1.464130000E+00 1.219939387E+02
1.018100000E-02 4.940000000E-02 1.467560000E+00 1.217758570E+02
1.019630000E-02 4.850000000E-02 1.470460000E+00 1.215931269E+02
1.021420000E-02 4.170000000E-02 1.474020000E+00 1.213800396E+02
1.023880000E-02 3.230000000E-02 1.478920000E+00 1.210884088E+02
1.026350000E-02 2.290000000E-02 1.483870000E+00 1.207969991E+02
1.028820000E-02 1.340000000E-02 1.488880000E+00 1.205069886E+02
1.030740000E-02 6.000000000E-03 1.492800000E+00 1.202825155E+02
1.032670000E-02 -1.500000000E-03 1.496720000E+00 1.200577145E+02
1.036210000E-02 -1.510000000E-02 1.503910000E+00 1.196475618E+02
1.038680000E-02 -2.450000000E-02 1.508920000E+00 1.193630377E+02
1.041030000E-02 -3.360000000E-02 1.513690000E+00 1.190935900E+02
1.043490000E-02 -4.300000000E-02 1.518690000E+00 1.188128300E+02
1.048400000E-02 -6.210000000E-02 1.528800000E+00 1.182563907E+02
1.051010000E-02 -7.230000000E-02 1.534200000E+00 1.179627216E+02
1.061510000E-02 -1.258000000E-01 1.556860000E+00 1.167958851E+02
1.063370000E-02 -1.414000000E-01 1.561400000E+00 1.165915909E+02
1.063970000E-02 -1.466000000E-01 1.562870000E+00 1.165258419E+02
1.066410000E-02 -1.685000000E-01 1.568870000E+00 1.162592249E+02
1.068310000E-02 -1.866000000E-01 1.573590000E+00 1.160524567E+02
1.072850000E-02 -2.347000000E-01 1.585280000E+00 1.155613553E+02
1.074830000E-02 -2.584000000E-01 1.590740000E+00 1.153484737E+02
1.077170000E-02 -2.889000000E-01 1.597850000E+00 1.150978954E+02
1.080690000E-02 -3.415000000E-01 1.611360000E+00 1.147230010E+02
1.084270000E-02 -4.049000000E-01 1.632360000E+00 1.143442132E+02
1.087540000E-02 -4.710000000E-01 1.663050000E+00 1.140004046E+02
1.091110000E-02 -5.480000000E-01 1.715640000E+00 1.136274070E+02
1.092610000E-02 -5.798000000E-01 1.744970000E+00 1.134714125E+02
1.095860000E-02 -6.424000000E-01 1.824260000E+00 1.131348895E+02
1.098430000E-02 -6.801000000E-01 1.899800000E+00 1.128701874E+02
1.098720000E-02 -6.832000000E-01 1.909320000E+00 1.128403961E+02
1.100020000E-02 -6.953000000E-01 1.951160000E+00 1.127070417E+02
1.101580000E-02 -7.049000000E-01 2.003170000E+00 1.125474319E+02
1.103080000E-02 -7.076000000E-01 2.052930000E+00 1.123943866E+02
1.105700000E-02 -7.022000000E-01 2.138320000E+00 1.121280637E+02
1.108550000E-02 -6.779000000E-01 2.222090000E+00 1.118397907E+02
1.110390000E-02 -6.550000000E-01 2.268750000E+00 1.116544637E+02
1.116170000E-02 -5.694000000E-01 2.375090000E+00 1.110762697E+02
1.118030000E-02 -5.419000000E-01 2.398160000E+00 1.108914788E+02
1.123270000E-02 -4.770000000E-01 2.440850000E+00 1.103741754E+02
1.128740000E-02 -4.283000000E-01 2.468610000E+00 1.098392898E+02
1.135870000E-02 -3.879000000E-01 2.497420000E+00 1.091498147E+02
1.144170000E-02 -3.724000000E-01 2.529710000E+00 1.083580237E+02
1.150000000E-02 -3.615000000E-01 2.552400000E+00 1.078086957E+02
1.153080000E-02 -3.575000000E-01 2.565910000E+00 1.075207271E+02
1.156520000E-02 -3.531000000E-01 2.580970000E+00 1.072009131E+02
1.159590000E-02 -3.492000000E-01 2.594490000E+00 1.069171000E+02
1.163150000E-02 -3.448000000E-01 2.610130000E+00 1.065898637E+02
1.164920000E-02 -3.426000000E-01 2.617950000E+00 1.064279092E+02
1.166700000E-02 -3.403000000E-01 2.625780000E+00 1.062655353E+02
1.169860000E-02 -3.364000000E-01 2.639740000E+00 1.059784932E+02
1.172610000E-02 -3.330000000E-01 2.651910000E+00 1.057299528E+02
1.175590000E-02 -3.293000000E-01 2.665100000E+00 1.054619383E+02
1.178730000E-02 -3.253000000E-01 2.679030000E+00 1.051809999E+02
1.182800000E-02 -3.263000000E-01 2.697560000E+00 1.048190734E+02
1.186860000E-02 -3.301000000E-01 2.716340000E+00 1.044605092E+02
1.189390000E-02 -3.324000000E-01 2.728060000E+00 1.042383070E+02
1.192040000E-02 -3.348000000E-01 2.740360000E+00 1.040065770E+02
1.199650000E-02 -3.420000000E-01 2.775720000E+00 1.033468095E+02
1.202290000E-02 -3.445000000E-01 2.788030000E+00 1.031198796E+02
1.204960000E-02 -3.470000000E-01 2.800410000E+00 1.028913823E+02
1.207800000E-02 -3.496000000E-01 2.813650000E+00 1.026494453E+02
1.213760000E-02 -3.552000000E-01 2.841340000E+00 1.021453994E+02
1.216120000E-02 -3.575000000E-01 2.852360000E+00 1.019471763E+02
1.225240000E-02 -3.662000000E-01 2.895010000E+00 1.011883386E+02
1.228090000E-02 -3.689000000E-01 2.908310000E+00 1.009535132E+02
1.231260000E-02 -3.726000000E-01 2.923360000E+00 1.006935984E+02
1.234610000E-02 -3.782000000E-01 2.939790000E+00 1.004203757E+02
1.240290000E-02 -3.876000000E-01 2.967580000E+00 9.996049311E+01
1.243640000E-02 -3.932000000E-01 2.984020000E+00 9.969122897E+01
1.249660000E-02 -4.032000000E-01 3.013520000E+00 9.921098539E+01
1.252670000E-02 -4.083000000E-01 3.028310000E+00 9.897259454E+01
1.256840000E-02 -4.152000000E-01 3.048830000E+00 9.864421883E+01
1.261020000E-02 -4.222000000E-01 3.069350000E+00 9.831723525E+01
1.264010000E-02 -4.272000000E-01 3.084060000E+00 9.808466705E+01
1.267000000E-02 -4.322000000E-01 3.098780000E+00 9.785319653E+01
1.270370000E-02 -4.379000000E-01 3.115360000E+00 9.759361446E+01
1.276740000E-02 -4.486000000E-01 3.146790000E+00 9.710669361E+01
1.279830000E-02 -4.538000000E-01 3.162010000E+00 9.687224084E+01
1.288250000E-02 -4.680000000E-01 3.203560000E+00 9.623908403E+01
1.309080000E-02 -5.070000000E-01 3.322860000E+00 9.470773368E+01
1.317570000E-02 -5.222000000E-01 3.374680000E+00 9.409746731E+01
1.323750000E-02 -5.333000000E-01 3.412480000E+00 9.365816808E+01
1.331670000E-02 -5.474000000E-01 3.460980000E+00 9.310114368E+01
1.340020000E-02 -5.624000000E-01 3.512110000E+00 9.252100715E+01
1.346750000E-02 -5.744000000E-01 3.553370000E+00 9.205865974E+01
1.361730000E-02 -6.013000000E-01 3.645290000E+00 9.104594890E+01
1.370000000E-02 -6.161000000E-01 3.696110000E+00 9.049635036E+01
1.410240000E-02 -6.939000000E-01 3.957540000E+00 8.791411391E+01
1.511900000E-02 -8.905000000E-01 4.626060000E+00 8.200277796E+01
1.674160000E-02 -1.191900000E+00 5.779610000E+00 7.405504850E+01
1.817600000E-02 -1.317700000E+00 6.977720000E+00 6.821082746E+01
1.935740000E-02 -1.296900000E+00 8.055880000E+00 6.404785767E+01
2.041280000E-02 -1.233700000E+00 9.037240000E+00 6.073640069E+01
2.137960000E-02 -1.090900000E+00 9.962730000E+00 5.798985949E+01
2.253700000E-02 -7.692000000E-01 1.111120000E+01 5.501175844E+01
2.320980000E-02 -5.081000000E-01 1.178340000E+01 5.341709106E+01
2.400270000E-02 -1.501000000E-01 1.256960000E+01 5.165252242E+01
2.483790000E-02 3.148000000E-01 1.337620000E+01 4.991565309E+01
2.513600000E-02 4.959000000E-01 1.366310000E+01 4.932367919E+01
2.540970000E-02 6.801000000E-01 1.391680000E+01 4.879239031E+01
2.610000000E-02 1.170800000E+00 1.454740000E+01 4.750191571E+01
2.660730000E-02 1.560700000E+00 1.498820000E+01 4.659623487E+01
2.691540000E-02 1.815000000E+00 1.524860000E+01 4.606284878E+01
2.800000000E-02 2.769500000E+00 1.609580000E+01 4.427857143E+01
2.951210000E-02 4.269000000E+00 1.706850000E+01 4.200988747E+01
3.282500000E-02 7.865100000E+00 1.825190000E+01 3.776999238E+01
3.548130000E-02 1.065320000E+01 1.827430000E+01 3.494234991E+01
3.842120000E-02 1.331110000E+01 1.751750000E+01 3.226864335E+01
4.130350000E-02 1.531870000E+01 1.631800000E+01 3.001682666E+01
4.278090000E-02 1.614290000E+01 1.561930000E+01 2.898022248E+01
4.494260000E-02 1.708180000E+01 1.455040000E+01 2.758629897E+01
4.594370000E-02 1.742070000E+01 1.405840000E+01 2.698520145E+01
4.632500000E-02 1.754380000E+01 1.387160000E+01 2.676308689E+01
4.666620000E-02 1.764160000E+01 1.370440000E+01 2.656740853E+01
4.700750000E-02 1.773060000E+01 1.353880000E+01 2.637451471E+01
4.723500000E-02 1.778720000E+01 1.342890000E+01 2.624748597E+01
4.746240000E-02 1.784390000E+01 1.331910000E+01 2.612173004E+01
4.763310000E-02 1.788640000E+01 1.323670000E+01 2.602811910E+01
4.773740000E-02 1.791230000E+01 1.318630000E+01 2.597125105E+01
4.778480000E-02 1.792410000E+01 1.316330000E+01 2.594548894E+01
4.802010000E-02 1.797500000E+01 1.305210000E+01 2.581835523E+01
4.813770000E-02 1.799580000E+01 1.299710000E+01 2.575528120E+01
4.825860000E-02 1.801720000E+01 1.294050000E+01 2.569075771E+01
4.837290000E-02 1.803740000E+01 1.288710000E+01 2.563005319E+01
4.849050000E-02 1.805820000E+01 1.283210000E+01 2.556789474E+01
4.854930000E-02 1.806860000E+01 1.280450000E+01 2.553692844E+01
4.866700000E-02 1.808940000E+01 1.274950000E+01 2.547516798E+01
4.878460000E-02 1.811020000E+01 1.269450000E+01 2.541375762E+01
4.884340000E-02 1.812060000E+01 1.266700000E+01 2.538316333E+01
4.892240000E-02 1.813450000E+01 1.263010000E+01 2.534217455E+01
4.892720000E-02 1.813540000E+01 1.262780000E+01 2.533968835E+01
4.897790000E-02 1.814430000E+01 1.260410000E+01 2.531345770E+01
4.907860000E-02 1.816000000E+01 1.255790000E+01 2.526151928E+01
4.910800000E-02 1.816460000E+01 1.254450000E+01 2.524639570E+01
4.919620000E-02 1.817840000E+01 1.250400000E+01 2.520113342E+01
4.931380000E-02 1.819670000E+01 1.245010000E+01 2.514103557E+01
4.943150000E-02 1.821510000E+01 1.239610000E+01 2.508117294E+01
4.954910000E-02 1.823340000E+01 1.234220000E+01 2.502164520E+01
4.966670000E-02 1.825040000E+01 1.228860000E+01 2.496239935E+01
4.978430000E-02 1.826580000E+01 1.223530000E+01 2.490343341E+01
4.990190000E-02 1.828050000E+01 1.218210000E+01 2.484474539E+01
5.013720000E-02 1.830630000E+01 1.207580000E+01 2.472814597E+01
5.021810000E-02 1.831380000E+01 1.203990000E+01 2.468830959E+01
5.053200000E-02 1.834260000E+01 1.190080000E+01 2.453494815E+01
5.111180000E-02 1.839180000E+01 1.164550000E+01 2.425662958E+01
5.219220000E-02 1.843690000E+01 1.118260000E+01 2.375450738E+01
5.418710000E-02 1.834240000E+01 1.037850000E+01 2.287998435E+01
5.648410000E-02 1.764550000E+01 9.530530000E+00 2.194953978E+01
5.702880000E-02 1.710570000E+01 9.509710000E+00 2.173989283E+01
5.742340000E-02 1.665810000E+01 9.852180000E+00 2.159050143E+01
5.783860000E-02 1.654110000E+01 1.054230000E+01 2.143551192E+01
5.825800000E-02 1.692740000E+01 1.111890000E+01 2.128119743E+01
5.875780000E-02 1.756090000E+01 1.129900000E+01 2.110017734E+01
6.020000000E-02 1.852610000E+01 1.089690000E+01 2.059468439E+01
6.084480000E-02 1.876650000E+01 1.068450000E+01 2.037643315E+01
6.112320000E-02 1.884900000E+01 1.059120000E+01 2.028362389E+01
6.151430000E-02 1.896380000E+01 1.046000000E+01 2.015466322E+01
6.166460000E-02 1.900790000E+01 1.040970000E+01 2.010553867E+01
6.197070000E-02 1.908360000E+01 1.030670000E+01 2.000622875E+01
6.211990000E-02 1.911460000E+01 1.025710000E+01 1.995817765E+01
6.227170000E-02 1.914620000E+01 1.020680000E+01 1.990952551E+01
6.242350000E-02 1.917770000E+01 1.015640000E+01 1.986111000E+01
6.257530000E-02 1.920920000E+01 1.010600000E+01 1.981292938E+01
6.272710000E-02 1.924080000E+01 1.005560000E+01 1.976498196E+01
6.287880000E-02 1.927230000E+01 1.000530000E+01 1.971729740E+01
6.303060000E-02 1.930380000E+01 9.954900000E+00 1.966981117E+01
6.306120000E-02 1.931020000E+01 9.944730000E+00 1.966026653E+01
6.318660000E-02 1.933080000E+01 9.902310000E+00 1.962124881E+01
6.333420000E-02 1.935170000E+01 9.853480000E+00 1.957552160E+01
6.348600000E-02 1.937150000E+01 9.804050000E+00 1.952871499E+01
6.362290000E-02 1.938940000E+01 9.759450000E+00 1.948669426E+01
6.382320000E-02 1.941550000E+01 9.694230000E+00 1.942553805E+01
6.394130000E-02 1.943100000E+01 9.655750000E+00 1.938965895E+01
6.409310000E-02 1.944750000E+01 9.606320000E+00 1.934373591E+01
6.424490000E-02 1.946190000E+01 9.556890000E+00 1.929802988E+01
6.439660000E-02 1.947630000E+01 9.507460000E+00 1.925256924E+01
6.470020000E-02 1.950510000E+01 9.408810000E+00 1.916222825E+01
6.503340000E-02 1.953280000E+01 9.302640000E+00 1.906405016E+01
6.572850000E-02 1.955210000E+01 9.081670000E+00 1.886244171E+01
6.741550000E-02 1.956430000E+01 8.565380000E+00 1.839042950E+01
7.127260000E-02 1.915120000E+01 7.482460000E+00 1.739518412E+01
7.169880000E-02 1.902820000E+01 7.375110000E+00 1.729178173E+01
7.213090000E-02 1.885370000E+01 7.290690000E+00 1.718819535E+01
7.244990000E-02 1.868820000E+01 7.274040000E+00 1.711251499E+01
7.288200000E-02 1.844960000E+01 7.372460000E+00 1.701105897E+01
7.318380000E-02 1.833890000E+01 7.528300000E+00 1.694090769E+01
7.334000000E-02 1.831630000E+01 7.625500000E+00 1.690482683E+01
7.373570000E-02 1.837120000E+01 7.858390000E+00 1.681410768E+01
7.420000000E-02 1.856690000E+01 8.008650000E+00 1.670889488E+01
7.451020000E-02 1.870630000E+01 8.024680000E+00 1.663933260E+01
7.506950000E-02 1.890060000E+01 7.961630000E+00 1.651536243E+01
7.542710000E-02 1.898780000E+01 7.899190000E+00 1.643706307E+01
7.581320000E-02 1.906390000E+01 7.826670000E+00 1.635335271E+01
7.636360000E-02 1.914520000E+01 7.718140000E+00 1.623548392E+01
7.686040000E-02 1.920110000E+01 7.619500000E+00 1.613054317E+01
7.736180000E-02 1.925060000E+01 7.518330000E+00 1.602599733E+01
7.895190000E-02 1.933870000E+01 7.197630000E+00 1.570323197E+01
8.162080000E-02 1.918570000E+01 6.780550000E+00 1.518975555E+01
8.435180000E-02 1.921240000E+01 6.536620000E+00 1.469796732E+01
8.880240000E-02 1.924000000E+01 6.098830000E+00 1.396133438E+01
9.729630000E-02 1.887580000E+01 5.023190000E+00 1.274251950E+01
1.057930000E-01 1.811880000E+01 4.200750000E+00 1.171911185E+01
1.082050000E-01 1.781900000E+01 4.063810000E+00 1.145788087E+01
1.138710000E-01 1.724810000E+01 3.797750000E+00 1.088775896E+01
1.216190000E-01 1.627310000E+01 3.578510000E+00 1.019413085E+01
1.292040000E-01 1.524570000E+01 3.630270000E+00 9.595678152E+00
1.377750000E-01 1.407050000E+01 3.984380000E+00 8.998729813E+00
1.474790000E-01 1.281140000E+01 4.706390000E+00 8.406620604E+00
1.577170000E-01 1.162540000E+01 5.809140000E+00 7.860915437E+00
1.721820000E-01 1.029550000E+01 7.840810000E+00 7.200520380E+00
1.890000000E-01 9.497400000E+00 1.069790000E+01 6.559788360E+00
2.041740000E-01 9.482800000E+00 1.336950000E+01 6.072271690E+00
2.230000000E-01 1.021790000E+01 1.647400000E+01 5.559641256E+00
2.492640000E-01 1.211840000E+01 2.018090000E+01 4.973842994E+00
2.844780000E-01 1.555370000E+01 2.379520000E+01 4.358157749E+00
3.082460000E-01 1.770920000E+01 2.530120000E+01 4.022112209E+00
3.152760000E-01 1.796500000E+01 2.601260000E+01 3.932427460E+00
3.216040000E-01 1.894020000E+01 2.677810000E+01 3.855051554E+00
3.303950000E-01 1.982950000E+01 2.716440000E+01 3.752478094E+00
3.370000000E-01 2.071190000E+01 2.784590000E+01 3.678931751E+00
3.605390000E-01 2.350050000E+01 2.826860000E+01 3.438740330E+00
4.378940000E-01 3.013190000E+01 2.889360000E+01 2.831278803E+00
4.986270000E-01 3.357240000E+01 2.834890000E+01 2.486427731E+00
5.153390000E-01 3.387060000E+01 2.935230000E+01 2.405795020E+00
5.450000000E-01 3.677730000E+01 2.923410000E+01 2.274862385E+00
6.649890000E-01 4.288840000E+01 2.707630000E+01 1.864391742E+00
7.095470000E-01 4.414530000E+01 2.621420000E+01 1.747312017E+00
8.100000000E-01 4.764460000E+01 2.431130000E+01 1.530617284E+00
9.942600000E-01 5.094270000E+01 2.057860000E+01 1.246957536E+00
1.221450000E+00 5.262190000E+01 1.698280000E+01 1.015023128E+00
1.504380000E+00 5.254630000E+01 1.368520000E+01 8.241268828E-01
1.742810000E+00 5.074150000E+01 1.162880000E+01 7.113798980E-01
1.919220000E+00 4.766330000E+01 1.040550000E+01 6.459916008E-01
2.019340000E+00 4.405390000E+01 9.802390000E+00 6.139629780E-01
2.073230000E+00 4.016030000E+01 9.511270000E+00 5.980040806E-01
2.092460000E+00 3.744810000E+01 9.685660000E+00 5.925083395E-01
2.102730000E+00 3.538530000E+01 1.037540000E+01 5.896144536E-01
2.111110000E+00 3.357440000E+01 1.163710000E+01 5.872739933E-01
2.119960000E+00 3.200270000E+01 1.378670000E+01 5.848223551E-01
2.135070000E+00 3.141370000E+01 1.849840000E+01 5.806835373E-01
2.147800000E+00 3.296140000E+01 2.165880000E+01 5.772418288E-01
2.161820000E+00 3.515220000E+01 2.327630000E+01 5.734982561E-01
2.184690000E+00 3.685610000E+01 2.397030000E+01 5.674947018E-01
2.207090000E+00 3.713910000E+01 2.563070000E+01 5.617351354E-01
2.235470000E+00 3.941990000E+01 2.846380000E+01 5.546037299E-01
2.274810000E+00 4.289830000E+01 2.933810000E+01 5.450125505E-01
2.380780000E+00 4.769820000E+01 3.020800000E+01 5.207537026E-01
2.496120000E+00 5.221650000E+01 3.057170000E+01 4.966908642E-01
2.566730000E+00 5.388430000E+01 2.946900000E+01 4.830270422E-01
2.608210000E+00 5.356340000E+01 2.917860000E+01 4.753451601E-01
2.638300000E+00 5.341910000E+01 3.056980000E+01 4.699238146E-01
2.676560000E+00 5.563620000E+01 3.188860000E+01 4.632065039E-01
2.726480000E+00 5.797840000E+01 3.127270000E+01 4.547255069E-01
2.824300000E+00 6.049680000E+01 2.976300000E+01 4.389760295E-01
2.944070000E+00 6.221740000E+01 2.808410000E+01 4.211177044E-01
3.015560000E+00 6.236850000E+01 2.777810000E+01 4.111342504E-01
3.094750000E+00 6.409630000E+01 2.775250000E+01 4.006139430E-01
3.198140000E+00 6.540200000E+01 2.652050000E+01 3.876628290E-01
3.284290000E+00 6.589190000E+01 2.626530000E+01 3.774940703E-01
3.381840000E+00 6.748240000E+01 2.561600000E+01 3.666051617E-01
3.556440000E+00 6.914579000E+01 2.389990000E+01 3.486070340E-01
3.801890000E+00 7.068359000E+01 2.177480000E+01 3.261009656E-01
4.096000000E+00 7.190545000E+01 1.959490000E+01 3.026855469E-01
4.479710000E+00 7.289563000E+01 1.723380000E+01 2.767589866E-01
4.883710000E+00 7.350919000E+01 1.517720000E+01 2.538643777E-01
5.378050000E+00 7.387532000E+01 1.315170000E+01 2.305296529E-01
6.056020000E+00 7.404459000E+01 1.099910000E+01 2.047219131E-01
6.839120000E+00 7.390811000E+01 9.129600000E+00 1.812806326E-01
7.888120000E+00 7.348166000E+01 7.315430000E+00 1.571730653E-01
9.054720000E+00 7.268807000E+01 5.887690000E+00 1.369230633E-01
1.000000000E+01 7.169566000E+01 5.026330000E+00 1.239800000E-01
1.062400000E+01 7.064891000E+01 4.561360000E+00 1.166980422E-01
1.101220000E+01 6.957137000E+01 4.305850000E+00 1.125842248E-01
1.124140000E+01 6.845963000E+01 4.167860000E+00 1.102887541E-01
1.135560000E+01 6.743180000E+01 4.185150000E+00 1.091796118E-01
1.141500000E+01 6.662890000E+01 4.421750000E+00 1.086114761E-01
1.146280000E+01 6.590280000E+01 4.910740000E+00 1.081585651E-01
1.151710000E+01 6.522950000E+01 5.882710000E+00 1.076486268E-01
1.158940000E+01 6.507520000E+01 7.594240000E+00 1.069770652E-01
1.165950000E+01 6.580820000E+01 8.984110000E+00 1.063338908E-01
1.173680000E+01 6.697860000E+01 9.705790000E+00 1.056335628E-01
1.185510000E+01 6.828951000E+01 9.804590000E+00 1.045794637E-01
1.202750000E+01 6.926489000E+01 9.584170000E+00 1.030804407E-01
1.230590000E+01 7.006191000E+01 9.226170000E+00 1.007484215E-01
1.268580000E+01 7.043056000E+01 8.767890000E+00 9.773132164E-02
1.295880000E+01 7.020805000E+01 8.456540000E+00 9.567243881E-02
1.313380000E+01 6.956470000E+01 8.428310000E+00 9.439766100E-02
1.324250000E+01 6.896379000E+01 8.970830000E+00 9.362280536E-02
1.334270000E+01 6.888939000E+01 9.916580000E+00 9.291972389E-02
1.346240000E+01 6.955899000E+01 1.071770000E+01 9.209353459E-02
1.360870000E+01 7.029030000E+01 1.083300000E+01 9.110348527E-02
1.379510000E+01 7.051374000E+01 1.104340000E+01 8.987249096E-02
1.393360000E+01 7.093976000E+01 1.159190000E+01 8.897915829E-02
1.414290000E+01 7.206420000E+01 1.175720000E+01 8.766236062E-02
1.439420000E+01 7.292861000E+01 1.145950000E+01 8.613191424E-02
1.481220000E+01 7.384331000E+01 1.096750000E+01 8.370127327E-02
1.535180000E+01 7.465529000E+01 1.038160000E+01 8.075925950E-02
1.595840000E+01 7.530675000E+01 9.766650000E+00 7.768949268E-02
1.670670000E+01 7.588280000E+01 9.085130000E+00 7.420974818E-02
1.747830000E+01 7.631308000E+01 8.457910000E+00 7.093367204E-02
1.835480000E+01 7.666481000E+01 7.821860000E+00 6.754636389E-02
1.924750000E+01 7.692474000E+01 7.246130000E+00 6.441356020E-02
1.995260000E+01 7.707718800E+01 6.834120000E+00 6.213726532E-02
2.107410000E+01 7.725090800E+01 6.253840000E+00 5.883050759E-02
2.245870000E+01 7.739065600E+01 5.637870000E+00 5.520355141E-02
2.385060000E+01 7.746561800E+01 5.103480000E+00 5.198192079E-02
2.559300000E+01 7.750610400E+01 4.541840000E+00 4.844293361E-02
2.768530000E+01 7.750700100E+01 3.985220000E+00 4.478188786E-02
3.012570000E+01 7.747064400E+01 3.454890000E+00 4.115423044E-02
3.403620000E+01 7.736391600E+01 2.810560000E+00 3.642592299E-02
3.884610000E+01 7.720388400E+01 2.240610000E+00 3.191568780E-02
4.428150000E+01 7.701286500E+01 1.788100000E+00 2.799814821E-02
5.031630000E+01 7.680496000E+01 1.431950000E+00 2.464012656E-02
5.721370000E+01 7.655154000E+01 1.143520000E+00 2.166963507E-02
6.482490000E+01 7.621691000E+01 9.182020000E-01 1.912536695E-02
7.005470000E+01 7.587847000E+01 8.003790000E-01 1.769759916E-02
7.337530000E+01 7.552906000E+01 7.372850000E-01 1.689669412E-02
7.549180000E+01 7.514669000E+01 7.012190000E-01 1.642297574E-02
7.666540000E+01 7.476143000E+01 6.857540000E-01 1.617157153E-02
7.715570000E+01 7.448850000E+01 7.070170000E-01 1.606880632E-02
7.745260000E+01 7.426628000E+01 7.662850000E-01 1.600720957E-02
7.767490000E+01 7.407542000E+01 8.588240000E-01 1.596139808E-02
7.789570000E+01 7.388029000E+01 1.008890000E+00 1.591615455E-02
7.814010000E+01 7.368861000E+01 1.252510000E+00 1.586637335E-02
7.847200000E+01 7.354206000E+01 1.693450000E+00 1.579926598E-02
7.892120000E+01 7.362615000E+01 2.337820000E+00 1.570934046E-02
7.930130000E+01 7.392068000E+01 2.754380000E+00 1.563404383E-02
7.972680000E+01 7.432369000E+01 2.996960000E+00 1.555060532E-02
8.041420000E+01 7.483808000E+01 3.075070000E+00 1.541767499E-02
8.135310000E+01 7.525093000E+01 3.028720000E+00 1.523973887E-02
8.286440000E+01 7.565666000E+01 2.945430000E+00 1.496179300E-02
8.491590000E+01 7.600420000E+01 2.832480000E+00 1.460032809E-02
8.786240000E+01 7.633336000E+01 2.686750000E+00 1.411070037E-02
9.135590000E+01 7.659834000E+01 2.521810000E+00 1.357109940E-02
9.560410000E+01 7.681241000E+01 2.341970000E+00 1.296806309E-02
1.010520000E+02 7.699771000E+01 2.141860000E+00 1.226893085E-02
1.076930000E+02 7.714696700E+01 1.933290000E+00 1.151235456E-02
1.150380000E+02 7.725447200E+01 1.734430000E+00 1.077730837E-02
1.255410000E+02 7.734246800E+01 1.499700000E+00 9.875658152E-03
1.400820000E+02 7.739742600E+01 1.249780000E+00 8.850530404E-03
1.597980000E+02 7.741802000E+01 1.001780000E+00 7.758545163E-03
1.822910000E+02 7.740851000E+01 8.033400000E-01 6.801213444E-03
2.078800000E+02 7.738462700E+01 6.445900000E-01 5.964017703E-03
2.370570000E+02 7.735332300E+01 5.177010000E-01 5.229965789E-03
2.711460000E+02 7.731949900E+01 4.155000000E-01 4.572444366E-03
3.098260000E+02 7.728687300E+01 3.353790000E-01 4.001600899E-03
3.536440000E+02 7.725719500E+01 2.728330000E-01 3.505785479E-03
4.035030000E+02 7.723130700E+01 2.235200000E-01 3.072591778E-03
4.630860000E+02 7.720806500E+01 1.828280000E-01 2.677256492E-03
5.344780000E+02 7.718794900E+01 1.497570000E-01 2.319646459E-03
6.202940000E+02 7.717098700E+01 1.230720000E-01 1.998729635E-03
7.248270000E+02 7.715717300E+01 1.015790000E-01 1.710477121E-03
8.513500000E+02 7.714657100E+01 8.442820000E-02 1.456275327E-03
1.002160000E+03 7.713899700E+01 7.106400000E-02 1.237127804E-03
1.173410000E+03 7.713450700E+01 5.970070000E-02 1.056578689E-03
1.405560000E+03 7.713017600E+01 4.874960000E-02 8.820683571E-04
1.619760000E+03 7.712754700E+01 4.155950000E-02 7.654220378E-04
1.870800000E+03 7.712543000E+01 3.535720000E-02 6.627111396E-04
2.235890000E+03 7.712338700E+01 2.893080000E-02 5.544995505E-04
2.567150000E+03 7.712215100E+01 2.477090000E-02 4.829480163E-04
3.012940000E+03 7.712101000E+01 2.070510000E-02 4.114917655E-04
3.543650000E+03 7.712009100E+01 1.724380000E-02 3.498652519E-04
4.068660000E+03 7.711942100E+01 1.476440000E-02 3.047194900E-04
4.852380000E+03 7.711868600E+01 1.211750000E-02 2.555034849E-04
5.616310000E+03 7.711824300E+01 1.027790000E-02 2.207499230E-04
6.458510000E+03 7.711792600E+01 8.785290000E-03 1.919637811E-04
7.752660000E+03 7.711762400E+01 7.154760000E-03 1.599193051E-04
8.901250000E+03 7.711746000E+01 6.126000000E-03 1.392838085E-04
1.000000000E+04 7.711735200E+01 5.384440000E-03 1.239800000E-04
