# Data retrieved from https://www-nds.iaea.org/epdl97/za1to100.htm 03/01/2021
# Element, Re  (Z = 75) 
# Atomic weight, g mol-1 = 186.2 
# Nominal density, g cm-3 =  2.10200E+1 
# Relativistic correction estimate f_rel(5CL)*,  e atom-1 =  0 
# Nuclear Thomson correction f_NT*, e atom-1 =  0 
#    E [keV]      f1 [e atom-1]      f2 [e atom-1]    Wavelength [nm] 
1.000000000E-03 6.523500000E+00 0.000000000E+00 1.239800000E+03
1.019750000E-03 6.522500000E+00 0.000000000E+00 1.215788183E+03
1.022260000E-03 6.522300000E+00 0.000000000E+00 1.212803005E+03
1.024770000E-03 6.522200000E+00 0.000000000E+00 1.209832450E+03
1.027280000E-03 6.522100000E+00 0.000000000E+00 1.206876411E+03
1.029790000E-03 6.521900000E+00 0.000000000E+00 1.203934783E+03
1.032300000E-03 6.521800000E+00 0.000000000E+00 1.201007459E+03
1.034810000E-03 6.521700000E+00 0.000000000E+00 1.198094336E+03
1.037320000E-03 6.521600000E+00 0.000000000E+00 1.195195311E+03
1.039830000E-03 6.521400000E+00 0.000000000E+00 1.192310281E+03
1.042340000E-03 6.521300000E+00 0.000000000E+00 1.189439147E+03
1.044850000E-03 6.521200000E+00 0.000000000E+00 1.186581806E+03
1.047360000E-03 6.521000000E+00 0.000000000E+00 1.183738161E+03
1.049870000E-03 6.520900000E+00 0.000000000E+00 1.180908112E+03
1.052380000E-03 6.520800000E+00 0.000000000E+00 1.178091564E+03
1.057400000E-03 6.520500000E+00 0.000000000E+00 1.172498581E+03
1.059910000E-03 6.520400000E+00 0.000000000E+00 1.169721958E+03
1.062420000E-03 6.520200000E+00 0.000000000E+00 1.166958453E+03
1.064930000E-03 6.520100000E+00 0.000000000E+00 1.164207976E+03
1.067440000E-03 6.520000000E+00 0.000000000E+00 1.161470434E+03
1.069950000E-03 6.519800000E+00 0.000000000E+00 1.158745736E+03
1.203690000E-03 6.512800000E+00 0.000000000E+00 1.029999418E+03
1.354160000E-03 6.504900000E+00 0.000000000E+00 9.155491227E+02
1.523420000E-03 6.496000000E+00 0.000000000E+00 8.138267845E+02
1.713850000E-03 6.486100000E+00 0.000000000E+00 7.234005310E+02
1.928080000E-03 6.474800000E+00 0.000000000E+00 6.430231111E+02
2.000000000E-03 6.471000000E+00 0.000000000E+00 6.199000000E+02
2.169090000E-03 6.451900000E+00 0.000000000E+00 5.715760987E+02
2.419190000E-03 6.423500000E+00 0.000000000E+00 5.124855840E+02
2.638030000E-03 6.398700000E+00 0.000000000E+00 4.699719109E+02
2.829510000E-03 6.376900000E+00 0.000000000E+00 4.381677393E+02
2.997060000E-03 6.357900000E+00 0.000000000E+00 4.136720653E+02
3.143670000E-03 6.341300000E+00 0.000000000E+00 3.943798172E+02
3.271940000E-03 6.326800000E+00 0.000000000E+00 3.789189288E+02
3.384190000E-03 6.314000000E+00 0.000000000E+00 3.663505891E+02
3.482400000E-03 6.302900000E+00 0.000000000E+00 3.560188376E+02
3.568340000E-03 6.293100000E+00 0.000000000E+00 3.474444700E+02
3.643530000E-03 6.284600000E+00 0.000000000E+00 3.402744042E+02
3.709330000E-03 6.277100000E+00 0.000000000E+00 3.342382587E+02
3.824470000E-03 6.264100000E+00 0.000000000E+00 3.241756374E+02
3.910820000E-03 6.254300000E+00 0.000000000E+00 3.170179144E+02
3.975590000E-03 6.246900000E+00 0.000000000E+00 3.118530834E+02
4.024170000E-03 6.239100000E+00 0.000000000E+00 3.080883760E+02
4.060600000E-03 6.231400000E+00 0.000000000E+00 3.053243363E+02
4.087920000E-03 6.225600000E+00 0.000000000E+00 3.032838216E+02
4.108420000E-03 6.221300000E+00 0.000000000E+00 3.017705103E+02
4.123780000E-03 6.218000000E+00 0.000000000E+00 3.006464942E+02
4.146840000E-03 6.213200000E+00 0.000000000E+00 2.989746409E+02
4.158370000E-03 6.210700000E+00 0.000000000E+00 2.981456677E+02
4.164130000E-03 6.209500000E+00 0.000000000E+00 2.977332600E+02
4.169890000E-03 6.208300000E+00 0.000000000E+00 2.973219917E+02
4.180160000E-03 6.206100000E+00 0.000000000E+00 2.965915180E+02
4.190420000E-03 6.204000000E+00 0.000000000E+00 2.958653309E+02
4.200680000E-03 6.201800000E+00 0.000000000E+00 2.951426912E+02
4.210950000E-03 6.199600000E+00 0.000000000E+00 2.944228737E+02
4.221210000E-03 6.197500000E+00 0.000000000E+00 2.937072546E+02
4.231480000E-03 6.195300000E+00 0.000000000E+00 2.929944133E+02
4.236610000E-03 6.194200000E+00 0.000000000E+00 2.926396340E+02
4.241740000E-03 6.193100000E+00 0.000000000E+00 2.922857129E+02
4.246870000E-03 6.192000000E+00 0.000000000E+00 2.919326469E+02
4.252000000E-03 6.191000000E+00 0.000000000E+00 2.915804327E+02
4.259700000E-03 6.189300000E+00 0.000000000E+00 2.910533606E+02
4.262270000E-03 6.188800000E+00 0.000000000E+00 2.908778656E+02
4.271250000E-03 6.186900000E+00 0.000000000E+00 2.902663155E+02
4.273810000E-03 6.186400000E+00 0.000000000E+00 2.900924468E+02
4.276060000E-03 6.185900000E+00 0.000000000E+00 2.899398044E+02
4.279430000E-03 6.185200000E+00 0.000000000E+00 2.897114803E+02
4.281110000E-03 6.184800000E+00 0.000000000E+00 2.895977912E+02
4.281950000E-03 6.184600000E+00 0.000000000E+00 2.895409802E+02
4.283440000E-03 6.184300000E+00 0.000000000E+00 2.894402630E+02
4.285840000E-03 6.183800000E+00 0.000000000E+00 2.892781812E+02
4.295620000E-03 6.181800000E+00 0.000000000E+00 2.886195706E+02
4.303320000E-03 6.180100000E+00 0.000000000E+00 2.881031390E+02
4.308450000E-03 6.179000000E+00 0.000000000E+00 2.877600993E+02
4.313580000E-03 6.178000000E+00 0.000000000E+00 2.874178756E+02
4.318720000E-03 6.176900000E+00 0.000000000E+00 2.870758002E+02
4.323850000E-03 6.175800000E+00 0.000000000E+00 2.867352013E+02
4.334110000E-03 6.173600000E+00 0.000000000E+00 2.860564222E+02
4.344380000E-03 6.171500000E+00 0.000000000E+00 2.853801923E+02
4.354640000E-03 6.169300000E+00 0.000000000E+00 2.847078059E+02
4.370030000E-03 6.166000000E+00 0.000000000E+00 2.837051462E+02
4.372600000E-03 6.165500000E+00 0.000000000E+00 2.835383982E+02
4.375170000E-03 6.165000000E+00 0.000000000E+00 2.833718461E+02
4.378100000E-03 6.164300000E+00 0.000000000E+00 2.831822023E+02
4.383880000E-03 6.163100000E+00 0.000000000E+00 2.828088360E+02
4.389480000E-03 6.161900000E+00 0.000000000E+00 2.824480348E+02
4.394900000E-03 6.160800000E+00 0.000000000E+00 2.820997065E+02
4.400160000E-03 6.159700000E+00 0.000000000E+00 2.817624814E+02
4.405240000E-03 6.158600000E+00 0.000000000E+00 2.814375607E+02
4.410170000E-03 6.157600000E+00 0.000000000E+00 2.811229499E+02
4.414950000E-03 6.156600000E+00 0.000000000E+00 2.808185823E+02
4.419580000E-03 6.155600000E+00 0.000000000E+00 2.805243937E+02
4.421820000E-03 6.155100000E+00 0.000000000E+00 2.803822860E+02
4.424030000E-03 6.154600000E+00 0.000000000E+00 2.802422226E+02
4.428370000E-03 6.153700000E+00 0.000000000E+00 2.799675727E+02
4.436780000E-03 6.152000000E+00 0.000000000E+00 2.794368889E+02
4.499900000E-03 6.138600000E+00 0.000000000E+00 2.755172337E+02
4.531460000E-03 6.132000000E+00 0.000000000E+00 2.735983546E+02
4.547240000E-03 6.128600000E+00 0.000000000E+00 2.726489035E+02
4.563020000E-03 6.125300000E+00 0.000000000E+00 2.717060193E+02
4.574250000E-03 6.122900000E+00 0.000000000E+00 2.710389681E+02
4.585480000E-03 6.120600000E+00 0.000000000E+00 2.703751843E+02
4.596710000E-03 6.118200000E+00 0.000000000E+00 2.697146437E+02
4.607940000E-03 6.115800000E+00 0.000000000E+00 2.690573228E+02
4.613710000E-03 6.114600000E+00 0.000000000E+00 2.687208342E+02
4.622060000E-03 6.112800000E+00 0.000000000E+00 2.682353756E+02
4.636420000E-03 6.109800000E+00 0.000000000E+00 2.674045923E+02
4.647780000E-03 6.107400000E+00 0.000000000E+00 2.667510080E+02
4.659130000E-03 6.105000000E+00 0.000000000E+00 2.661011820E+02
4.670490000E-03 6.102600000E+00 0.000000000E+00 2.654539459E+02
4.678530000E-03 6.100900000E+00 0.000000000E+00 2.649977664E+02
4.686560000E-03 6.099200000E+00 0.000000000E+00 2.645437165E+02
4.695560000E-03 6.097300000E+00 0.000000000E+00 2.640366644E+02
4.700060000E-03 6.096400000E+00 0.000000000E+00 2.637838666E+02
4.704560000E-03 6.095400000E+00 0.000000000E+00 2.635315524E+02
4.713070000E-03 6.093600000E+00 0.000000000E+00 2.630557153E+02
4.718750000E-03 6.092400000E+00 0.000000000E+00 2.627390728E+02
4.723010000E-03 6.091500000E+00 0.000000000E+00 2.625020908E+02
4.725140000E-03 6.091100000E+00 0.000000000E+00 2.623837601E+02
4.725670000E-03 6.091000000E+00 0.000000000E+00 2.623543328E+02
4.726070000E-03 6.090900000E+00 0.000000000E+00 2.623321280E+02
4.726370000E-03 6.090800000E+00 0.000000000E+00 2.623154768E+02
4.726640000E-03 6.090800000E+00 0.000000000E+00 2.623004925E+02
4.726950000E-03 6.090700000E+00 0.000000000E+00 2.622832905E+02
4.727110000E-03 6.090700000E+00 0.000000000E+00 2.622744129E+02
4.727450000E-03 6.090600000E+00 0.000000000E+00 2.622555500E+02
4.728150000E-03 6.090400000E+00 0.000000000E+00 2.622167232E+02
4.738630000E-03 6.088200000E+00 0.000000000E+00 2.616368022E+02
4.741470000E-03 6.087600000E+00 0.000000000E+00 2.614800895E+02
4.749980000E-03 6.085800000E+00 0.000000000E+00 2.610116253E+02
4.753780000E-03 6.085000000E+00 0.000000000E+00 2.608029820E+02
4.759480000E-03 6.083800000E+00 0.000000000E+00 2.604906418E+02
4.765180000E-03 6.082600000E+00 0.000000000E+00 2.601790489E+02
4.774620000E-03 6.080600000E+00 0.000000000E+00 2.596646435E+02
4.779330000E-03 6.079600000E+00 0.000000000E+00 2.594087456E+02
4.784050000E-03 6.078600000E+00 0.000000000E+00 2.591528099E+02
4.795410000E-03 6.076200000E+00 0.000000000E+00 2.585388945E+02
4.806760000E-03 6.073800000E+00 0.000000000E+00 2.579284175E+02
4.818120000E-03 6.071400000E+00 0.000000000E+00 2.573202826E+02
4.829470000E-03 6.069000000E+00 0.000000000E+00 2.567155402E+02
4.840830000E-03 6.066600000E+00 0.000000000E+00 2.561131046E+02
4.846020000E-03 6.065600000E+00 0.000000000E+00 2.558388121E+02
4.856070000E-03 6.063400000E+00 0.000000000E+00 2.553093345E+02
4.874910000E-03 6.059500000E+00 0.000000000E+00 2.543226439E+02
4.891400000E-03 6.056000000E+00 0.000000000E+00 2.534652656E+02
4.920260000E-03 6.049900000E+00 0.000000000E+00 2.519785540E+02
5.006830000E-03 6.031200000E+00 0.000000000E+00 2.476217487E+02
5.019160000E-03 6.027800000E+00 0.000000000E+00 2.470134445E+02
5.031480000E-03 6.024400000E+00 0.000000000E+00 2.464086114E+02
5.043800000E-03 6.021000000E+00 0.000000000E+00 2.458067330E+02
5.049970000E-03 6.019300000E+00 0.000000000E+00 2.455064089E+02
5.056130000E-03 6.017600000E+00 0.000000000E+00 2.452073028E+02
5.059210000E-03 6.016800000E+00 0.000000000E+00 2.450580229E+02
5.063830000E-03 6.015500000E+00 0.000000000E+00 2.448344435E+02
5.069990000E-03 6.013800000E+00 0.000000000E+00 2.445369715E+02
5.072690000E-03 6.013100000E+00 0.000000000E+00 2.444068137E+02
5.074710000E-03 6.012500000E+00 0.000000000E+00 2.443095270E+02
5.077740000E-03 6.011700000E+00 0.000000000E+00 2.441637421E+02
5.080780000E-03 6.010900000E+00 0.000000000E+00 2.440176508E+02
5.082320000E-03 6.010500000E+00 0.000000000E+00 2.439437107E+02
5.085010000E-03 6.009700000E+00 0.000000000E+00 2.438146631E+02
5.087030000E-03 6.009200000E+00 0.000000000E+00 2.437178472E+02
5.090070000E-03 6.008300000E+00 0.000000000E+00 2.435722888E+02
5.093100000E-03 6.007500000E+00 0.000000000E+00 2.434273821E+02
5.099260000E-03 6.005800000E+00 0.000000000E+00 2.431333174E+02
5.102340000E-03 6.005000000E+00 0.000000000E+00 2.429865513E+02
5.111580000E-03 6.002400000E+00 0.000000000E+00 2.425473141E+02
5.114670000E-03 6.001600000E+00 0.000000000E+00 2.424007805E+02
5.117750000E-03 6.000700000E+00 0.000000000E+00 2.422548972E+02
5.130070000E-03 5.997400000E+00 0.000000000E+00 2.416731156E+02
5.142390000E-03 5.994000000E+00 0.000000000E+00 2.410941216E+02
5.154720000E-03 5.990600000E+00 0.000000000E+00 2.405174287E+02
5.167040000E-03 5.987200000E+00 0.000000000E+00 2.399439524E+02
5.179360000E-03 5.983800000E+00 0.000000000E+00 2.393732044E+02
5.191690000E-03 5.980400000E+00 0.000000000E+00 2.388047052E+02
5.204010000E-03 5.977100000E+00 0.000000000E+00 2.382393577E+02
5.216340000E-03 5.973700000E+00 0.000000000E+00 2.376762251E+02
5.228660000E-03 5.970300000E+00 0.000000000E+00 2.371162019E+02
5.240980000E-03 5.966900000E+00 0.000000000E+00 2.365588115E+02
5.253310000E-03 5.963500000E+00 0.000000000E+00 2.360035863E+02
5.263600000E-03 5.960700000E+00 0.000000000E+00 2.355422145E+02
5.283550000E-03 5.955200000E+00 0.000000000E+00 2.346528376E+02
5.320950000E-03 5.945000000E+00 0.000000000E+00 2.330035050E+02
5.386410000E-03 5.927000000E+00 0.000000000E+00 2.301718584E+02
5.484590000E-03 5.900100000E+00 0.000000000E+00 2.260515371E+02
5.533680000E-03 5.886600000E+00 0.000000000E+00 2.240462043E+02
5.558220000E-03 5.879900000E+00 0.000000000E+00 2.230570219E+02
5.570490000E-03 5.876500000E+00 0.000000000E+00 2.225656989E+02
5.576630000E-03 5.874800000E+00 0.000000000E+00 2.223206489E+02
5.582770000E-03 5.873100000E+00 0.000000000E+00 2.220761378E+02
5.589640000E-03 5.871200000E+00 0.000000000E+00 2.218031930E+02
5.603380000E-03 5.867500000E+00 0.000000000E+00 2.212593113E+02
5.610250000E-03 5.865600000E+00 0.000000000E+00 2.209883695E+02
5.623990000E-03 5.861800000E+00 0.000000000E+00 2.204484716E+02
5.625710000E-03 5.861400000E+00 0.000000000E+00 2.203810719E+02
5.637730000E-03 5.858100000E+00 0.000000000E+00 2.199112054E+02
5.638990000E-03 5.857700000E+00 0.000000000E+00 2.198620675E+02
5.642130000E-03 5.856800000E+00 0.000000000E+00 2.197397082E+02
5.643300000E-03 5.856500000E+00 0.000000000E+00 2.196941506E+02
5.651470000E-03 5.854300000E+00 0.000000000E+00 2.193765516E+02
5.652540000E-03 5.854000000E+00 0.000000000E+00 2.193350246E+02
5.654530000E-03 5.853400000E+00 0.000000000E+00 2.192578340E+02
5.656270000E-03 5.853000000E+00 0.000000000E+00 2.191903852E+02
5.657800000E-03 5.852500000E+00 0.000000000E+00 2.191311110E+02
5.660470000E-03 5.851800000E+00 0.000000000E+00 2.190277486E+02
5.663980000E-03 5.850900000E+00 0.000000000E+00 2.188920159E+02
5.666230000E-03 5.850200000E+00 0.000000000E+00 2.188050962E+02
5.670000000E-03 5.849200000E+00 0.000000000E+00 2.186596120E+02
5.671410000E-03 5.848800000E+00 0.000000000E+00 2.186052498E+02
5.674560000E-03 5.847900000E+00 0.000000000E+00 2.184839001E+02
5.676750000E-03 5.847300000E+00 0.000000000E+00 2.183996125E+02
5.678750000E-03 5.846800000E+00 0.000000000E+00 2.183226943E+02
5.680490000E-03 5.846300000E+00 0.000000000E+00 2.182558195E+02
5.683540000E-03 5.845500000E+00 0.000000000E+00 2.181386952E+02
5.685830000E-03 5.844900000E+00 0.000000000E+00 2.180508387E+02
5.689260000E-03 5.843900000E+00 0.000000000E+00 2.179193779E+02
5.690980000E-03 5.843400000E+00 0.000000000E+00 2.178535156E+02
5.703000000E-03 5.840100000E+00 0.000000000E+00 2.173943538E+02
5.706440000E-03 5.839200000E+00 0.000000000E+00 2.172633025E+02
5.720180000E-03 5.835400000E+00 0.000000000E+00 2.167414312E+02
5.733920000E-03 5.831700000E+00 0.000000000E+00 2.162220610E+02
5.747660000E-03 5.827900000E+00 0.000000000E+00 2.157051739E+02
5.756430000E-03 5.825500000E+00 0.000000000E+00 2.153765441E+02
5.765200000E-03 5.823100000E+00 0.000000000E+00 2.150489142E+02
5.777040000E-03 5.819800000E+00 0.000000000E+00 2.146081730E+02
5.788890000E-03 5.816600000E+00 0.000000000E+00 2.141688648E+02
5.802630000E-03 5.812800000E+00 0.000000000E+00 2.136617361E+02
5.816370000E-03 5.809000000E+00 0.000000000E+00 2.131570034E+02
5.830110000E-03 5.805300000E+00 0.000000000E+00 2.126546497E+02
5.848090000E-03 5.800300000E+00 0.000000000E+00 2.120008413E+02
5.857590000E-03 5.797700000E+00 0.000000000E+00 2.116570125E+02
5.861910000E-03 5.796500000E+00 0.000000000E+00 2.115010295E+02
5.875730000E-03 5.792500000E+00 0.000000000E+00 2.110035689E+02
5.889540000E-03 5.788100000E+00 0.000000000E+00 2.105088003E+02
5.918740000E-03 5.778900000E+00 0.000000000E+00 2.094702589E+02
6.006340000E-03 5.751100000E+00 0.000000000E+00 2.064152212E+02
6.026580000E-03 5.743700000E+00 0.000000000E+00 2.057219849E+02
6.041420000E-03 5.738300000E+00 0.000000000E+00 2.052166544E+02
6.056250000E-03 5.732900000E+00 0.000000000E+00 2.047141383E+02
6.071080000E-03 5.727600000E+00 0.000000000E+00 2.042140772E+02
6.085920000E-03 5.722200000E+00 0.000000000E+00 2.037161185E+02
6.100750000E-03 5.716800000E+00 0.000000000E+00 2.032209155E+02
6.124610000E-03 5.708100000E+00 0.000000000E+00 2.024292159E+02
6.145250000E-03 5.700700000E+00 0.000000000E+00 2.017493186E+02
6.160090000E-03 5.695300000E+00 0.000000000E+00 2.012632932E+02
6.174920000E-03 5.689900000E+00 0.000000000E+00 2.007799291E+02
6.189750000E-03 5.684500000E+00 0.000000000E+00 2.002988812E+02
6.204590000E-03 5.679100000E+00 0.000000000E+00 1.998198108E+02
6.228100000E-03 5.670600000E+00 0.000000000E+00 1.990655256E+02
6.249090000E-03 5.663000000E+00 0.000000000E+00 1.983968866E+02
6.263920000E-03 5.657600000E+00 0.000000000E+00 1.979271766E+02
6.278760000E-03 5.652200000E+00 0.000000000E+00 1.974593710E+02
6.293590000E-03 5.646800000E+00 0.000000000E+00 1.969940845E+02
6.308420000E-03 5.641500000E+00 0.000000000E+00 1.965309856E+02
6.323260000E-03 5.636100000E+00 0.000000000E+00 1.960697488E+02
6.339840000E-03 5.630100000E+00 0.000000000E+00 1.955569857E+02
6.355450000E-03 5.624400000E+00 0.000000000E+00 1.950766665E+02
6.371050000E-03 5.618700000E+00 0.000000000E+00 1.945990064E+02
6.386660000E-03 5.613100000E+00 0.000000000E+00 1.941233759E+02
6.402260000E-03 5.607400000E+00 0.000000000E+00 1.936503672E+02
6.417870000E-03 5.601800000E+00 0.000000000E+00 1.931793570E+02
6.438720000E-03 5.594200000E+00 0.000000000E+00 1.925537995E+02
6.445680000E-03 5.591700000E+00 0.000000000E+00 1.923458813E+02
6.450430000E-03 5.589900000E+00 0.000000000E+00 1.922042406E+02
6.457550000E-03 5.587400000E+00 0.000000000E+00 1.919923191E+02
6.464680000E-03 5.584800000E+00 0.000000000E+00 1.917805676E+02
6.477410000E-03 5.580200000E+00 0.000000000E+00 1.914036629E+02
6.493270000E-03 5.574400000E+00 0.000000000E+00 1.909361539E+02
6.497920000E-03 5.572700000E+00 0.000000000E+00 1.907995174E+02
6.511850000E-03 5.567700000E+00 0.000000000E+00 1.903913634E+02
6.515820000E-03 5.566200000E+00 0.000000000E+00 1.902753606E+02
6.521790000E-03 5.564100000E+00 0.000000000E+00 1.901011839E+02
6.527760000E-03 5.561900000E+00 0.000000000E+00 1.899273258E+02
6.533360000E-03 5.559900000E+00 0.000000000E+00 1.897645316E+02
6.538270000E-03 5.558100000E+00 0.000000000E+00 1.896220254E+02
6.546850000E-03 5.555000000E+00 0.000000000E+00 1.893735155E+02
6.553290000E-03 5.552600000E+00 0.000000000E+00 1.891874158E+02
6.558120000E-03 5.550900000E+00 0.000000000E+00 1.890480809E+02
6.565360000E-03 5.548200000E+00 0.000000000E+00 1.888396067E+02
6.568980000E-03 5.546900000E+00 0.000000000E+00 1.887355419E+02
6.582000000E-03 5.542000000E+00 0.000000000E+00 1.883621999E+02
6.591400000E-03 5.537500000E+00 0.000000000E+00 1.880935765E+02
6.605120000E-03 5.531000000E+00 0.000000000E+00 1.877028729E+02
6.620730000E-03 5.523600000E+00 0.000000000E+00 1.872603172E+02
6.639130000E-03 5.514900000E+00 0.000000000E+00 1.867413351E+02
6.650260000E-03 5.509600000E+00 0.000000000E+00 1.864288013E+02
6.666960000E-03 5.501700000E+00 0.000000000E+00 1.859618177E+02
6.683660000E-03 5.493800000E+00 0.000000000E+00 1.854971677E+02
6.699520000E-03 5.486300000E+00 0.000000000E+00 1.850580340E+02
6.715390000E-03 5.478700000E+00 0.000000000E+00 1.846206996E+02
6.731250000E-03 5.471200000E+00 0.000000000E+00 1.841857010E+02
6.750500000E-03 5.462100000E+00 0.000000000E+00 1.836604696E+02
6.762980000E-03 5.456200000E+00 0.000000000E+00 1.833215535E+02
6.773470000E-03 5.451200000E+00 0.000000000E+00 1.830376454E+02
6.782330000E-03 5.447000000E+00 0.000000000E+00 1.827985368E+02
6.799260000E-03 5.439000000E+00 0.000000000E+00 1.823433727E+02
6.815830000E-03 5.430300000E+00 0.000000000E+00 1.819000767E+02
6.838800000E-03 5.417800000E+00 0.000000000E+00 1.812891150E+02
6.872470000E-03 5.399500000E+00 0.000000000E+00 1.804009330E+02
6.889300000E-03 5.390300000E+00 0.000000000E+00 1.799602282E+02
6.906130000E-03 5.381100000E+00 0.000000000E+00 1.795216713E+02
6.924750000E-03 5.371000000E+00 0.000000000E+00 1.790389545E+02
6.945770000E-03 5.359600000E+00 0.000000000E+00 1.784971285E+02
6.966800000E-03 5.348200000E+00 0.000000000E+00 1.779583166E+02
6.975390000E-03 5.343500000E+00 0.000000000E+00 1.777391658E+02
6.992260000E-03 5.334300000E+00 0.000000000E+00 1.773103403E+02
7.009140000E-03 5.325100000E+00 0.000000000E+00 1.768833266E+02
7.026100000E-03 5.315900000E+00 0.000000000E+00 1.764563556E+02
7.043400000E-03 5.306500000E+00 0.000000000E+00 1.760229435E+02
7.058930000E-03 5.298100000E+00 0.000000000E+00 1.756356842E+02
7.074460000E-03 5.289600000E+00 0.000000000E+00 1.752501251E+02
7.093530000E-03 5.279200000E+00 0.000000000E+00 1.747789887E+02
7.108130000E-03 5.271300000E+00 0.000000000E+00 1.744199951E+02
7.124960000E-03 5.262200000E+00 0.000000000E+00 1.740079944E+02
7.141790000E-03 5.253000000E+00 0.000000000E+00 1.735979355E+02
7.161050000E-03 5.242500000E+00 0.000000000E+00 1.731310353E+02
7.177920000E-03 5.233300000E+00 0.000000000E+00 1.727241318E+02
7.190760000E-03 5.226400000E+00 0.000000000E+00 1.724157113E+02
7.203600000E-03 5.219400000E+00 0.000000000E+00 1.721083902E+02
7.216770000E-03 5.212200000E+00 0.000000000E+00 1.717943069E+02
7.228220000E-03 5.206000000E+00 0.000000000E+00 1.715221728E+02
7.245630000E-03 5.196500000E+00 0.000000000E+00 1.711100346E+02
7.263040000E-03 5.187100000E+00 0.000000000E+00 1.706998722E+02
7.280440000E-03 5.176600000E+00 0.000000000E+00 1.702919054E+02
7.303030000E-03 5.162100000E+00 0.000000000E+00 1.697651523E+02
7.332660000E-03 5.143100000E+00 0.000000000E+00 1.690791609E+02
7.350060000E-03 5.132000000E+00 0.000000000E+00 1.686788951E+02
7.363210000E-03 5.123600000E+00 0.000000000E+00 1.683776505E+02
7.367730000E-03 5.120700000E+00 0.000000000E+00 1.682743532E+02
7.384880000E-03 5.107700000E+00 0.000000000E+00 1.678835675E+02
7.397920000E-03 5.097700000E+00 0.000000000E+00 1.675876463E+02
7.415590000E-03 5.084000000E+00 0.000000000E+00 1.671883154E+02
7.419690000E-03 5.080900000E+00 0.000000000E+00 1.670959299E+02
7.433710000E-03 5.070100000E+00 0.000000000E+00 1.667807864E+02
7.451830000E-03 5.056100000E+00 0.000000000E+00 1.663752394E+02
7.466280000E-03 5.044900000E+00 0.000000000E+00 1.660532420E+02
7.486790000E-03 5.029100000E+00 0.000000000E+00 1.655983405E+02
7.507310000E-03 5.012700000E+00 0.000000000E+00 1.651457047E+02
7.530540000E-03 4.990700000E+00 0.000000000E+00 1.646362678E+02
7.548990000E-03 4.973200000E+00 0.000000000E+00 1.642338909E+02
7.578660000E-03 4.944400000E+00 0.000000000E+00 1.635909250E+02
7.622950000E-03 4.899500000E+00 0.000000000E+00 1.626404476E+02
7.651950000E-03 4.870100000E+00 0.000000000E+00 1.620240592E+02
7.673030000E-03 4.848700000E+00 0.000000000E+00 1.615789330E+02
7.696910000E-03 4.824400000E+00 0.000000000E+00 1.610776273E+02
7.718600000E-03 4.802400000E+00 0.000000000E+00 1.606249838E+02
7.746300000E-03 4.772700000E+00 6.421710000E-07 1.600506048E+02
7.758030000E-03 4.758300000E+00 1.593080000E-06 1.598086112E+02
7.785080000E-03 4.718700000E+00 1.121600000E-05 1.592533410E+02
7.799720000E-03 4.695300000E+00 2.983240000E-05 1.589544240E+02
7.816460000E-03 4.667500000E+00 8.548270000E-05 1.586140017E+02
7.835660000E-03 4.633700000E+00 2.628450000E-04 1.582253441E+02
7.860120000E-03 4.587100000E+00 9.679690000E-04 1.577329608E+02
7.885020000E-03 4.534000000E+00 3.165140000E-03 1.572348580E+02
7.910390000E-03 4.472500000E+00 9.166340000E-03 1.567305784E+02
7.932110000E-03 4.412800000E+00 2.038850000E-02 1.563014129E+02
7.951530000E-03 4.354500000E+00 3.832450000E-02 1.559196784E+02
7.972300000E-03 4.288900000E+00 6.919780000E-02 1.555134654E+02
8.000010000E-03 4.203800000E+00 1.338080000E-01 1.549748063E+02
8.025250000E-03 4.139800000E+00 2.164060000E-01 1.544873991E+02
8.050810000E-03 4.104400000E+00 3.166910000E-01 1.539969270E+02
8.073430000E-03 4.090400000E+00 4.087870000E-01 1.535654610E+02
8.115990000E-03 4.131800000E+00 5.572470000E-01 1.527601685E+02
8.136310000E-03 4.168800000E+00 6.062660000E-01 1.523786581E+02
8.209790000E-03 4.280900000E+00 6.753000000E-01 1.510148250E+02
8.318520000E-03 4.276400000E+00 6.625580000E-01 1.490409352E+02
8.403140000E-03 4.149000000E+00 6.965510000E-01 1.475400862E+02
8.463960000E-03 4.035800000E+00 8.292080000E-01 1.464798983E+02
8.507420000E-03 4.007100000E+00 9.771550000E-01 1.457316084E+02
8.548450000E-03 4.042900000E+00 1.111000000E+00 1.450321403E+02
8.579310000E-03 4.099400000E+00 1.185810000E+00 1.445104560E+02
8.624050000E-03 4.192300000E+00 1.247030000E+00 1.437607621E+02
8.657530000E-03 4.248500000E+00 1.266660000E+00 1.432048171E+02
8.674630000E-03 4.272600000E+00 1.271550000E+00 1.429225223E+02
8.704190000E-03 4.307600000E+00 1.275990000E+00 1.424371481E+02
8.733460000E-03 4.335800000E+00 1.277710000E+00 1.419597731E+02
8.772530000E-03 4.347800000E+00 1.278530000E+00 1.413275304E+02
8.797010000E-03 4.352100000E+00 1.279330000E+00 1.409342493E+02
8.817320000E-03 4.355700000E+00 1.279990000E+00 1.406096183E+02
8.857470000E-03 4.362800000E+00 1.281300000E+00 1.399722494E+02
8.891690000E-03 4.368800000E+00 1.282420000E+00 1.394335610E+02
8.947050000E-03 4.375300000E+00 1.284910000E+00 1.385708138E+02
8.990980000E-03 4.380400000E+00 1.286890000E+00 1.378937557E+02
9.046990000E-03 4.387000000E+00 1.289400000E+00 1.370400542E+02
9.108730000E-03 4.391000000E+00 1.292990000E+00 1.361111813E+02
9.748450000E-03 4.267500000E+00 1.783340000E+00 1.271791926E+02
1.020050000E-02 4.331900000E+00 1.925040000E+00 1.215430616E+02
1.038780000E-02 4.329200000E+00 1.988140000E+00 1.193515470E+02
1.167970000E-02 4.194400000E+00 2.500740000E+00 1.061499867E+02
1.288250000E-02 4.052400000E+00 3.104590000E+00 9.623908403E+01
1.386320000E-02 3.993700000E+00 3.675360000E+00 8.943101160E+01
1.479110000E-02 3.970500000E+00 4.240340000E+00 8.382067595E+01
1.570000000E-02 4.029600000E+00 4.838820000E+00 7.896815287E+01
1.614790000E-02 4.077400000E+00 5.137430000E+00 7.677778535E+01
1.659590000E-02 4.136500000E+00 5.443220000E+00 7.470519827E+01
1.708760000E-02 4.227200000E+00 5.777750000E+00 7.255553735E+01
1.757920000E-02 4.332600000E+00 6.116610000E+00 7.052653136E+01
1.850000000E-02 4.605700000E+00 6.739190000E+00 6.701621622E+01
1.927530000E-02 4.902600000E+00 7.244000000E+00 6.432065908E+01
2.010980000E-02 5.288800000E+00 7.752360000E+00 6.165153308E+01
2.089300000E-02 5.704300000E+00 8.187810000E+00 5.934044895E+01
2.200390000E-02 6.365100000E+00 8.724980000E+00 5.634455710E+01
2.460880000E-02 8.129500000E+00 9.529380000E+00 5.038035174E+01
2.683300000E-02 9.636300000E+00 9.677890000E+00 4.620430067E+01
2.870020000E-02 1.077360000E+01 9.503970000E+00 4.319830524E+01
2.955370000E-02 1.123190000E+01 9.354020000E+00 4.195075405E+01
3.000000000E-02 1.145350000E+01 9.258780000E+00 4.132666667E+01
3.300000000E-02 1.267170000E+01 8.503890000E+00 3.756969697E+01
3.437840000E-02 1.305810000E+01 8.109380000E+00 3.606334210E+01
3.570000000E-02 1.334350000E+01 7.726700000E+00 3.472829132E+01
3.626360000E-02 1.344260000E+01 7.563850000E+00 3.418855271E+01
3.693120000E-02 1.354680000E+01 7.372980000E+00 3.357053115E+01
3.758370000E-02 1.363870000E+01 7.187700000E+00 3.298770478E+01
3.812850000E-02 1.369690000E+01 7.036050000E+00 3.251635915E+01
3.830040000E-02 1.371220000E+01 6.988660000E+00 3.237041911E+01
3.863280000E-02 1.374190000E+01 6.896990000E+00 3.209190118E+01
3.882870000E-02 1.375840000E+01 6.842960000E+00 3.192998993E+01
3.893410000E-02 1.376520000E+01 6.814390000E+00 3.184355103E+01
3.912570000E-02 1.377770000E+01 6.762410000E+00 3.168761198E+01
3.924190000E-02 1.378520000E+01 6.730910000E+00 3.159378114E+01
3.931740000E-02 1.378930000E+01 6.710720000E+00 3.153311257E+01
3.941320000E-02 1.379440000E+01 6.685110000E+00 3.145646636E+01
3.960490000E-02 1.380460000E+01 6.633870000E+00 3.130420731E+01
3.970070000E-02 1.380940000E+01 6.608580000E+00 3.122866851E+01
3.979660000E-02 1.381360000E+01 6.583790000E+00 3.115341512E+01
3.989240000E-02 1.381780000E+01 6.559000000E+00 3.107860144E+01
3.992310000E-02 1.381910000E+01 6.551050000E+00 3.105470267E+01
3.995390000E-02 1.382050000E+01 6.543100000E+00 3.103076295E+01
3.998820000E-02 1.382200000E+01 6.534210000E+00 3.100414622E+01
4.008410000E-02 1.382480000E+01 6.509420000E+00 3.092996974E+01
4.015060000E-02 1.382650000E+01 6.492220000E+00 3.087874154E+01
4.024890000E-02 1.382900000E+01 6.466780000E+00 3.080332630E+01
4.034730000E-02 1.383140000E+01 6.441340000E+00 3.072820238E+01
4.044560000E-02 1.383340000E+01 6.416110000E+00 3.065351979E+01
4.050440000E-02 1.383430000E+01 6.401130000E+00 3.060902025E+01
4.056320000E-02 1.383520000E+01 6.386160000E+00 3.056464973E+01
4.060760000E-02 1.383590000E+01 6.374860000E+00 3.053123061E+01
4.067410000E-02 1.383680000E+01 6.357930000E+00 3.048131366E+01
4.070740000E-02 1.383720000E+01 6.349570000E+00 3.045637894E+01
4.074060000E-02 1.383730000E+01 6.341280000E+00 3.043155967E+01
4.083700000E-02 1.383780000E+01 6.317290000E+00 3.035972280E+01
4.087240000E-02 1.383800000E+01 6.308470000E+00 3.033342794E+01
4.091290000E-02 1.383820000E+01 6.298360000E+00 3.030340064E+01
4.092360000E-02 1.383830000E+01 6.295710000E+00 3.029547743E+01
4.092530000E-02 1.383830000E+01 6.295280000E+00 3.029421898E+01
4.093510000E-02 1.383830000E+01 6.292860000E+00 3.028696644E+01
4.094040000E-02 1.383830000E+01 6.291530000E+00 3.028304560E+01
4.103560000E-02 1.383880000E+01 6.267810000E+00 3.021279085E+01
4.106020000E-02 1.383900000E+01 6.261680000E+00 3.019468975E+01
4.113400000E-02 1.383930000E+01 6.243320000E+00 3.014051636E+01
4.118320000E-02 1.383960000E+01 6.231070000E+00 3.010450863E+01
4.123230000E-02 1.383980000E+01 6.218820000E+00 3.006865976E+01
4.128150000E-02 1.384010000E+01 6.206580000E+00 3.003282342E+01
4.133070000E-02 1.384030000E+01 6.194330000E+00 2.999707239E+01
4.137980000E-02 1.384060000E+01 6.182090000E+00 2.996147879E+01
4.142900000E-02 1.384080000E+01 6.169840000E+00 2.992589732E+01
4.152730000E-02 1.383960000E+01 6.145350000E+00 2.985505920E+01
4.162570000E-02 1.383790000E+01 6.121010000E+00 2.978448410E+01
4.172400000E-02 1.383560000E+01 6.096920000E+00 2.971431311E+01
4.182240000E-02 1.383330000E+01 6.072830000E+00 2.964440109E+01
4.192070000E-02 1.382940000E+01 6.048950000E+00 2.957488782E+01
4.196580000E-02 1.382680000E+01 6.038190000E+00 2.954310415E+01
4.204480000E-02 1.382220000E+01 6.019360000E+00 2.948759419E+01
4.216330000E-02 1.381530000E+01 5.991120000E+00 2.940471927E+01
4.238590000E-02 1.380240000E+01 5.938070000E+00 2.925029314E+01
4.270720000E-02 1.378370000E+01 5.861480000E+00 2.903023378E+01
4.330160000E-02 1.373340000E+01 5.724460000E+00 2.863173647E+01
4.351470000E-02 1.370910000E+01 5.676220000E+00 2.849152126E+01
4.362130000E-02 1.369690000E+01 5.652100000E+00 2.842189481E+01
4.372790000E-02 1.368410000E+01 5.627980000E+00 2.835260783E+01
4.384290000E-02 1.367020000E+01 5.601970000E+00 2.827823889E+01
4.392890000E-02 1.365990000E+01 5.582500000E+00 2.822287833E+01
4.401200000E-02 1.364950000E+01 5.564100000E+00 2.816959011E+01
4.410300000E-02 1.363810000E+01 5.543950000E+00 2.811146634E+01
4.420790000E-02 1.362490000E+01 5.520720000E+00 2.804476123E+01
4.426080000E-02 1.361830000E+01 5.509020000E+00 2.801124245E+01
4.436740000E-02 1.360260000E+01 5.485560000E+00 2.794394082E+01
4.447400000E-02 1.358490000E+01 5.462450000E+00 2.787696182E+01
4.458060000E-02 1.356730000E+01 5.439340000E+00 2.781030314E+01
4.465830000E-02 1.355440000E+01 5.422480000E+00 2.776191660E+01
4.482450000E-02 1.352690000E+01 5.386450000E+00 2.765898114E+01
4.491290000E-02 1.351230000E+01 5.367270000E+00 2.760454123E+01
4.500690000E-02 1.349670000E+01 5.346890000E+00 2.754688726E+01
4.513400000E-02 1.347290000E+01 5.319330000E+00 2.746931360E+01
4.524460000E-02 1.344880000E+01 5.295710000E+00 2.740216512E+01
4.536450000E-02 1.342240000E+01 5.270540000E+00 2.732974022E+01
4.543320000E-02 1.340670000E+01 5.256320000E+00 2.728841464E+01
4.554520000E-02 1.338120000E+01 5.233140000E+00 2.722130982E+01
4.562470000E-02 1.336300000E+01 5.216680000E+00 2.717387731E+01
4.575420000E-02 1.333340000E+01 5.189890000E+00 2.709696596E+01
4.579730000E-02 1.332360000E+01 5.180960000E+00 2.707146491E+01
4.590790000E-02 1.329840000E+01 5.158080000E+00 2.700624511E+01
4.601840000E-02 1.327310000E+01 5.135200000E+00 2.694139735E+01
4.612890000E-02 1.324790000E+01 5.112320000E+00 2.687686028E+01
4.625150000E-02 1.321980000E+01 5.087020000E+00 2.680561712E+01
4.637480000E-02 1.318170000E+01 5.062560000E+00 2.673434710E+01
4.657110000E-02 1.312070000E+01 5.023910000E+00 2.662166021E+01
4.668690000E-02 1.308470000E+01 5.001120000E+00 2.655562910E+01
4.683770000E-02 1.303790000E+01 4.971410000E+00 2.647012983E+01
4.713820000E-02 1.292640000E+01 4.912250000E+00 2.630138614E+01
4.736850000E-02 1.282810000E+01 4.866900000E+00 2.617351193E+01
4.769660000E-02 1.266330000E+01 4.804140000E+00 2.599346704E+01
4.835040000E-02 1.216530000E+01 4.696080000E+00 2.564198021E+01
4.888830000E-02 1.140320000E+01 4.880950000E+00 2.535985093E+01
4.923980000E-02 1.093120000E+01 5.489530000E+00 2.517881876E+01
4.947370000E-02 1.088230000E+01 6.058950000E+00 2.505977924E+01
4.956070000E-02 1.092530000E+01 6.267020000E+00 2.501578872E+01
4.970370000E-02 1.107040000E+01 6.568510000E+00 2.494381706E+01
4.982300000E-02 1.123790000E+01 6.767450000E+00 2.488408968E+01
4.994680000E-02 1.143300000E+01 6.918320000E+00 2.482241105E+01
5.006680000E-02 1.162240000E+01 7.013010000E+00 2.476291674E+01
5.017640000E-02 1.178730000E+01 7.066490000E+00 2.470882726E+01
5.025810000E-02 1.190190000E+01 7.088690000E+00 2.466866038E+01
5.029800000E-02 1.195300000E+01 7.094450000E+00 2.464909142E+01
5.054840000E-02 1.223080000E+01 7.096410000E+00 2.452698800E+01
5.066940000E-02 1.234040000E+01 7.084600000E+00 2.446841684E+01
5.079320000E-02 1.243660000E+01 7.066580000E+00 2.440877913E+01
5.093360000E-02 1.253550000E+01 7.044100000E+00 2.434149559E+01
5.099500000E-02 1.257210000E+01 7.034260000E+00 2.431218747E+01
5.107900000E-02 1.262200000E+01 7.020790000E+00 2.427220580E+01
5.116660000E-02 1.266620000E+01 7.004800000E+00 2.423065046E+01
5.125690000E-02 1.270910000E+01 6.987680000E+00 2.418796299E+01
5.131280000E-02 1.273530000E+01 6.977150000E+00 2.416161270E+01
5.140600000E-02 1.277840000E+01 6.960090000E+00 2.411780726E+01
5.142450000E-02 1.278690000E+01 6.956730000E+00 2.410913086E+01
5.144270000E-02 1.279520000E+01 6.953410000E+00 2.410060125E+01
5.144940000E-02 1.279830000E+01 6.952200000E+00 2.409746275E+01
5.145600000E-02 1.280130000E+01 6.951000000E+00 2.409437189E+01
5.153090000E-02 1.283230000E+01 6.937370000E+00 2.405935080E+01
5.157580000E-02 1.284810000E+01 6.929170000E+00 2.403840561E+01
5.169250000E-02 1.288840000E+01 6.908020000E+00 2.398413696E+01
5.174230000E-02 1.290520000E+01 6.899080000E+00 2.396105314E+01
5.181800000E-02 1.293030000E+01 6.885630000E+00 2.392604886E+01
5.190060000E-02 1.295680000E+01 6.871260000E+00 2.388797047E+01
5.203260000E-02 1.298780000E+01 6.846620000E+00 2.382736976E+01
5.210260000E-02 1.300330000E+01 6.834350000E+00 2.379535762E+01
5.216450000E-02 1.301630000E+01 6.824160000E+00 2.376712132E+01
5.228540000E-02 1.303990000E+01 6.806550000E+00 2.371216439E+01
5.240510000E-02 1.306060000E+01 6.792920000E+00 2.365800275E+01
5.252640000E-02 1.307490000E+01 6.783810000E+00 2.360336897E+01
5.276530000E-02 1.310780000E+01 6.782190000E+00 2.349650244E+01
5.277400000E-02 1.310930000E+01 6.782530000E+00 2.349262895E+01
5.287710000E-02 1.312890000E+01 6.787270000E+00 2.344682292E+01
5.306020000E-02 1.316630000E+01 6.796030000E+00 2.336591268E+01
5.344250000E-02 1.328130000E+01 6.800710000E+00 2.319876503E+01
5.403430000E-02 1.344980000E+01 6.730950000E+00 2.294468514E+01
5.496470000E-02 1.356920000E+01 6.569200000E+00 2.255629522E+01
5.650000000E-02 1.374080000E+01 6.460120000E+00 2.194336283E+01
5.774730000E-02 1.383600000E+01 6.240530000E+00 2.146940203E+01
5.859000000E-02 1.380110000E+01 6.086230000E+00 2.116060761E+01
6.015670000E-02 1.334180000E+01 5.885530000E+00 2.060950817E+01
6.160530000E-02 1.328590000E+01 6.927740000E+00 2.012489185E+01
7.512770000E-02 1.488030000E+01 5.099270000E+00 1.650256829E+01
8.165210000E-02 1.437300000E+01 4.462370000E+00 1.518393281E+01
8.623760000E-02 1.386960000E+01 4.223860000E+00 1.437655964E+01
8.815270000E-02 1.364010000E+01 4.174920000E+00 1.406423173E+01
8.973890000E-02 1.343040000E+01 4.153770000E+00 1.381563625E+01
9.755720000E-02 1.251150000E+01 4.365180000E+00 1.270844182E+01
1.057330000E-01 1.156330000E+01 4.855730000E+00 1.172576206E+01
1.157820000E-01 1.054580000E+01 5.876630000E+00 1.070805479E+01
1.319780000E-01 9.418500000E+00 8.178480000E+00 9.393989907E+00
1.475000000E-01 9.124300000E+00 1.072400000E+01 8.405423729E+00
1.665480000E-01 9.626700000E+00 1.374520000E+01 7.444100199E+00
1.867820000E-01 1.089370000E+01 1.665300000E+01 6.637684573E+00
2.190000000E-01 1.386860000E+01 2.027900000E+01 5.661187215E+00
2.528660000E-01 1.709270000E+01 2.260310000E+01 4.902992099E+00
2.589960000E-01 1.747680000E+01 2.290510000E+01 4.786946517E+00
2.635330000E-01 1.752930000E+01 2.339760000E+01 4.704534157E+00
2.716240000E-01 1.874510000E+01 2.431800000E+01 4.564397844E+00
2.769160000E-01 1.920400000E+01 2.462820000E+01 4.477169972E+00
2.993990000E-01 2.227250000E+01 2.543910000E+01 4.140962395E+00
3.543760000E-01 2.700430000E+01 2.563760000E+01 3.498543919E+00
4.250070000E-01 3.116170000E+01 2.531360000E+01 2.917128424E+00
4.351130000E-01 3.131000000E+01 2.522820000E+01 2.849374760E+00
4.430000000E-01 3.120950000E+01 2.590790000E+01 2.798645598E+00
4.706300000E-01 3.395450000E+01 2.624410000E+01 2.634341202E+00
5.692300000E-01 3.912710000E+01 2.482530000E+01 2.178029970E+00
6.097340000E-01 4.037530000E+01 2.402810000E+01 2.033345688E+00
6.559560000E-01 4.230210000E+01 2.352940000E+01 1.890065797E+00
7.966810000E-01 4.586910000E+01 2.061310000E+01 1.556206311E+00
9.944080000E-01 4.822810000E+01 1.715290000E+01 1.246771949E+00
1.237370000E+00 4.878400000E+01 1.393440000E+01 1.001963843E+00
1.470660000E+00 4.745130000E+01 1.164150000E+01 8.430228605E-01
1.648970000E+00 4.472970000E+01 1.026640000E+01 7.518632844E-01
1.758040000E+00 4.123690000E+01 9.548400000E+00 7.052171737E-01
1.822070000E+00 3.728310000E+01 9.165560000E+00 6.804348900E-01
1.852770000E+00 3.343740000E+01 9.085640000E+00 6.691602304E-01
1.863370000E+00 3.113530000E+01 9.475430000E+00 6.653536335E-01
1.870770000E+00 2.915390000E+01 1.032320000E+01 6.627217670E-01
1.877600000E+00 2.729100000E+01 1.180220000E+01 6.603110354E-01
1.886340000E+00 2.547640000E+01 1.474580000E+01 6.572516089E-01
1.897980000E+00 2.514090000E+01 1.954860000E+01 6.532207926E-01
1.909030000E+00 2.696780000E+01 2.314450000E+01 6.494397678E-01
1.920890000E+00 2.948030000E+01 2.499330000E+01 6.454299830E-01
1.937230000E+00 3.143890000E+01 2.575080000E+01 6.399859593E-01
1.958520000E+00 3.236250000E+01 2.768090000E+01 6.330290219E-01
1.984000000E+00 3.536130000E+01 3.051290000E+01 6.248991935E-01
2.022310000E+00 3.962030000E+01 3.110380000E+01 6.130613012E-01
2.102200000E+00 4.460370000E+01 3.112010000E+01 5.897631053E-01
2.200600000E+00 4.853560000E+01 3.044830000E+01 5.633918022E-01
2.294490000E+00 5.079890000E+01 2.939560000E+01 5.403379400E-01
2.326410000E+00 5.067160000E+01 2.906360000E+01 5.329241191E-01
2.358170000E+00 5.026050000E+01 3.030960000E+01 5.257466595E-01
2.386190000E+00 5.179550000E+01 3.177210000E+01 5.195730432E-01
2.429210000E+00 5.434390000E+01 3.146590000E+01 5.103716846E-01
2.505100000E+00 5.675340000E+01 3.016500000E+01 4.949103828E-01
2.608350000E+00 5.854090000E+01 2.851850000E+01 4.753196465E-01
2.663370000E+00 5.868290000E+01 2.813800000E+01 4.655004750E-01
2.701640000E+00 5.941070000E+01 2.856380000E+01 4.589064420E-01
2.765830000E+00 6.099660000E+01 2.789950000E+01 4.482560389E-01
2.861630000E+00 6.213860000E+01 2.666750000E+01 4.332495815E-01
2.920950000E+00 6.252350000E+01 2.662740000E+01 4.244509492E-01
3.009280000E+00 6.417940000E+01 2.596130000E+01 4.119922373E-01
3.167830000E+00 6.590219000E+01 2.421520000E+01 3.913720118E-01
3.378700000E+00 6.743464000E+01 2.215150000E+01 3.669458668E-01
3.656100000E+00 6.877931000E+01 1.984070000E+01 3.391045103E-01
3.978300000E+00 6.976881000E+01 1.759800000E+01 3.116406505E-01
4.293900000E+00 7.037845000E+01 1.574170000E+01 2.887351825E-01
4.745580000E+00 7.083276000E+01 1.358280000E+01 2.612536297E-01
5.287310000E+00 7.104470000E+01 1.155760000E+01 2.344859673E-01
6.121740000E+00 7.095008000E+01 9.245940000E+00 2.025241190E-01
7.069830000E+00 7.052286000E+01 7.399390000E+00 1.753648956E-01
8.090390000E+00 6.978921000E+01 5.989050000E+00 1.532435396E-01
8.983330000E+00 6.881312000E+01 5.070410000E+00 1.380111829E-01
9.605060000E+00 6.773821000E+01 4.555880000E+00 1.290777986E-01
9.996070000E+00 6.660803000E+01 4.272380000E+00 1.240287433E-01
1.022330000E+01 6.545765000E+01 4.121560000E+00 1.212719963E-01
1.032230000E+01 6.456580000E+01 4.099750000E+00 1.201088905E-01
1.037780000E+01 6.380920000E+01 4.236610000E+00 1.194665536E-01
1.041970000E+01 6.311740000E+01 4.558680000E+00 1.189861512E-01
1.046670000E+01 6.235570000E+01 5.281640000E+00 1.184518521E-01
1.052960000E+01 6.185650000E+01 6.812840000E+00 1.177442638E-01
1.058530000E+01 6.209960000E+01 8.255890000E+00 1.171246918E-01
1.064730000E+01 6.302960000E+01 9.357860000E+00 1.164426662E-01
1.073200000E+01 6.436480000E+01 9.846900000E+00 1.155236675E-01
1.084380000E+01 6.545289000E+01 9.773760000E+00 1.143326140E-01
1.103700000E+01 6.639750000E+01 9.501640000E+00 1.123312494E-01
1.130210000E+01 6.698569000E+01 9.131670000E+00 1.096964281E-01
1.160270000E+01 6.706168000E+01 8.740940000E+00 1.068544391E-01
1.177910000E+01 6.661592000E+01 8.571380000E+00 1.052542215E-01
1.187980000E+01 6.602412000E+01 8.804510000E+00 1.043620263E-01
1.197170000E+01 6.562378000E+01 9.593610000E+00 1.035608978E-01
1.206260000E+01 6.588601000E+01 1.053280000E+01 1.027804951E-01
1.218540000E+01 6.679550000E+01 1.104920000E+01 1.017447109E-01
1.231170000E+01 6.728916000E+01 1.100800000E+01 1.007009593E-01
1.247490000E+01 6.744843000E+01 1.134970000E+01 9.938356219E-02
1.259810000E+01 6.798681000E+01 1.188060000E+01 9.841166525E-02
1.280200000E+01 6.917787000E+01 1.191500000E+01 9.684424309E-02
1.307270000E+01 7.011100000E+01 1.154910000E+01 9.483886267E-02
1.350000000E+01 7.106665000E+01 1.099050000E+01 9.183703704E-02
1.400390000E+01 7.184754000E+01 1.038340000E+01 8.853248024E-02
1.450290000E+01 7.241459000E+01 9.825570000E+00 8.548635101E-02
1.516250000E+01 7.297366000E+01 9.157980000E+00 8.176751855E-02
1.591750000E+01 7.343474000E+01 8.480070000E+00 7.788911575E-02
1.672770000E+01 7.379128000E+01 7.828110000E+00 7.411658507E-02
1.747830000E+01 7.402450000E+01 7.291240000E+00 7.093367204E-02
1.834590000E+01 7.422242000E+01 6.738240000E+00 6.757913212E-02
1.926870000E+01 7.436708600E+01 6.221760000E+00 6.434269048E-02
2.039770000E+01 7.448795500E+01 5.669640000E+00 6.078136260E-02
2.147500000E+01 7.455720500E+01 5.204970000E+00 5.773224680E-02
2.275370000E+01 7.459803600E+01 4.729100000E+00 5.448784154E-02
2.409540000E+01 7.461077800E+01 4.296940000E+00 5.145380446E-02
2.592690000E+01 7.459351100E+01 3.801760000E+00 4.781906051E-02
2.841990000E+01 7.452992300E+01 3.253380000E+00 4.362436180E-02
3.243820000E+01 7.439351100E+01 2.596640000E+00 3.822036981E-02
3.691620000E+01 7.422925000E+01 2.077900000E+00 3.358417172E-02
4.208250000E+01 7.402576700E+01 1.654770000E+00 2.946117745E-02
4.787490000E+01 7.380089000E+01 1.320780000E+00 2.589665984E-02
5.432500000E+01 7.353113000E+01 1.056740000E+00 2.282190520E-02
6.053650000E+01 7.320421000E+01 8.726580000E-01 2.048020616E-02
6.475340000E+01 7.286993000E+01 7.740130000E-01 1.914648497E-02
6.747100000E+01 7.251884000E+01 7.195070000E-01 1.837530198E-02
6.918490000E+01 7.214253000E+01 6.882730000E-01 1.792009528E-02
7.016900000E+01 7.175246000E+01 6.769290000E-01 1.766877111E-02
7.056340000E+01 7.149341000E+01 7.036730000E-01 1.757001505E-02
7.081830000E+01 7.127580000E+01 7.671860000E-01 1.750677438E-02
7.102350000E+01 7.107764000E+01 8.693900000E-01 1.745619408E-02
7.120900000E+01 7.089564000E+01 1.015370000E+00 1.741072055E-02
7.139970000E+01 7.072708000E+01 1.225130000E+00 1.736421862E-02
7.171430000E+01 7.056101000E+01 1.684960000E+00 1.728804436E-02
7.211780000E+01 7.063518000E+01 2.333260000E+00 1.719131754E-02
7.244360000E+01 7.090704000E+01 2.742290000E+00 1.711400317E-02
7.279990000E+01 7.128194000E+01 3.000050000E+00 1.703024317E-02
7.336160000E+01 7.178072000E+01 3.107600000E+00 1.689984951E-02
7.403770000E+01 7.216504000E+01 3.085360000E+00 1.674552289E-02
7.512420000E+01 7.255563000E+01 3.019130000E+00 1.650333714E-02
7.680390000E+01 7.293577000E+01 2.912850000E+00 1.614240943E-02
7.923920000E+01 7.329075000E+01 2.775560000E+00 1.564629628E-02
8.226520000E+01 7.358553000E+01 2.613700000E+00 1.507077112E-02
8.626490000E+01 7.384170000E+01 2.418180000E+00 1.437200994E-02
9.021760000E+01 7.401259900E+01 2.248010000E+00 1.374232966E-02
9.565010000E+01 7.417645600E+01 2.045290000E+00 1.296182649E-02
1.019660000E+02 7.430303900E+01 1.842440000E+00 1.215895495E-02
1.096130000E+02 7.439613700E+01 1.632400000E+00 1.131070220E-02
1.187220000E+02 7.445866100E+01 1.428470000E+00 1.044288337E-02
1.305980000E+02 7.449906000E+01 1.217430000E+00 9.493254108E-03
1.468500000E+02 7.451400800E+01 9.970810000E-01 8.442628533E-03
1.673480000E+02 7.450342900E+01 7.983490000E-01 7.408513995E-03
1.903620000E+02 7.447872100E+01 6.415810000E-01 6.512854456E-03
2.161070000E+02 7.444780000E+01 5.175520000E-01 5.736972888E-03
2.446800000E+02 7.441502100E+01 4.200460000E-01 5.067026320E-03
2.795490000E+02 7.438098400E+01 3.368360000E-01 4.435000662E-03
3.198900000E+02 7.434915600E+01 2.707420000E-01 3.875707274E-03
3.670290000E+02 7.432039300E+01 2.181460000E-01 3.377934714E-03
4.218780000E+02 7.429522800E+01 1.765170000E-01 2.938764287E-03
4.868230000E+02 7.427372700E+01 1.434540000E-01 2.546716158E-03
5.617430000E+02 7.425615800E+01 1.177470000E-01 2.207059100E-03
6.456540000E+02 7.424246800E+01 9.820770000E-02 1.920223525E-03
7.504340000E+02 7.423091500E+01 8.164600000E-02 1.652110645E-03
8.826210000E+02 7.422157900E+01 6.788500000E-02 1.404679925E-03
1.070170000E+03 7.421455700E+01 5.537150000E-02 1.158507527E-03
1.284520000E+03 7.420990800E+01 4.513760000E-02 9.651854389E-04
1.477240000E+03 7.420717000E+01 3.859380000E-02 8.392678238E-04
1.709690000E+03 7.420492100E+01 3.277950000E-02 7.251607016E-04
2.039160000E+03 7.420282500E+01 2.689980000E-02 6.079954491E-04
2.341270000E+03 7.420155300E+01 2.304420000E-02 5.295416590E-04
2.753480000E+03 7.420037600E+01 1.922950000E-02 4.502665718E-04
3.231850000E+03 7.419946100E+01 1.606180000E-02 3.836192893E-04
3.710660000E+03 7.419879100E+01 1.375960000E-02 3.341184587E-04
4.434510000E+03 7.419805100E+01 1.127370000E-02 2.795799310E-04
5.122130000E+03 7.419761700E+01 9.590420000E-03 2.420477419E-04
5.902330000E+03 7.419729700E+01 8.184030000E-03 2.100526402E-04
7.070510000E+03 7.419700100E+01 6.684490000E-03 1.753480301E-04
8.118030000E+03 7.419683700E+01 5.726400000E-03 1.527217810E-04
9.320750000E+03 7.419671200E+01 4.905630000E-03 1.330150471E-04
1.000000000E+04 7.419666100E+01 4.542000000E-03 1.239800000E-04
