# Data retrieved from https://www-nds.iaea.org/epdl97/za1to100.htm 03/01/2021
# Element, Sb  (Z = 51) 
# Atomic weight, g mol-1 = 121.75 
# Nominal density, g cm-3 =  6.69100E+0 
# Relativistic correction estimate f_rel(5CL)*,  e atom-1 =  0 
# Nuclear Thomson correction f_NT*, e atom-1 =  0 
#    E [keV]      f1 [e atom-1]      f2 [e atom-1]    Wavelength [nm] 
1.000000000E-03 3.634700000E+00 0.000000000E+00 1.239800000E+03
1.125000000E-03 3.625800000E+00 0.000000000E+00 1.102044444E+03
1.265630000E-03 3.615800000E+00 0.000000000E+00 9.795911917E+02
1.423830000E-03 3.603900000E+00 0.000000000E+00 8.707500193E+02
1.500000000E-03 3.598100000E+00 0.000000000E+00 8.265333333E+02
1.601810000E-03 3.588300000E+00 0.000000000E+00 7.739994132E+02
1.779790000E-03 3.570800000E+00 0.000000000E+00 6.965990370E+02
1.802030000E-03 3.568500000E+00 0.000000000E+00 6.880018646E+02
1.875000000E-03 3.560900000E+00 0.000000000E+00 6.612266667E+02
2.027290000E-03 3.542700000E+00 0.000000000E+00 6.115553276E+02
2.224730000E-03 3.516200000E+00 0.000000000E+00 5.572811083E+02
2.276680000E-03 3.508600000E+00 0.000000000E+00 5.445648927E+02
2.502820000E-03 3.473500000E+00 0.000000000E+00 4.953612325E+02
2.685850000E-03 3.442800000E+00 0.000000000E+00 4.616043338E+02
2.852920000E-03 3.411800000E+00 0.000000000E+00 4.345722979E+02
3.145310000E-03 3.350900000E+00 0.000000000E+00 3.941741831E+02
3.377300000E-03 3.297200000E+00 0.000000000E+00 3.670979777E+02
3.529060000E-03 3.257300000E+00 0.000000000E+00 3.513116807E+02
3.799460000E-03 3.182000000E+00 0.000000000E+00 3.263095282E+02
3.899100000E-03 3.150000000E+00 0.000000000E+00 3.179708138E+02
4.022450000E-03 3.109200000E+00 0.000000000E+00 3.082201146E+02
4.032350000E-03 3.105600000E+00 0.000000000E+00 3.074633898E+02
4.042250000E-03 3.102000000E+00 0.000000000E+00 3.067103717E+02
4.052150000E-03 3.098400000E+00 0.000000000E+00 3.059610330E+02
4.062060000E-03 3.094800000E+00 0.000000000E+00 3.052145956E+02
4.071960000E-03 3.091200000E+00 0.000000000E+00 3.044725390E+02
4.081860000E-03 3.087600000E+00 0.000000000E+00 3.037340820E+02
4.091760000E-03 3.084100000E+00 0.000000000E+00 3.029991984E+02
4.101660000E-03 3.080500000E+00 0.000000000E+00 3.022678623E+02
4.111560000E-03 3.076900000E+00 0.000000000E+00 3.015400481E+02
4.121460000E-03 3.073300000E+00 0.000000000E+00 3.008157303E+02
4.131360000E-03 3.069700000E+00 0.000000000E+00 3.000948840E+02
4.141260000E-03 3.066100000E+00 0.000000000E+00 2.993774841E+02
4.151160000E-03 3.062500000E+00 0.000000000E+00 2.986635061E+02
4.170960000E-03 3.055100000E+00 0.000000000E+00 2.972457180E+02
4.180860000E-03 3.051200000E+00 0.000000000E+00 2.965418598E+02
4.190770000E-03 3.047200000E+00 0.000000000E+00 2.958406212E+02
4.200670000E-03 3.043300000E+00 0.000000000E+00 2.951433938E+02
4.210570000E-03 3.039300000E+00 0.000000000E+00 2.944494451E+02
4.220470000E-03 3.035400000E+00 0.000000000E+00 2.937587520E+02
4.345860000E-03 2.983400000E+00 0.000000000E+00 2.852830050E+02
4.439910000E-03 2.943900000E+00 0.000000000E+00 2.792398945E+02
4.510440000E-03 2.913100000E+00 0.000000000E+00 2.748734048E+02
4.563340000E-03 2.888100000E+00 0.000000000E+00 2.716869661E+02
4.603020000E-03 2.869300000E+00 0.000000000E+00 2.693449083E+02
4.648210000E-03 2.847900000E+00 0.000000000E+00 2.667263312E+02
4.688570000E-03 2.827800000E+00 0.000000000E+00 2.644303060E+02
4.705300000E-03 2.819500000E+00 0.000000000E+00 2.634901069E+02
4.713670000E-03 2.815300000E+00 0.000000000E+00 2.630222311E+02
4.722040000E-03 2.811100000E+00 0.000000000E+00 2.625560139E+02
4.733670000E-03 2.805400000E+00 0.000000000E+00 2.619109486E+02
4.745290000E-03 2.799600000E+00 0.000000000E+00 2.612695957E+02
4.756910000E-03 2.793800000E+00 0.000000000E+00 2.606313763E+02
4.768530000E-03 2.788000000E+00 0.000000000E+00 2.599962672E+02
4.780160000E-03 2.781600000E+00 0.000000000E+00 2.593637033E+02
4.791780000E-03 2.775100000E+00 0.000000000E+00 2.587347499E+02
4.797590000E-03 2.771900000E+00 0.000000000E+00 2.584214158E+02
4.809210000E-03 2.765400000E+00 0.000000000E+00 2.577970186E+02
4.815020000E-03 2.762100000E+00 0.000000000E+00 2.574859502E+02
4.820840000E-03 2.758900000E+00 0.000000000E+00 2.571750981E+02
4.826650000E-03 2.755600000E+00 0.000000000E+00 2.568655279E+02
4.838270000E-03 2.749200000E+00 0.000000000E+00 2.562486178E+02
4.841180000E-03 2.747500000E+00 0.000000000E+00 2.560945885E+02
4.847710000E-03 2.743900000E+00 0.000000000E+00 2.557496220E+02
4.848800000E-03 2.743300000E+00 0.000000000E+00 2.556921300E+02
4.849890000E-03 2.742700000E+00 0.000000000E+00 2.556346639E+02
4.850620000E-03 2.742300000E+00 0.000000000E+00 2.555961918E+02
4.851980000E-03 2.741500000E+00 0.000000000E+00 2.555245487E+02
4.853170000E-03 2.740800000E+00 0.000000000E+00 2.554618940E+02
4.854220000E-03 2.740300000E+00 0.000000000E+00 2.554066359E+02
4.861520000E-03 2.736200000E+00 0.000000000E+00 2.550231203E+02
4.862520000E-03 2.735600000E+00 0.000000000E+00 2.549706736E+02
4.864480000E-03 2.734500000E+00 0.000000000E+00 2.548679407E+02
4.868140000E-03 2.732500000E+00 0.000000000E+00 2.546763240E+02
4.871350000E-03 2.730700000E+00 0.000000000E+00 2.545085038E+02
4.876960000E-03 2.727600000E+00 0.000000000E+00 2.542157410E+02
4.881170000E-03 2.725200000E+00 0.000000000E+00 2.539964804E+02
4.887480000E-03 2.721700000E+00 0.000000000E+00 2.536685572E+02
4.890640000E-03 2.719900000E+00 0.000000000E+00 2.535046538E+02
4.893800000E-03 2.718200000E+00 0.000000000E+00 2.533409620E+02
4.896380000E-03 2.716700000E+00 0.000000000E+00 2.532074716E+02
4.905100000E-03 2.711900000E+00 0.000000000E+00 2.527573342E+02
4.908010000E-03 2.710300000E+00 0.000000000E+00 2.526074723E+02
4.919630000E-03 2.703800000E+00 0.000000000E+00 2.520108220E+02
4.921080000E-03 2.703000000E+00 0.000000000E+00 2.519365668E+02
4.931340000E-03 2.697200000E+00 0.000000000E+00 2.514123950E+02
4.932410000E-03 2.696600000E+00 0.000000000E+00 2.513578555E+02
4.935060000E-03 2.695200000E+00 0.000000000E+00 2.512228828E+02
4.937490000E-03 2.693800000E+00 0.000000000E+00 2.510992427E+02
4.939620000E-03 2.692600000E+00 0.000000000E+00 2.509909669E+02
4.954500000E-03 2.684300000E+00 0.000000000E+00 2.502371581E+02
4.955900000E-03 2.683500000E+00 0.000000000E+00 2.501664682E+02
4.958350000E-03 2.682200000E+00 0.000000000E+00 2.500428570E+02
4.962040000E-03 2.680100000E+00 0.000000000E+00 2.498569137E+02
4.963880000E-03 2.679100000E+00 0.000000000E+00 2.497642973E+02
4.965720000E-03 2.678100000E+00 0.000000000E+00 2.496717495E+02
4.971710000E-03 2.674700000E+00 0.000000000E+00 2.493709408E+02
4.974710000E-03 2.673000000E+00 0.000000000E+00 2.492205576E+02
4.976210000E-03 2.672200000E+00 0.000000000E+00 2.491454340E+02
4.979200000E-03 2.670500000E+00 0.000000000E+00 2.489958226E+02
4.986740000E-03 2.666300000E+00 0.000000000E+00 2.486193385E+02
4.987480000E-03 2.665900000E+00 0.000000000E+00 2.485824505E+02
4.988030000E-03 2.665600000E+00 0.000000000E+00 2.485550408E+02
4.989690000E-03 2.664700000E+00 0.000000000E+00 2.484723500E+02
4.994790000E-03 2.661800000E+00 0.000000000E+00 2.482186438E+02
5.001680000E-03 2.657800000E+00 0.000000000E+00 2.478767134E+02
5.003170000E-03 2.656900000E+00 0.000000000E+00 2.478028930E+02
5.013660000E-03 2.650800000E+00 0.000000000E+00 2.472844190E+02
5.017530000E-03 2.648400000E+00 0.000000000E+00 2.470936895E+02
5.023330000E-03 2.644600000E+00 0.000000000E+00 2.468083920E+02
5.029130000E-03 2.640900000E+00 0.000000000E+00 2.465237526E+02
5.034250000E-03 2.637500000E+00 0.000000000E+00 2.462730297E+02
5.041940000E-03 2.632500000E+00 0.000000000E+00 2.458974125E+02
5.045780000E-03 2.630000000E+00 0.000000000E+00 2.457102767E+02
5.049620000E-03 2.627500000E+00 0.000000000E+00 2.455234255E+02
5.061610000E-03 2.619700000E+00 0.000000000E+00 2.449418268E+02
5.073600000E-03 2.611900000E+00 0.000000000E+00 2.443629770E+02
5.085580000E-03 2.604000000E+00 0.000000000E+00 2.437873360E+02
5.089630000E-03 2.601400000E+00 0.000000000E+00 2.435933457E+02
5.106280000E-03 2.590500000E+00 0.000000000E+00 2.427990631E+02
5.107670000E-03 2.589600000E+00 0.000000000E+00 2.427329878E+02
5.108610000E-03 2.589000000E+00 0.000000000E+00 2.426883242E+02
5.109550000E-03 2.588400000E+00 0.000000000E+00 2.426436770E+02
5.111050000E-03 2.587400000E+00 0.000000000E+00 2.425724655E+02
5.113900000E-03 2.585600000E+00 0.000000000E+00 2.424372788E+02
5.116930000E-03 2.583600000E+00 0.000000000E+00 2.422937191E+02
5.121470000E-03 2.580600000E+00 0.000000000E+00 2.420789344E+02
5.126010000E-03 2.577700000E+00 0.000000000E+00 2.418645301E+02
5.138120000E-03 2.569800000E+00 0.000000000E+00 2.412944812E+02
5.150230000E-03 2.561900000E+00 0.000000000E+00 2.407271132E+02
5.162340000E-03 2.554000000E+00 0.000000000E+00 2.401624070E+02
5.284990000E-03 2.469900000E+00 0.000000000E+00 2.345889018E+02
5.305430000E-03 2.454800000E+00 0.000000000E+00 2.336851113E+02
5.325870000E-03 2.439300000E+00 0.000000000E+00 2.327882581E+02
5.328470000E-03 2.437400000E+00 0.000000000E+00 2.326746702E+02
5.341580000E-03 2.427400000E+00 0.000000000E+00 2.321036098E+02
5.354700000E-03 2.417500000E+00 0.000000000E+00 2.315349133E+02
5.367810000E-03 2.407600000E+00 0.000000000E+00 2.309694270E+02
5.380930000E-03 2.397600000E+00 0.000000000E+00 2.304062681E+02
5.394040000E-03 2.387700000E+00 0.000000000E+00 2.298462748E+02
5.419570000E-03 2.368400000E+00 0.000000000E+00 2.287635366E+02
5.433390000E-03 2.356700000E+00 0.000000000E+00 2.281816693E+02
5.446500000E-03 2.345700000E+00 0.000000000E+00 2.276324245E+02
5.459620000E-03 2.334700000E+00 0.000000000E+00 2.270854015E+02
5.472740000E-03 2.323600000E+00 0.000000000E+00 2.265410014E+02
5.485850000E-03 2.312600000E+00 0.000000000E+00 2.259996172E+02
5.498970000E-03 2.301600000E+00 0.000000000E+00 2.254604044E+02
5.510740000E-03 2.291700000E+00 0.000000000E+00 2.249788595E+02
5.525200000E-03 2.279500000E+00 0.000000000E+00 2.243900673E+02
5.538310000E-03 2.268500000E+00 0.000000000E+00 2.238589028E+02
5.544230000E-03 2.263500000E+00 0.000000000E+00 2.236198715E+02
5.551430000E-03 2.257400000E+00 0.000000000E+00 2.233298447E+02
5.564540000E-03 2.246400000E+00 0.000000000E+00 2.228036819E+02
5.571520000E-03 2.240300000E+00 0.000000000E+00 2.225245534E+02
5.585170000E-03 2.228200000E+00 0.000000000E+00 2.219807096E+02
5.598810000E-03 2.214300000E+00 0.000000000E+00 2.214399131E+02
5.612460000E-03 2.200400000E+00 0.000000000E+00 2.209013516E+02
5.623010000E-03 2.189600000E+00 0.000000000E+00 2.204868923E+02
5.633570000E-03 2.178800000E+00 0.000000000E+00 2.200735945E+02
5.643480000E-03 2.168700000E+00 0.000000000E+00 2.196871434E+02
5.648440000E-03 2.163600000E+00 0.000000000E+00 2.194942320E+02
5.653400000E-03 2.158600000E+00 0.000000000E+00 2.193016592E+02
5.663630000E-03 2.148100000E+00 0.000000000E+00 2.189055429E+02
5.667040000E-03 2.144600000E+00 0.000000000E+00 2.187738220E+02
5.677280000E-03 2.134200000E+00 0.000000000E+00 2.183792239E+02
5.679840000E-03 2.131600000E+00 0.000000000E+00 2.182807966E+02
5.681540000E-03 2.129800000E+00 0.000000000E+00 2.182154838E+02
5.683140000E-03 2.128200000E+00 0.000000000E+00 2.181540486E+02
5.684540000E-03 2.126800000E+00 0.000000000E+00 2.181003212E+02
5.685770000E-03 2.125500000E+00 0.000000000E+00 2.180531397E+02
5.690050000E-03 2.121200000E+00 0.000000000E+00 2.178891222E+02
5.692190000E-03 2.119000000E+00 0.000000000E+00 2.178072060E+02
5.693270000E-03 2.117900000E+00 0.000000000E+00 2.177658885E+02
5.696040000E-03 2.115000000E+00 0.000000000E+00 2.176599883E+02
5.707980000E-03 2.102800000E+00 0.000000000E+00 2.172046854E+02
5.711390000E-03 2.099400000E+00 0.000000000E+00 2.170750028E+02
5.721630000E-03 2.088900000E+00 0.000000000E+00 2.166865037E+02
5.728450000E-03 2.081900000E+00 0.000000000E+00 2.164285278E+02
5.738690000E-03 2.071500000E+00 0.000000000E+00 2.160423372E+02
5.748920000E-03 2.061000000E+00 0.000000000E+00 2.156578975E+02
5.762570000E-03 2.047100000E+00 0.000000000E+00 2.151470611E+02
5.776210000E-03 2.033200000E+00 0.000000000E+00 2.146390107E+02
5.789860000E-03 2.019200000E+00 0.000000000E+00 2.141329842E+02
5.803510000E-03 2.005000000E+00 0.000000000E+00 2.136293381E+02
5.816170000E-03 1.991600000E+00 0.000000000E+00 2.131643332E+02
5.817150000E-03 1.990600000E+00 0.000000000E+00 2.131284220E+02
5.823510000E-03 1.983800000E+00 0.000000000E+00 2.128956591E+02
5.829880000E-03 1.977100000E+00 0.000000000E+00 2.126630394E+02
5.843580000E-03 1.962600000E+00 0.000000000E+00 2.121644608E+02
5.854890000E-03 1.950700000E+00 0.000000000E+00 2.117546188E+02
5.868720000E-03 1.936000000E+00 0.000000000E+00 2.112556060E+02
5.882550000E-03 1.919100000E+00 0.000000000E+00 2.107589396E+02
5.896380000E-03 1.901200000E+00 0.000000000E+00 2.102646030E+02
5.908370000E-03 1.885700000E+00 0.000000000E+00 2.098379079E+02
5.929340000E-03 1.858500000E+00 0.000000000E+00 2.090957847E+02
5.945060000E-03 1.838100000E+00 0.000000000E+00 2.085428911E+02
5.956860000E-03 1.822800000E+00 0.000000000E+00 2.081297865E+02
5.974550000E-03 1.799900000E+00 0.000000000E+00 2.075135366E+02
5.992250000E-03 1.776900000E+00 0.000000000E+00 2.069005799E+02
5.993800000E-03 1.774900000E+00 0.000000000E+00 2.068470753E+02
6.008550000E-03 1.755100000E+00 0.000000000E+00 2.063392998E+02
6.014630000E-03 1.746900000E+00 0.000000000E+00 2.061307179E+02
6.020700000E-03 1.738600000E+00 0.000000000E+00 2.059228993E+02
6.023310000E-03 1.735000000E+00 0.000000000E+00 2.058336695E+02
6.028060000E-03 1.728600000E+00 0.000000000E+00 2.056714764E+02
6.050340000E-03 1.698200000E+00 0.000000000E+00 2.049141040E+02
6.057730000E-03 1.688200000E+00 0.000000000E+00 2.046641234E+02
6.065990000E-03 1.676900000E+00 0.000000000E+00 2.043854342E+02
6.072570000E-03 1.668000000E+00 0.000000000E+00 2.041639701E+02
6.082320000E-03 1.654700000E+00 0.000000000E+00 2.038366939E+02
6.089700000E-03 1.644600000E+00 0.000000000E+00 2.035896678E+02
6.102240000E-03 1.624100000E+00 0.000000000E+00 2.031712945E+02
6.111620000E-03 1.608700000E+00 0.000000000E+00 2.028594710E+02
6.118650000E-03 1.597200000E+00 0.000000000E+00 2.026263963E+02
6.129190000E-03 1.579900000E+00 0.000000000E+00 2.022779519E+02
6.134470000E-03 1.571200000E+00 0.000000000E+00 2.021038492E+02
6.139740000E-03 1.562600000E+00 0.000000000E+00 2.019303749E+02
6.152260000E-03 1.542100000E+00 0.000000000E+00 2.015194416E+02
6.154340000E-03 1.538600000E+00 0.000000000E+00 2.014513335E+02
6.160030000E-03 1.529300000E+00 0.000000000E+00 2.012652536E+02
6.165430000E-03 1.520400000E+00 0.000000000E+00 2.010889751E+02
6.168130000E-03 1.516000000E+00 0.000000000E+00 2.010009517E+02
6.170080000E-03 1.512800000E+00 0.000000000E+00 2.009374271E+02
6.170270000E-03 1.512500000E+00 0.000000000E+00 2.009312396E+02
6.171040000E-03 1.511300000E+00 0.000000000E+00 2.009061682E+02
6.183990000E-03 1.490000000E+00 0.000000000E+00 2.004854471E+02
6.187670000E-03 1.484000000E+00 0.000000000E+00 2.003662122E+02
6.198740000E-03 1.465800000E+00 0.000000000E+00 2.000083888E+02
6.203160000E-03 1.458600000E+00 0.000000000E+00 1.998658748E+02
6.216450000E-03 1.436800000E+00 0.000000000E+00 1.994385863E+02
6.223490000E-03 1.425300000E+00 0.000000000E+00 1.992129818E+02
6.234040000E-03 1.408000000E+00 0.000000000E+00 1.988758494E+02
6.244600000E-03 1.390600000E+00 0.000000000E+00 1.985395382E+02
6.257810000E-03 1.367200000E+00 0.000000000E+00 1.981204287E+02
6.265450000E-03 1.352300000E+00 0.000000000E+00 1.978788435E+02
6.274550000E-03 1.334500000E+00 0.000000000E+00 1.975918592E+02
6.280290000E-03 1.323300000E+00 0.000000000E+00 1.974112660E+02
6.288860000E-03 1.306600000E+00 0.000000000E+00 1.971422484E+02
6.295130000E-03 1.294400000E+00 0.000000000E+00 1.969458931E+02
6.307250000E-03 1.270700000E+00 0.000000000E+00 1.965674422E+02
6.317080000E-03 1.251500000E+00 0.000000000E+00 1.962615639E+02
6.319730000E-03 1.246400000E+00 0.000000000E+00 1.961792672E+02
6.324800000E-03 1.236500000E+00 0.000000000E+00 1.960220086E+02
6.330650000E-03 1.225100000E+00 0.000000000E+00 1.958408694E+02
6.336490000E-03 1.213700000E+00 0.000000000E+00 1.956603735E+02
6.351500000E-03 1.184400000E+00 0.000000000E+00 1.951979847E+02
6.366760000E-03 1.153300000E+00 0.000000000E+00 1.947301296E+02
6.374450000E-03 1.137200000E+00 0.000000000E+00 1.944952114E+02
6.382130000E-03 1.118800000E+00 0.000000000E+00 1.942611636E+02
6.385970000E-03 1.109600000E+00 0.000000000E+00 1.941443508E+02
6.391740000E-03 1.095800000E+00 0.000000000E+00 1.939690914E+02
6.397500000E-03 1.082000000E+00 0.000000000E+00 1.937944510E+02
6.401360000E-03 1.072800000E+00 0.000000000E+00 1.936775935E+02
6.407700000E-03 1.057600000E+00 0.000000000E+00 1.934859622E+02
6.412880000E-03 1.045200000E+00 0.000000000E+00 1.933296740E+02
6.419670000E-03 1.028900000E+00 0.000000000E+00 1.931251918E+02
6.426220000E-03 1.013200000E+00 0.000000000E+00 1.929283467E+02
6.436180000E-03 9.894000000E-01 0.000000000E+00 1.926297897E+02
6.440070000E-03 9.801000000E-01 0.000000000E+00 1.925134354E+02
6.451740000E-03 9.521000000E-01 0.000000000E+00 1.921652143E+02
6.455630000E-03 9.428000000E-01 0.000000000E+00 1.920494204E+02
6.459520000E-03 9.335000000E-01 0.000000000E+00 1.919337660E+02
6.475070000E-03 8.908000000E-01 0.000000000E+00 1.914728335E+02
6.490620000E-03 8.449000000E-01 0.000000000E+00 1.910141096E+02
6.498400000E-03 8.220000000E-01 0.000000000E+00 1.907854241E+02
6.506180000E-03 7.991000000E-01 0.000000000E+00 1.905572855E+02
6.514030000E-03 7.759000000E-01 0.000000000E+00 1.903276466E+02
6.525810000E-03 7.412000000E-01 0.000000000E+00 1.899840786E+02
6.537590000E-03 7.065000000E-01 0.000000000E+00 1.896417487E+02
6.553600000E-03 6.593000000E-01 0.000000000E+00 1.891784668E+02
6.569610000E-03 6.121000000E-01 0.000000000E+00 1.887174429E+02
6.585630000E-03 5.649000000E-01 0.000000000E+00 1.882583747E+02
6.593630000E-03 5.413000000E-01 0.000000000E+00 1.880299623E+02
6.601640000E-03 5.177000000E-01 0.000000000E+00 1.878018189E+02
6.609650000E-03 4.884000000E-01 0.000000000E+00 1.875742286E+02
6.617650000E-03 4.586000000E-01 0.000000000E+00 1.873474723E+02
6.632470000E-03 4.020000000E-01 0.000000000E+00 1.869288515E+02
6.647280000E-03 3.451000000E-01 0.000000000E+00 1.865123780E+02
6.665690000E-03 2.743000000E-01 0.000000000E+00 1.859972486E+02
6.673180000E-03 2.434000000E-01 0.000000000E+00 1.857884847E+02
6.684410000E-03 1.906000000E-01 0.000000000E+00 1.854763547E+02
6.690020000E-03 1.642000000E-01 0.000000000E+00 1.853208212E+02
6.695640000E-03 1.378000000E-01 0.000000000E+00 1.851652717E+02
6.703310000E-03 1.018000000E-01 0.000000000E+00 1.849534036E+02
6.720580000E-03 2.070000000E-02 0.000000000E+00 1.844781254E+02
6.726340000E-03 -6.400000000E-03 0.000000000E+00 1.843201503E+02
6.731190000E-03 -2.920000000E-02 0.000000000E+00 1.841873428E+02
6.749170000E-03 -1.204000000E-01 4.800940000E-06 1.836966620E+02
6.771040000E-03 -2.461000000E-01 3.143180000E-05 1.831033342E+02
6.786110000E-03 -3.401000000E-01 1.041560000E-04 1.826967143E+02
6.801570000E-03 -4.444000000E-01 3.294350000E-04 1.822814438E+02
6.814020000E-03 -5.351000000E-01 7.864740000E-04 1.819483946E+02
6.823460000E-03 -6.090000000E-01 1.471560000E-03 1.816966759E+02
6.841770000E-03 -7.685000000E-01 4.584230000E-03 1.812104178E+02
6.844540000E-03 -7.945000000E-01 5.394310000E-03 1.811370815E+02
6.852590000E-03 -8.734000000E-01 8.543620000E-03 1.809242929E+02
6.863980000E-03 -9.940000000E-01 1.583470000E-02 1.806240694E+02
6.881260000E-03 -1.200700000E+00 3.752890000E-02 1.801704920E+02
6.901400000E-03 -1.482500000E+00 9.195660000E-02 1.796447098E+02
6.916200000E-03 -1.718400000E+00 1.653060000E-01 1.792602874E+02
6.936180000E-03 -2.067100000E+00 3.321380000E-01 1.787439196E+02
6.959720000E-03 -2.487500000E+00 6.620320000E-01 1.781393504E+02
6.986100000E-03 -2.885100000E+00 1.224130000E+00 1.774666838E+02
7.005030000E-03 -3.058000000E+00 1.730260000E+00 1.769871078E+02
7.022890000E-03 -3.066400000E+00 2.244390000E+00 1.765370097E+02
7.033260000E-03 -3.071200000E+00 2.542950000E+00 1.762767195E+02
7.052850000E-03 -2.907800000E+00 3.066010000E+00 1.757870932E+02
7.071260000E-03 -2.658300000E+00 3.478450000E+00 1.753294321E+02
7.086580000E-03 -2.408400000E+00 3.747990000E+00 1.749503992E+02
7.099990000E-03 -2.179200000E+00 3.928390000E+00 1.746199643E+02
7.104530000E-03 -2.101000000E+00 3.980890000E+00 1.745083770E+02
7.109540000E-03 -2.016900000E+00 4.027110000E+00 1.743854033E+02
7.115190000E-03 -1.922000000E+00 4.079270000E+00 1.742469281E+02
7.125530000E-03 -1.753900000E+00 4.151100000E+00 1.739940748E+02
7.129830000E-03 -1.689800000E+00 4.171510000E+00 1.738891390E+02
7.140430000E-03 -1.531800000E+00 4.221760000E+00 1.736309998E+02
7.145250000E-03 -1.466700000E+00 4.235380000E+00 1.735138729E+02
7.154720000E-03 -1.338600000E+00 4.262150000E+00 1.732842096E+02
7.160670000E-03 -1.268800000E+00 4.270630000E+00 1.731402229E+02
7.172790000E-03 -1.126400000E+00 4.287920000E+00 1.728476646E+02
7.177510000E-03 -1.078500000E+00 4.290330000E+00 1.727339983E+02
7.192510000E-03 -9.310000000E-01 4.296570000E+00 1.723737610E+02
7.209740000E-03 -7.891000000E-01 4.295380000E+00 1.719618183E+02
7.226980000E-03 -6.574000000E-01 4.292840000E+00 1.715516025E+02
7.244220000E-03 -5.530000000E-01 4.286680000E+00 1.711433391E+02
7.261450000E-03 -4.522000000E-01 4.280510000E+00 1.707372494E+02
7.281530000E-03 -3.383000000E-01 4.273320000E+00 1.702664138E+02
7.295930000E-03 -2.787000000E-01 4.267960000E+00 1.699303584E+02
7.313160000E-03 -2.073000000E-01 4.261540000E+00 1.695299980E+02
7.344650000E-03 -9.300000000E-02 4.249610000E+00 1.688031424E+02
7.380450000E-03 0.000000000E+00 4.235610000E+00 1.679843370E+02
7.436980000E-03 1.304000000E-01 4.213240000E+00 1.667074538E+02
7.495060000E-03 1.861000000E-01 4.189500000E+00 1.654156204E+02
7.535280000E-03 1.680000000E-01 4.174410000E+00 1.645327048E+02
7.612980000E-03 -3.960000000E-02 4.216600000E+00 1.628534424E+02
7.735540000E-03 -4.169000000E-01 5.293040000E+00 1.602732324E+02
7.753920000E-03 -3.362000000E-01 5.532070000E+00 1.598933185E+02
7.788740000E-03 -3.710000000E-02 5.906950000E+00 1.591785064E+02
7.914390000E-03 1.153800000E+00 6.259180000E+00 1.566513654E+02
7.943280000E-03 1.342100000E+00 6.246120000E+00 1.560816187E+02
8.096910000E-03 2.068500000E+00 6.153370000E+00 1.531201409E+02
8.195350000E-03 2.426900000E+00 6.089700000E+00 1.512809093E+02
8.274100000E-03 2.673100000E+00 6.036410000E+00 1.498410703E+02
8.317640000E-03 2.798400000E+00 6.006150000E+00 1.490567036E+02
8.352850000E-03 2.893200000E+00 5.982950000E+00 1.484283807E+02
8.375450000E-03 2.954100000E+00 5.968050000E+00 1.480278672E+02
8.392220000E-03 2.995600000E+00 5.956790000E+00 1.477320661E+02
8.430450000E-03 3.090200000E+00 5.931110000E+00 1.470621378E+02
8.447180000E-03 3.131700000E+00 5.919870000E+00 1.467708750E+02
8.473770000E-03 3.197500000E+00 5.902010000E+00 1.463103200E+02
8.480780000E-03 3.214800000E+00 5.897310000E+00 1.461893835E+02
8.494360000E-03 3.248400000E+00 5.888190000E+00 1.459556694E+02
8.507090000E-03 3.280000000E+00 5.879630000E+00 1.457372615E+02
8.513930000E-03 3.296900000E+00 5.875040000E+00 1.456201778E+02
8.531410000E-03 3.337300000E+00 5.862540000E+00 1.453218167E+02
8.551850000E-03 3.381000000E+00 5.847620000E+00 1.449744792E+02
8.570130000E-03 3.420100000E+00 5.834280000E+00 1.446652501E+02
8.586120000E-03 3.454300000E+00 5.822620000E+00 1.443958389E+02
8.614110000E-03 3.514100000E+00 5.802200000E+00 1.439266506E+02
8.635100000E-03 3.559000000E+00 5.786880000E+00 1.435767970E+02
8.650840000E-03 3.592400000E+00 5.775370000E+00 1.433155624E+02
8.674450000E-03 3.640500000E+00 5.757890000E+00 1.429254881E+02
8.686260000E-03 3.664500000E+00 5.749160000E+00 1.427311639E+02
8.692160000E-03 3.676600000E+00 5.744790000E+00 1.426342819E+02
8.698070000E-03 3.688600000E+00 5.740420000E+00 1.425373675E+02
8.710210000E-03 3.713300000E+00 5.731430000E+00 1.423387037E+02
8.740890000E-03 3.770400000E+00 5.709260000E+00 1.418391033E+02
8.762300000E-03 3.808700000E+00 5.693590000E+00 1.414925305E+02
8.783700000E-03 3.847000000E+00 5.677910000E+00 1.411478079E+02
8.805110000E-03 3.885200000E+00 5.662240000E+00 1.408046010E+02
8.815820000E-03 3.904400000E+00 5.654400000E+00 1.406335429E+02
8.826520000E-03 3.923500000E+00 5.646560000E+00 1.404630591E+02
8.837230000E-03 3.942700000E+00 5.638720000E+00 1.402928293E+02
8.847930000E-03 3.961800000E+00 5.630880000E+00 1.401231701E+02
8.863990000E-03 3.990500000E+00 5.619130000E+00 1.398692914E+02
8.880050000E-03 4.018300000E+00 5.607250000E+00 1.396163310E+02
8.888070000E-03 4.032100000E+00 5.601290000E+00 1.394903505E+02
8.892090000E-03 4.039000000E+00 5.598310000E+00 1.394272887E+02
8.894600000E-03 4.043300000E+00 5.596440000E+00 1.393879432E+02
8.903380000E-03 4.058400000E+00 5.589930000E+00 1.392504869E+02
8.907770000E-03 4.066000000E+00 5.586670000E+00 1.391818603E+02
8.909960000E-03 4.069800000E+00 5.585040000E+00 1.391476505E+02
8.914840000E-03 4.078100000E+00 5.581420000E+00 1.390714808E+02
8.933570000E-03 4.110300000E+00 5.567520000E+00 1.387799055E+02
8.938920000E-03 4.119300000E+00 5.563510000E+00 1.386968448E+02
8.954980000E-03 4.146100000E+00 5.551480000E+00 1.384481037E+02
8.965680000E-03 4.164100000E+00 5.543460000E+00 1.382828742E+02
8.976390000E-03 4.181400000E+00 5.535440000E+00 1.381178848E+02
8.987090000E-03 4.197800000E+00 5.527410000E+00 1.379534421E+02
8.999290000E-03 4.216400000E+00 5.518260000E+00 1.377664238E+02
9.019210000E-03 4.246200000E+00 5.503440000E+00 1.374621502E+02
9.040620000E-03 4.278200000E+00 5.487480000E+00 1.371366123E+02
9.062020000E-03 4.309900000E+00 5.471480000E+00 1.368127636E+02
9.083430000E-03 4.341400000E+00 5.455410000E+00 1.364902906E+02
9.126250000E-03 4.403600000E+00 5.423150000E+00 1.358498836E+02
9.140290000E-03 4.423900000E+00 5.412540000E+00 1.356412105E+02
9.169930000E-03 4.466600000E+00 5.390130000E+00 1.352027769E+02
9.196010000E-03 4.503200000E+00 5.370230000E+00 1.348193401E+02
9.255480000E-03 4.585800000E+00 5.325050000E+00 1.339530743E+02
9.305290000E-03 4.647200000E+00 5.288350000E+00 1.332360410E+02
9.412020000E-03 4.778800000E+00 5.209730000E+00 1.317251770E+02
9.561670000E-03 4.955400000E+00 5.097270000E+00 1.296635420E+02
9.809630000E-03 5.202500000E+00 4.910280000E+00 1.263860105E+02
1.007220000E-02 5.435700000E+00 4.716600000E+00 1.230912810E+02
1.109170000E-02 6.055500000E+00 4.008450000E+00 1.117772749E+02
1.136240000E-02 6.165900000E+00 3.834710000E+00 1.091142716E+02
1.159620000E-02 6.244000000E+00 3.690460000E+00 1.069143340E+02
1.171540000E-02 6.280200000E+00 3.618930000E+00 1.058265189E+02
1.174680000E-02 6.289400000E+00 3.600180000E+00 1.055436374E+02
1.189140000E-02 6.328000000E+00 3.516030000E+00 1.042602217E+02
1.204040000E-02 6.364600000E+00 3.430140000E+00 1.029700010E+02
1.212540000E-02 6.381800000E+00 3.382160000E+00 1.022481733E+02
1.226490000E-02 6.406500000E+00 3.305390000E+00 1.010852106E+02
1.237170000E-02 6.423900000E+00 3.247510000E+00 1.002125819E+02
1.241530000E-02 6.430000000E+00 3.224760000E+00 9.986065580E+01
1.249160000E-02 6.440800000E+00 3.184950000E+00 9.925069647E+01
1.254880000E-02 6.448800000E+00 3.155100000E+00 9.879829147E+01
1.261190000E-02 6.457500000E+00 3.122250000E+00 9.830398275E+01
1.264810000E-02 6.461200000E+00 3.104200000E+00 9.802262790E+01
1.268430000E-02 6.465000000E+00 3.086120000E+00 9.774287899E+01
1.270240000E-02 6.466800000E+00 3.077080000E+00 9.760360247E+01
1.272050000E-02 6.468700000E+00 3.068040000E+00 9.746472230E+01
1.275180000E-02 6.471900000E+00 3.052410000E+00 9.722548973E+01
1.278310000E-02 6.475200000E+00 3.036770000E+00 9.698742871E+01
1.281440000E-02 6.478400000E+00 3.021140000E+00 9.675053065E+01
1.284570000E-02 6.481700000E+00 3.005510000E+00 9.651478705E+01
1.287710000E-02 6.484700000E+00 2.990090000E+00 9.627944180E+01
1.289270000E-02 6.486100000E+00 2.982450000E+00 9.616294492E+01
1.290840000E-02 6.487500000E+00 2.974810000E+00 9.604598556E+01
1.292400000E-02 6.488900000E+00 2.967180000E+00 9.593005262E+01
1.293970000E-02 6.490300000E+00 2.959540000E+00 9.581365874E+01
1.295690000E-02 6.491800000E+00 2.951150000E+00 9.568646821E+01
1.297100000E-02 6.492800000E+00 2.944510000E+00 9.558245316E+01
1.299450000E-02 6.494300000E+00 2.933460000E+00 9.540959637E+01
1.300230000E-02 6.494900000E+00 2.929780000E+00 9.535236074E+01
1.300620000E-02 6.495100000E+00 2.927940000E+00 9.532376866E+01
1.302590000E-02 6.496400000E+00 2.918670000E+00 9.517960371E+01
1.302690000E-02 6.496500000E+00 2.918220000E+00 9.517229732E+01
1.303110000E-02 6.496800000E+00 2.916240000E+00 9.514162273E+01
1.303560000E-02 6.497100000E+00 2.914130000E+00 9.510877904E+01
1.306490000E-02 6.499000000E+00 2.900310000E+00 9.489548332E+01
1.307270000E-02 6.499500000E+00 2.896630000E+00 9.483886267E+01
1.309620000E-02 6.501100000E+00 2.885580000E+00 9.466868252E+01
1.311190000E-02 6.502100000E+00 2.878210000E+00 9.455532760E+01
1.312750000E-02 6.503200000E+00 2.870850000E+00 9.444296325E+01
1.314320000E-02 6.504200000E+00 2.863480000E+00 9.433014791E+01
1.315880000E-02 6.505300000E+00 2.856120000E+00 9.421831778E+01
1.317450000E-02 6.506300000E+00 2.848750000E+00 9.410603818E+01
1.319010000E-02 6.507100000E+00 2.841530000E+00 9.399473848E+01
1.322150000E-02 6.508800000E+00 2.827080000E+00 9.377150853E+01
1.325390000E-02 6.510500000E+00 2.812120000E+00 9.354227812E+01
1.328410000E-02 6.511600000E+00 2.798730000E+00 9.332961962E+01
1.334670000E-02 6.514000000E+00 2.770960000E+00 9.289187589E+01
1.336050000E-02 6.514500000E+00 2.764820000E+00 9.279592830E+01
1.338650000E-02 6.515500000E+00 2.753320000E+00 9.261569492E+01
1.343180000E-02 6.517200000E+00 2.733200000E+00 9.230333984E+01
1.351390000E-02 6.520200000E+00 2.696790000E+00 9.174257616E+01
1.361820000E-02 6.522200000E+00 2.652330000E+00 9.103993186E+01
1.375230000E-02 6.523700000E+00 2.595840000E+00 9.015219272E+01
1.391990000E-02 6.523400000E+00 2.527180000E+00 8.906673180E+01
1.409300000E-02 6.520600000E+00 2.458840000E+00 8.797275243E+01
1.416200000E-02 6.519000000E+00 2.432280000E+00 8.754413218E+01
1.423590000E-02 6.516900000E+00 2.404370000E+00 8.708968172E+01
1.430010000E-02 6.515100000E+00 2.380150000E+00 8.669869441E+01
1.433730000E-02 6.513800000E+00 2.366640000E+00 8.647374331E+01
1.437180000E-02 6.512500000E+00 2.354110000E+00 8.626616012E+01
1.440630000E-02 6.511300000E+00 2.341570000E+00 8.605957116E+01
1.447540000E-02 6.508900000E+00 2.316510000E+00 8.564875582E+01
1.457620000E-02 6.505200000E+00 2.280020000E+00 8.505646190E+01
1.464520000E-02 6.501800000E+00 2.255820000E+00 8.465572338E+01
1.471430000E-02 6.498000000E+00 2.232250000E+00 8.425817062E+01
1.487540000E-02 6.489000000E+00 2.177620000E+00 8.334565793E+01
1.501870000E-02 6.480200000E+00 2.130200000E+00 8.255042048E+01
1.514200000E-02 6.471700000E+00 2.090680000E+00 8.187821952E+01
1.532590000E-02 6.457000000E+00 2.033090000E+00 8.089573859E+01
1.635000000E-02 6.371200000E+00 1.824440000E+00 7.582874618E+01
1.791170000E-02 6.205000000E+00 1.446940000E+00 6.921732722E+01
1.952140000E-02 5.921200000E+00 1.165250000E+00 6.350978926E+01
2.140000000E-02 5.545300000E+00 9.283900000E-01 5.793457944E+01
2.340000000E-02 5.105800000E+00 7.493310000E-01 5.298290598E+01
2.564850000E-02 4.562200000E+00 6.067520000E-01 4.833810944E+01
2.754150000E-02 4.042900000E+00 5.204310000E-01 4.501570357E+01
2.879880000E-02 3.677400000E+00 4.750180000E-01 4.305040488E+01
2.969150000E-02 3.395500000E+00 4.473630000E-01 4.175605813E+01
3.038340000E-02 3.148900000E+00 4.279900000E-01 4.080517651E+01
3.084430000E-02 2.985200000E+00 4.160120000E-01 4.019543319E+01
3.113050000E-02 2.883700000E+00 4.089140000E-01 3.982589422E+01
3.134510000E-02 2.807800000E+00 4.038610000E-01 3.955323161E+01
3.164790000E-02 2.700700000E+00 3.967490000E-01 3.917479517E+01
3.166710000E-02 2.693000000E+00 3.963100000E-01 3.915104320E+01
3.182810000E-02 2.628800000E+00 3.927580000E-01 3.895300065E+01
3.200300000E-02 2.559000000E+00 3.889270000E-01 3.874011811E+01
3.219680000E-02 2.467800000E+00 3.847000000E-01 3.850693237E+01
3.232370000E-02 2.408100000E+00 3.821540000E-01 3.835575754E+01
3.238270000E-02 2.380300000E+00 3.809690000E-01 3.828587487E+01
3.254020000E-02 2.306300000E+00 3.778080000E-01 3.810056484E+01
3.261890000E-02 2.269300000E+00 3.762280000E-01 3.800863916E+01
3.271240000E-02 2.225300000E+00 3.743510000E-01 3.790000122E+01
3.277640000E-02 2.195300000E+00 3.731040000E-01 3.782599675E+01
3.285510000E-02 2.158400000E+00 3.716360000E-01 3.773538964E+01
3.293390000E-02 2.121500000E+00 3.701670000E-01 3.764510125E+01
3.301260000E-02 2.084600000E+00 3.686990000E-01 3.755535765E+01
3.309130000E-02 2.047700000E+00 3.672300000E-01 3.746604092E+01
3.317140000E-02 2.010200000E+00 3.657380000E-01 3.737557052E+01
3.325180000E-02 1.972400000E+00 3.642380000E-01 3.728519960E+01
3.328090000E-02 1.958800000E+00 3.636950000E-01 3.725259834E+01
3.331000000E-02 1.945200000E+00 3.631520000E-01 3.722005404E+01
3.336140000E-02 1.921100000E+00 3.621940000E-01 3.716270900E+01
3.343180000E-02 1.888100000E+00 3.609150000E-01 3.708445253E+01
3.347400000E-02 1.868400000E+00 3.601920000E-01 3.703770090E+01
3.355600000E-02 1.830000000E+00 3.587860000E-01 3.694719275E+01
3.363800000E-02 1.791700000E+00 3.573800000E-01 3.685712587E+01
3.372000000E-02 1.753300000E+00 3.559720000E-01 3.676749703E+01
3.376750000E-02 1.731100000E+00 3.551530000E-01 3.671577700E+01
3.381500000E-02 1.708900000E+00 3.543350000E-01 3.666420228E+01
3.385530000E-02 1.690100000E+00 3.536420000E-01 3.662055867E+01
3.389550000E-02 1.671300000E+00 3.529490000E-01 3.657712676E+01
3.393570000E-02 1.652500000E+00 3.522560000E-01 3.653379774E+01
3.397600000E-02 1.633700000E+00 3.515640000E-01 3.649046386E+01
3.403630000E-02 1.605500000E+00 3.505250000E-01 3.642581597E+01
3.409660000E-02 1.577300000E+00 3.494850000E-01 3.636139674E+01
3.411680000E-02 1.567900000E+00 3.491470000E-01 3.633986775E+01
3.412680000E-02 1.563200000E+00 3.489800000E-01 3.632921926E+01
3.413690000E-02 1.558500000E+00 3.488120000E-01 3.631847063E+01
3.414190000E-02 1.556100000E+00 3.487280000E-01 3.631315187E+01
3.415960000E-02 1.547900000E+00 3.484400000E-01 3.629433600E+01
3.416680000E-02 1.544500000E+00 3.483250000E-01 3.628668766E+01
3.417310000E-02 1.541600000E+00 3.482250000E-01 3.627999801E+01
3.420630000E-02 1.526100000E+00 3.476970000E-01 3.624478532E+01
3.422740000E-02 1.516200000E+00 3.473610000E-01 3.622244167E+01
3.424500000E-02 1.508000000E+00 3.470800000E-01 3.620382538E+01
3.429780000E-02 1.483400000E+00 3.462400000E-01 3.614809113E+01
3.433780000E-02 1.464700000E+00 3.456030000E-01 3.610598233E+01
3.439780000E-02 1.436700000E+00 3.446470000E-01 3.604300275E+01
3.442780000E-02 1.422700000E+00 3.441690000E-01 3.601159528E+01
3.445790000E-02 1.408700000E+00 3.436910000E-01 3.598013808E+01
3.453980000E-02 1.370500000E+00 3.423860000E-01 3.589482278E+01
3.462180000E-02 1.332200000E+00 3.410800000E-01 3.580980769E+01
3.470000000E-02 1.295700000E+00 3.398360000E-01 3.572910663E+01
3.476300000E-02 1.266300000E+00 3.388270000E-01 3.566435578E+01
3.485260000E-02 1.224600000E+00 3.374240000E-01 3.557266890E+01
3.493040000E-02 1.188300000E+00 3.362850000E-01 3.549343838E+01
3.494980000E-02 1.179300000E+00 3.360010000E-01 3.547373662E+01
3.501410000E-02 1.149400000E+00 3.350580000E-01 3.540859254E+01
3.509780000E-02 1.110400000E+00 3.338320000E-01 3.532415137E+01
3.518150000E-02 1.071400000E+00 3.326050000E-01 3.524011199E+01
3.526530000E-02 1.032400000E+00 3.313790000E-01 3.515637184E+01
3.534900000E-02 9.935000000E-01 3.301530000E-01 3.507312795E+01
3.543270000E-02 9.545000000E-01 3.289260000E-01 3.499027734E+01
3.551640000E-02 9.109000000E-01 3.277300000E-01 3.490781723E+01
3.568380000E-02 8.164000000E-01 3.254690000E-01 3.474405753E+01
3.581220000E-02 7.440000000E-01 3.237520000E-01 3.461948721E+01
3.603690000E-02 6.094000000E-01 3.207430000E-01 3.440362517E+01
3.640290000E-02 3.784000000E-01 3.159670000E-01 3.405772617E+01
3.671110000E-02 1.839000000E-01 3.121630000E-01 3.377180199E+01
3.689180000E-02 6.990000000E-02 3.100080000E-01 3.360638407E+01
3.698220000E-02 1.300000000E-02 3.089290000E-01 3.352423598E+01
3.707250000E-02 -4.390000000E-02 3.078500000E-01 3.344257873E+01
3.716290000E-02 -1.009000000E-01 3.067950000E-01 3.336122854E+01
3.725330000E-02 -1.643000000E-01 3.057560000E-01 3.328027316E+01
3.734360000E-02 -2.332000000E-01 3.047170000E-01 3.319979863E+01
3.743400000E-02 -3.021000000E-01 3.036770000E-01 3.311962387E+01
3.752430000E-02 -3.710000000E-01 3.026380000E-01 3.303992346E+01
3.761470000E-02 -4.399000000E-01 3.016100000E-01 3.296051810E+01
3.770510000E-02 -5.087000000E-01 3.006280000E-01 3.288149348E+01
3.779540000E-02 -5.776000000E-01 2.996620000E-01 3.280293369E+01
3.792820000E-02 -6.788000000E-01 2.982680000E-01 3.268807905E+01
3.802070000E-02 -7.492000000E-01 2.972970000E-01 3.260855271E+01
3.807170000E-02 -7.893000000E-01 2.967530000E-01 3.256487102E+01
3.816420000E-02 -8.684000000E-01 2.957650000E-01 3.248594232E+01
3.820560000E-02 -9.037000000E-01 2.953240000E-01 3.245074021E+01
3.824720000E-02 -9.394000000E-01 2.948800000E-01 3.241544479E+01
3.829800000E-02 -9.828000000E-01 2.943380000E-01 3.237244765E+01
3.834940000E-02 -1.026700000E+00 2.937900000E-01 3.232905860E+01
3.839150000E-02 -1.062700000E+00 2.933410000E-01 3.229360666E+01
3.848500000E-02 -1.142600000E+00 2.923860000E-01 3.221514876E+01
3.851830000E-02 -1.171000000E+00 2.920720000E-01 3.218729799E+01
3.864960000E-02 -1.283200000E+00 2.908330000E-01 3.207795165E+01
3.871520000E-02 -1.339200000E+00 2.902130000E-01 3.202359797E+01
3.878090000E-02 -1.395300000E+00 2.895940000E-01 3.196934573E+01
3.887290000E-02 -1.473900000E+00 2.887250000E-01 3.189368429E+01
3.899520000E-02 -1.585500000E+00 2.875720000E-01 3.179365666E+01
3.906840000E-02 -1.658200000E+00 2.868840000E-01 3.173408688E+01
3.920200000E-02 -1.794400000E+00 2.856460000E-01 3.162593745E+01
3.934040000E-02 -1.941300000E+00 2.845000000E-01 3.151467702E+01
3.946050000E-02 -2.074600000E+00 2.837830000E-01 3.141876053E+01
3.955120000E-02 -2.180100000E+00 2.838090000E-01 3.134671009E+01
3.966400000E-02 -2.318300000E+00 2.854400000E-01 3.125756353E+01
3.978990000E-02 -2.484300000E+00 2.919260000E-01 3.115866087E+01
3.997020000E-02 -2.746500000E+00 3.209530000E-01 3.101810849E+01
4.010240000E-02 -2.954500000E+00 3.698040000E-01 3.091585541E+01
4.025470000E-02 -3.201500000E+00 4.686320000E-01 3.079888808E+01
4.040650000E-02 -3.435600000E+00 6.157940000E-01 3.068318216E+01
4.056000000E-02 -3.627000000E+00 7.970310000E-01 3.056706114E+01
4.071710000E-02 -3.765400000E+00 9.840100000E-01 3.044912334E+01
4.089180000E-02 -3.869900000E+00 1.155580000E+00 3.031903707E+01
4.121660000E-02 -4.062300000E+00 1.344190000E+00 3.008011335E+01
4.182320000E-02 -4.647900000E+00 1.725390000E+00 2.964383404E+01
4.260920000E-02 -5.086400000E+00 2.243840000E+00 2.909700253E+01
4.370000000E-02 -6.043700000E+00 2.615440000E+00 2.837070938E+01
4.480000000E-02 -7.330900000E+00 3.175460000E+00 2.767410714E+01
4.580740000E-02 -8.688700000E+00 3.913090000E+00 2.706549597E+01
4.680000000E-02 -1.015450000E+01 4.907990000E+00 2.649145299E+01
4.786300000E-02 -1.181140000E+01 6.336780000E+00 2.590309843E+01
4.900000000E-02 -1.360210000E+01 8.360440000E+00 2.530204082E+01
5.022440000E-02 -1.538490000E+01 1.120040000E+01 2.468521277E+01
5.160190000E-02 -1.689520000E+01 1.527510000E+01 2.402624710E+01
5.284120000E-02 -1.744600000E+01 1.963870000E+01 2.346275255E+01
5.363300000E-02 -1.731540000E+01 2.265400000E+01 2.311636492E+01
5.442500000E-02 -1.674580000E+01 2.578860000E+01 2.277997244E+01
5.550000000E-02 -1.520880000E+01 2.996690000E+01 2.233873874E+01
5.638210000E-02 -1.324010000E+01 3.319290000E+01 2.198924836E+01
5.754400000E-02 -9.865200000E+00 3.688910000E+01 2.154525233E+01
5.863070000E-02 -6.101400000E+00 3.960090000E+01 2.114591844E+01
5.970000000E-02 -2.093600000E+00 4.148890000E+01 2.076716918E+01
6.015000000E-02 -3.649000000E-01 4.204450000E+01 2.061180382E+01
6.034270000E-02 3.811000000E-01 4.224160000E+01 2.054598154E+01
6.165950000E-02 5.385900000E+00 4.298030000E+01 2.010720165E+01
6.309570000E-02 1.049180000E+01 4.272360000E+01 1.964951653E+01
6.441880000E-02 1.474540000E+01 4.175430000E+01 1.924593442E+01
6.650000000E-02 2.035150000E+01 3.923790000E+01 1.864360902E+01
6.883040000E-02 2.521210000E+01 3.564380000E+01 1.801238987E+01
7.046870000E-02 2.779490000E+01 3.287300000E+01 1.759362667E+01
7.319810000E-02 3.077800000E+01 2.819590000E+01 1.693759811E+01
7.612610000E-02 3.251240000E+01 2.347300000E+01 1.628613577E+01
7.943280000E-02 3.317210000E+01 1.877600000E+01 1.560816187E+01
8.321830000E-02 3.284910000E+01 1.437170000E+01 1.489816543E+01
8.693720000E-02 3.189950000E+01 1.100840000E+01 1.426086877E+01
9.048210000E-02 3.073470000E+01 8.538460000E+00 1.370215766E+01
9.413480000E-02 2.945200000E+01 6.588100000E+00 1.317047468E+01
9.807590000E-02 2.806020000E+01 5.005000000E+00 1.264122990E+01
1.020790000E-01 2.668080000E+01 3.807420000E+00 1.214549516E+01
1.037950000E-01 2.609170000E+01 3.393130000E+00 1.194469868E+01
1.045870000E-01 2.581070000E+01 3.218220000E+00 1.185424575E+01
1.060850000E-01 2.523280000E+01 2.925100000E+00 1.168685488E+01
1.067210000E-01 2.494250000E+01 2.842280000E+00 1.161720748E+01
1.088900000E-01 2.422320000E+01 3.036500000E+00 1.138580219E+01
1.106250000E-01 2.407080000E+01 2.944050000E+00 1.120723164E+01
1.128980000E-01 2.368040000E+01 2.665160000E+00 1.098159401E+01
1.138480000E-01 2.349240000E+01 2.559710000E+00 1.088995854E+01
1.152360000E-01 2.316590000E+01 2.429030000E+00 1.075879066E+01
1.163780000E-01 2.287470000E+01 2.401920000E+00 1.065321624E+01
1.186200000E-01 2.257140000E+01 2.469520000E+00 1.045186309E+01
1.240620000E-01 2.191050000E+01 2.166070000E+00 9.993390402E+00
1.306880000E-01 2.105020000E+01 1.933520000E+00 9.486716454E+00
1.380380000E-01 2.018830000E+01 1.839540000E+00 8.981584781E+00
1.471630000E-01 1.926160000E+01 1.887010000E+00 8.424671962E+00
1.481100000E-01 1.917140000E+01 1.899740000E+00 8.370805482E+00
1.490000000E-01 1.908760000E+01 1.912180000E+00 8.320805369E+00
1.500000000E-01 1.899850000E+01 1.928090000E+00 8.265333333E+00
1.510050000E-01 1.890860000E+01 1.944520000E+00 8.210324161E+00
1.513670000E-01 1.887710000E+01 1.950790000E+00 8.190688856E+00
1.524780000E-01 1.877900000E+01 1.971270000E+00 8.131009064E+00
1.533160000E-01 1.870170000E+01 1.987980000E+00 8.086566307E+00
1.540170000E-01 1.863380000E+01 2.002120000E+00 8.049760741E+00
1.556430000E-01 1.845790000E+01 2.044690000E+00 7.965665015E+00
1.565510000E-01 1.834120000E+01 2.089880000E+00 7.919463945E+00
1.585390000E-01 1.813910000E+01 2.302340000E+00 7.820157816E+00
1.601610000E-01 1.812150000E+01 2.464660000E+00 7.740960658E+00
1.865000000E-01 1.744030000E+01 3.311980000E+00 6.647721180E+00
2.238720000E-01 1.707270000E+01 4.300960000E+00 5.537985992E+00
2.600160000E-01 1.703970000E+01 4.944140000E+00 4.768168113E+00
3.100000000E-01 1.699610000E+01 5.425410000E+00 3.999354839E+00
3.720850000E-01 1.635500000E+01 5.554940000E+00 3.332034347E+00
4.219110000E-01 1.507280000E+01 5.507280000E+00 2.938534430E+00
4.606380000E-01 1.315120000E+01 5.390130000E+00 2.691484419E+00
4.883710000E-01 1.083910000E+01 5.281960000E+00 2.538643777E+00
5.057780000E-01 8.654500000E+00 5.208600000E+00 2.451273088E+00
5.177190000E-01 6.522100000E+00 5.157330000E+00 2.394735368E+00
5.245240000E-01 4.879400000E+00 5.126840000E+00 2.363666867E+00
5.289400000E-01 3.553300000E+00 5.113330000E+00 2.343933149E+00
5.327350000E-01 2.120600000E+00 5.137880000E+00 2.327235868E+00
5.349920000E-01 1.098000000E+00 5.203980000E+00 2.317417831E+00
5.361850000E-01 4.951000000E-01 5.268670000E+00 2.312261626E+00
5.367180000E-01 2.109000000E-01 5.306700000E+00 2.309965382E+00
5.369800000E-01 6.750000000E-02 5.327890000E+00 2.308838318E+00
5.375220000E-01 -2.374000000E-01 5.377500000E+00 2.306510245E+00
5.382170000E-01 -6.437000000E-01 5.453700000E+00 2.303531847E+00
5.397090000E-01 -1.573000000E+00 5.675420000E+00 2.297163842E+00
5.419500000E-01 -3.111300000E+00 6.210040000E+00 2.287664914E+00
5.445890000E-01 -5.067000000E+00 7.269540000E+00 2.276579218E+00
5.469690000E-01 -6.814100000E+00 8.718620000E+00 2.266673248E+00
5.500700000E-01 -8.736800000E+00 1.130660000E+01 2.253894959E+00
5.519280000E-01 -9.517500000E+00 1.313840000E+01 2.246307489E+00
5.545000000E-01 -1.025150000E+01 1.584420000E+01 2.235888188E+00
5.576000000E-01 -1.039010000E+01 1.914420000E+01 2.223457676E+00
5.613350000E-01 -9.709000000E+00 2.283070000E+01 2.208663276E+00
5.662000000E-01 -7.993100000E+00 2.702690000E+01 2.189685623E+00
5.696000000E-01 -6.336100000E+00 2.957610000E+01 2.176615169E+00
5.731020000E-01 -4.269700000E+00 3.181160000E+01 2.163314733E+00
5.768730000E-01 -1.797400000E+00 3.365390000E+01 2.149173215E+00
5.798160000E-01 1.919000000E-01 3.466840000E+01 2.138264553E+00
5.829060000E-01 2.212100000E+00 3.538190000E+01 2.126929556E+00
5.880320000E-01 5.262200000E+00 3.597920000E+01 2.108388659E+00
5.932370000E-01 7.961600000E+00 3.608860000E+01 2.089889875E+00
5.991010000E-01 1.046810000E+01 3.582460000E+01 2.069434035E+00
6.077800000E-01 1.354420000E+01 3.515260000E+01 2.039882852E+00
6.165950000E-01 1.589230000E+01 3.428690000E+01 2.010720165E+00
6.309570000E-01 1.869800000E+01 3.283140000E+01 1.964951653E+00
6.593750000E-01 2.202570000E+01 3.073730000E+01 1.880265403E+00
7.071420000E-01 2.538110000E+01 2.848020000E+01 1.753254650E+00
7.415800000E-01 2.635140000E+01 2.703840000E+01 1.671835810E+00
7.552250000E-01 2.563510000E+01 2.701280000E+01 1.641629978E+00
7.641120000E-01 2.559490000E+01 2.830450000E+01 1.622537010E+00
7.773890000E-01 2.746410000E+01 2.900880000E+01 1.594825756E+00
8.003750000E-01 2.890780000E+01 2.841320000E+01 1.549023895E+00
8.169000000E-01 2.982760000E+01 2.892690000E+01 1.517688824E+00
8.413950000E-01 3.187710000E+01 2.842040000E+01 1.473505310E+00
8.930350000E-01 3.435780000E+01 2.680280000E+01 1.388299451E+00
9.175150000E-01 3.490280000E+01 2.613090000E+01 1.351258563E+00
9.347140000E-01 3.536390000E+01 2.638000000E+01 1.326395026E+00
9.674420000E-01 3.710650000E+01 2.569590000E+01 1.281523854E+00
1.044430000E+00 3.950450000E+01 2.363320000E+01 1.187058970E+00
1.143300000E+00 4.150419000E+01 2.129350000E+01 1.084404793E+00
1.257110000E+00 4.305624000E+01 1.897140000E+01 9.862303219E-01
1.390470000E+00 4.421441000E+01 1.668620000E+01 8.916409559E-01
1.553070000E+00 4.507034000E+01 1.443030000E+01 7.982898388E-01
1.762120000E+00 4.562049000E+01 1.215870000E+01 7.035843189E-01
2.024480000E+00 4.586825000E+01 1.000950000E+01 6.124041729E-01
2.371620000E+00 4.575537000E+01 7.968760000E+00 5.227650298E-01
2.755880000E+00 4.529849000E+01 6.383580000E+00 4.498744503E-01
3.196740000E+00 4.439981000E+01 5.099910000E+00 3.878326045E-01
3.535070000E+00 4.327503000E+01 4.369070000E+00 3.507144130E-01
3.761620000E+00 4.205092000E+01 3.967150000E+00 3.295920375E-01
3.897460000E+00 4.087440000E+01 3.752520000E+00 3.181046117E-01
4.000460000E+00 3.935720000E+01 3.602970000E+00 3.099143598E-01
4.050760000E+00 3.796060000E+01 3.603680000E+00 3.060660222E-01
4.070850000E+00 3.708590000E+01 3.800940000E+00 3.045555596E-01
4.086270000E+00 3.630190000E+01 4.196590000E+00 3.034062849E-01
4.102100000E+00 3.551220000E+01 4.925680000E+00 3.022354404E-01
4.121950000E+00 3.486440000E+01 6.290840000E+00 3.007799706E-01
4.148410000E+00 3.502270000E+01 8.326500000E+00 2.988614915E-01
4.172000000E+00 3.593690000E+01 9.615350000E+00 2.971716203E-01
4.199370000E+00 3.712190000E+01 1.023530000E+01 2.952347614E-01
4.244370000E+00 3.833130000E+01 1.030950000E+01 2.921045997E-01
4.299320000E+00 3.877320000E+01 1.015990000E+01 2.883711843E-01
4.342580000E+00 3.846360000E+01 1.039170000E+01 2.854984825E-01
4.385230000E+00 3.834250000E+01 1.154530000E+01 2.827217729E-01
4.425400000E+00 3.918900000E+01 1.268120000E+01 2.801554662E-01
4.472370000E+00 4.050600000E+01 1.299800000E+01 2.772132002E-01
4.541300000E+00 4.161997000E+01 1.276380000E+01 2.730055271E-01
4.609310000E+00 4.201365000E+01 1.255870000E+01 2.689773524E-01
4.672620000E+00 4.218373000E+01 1.309410000E+01 2.653329395E-01
4.725560000E+00 4.303121000E+01 1.362590000E+01 2.623604398E-01
4.799330000E+00 4.422104000E+01 1.349310000E+01 2.583277249E-01
4.911910000E+00 4.532523000E+01 1.304030000E+01 2.524069048E-01
5.050590000E+00 4.631190000E+01 1.250720000E+01 2.454762711E-01
5.248070000E+00 4.732927000E+01 1.179440000E+01 2.362392270E-01
5.448650000E+00 4.808526000E+01 1.112470000E+01 2.275426023E-01
5.660930000E+00 4.869352000E+01 1.047670000E+01 2.190099507E-01
5.935230000E+00 4.929014000E+01 9.719890000E+00 2.088882823E-01
6.197090000E+00 4.970563000E+01 9.074100000E+00 2.000616418E-01
6.462430000E+00 5.003207300E+01 8.486570000E+00 1.918473392E-01
6.681110000E+00 5.024207500E+01 8.044290000E+00 1.855679670E-01
6.964510000E+00 5.045527700E+01 7.524240000E+00 1.780168310E-01
7.207090000E+00 5.059816300E+01 7.121760000E+00 1.720250476E-01
7.387330000E+00 5.068686200E+01 6.843080000E+00 1.678278891E-01
7.630940000E+00 5.078458100E+01 6.491370000E+00 1.624701544E-01
7.785570000E+00 5.083739000E+01 6.282800000E+00 1.592433181E-01
8.006620000E+00 5.089882400E+01 6.002360000E+00 1.548468642E-01
8.176700000E+00 5.093811540E+01 5.799620000E+00 1.516259616E-01
8.313120000E+00 5.096679670E+01 5.642100000E+00 1.491377485E-01
8.429850000E+00 5.098486010E+01 5.512600000E+00 1.470726051E-01
8.485880000E+00 5.099298491E+01 5.451850000E+00 1.461015239E-01
8.548010000E+00 5.100115350E+01 5.386500000E+00 1.450396057E-01
8.606940000E+00 5.100908065E+01 5.324710000E+00 1.440465485E-01
8.712860000E+00 5.102087020E+01 5.216570000E+00 1.422954116E-01
8.859110000E+00 5.103278490E+01 5.073210000E+00 1.399463377E-01
9.075920000E+00 5.104719500E+01 4.871700000E+00 1.366032314E-01
9.316100000E+00 5.105646420E+01 4.662850000E+00 1.330814397E-01
9.546600000E+00 5.105952930E+01 4.476320000E+00 1.298682253E-01
9.790840000E+00 5.105993590E+01 4.290320000E+00 1.266285630E-01
9.933580000E+00 5.105950480E+01 4.185950000E+00 1.248089813E-01
1.016780000E+01 5.105288590E+01 4.023670000E+00 1.219339483E-01
1.051660000E+01 5.103904640E+01 3.800650000E+00 1.178898123E-01
1.083930000E+01 5.102332240E+01 3.610150000E+00 1.143800799E-01
1.110770000E+01 5.100781738E+01 3.461300000E+00 1.116162662E-01
1.118970000E+01 5.100239034E+01 3.418060000E+00 1.107983235E-01
1.123220000E+01 5.099931960E+01 3.395890000E+00 1.103790887E-01
1.163540000E+01 5.097039220E+01 3.195250000E+00 1.065541365E-01
1.238110000E+01 5.090847920E+01 2.872080000E+00 1.001364984E-01
1.395590000E+01 5.075978300E+01 2.332060000E+00 8.883697934E-02
1.586890000E+01 5.057490400E+01 1.861790000E+00 7.812765850E-02
1.803710000E+01 5.036514500E+01 1.483900000E+00 6.873610503E-02
2.044900000E+01 5.013452300E+01 1.185850000E+00 6.062888161E-02
2.316350000E+01 4.984528000E+01 9.475220000E-01 5.352386297E-02
2.550520000E+01 4.952587000E+01 7.958730000E-01 4.860969528E-02
2.712080000E+01 4.921270000E+01 7.115920000E-01 4.571399074E-02
2.823840000E+01 4.888445000E+01 6.609870000E-01 4.390475381E-02
2.897460000E+01 4.855017000E+01 6.307370000E-01 4.278920158E-02
2.950240000E+01 4.817014000E+01 6.105180000E-01 4.202369977E-02
2.980160000E+01 4.780429000E+01 6.099360000E-01 4.160179319E-02
2.993070000E+01 4.756809000E+01 6.391130000E-01 4.142235230E-02
3.001760000E+01 4.737234000E+01 6.926710000E-01 4.130243590E-02
3.010280000E+01 4.715569000E+01 7.921230000E-01 4.118553756E-02
3.017730000E+01 4.695814000E+01 9.313030000E-01 4.108386105E-02
3.026400000E+01 4.674253000E+01 1.166560000E+00 4.096616442E-02
3.038000000E+01 4.653658000E+01 1.595570000E+00 4.080974325E-02
3.057550000E+01 4.656530000E+01 2.445070000E+00 4.054880542E-02
3.071750000E+01 4.686890000E+01 2.945400000E+00 4.036135753E-02
3.086210000E+01 4.727861000E+01 3.247620000E+00 4.017225011E-02
3.106580000E+01 4.779569000E+01 3.391850000E+00 3.990883866E-02
3.130150000E+01 4.821307000E+01 3.388700000E+00 3.960832548E-02
3.170950000E+01 4.866611000E+01 3.324360000E+00 3.909869282E-02
3.229340000E+01 4.907543000E+01 3.227640000E+00 3.839174568E-02
3.299590000E+01 4.941771000E+01 3.119390000E+00 3.757436530E-02
3.392990000E+01 4.974002000E+01 2.982100000E+00 3.654004285E-02
3.490990000E+01 4.998494000E+01 2.844670000E+00 3.551428105E-02
3.613230000E+01 5.020573600E+01 2.687840000E+00 3.431278939E-02
3.718070000E+01 5.035332500E+01 2.565500000E+00 3.334525708E-02
3.840390000E+01 5.049085800E+01 2.433670000E+00 3.228317957E-02
3.989720000E+01 5.062151200E+01 2.287150000E+00 3.107486240E-02
4.118140000E+01 5.071115400E+01 2.169840000E+00 3.010582447E-02
4.242070000E+01 5.078080500E+01 2.063650000E+00 2.922629754E-02
4.352970000E+01 5.083115600E+01 1.975470000E+00 2.848170330E-02
4.450230000E+01 5.086922800E+01 1.902750000E+00 2.785923424E-02
4.545460000E+01 5.090109190E+01 1.835750000E+00 2.727556727E-02
4.664480000E+01 5.093665890E+01 1.756200000E+00 2.657959730E-02
4.759680000E+01 5.095957180E+01 1.695640000E+00 2.604796961E-02
4.876470000E+01 5.098363620E+01 1.625630000E+00 2.542412852E-02
4.970940000E+01 5.099928026E+01 1.572540000E+00 2.494095684E-02
4.985580000E+01 5.100172669E+01 1.564340000E+00 2.486771850E-02
5.080890000E+01 5.101514660E+01 1.514210000E+00 2.440123679E-02
5.129150000E+01 5.102208060E+01 1.488950000E+00 2.417164637E-02
5.272500000E+01 5.103647020E+01 1.419920000E+00 2.351446183E-02
5.378640000E+01 5.104635080E+01 1.371440000E+00 2.305043654E-02
5.529690000E+01 5.105748580E+01 1.306740000E+00 2.242078670E-02
5.810580000E+01 5.107071210E+01 1.198710000E+00 2.133694055E-02
6.013500000E+01 5.107670100E+01 1.127790000E+00 2.061694521E-02
6.374600000E+01 5.107980650E+01 1.015930000E+00 1.944906347E-02
6.792360000E+01 5.107524780E+01 9.068020000E-01 1.825286057E-02
7.408940000E+01 5.106245070E+01 7.759270000E-01 1.673383777E-02
7.911550000E+01 5.104771290E+01 6.880060000E-01 1.567075984E-02
8.940410000E+01 5.101398680E+01 5.503220000E-01 1.386737297E-02
9.336590000E+01 5.100148566E+01 5.078770000E-01 1.327893803E-02
9.354390000E+01 5.100093712E+01 5.060330000E-01 1.325367020E-02
9.383490000E+01 5.099999743E+01 5.031800000E-01 1.321256803E-02
9.601600000E+01 5.099296735E+01 4.820150000E-01 1.291243126E-02
9.773850000E+01 5.098730950E+01 4.664540000E-01 1.268486830E-02
1.069200000E+02 5.095949170E+01 3.945730000E-01 1.159558548E-02
1.176510000E+02 5.093022970E+01 3.303640000E-01 1.053794698E-02
1.326820000E+02 5.089545400E+01 2.637910000E-01 9.344146154E-03
1.491390000E+02 5.086421200E+01 2.119060000E-01 8.313050242E-03
1.681490000E+02 5.083549200E+01 1.692270000E-01 7.373222559E-03
1.891850000E+02 5.081042700E+01 1.357340000E-01 6.553373682E-03
2.118820000E+02 5.078918800E+01 1.099690000E-01 5.851370102E-03
2.401010000E+02 5.076909000E+01 8.737660000E-02 5.163660293E-03
2.706240000E+02 5.075260800E+01 7.038930000E-02 4.581264042E-03
3.048700000E+02 5.073868300E+01 5.695400000E-02 4.066651360E-03
3.457400000E+02 5.072643200E+01 4.579710000E-02 3.585931625E-03
3.924190000E+02 5.071628200E+01 3.704660000E-02 3.159378114E-03
4.444790000E+02 5.070808500E+01 3.030100000E-02 2.789333129E-03
5.076140000E+02 5.070102500E+01 2.469220000E-02 2.442407026E-03
5.777220000E+02 5.069554100E+01 2.045450000E-02 2.146014865E-03
6.645780000E+02 5.069083800E+01 1.687790000E-02 1.865544752E-03
7.712530000E+02 5.068701000E+01 1.397660000E-02 1.607514006E-03
9.015710000E+02 5.068403500E+01 1.164590000E-02 1.375155146E-03
1.070170000E+03 5.068177000E+01 9.712210000E-03 1.158507527E-03
1.286620000E+03 5.068010900E+01 7.949520000E-03 9.636100791E-04
1.546860000E+03 5.067894700E+01 6.506740000E-03 8.014946408E-04
1.859730000E+03 5.067809200E+01 5.325810000E-03 6.666559124E-04
2.235890000E+03 5.067746900E+01 4.359220000E-03 5.544995505E-04
2.688130000E+03 5.067703700E+01 3.568050000E-03 4.612128134E-04
3.231850000E+03 5.067673900E+01 2.920470000E-03 3.836192893E-04
3.885540000E+03 5.067653300E+01 2.390430000E-03 3.190804882E-04
4.671440000E+03 5.067639000E+01 1.956580000E-03 2.653999623E-04
5.616310000E+03 5.067629100E+01 1.601480000E-03 2.207499230E-04
6.752290000E+03 5.067622200E+01 1.310820000E-03 1.836117821E-04
8.118030000E+03 5.067617500E+01 1.072920000E-03 1.527217810E-04
9.760020000E+03 5.067614200E+01 8.781910000E-04 1.270284282E-04
1.000000000E+04 5.067613900E+01 8.567630000E-04 1.239800000E-04
