# Data retrieved from https://www-nds.iaea.org/epdl97/za1to100.htm 03/01/2021
# Element, Sc  (Z = 21) 
# Atomic weight, g mol-1 = 44.958 
# Nominal density, g cm-3 =  2.98900E+0 
# Relativistic correction estimate f_rel(5CL)*,  e atom-1 =  0 
# Nuclear Thomson correction f_NT*, e atom-1 =  0 
#    E [keV]      f1 [e atom-1]      f2 [e atom-1]    Wavelength [nm] 
1.000000000E-03 6.926200000E+00 0.000000000E+00 1.239800000E+03
1.125000000E-03 6.925000000E+00 0.000000000E+00 1.102044444E+03
1.265630000E-03 6.923600000E+00 0.000000000E+00 9.795911917E+02
1.423830000E-03 6.922000000E+00 0.000000000E+00 8.707500193E+02
1.567190000E-03 6.920600000E+00 0.000000000E+00 7.910974419E+02
1.692640000E-03 6.919300000E+00 0.000000000E+00 7.324652614E+02
1.802400000E-03 6.918200000E+00 0.000000000E+00 6.878606303E+02
1.898450000E-03 6.917300000E+00 0.000000000E+00 6.530590745E+02
2.000000000E-03 6.916200000E+00 0.000000000E+00 6.199000000E+02
2.056020000E-03 6.915000000E+00 0.000000000E+00 6.030096983E+02
2.120360000E-03 6.913500000E+00 0.000000000E+00 5.847120300E+02
2.176660000E-03 6.912300000E+00 0.000000000E+00 5.695882683E+02
2.225920000E-03 6.911200000E+00 0.000000000E+00 5.569831800E+02
2.269030000E-03 6.910200000E+00 0.000000000E+00 5.464008850E+02
2.306740000E-03 6.909300000E+00 0.000000000E+00 5.374684620E+02
2.339740000E-03 6.908600000E+00 0.000000000E+00 5.298879363E+02
2.397500000E-03 6.907300000E+00 0.000000000E+00 5.171220021E+02
2.440810000E-03 6.906300000E+00 0.000000000E+00 5.079461326E+02
2.473300000E-03 6.905600000E+00 0.000000000E+00 5.012736021E+02
2.497660000E-03 6.905000000E+00 0.000000000E+00 4.963846160E+02
2.515930000E-03 6.904600000E+00 0.000000000E+00 4.927800058E+02
2.529640000E-03 6.904300000E+00 0.000000000E+00 4.901092646E+02
2.550200000E-03 6.903900000E+00 0.000000000E+00 4.861579484E+02
2.560480000E-03 6.903600000E+00 0.000000000E+00 4.842060864E+02
2.570750000E-03 6.903400000E+00 0.000000000E+00 4.822717106E+02
2.577080000E-03 6.903300000E+00 0.000000000E+00 4.810871219E+02
2.583410000E-03 6.903100000E+00 0.000000000E+00 4.799083382E+02
2.586560000E-03 6.903000000E+00 0.000000000E+00 4.793238896E+02
2.589720000E-03 6.903000000E+00 0.000000000E+00 4.787390143E+02
2.596090000E-03 6.902800000E+00 0.000000000E+00 4.775643371E+02
2.602470000E-03 6.902700000E+00 0.000000000E+00 4.763935799E+02
2.608840000E-03 6.902500000E+00 0.000000000E+00 4.752303706E+02
2.615210000E-03 6.902400000E+00 0.000000000E+00 4.740728278E+02
2.621590000E-03 6.902300000E+00 0.000000000E+00 4.729191063E+02
2.624780000E-03 6.902200000E+00 0.000000000E+00 4.723443489E+02
2.627960000E-03 6.902100000E+00 0.000000000E+00 4.717727819E+02
2.631150000E-03 6.902000000E+00 0.000000000E+00 4.712008057E+02
2.634340000E-03 6.902000000E+00 0.000000000E+00 4.706302148E+02
2.637520000E-03 6.901900000E+00 0.000000000E+00 4.700627863E+02
2.640710000E-03 6.901800000E+00 0.000000000E+00 4.694949464E+02
2.643900000E-03 6.901800000E+00 0.000000000E+00 4.689284769E+02
2.645490000E-03 6.901700000E+00 0.000000000E+00 4.686466401E+02
2.648680000E-03 6.901600000E+00 0.000000000E+00 4.680822145E+02
2.651070000E-03 6.901600000E+00 0.000000000E+00 4.676602278E+02
2.652260000E-03 6.901600000E+00 0.000000000E+00 4.674504008E+02
2.652860000E-03 6.901600000E+00 0.000000000E+00 4.673446771E+02
2.653310000E-03 6.901500000E+00 0.000000000E+00 4.672654157E+02
2.653560000E-03 6.901500000E+00 0.000000000E+00 4.672213931E+02
2.653760000E-03 6.901500000E+00 0.000000000E+00 4.671861811E+02
2.659830000E-03 6.901400000E+00 0.000000000E+00 4.661200152E+02
2.661430000E-03 6.901400000E+00 0.000000000E+00 4.658397929E+02
2.666210000E-03 6.901300000E+00 0.000000000E+00 4.650046320E+02
2.669400000E-03 6.901200000E+00 0.000000000E+00 4.644489398E+02
2.672580000E-03 6.901100000E+00 0.000000000E+00 4.638963099E+02
2.675600000E-03 6.901000000E+00 0.000000000E+00 4.633727015E+02
2.680130000E-03 6.900900000E+00 0.000000000E+00 4.625895013E+02
2.684650000E-03 6.900800000E+00 0.000000000E+00 4.618106643E+02
2.691710000E-03 6.900700000E+00 0.000000000E+00 4.605993959E+02
2.698080000E-03 6.900500000E+00 0.000000000E+00 4.595119492E+02
2.704450000E-03 6.900400000E+00 0.000000000E+00 4.584296252E+02
2.710830000E-03 6.900200000E+00 0.000000000E+00 4.573507007E+02
2.714020000E-03 6.900200000E+00 0.000000000E+00 4.568131407E+02
2.717200000E-03 6.900100000E+00 0.000000000E+00 4.562785220E+02
2.720930000E-03 6.900000000E+00 0.000000000E+00 4.556530304E+02
2.728350000E-03 6.899900000E+00 0.000000000E+00 4.544138399E+02
2.735710000E-03 6.899700000E+00 0.000000000E+00 4.531913105E+02
2.743010000E-03 6.899500000E+00 0.000000000E+00 4.519852279E+02
2.757500000E-03 6.899200000E+00 0.000000000E+00 4.496101541E+02
2.771770000E-03 6.898900000E+00 0.000000000E+00 4.472954105E+02
2.785810000E-03 6.898600000E+00 0.000000000E+00 4.450411191E+02
2.799630000E-03 6.898200000E+00 0.000000000E+00 4.428442330E+02
2.813240000E-03 6.897900000E+00 0.000000000E+00 4.407018242E+02
2.840030000E-03 6.897300000E+00 0.000000000E+00 4.365446844E+02
2.865980000E-03 6.896800000E+00 0.000000000E+00 4.325919930E+02
2.891120000E-03 6.896200000E+00 0.000000000E+00 4.288303495E+02
2.915480000E-03 6.895600000E+00 0.000000000E+00 4.252473006E+02
2.939070000E-03 6.895100000E+00 0.000000000E+00 4.218341176E+02
2.961930000E-03 6.894600000E+00 0.000000000E+00 4.185784269E+02
2.984070000E-03 6.894100000E+00 0.000000000E+00 4.154728274E+02
3.005520000E-03 6.893600000E+00 0.000000000E+00 4.125076526E+02
3.026310000E-03 6.893200000E+00 0.000000000E+00 4.096738272E+02
3.187360000E-03 6.889500000E+00 0.000000000E+00 3.889739471E+02
3.247750000E-03 6.888200000E+00 0.000000000E+00 3.817412054E+02
3.300590000E-03 6.887000000E+00 0.000000000E+00 3.756298116E+02
3.346830000E-03 6.885900000E+00 0.000000000E+00 3.704400881E+02
3.387290000E-03 6.885000000E+00 0.000000000E+00 3.660153102E+02
3.422690000E-03 6.884200000E+00 0.000000000E+00 3.622297082E+02
3.453670000E-03 6.883500000E+00 0.000000000E+00 3.589804469E+02
3.480770000E-03 6.882900000E+00 0.000000000E+00 3.561855566E+02
3.504490000E-03 6.882400000E+00 0.000000000E+00 3.537747290E+02
3.525240000E-03 6.881900000E+00 0.000000000E+00 3.516923670E+02
3.561560000E-03 6.881100000E+00 0.000000000E+00 3.481058862E+02
3.588790000E-03 6.880500000E+00 0.000000000E+00 3.454646274E+02
3.609220000E-03 6.880000000E+00 0.000000000E+00 3.435091239E+02
3.624540000E-03 6.879700000E+00 0.000000000E+00 3.420571990E+02
3.636030000E-03 6.879400000E+00 0.000000000E+00 3.409762846E+02
3.644650000E-03 6.879200000E+00 0.000000000E+00 3.401698380E+02
3.657580000E-03 6.878900000E+00 0.000000000E+00 3.389672953E+02
3.664040000E-03 6.878800000E+00 0.000000000E+00 3.383696685E+02
3.667270000E-03 6.878700000E+00 0.000000000E+00 3.380716446E+02
3.670510000E-03 6.878700000E+00 0.000000000E+00 3.377732250E+02
3.679540000E-03 6.878500000E+00 0.000000000E+00 3.369442919E+02
3.688570000E-03 6.878300000E+00 0.000000000E+00 3.361194176E+02
3.697610000E-03 6.878000000E+00 0.000000000E+00 3.352976652E+02
3.706640000E-03 6.877800000E+00 0.000000000E+00 3.344808236E+02
3.716710000E-03 6.877600000E+00 0.000000000E+00 3.335745861E+02
3.723610000E-03 6.877500000E+00 0.000000000E+00 3.329564589E+02
3.730520000E-03 6.877300000E+00 0.000000000E+00 3.323397274E+02
3.737240000E-03 6.877200000E+00 0.000000000E+00 3.317421413E+02
3.740600000E-03 6.877100000E+00 0.000000000E+00 3.314441533E+02
3.743960000E-03 6.877000000E+00 0.000000000E+00 3.311467003E+02
3.748500000E-03 6.876900000E+00 0.000000000E+00 3.307456316E+02
3.750770000E-03 6.876900000E+00 0.000000000E+00 3.305454613E+02
3.753040000E-03 6.876800000E+00 0.000000000E+00 3.303455332E+02
3.754170000E-03 6.876800000E+00 0.000000000E+00 3.302460997E+02
3.760130000E-03 6.876600000E+00 0.000000000E+00 3.297226426E+02
3.760630000E-03 6.876600000E+00 0.000000000E+00 3.296788038E+02
3.761000000E-03 6.876600000E+00 0.000000000E+00 3.296463706E+02
3.761140000E-03 6.876600000E+00 0.000000000E+00 3.296341003E+02
3.761200000E-03 6.876600000E+00 0.000000000E+00 3.296288419E+02
3.761430000E-03 6.876600000E+00 0.000000000E+00 3.296086861E+02
3.761770000E-03 6.876600000E+00 0.000000000E+00 3.295788950E+02
3.761950000E-03 6.876600000E+00 0.000000000E+00 3.295631255E+02
3.762400000E-03 6.876600000E+00 0.000000000E+00 3.295237083E+02
3.762950000E-03 6.876600000E+00 0.000000000E+00 3.294755445E+02
3.771200000E-03 6.876400000E+00 0.000000000E+00 3.287547730E+02
3.773470000E-03 6.876300000E+00 0.000000000E+00 3.285570046E+02
3.780280000E-03 6.876200000E+00 0.000000000E+00 3.279651243E+02
3.783910000E-03 6.876100000E+00 0.000000000E+00 3.276504991E+02
3.789350000E-03 6.876000000E+00 0.000000000E+00 3.271801232E+02
3.794790000E-03 6.875900000E+00 0.000000000E+00 3.267110960E+02
3.800410000E-03 6.875700000E+00 0.000000000E+00 3.262279596E+02
3.806020000E-03 6.875600000E+00 0.000000000E+00 3.257471059E+02
3.815060000E-03 6.875400000E+00 0.000000000E+00 3.249752297E+02
3.824090000E-03 6.875200000E+00 0.000000000E+00 3.242078508E+02
3.833130000E-03 6.875000000E+00 0.000000000E+00 3.234432435E+02
3.848590000E-03 6.874700000E+00 0.000000000E+00 3.221439540E+02
3.851190000E-03 6.874600000E+00 0.000000000E+00 3.219264695E+02
3.855130000E-03 6.874500000E+00 0.000000000E+00 3.215974559E+02
3.859070000E-03 6.874400000E+00 0.000000000E+00 3.212691141E+02
3.868250000E-03 6.874200000E+00 0.000000000E+00 3.205066891E+02
3.875990000E-03 6.874000000E+00 0.000000000E+00 3.198666663E+02
3.886620000E-03 6.873800000E+00 0.000000000E+00 3.189918232E+02
3.894270000E-03 6.873600000E+00 0.000000000E+00 3.183651878E+02
3.895800000E-03 6.873600000E+00 0.000000000E+00 3.182401561E+02
3.903490000E-03 6.873400000E+00 0.000000000E+00 3.176132128E+02
3.912740000E-03 6.873200000E+00 0.000000000E+00 3.168623522E+02
3.914160000E-03 6.873200000E+00 0.000000000E+00 3.167473992E+02
3.921980000E-03 6.873000000E+00 0.000000000E+00 3.161158394E+02
3.931230000E-03 6.872800000E+00 0.000000000E+00 3.153720337E+02
3.940470000E-03 6.872600000E+00 0.000000000E+00 3.146325185E+02
3.964820000E-03 6.872000000E+00 0.000000000E+00 3.127001982E+02
3.987640000E-03 6.871500000E+00 0.000000000E+00 3.109107141E+02
4.030440000E-03 6.869600000E+00 0.000000000E+00 3.076090948E+02
4.067880000E-03 6.867600000E+00 0.000000000E+00 3.047779187E+02
4.133420000E-03 6.864200000E+00 0.000000000E+00 2.999453237E+02
4.182560000E-03 6.861600000E+00 0.000000000E+00 2.964213305E+02
4.256290000E-03 6.857700000E+00 0.000000000E+00 2.912865430E+02
4.330010000E-03 6.853800000E+00 0.000000000E+00 2.863272833E+02
4.330500000E-03 6.853700000E+00 0.000000000E+00 2.862948851E+02
4.345370000E-03 6.852900000E+00 0.000000000E+00 2.853151745E+02
4.350630000E-03 6.852700000E+00 0.000000000E+00 2.849702227E+02
4.372050000E-03 6.851500000E+00 0.000000000E+00 2.835740671E+02
4.382760000E-03 6.851000000E+00 0.000000000E+00 2.828811069E+02
4.393960000E-03 6.850400000E+00 0.000000000E+00 2.821600561E+02
4.405110000E-03 6.849800000E+00 0.000000000E+00 2.814458663E+02
4.437090000E-03 6.848100000E+00 0.000000000E+00 2.794173659E+02
4.447750000E-03 6.847500000E+00 0.000000000E+00 2.787476814E+02
4.458410000E-03 6.847000000E+00 0.000000000E+00 2.780811994E+02
4.469070000E-03 6.846400000E+00 0.000000000E+00 2.774178968E+02
4.479730000E-03 6.845800000E+00 0.000000000E+00 2.767577510E+02
4.495110000E-03 6.845000000E+00 0.000000000E+00 2.758108255E+02
4.511700000E-03 6.844100000E+00 0.000000000E+00 2.747966398E+02
4.522360000E-03 6.843600000E+00 0.000000000E+00 2.741488957E+02
4.533020000E-03 6.843000000E+00 0.000000000E+00 2.735041981E+02
4.543680000E-03 6.842400000E+00 0.000000000E+00 2.728625255E+02
4.559290000E-03 6.841600000E+00 0.000000000E+00 2.719283046E+02
4.564810000E-03 6.841300000E+00 0.000000000E+00 2.715994751E+02
4.855340000E-03 6.825900000E+00 0.000000000E+00 2.553477202E+02
4.867290000E-03 6.825300000E+00 0.000000000E+00 2.547207995E+02
4.879240000E-03 6.824700000E+00 0.000000000E+00 2.540969495E+02
4.891190000E-03 6.824000000E+00 0.000000000E+00 2.534761479E+02
4.903150000E-03 6.823400000E+00 0.000000000E+00 2.528578567E+02
4.915100000E-03 6.822800000E+00 0.000000000E+00 2.522430876E+02
4.923820000E-03 6.822300000E+00 0.000000000E+00 2.517963695E+02
4.932550000E-03 6.821800000E+00 0.000000000E+00 2.513507212E+02
4.941750000E-03 6.821300000E+00 0.000000000E+00 2.508827844E+02
4.950950000E-03 6.820900000E+00 0.000000000E+00 2.504165867E+02
4.962900000E-03 6.820200000E+00 0.000000000E+00 2.498136170E+02
4.974850000E-03 6.819600000E+00 0.000000000E+00 2.492135441E+02
4.986800000E-03 6.819000000E+00 0.000000000E+00 2.486163472E+02
4.998750000E-03 6.818300000E+00 0.000000000E+00 2.480220055E+02
5.016680000E-03 6.817400000E+00 0.000000000E+00 2.471355558E+02
5.034600000E-03 6.816400000E+00 0.000000000E+00 2.462559091E+02
5.047480000E-03 6.815700000E+00 0.000000000E+00 2.456275211E+02
5.058510000E-03 6.815200000E+00 0.000000000E+00 2.450919342E+02
5.070460000E-03 6.814500000E+00 0.000000000E+00 2.445143044E+02
5.084120000E-03 6.813800000E+00 0.000000000E+00 2.438573440E+02
5.094360000E-03 6.813300000E+00 0.000000000E+00 2.433671747E+02
5.106280000E-03 6.812600000E+00 0.000000000E+00 2.427990631E+02
5.125550000E-03 6.811600000E+00 0.000000000E+00 2.418862366E+02
5.145190000E-03 6.810600000E+00 0.000000000E+00 2.409629188E+02
5.157400000E-03 6.809900000E+00 0.000000000E+00 2.403924458E+02
5.169610000E-03 6.809300000E+00 0.000000000E+00 2.398246676E+02
5.181830000E-03 6.808600000E+00 0.000000000E+00 2.392591034E+02
5.197910000E-03 6.807800000E+00 0.000000000E+00 2.385189432E+02
5.206250000E-03 6.807300000E+00 0.000000000E+00 2.381368547E+02
5.230160000E-03 6.806100000E+00 0.000000000E+00 2.370481974E+02
5.246720000E-03 6.805200000E+00 0.000000000E+00 2.363000122E+02
5.255900000E-03 6.804700000E+00 0.000000000E+00 2.358872886E+02
5.268780000E-03 6.804000000E+00 0.000000000E+00 2.353106412E+02
5.281650000E-03 6.803300000E+00 0.000000000E+00 2.347372507E+02
5.294520000E-03 6.802700000E+00 0.000000000E+00 2.341666478E+02
5.333140000E-03 6.800600000E+00 0.000000000E+00 2.324709271E+02
5.346020000E-03 6.799900000E+00 0.000000000E+00 2.319108421E+02
5.358890000E-03 6.799200000E+00 0.000000000E+00 2.313538811E+02
5.371760000E-03 6.798600000E+00 0.000000000E+00 2.307995890E+02
5.387610000E-03 6.797600000E+00 0.000000000E+00 2.301205915E+02
5.423260000E-03 6.794900000E+00 0.000000000E+00 2.286078853E+02
5.436130000E-03 6.793900000E+00 0.000000000E+00 2.280666577E+02
5.445120000E-03 6.793200000E+00 0.000000000E+00 2.276901152E+02
5.450390000E-03 6.792800000E+00 0.000000000E+00 2.274699609E+02
5.456980000E-03 6.792300000E+00 0.000000000E+00 2.271952618E+02
5.461880000E-03 6.791900000E+00 0.000000000E+00 2.269914388E+02
5.470810000E-03 6.791200000E+00 0.000000000E+00 2.266209209E+02
5.486170000E-03 6.790000000E+00 0.000000000E+00 2.259864350E+02
5.491440000E-03 6.789600000E+00 0.000000000E+00 2.257695614E+02
5.499670000E-03 6.788900000E+00 0.000000000E+00 2.254317077E+02
5.518470000E-03 6.787400000E+00 0.000000000E+00 2.246637202E+02
5.563980000E-03 6.783900000E+00 0.000000000E+00 2.228261065E+02
5.580690000E-03 6.782600000E+00 0.000000000E+00 2.221589087E+02
5.594190000E-03 6.781500000E+00 0.000000000E+00 2.216227908E+02
5.607700000E-03 6.780400000E+00 0.000000000E+00 2.210888600E+02
5.621200000E-03 6.779400000E+00 0.000000000E+00 2.205578880E+02
5.638200000E-03 6.778100000E+00 0.000000000E+00 2.198928736E+02
5.680680000E-03 6.773900000E+00 1.539340000E-07 2.182485195E+02
5.693170000E-03 6.772300000E+00 5.333600000E-07 2.177697135E+02
5.701880000E-03 6.771100000E+00 1.212660000E-06 2.174370558E+02
5.715340000E-03 6.769200000E+00 4.026030000E-06 2.169249773E+02
5.737700000E-03 6.765800000E+00 2.456570000E-05 2.160796138E+02
5.743010000E-03 6.764900000E+00 3.652130000E-05 2.158798261E+02
5.765760000E-03 6.760700000E+00 1.737800000E-04 2.150280275E+02
5.814790000E-03 6.748800000E+00 2.402640000E-03 2.132149226E+02
5.858790000E-03 6.735900000E+00 1.156000000E-02 2.116136608E+02
5.915140000E-03 6.730900000E+00 3.456430000E-02 2.095977441E+02
5.983920000E-03 6.746600000E+00 5.063560000E-02 2.071885988E+02
6.053550000E-03 6.757600000E+00 4.906960000E-02 2.048054447E+02
6.072140000E-03 6.758700000E+00 4.798200000E-02 2.041784280E+02
6.083590000E-03 6.759200000E+00 4.731260000E-02 2.037941413E+02
6.098490000E-03 6.759900000E+00 4.644090000E-02 2.032962258E+02
6.102780000E-03 6.760000000E+00 4.618980000E-02 2.031533170E+02
6.115600000E-03 6.760400000E+00 4.543990000E-02 2.027274511E+02
6.128290000E-03 6.760800000E+00 4.469760000E-02 2.023076584E+02
6.136760000E-03 6.761100000E+00 4.420220000E-02 2.020284319E+02
6.149850000E-03 6.760900000E+00 4.347300000E-02 2.015984130E+02
6.192910000E-03 6.760100000E+00 4.107900000E-02 2.001966765E+02
6.209230000E-03 6.759500000E+00 4.022180000E-02 1.996704905E+02
6.224070000E-03 6.758900000E+00 3.944230000E-02 1.991944178E+02
6.238920000E-03 6.758400000E+00 3.866290000E-02 1.987202913E+02
6.255690000E-03 6.757600000E+00 3.782020000E-02 1.981875700E+02
6.274850000E-03 6.756600000E+00 3.687540000E-02 1.975824123E+02
6.300450000E-03 6.755300000E+00 3.561330000E-02 1.967795951E+02
6.313140000E-03 6.754700000E+00 3.499640000E-02 1.963840498E+02
6.326220000E-03 6.753900000E+00 3.438690000E-02 1.959780090E+02
6.334860000E-03 6.753300000E+00 3.398430000E-02 1.957107182E+02
6.343120000E-03 6.752800000E+00 3.359940000E-02 1.954558640E+02
6.352030000E-03 6.752300000E+00 3.318410000E-02 1.951816978E+02
6.364860000E-03 6.751400000E+00 3.261370000E-02 1.947882593E+02
6.371170000E-03 6.751000000E+00 3.233330000E-02 1.945953412E+02
6.376860000E-03 6.750600000E+00 3.208030000E-02 1.944217060E+02
6.394620000E-03 6.749400000E+00 3.129100000E-02 1.938817318E+02
6.403240000E-03 6.748800000E+00 3.092160000E-02 1.936207295E+02
6.418960000E-03 6.747400000E+00 3.026330000E-02 1.931465533E+02
6.434690000E-03 6.745700000E+00 2.960510000E-02 1.926743946E+02
6.471440000E-03 6.741100000E+00 2.809750000E-02 1.915802356E+02
6.487060000E-03 6.739000000E+00 2.748100000E-02 1.911189352E+02
6.504880000E-03 6.736600000E+00 2.677750000E-02 1.905953684E+02
6.517090000E-03 6.734900000E+00 2.631960000E-02 1.902382812E+02
6.529020000E-03 6.733200000E+00 2.587230000E-02 1.898906727E+02
6.551120000E-03 6.730100000E+00 2.504330000E-02 1.892500824E+02
6.579190000E-03 6.726100000E+00 2.404600000E-02 1.884426502E+02
6.599860000E-03 6.723100000E+00 2.331170000E-02 1.878524696E+02
6.612030000E-03 6.721300000E+00 2.290120000E-02 1.875067113E+02
6.626160000E-03 6.719200000E+00 2.242470000E-02 1.871068613E+02
6.641740000E-03 6.717000000E+00 2.190020000E-02 1.866679515E+02
6.678180000E-03 6.711500000E+00 2.073260000E-02 1.856493835E+02
6.715980000E-03 6.705800000E+00 1.957200000E-02 1.846044807E+02
6.821660000E-03 6.685400000E+00 1.656420000E-02 1.817446193E+02
6.904760000E-03 6.657500000E+00 1.535100000E-02 1.795572909E+02
6.951820000E-03 6.633300000E+00 1.955170000E-02 1.783417868E+02
7.019260000E-03 6.594300000E+00 4.970590000E-02 1.766283055E+02
7.076250000E-03 6.583900000E+00 9.633930000E-02 1.752057940E+02
7.207110000E-03 6.627700000E+00 1.494380000E-01 1.720245702E+02
8.193110000E-03 6.656700000E+00 1.996820000E-01 1.513222696E+02
9.911150000E-03 6.626600000E+00 3.102300000E-01 1.250914374E+02
1.479110000E-02 6.636500000E+00 6.504530000E-01 8.382067595E+01
1.630000000E-02 6.666400000E+00 7.488550000E-01 7.606134969E+01
1.704070000E-02 6.679800000E+00 7.948210000E-01 7.275522719E+01
1.792670000E-02 6.699700000E+00 8.468200000E-01 6.915941027E+01
1.875720000E-02 6.721100000E+00 8.928800000E-01 6.609728531E+01
1.914650000E-02 6.732000000E+00 9.135080000E-01 6.475334918E+01
1.956640000E-02 6.744400000E+00 9.348960000E-01 6.336372557E+01
2.010680000E-02 6.761200000E+00 9.611970000E-01 6.166073169E+01
2.045390000E-02 6.772300000E+00 9.776150000E-01 6.061435716E+01
2.112650000E-02 6.795100000E+00 1.006890000E+00 5.868459044E+01
2.175710000E-02 6.817000000E+00 1.032830000E+00 5.698369728E+01
2.234830000E-02 6.838200000E+00 1.054910000E+00 5.547625546E+01
2.290870000E-02 6.858600000E+00 1.074800000E+00 5.411917743E+01
2.350000000E-02 6.880400000E+00 1.093660000E+00 5.275744681E+01
2.439620000E-02 6.907700000E+00 1.119360000E+00 5.081938990E+01
2.524860000E-02 6.926500000E+00 1.140100000E+00 4.910371268E+01
2.599450000E-02 6.942700000E+00 1.156110000E+00 4.769470465E+01
2.664710000E-02 6.956400000E+00 1.167800000E+00 4.652663892E+01
2.730000000E-02 6.969900000E+00 1.178770000E+00 4.541391941E+01
2.771790000E-02 6.978100000E+00 1.184290000E+00 4.472921830E+01
2.815510000E-02 6.986400000E+00 1.189720000E+00 4.403465092E+01
2.868670000E-02 6.996200000E+00 1.195760000E+00 4.321863442E+01
2.900000000E-02 7.001700000E+00 1.198760000E+00 4.275172414E+01
2.916530000E-02 7.004600000E+00 1.200070000E+00 4.250942044E+01
2.967790000E-02 7.013300000E+00 1.204110000E+00 4.177519299E+01
3.006230000E-02 7.019500000E+00 1.206610000E+00 4.124102281E+01
3.035060000E-02 7.023900000E+00 1.208170000E+00 4.084927481E+01
3.056680000E-02 7.027200000E+00 1.209340000E+00 4.056034652E+01
3.072900000E-02 7.029600000E+00 1.210210000E+00 4.034625273E+01
3.097230000E-02 7.028700000E+00 1.211200000E+00 4.002931652E+01
3.109390000E-02 7.027100000E+00 1.211630000E+00 3.987277247E+01
3.121560000E-02 7.025300000E+00 1.212060000E+00 3.971732083E+01
3.125670000E-02 7.024600000E+00 1.212210000E+00 3.966509580E+01
3.141050000E-02 7.022300000E+00 1.212750000E+00 3.947087757E+01
3.148750000E-02 7.021100000E+00 1.213030000E+00 3.937435490E+01
3.156440000E-02 7.019900000E+00 1.213300000E+00 3.927842760E+01
3.164130000E-02 7.018700000E+00 1.213570000E+00 3.918296657E+01
3.169990000E-02 7.017800000E+00 1.213780000E+00 3.911053347E+01
3.175840000E-02 7.016900000E+00 1.213990000E+00 3.903849060E+01
3.179950000E-02 7.016300000E+00 1.214130000E+00 3.898803440E+01
3.191470000E-02 7.014500000E+00 1.214540000E+00 3.884730234E+01
3.199290000E-02 7.013200000E+00 1.214720000E+00 3.875234818E+01
3.207110000E-02 7.011700000E+00 1.214870000E+00 3.865785707E+01
3.214930000E-02 7.010200000E+00 1.215020000E+00 3.856382565E+01
3.218470000E-02 7.009500000E+00 1.215080000E+00 3.852140924E+01
3.223800000E-02 7.008400000E+00 1.215190000E+00 3.845772070E+01
3.229120000E-02 7.007400000E+00 1.215290000E+00 3.839436131E+01
3.233750000E-02 7.006500000E+00 1.215370000E+00 3.833938925E+01
3.236060000E-02 7.006000000E+00 1.215420000E+00 3.831202141E+01
3.242280000E-02 7.004800000E+00 1.215530000E+00 3.823852351E+01
3.244240000E-02 7.004400000E+00 1.215570000E+00 3.821542179E+01
3.248150000E-02 7.003600000E+00 1.215640000E+00 3.816941952E+01
3.251080000E-02 7.003000000E+00 1.215690000E+00 3.813501975E+01
3.252540000E-02 7.002700000E+00 1.215680000E+00 3.811790170E+01
3.253280000E-02 7.002600000E+00 1.215680000E+00 3.810923130E+01
3.253640000E-02 7.002500000E+00 1.215680000E+00 3.810501469E+01
3.253740000E-02 7.002500000E+00 1.215680000E+00 3.810384358E+01
3.253770000E-02 7.002400000E+00 1.215680000E+00 3.810349226E+01
3.253830000E-02 7.002400000E+00 1.215680000E+00 3.810278964E+01
3.253920000E-02 7.002400000E+00 1.215680000E+00 3.810173575E+01
3.253960000E-02 7.002400000E+00 1.215680000E+00 3.810126738E+01
3.254070000E-02 7.002400000E+00 1.215680000E+00 3.809997941E+01
3.261830000E-02 7.000700000E+00 1.215650000E+00 3.800933832E+01
3.263780000E-02 7.000300000E+00 1.215650000E+00 3.798662900E+01
3.269640000E-02 6.999000000E+00 1.215630000E+00 3.791854761E+01
3.272660000E-02 6.998400000E+00 1.215620000E+00 3.788355650E+01
3.277180000E-02 6.997400000E+00 1.215600000E+00 3.783130618E+01
3.281700000E-02 6.996400000E+00 1.215590000E+00 3.777919980E+01
3.287400000E-02 6.995200000E+00 1.215570000E+00 3.771369471E+01
3.293090000E-02 6.993900000E+00 1.215550000E+00 3.764853071E+01
3.300910000E-02 6.992200000E+00 1.215530000E+00 3.755933970E+01
3.305180000E-02 6.991300000E+00 1.215510000E+00 3.751081635E+01
3.308730000E-02 6.990500000E+00 1.215500000E+00 3.747057028E+01
3.313010000E-02 6.989600000E+00 1.215490000E+00 3.742216293E+01
3.316550000E-02 6.988800000E+00 1.215480000E+00 3.738221948E+01
3.320840000E-02 6.987900000E+00 1.215460000E+00 3.733392756E+01
3.332180000E-02 6.985500000E+00 1.215430000E+00 3.720687358E+01
3.336490000E-02 6.984500000E+00 1.215410000E+00 3.715881061E+01
3.341370000E-02 6.983500000E+00 1.215400000E+00 3.710454095E+01
3.350830000E-02 6.981400000E+00 1.215360000E+00 3.699978811E+01
3.359700000E-02 6.979500000E+00 1.215340000E+00 3.690210435E+01
3.376330000E-02 6.975900000E+00 1.215280000E+00 3.672034428E+01
3.390870000E-02 6.972700000E+00 1.215200000E+00 3.656288799E+01
3.416330000E-02 6.965600000E+00 1.214820000E+00 3.629040520E+01
3.435430000E-02 6.955200000E+00 1.214350000E+00 3.608864101E+01
3.464070000E-02 6.937500000E+00 1.213540000E+00 3.579026983E+01
3.494610000E-02 6.916100000E+00 1.212670000E+00 3.547749248E+01
3.520420000E-02 6.898100000E+00 1.211930000E+00 3.521738883E+01
3.547000000E-02 6.879500000E+00 1.211170000E+00 3.495348182E+01
3.573190000E-02 6.861200000E+00 1.210430000E+00 3.469728730E+01
3.590650000E-02 6.845400000E+00 1.209930000E+00 3.452856725E+01
3.601300000E-02 6.834000000E+00 1.209630000E+00 3.442645711E+01
3.625570000E-02 6.807900000E+00 1.208940000E+00 3.419600228E+01
3.644980000E-02 6.783400000E+00 1.208280000E+00 3.401390405E+01
3.665480000E-02 6.757100000E+00 1.207530000E+00 3.382367384E+01
3.672820000E-02 6.743500000E+00 1.207260000E+00 3.375607844E+01
3.683520000E-02 6.723500000E+00 1.206810000E+00 3.365802276E+01
3.692550000E-02 6.706700000E+00 1.206430000E+00 3.357571326E+01
3.701570000E-02 6.689900000E+00 1.206060000E+00 3.349389583E+01
3.714000000E-02 6.666700000E+00 1.205540000E+00 3.338179860E+01
3.724980000E-02 6.643000000E+00 1.205080000E+00 3.328340018E+01
3.737950000E-02 6.614900000E+00 1.204520000E+00 3.316791289E+01
3.751730000E-02 6.583700000E+00 1.203670000E+00 3.304608807E+01
3.761370000E-02 6.556300000E+00 1.203070000E+00 3.296139439E+01
3.771720000E-02 6.524700000E+00 1.202440000E+00 3.287094482E+01
3.783750000E-02 6.484300000E+00 1.201760000E+00 3.276643541E+01
3.807220000E-02 6.387900000E+00 1.201590000E+00 3.256444335E+01
3.821720000E-02 6.307300000E+00 1.205080000E+00 3.244089049E+01
3.861020000E-02 5.977500000E+00 1.302240000E+00 3.211068578E+01
3.889160000E-02 5.707200000E+00 1.580400000E+00 3.187834905E+01
3.977620000E-02 6.087300000E+00 2.795200000E+00 3.116939275E+01
4.077900000E-02 6.955100000E+00 2.862060000E+00 3.040290346E+01
4.205830000E-02 7.418400000E+00 2.663170000E+00 2.947812917E+01
4.523680000E-02 7.858900000E+00 2.239850000E+00 2.740688997E+01
4.861990000E-02 7.936400000E+00 1.946330000E+00 2.549984677E+01
5.244040000E-02 7.879800000E+00 1.782560000E+00 2.364207748E+01
5.634260000E-02 7.758100000E+00 1.734500000E+00 2.200466432E+01
5.684150000E-02 7.739500000E+00 1.733920000E+00 2.181152855E+01
5.767280000E-02 7.698200000E+00 1.735620000E+00 2.149713556E+01
5.822700000E-02 7.670600000E+00 1.737470000E+00 2.129252752E+01
5.888520000E-02 7.630700000E+00 1.741860000E+00 2.105452643E+01
5.944600000E-02 7.580800000E+00 1.746570000E+00 2.085590284E+01
5.986470000E-02 7.526300000E+00 1.757290000E+00 2.071003446E+01
6.078010000E-02 7.380000000E+00 1.910350000E+00 2.039812373E+01
6.183460000E-02 7.486700000E+00 2.139680000E+00 2.005026312E+01
7.303470000E-02 7.854100000E+00 2.422500000E+00 1.697549247E+01
9.332540000E-02 8.364000000E+00 2.888570000E+00 1.328470063E+01
1.129120000E-01 8.907900000E+00 3.094340000E+00 1.098023239E+01
1.382000000E-01 9.461500000E+00 3.122760000E+00 8.971056440E+00
1.804060000E-01 1.003700000E+01 2.959410000E+00 6.872276975E+00
2.308970000E-01 1.016640000E+01 2.625480000E+00 5.369493757E+00
2.687040000E-01 9.908300000E+00 2.375380000E+00 4.613999047E+00
2.986300000E-01 9.453700000E+00 2.191610000E+00 4.151625758E+00
3.198900000E-01 8.919800000E+00 2.071600000E+00 3.875707274E+00
3.349650000E-01 8.435800000E+00 1.991620000E+00 3.701282224E+00
3.488330000E-01 7.839300000E+00 1.921020000E+00 3.554136220E+00
3.590910000E-01 7.258900000E+00 1.871270000E+00 3.452606721E+00
3.646490000E-01 6.871800000E+00 1.844810000E+00 3.399981900E+00
3.678810000E-01 6.638400000E+00 1.829680000E+00 3.370111531E+00
3.699110000E-01 6.468600000E+00 1.820210000E+00 3.351617011E+00
3.726860000E-01 6.222700000E+00 1.807270000E+00 3.326661050E+00
3.740370000E-01 6.102600000E+00 1.801060000E+00 3.314645343E+00
3.751140000E-01 5.986500000E+00 1.796100000E+00 3.305128574E+00
3.766130000E-01 5.825000000E+00 1.789210000E+00 3.291973458E+00
3.772390000E-01 5.751900000E+00 1.786340000E+00 3.286510674E+00
3.790400000E-01 5.541300000E+00 1.778160000E+00 3.270894892E+00
3.803210000E-01 5.391600000E+00 1.772360000E+00 3.259877840E+00
3.810580000E-01 5.305500000E+00 1.769020000E+00 3.253572947E+00
3.830440000E-01 5.072800000E+00 1.760200000E+00 3.236703877E+00
3.841780000E-01 4.915900000E+00 1.755190000E+00 3.227149915E+00
3.851690000E-01 4.773300000E+00 1.750800000E+00 3.218846792E+00
3.869050000E-01 4.522700000E+00 1.743240000E+00 3.204404182E+00
3.878890000E-01 4.367700000E+00 1.738980000E+00 3.196275223E+00
3.882070000E-01 4.307700000E+00 1.737590000E+00 3.193656992E+00
3.891840000E-01 4.124000000E+00 1.733360000E+00 3.185639697E+00
3.906480000E-01 3.848300000E+00 1.727010000E+00 3.173701132E+00
3.913800000E-01 3.710400000E+00 1.723830000E+00 3.167765343E+00
3.921540000E-01 3.562400000E+00 1.720480000E+00 3.161513079E+00
3.933160000E-01 3.304200000E+00 1.715460000E+00 3.152172808E+00
3.941870000E-01 3.094500000E+00 1.711720000E+00 3.145207731E+00
3.951840000E-01 2.840500000E+00 1.707630000E+00 3.137272764E+00
3.956050000E-01 2.728200000E+00 1.705980000E+00 3.133934101E+00
3.958360000E-01 2.665100000E+00 1.705100000E+00 3.132105215E+00
3.969380000E-01 2.348800000E+00 1.701500000E+00 3.123409701E+00
3.978600000E-01 2.050400000E+00 1.700160000E+00 3.116171518E+00
3.988780000E-01 1.680700000E+00 1.703010000E+00 3.108218553E+00
3.998360000E-01 1.287300000E+00 1.715020000E+00 3.100771316E+00
3.999510000E-01 1.237100000E+00 1.717430000E+00 3.099879735E+00
4.003690000E-01 1.046200000E+00 1.728820000E+00 3.096643347E+00
4.009020000E-01 7.866000000E-01 1.750560000E+00 3.092526353E+00
4.015180000E-01 4.614000000E-01 1.789610000E+00 3.087781868E+00
4.015890000E-01 4.221000000E-01 1.795280000E+00 3.087235955E+00
4.016240000E-01 4.024000000E-01 1.798250000E+00 3.086966914E+00
4.021670000E-01 8.870000000E-02 1.852950000E+00 3.082798937E+00
4.030010000E-01 -4.373000000E-01 1.981250000E+00 3.076419165E+00
4.034010000E-01 -7.066000000E-01 2.066700000E+00 3.073368683E+00
4.038530000E-01 -1.024000000E+00 2.186390000E+00 3.069928910E+00
4.043100000E-01 -1.354900000E+00 2.334890000E+00 3.066458905E+00
4.045680000E-01 -1.545900000E+00 2.433230000E+00 3.064503371E+00
4.046970000E-01 -1.641900000E+00 2.485760000E+00 3.063526540E+00
4.049460000E-01 -1.827600000E+00 2.594820000E+00 3.061642787E+00
4.053100000E-01 -2.101600000E+00 2.773850000E+00 3.058893193E+00
4.054400000E-01 -2.198700000E+00 2.842920000E+00 3.057912391E+00
4.056910000E-01 -2.386500000E+00 2.985450000E+00 3.056020469E+00
4.057920000E-01 -2.461600000E+00 3.044740000E+00 3.055259838E+00
4.064110000E-01 -2.910400000E+00 3.456790000E+00 3.050606406E+00
4.069600000E-01 -3.285500000E+00 3.879320000E+00 3.046491056E+00
4.070640000E-01 -3.353800000E+00 3.965720000E+00 3.045712713E+00
4.078170000E-01 -3.811100000E+00 4.638590000E+00 3.040089060E+00
4.081350000E-01 -3.975500000E+00 4.951130000E+00 3.037720362E+00
4.086140000E-01 -4.182200000E+00 5.445860000E+00 3.034159378E+00
4.090900000E-01 -4.373500000E+00 5.956430000E+00 3.030628957E+00
4.099240000E-01 -4.570600000E+00 6.895850000E+00 3.024463071E+00
4.107170000E-01 -4.653700000E+00 7.816660000E+00 3.018623529E+00
4.115600000E-01 -4.583900000E+00 8.782120000E+00 3.012440470E+00
4.126200000E-01 -4.314900000E+00 9.945950000E+00 3.004701663E+00
4.134320000E-01 -3.980400000E+00 1.077860000E+01 2.998800286E+00
4.139750000E-01 -3.716900000E+00 1.128940000E+01 2.994866840E+00
4.145500000E-01 -3.386000000E+00 1.178850000E+01 2.990712821E+00
4.150750000E-01 -3.079500000E+00 1.221140000E+01 2.986930073E+00
4.153200000E-01 -2.924200000E+00 1.238670000E+01 2.985168063E+00
4.164490000E-01 -2.173000000E+00 1.313240000E+01 2.977075224E+00
4.172410000E-01 -1.621700000E+00 1.355350000E+01 2.971424189E+00
4.182380000E-01 -9.322000000E-01 1.397110000E+01 2.964340878E+00
4.193250000E-01 -2.005000000E-01 1.430750000E+01 2.956656531E+00
4.214280000E-01 1.090400000E+00 1.468980000E+01 2.941902294E+00
4.236370000E-01 2.227700000E+00 1.484700000E+01 2.926562127E+00
4.268810000E-01 3.554300000E+00 1.486930000E+01 2.904322282E+00
4.345020000E-01 5.692800000E+00 1.464460000E+01 2.853381572E+00
4.493860000E-01 8.195000000E+00 1.413400000E+01 2.758875443E+00
4.720050000E-01 1.035470000E+01 1.337200000E+01 2.626667090E+00
4.820320000E-01 1.083810000E+01 1.303490000E+01 2.572028413E+00
4.883790000E-01 1.082560000E+01 1.294190000E+01 2.538602192E+00
4.915740000E-01 1.075070000E+01 1.312860000E+01 2.522102471E+00
4.975470000E-01 1.116489000E+01 1.380500000E+01 2.491824893E+00
5.041700000E-01 1.211423000E+01 1.393730000E+01 2.459091180E+00
5.196160000E-01 1.344254000E+01 1.349370000E+01 2.385992733E+00
5.457210000E-01 1.491736000E+01 1.275600000E+01 2.271856865E+00
5.751490000E-01 1.607285000E+01 1.198430000E+01 2.155615328E+00
6.138220000E-01 1.720249000E+01 1.106210000E+01 2.019803787E+00
6.484480000E-01 1.795154000E+01 1.032170000E+01 1.911949763E+00
6.828950000E-01 1.853834000E+01 9.642040000E+00 1.815506044E+00
7.200550000E-01 1.903388000E+01 8.976190000E+00 1.721812917E+00
7.758410000E-01 1.957071000E+01 8.089740000E+00 1.598007839E+00
8.207780000E-01 1.988722000E+01 7.476880000E+00 1.510518069E+00
8.494940000E-01 2.004957900E+01 7.116760000E+00 1.459457041E+00
8.880780000E-01 2.023055400E+01 6.672190000E+00 1.396048545E+00
9.131090000E-01 2.032514700E+01 6.402350000E+00 1.357778754E+00
9.469200000E-01 2.042836300E+01 6.063830000E+00 1.309297512E+00
9.822630000E-01 2.051328300E+01 5.742870000E+00 1.262187418E+00
1.022010000E+00 2.059379100E+01 5.411640000E+00 1.213099676E+00
1.058190000E+00 2.064791300E+01 5.133190000E+00 1.171623243E+00
1.098430000E+00 2.069323700E+01 4.849600000E+00 1.128701874E+00
1.145680000E+00 2.073418200E+01 4.546330000E+00 1.082152084E+00
1.178970000E+00 2.075339300E+01 4.347250000E+00 1.051595885E+00
1.213560000E+00 2.076528400E+01 4.154810000E+00 1.021622334E+00
1.268020000E+00 2.077437500E+01 3.880350000E+00 9.777448305E-01
1.329690000E+00 2.077797800E+01 3.601690000E+00 9.323977769E-01
1.377520000E+00 2.077249300E+01 3.404420000E+00 9.000232302E-01
1.476250000E+00 2.074768400E+01 3.048800000E+00 8.398306520E-01
1.557280000E+00 2.071933300E+01 2.796390000E+00 7.961317168E-01
1.785650000E+00 2.060886200E+01 2.236040000E+00 6.943129953E-01
2.042840000E+00 2.046658000E+01 1.788110000E+00 6.069001978E-01
2.340320000E+00 2.029836700E+01 1.421790000E+00 5.297566145E-01
2.672600000E+00 2.010549400E+01 1.133330000E+00 4.638928384E-01
3.042300000E+00 1.987375000E+01 9.057710000E-01 4.075206258E-01
3.459340000E+00 1.955802000E+01 7.235800000E-01 3.583920632E-01
3.772780000E+00 1.922835000E+01 6.211780000E-01 3.286170940E-01
3.992340000E+00 1.888618000E+01 5.618500000E-01 3.105446931E-01
4.150740000E+00 1.850635000E+01 5.244350000E-01 2.986937269E-01
4.260910000E+00 1.808394000E+01 5.006560000E-01 2.909707081E-01
4.332440000E+00 1.763150000E+01 4.864630000E-01 2.861666867E-01
4.361770000E+00 1.733746000E+01 4.886310000E-01 2.842424062E-01
4.380260000E+00 1.708330000E+01 5.131770000E-01 2.830425591E-01
4.392680000E+00 1.687208000E+01 5.595190000E-01 2.822422758E-01
4.402800000E+00 1.667573000E+01 6.295780000E-01 2.815935314E-01
4.412390000E+00 1.647482000E+01 7.342280000E-01 2.809815089E-01
4.423630000E+00 1.623457000E+01 9.169390000E-01 2.802675631E-01
4.435090000E+00 1.600794000E+01 1.178610000E+00 2.795433689E-01
4.452680000E+00 1.576870000E+01 1.716770000E+00 2.784390524E-01
4.479530000E+00 1.580980000E+01 2.664100000E+00 2.767701076E-01
4.498240000E+00 1.612324000E+01 3.213150000E+00 2.756189087E-01
4.520280000E+00 1.662313000E+01 3.612950000E+00 2.742750449E-01
4.551270000E+00 1.726279000E+01 3.802900000E+00 2.724074819E-01
4.584930000E+00 1.773658000E+01 3.806130000E+00 2.704076180E-01
4.630430000E+00 1.818210000E+01 3.760370000E+00 2.677505113E-01
4.693760000E+00 1.860142000E+01 3.688540000E+00 2.641379193E-01
4.798100000E+00 1.907899000E+01 3.571550000E+00 2.583939476E-01
4.910350000E+00 1.944185000E+01 3.446330000E+00 2.524870936E-01
5.057870000E+00 1.979080000E+01 3.295100000E+00 2.451229470E-01
5.207410000E+00 2.005932900E+01 3.151080000E+00 2.380838075E-01
5.348600000E+00 2.025462100E+01 3.018070000E+00 2.317989754E-01
5.475270000E+00 2.040269200E+01 2.906540000E+00 2.264363219E-01
5.613390000E+00 2.053528500E+01 2.792490000E+00 2.208647537E-01
5.746120000E+00 2.064386100E+01 2.688770000E+00 2.157629844E-01
5.877330000E+00 2.073589900E+01 2.591390000E+00 2.109461269E-01
6.008280000E+00 2.081363700E+01 2.500060000E+00 2.063485723E-01
6.162490000E+00 2.089429200E+01 2.398320000E+00 2.011849106E-01
6.265180000E+00 2.093877390E+01 2.334580000E+00 1.978873712E-01
6.434510000E+00 2.100587622E+01 2.235490000E+00 1.926797845E-01
6.523230000E+00 2.103548000E+01 2.186840000E+00 1.900592191E-01
6.629110000E+00 2.107075570E+01 2.129290000E+00 1.870235974E-01
6.790440000E+00 2.111510400E+01 2.047450000E+00 1.825802157E-01
6.941030000E+00 2.115264200E+01 1.975150000E+00 1.786190234E-01
7.148670000E+00 2.119702400E+01 1.880200000E+00 1.734308620E-01
7.365240000E+00 2.123453000E+01 1.787070000E+00 1.683312424E-01
7.766340000E+00 2.128604100E+01 1.632770000E+00 1.596376157E-01
8.278360000E+00 2.132886900E+01 1.464280000E+00 1.497639629E-01
9.018910000E+00 2.136352400E+01 1.263240000E+00 1.374667227E-01
9.917590000E+00 2.137705800E+01 1.068340000E+00 1.250102091E-01
1.132230000E+01 2.136907900E+01 8.430020000E-01 1.095007198E-01
1.287530000E+01 2.134303700E+01 6.665540000E-01 9.629290191E-02
1.455120000E+01 2.130943600E+01 5.316980000E-01 8.520259497E-02
1.636610000E+01 2.127376500E+01 4.259150000E-01 7.575415035E-02
1.853720000E+01 2.123599800E+01 3.359360000E-01 6.688172971E-02
2.086290000E+01 2.120103500E+01 2.673830000E-01 5.942606253E-02
2.347610000E+01 2.116867500E+01 2.122300000E-01 5.281115688E-02
2.636550000E+01 2.113971100E+01 1.687920000E-01 4.702357247E-02
2.951210000E+01 2.111421100E+01 1.347060000E-01 4.200988747E-02
3.304290000E+01 2.109158570E+01 1.072640000E-01 3.752091977E-02
3.682080000E+01 2.107239460E+01 8.606480000E-02 3.367118585E-02
4.129440000E+01 2.105471750E+01 6.802550000E-02 3.002344144E-02
4.587410000E+01 2.104060640E+01 5.472380000E-02 2.702614329E-02
5.032740000E+01 2.102974530E+01 4.517660000E-02 2.463469204E-02
5.477230000E+01 2.102099300E+01 3.784280000E-02 2.263552927E-02
5.894990000E+01 2.101416480E+01 3.242480000E-02 2.103141820E-02
6.284420000E+01 2.100879407E+01 2.835410000E-02 1.972815312E-02
6.585960000E+01 2.100519466E+01 2.569860000E-02 1.882489417E-02
6.819280000E+01 2.100266535E+01 2.386950000E-02 1.818080501E-02
6.976110000E+01 2.100108705E+01 2.274380000E-02 1.777208215E-02
7.084090000E+01 2.100005008E+01 2.201350000E-02 1.750118928E-02
7.117410000E+01 2.099973263E+01 2.178990000E-02 1.741925785E-02
7.293070000E+01 2.099814558E+01 2.069160000E-02 1.699969971E-02
7.570690000E+01 2.099581323E+01 1.910940000E-02 1.637631444E-02
7.970220000E+01 2.099283163E+01 1.714070000E-02 1.555540500E-02
8.541250000E+01 2.098916980E+01 1.479800000E-02 1.451543978E-02
9.356920000E+01 2.098491300E+01 1.219190000E-02 1.325008657E-02
1.042460000E+02 2.098058370E+01 9.687120000E-03 1.189302227E-02
1.161170000E+02 2.097695440E+01 7.695630000E-03 1.067716183E-02
1.291910000E+02 2.097395130E+01 6.129180000E-03 9.596643729E-03
1.439200000E+02 2.097141570E+01 4.868030000E-03 8.614508060E-03
1.595760000E+02 2.096938910E+01 3.914860000E-03 7.769338748E-03
1.784960000E+02 2.096756970E+01 3.092040000E-03 6.945813912E-03
1.976370000E+02 2.096619610E+01 2.502440000E-03 6.273116876E-03
2.205670000E+02 2.096497060E+01 1.994250000E-03 5.620967778E-03
2.445620000E+02 2.096401390E+01 1.616580000E-03 5.069471136E-03
2.719790000E+02 2.096319820E+01 1.306320000E-03 4.558440174E-03
3.043950000E+02 2.096249010E+01 1.047270000E-03 4.072997257E-03
3.427680000E+02 2.096188510E+01 8.349150000E-04 3.617023760E-03
3.867670000E+02 2.096138270E+01 6.685340000E-04 3.205547526E-03
4.341440000E+02 2.096099560E+01 5.450010000E-04 2.855734503E-03
4.880510000E+02 2.096068510E+01 4.473400000E-04 2.540308287E-03
5.495410000E+02 2.096043630E+01 3.698230000E-04 2.256064607E-03
6.268980000E+02 2.096022100E+01 3.032120000E-04 1.977674199E-03
7.161430000E+02 2.096005450E+01 2.524150000E-04 1.731218486E-03
8.293730000E+02 2.095991520E+01 2.100670000E-04 1.494864193E-03
9.709490000E+02 2.095980510E+01 1.757680000E-04 1.276895079E-03
1.173410000E+03 2.095971110E+01 1.446070000E-04 1.056578689E-03
1.410750000E+03 2.095964830E+01 1.197040000E-04 8.788233209E-04
1.696100000E+03 2.095960490E+01 9.908990000E-05 7.309710512E-04
2.039160000E+03 2.095957480E+01 8.202550000E-05 6.079954491E-04
2.451610000E+03 2.095955410E+01 6.789980000E-05 5.057084936E-04
2.947480000E+03 2.095953970E+01 5.620660000E-05 4.206305047E-04
3.543650000E+03 2.095952970E+01 4.652720000E-05 3.498652519E-04
4.260410000E+03 2.095952280E+01 3.851470000E-05 2.910048563E-04
5.122130000E+03 2.095951810E+01 3.188200000E-05 2.420477419E-04
6.158160000E+03 2.095951480E+01 2.639160000E-05 2.013263702E-04
7.403740000E+03 2.095951250E+01 2.184670000E-05 1.674559074E-04
8.901250000E+03 2.095951090E+01 1.808440000E-05 1.392838085E-04
1.000000000E+04 2.095951020E+01 1.607480000E-05 1.239800000E-04
