# Data retrieved from https://www-nds.iaea.org/epdl97/za1to100.htm 03/01/2021
# Element, Se  (Z = 34) 
# Atomic weight, g mol-1 = 78.96 
# Nominal density, g cm-3 =  4.50000E+0 
# Relativistic correction estimate f_rel(5CL)*,  e atom-1 =  0 
# Nuclear Thomson correction f_NT*, e atom-1 =  0 
#    E [keV]      f1 [e atom-1]      f2 [e atom-1]    Wavelength [nm] 
1.000000000E-03 2.233000000E+00 0.000000000E+00 1.239800000E+03
1.125000000E-03 2.226000000E+00 0.000000000E+00 1.102044444E+03
1.265630000E-03 2.218100000E+00 0.000000000E+00 9.795911917E+02
1.423830000E-03 2.209300000E+00 0.000000000E+00 8.707500193E+02
1.500000000E-03 2.205100000E+00 0.000000000E+00 8.265333333E+02
1.601810000E-03 2.197300000E+00 0.000000000E+00 7.739994132E+02
1.802030000E-03 2.182100000E+00 0.000000000E+00 6.880018646E+02
1.875000000E-03 2.176500000E+00 0.000000000E+00 6.612266667E+02
2.027290000E-03 2.161700000E+00 0.000000000E+00 6.115553276E+02
2.280700000E-03 2.136700000E+00 0.000000000E+00 5.436050335E+02
2.343750000E-03 2.130500000E+00 0.000000000E+00 5.289813333E+02
2.565780000E-03 2.102300000E+00 0.000000000E+00 4.832058867E+02
2.886510000E-03 2.061600000E+00 0.000000000E+00 4.295152277E+02
2.929690000E-03 2.056100000E+00 0.000000000E+00 4.231847055E+02
3.247320000E-03 2.005600000E+00 0.000000000E+00 3.817917544E+02
3.295900000E-03 1.997900000E+00 0.000000000E+00 3.761643254E+02
3.588670000E-03 1.946000000E+00 0.000000000E+00 3.454761792E+02
3.707890000E-03 1.924300000E+00 0.000000000E+00 3.343680638E+02
3.887350000E-03 1.886000000E+00 0.000000000E+00 3.189319202E+02
4.171370000E-03 1.824100000E+00 0.000000000E+00 2.972165020E+02
4.377370000E-03 1.770500000E+00 0.000000000E+00 2.832294277E+02
4.692790000E-03 1.687500000E+00 0.000000000E+00 2.641925166E+02
4.777550000E-03 1.660600000E+00 0.000000000E+00 2.595053950E+02
5.077690000E-03 1.565200000E+00 0.000000000E+00 2.441661464E+02
5.302790000E-03 1.488500000E+00 0.000000000E+00 2.338014517E+02
5.471620000E-03 1.422900000E+00 0.000000000E+00 2.265873727E+02
5.598240000E-03 1.373800000E+00 0.000000000E+00 2.214624596E+02
5.788170000E-03 1.294600000E+00 0.000000000E+00 2.141955057E+02
5.883130000E-03 1.250200000E+00 0.000000000E+00 2.107381615E+02
5.978100000E-03 1.205800000E+00 0.000000000E+00 2.073903080E+02
5.992810000E-03 1.198900000E+00 0.000000000E+00 2.068812460E+02
6.007530000E-03 1.192000000E+00 0.000000000E+00 2.063743335E+02
6.022240000E-03 1.185200000E+00 0.000000000E+00 2.058702410E+02
6.036950000E-03 1.178300000E+00 0.000000000E+00 2.053686050E+02
6.051670000E-03 1.171400000E+00 0.000000000E+00 2.048690692E+02
6.066380000E-03 1.164500000E+00 0.000000000E+00 2.043722945E+02
6.081100000E-03 1.157600000E+00 0.000000000E+00 2.038775879E+02
6.095810000E-03 1.150800000E+00 0.000000000E+00 2.033856042E+02
6.110530000E-03 1.143900000E+00 0.000000000E+00 2.028956572E+02
6.125240000E-03 1.136800000E+00 0.000000000E+00 2.024083954E+02
6.139950000E-03 1.129100000E+00 0.000000000E+00 2.019234684E+02
6.154670000E-03 1.121300000E+00 0.000000000E+00 2.014405321E+02
6.169380000E-03 1.113500000E+00 0.000000000E+00 2.009602261E+02
6.198810000E-03 1.098000000E+00 0.000000000E+00 2.000061302E+02
6.213530000E-03 1.089900000E+00 0.000000000E+00 1.995323109E+02
6.228240000E-03 1.081700000E+00 0.000000000E+00 1.990610510E+02
6.242950000E-03 1.073500000E+00 0.000000000E+00 1.985920118E+02
6.257670000E-03 1.065300000E+00 0.000000000E+00 1.981248612E+02
6.272380000E-03 1.057200000E+00 0.000000000E+00 1.976602183E+02
6.305000000E-03 1.039000000E+00 0.000000000E+00 1.966375892E+02
6.329460000E-03 1.025400000E+00 0.000000000E+00 1.958776894E+02
6.366150000E-03 1.005000000E+00 0.000000000E+00 1.947487885E+02
6.384500000E-03 9.948000000E-01 0.000000000E+00 1.941890516E+02
6.393670000E-03 9.897000000E-01 0.000000000E+00 1.939105396E+02
6.402840000E-03 9.846000000E-01 0.000000000E+00 1.936328254E+02
6.418600000E-03 9.759000000E-01 0.000000000E+00 1.931573863E+02
6.434360000E-03 9.671000000E-01 0.000000000E+00 1.926842763E+02
6.450120000E-03 9.583000000E-01 0.000000000E+00 1.922134782E+02
6.465880000E-03 9.496000000E-01 0.000000000E+00 1.917449752E+02
6.481640000E-03 9.408000000E-01 0.000000000E+00 1.912787504E+02
6.497400000E-03 9.312000000E-01 0.000000000E+00 1.908147875E+02
6.505280000E-03 9.263000000E-01 0.000000000E+00 1.905836490E+02
6.513160000E-03 9.214000000E-01 0.000000000E+00 1.903530698E+02
6.521040000E-03 9.165000000E-01 0.000000000E+00 1.901230479E+02
6.528920000E-03 9.115000000E-01 0.000000000E+00 1.898935812E+02
6.540740000E-03 9.042000000E-01 0.000000000E+00 1.895504178E+02
6.544680000E-03 9.017000000E-01 0.000000000E+00 1.894363055E+02
6.560440000E-03 8.919000000E-01 0.000000000E+00 1.889812269E+02
6.562410000E-03 8.907000000E-01 0.000000000E+00 1.889244957E+02
6.565860000E-03 8.885000000E-01 0.000000000E+00 1.888252262E+02
6.572320000E-03 8.845000000E-01 0.000000000E+00 1.886396280E+02
6.573290000E-03 8.839000000E-01 0.000000000E+00 1.886117911E+02
6.575470000E-03 8.825000000E-01 0.000000000E+00 1.885492596E+02
6.577180000E-03 8.814000000E-01 0.000000000E+00 1.885002387E+02
6.579030000E-03 8.803000000E-01 0.000000000E+00 1.884472331E+02
6.582260000E-03 8.783000000E-01 0.000000000E+00 1.883547596E+02
6.591960000E-03 8.722000000E-01 0.000000000E+00 1.880775976E+02
6.595900000E-03 8.698000000E-01 0.000000000E+00 1.879652511E+02
6.601810000E-03 8.661000000E-01 0.000000000E+00 1.877969829E+02
6.607720000E-03 8.623000000E-01 0.000000000E+00 1.876290158E+02
6.615600000E-03 8.571000000E-01 0.000000000E+00 1.874055263E+02
6.623480000E-03 8.520000000E-01 0.000000000E+00 1.871825687E+02
6.631360000E-03 8.468000000E-01 0.000000000E+00 1.869601409E+02
6.639240000E-03 8.417000000E-01 0.000000000E+00 1.867382411E+02
6.647120000E-03 8.365000000E-01 0.000000000E+00 1.865168675E+02
6.655000000E-03 8.313000000E-01 0.000000000E+00 1.862960180E+02
6.670760000E-03 8.210000000E-01 0.000000000E+00 1.858558845E+02
6.686520000E-03 8.107000000E-01 0.000000000E+00 1.854178257E+02
6.694400000E-03 8.055000000E-01 0.000000000E+00 1.851995698E+02
6.710160000E-03 7.952000000E-01 0.000000000E+00 1.847645958E+02
6.714100000E-03 7.926000000E-01 0.000000000E+00 1.846561713E+02
6.718040000E-03 7.900000000E-01 0.000000000E+00 1.845478741E+02
6.722440000E-03 7.872000000E-01 0.000000000E+00 1.844270830E+02
6.731100000E-03 7.815000000E-01 0.000000000E+00 1.841898055E+02
6.739500000E-03 7.760000000E-01 0.000000000E+00 1.839602344E+02
6.747630000E-03 7.707000000E-01 0.000000000E+00 1.837385867E+02
6.755500000E-03 7.655000000E-01 0.000000000E+00 1.835245356E+02
6.763130000E-03 7.605000000E-01 0.000000000E+00 1.833174876E+02
6.999680000E-03 5.804000000E-01 0.000000000E+00 1.771223827E+02
7.034140000E-03 5.525000000E-01 0.000000000E+00 1.762546665E+02
7.051370000E-03 5.385000000E-01 0.000000000E+00 1.758239888E+02
7.068600000E-03 5.246000000E-01 0.000000000E+00 1.753954107E+02
7.085830000E-03 5.106000000E-01 0.000000000E+00 1.749689168E+02
7.097160000E-03 5.014000000E-01 0.000000000E+00 1.746895941E+02
7.108490000E-03 4.923000000E-01 0.000000000E+00 1.744111619E+02
7.123000000E-03 4.805000000E-01 0.000000000E+00 1.740558753E+02
7.130260000E-03 4.746000000E-01 0.000000000E+00 1.738786524E+02
7.137510000E-03 4.687000000E-01 0.000000000E+00 1.737020333E+02
7.154740000E-03 4.548000000E-01 0.000000000E+00 1.732837252E+02
7.171970000E-03 4.408000000E-01 0.000000000E+00 1.728674269E+02
7.176280000E-03 4.373000000E-01 0.000000000E+00 1.727636045E+02
7.185970000E-03 4.295000000E-01 0.000000000E+00 1.725306396E+02
7.191350000E-03 4.251000000E-01 0.000000000E+00 1.724015658E+02
7.195120000E-03 4.221000000E-01 0.000000000E+00 1.723112332E+02
7.206430000E-03 4.129000000E-01 0.000000000E+00 1.720408025E+02
7.211160000E-03 4.091000000E-01 0.000000000E+00 1.719279561E+02
7.215740000E-03 4.054000000E-01 0.000000000E+00 1.718188294E+02
7.222610000E-03 3.998000000E-01 0.000000000E+00 1.716553988E+02
7.229480000E-03 3.942000000E-01 0.000000000E+00 1.714922788E+02
7.236640000E-03 3.884000000E-01 0.000000000E+00 1.713226028E+02
7.242010000E-03 3.841000000E-01 0.000000000E+00 1.711955659E+02
7.250060000E-03 3.776000000E-01 0.000000000E+00 1.710054813E+02
7.254090000E-03 3.743000000E-01 0.000000000E+00 1.709104795E+02
7.258110000E-03 3.711000000E-01 0.000000000E+00 1.708158184E+02
7.271040000E-03 3.603000000E-01 0.000000000E+00 1.705120588E+02
7.275340000E-03 3.565000000E-01 0.000000000E+00 1.704112797E+02
7.290420000E-03 3.434000000E-01 0.000000000E+00 1.700587895E+02
7.292570000E-03 3.415000000E-01 0.000000000E+00 1.700086526E+02
7.309800000E-03 3.265000000E-01 0.000000000E+00 1.696079236E+02
7.311240000E-03 3.253000000E-01 0.000000000E+00 1.695745181E+02
7.338720000E-03 3.013000000E-01 0.000000000E+00 1.689395426E+02
7.344260000E-03 2.965000000E-01 0.000000000E+00 1.688121063E+02
7.350130000E-03 2.913000000E-01 0.000000000E+00 1.686772887E+02
7.358940000E-03 2.835000000E-01 0.000000000E+00 1.684753511E+02
7.367750000E-03 2.740000000E-01 0.000000000E+00 1.682738964E+02
7.396090000E-03 2.437000000E-01 0.000000000E+00 1.676291121E+02
7.424430000E-03 2.133000000E-01 0.000000000E+00 1.669892504E+02
7.460980000E-03 1.742000000E-01 0.000000000E+00 1.661712000E+02
7.479250000E-03 1.546000000E-01 0.000000000E+00 1.657652840E+02
7.497520000E-03 1.350000000E-01 0.000000000E+00 1.653613462E+02
7.515800000E-03 1.154000000E-01 0.000000000E+00 1.649591527E+02
7.570620000E-03 5.670000000E-02 0.000000000E+00 1.637646586E+02
7.588900000E-03 3.720000000E-02 0.000000000E+00 1.633701854E+02
7.607170000E-03 1.760000000E-02 0.000000000E+00 1.629778222E+02
7.625440000E-03 -2.000000000E-03 0.000000000E+00 1.625873392E+02
7.643720000E-03 -2.160000000E-02 0.000000000E+00 1.621985107E+02
7.651180000E-03 -2.960000000E-02 0.000000000E+00 1.620403650E+02
7.688840000E-03 -6.990000000E-02 0.000000000E+00 1.612466900E+02
7.707670000E-03 -9.010000000E-02 0.000000000E+00 1.608527610E+02
7.726510000E-03 -1.102000000E-01 0.000000000E+00 1.604605443E+02
7.745340000E-03 -1.304000000E-01 0.000000000E+00 1.600704424E+02
7.748280000E-03 -1.336000000E-01 0.000000000E+00 1.600097054E+02
7.786420000E-03 -1.773000000E-01 0.000000000E+00 1.592259344E+02
7.806540000E-03 -2.037000000E-01 0.000000000E+00 1.588155572E+02
7.824560000E-03 -2.291000000E-01 0.000000000E+00 1.584498042E+02
7.843630000E-03 -2.560000000E-01 0.000000000E+00 1.580645696E+02
7.862700000E-03 -2.830000000E-01 0.000000000E+00 1.576812037E+02
7.872240000E-03 -2.964000000E-01 0.000000000E+00 1.574901172E+02
7.881780000E-03 -3.099000000E-01 0.000000000E+00 1.572994933E+02
7.891310000E-03 -3.234000000E-01 0.000000000E+00 1.571095293E+02
7.900850000E-03 -3.368000000E-01 0.000000000E+00 1.569198251E+02
7.915150000E-03 -3.570000000E-01 0.000000000E+00 1.566363240E+02
7.919920000E-03 -3.638000000E-01 0.000000000E+00 1.565419853E+02
7.938990000E-03 -3.907000000E-01 0.000000000E+00 1.561659607E+02
7.940180000E-03 -3.924000000E-01 0.000000000E+00 1.561425560E+02
7.942420000E-03 -3.955000000E-01 0.000000000E+00 1.560985191E+02
7.949260000E-03 -4.052000000E-01 0.000000000E+00 1.559642030E+02
7.953660000E-03 -4.114000000E-01 0.000000000E+00 1.558779229E+02
7.956960000E-03 -4.161000000E-01 0.000000000E+00 1.558132754E+02
7.958060000E-03 -4.176000000E-01 0.000000000E+00 1.557917382E+02
7.960450000E-03 -4.210000000E-01 0.000000000E+00 1.557449642E+02
7.964620000E-03 -4.269000000E-01 0.000000000E+00 1.556634215E+02
7.980710000E-03 -4.496000000E-01 0.000000000E+00 1.553495867E+02
7.987410000E-03 -4.591000000E-01 0.000000000E+00 1.552192763E+02
8.000000000E-03 -4.768000000E-01 0.000000000E+00 1.549750000E+02
8.007950000E-03 -4.881000000E-01 0.000000000E+00 1.548211465E+02
8.021150000E-03 -5.068000000E-01 0.000000000E+00 1.545663652E+02
8.027750000E-03 -5.162000000E-01 0.000000000E+00 1.544392887E+02
8.034350000E-03 -5.256000000E-01 0.000000000E+00 1.543124210E+02
8.043880000E-03 -5.391000000E-01 0.000000000E+00 1.541295991E+02
8.053420000E-03 -5.526000000E-01 0.000000000E+00 1.539470188E+02
8.062950000E-03 -5.662000000E-01 0.000000000E+00 1.537650612E+02
8.072490000E-03 -5.797000000E-01 0.000000000E+00 1.535833429E+02
8.075930000E-03 -5.846000000E-01 0.000000000E+00 1.535179230E+02
8.091560000E-03 -6.081000000E-01 0.000000000E+00 1.532213813E+02
8.097590000E-03 -6.183000000E-01 0.000000000E+00 1.531072825E+02
8.114560000E-03 -6.471000000E-01 0.000000000E+00 1.527870889E+02
8.116120000E-03 -6.498000000E-01 0.000000000E+00 1.527577217E+02
8.122910000E-03 -6.613000000E-01 0.000000000E+00 1.526300304E+02
8.128010000E-03 -6.700000000E-01 0.000000000E+00 1.525342612E+02
8.129700000E-03 -6.728000000E-01 0.000000000E+00 1.525025524E+02
8.135560000E-03 -6.828000000E-01 0.000000000E+00 1.523927056E+02
8.140530000E-03 -6.912000000E-01 0.000000000E+00 1.522996660E+02
8.155440000E-03 -7.165000000E-01 0.000000000E+00 1.520212275E+02
8.165380000E-03 -7.334000000E-01 0.000000000E+00 1.518361668E+02
8.175320000E-03 -7.503000000E-01 0.000000000E+00 1.516515561E+02
8.184810000E-03 -7.664000000E-01 0.000000000E+00 1.514757215E+02
8.199040000E-03 -7.905000000E-01 0.000000000E+00 1.512128249E+02
8.213260000E-03 -8.149000000E-01 0.000000000E+00 1.509510231E+02
8.224110000E-03 -8.346000000E-01 0.000000000E+00 1.507518747E+02
8.229530000E-03 -8.444000000E-01 0.000000000E+00 1.506525889E+02
8.234950000E-03 -8.543000000E-01 0.000000000E+00 1.505534338E+02
8.244890000E-03 -8.724000000E-01 0.000000000E+00 1.503719273E+02
8.249860000E-03 -8.814000000E-01 0.000000000E+00 1.502813381E+02
8.254830000E-03 -8.904000000E-01 0.000000000E+00 1.501908580E+02
8.259800000E-03 -8.995000000E-01 0.000000000E+00 1.501004867E+02
8.270980000E-03 -9.198000000E-01 0.000000000E+00 1.498975938E+02
8.274710000E-03 -9.266000000E-01 0.000000000E+00 1.498300243E+02
8.276530000E-03 -9.299000000E-01 0.000000000E+00 1.497970768E+02
8.294590000E-03 -9.627000000E-01 0.000000000E+00 1.494709202E+02
8.297070000E-03 -9.673000000E-01 0.000000000E+00 1.494262432E+02
8.301420000E-03 -9.752000000E-01 0.000000000E+00 1.493479429E+02
8.314470000E-03 -9.989000000E-01 0.000000000E+00 1.491135334E+02
8.319360000E-03 -1.007800000E+00 0.000000000E+00 1.490258866E+02
8.327930000E-03 -1.025500000E+00 0.000000000E+00 1.488725289E+02
8.340780000E-03 -1.052900000E+00 0.000000000E+00 1.486431725E+02
8.347210000E-03 -1.066600000E+00 0.000000000E+00 1.485286701E+02
8.353640000E-03 -1.080300000E+00 0.000000000E+00 1.484143439E+02
8.364050000E-03 -1.102500000E+00 0.000000000E+00 1.482296256E+02
8.369250000E-03 -1.113600000E+00 0.000000000E+00 1.481375273E+02
8.374460000E-03 -1.124700000E+00 0.000000000E+00 1.480453665E+02
8.384690000E-03 -1.146500000E+00 0.000000000E+00 1.478647392E+02
8.389810000E-03 -1.157400000E+00 0.000000000E+00 1.477745026E+02
8.394920000E-03 -1.168300000E+00 0.000000000E+00 1.476845521E+02
8.400100000E-03 -1.179300000E+00 0.000000000E+00 1.475934810E+02
8.415380000E-03 -1.211900000E+00 0.000000000E+00 1.473254921E+02
8.419410000E-03 -1.220500000E+00 0.000000000E+00 1.472549739E+02
8.425860000E-03 -1.234200000E+00 0.000000000E+00 1.471422502E+02
8.437790000E-03 -1.259600000E+00 0.000000000E+00 1.469342091E+02
8.441450000E-03 -1.267400000E+00 0.000000000E+00 1.468705021E+02
8.447840000E-03 -1.281000000E+00 0.000000000E+00 1.467594083E+02
8.457440000E-03 -1.301500000E+00 0.000000000E+00 1.465928224E+02
8.467030000E-03 -1.321900000E+00 0.000000000E+00 1.464267872E+02
8.471900000E-03 -1.332300000E+00 0.000000000E+00 1.463426150E+02
8.476770000E-03 -1.342700000E+00 0.000000000E+00 1.462585395E+02
8.483110000E-03 -1.356200000E+00 0.000000000E+00 1.461492306E+02
8.487860000E-03 -1.366300000E+00 0.000000000E+00 1.460674422E+02
8.494990000E-03 -1.381500000E+00 0.000000000E+00 1.459448451E+02
8.500340000E-03 -1.394800000E+00 0.000000000E+00 1.458529894E+02
8.517490000E-03 -1.441000000E+00 0.000000000E+00 1.455593138E+02
8.522650000E-03 -1.455500000E+00 0.000000000E+00 1.454711856E+02
8.525770000E-03 -1.464300000E+00 0.000000000E+00 1.454179505E+02
8.538820000E-03 -1.501100000E+00 0.000000000E+00 1.451957062E+02
8.548300000E-03 -1.527800000E+00 0.000000000E+00 1.450346853E+02
8.563690000E-03 -1.571100000E+00 0.000000000E+00 1.447740402E+02
8.568820000E-03 -1.585600000E+00 0.000000000E+00 1.446873665E+02
8.584220000E-03 -1.628900000E+00 0.000000000E+00 1.444277989E+02
8.596090000E-03 -1.662400000E+00 0.000000000E+00 1.442283643E+02
8.613910000E-03 -1.712600000E+00 0.000000000E+00 1.439299923E+02
8.622820000E-03 -1.737700000E+00 0.000000000E+00 1.437812688E+02
8.631730000E-03 -1.762800000E+00 0.000000000E+00 1.436328523E+02
8.645780000E-03 -1.802300000E+00 0.000000000E+00 1.433994388E+02
8.666310000E-03 -1.860100000E+00 0.000000000E+00 1.430597336E+02
8.681380000E-03 -1.902600000E+00 0.000000000E+00 1.428113963E+02
8.686830000E-03 -1.917900000E+00 0.000000000E+00 1.427217984E+02
8.701840000E-03 -1.960200000E+00 0.000000000E+00 1.424756144E+02
8.707350000E-03 -1.975700000E+00 0.000000000E+00 1.423854560E+02
8.722310000E-03 -2.017900000E+00 0.000000000E+00 1.421412447E+02
8.736190000E-03 -2.057000000E+00 0.000000000E+00 1.419154116E+02
8.749320000E-03 -2.094900000E+00 0.000000000E+00 1.417024409E+02
8.752640000E-03 -2.104700000E+00 0.000000000E+00 1.416486911E+02
8.760410000E-03 -2.127800000E+00 0.000000000E+00 1.415230566E+02
8.773800000E-03 -2.178700000E+00 0.000000000E+00 1.413070733E+02
8.780940000E-03 -2.205800000E+00 0.000000000E+00 1.411921730E+02
8.791650000E-03 -2.246500000E+00 0.000000000E+00 1.410201726E+02
8.802350000E-03 -2.287100000E+00 0.000000000E+00 1.408487506E+02
8.810370000E-03 -2.317600000E+00 0.000000000E+00 1.407205373E+02
8.822400000E-03 -2.363300000E+00 0.000000000E+00 1.405286543E+02
8.828420000E-03 -2.386200000E+00 0.000000000E+00 1.404328294E+02
8.850350000E-03 -2.469500000E+00 0.000000000E+00 1.400848554E+02
8.885410000E-03 -2.602700000E+00 0.000000000E+00 1.395321094E+02
8.892900000E-03 -2.631900000E+00 0.000000000E+00 1.394145892E+02
8.923880000E-03 -2.784100000E+00 0.000000000E+00 1.389305997E+02
8.936450000E-03 -2.848200000E+00 0.000000000E+00 1.387351801E+02
8.974410000E-03 -3.041700000E+00 0.000000000E+00 1.381483574E+02
8.987160000E-03 -3.106800000E+00 0.000000000E+00 1.379523676E+02
9.006300000E-03 -3.204300000E+00 0.000000000E+00 1.376591941E+02
9.024000000E-03 -3.294600000E+00 0.000000000E+00 1.373891844E+02
9.025470000E-03 -3.303200000E+00 2.714950000E-06 1.373668075E+02
9.045060000E-03 -3.421700000E+00 1.023880000E-05 1.370692953E+02
9.064640000E-03 -3.546700000E+00 3.558940000E-05 1.367732199E+02
9.069180000E-03 -3.576700000E+00 4.696460000E-05 1.367047517E+02
9.096450000E-03 -3.766400000E+00 2.299020000E-04 1.362949282E+02
9.105800000E-03 -3.835700000E+00 3.839850000E-04 1.361549781E+02
9.138360000E-03 -4.097900000E+00 2.027620000E-03 1.356698576E+02
9.177580000E-03 -4.474000000E+00 1.175650000E-02 1.350900782E+02
9.191080000E-03 -4.627500000E+00 2.026440000E-02 1.348916558E+02
9.214230000E-03 -4.920000000E+00 4.804100000E-02 1.345527516E+02
9.236130000E-03 -5.235400000E+00 1.003920000E-01 1.342337104E+02
9.270490000E-03 -5.807200000E+00 2.744510000E-01 1.337361887E+02
9.294510000E-03 -6.247900000E+00 4.993120000E-01 1.333905714E+02
9.327230000E-03 -6.856200000E+00 9.896930000E-01 1.329226362E+02
9.347240000E-03 -7.182300000E+00 1.401170000E+00 1.326380835E+02
9.360110000E-03 -7.358300000E+00 1.705580000E+00 1.324557083E+02
9.377250000E-03 -7.531200000E+00 2.151600000E+00 1.322136021E+02
9.379960000E-03 -7.555000000E+00 2.223830000E+00 1.321754037E+02
9.407260000E-03 -7.615500000E+00 2.982460000E+00 1.317918289E+02
9.418390000E-03 -7.640200000E+00 3.291570000E+00 1.316360864E+02
9.441150000E-03 -7.510400000E+00 3.883620000E+00 1.313187482E+02
9.471690000E-03 -7.190600000E+00 4.550810000E+00 1.308953312E+02
9.510850000E-03 -6.661100000E+00 5.137820000E+00 1.303563824E+02
9.553010000E-03 -6.127600000E+00 5.468390000E+00 1.297810847E+02
9.578370000E-03 -5.881100000E+00 5.565280000E+00 1.294374721E+02
9.601750000E-03 -5.709100000E+00 5.623240000E+00 1.291222954E+02
9.623640000E-03 -5.593600000E+00 5.665180000E+00 1.288285929E+02
9.640560000E-03 -5.541700000E+00 5.696740000E+00 1.286024878E+02
9.674800000E-03 -5.504800000E+00 5.783140000E+00 1.281473519E+02
9.702560000E-03 -5.506700000E+00 5.904450000E+00 1.277807094E+02
9.745730000E-03 -5.592000000E+00 6.217160000E+00 1.272146879E+02
9.772580000E-03 -5.605400000E+00 6.502280000E+00 1.268651676E+02
9.799060000E-03 -5.587600000E+00 6.837900000E+00 1.265223399E+02
9.836520000E-03 -5.422200000E+00 7.350630000E+00 1.260405103E+02
9.851380000E-03 -5.309100000E+00 7.547370000E+00 1.258503885E+02
9.864880000E-03 -5.185100000E+00 7.715790000E+00 1.256781633E+02
9.891110000E-03 -4.901000000E+00 8.001800000E+00 1.253448804E+02
1.000500000E-02 -3.611700000E+00 8.579620000E+00 1.239180410E+02
1.006440000E-02 -3.113500000E+00 8.639830000E+00 1.231866778E+02
1.008930000E-02 -2.926600000E+00 8.654470000E+00 1.228826579E+02
1.015490000E-02 -2.497100000E+00 8.679870000E+00 1.220888438E+02
1.016930000E-02 -2.414300000E+00 8.685440000E+00 1.219159628E+02
1.023290000E-02 -2.048900000E+00 8.710040000E+00 1.211582249E+02
1.025310000E-02 -1.944300000E+00 8.715690000E+00 1.209195268E+02
1.035290000E-02 -1.478900000E+00 8.743280000E+00 1.197538854E+02
1.041650000E-02 -1.204100000E+00 8.757130000E+00 1.190227044E+02
1.047570000E-02 -9.662000000E-01 8.769000000E+00 1.183500864E+02
1.060000000E-02 -4.988000000E-01 8.793490000E+00 1.169622642E+02
1.078240000E-02 1.091000000E-01 8.799480000E+00 1.149836771E+02
1.090360000E-02 4.726000000E-01 8.800180000E+00 1.137055651E+02
1.093050000E-02 5.531000000E-01 8.800340000E+00 1.134257353E+02
1.095730000E-02 6.335000000E-01 8.800500000E+00 1.131483121E+02
1.096480000E-02 6.560000000E-01 8.800540000E+00 1.130709178E+02
1.098410000E-02 7.094000000E-01 8.797560000E+00 1.128722426E+02
1.101100000E-02 7.834000000E-01 8.793420000E+00 1.125964944E+02
1.103780000E-02 8.575000000E-01 8.789290000E+00 1.123231079E+02
1.106460000E-02 9.315000000E-01 8.785160000E+00 1.120510457E+02
1.109150000E-02 1.005500000E+00 8.781020000E+00 1.117792904E+02
1.111830000E-02 1.078800000E+00 8.776770000E+00 1.115098531E+02
1.114520000E-02 1.149800000E+00 8.772200000E+00 1.112407135E+02
1.117200000E-02 1.219500000E+00 8.767510000E+00 1.109738632E+02
1.120550000E-02 1.305100000E+00 8.761500000E+00 1.106420954E+02
1.121060000E-02 1.318000000E+00 8.760600000E+00 1.105917614E+02
1.123910000E-02 1.389300000E+00 8.755180000E+00 1.103113239E+02
1.125250000E-02 1.422400000E+00 8.752540000E+00 1.101799600E+02
1.126590000E-02 1.455600000E+00 8.749910000E+00 1.100489087E+02
1.127940000E-02 1.488800000E+00 8.747270000E+00 1.099171942E+02
1.129280000E-02 1.522000000E+00 8.744640000E+00 1.097867668E+02
1.130620000E-02 1.555100000E+00 8.742000000E+00 1.096566486E+02
1.131730000E-02 1.582500000E+00 8.739830000E+00 1.095490974E+02
1.132280000E-02 1.596300000E+00 8.738740000E+00 1.094958844E+02
1.133620000E-02 1.629400000E+00 8.736110000E+00 1.093664544E+02
1.138410000E-02 1.745000000E+00 8.725020000E+00 1.089062816E+02
1.141200000E-02 1.810400000E+00 8.717820000E+00 1.086400280E+02
1.144040000E-02 1.876600000E+00 8.710340000E+00 1.083703367E+02
1.146780000E-02 1.940400000E+00 8.702960000E+00 1.081114076E+02
1.148170000E-02 1.972900000E+00 8.699210000E+00 1.079805255E+02
1.149570000E-02 2.005300000E+00 8.695460000E+00 1.078490218E+02
1.150960000E-02 2.037800000E+00 8.691710000E+00 1.077187739E+02
1.152350000E-02 2.070200000E+00 8.687960000E+00 1.075888402E+02
1.153750000E-02 2.102700000E+00 8.684210000E+00 1.074582882E+02
1.154450000E-02 2.118900000E+00 8.682330000E+00 1.073931309E+02
1.156540000E-02 2.166800000E+00 8.675350000E+00 1.071990593E+02
1.157230000E-02 2.182700000E+00 8.672880000E+00 1.071351417E+02
1.157580000E-02 2.190700000E+00 8.671640000E+00 1.071027488E+02
1.157840000E-02 2.196600000E+00 8.670710000E+00 1.070786983E+02
1.158020000E-02 2.200600000E+00 8.670090000E+00 1.070620542E+02
1.158190000E-02 2.204400000E+00 8.669490000E+00 1.070463395E+02
1.158350000E-02 2.208100000E+00 8.668930000E+00 1.070315535E+02
1.159530000E-02 2.235100000E+00 8.664720000E+00 1.069226324E+02
1.160420000E-02 2.255400000E+00 8.661560000E+00 1.068406267E+02
1.160720000E-02 2.262200000E+00 8.660510000E+00 1.068130126E+02
1.163510000E-02 2.325800000E+00 8.650620000E+00 1.065568839E+02
1.165000000E-02 2.359800000E+00 8.645310000E+00 1.064206009E+02
1.167690000E-02 2.416800000E+00 8.633810000E+00 1.061754404E+02
1.170480000E-02 2.475800000E+00 8.621880000E+00 1.059223566E+02
1.171870000E-02 2.505300000E+00 8.615920000E+00 1.057967181E+02
1.174660000E-02 2.564400000E+00 8.603990000E+00 1.055454344E+02
1.177450000E-02 2.623400000E+00 8.592060000E+00 1.052953416E+02
1.180240000E-02 2.682200000E+00 8.580090000E+00 1.050464312E+02
1.183720000E-02 2.754300000E+00 8.564930000E+00 1.047376069E+02
1.188600000E-02 2.849800000E+00 8.541930000E+00 1.043075888E+02
1.190720000E-02 2.891100000E+00 8.531950000E+00 1.041218758E+02
1.194940000E-02 2.972600000E+00 8.511840000E+00 1.037541634E+02
1.201840000E-02 3.105400000E+00 8.478860000E+00 1.031584903E+02
1.207430000E-02 3.211800000E+00 8.451600000E+00 1.026809008E+02
1.216550000E-02 3.385300000E+00 8.407130000E+00 1.019111422E+02
1.231700000E-02 3.648100000E+00 8.320860000E+00 1.006576277E+02
1.247290000E-02 3.913800000E+00 8.228270000E+00 9.939949811E+01
1.281540000E-02 4.454500000E+00 8.008830000E+00 9.674298110E+01
1.453210000E-02 6.394900000E+00 6.674870000E+00 8.531457945E+01
1.547690000E-02 7.024300000E+00 5.905360000E+00 8.010648127E+01
1.607530000E-02 7.305000000E+00 5.439780000E+00 7.712453267E+01
1.627460000E-02 7.379000000E+00 5.290220000E+00 7.618005972E+01
1.650850000E-02 7.455600000E+00 5.118330000E+00 7.510070570E+01
1.677190000E-02 7.530400000E+00 4.929780000E+00 7.392126116E+01
1.694830000E-02 7.574300000E+00 4.808290000E+00 7.315187954E+01
1.703790000E-02 7.595400000E+00 4.747210000E+00 7.276718375E+01
1.715540000E-02 7.621400000E+00 4.667870000E+00 7.226879000E+01
1.719310000E-02 7.628700000E+00 4.642820000E+00 7.211032333E+01
1.724980000E-02 7.639700000E+00 4.605250000E+00 7.187329708E+01
1.729230000E-02 7.647900000E+00 4.577070000E+00 7.169665111E+01
1.730640000E-02 7.650700000E+00 4.567670000E+00 7.163823788E+01
1.739160000E-02 7.667100000E+00 4.511170000E+00 7.128728812E+01
1.743420000E-02 7.674500000E+00 4.483320000E+00 7.111309954E+01
1.747680000E-02 7.681800000E+00 4.455470000E+00 7.093976014E+01
1.751940000E-02 7.689200000E+00 4.427630000E+00 7.076726372E+01
1.754070000E-02 7.692700000E+00 4.413890000E+00 7.068132971E+01
1.756200000E-02 7.695700000E+00 4.400580000E+00 7.059560415E+01
1.758330000E-02 7.698700000E+00 4.387270000E+00 7.051008628E+01
1.760460000E-02 7.701700000E+00 4.373970000E+00 7.042477534E+01
1.763660000E-02 7.706200000E+00 4.354000000E+00 7.029699602E+01
1.767920000E-02 7.712200000E+00 4.327390000E+00 7.012760758E+01
1.769510000E-02 7.714500000E+00 4.317400000E+00 7.006459415E+01
1.771930000E-02 7.717900000E+00 4.302300000E+00 6.996890396E+01
1.772990000E-02 7.719400000E+00 4.295650000E+00 6.992707235E+01
1.773510000E-02 7.720100000E+00 4.292450000E+00 6.990656946E+01
1.777640000E-02 7.726000000E+00 4.266650000E+00 6.974415517E+01
1.778560000E-02 7.727100000E+00 4.260980000E+00 6.970807845E+01
1.781760000E-02 7.731100000E+00 4.241470000E+00 6.958288434E+01
1.783890000E-02 7.733800000E+00 4.228460000E+00 6.949980100E+01
1.786020000E-02 7.736500000E+00 4.215460000E+00 6.941691582E+01
1.788150000E-02 7.739100000E+00 4.202450000E+00 6.933422811E+01
1.790280000E-02 7.741800000E+00 4.189450000E+00 6.925173716E+01
1.792410000E-02 7.744100000E+00 4.176710000E+00 6.916944226E+01
1.794540000E-02 7.746300000E+00 4.164060000E+00 6.908734272E+01
1.798800000E-02 7.750700000E+00 4.138760000E+00 6.892372693E+01
1.803060000E-02 7.755100000E+00 4.113460000E+00 6.876088427E+01
1.807320000E-02 7.759400000E+00 4.088150000E+00 6.859880929E+01
1.815840000E-02 7.768200000E+00 4.037550000E+00 6.827694070E+01
1.818390000E-02 7.770800000E+00 4.022390000E+00 6.818119325E+01
1.821670000E-02 7.773700000E+00 4.003170000E+00 6.805842990E+01
1.832810000E-02 7.782600000E+00 3.938830000E+00 6.764476405E+01
1.848590000E-02 7.792900000E+00 3.850190000E+00 6.706733240E+01
1.871180000E-02 7.804700000E+00 3.726220000E+00 6.625765560E+01
1.916640000E-02 7.816600000E+00 3.491250000E+00 6.468611737E+01
1.944670000E-02 7.818300000E+00 3.353240000E+00 6.375374742E+01
1.982040000E-02 7.812900000E+00 3.178200000E+00 6.255171440E+01
2.113820000E-02 7.739400000E+00 2.655960000E+00 5.865210850E+01
2.293220000E-02 7.593800000E+00 2.079460000E+00 5.406371827E+01
2.481000000E-02 7.385600000E+00 1.635510000E+00 4.997178557E+01
2.676770000E-02 7.158300000E+00 1.299490000E+00 4.631701640E+01
2.873100000E-02 6.942200000E+00 1.054580000E+00 4.315199610E+01
3.085510000E-02 6.727900000E+00 8.613710000E-01 4.018136386E+01
3.331530000E-02 6.480100000E+00 7.011330000E-01 3.721413285E+01
3.621410000E-02 6.196100000E+00 5.719820000E-01 3.423528405E+01
3.952620000E-02 5.905100000E+00 4.757260000E-01 3.136653663E+01
4.301240000E-02 5.564400000E+00 4.113820000E-01 2.882424603E+01
4.731510000E-02 5.177900000E+00 3.640130000E-01 2.620305146E+01
5.038200000E-02 4.920600000E+00 3.439790000E-01 2.460799492E+01
5.130880000E-02 4.824100000E+00 3.395320000E-01 2.416349632E+01
5.242620000E-02 4.700700000E+00 3.347660000E-01 2.364848110E+01
5.305850000E-02 4.631700000E+00 3.327150000E-01 2.336666133E+01
5.338340000E-02 4.596300000E+00 3.316110000E-01 2.322444805E+01
5.353200000E-02 4.580200000E+00 3.311000000E-01 2.315997908E+01
5.369830000E-02 4.562100000E+00 3.305270000E-01 2.308825419E+01
5.374750000E-02 4.556800000E+00 3.303580000E-01 2.306711940E+01
5.401210000E-02 4.528100000E+00 3.295100000E-01 2.295411584E+01
5.414440000E-02 4.513700000E+00 3.291360000E-01 2.289802824E+01
5.417220000E-02 4.510700000E+00 3.290580000E-01 2.288627746E+01
5.427660000E-02 4.499400000E+00 3.287630000E-01 2.284225615E+01
5.440890000E-02 4.485200000E+00 3.284250000E-01 2.278671320E+01
5.449060000E-02 4.476400000E+00 3.282290000E-01 2.275254815E+01
5.463890000E-02 4.460500000E+00 3.278740000E-01 2.269079356E+01
5.473890000E-02 4.449800000E+00 3.276340000E-01 2.264934078E+01
5.483890000E-02 4.439000000E+00 3.273950000E-01 2.260803918E+01
5.491330000E-02 4.431100000E+00 3.272260000E-01 2.257740839E+01
5.504250000E-02 4.417300000E+00 3.269470000E-01 2.252441295E+01
5.504950000E-02 4.416500000E+00 3.269310000E-01 2.252154879E+01
5.510970000E-02 4.410100000E+00 3.268010000E-01 2.249694700E+01
5.517940000E-02 4.402600000E+00 3.266510000E-01 2.246852992E+01
5.520270000E-02 4.400100000E+00 3.266000000E-01 2.245904639E+01
5.537230000E-02 4.382000000E+00 3.262340000E-01 2.239025650E+01
5.550560000E-02 4.367700000E+00 3.259460000E-01 2.233648497E+01
5.563890000E-02 4.353500000E+00 3.256370000E-01 2.228297109E+01
5.575150000E-02 4.341400000E+00 3.253460000E-01 2.223796669E+01
5.589660000E-02 4.326000000E+00 3.250170000E-01 2.218023994E+01
5.599640000E-02 4.312200000E+00 3.247900000E-01 2.214070905E+01
5.612870000E-02 4.294000000E+00 3.244890000E-01 2.208852156E+01
5.624660000E-02 4.277700000E+00 3.242260000E-01 2.204222122E+01
5.630560000E-02 4.269700000E+00 3.241310000E-01 2.201912421E+01
5.639330000E-02 4.257700000E+00 3.239910000E-01 2.198488118E+01
5.643900000E-02 4.251500000E+00 3.239180000E-01 2.196707950E+01
5.657230000E-02 4.233200000E+00 3.237050000E-01 2.191531898E+01
5.683900000E-02 4.192500000E+00 3.232790000E-01 2.181248790E+01
5.698660000E-02 4.169200000E+00 3.230430000E-01 2.175599176E+01
5.743340000E-02 4.098900000E+00 3.223290000E-01 2.158674221E+01
5.774800000E-02 4.049600000E+00 3.218930000E-01 2.146914179E+01
5.920140000E-02 3.822600000E+00 3.202940000E-01 2.094207232E+01
5.949290000E-02 3.777300000E+00 3.200280000E-01 2.083946152E+01
5.963860000E-02 3.754600000E+00 3.198990000E-01 2.078854970E+01
5.978430000E-02 3.732000000E+00 3.197800000E-01 2.073788603E+01
5.993000000E-02 3.709300000E+00 3.196610000E-01 2.068746871E+01
6.037120000E-02 3.640900000E+00 3.193650000E-01 2.053628220E+01
6.051950000E-02 3.617900000E+00 3.193270000E-01 2.048595907E+01
6.066770000E-02 3.595000000E+00 3.192880000E-01 2.043591565E+01
6.081590000E-02 3.572100000E+00 3.192490000E-01 2.038611613E+01
6.098690000E-02 3.545700000E+00 3.191920000E-01 2.032895589E+01
6.119430000E-02 3.513600000E+00 3.190590000E-01 2.026005690E+01
6.134490000E-02 3.490400000E+00 3.189620000E-01 2.021031903E+01
6.149480000E-02 3.463700000E+00 3.188660000E-01 2.016105427E+01
6.162890000E-02 3.436900000E+00 3.187930000E-01 2.011718528E+01
6.184690000E-02 3.391700000E+00 3.187160000E-01 2.004627556E+01
6.210390000E-02 3.335400000E+00 3.187440000E-01 1.996331953E+01
6.239930000E-02 3.262300000E+00 3.193220000E-01 1.986881263E+01
6.260770000E-02 3.200300000E+00 3.210890000E-01 1.980267603E+01
6.278920000E-02 3.140200000E+00 3.251020000E-01 1.974543393E+01
6.300540000E-02 3.060300000E+00 3.361780000E-01 1.967767842E+01
6.340980000E-02 2.891200000E+00 3.935270000E-01 1.955218279E+01
6.388010000E-02 2.712500000E+00 5.453710000E-01 1.940823512E+01
6.469910000E-02 2.596300000E+00 8.935880000E-01 1.916255404E+01
6.852690000E-02 2.585300000E+00 1.236100000E+00 1.809216527E+01
7.120450000E-02 2.240200000E+00 1.367510000E+00 1.741182088E+01
7.413100000E-02 1.770700000E+00 1.612660000E+00 1.672444726E+01
7.673620000E-02 1.321900000E+00 1.937510000E+00 1.615665097E+01
7.954050000E-02 8.534000000E-01 2.405830000E+00 1.558702799E+01
8.191110000E-02 4.993000000E-01 2.891210000E+00 1.513592175E+01
8.338230000E-02 3.081000000E-01 3.226200000E+00 1.486886306E+01
8.530720000E-02 1.272000000E-01 3.704420000E+00 1.453335709E+01
8.850000000E-02 -1.202000000E-01 4.521260000E+00 1.400903955E+01
8.925000000E-02 -1.553000000E-01 4.715590000E+00 1.389131653E+01
9.082860000E-02 -2.023000000E-01 5.127270000E+00 1.364988561E+01
9.150000000E-02 -2.116000000E-01 5.299870000E+00 1.354972678E+01
9.300000000E-02 -2.161000000E-01 5.682260000E+00 1.333118280E+01
9.375000000E-02 -2.090000000E-01 5.869570000E+00 1.322453333E+01
9.486800000E-02 -1.888000000E-01 6.144880000E+00 1.306868491E+01
9.580000000E-02 -1.635000000E-01 6.369400000E+00 1.294154489E+01
9.660510000E-02 -1.383000000E-01 6.560160000E+00 1.283369097E+01
9.772370000E-02 -9.660000000E-02 6.817670000E+00 1.268678939E+01
9.925000000E-02 -3.250000000E-02 7.163030000E+00 1.249168766E+01
9.980000000E-02 -5.000000000E-03 7.283430000E+00 1.242284569E+01
1.011650000E-01 6.910000000E-02 7.576480000E+00 1.225522661E+01
1.026240000E-01 1.555000000E-01 7.878980000E+00 1.208099470E+01
1.047130000E-01 2.884000000E-01 8.299900000E+00 1.183998166E+01
1.080000000E-01 5.210000000E-01 8.933580000E+00 1.147962963E+01
1.144850000E-01 1.050000000E+00 1.009420000E+01 1.082936629E+01
1.209210000E-01 1.659900000E+00 1.115880000E+01 1.025297508E+01
1.291500000E-01 2.568700000E+00 1.238340000E+01 9.599690283E+00
1.462760000E-01 4.751300000E+00 1.422870000E+01 8.475758156E+00
1.546780000E-01 5.741400000E+00 1.477680000E+01 8.015360943E+00
1.593110000E-01 6.140700000E+00 1.498690000E+01 7.782262367E+00
1.622150000E-01 6.154900000E+00 1.520090000E+01 7.642943008E+00
1.670200000E-01 6.863600000E+00 1.607600000E+01 7.423063106E+00
1.716550000E-01 7.590900000E+00 1.647330000E+01 7.222626780E+00
1.888780000E-01 1.011920000E+01 1.692640000E+01 6.564025456E+00
2.077300000E-01 1.220760000E+01 1.701800000E+01 5.968324267E+00
2.144140000E-01 1.284020000E+01 1.699450000E+01 5.782271680E+00
2.178820000E-01 1.313560000E+01 1.697330000E+01 5.690235999E+00
2.208180000E-01 1.332810000E+01 1.693370000E+01 5.614578522E+00
2.230360000E-01 1.340980000E+01 1.693340000E+01 5.558743880E+00
2.258590000E-01 1.350880000E+01 1.714650000E+01 5.489265427E+00
2.323810000E-01 1.446860000E+01 1.740920000E+01 5.335203825E+00
2.709600000E-01 1.800780000E+01 1.646900000E+01 4.575583112E+00
3.180530000E-01 2.076360000E+01 1.499270000E+01 3.898092456E+00
3.737290000E-01 2.287520000E+01 1.321590000E+01 3.317377030E+00
4.408330000E-01 2.440872000E+01 1.137690000E+01 2.812402883E+00
5.211050000E-01 2.544717000E+01 9.590180000E+00 2.379175022E+00
6.309570000E-01 2.606036000E+01 7.736200000E+00 1.964951653E+00
7.597340000E-01 2.619408000E+01 6.181160000E+00 1.631886950E+00
9.054720000E-01 2.588422000E+01 4.942440000E+00 1.369230633E+00
1.070840000E+00 2.503187000E+01 3.955270000E+00 1.157782675E+00
1.188500000E+00 2.396560000E+01 3.430390000E+00 1.043163652E+00
1.283480000E+00 2.251080000E+01 3.081400000E+00 9.659675258E-01
1.337370000E+00 2.115410000E+01 2.908810000E+00 9.270433762E-01
1.381060000E+00 1.936130000E+01 2.778800000E+00 8.977162469E-01
1.404930000E+00 1.758290000E+01 2.728440000E+00 8.824638950E-01
1.413200000E+00 1.655650000E+01 2.813280000E+00 8.772997453E-01
1.418840000E+00 1.566860000E+01 3.044010000E+00 8.738124101E-01
1.423550000E+00 1.483550000E+01 3.451000000E+00 8.709212883E-01
1.428300000E+00 1.399290000E+01 4.130590000E+00 8.680249247E-01
1.434270000E+00 1.314590000E+01 5.371120000E+00 8.644118611E-01
1.442360000E+00 1.275830000E+01 7.419890000E+00 8.595634932E-01
1.450610000E+00 1.323530000E+01 9.228860000E+00 8.546749299E-01
1.460200000E+00 1.411490000E+01 1.051010000E+01 8.490617724E-01
1.478450000E+00 1.502170000E+01 1.234440000E+01 8.385809463E-01
1.492000000E+00 1.624370000E+01 1.400550000E+01 8.309651475E-01
1.506460000E+00 1.813550000E+01 1.485490000E+01 8.229889941E-01
1.528130000E+00 2.023120000E+01 1.488310000E+01 8.113184088E-01
1.560950000E+00 2.206840000E+01 1.453570000E+01 7.942599058E-01
1.600790000E+00 2.334990000E+01 1.406990000E+01 7.744925943E-01
1.623640000E+00 2.354450000E+01 1.396250000E+01 7.635929147E-01
1.644230000E+00 2.378080000E+01 1.458620000E+01 7.540307621E-01
1.685230000E+00 2.577402000E+01 1.485270000E+01 7.356859301E-01
1.731370000E+00 2.712339000E+01 1.430400000E+01 7.160803295E-01
1.798870000E+00 2.847707000E+01 1.354760000E+01 6.892104488E-01
1.873170000E+00 2.955244000E+01 1.278030000E+01 6.618726544E-01
1.962850000E+00 3.052308000E+01 1.193950000E+01 6.316325751E-01
2.064460000E+00 3.133310000E+01 1.109570000E+01 6.005444523E-01
2.168490000E+00 3.196029000E+01 1.032140000E+01 5.717342483E-01
2.269950000E+00 3.242752000E+01 9.645120000E+00 5.461794313E-01
2.361320000E+00 3.276665000E+01 9.089520000E+00 5.250453136E-01
2.460460000E+00 3.305836100E+01 8.536280000E+00 5.038895166E-01
2.533210000E+00 3.323752100E+01 8.159200000E+00 4.894185638E-01
2.630270000E+00 3.342756000E+01 7.693760000E+00 4.713584537E-01
2.721750000E+00 3.357055200E+01 7.293750000E+00 4.555157527E-01
2.818110000E+00 3.369284500E+01 6.906540000E+00 4.399402436E-01
2.904860000E+00 3.378317500E+01 6.585810000E+00 4.268019801E-01
2.985380000E+00 3.385297300E+01 6.308130000E+00 4.152905158E-01
3.041970000E+00 3.389523300E+01 6.121020000E+00 4.075648346E-01
3.101290000E+00 3.393488480E+01 5.932550000E+00 3.997691283E-01
3.131990000E+00 3.395088230E+01 5.839710000E+00 3.958505615E-01
3.178250000E+00 3.397370900E+01 5.702280000E+00 3.900888854E-01
3.199230000E+00 3.398286950E+01 5.642770000E+00 3.875307496E-01
3.237830000E+00 3.399876677E+01 5.534410000E+00 3.829107767E-01
3.261870000E+00 3.400822168E+01 5.468890000E+00 3.800887221E-01
3.300440000E+00 3.402202800E+01 5.365900000E+00 3.756468834E-01
3.337620000E+00 3.403397020E+01 5.268520000E+00 3.714622995E-01
3.414640000E+00 3.405348470E+01 5.076460000E+00 3.630836633E-01
3.506300000E+00 3.407014070E+01 4.862510000E+00 3.535921056E-01
3.560760000E+00 3.407829840E+01 4.740830000E+00 3.481840955E-01
3.669690000E+00 3.408745100E+01 4.512490000E+00 3.378487011E-01
3.834860000E+00 3.409148850E+01 4.197800000E+00 3.232973303E-01
3.951280000E+00 3.408848840E+01 3.994430000E+00 3.137717398E-01
4.047820000E+00 3.408255460E+01 3.835520000E+00 3.062883231E-01
4.185220000E+00 3.406596020E+01 3.626620000E+00 2.962329340E-01
4.414510000E+00 3.403033480E+01 3.317480000E+00 2.808465719E-01
4.534140000E+00 3.400960860E+01 3.171740000E+00 2.734366385E-01
4.589760000E+00 3.399943545E+01 3.106740000E+00 2.701230565E-01
4.607200000E+00 3.399627244E+01 3.086400000E+00 2.691005383E-01
4.667780000E+00 3.398477180E+01 3.019180000E+00 2.656080621E-01
4.769110000E+00 3.396412490E+01 2.910940000E+00 2.599646475E-01
5.150800000E+00 3.388467900E+01 2.552910000E+00 2.407004737E-01
5.871510000E+00 3.371617200E+01 2.037580000E+00 2.111552224E-01
6.671530000E+00 3.353305300E+01 1.631050000E+00 1.858344338E-01
7.567040000E+00 3.332789000E+01 1.306390000E+00 1.638421364E-01
8.594080000E+00 3.308584600E+01 1.041850000E+00 1.442620967E-01
9.741410000E+00 3.277502000E+01 8.320750000E-01 1.272711035E-01
1.061340000E+01 3.246549000E+01 7.126550000E-01 1.168145929E-01
1.125700000E+01 3.213431000E+01 6.403970000E-01 1.101359154E-01
1.169350000E+01 3.179550000E+01 5.977480000E-01 1.060247146E-01
1.202620000E+01 3.139137000E+01 5.679310000E-01 1.030915834E-01
1.223320000E+01 3.097068000E+01 5.507290000E-01 1.013471536E-01
1.232960000E+01 3.065493000E+01 5.515680000E-01 1.005547625E-01
1.238110000E+01 3.041783000E+01 5.757670000E-01 1.001364984E-01
1.241560000E+01 3.022186000E+01 6.207500000E-01 9.985824286E-02
1.244510000E+01 3.003153000E+01 6.918710000E-01 9.962153779E-02
1.247730000E+01 2.980804000E+01 8.185650000E-01 9.936444583E-02
1.251060000E+01 2.957677000E+01 1.017840000E+00 9.909996323E-02
1.254970000E+01 2.934404000E+01 1.346330000E+00 9.879120616E-02
1.260390000E+01 2.919321000E+01 1.938720000E+00 9.836637866E-02
1.265790000E+01 2.925707000E+01 2.564390000E+00 9.794673682E-02
1.270690000E+01 2.952176000E+01 3.041480000E+00 9.756903729E-02
1.276990000E+01 2.998885000E+01 3.428500000E+00 9.708768275E-02
1.286040000E+01 3.060820000E+01 3.614720000E+00 9.640446642E-02
1.295850000E+01 3.107114000E+01 3.610740000E+00 9.567465370E-02
1.311160000E+01 3.152541000E+01 3.552040000E+00 9.455749108E-02
1.330650000E+01 3.191811000E+01 3.471540000E+00 9.317250968E-02
1.358700000E+01 3.231780000E+01 3.360330000E+00 9.124898800E-02
1.394270000E+01 3.267090000E+01 3.223510000E+00 8.892108415E-02
1.433590000E+01 3.295298000E+01 3.082790000E+00 8.648218807E-02
1.484070000E+01 3.322199800E+01 2.917840000E+00 8.354053380E-02
1.531850000E+01 3.341824100E+01 2.775460000E+00 8.093481738E-02
1.573560000E+01 3.355759300E+01 2.655120000E+00 7.878949643E-02
1.610510000E+01 3.365778600E+01 2.555120000E+00 7.698182563E-02
1.650770000E+01 3.374899800E+01 2.452750000E+00 7.510434524E-02
1.693380000E+01 3.383149000E+01 2.351540000E+00 7.321451771E-02
1.737020000E+01 3.390296840E+01 2.253120000E+00 7.137511370E-02
1.777680000E+01 3.395900730E+01 2.167560000E+00 6.974258584E-02
1.812650000E+01 3.400010156E+01 2.098670000E+00 6.839709817E-02
1.826110000E+01 3.401600180E+01 2.072300000E+00 6.789295278E-02
1.872210000E+01 3.406111430E+01 1.987260000E+00 6.622120382E-02
1.916270000E+01 3.409807900E+01 1.911570000E+00 6.469860719E-02
1.964950000E+01 3.413403700E+01 1.832100000E+00 6.309575307E-02
2.019370000E+01 3.416770000E+01 1.747780000E+00 6.139538569E-02
2.102950000E+01 3.420751100E+01 1.629180000E+00 5.895527711E-02
2.235500000E+01 3.424878600E+01 1.465260000E+00 5.545962872E-02
2.380800000E+01 3.427635400E+01 1.312990000E+00 5.207493280E-02
2.579870000E+01 3.429464600E+01 1.139190000E+00 4.805668503E-02
2.864360000E+01 3.429462600E+01 9.439450000E-01 4.328366546E-02
3.265870000E+01 3.427444800E+01 7.437210000E-01 3.796231938E-02
3.686810000E+01 3.424284900E+01 5.946130000E-01 3.362798734E-02
4.174420000E+01 3.420575800E+01 4.709750000E-01 2.969993436E-02
4.698070000E+01 3.416860900E+01 3.767070000E-01 2.638955997E-02
5.287770000E+01 3.413217900E+01 2.999910000E-01 2.344655687E-02
5.974820000E+01 3.409698510E+01 2.368450000E-01 2.075041591E-02
6.698260000E+01 3.406648170E+01 1.893310000E-01 1.850928450E-02
7.329850000E+01 3.404474590E+01 1.586290000E-01 1.691439798E-02
7.931300000E+01 3.402712020E+01 1.356480000E-01 1.563173755E-02
8.367630000E+01 3.401598360E+01 1.219310000E-01 1.481662072E-02
8.654960000E+01 3.400925027E+01 1.140470000E-01 1.432473403E-02
8.984220000E+01 3.400215989E+01 1.058450000E-01 1.379975112E-02
9.100070000E+01 3.399976600E+01 1.031910000E-01 1.362407102E-02
9.146680000E+01 3.399881775E+01 1.021370000E-01 1.355464496E-02
9.407550000E+01 3.399379890E+01 9.659960000E-02 1.317877662E-02
9.832990000E+01 3.398618420E+01 8.840940000E-02 1.260857582E-02
1.046190000E+02 3.397625290E+01 7.807360000E-02 1.185061987E-02
1.136560000E+02 3.396409860E+01 6.610630000E-02 1.090835504E-02
1.260310000E+02 3.395071210E+01 5.372720000E-02 9.837262261E-03
1.412500000E+02 3.393801640E+01 4.274600000E-02 8.777345133E-03
1.581130000E+02 3.392736260E+01 3.409660000E-02 7.841227477E-03
1.771890000E+02 3.391821430E+01 2.713590000E-02 6.997048350E-03
1.986530000E+02 3.391053550E+01 2.166270000E-02 6.241033360E-03
2.230190000E+02 3.390404000E+01 1.724350000E-02 5.559167605E-03
2.500760000E+02 3.389867400E+01 1.381390000E-02 4.957692861E-03
2.797010000E+02 3.389429200E+01 1.116190000E-02 4.432590516E-03
3.129430000E+02 3.389063600E+01 9.049070000E-03 3.961743832E-03
3.525620000E+02 3.388745900E+01 7.290260000E-03 3.516544608E-03
3.981070000E+02 3.388482600E+01 5.888160000E-03 3.114238132E-03
4.494000000E+02 3.388271100E+01 4.800980000E-03 2.758789497E-03
5.070240000E+02 3.388102000E+01 3.954940000E-03 2.445249140E-03
5.757880000E+02 3.387959700E+01 3.257330000E-03 2.153223061E-03
6.587950000E+02 3.387841200E+01 2.688130000E-03 1.881920780E-03
7.498940000E+02 3.387752600E+01 2.267640000E-03 1.653300333E-03
8.766040000E+02 3.387672500E+01 1.881990000E-03 1.414321632E-03
1.011580000E+03 3.387619400E+01 1.609420000E-03 1.225607466E-03
1.228710000E+03 3.387567800E+01 1.311370000E-03 1.009025726E-03
1.477240000E+03 3.387534300E+01 1.079090000E-03 8.392678238E-04
1.776030000E+03 3.387511100E+01 8.879520000E-04 6.980737938E-04
2.135260000E+03 3.387495100E+01 7.306700000E-04 5.806318668E-04
2.567150000E+03 3.387484000E+01 6.012470000E-04 4.829480163E-04
3.086390000E+03 3.387476400E+01 4.947490000E-04 4.016990724E-04
3.710660000E+03 3.387471100E+01 4.071140000E-04 3.341184587E-04
4.461190000E+03 3.387467400E+01 3.350030000E-04 2.779079125E-04
5.363530000E+03 3.387464900E+01 2.756640000E-04 2.311537364E-04
6.448380000E+03 3.387463100E+01 2.268360000E-04 1.922653442E-04
7.752660000E+03 3.387461900E+01 1.866570000E-04 1.599193051E-04
9.320750000E+03 3.387461000E+01 1.535940000E-04 1.330150471E-04
1.000000000E+04 3.387460800E+01 1.428130000E-04 1.239800000E-04
