# Data retrieved from https://www-nds.iaea.org/epdl97/za1to100.htm 03/01/2021
# Element, Si  (Z = 14) 
# Atomic weight, g mol-1 = 28.086 
# Nominal density, g cm-3 =  2.33000E+0 
# Relativistic correction estimate f_rel(5CL)*,  e atom-1 =  0 
# Nuclear Thomson correction f_NT*, e atom-1 =  0 
#    E [keV]      f1 [e atom-1]      f2 [e atom-1]    Wavelength [nm] 
1.000000000E-03 2.352700000E+00 0.000000000E+00 1.239800000E+03
1.125000000E-03 2.347300000E+00 0.000000000E+00 1.102044444E+03
1.265630000E-03 2.341200000E+00 0.000000000E+00 9.795911917E+02
1.423830000E-03 2.334400000E+00 0.000000000E+00 8.707500193E+02
1.500000000E-03 2.331100000E+00 0.000000000E+00 8.265333333E+02
1.601810000E-03 2.324100000E+00 0.000000000E+00 7.739994132E+02
1.802030000E-03 2.310400000E+00 0.000000000E+00 6.880018646E+02
2.017710000E-03 2.295600000E+00 0.000000000E+00 6.144589659E+02
2.206430000E-03 2.282500000E+00 0.000000000E+00 5.619031648E+02
2.371550000E-03 2.266900000E+00 0.000000000E+00 5.227804600E+02
2.516040000E-03 2.252100000E+00 0.000000000E+00 4.927584617E+02
2.642470000E-03 2.239100000E+00 0.000000000E+00 4.691822424E+02
2.863710000E-03 2.214800000E+00 0.000000000E+00 4.329348991E+02
3.029650000E-03 2.192800000E+00 0.000000000E+00 4.092221874E+02
3.164060000E-03 2.175000000E+00 0.000000000E+00 3.918383343E+02
3.247430000E-03 2.161400000E+00 0.000000000E+00 3.817788220E+02
3.317440000E-03 2.149900000E+00 0.000000000E+00 3.737219060E+02
3.369940000E-03 2.141400000E+00 0.000000000E+00 3.678997252E+02
3.409320000E-03 2.134900000E+00 0.000000000E+00 3.636502294E+02
3.438850000E-03 2.130100000E+00 0.000000000E+00 3.605275019E+02
3.483150000E-03 2.122900000E+00 0.000000000E+00 3.559421788E+02
3.505300000E-03 2.119200000E+00 0.000000000E+00 3.536929792E+02
3.527450000E-03 2.115600000E+00 0.000000000E+00 3.514720265E+02
3.536130000E-03 2.114200000E+00 0.000000000E+00 3.506092819E+02
3.544810000E-03 2.112800000E+00 0.000000000E+00 3.497507624E+02
3.553490000E-03 2.111300000E+00 0.000000000E+00 3.488964370E+02
3.562180000E-03 2.109600000E+00 0.000000000E+00 3.480452981E+02
3.562970000E-03 2.109400000E+00 0.000000000E+00 3.479681277E+02
3.571740000E-03 2.107600000E+00 0.000000000E+00 3.471137317E+02
3.580510000E-03 2.105900000E+00 0.000000000E+00 3.462635211E+02
3.589280000E-03 2.104100000E+00 0.000000000E+00 3.454174653E+02
3.598050000E-03 2.102300000E+00 0.000000000E+00 3.445755340E+02
3.606820000E-03 2.100600000E+00 0.000000000E+00 3.437376969E+02
3.610850000E-03 2.099800000E+00 0.000000000E+00 3.433540579E+02
3.616900000E-03 2.098500000E+00 0.000000000E+00 3.427797285E+02
3.622950000E-03 2.097300000E+00 0.000000000E+00 3.422073172E+02
3.628040000E-03 2.096300000E+00 0.000000000E+00 3.417272136E+02
3.633130000E-03 2.095300000E+00 0.000000000E+00 3.412484552E+02
3.639710000E-03 2.093900000E+00 0.000000000E+00 3.406315338E+02
3.641900000E-03 2.093500000E+00 0.000000000E+00 3.404267003E+02
3.649570000E-03 2.092000000E+00 0.000000000E+00 3.397112537E+02
3.651770000E-03 2.091500000E+00 0.000000000E+00 3.395065954E+02
3.653680000E-03 2.091100000E+00 0.000000000E+00 3.393291148E+02
3.656560000E-03 2.090500000E+00 0.000000000E+00 3.390618505E+02
3.658000000E-03 2.090300000E+00 0.000000000E+00 3.389283762E+02
3.658720000E-03 2.090100000E+00 0.000000000E+00 3.388616784E+02
3.659990000E-03 2.089900000E+00 0.000000000E+00 3.387440949E+02
3.662040000E-03 2.089400000E+00 0.000000000E+00 3.385544669E+02
3.668210000E-03 2.088200000E+00 0.000000000E+00 3.379850118E+02
3.670150000E-03 2.087800000E+00 0.000000000E+00 3.378063567E+02
3.673540000E-03 2.087100000E+00 0.000000000E+00 3.374946237E+02
3.678640000E-03 2.086100000E+00 0.000000000E+00 3.370267273E+02
3.683730000E-03 2.085100000E+00 0.000000000E+00 3.365610400E+02
3.689120000E-03 2.084000000E+00 0.000000000E+00 3.360693065E+02
3.694520000E-03 2.082900000E+00 0.000000000E+00 3.355780995E+02
3.703290000E-03 2.081100000E+00 0.000000000E+00 3.347833953E+02
3.712060000E-03 2.079400000E+00 0.000000000E+00 3.339924462E+02
3.720830000E-03 2.077600000E+00 0.000000000E+00 3.332052257E+02
3.733980000E-03 2.074900000E+00 0.000000000E+00 3.320317731E+02
3.738370000E-03 2.074000000E+00 0.000000000E+00 3.316418653E+02
3.740920000E-03 2.073500000E+00 0.000000000E+00 3.314158015E+02
3.746020000E-03 2.072500000E+00 0.000000000E+00 3.309645971E+02
3.751070000E-03 2.071500000E+00 0.000000000E+00 3.305190252E+02
3.756080000E-03 2.070500000E+00 0.000000000E+00 3.300781666E+02
3.766030000E-03 2.068500000E+00 0.000000000E+00 3.292060870E+02
3.775820000E-03 2.066500000E+00 0.000000000E+00 3.283525168E+02
3.785460000E-03 2.064600000E+00 0.000000000E+00 3.275163388E+02
3.794950000E-03 2.062600000E+00 0.000000000E+00 3.266973214E+02
3.799610000E-03 2.061700000E+00 0.000000000E+00 3.262966462E+02
3.808850000E-03 2.059800000E+00 0.000000000E+00 3.255050737E+02
3.815660000E-03 2.058500000E+00 0.000000000E+00 3.249241285E+02
3.820170000E-03 2.057600000E+00 0.000000000E+00 3.245405309E+02
3.829110000E-03 2.055700000E+00 0.000000000E+00 3.237828111E+02
3.837920000E-03 2.054000000E+00 0.000000000E+00 3.230395631E+02
3.855260000E-03 2.050500000E+00 0.000000000E+00 3.215866115E+02
3.872050000E-03 2.047100000E+00 0.000000000E+00 3.201921463E+02
3.904590000E-03 2.040000000E+00 0.000000000E+00 3.175237349E+02
3.965600000E-03 2.025300000E+00 0.000000000E+00 3.126386928E+02
4.185860000E-03 1.970700000E+00 0.000000000E+00 2.961876412E+02
4.232530000E-03 1.957500000E+00 0.000000000E+00 2.929217277E+02
4.272560000E-03 1.946100000E+00 0.000000000E+00 2.901773176E+02
4.332620000E-03 1.928700000E+00 0.000000000E+00 2.861547978E+02
4.362650000E-03 1.919500000E+00 0.000000000E+00 2.841850710E+02
4.377670000E-03 1.914900000E+00 0.000000000E+00 2.832100181E+02
4.392680000E-03 1.910200000E+00 0.000000000E+00 2.822422758E+02
4.414300000E-03 1.903600000E+00 0.000000000E+00 2.808599325E+02
4.425120000E-03 1.900200000E+00 0.000000000E+00 2.801731930E+02
4.435930000E-03 1.896900000E+00 0.000000000E+00 2.794904338E+02
4.446740000E-03 1.893300000E+00 0.000000000E+00 2.788109941E+02
4.455580000E-03 1.890300000E+00 0.000000000E+00 2.782578250E+02
4.464420000E-03 1.887300000E+00 0.000000000E+00 2.777068466E+02
4.471800000E-03 1.884800000E+00 0.000000000E+00 2.772485353E+02
4.479180000E-03 1.882300000E+00 0.000000000E+00 2.767917342E+02
4.489990000E-03 1.878600000E+00 0.000000000E+00 2.761253366E+02
4.500800000E-03 1.875000000E+00 0.000000000E+00 2.754621401E+02
4.511610000E-03 1.871300000E+00 0.000000000E+00 2.748021216E+02
4.514320000E-03 1.870400000E+00 0.000000000E+00 2.746371547E+02
4.522420000E-03 1.867600000E+00 0.000000000E+00 2.741452585E+02
4.524720000E-03 1.866800000E+00 0.000000000E+00 2.740059053E+02
4.528730000E-03 1.865500000E+00 0.000000000E+00 2.737632846E+02
4.531750000E-03 1.864400000E+00 0.000000000E+00 2.735808463E+02
4.536260000E-03 1.862900000E+00 0.000000000E+00 2.733088491E+02
4.540780000E-03 1.861400000E+00 0.000000000E+00 2.730367910E+02
4.544300000E-03 1.860200000E+00 0.000000000E+00 2.728252976E+02
4.546940000E-03 1.859300000E+00 0.000000000E+00 2.726668925E+02
4.550900000E-03 1.857900000E+00 0.000000000E+00 2.724296293E+02
4.552880000E-03 1.857200000E+00 0.000000000E+00 2.723111525E+02
4.554860000E-03 1.856500000E+00 0.000000000E+00 2.721927787E+02
4.560270000E-03 1.854600000E+00 0.000000000E+00 2.718698674E+02
4.562970000E-03 1.853600000E+00 0.000000000E+00 2.717089966E+02
4.565670000E-03 1.852600000E+00 0.000000000E+00 2.715483160E+02
4.576480000E-03 1.848800000E+00 0.000000000E+00 2.709068979E+02
4.587300000E-03 1.844900000E+00 0.000000000E+00 2.702679136E+02
4.602600000E-03 1.839400000E+00 0.000000000E+00 2.693694868E+02
4.608920000E-03 1.837100000E+00 0.000000000E+00 2.690001128E+02
4.612590000E-03 1.835800000E+00 0.000000000E+00 2.687860833E+02
4.613500000E-03 1.835500000E+00 0.000000000E+00 2.687330660E+02
4.624400000E-03 1.831600000E+00 0.000000000E+00 2.680996454E+02
4.638950000E-03 1.826400000E+00 0.000000000E+00 2.672587547E+02
4.646190000E-03 1.823800000E+00 0.000000000E+00 2.668422944E+02
4.649860000E-03 1.822500000E+00 0.000000000E+00 2.666316835E+02
4.707520000E-03 1.800500000E+00 0.000000000E+00 2.633658487E+02
4.731430000E-03 1.790900000E+00 0.000000000E+00 2.620349450E+02
4.772410000E-03 1.774300000E+00 0.000000000E+00 2.597848886E+02
4.806810000E-03 1.760100000E+00 0.000000000E+00 2.579257345E+02
4.821560000E-03 1.753600000E+00 0.000000000E+00 2.571366943E+02
4.836310000E-03 1.747200000E+00 0.000000000E+00 2.563524671E+02
4.836340000E-03 1.747200000E+00 0.000000000E+00 2.563508769E+02
4.848240000E-03 1.742000000E+00 0.000000000E+00 2.557216639E+02
4.860150000E-03 1.736800000E+00 0.000000000E+00 2.550950074E+02
4.866010000E-03 1.734300000E+00 0.000000000E+00 2.547878036E+02
4.871870000E-03 1.731700000E+00 0.000000000E+00 2.544813388E+02
4.883960000E-03 1.726300000E+00 0.000000000E+00 2.538513829E+02
4.895860000E-03 1.720900000E+00 0.000000000E+00 2.532343654E+02
4.907840000E-03 1.715300000E+00 0.000000000E+00 2.526162222E+02
4.919830000E-03 1.709700000E+00 0.000000000E+00 2.520005773E+02
4.931820000E-03 1.704100000E+00 0.000000000E+00 2.513879258E+02
4.937820000E-03 1.701300000E+00 0.000000000E+00 2.510824615E+02
4.946810000E-03 1.697000000E+00 0.000000000E+00 2.506261611E+02
4.955930000E-03 1.692700000E+00 0.000000000E+00 2.501649539E+02
4.961800000E-03 1.689900000E+00 0.000000000E+00 2.498689992E+02
4.967800000E-03 1.687000000E+00 0.000000000E+00 2.495672129E+02
4.976790000E-03 1.682600000E+00 0.000000000E+00 2.491163983E+02
4.982790000E-03 1.679600000E+00 0.000000000E+00 2.488164261E+02
4.987280000E-03 1.677200000E+00 0.000000000E+00 2.485924191E+02
4.989530000E-03 1.676000000E+00 0.000000000E+00 2.484803178E+02
4.990660000E-03 1.675500000E+00 0.000000000E+00 2.484240561E+02
4.991220000E-03 1.675200000E+00 0.000000000E+00 2.483961837E+02
4.991640000E-03 1.674900000E+00 0.000000000E+00 2.483752835E+02
4.991780000E-03 1.674900000E+00 0.000000000E+00 2.483683175E+02
4.992000000E-03 1.674800000E+00 0.000000000E+00 2.483573718E+02
4.992180000E-03 1.674700000E+00 0.000000000E+00 2.483484169E+02
4.992550000E-03 1.674500000E+00 0.000000000E+00 2.483300117E+02
5.003770000E-03 1.668600000E+00 0.000000000E+00 2.477731790E+02
5.006770000E-03 1.667000000E+00 0.000000000E+00 2.476247161E+02
5.015760000E-03 1.662300000E+00 0.000000000E+00 2.471808858E+02
5.020260000E-03 1.659900000E+00 0.000000000E+00 2.469593208E+02
5.028130000E-03 1.655800000E+00 0.000000000E+00 2.465727815E+02
5.034030000E-03 1.652700000E+00 0.000000000E+00 2.462837925E+02
5.042880000E-03 1.648100000E+00 0.000000000E+00 2.458515769E+02
5.051740000E-03 1.643400000E+00 0.000000000E+00 2.454203898E+02
5.063730000E-03 1.637100000E+00 0.000000000E+00 2.448392786E+02
5.075720000E-03 1.630900000E+00 0.000000000E+00 2.442609127E+02
5.087710000E-03 1.624600000E+00 0.000000000E+00 2.436852729E+02
5.099700000E-03 1.618300000E+00 0.000000000E+00 2.431123399E+02
5.109670000E-03 1.613100000E+00 0.000000000E+00 2.426379786E+02
5.111660000E-03 1.612000000E+00 0.000000000E+00 2.425435182E+02
5.111690000E-03 1.612000000E+00 0.000000000E+00 2.425420947E+02
5.116940000E-03 1.609300000E+00 0.000000000E+00 2.422932456E+02
5.122440000E-03 1.606400000E+00 0.000000000E+00 2.420330936E+02
5.134700000E-03 1.599600000E+00 0.000000000E+00 2.414551970E+02
5.148530000E-03 1.591600000E+00 0.000000000E+00 2.408065992E+02
5.160960000E-03 1.584000000E+00 0.000000000E+00 2.402266245E+02
5.173390000E-03 1.576500000E+00 0.000000000E+00 2.396494368E+02
5.185820000E-03 1.569000000E+00 0.000000000E+00 2.390750161E+02
5.198250000E-03 1.561400000E+00 0.000000000E+00 2.385033425E+02
5.210670000E-03 1.553900000E+00 0.000000000E+00 2.379348529E+02
5.223100000E-03 1.546400000E+00 0.000000000E+00 2.373686125E+02
5.235530000E-03 1.538900000E+00 0.000000000E+00 2.368050608E+02
5.247960000E-03 1.531300000E+00 0.000000000E+00 2.362441787E+02
5.268140000E-03 1.519100000E+00 0.000000000E+00 2.353392279E+02
5.272810000E-03 1.516100000E+00 0.000000000E+00 2.351307936E+02
5.285240000E-03 1.508000000E+00 0.000000000E+00 2.345778054E+02
5.297670000E-03 1.499300000E+00 0.000000000E+00 2.340274121E+02
5.309910000E-03 1.490800000E+00 0.000000000E+00 2.334879499E+02
5.322430000E-03 1.482100000E+00 0.000000000E+00 2.329387141E+02
5.334940000E-03 1.473400000E+00 0.000000000E+00 2.323924918E+02
5.355660000E-03 1.459000000E+00 0.000000000E+00 2.314934107E+02
5.405510000E-03 1.423800000E+00 0.000000000E+00 2.293585619E+02
5.417410000E-03 1.414400000E+00 0.000000000E+00 2.288547479E+02
5.438230000E-03 1.397900000E+00 0.000000000E+00 2.279785886E+02
5.453840000E-03 1.385500000E+00 0.000000000E+00 2.273260675E+02
5.465550000E-03 1.376200000E+00 0.000000000E+00 2.268390189E+02
5.483120000E-03 1.362300000E+00 0.000000000E+00 2.261121405E+02
5.491900000E-03 1.355300000E+00 0.000000000E+00 2.257506510E+02
5.500690000E-03 1.348400000E+00 0.000000000E+00 2.253899056E+02
5.500710000E-03 1.348300000E+00 0.000000000E+00 2.253890861E+02
5.514250000E-03 1.337000000E+00 0.000000000E+00 2.248356531E+02
5.521020000E-03 1.331000000E+00 0.000000000E+00 2.245599545E+02
5.527790000E-03 1.324900000E+00 0.000000000E+00 2.242849312E+02
5.530440000E-03 1.322500000E+00 0.000000000E+00 2.241774615E+02
5.536230000E-03 1.317300000E+00 0.000000000E+00 2.239430081E+02
5.541320000E-03 1.312700000E+00 0.000000000E+00 2.237373045E+02
5.557660000E-03 1.298000000E+00 0.000000000E+00 2.230794975E+02
5.565960000E-03 1.290500000E+00 0.000000000E+00 2.227468397E+02
5.571270000E-03 1.285800000E+00 0.000000000E+00 2.225345388E+02
5.584890000E-03 1.273500000E+00 0.000000000E+00 2.219918387E+02
5.598500000E-03 1.261300000E+00 0.000000000E+00 2.214521747E+02
5.607900000E-03 1.252100000E+00 0.000000000E+00 2.210809751E+02
5.614950000E-03 1.244500000E+00 0.000000000E+00 2.208033909E+02
5.625520000E-03 1.233100000E+00 0.000000000E+00 2.203885152E+02
5.630810000E-03 1.227400000E+00 0.000000000E+00 2.201814659E+02
5.636100000E-03 1.221700000E+00 0.000000000E+00 2.199748053E+02
5.644520000E-03 1.212600000E+00 0.000000000E+00 2.196466661E+02
5.648740000E-03 1.208100000E+00 0.000000000E+00 2.194825749E+02
5.650840000E-03 1.205800000E+00 0.000000000E+00 2.194010094E+02
5.654660000E-03 1.201700000E+00 0.000000000E+00 2.192527933E+02
5.660670000E-03 1.195200000E+00 0.000000000E+00 2.190200100E+02
5.663670000E-03 1.191900000E+00 0.000000000E+00 2.189039969E+02
5.665920000E-03 1.189500000E+00 0.000000000E+00 2.188170677E+02
5.666110000E-03 1.189300000E+00 0.000000000E+00 2.188097301E+02
5.667420000E-03 1.187900000E+00 0.000000000E+00 2.187591532E+02
5.680550000E-03 1.173700000E+00 0.000000000E+00 2.182535142E+02
5.684020000E-03 1.170000000E+00 0.000000000E+00 2.181202740E+02
5.694430000E-03 1.158700000E+00 0.000000000E+00 2.177215279E+02
5.699640000E-03 1.153100000E+00 0.000000000E+00 2.175225102E+02
5.708750000E-03 1.143300000E+00 0.000000000E+00 2.171753887E+02
5.715580000E-03 1.135900000E+00 0.000000000E+00 2.169158686E+02
5.725820000E-03 1.124900000E+00 0.000000000E+00 2.165279384E+02
5.736070000E-03 1.113800000E+00 0.000000000E+00 2.161410164E+02
5.748230000E-03 1.100700000E+00 0.000000000E+00 2.156837844E+02
5.761850000E-03 1.086000000E+00 0.000000000E+00 2.151739459E+02
5.768890000E-03 1.078100000E+00 0.000000000E+00 2.149113608E+02
5.775580000E-03 1.069700000E+00 0.000000000E+00 2.146624235E+02
5.782690000E-03 1.060000000E+00 0.000000000E+00 2.143984893E+02
5.796480000E-03 1.041300000E+00 0.000000000E+00 2.138884288E+02
5.802680000E-03 1.032900000E+00 0.000000000E+00 2.136598951E+02
5.808770000E-03 1.024600000E+00 0.000000000E+00 2.134358909E+02
5.812560000E-03 1.019400000E+00 0.000000000E+00 2.132967230E+02
5.826460000E-03 1.000600000E+00 0.000000000E+00 2.127878678E+02
5.840350000E-03 9.817000000E-01 0.000000000E+00 2.122817982E+02
5.847260000E-03 9.723000000E-01 0.000000000E+00 2.120309341E+02
5.854660000E-03 9.623000000E-01 0.000000000E+00 2.117629376E+02
5.867640000E-03 9.447000000E-01 0.000000000E+00 2.112944898E+02
5.870530000E-03 9.407000000E-01 0.000000000E+00 2.111904717E+02
5.873280000E-03 9.370000000E-01 0.000000000E+00 2.110915877E+02
5.876040000E-03 9.332000000E-01 0.000000000E+00 2.109924371E+02
5.890430000E-03 9.137000000E-01 0.000000000E+00 2.104769940E+02
5.897570000E-03 9.025000000E-01 0.000000000E+00 2.102221763E+02
5.904830000E-03 8.911000000E-01 0.000000000E+00 2.099637077E+02
5.912020000E-03 8.791000000E-01 0.000000000E+00 2.097083569E+02
5.919220000E-03 8.671000000E-01 0.000000000E+00 2.094532726E+02
5.924540000E-03 8.583000000E-01 0.000000000E+00 2.092651919E+02
5.932510000E-03 8.450000000E-01 0.000000000E+00 2.089840557E+02
5.940490000E-03 8.317000000E-01 0.000000000E+00 2.087033225E+02
5.945960000E-03 8.226000000E-01 0.000000000E+00 2.085113253E+02
5.954180000E-03 8.090000000E-01 0.000000000E+00 2.082234665E+02
5.958290000E-03 8.021000000E-01 0.000000000E+00 2.080798350E+02
5.962400000E-03 7.953000000E-01 0.000000000E+00 2.079364014E+02
5.969590000E-03 7.833000000E-01 0.000000000E+00 2.076859550E+02
5.973190000E-03 7.773000000E-01 0.000000000E+00 2.075607841E+02
5.974990000E-03 7.743000000E-01 0.000000000E+00 2.074982552E+02
5.978590000E-03 7.683000000E-01 0.000000000E+00 2.073733104E+02
5.988820000E-03 7.500000000E-01 0.000000000E+00 2.070190789E+02
5.989410000E-03 7.489000000E-01 0.000000000E+00 2.069986860E+02
5.991400000E-03 7.451000000E-01 0.000000000E+00 2.069299329E+02
6.005570000E-03 7.179000000E-01 0.000000000E+00 2.064416866E+02
6.007990000E-03 7.131000000E-01 0.000000000E+00 2.063585326E+02
6.012210000E-03 7.047000000E-01 0.000000000E+00 2.062136885E+02
6.024880000E-03 6.795000000E-01 0.000000000E+00 2.057800321E+02
6.029670000E-03 6.700000000E-01 0.000000000E+00 2.056165594E+02
6.038040000E-03 6.534000000E-01 0.000000000E+00 2.053315314E+02
6.044310000E-03 6.410000000E-01 0.000000000E+00 2.051185330E+02
6.053730000E-03 6.216000000E-01 0.000000000E+00 2.047993551E+02
6.058430000E-03 6.106000000E-01 0.000000000E+00 2.046404762E+02
6.063140000E-03 5.997000000E-01 0.000000000E+00 2.044815063E+02
6.070340000E-03 5.830000000E-01 0.000000000E+00 2.042389718E+02
6.077530000E-03 5.653000000E-01 0.000000000E+00 2.039973476E+02
6.092050000E-03 5.291000000E-01 0.000000000E+00 2.035111334E+02
6.103830000E-03 4.997000000E-01 0.000000000E+00 2.031183699E+02
6.108520000E-03 4.880000000E-01 0.000000000E+00 2.029624197E+02
6.113210000E-03 4.763000000E-01 0.000000000E+00 2.028067088E+02
6.118820000E-03 4.623000000E-01 0.000000000E+00 2.026207667E+02
6.127230000E-03 4.414000000E-01 0.000000000E+00 2.023426573E+02
6.137920000E-03 4.147000000E-01 0.000000000E+00 2.019902508E+02
6.144920000E-03 3.972000000E-01 0.000000000E+00 2.017601531E+02
6.153920000E-03 3.748000000E-01 0.000000000E+00 2.014650824E+02
6.165460000E-03 3.415000000E-01 0.000000000E+00 2.010879967E+02
6.174110000E-03 3.160000000E-01 0.000000000E+00 2.008062701E+02
6.180290000E-03 2.977000000E-01 0.000000000E+00 2.006054732E+02
6.207330000E-03 2.120000000E-01 0.000000000E+00 1.997316076E+02
6.212800000E-03 1.920000000E-01 0.000000000E+00 1.995557559E+02
6.229280000E-03 1.321000000E-01 0.000000000E+00 1.990278170E+02
6.254000000E-03 3.740000000E-02 0.000000000E+00 1.982411257E+02
6.292330000E-03 -1.303000000E-01 2.569330000E-05 1.970335313E+02
6.320670000E-03 -2.808000000E-01 2.618170000E-04 1.961500917E+02
6.347860000E-03 -4.536000000E-01 1.835180000E-03 1.953099155E+02
6.378460000E-03 -6.988000000E-01 1.200140000E-02 1.943729364E+02
6.396230000E-03 -8.764000000E-01 3.089670000E-02 1.938329297E+02
6.413250000E-03 -1.076700000E+00 6.928320000E-02 1.933185203E+02
6.437590000E-03 -1.415400000E+00 1.881280000E-01 1.925875988E+02
6.467460000E-03 -1.877500000E+00 5.042410000E-01 1.916981319E+02
6.485160000E-03 -2.129200000E+00 8.061050000E-01 1.911749286E+02
6.493760000E-03 -2.232100000E+00 9.834800000E-01 1.909217464E+02
6.506100000E-03 -2.347800000E+00 1.267270000E+00 1.905596287E+02
6.514010000E-03 -2.379800000E+00 1.464620000E+00 1.903282310E+02
6.530980000E-03 -2.428300000E+00 1.905000000E+00 1.898336850E+02
6.536030000E-03 -2.415100000E+00 2.035650000E+00 1.896870118E+02
6.551440000E-03 -2.321300000E+00 2.426990000E+00 1.892408387E+02
6.563460000E-03 -2.207500000E+00 2.703490000E+00 1.888942722E+02
6.627360000E-03 -1.222500000E+00 3.577510000E+00 1.870729823E+02
6.679670000E-03 -5.351000000E-01 3.720500000E+00 1.856079717E+02
6.742110000E-03 -7.300000000E-03 3.718970000E+00 1.838890199E+02
6.750460000E-03 4.480000000E-02 3.716020000E+00 1.836615579E+02
6.760210000E-03 1.055000000E-01 3.712580000E+00 1.833966696E+02
6.802330000E-03 3.580000000E-01 3.697590000E+00 1.822610782E+02
6.822440000E-03 4.570000000E-01 3.690190000E+00 1.817238407E+02
6.843420000E-03 5.604000000E-01 3.682470000E+00 1.811667266E+02
6.859160000E-03 6.301000000E-01 3.676520000E+00 1.807509957E+02
6.882760000E-03 7.296000000E-01 3.667520000E+00 1.801312264E+02
6.906370000E-03 8.220000000E-01 3.658310000E+00 1.795154329E+02
6.923370000E-03 8.831000000E-01 3.651530000E+00 1.790746414E+02
6.931870000E-03 9.136000000E-01 3.648140000E+00 1.788550564E+02
6.940370000E-03 9.442000000E-01 3.644750000E+00 1.786360093E+02
6.941890000E-03 9.496000000E-01 3.644150000E+00 1.785968951E+02
6.950440000E-03 9.803000000E-01 3.640740000E+00 1.783771963E+02
6.976070000E-03 1.072000000E+00 3.630500000E+00 1.777218405E+02
6.993150000E-03 1.125800000E+00 3.623400000E+00 1.772877745E+02
7.010240000E-03 1.178700000E+00 3.616250000E+00 1.768555713E+02
7.027330000E-03 1.231500000E+00 3.609110000E+00 1.764254703E+02
7.035340000E-03 1.256200000E+00 3.605770000E+00 1.762246032E+02
7.047350000E-03 1.290800000E+00 3.600610000E+00 1.759242836E+02
7.059360000E-03 1.324100000E+00 3.595390000E+00 1.756249858E+02
7.068970000E-03 1.350800000E+00 3.591220000E+00 1.753862302E+02
7.073780000E-03 1.364100000E+00 3.589130000E+00 1.752669718E+02
7.087130000E-03 1.400500000E+00 3.583300000E+00 1.749368221E+02
7.091400000E-03 1.411700000E+00 3.581400000E+00 1.748314860E+02
7.093540000E-03 1.417300000E+00 3.580450000E+00 1.747787423E+02
7.097810000E-03 1.428400000E+00 3.578550000E+00 1.746735965E+02
7.105280000E-03 1.447900000E+00 3.575220000E+00 1.744899568E+02
7.106220000E-03 1.450400000E+00 3.574810000E+00 1.744668755E+02
7.107850000E-03 1.454700000E+00 3.574080000E+00 1.744268661E+02
7.110310000E-03 1.461100000E+00 3.572990000E+00 1.743665185E+02
7.111530000E-03 1.464300000E+00 3.572440000E+00 1.743366055E+02
7.113830000E-03 1.470300000E+00 3.571420000E+00 1.742802400E+02
7.129850000E-03 1.512100000E+00 3.564300000E+00 1.738886512E+02
7.134120000E-03 1.523100000E+00 3.562390000E+00 1.737845733E+02
7.146930000E-03 1.555400000E+00 3.556620000E+00 1.734730856E+02
7.155480000E-03 1.576600000E+00 3.552750000E+00 1.732658047E+02
7.164020000E-03 1.597000000E+00 3.548820000E+00 1.730592600E+02
7.179690000E-03 1.634400000E+00 3.541600000E+00 1.726815503E+02
7.195350000E-03 1.670400000E+00 3.534290000E+00 1.723057252E+02
7.215280000E-03 1.715200000E+00 3.524920000E+00 1.718297835E+02
7.232370000E-03 1.752900000E+00 3.517150000E+00 1.714237518E+02
7.249450000E-03 1.789600000E+00 3.509650000E+00 1.710198705E+02
7.266540000E-03 1.825700000E+00 3.502070000E+00 1.706176530E+02
7.283630000E-03 1.861000000E+00 3.494390000E+00 1.702173230E+02
7.296070000E-03 1.886400000E+00 3.488760000E+00 1.699270977E+02
7.320860000E-03 1.935900000E+00 3.477400000E+00 1.693516882E+02
7.345460000E-03 1.983500000E+00 3.465960000E+00 1.687845281E+02
7.394270000E-03 2.075000000E+00 3.442840000E+00 1.676703718E+02
7.454120000E-03 2.181700000E+00 3.413740000E+00 1.663241268E+02
7.489610000E-03 2.242300000E+00 3.396060000E+00 1.655359892E+02
7.591400000E-03 2.405000000E+00 3.343720000E+00 1.633163843E+02
7.672930000E-03 2.520100000E+00 3.301760000E+00 1.615810388E+02
7.802380000E-03 2.698600000E+00 3.235540000E+00 1.589002330E+02
7.929630000E-03 2.852300000E+00 3.165900000E+00 1.563502963E+02
8.088360000E-03 3.026900000E+00 3.077490000E+00 1.532820003E+02
8.679040000E-03 3.537800000E+00 2.743160000E+00 1.428499004E+02
9.278840000E-03 3.885300000E+00 2.403080000E+00 1.336158399E+02
9.429830000E-03 3.954700000E+00 2.319150000E+00 1.314763893E+02
9.462310000E-03 3.968200000E+00 2.301310000E+00 1.310250880E+02
9.639570000E-03 4.038070000E+00 2.204660000E+00 1.286156955E+02
9.788660000E-03 4.091110000E+00 2.124540000E+00 1.266567641E+02
9.873740000E-03 4.118330000E+00 2.079490000E+00 1.255653886E+02
9.971260000E-03 4.147920000E+00 2.028270000E+00 1.243373455E+02
1.007030000E-02 4.174030000E+00 1.977370000E+00 1.231145050E+02
1.016380000E-02 4.197080000E+00 1.929640000E+00 1.219819359E+02
1.024020000E-02 4.213700000E+00 1.891840000E+00 1.210718541E+02
1.029750000E-02 4.226080000E+00 1.863540000E+00 1.203981549E+02
1.034040000E-02 4.235370000E+00 1.842310000E+00 1.198986500E+02
1.037270000E-02 4.242340000E+00 1.826400000E+00 1.195252924E+02
1.039680000E-02 4.247560000E+00 1.814460000E+00 1.192482302E+02
1.043310000E-02 4.254790000E+00 1.796830000E+00 1.188333285E+02
1.045120000E-02 4.257940000E+00 1.788220000E+00 1.186275260E+02
1.046020000E-02 4.259440000E+00 1.783940000E+00 1.185254584E+02
1.046930000E-02 4.260950000E+00 1.779660000E+00 1.184224351E+02
1.048220000E-02 4.263090000E+00 1.773580000E+00 1.182766976E+02
1.049510000E-02 4.265230000E+00 1.767490000E+00 1.181313184E+02
1.052080000E-02 4.269500000E+00 1.755320000E+00 1.178427496E+02
1.054660000E-02 4.273780000E+00 1.743150000E+00 1.175544725E+02
1.057240000E-02 4.278060000E+00 1.730990000E+00 1.172676024E+02
1.059820000E-02 4.282340000E+00 1.718820000E+00 1.169821290E+02
1.061100000E-02 4.284470000E+00 1.712730000E+00 1.168410140E+02
1.062390000E-02 4.286610000E+00 1.706650000E+00 1.166991406E+02
1.063680000E-02 4.288620000E+00 1.700660000E+00 1.165576113E+02
1.064970000E-02 4.290630000E+00 1.694660000E+00 1.164164249E+02
1.066260000E-02 4.292640000E+00 1.688660000E+00 1.162755801E+02
1.067550000E-02 4.294650000E+00 1.682660000E+00 1.161350756E+02
1.068830000E-02 4.296670000E+00 1.676660000E+00 1.159959956E+02
1.069480000E-02 4.297670000E+00 1.673660000E+00 1.159254965E+02
1.069800000E-02 4.298170000E+00 1.672160000E+00 1.158908207E+02
1.070450000E-02 4.299010000E+00 1.669250000E+00 1.158204493E+02
1.072070000E-02 4.301060000E+00 1.661940000E+00 1.156454336E+02
1.072220000E-02 4.301260000E+00 1.661220000E+00 1.156292552E+02
1.072280000E-02 4.301340000E+00 1.660950000E+00 1.156227851E+02
1.072540000E-02 4.301660000E+00 1.659780000E+00 1.155947564E+02
1.072700000E-02 4.301860000E+00 1.659080000E+00 1.155775147E+02
1.072780000E-02 4.301960000E+00 1.658710000E+00 1.155688958E+02
1.075280000E-02 4.305120000E+00 1.647450000E+00 1.153002009E+02
1.075920000E-02 4.305940000E+00 1.644550000E+00 1.152316157E+02
1.077850000E-02 4.308390000E+00 1.635830000E+00 1.150252818E+02
1.079140000E-02 4.310020000E+00 1.630020000E+00 1.148877810E+02
1.080430000E-02 4.311650000E+00 1.624210000E+00 1.147506086E+02
1.081720000E-02 4.313280000E+00 1.618400000E+00 1.146137633E+02
1.083010000E-02 4.314910000E+00 1.612580000E+00 1.144772440E+02
1.084300000E-02 4.316540000E+00 1.606770000E+00 1.143410495E+02
1.085580000E-02 4.318170000E+00 1.600960000E+00 1.142062308E+02
1.088160000E-02 4.321440000E+00 1.589340000E+00 1.139354507E+02
1.090740000E-02 4.324530000E+00 1.577840000E+00 1.136659516E+02
1.093320000E-02 4.327000000E+00 1.566740000E+00 1.133977244E+02
1.098470000E-02 4.331950000E+00 1.544550000E+00 1.128660774E+02
1.099560000E-02 4.333000000E+00 1.539840000E+00 1.127541926E+02
1.101680000E-02 4.335040000E+00 1.530710000E+00 1.125372159E+02
1.105650000E-02 4.338850000E+00 1.513600000E+00 1.121331344E+02
1.109130000E-02 4.341910000E+00 1.498820000E+00 1.117813061E+02
1.115210000E-02 4.346490000E+00 1.473440000E+00 1.111718869E+02
1.124340000E-02 4.353260000E+00 1.435420000E+00 1.102691357E+02
1.133800000E-02 4.358630000E+00 1.397220000E+00 1.093490916E+02
1.142180000E-02 4.362980000E+00 1.363810000E+00 1.085468140E+02
1.152990000E-02 4.367140000E+00 1.321670000E+00 1.075291199E+02
1.164500000E-02 4.370120000E+00 1.278020000E+00 1.064662945E+02
1.181240000E-02 4.372560000E+00 1.217420000E+00 1.049575023E+02
1.190000000E-02 4.373510000E+00 1.186050000E+00 1.041848739E+02
1.203910000E-02 4.372460000E+00 1.138340000E+00 1.029811199E+02
1.209970000E-02 4.371740000E+00 1.117900000E+00 1.024653504E+02
1.227100000E-02 4.368080000E+00 1.062140000E+00 1.010349605E+02
1.238080000E-02 4.364600000E+00 1.028240000E+00 1.001389248E+02
1.281020000E-02 4.345600000E+00 9.030720000E-01 9.678225164E+01
1.311530000E-02 4.326790000E+00 8.230000000E-01 9.453081515E+01
1.396190000E-02 4.257030000E+00 6.353770000E-01 8.879880246E+01
1.478850000E-02 4.174280000E+00 4.949440000E-01 8.383541265E+01
1.561870000E-02 4.087860000E+00 3.912530000E-01 7.937920570E+01
1.640390000E-02 4.006850000E+00 3.199480000E-01 7.557958778E+01
1.728090000E-02 3.921400000E+00 2.640420000E-01 7.174394852E+01
1.808600000E-02 3.849500000E+00 2.287580000E-01 6.855025987E+01
1.909010000E-02 3.769500000E+00 2.015230000E-01 6.494465718E+01
2.028750000E-02 3.687200000E+00 1.862500000E-01 6.111152187E+01
2.170000000E-02 3.606500000E+00 1.843820000E-01 5.713364055E+01
2.350000000E-02 3.525500000E+00 1.972280000E-01 5.275744681E+01
2.675200000E-02 3.411100000E+00 2.407060000E-01 4.634419856E+01
3.350000000E-02 3.279000000E+00 3.446130000E-01 3.700895522E+01
4.027170000E-02 3.186400000E+00 4.268580000E-01 3.078588686E+01
4.677350000E-02 3.096000000E+00 4.780590000E-01 2.650646199E+01
5.625000000E-02 2.919400000E+00 5.113650000E-01 2.204088889E+01
6.751720000E-02 2.556100000E+00 5.104060000E-01 1.836272831E+01
7.717910000E-02 2.052600000E+00 4.960010000E-01 1.606393441E+01
8.389770000E-02 1.549900000E+00 4.815750000E-01 1.477752072E+01
8.879570000E-02 1.062100000E+00 4.704030000E-01 1.396238782E+01
9.217560000E-02 6.371000000E-01 4.625810000E-01 1.345041421E+01
9.267750000E-02 5.636000000E-01 4.613830000E-01 1.337757277E+01
9.504690000E-02 1.923000000E-01 4.557020000E-01 1.304408666E+01
9.558900000E-02 8.770000000E-02 4.544030000E-01 1.297011162E+01
9.935390000E-02 -7.121000000E-01 4.454260000E-01 1.247862439E+01
1.004460000E-01 -1.019600000E+00 4.428340000E-01 1.234295044E+01
1.017020000E-01 -1.406500000E+00 4.398930000E-01 1.219051739E+01
1.029200000E-01 -1.886800000E+00 4.370350000E-01 1.204624951E+01
1.032340000E-01 -2.014600000E+00 4.363040000E-01 1.200960924E+01
1.038750000E-01 -2.289800000E+00 4.348150000E-01 1.193549940E+01
1.041200000E-01 -2.410400000E+00 4.342530000E-01 1.190741452E+01
1.044530000E-01 -2.587200000E+00 4.335370000E-01 1.186945325E+01
1.046620000E-01 -2.709700000E+00 4.331790000E-01 1.184575108E+01
1.049780000E-01 -2.909500000E+00 4.330710000E-01 1.181009354E+01
1.052820000E-01 -3.122500000E+00 4.343760000E-01 1.177599210E+01
1.061490000E-01 -3.893000000E+00 4.797220000E-01 1.167980857E+01
1.076710000E-01 -5.884400000E+00 1.502250000E+00 1.151470684E+01
1.090150000E-01 -6.650400000E+00 3.858170000E+00 1.137274687E+01
1.103950000E-01 -6.059500000E+00 5.762980000E+00 1.123058110E+01
1.118000000E-01 -5.221200000E+00 7.008740000E+00 1.108944544E+01
1.135750000E-01 -4.090300000E+00 8.033440000E+00 1.091613471E+01
1.152250000E-01 -3.109100000E+00 8.565760000E+00 1.075981775E+01
1.168750000E-01 -2.290700000E+00 8.841280000E+00 1.060791444E+01
1.185000000E-01 -1.652600000E+00 8.993340000E+00 1.046244726E+01
1.209390000E-01 -9.224000000E-01 9.141810000E+00 1.025144908E+01
1.216190000E-01 -7.434000000E-01 9.183050000E+00 1.019413085E+01
1.237050000E-01 -2.494000000E-01 9.309250000E+00 1.002223031E+01
1.244520000E-01 -8.330000000E-02 9.354220000E+00 9.962073731E+00
1.268290000E-01 3.795000000E-01 9.476120000E+00 9.775366833E+00
1.291200000E-01 8.016000000E-01 9.590750000E+00 9.601920694E+00
1.333520000E-01 1.501300000E+00 9.792590000E+00 9.297198392E+00
1.356750000E-01 1.849900000E+00 9.872770000E+00 9.138013636E+00
1.386560000E-01 2.276200000E+00 9.968440000E+00 8.941553196E+00
1.399730000E-01 2.444200000E+00 9.998270000E+00 8.857422503E+00
1.408980000E-01 2.559500000E+00 1.001920000E+01 8.799273233E+00
1.417330000E-01 2.661400000E+00 1.003820000E+01 8.747433555E+00
1.433010000E-01 2.844700000E+00 1.007370000E+01 8.651719109E+00
1.437140000E-01 2.890400000E+00 1.008310000E+01 8.626856117E+00
1.441540000E-01 2.938200000E+00 1.009250000E+01 8.600524439E+00
1.453910000E-01 3.063400000E+00 1.011560000E+01 8.527350386E+00
1.457880000E-01 3.100900000E+00 1.012310000E+01 8.504129284E+00
1.462580000E-01 3.142100000E+00 1.013190000E+01 8.476801269E+00
1.472060000E-01 3.213000000E+00 1.014270000E+01 8.422211051E+00
1.474540000E-01 3.227900000E+00 1.014510000E+01 8.408045899E+00
1.477320000E-01 3.242500000E+00 1.014810000E+01 8.392223757E+00
1.481150000E-01 3.257600000E+00 1.015350000E+01 8.370522904E+00
1.485200000E-01 3.266100000E+00 1.016210000E+01 8.347697280E+00
1.493610000E-01 3.253300000E+00 1.020290000E+01 8.300694291E+00
1.500500000E-01 3.219300000E+00 1.028570000E+01 8.262579140E+00
1.506030000E-01 3.198200000E+00 1.039840000E+01 8.232239730E+00
1.515530000E-01 3.258900000E+00 1.067990000E+01 8.180636477E+00
1.531450000E-01 3.675700000E+00 1.108580000E+01 8.095595677E+00
1.557410000E-01 4.418160000E+00 1.117310000E+01 7.960652622E+00
1.716680000E-01 6.797400000E+00 1.072810000E+01 7.222079829E+00
1.877330000E-01 8.340090000E+00 1.011320000E+01 6.604060021E+00
2.067640000E-01 9.649050000E+00 9.348680000E+00 5.996208237E+00
2.230910000E-01 1.049045000E+01 8.689730000E+00 5.557373449E+00
2.397110000E-01 1.113622000E+01 8.046310000E+00 5.172061357E+00
2.566700000E-01 1.162884000E+01 7.441530000E+00 4.830326879E+00
2.772870000E-01 1.206623000E+01 6.788510000E+00 4.471179680E+00
3.027620000E-01 1.245865000E+01 6.097030000E+00 4.094965683E+00
3.283690000E-01 1.273517000E+01 5.495870000E+00 3.775630465E+00
3.672820000E-01 1.299889000E+01 4.736130000E+00 3.375607844E+00
4.032970000E-01 1.313703200E+01 4.168980000E+00 3.074161226E+00
4.420870000E-01 1.322636900E+01 3.665340000E+00 2.804425373E+00
4.883890000E-01 1.327487700E+01 3.175440000E+00 2.538550213E+00
5.396220000E-01 1.328409900E+01 2.741760000E+00 2.297534200E+00
6.262080000E-01 1.324297500E+01 2.191240000E+00 1.979853339E+00
7.223540000E-01 1.315769300E+01 1.756960000E+00 1.716332989E+00
8.246130000E-01 1.305302600E+01 1.426150000E+00 1.503493154E+00
9.452760000E-01 1.291673000E+01 1.145580000E+00 1.311574609E+00
1.082120000E+00 1.275121000E+01 9.192910000E-01 1.145713969E+00
1.226970000E+00 1.255340000E+01 7.471470000E-01 1.010456653E+00
1.401720000E+00 1.224753000E+01 5.980400000E-01 8.844847758E-01
1.533840000E+00 1.191676000E+01 5.138340000E-01 8.082981276E-01
1.636840000E+00 1.151052000E+01 4.597650000E-01 7.574350578E-01
1.694050000E+00 1.116453000E+01 4.335290000E-01 7.318556123E-01
1.739980000E+00 1.073066000E+01 4.142670000E-01 7.125369257E-01
1.772270000E+00 1.022250000E+01 4.017580000E-01 6.995548082E-01
1.779460000E+00 1.005593000E+01 4.007200000E-01 6.967282209E-01
1.782440000E+00 9.976500000E+00 4.016520000E-01 6.955633850E-01
1.788340000E+00 9.794870000E+00 4.098140000E-01 6.932686178E-01
1.791860000E+00 9.667480000E+00 4.225580000E-01 6.919067338E-01
1.795610000E+00 9.513880000E+00 4.479440000E-01 6.904617372E-01
1.799490000E+00 9.334120000E+00 4.943180000E-01 6.889729868E-01
1.803890000E+00 9.106690000E+00 5.837430000E-01 6.872924624E-01
1.808600000E+00 8.845820000E+00 7.390110000E-01 6.855025987E-01
1.814670000E+00 8.518390000E+00 1.052270000E+00 6.832096194E-01
1.824600000E+00 8.167090000E+00 1.833470000E+00 6.794913954E-01
1.830910000E+00 8.172930000E+00 2.417440000E+00 6.771496141E-01
1.837570000E+00 8.346410000E+00 2.994000000E+00 6.746953858E-01
1.846880000E+00 8.831310000E+00 3.577580000E+00 6.712942909E-01
1.865790000E+00 9.834920000E+00 3.973430000E+00 6.644906447E-01
1.875640000E+00 1.020225000E+01 3.992760000E+00 6.610010450E-01
1.900000000E+00 1.081154000E+01 3.957920000E+00 6.525263158E-01
1.934290000E+00 1.137055000E+01 3.885470000E+00 6.409586980E-01
1.972420000E+00 1.181925000E+01 3.781030000E+00 6.285679521E-01
2.022000000E+00 1.223683000E+01 3.639230000E+00 6.131552918E-01
2.076410000E+00 1.257582000E+01 3.489670000E+00 5.970882437E-01
2.141710000E+00 1.287786000E+01 3.324880000E+00 5.788832288E-01
2.199290000E+00 1.308749400E+01 3.190100000E+00 5.637273847E-01
2.265660000E+00 1.328513300E+01 3.045070000E+00 5.472136155E-01
2.312530000E+00 1.340350400E+01 2.948250000E+00 5.361227746E-01
2.380560000E+00 1.354347200E+01 2.818160000E+00 5.208018281E-01
2.443120000E+00 1.365554900E+01 2.705260000E+00 5.074658633E-01
2.494210000E+00 1.373062600E+01 2.619540000E+00 4.970712169E-01
2.557710000E+00 1.381620200E+01 2.518380000E+00 4.847304816E-01
2.631580000E+00 1.390102090E+01 2.408150000E+00 4.711238116E-01
2.685300000E+00 1.395315440E+01 2.332950000E+00 4.616988791E-01
2.752100000E+00 1.401163110E+01 2.244760000E+00 4.504923513E-01
2.818380000E+00 1.406232750E+01 2.161550000E+00 4.398980975E-01
2.900680000E+00 1.411709700E+01 2.063820000E+00 4.274170195E-01
2.996950000E+00 1.416951700E+01 1.958300000E+00 4.136872487E-01
3.106910000E+00 1.421979700E+01 1.845910000E+00 3.990459975E-01
3.245240000E+00 1.426741100E+01 1.716600000E+00 3.820364596E-01
3.445890000E+00 1.431639900E+01 1.552110000E+00 3.597909394E-01
3.770840000E+00 1.436338300E+01 1.334520000E+00 3.287861591E-01
4.139230000E+00 1.438615900E+01 1.134910000E+00 2.995243077E-01
4.710560000E+00 1.438742600E+01 9.046140000E-01 2.631958833E-01
5.368210000E+00 1.436768700E+01 7.150390000E-01 2.309522168E-01
6.061470000E+00 1.433839500E+01 5.731090000E-01 2.045378431E-01
6.839120000E+00 1.430424300E+01 4.577110000E-01 1.812806326E-01
7.733240000E+00 1.426836600E+01 3.630440000E-01 1.603209004E-01
8.709640000E+00 1.423364300E+01 2.892800000E-01 1.423480190E-01
9.772370000E+00 1.420214700E+01 2.313320000E-01 1.268678939E-01
1.102170000E+01 1.417180600E+01 1.827030000E-01 1.124871844E-01
1.228940000E+01 1.414681100E+01 1.471680000E-01 1.008836884E-01
1.382170000E+01 1.412277800E+01 1.163030000E-01 8.969953045E-02
1.547120000E+01 1.410231600E+01 9.254930000E-02 8.013599462E-02
1.728150000E+01 1.408479610E+01 7.377400000E-02 7.174145763E-02
1.923010000E+01 1.406994790E+01 5.919680000E-02 6.447184362E-02
2.147870000E+01 1.405667850E+01 4.701160000E-02 5.772230163E-02
2.389980000E+01 1.404557300E+01 3.759210000E-02 5.187491109E-02
2.671960000E+01 1.403567160E+01 2.969890000E-02 4.640039522E-02
2.977130000E+01 1.402744580E+01 2.359710000E-02 4.164413378E-02
3.297190000E+01 1.402084450E+01 1.897770000E-02 3.760171540E-02
3.624090000E+01 1.401555050E+01 1.547600000E-02 3.420996719E-02
3.953440000E+01 1.401129620E+01 1.282990000E-02 3.136003076E-02
4.283900000E+01 1.400785632E+01 1.078240000E-02 2.894091832E-02
4.608320000E+01 1.400508025E+01 9.192200000E-03 2.690351364E-02
4.897790000E+01 1.400300359E+01 8.046670000E-03 2.531345770E-02
5.131480000E+01 1.400155472E+01 7.269450000E-03 2.416067100E-02
5.262030000E+01 1.400082033E+01 6.882680000E-03 2.356124918E-02
5.348160000E+01 1.400035874E+01 6.641150000E-03 2.318180458E-02
5.445620000E+01 1.399986046E+01 6.383090000E-03 2.276692094E-02
5.578980000E+01 1.399922174E+01 6.055010000E-03 2.222270021E-02
5.788230000E+01 1.399829348E+01 5.581500000E-03 2.141932853E-02
6.065900000E+01 1.399719097E+01 5.032860000E-03 2.043884667E-02
6.513220000E+01 1.399567093E+01 4.300600000E-03 1.903513162E-02
7.129100000E+01 1.399399209E+01 3.521180000E-03 1.739069448E-02
7.907740000E+01 1.399235930E+01 2.800090000E-03 1.567831011E-02
8.779640000E+01 1.399098543E+01 2.221510000E-03 1.412130794E-02
9.735520000E+01 1.398985410E+01 1.767810000E-03 1.273481026E-02
1.080810000E+02 1.398890200E+01 1.403060000E-03 1.147102636E-02
1.193500000E+02 1.398814790E+01 1.126450000E-03 1.038793465E-02
1.322630000E+02 1.398749610E+01 8.979250000E-04 9.373747760E-03
1.467310000E+02 1.398694770E+01 7.147820000E-04 8.449475571E-03
1.632210000E+02 1.398648290E+01 5.666280000E-04 7.595836320E-03
1.806610000E+02 1.398609610E+01 4.548930000E-04 6.862576870E-03
2.010670000E+02 1.398576540E+01 3.616970000E-04 6.166103836E-03
2.220520000E+02 1.398551540E+01 2.929150000E-04 5.583376867E-03
2.477780000E+02 1.398529170E+01 2.328430000E-04 5.003672642E-03
2.763890000E+02 1.398511240E+01 1.861290000E-04 4.485706739E-03
3.090300000E+02 1.398496580E+01 1.489410000E-04 4.011908229E-03
3.450610000E+02 1.398484960E+01 1.201600000E-04 3.592987906E-03
3.860950000E+02 1.398475490E+01 9.725760000E-05 3.211126795E-03
4.324560000E+02 1.398467850E+01 7.920070000E-05 2.866881255E-03
4.869680000E+02 1.398461520E+01 6.455630000E-05 2.545957845E-03
5.497740000E+02 1.398456430E+01 5.300730000E-05 2.255108463E-03
6.237350000E+02 1.398452300E+01 4.375290000E-05 1.987703111E-03
7.140850000E+02 1.398448870E+01 3.618360000E-05 1.736207874E-03
8.264120000E+02 1.398446090E+01 3.010770000E-05 1.500220229E-03
9.716280000E+02 1.398443820E+01 2.506400000E-05 1.276002750E-03
1.120600000E+03 1.398442350E+01 2.169030000E-05 1.106371587E-03
1.347260000E+03 1.398440970E+01 1.804640000E-05 9.202381129E-04
1.619760000E+03 1.398440020E+01 1.501460000E-05 7.654220378E-04
1.947380000E+03 1.398439360E+01 1.249220000E-05 6.366502686E-04
2.341270000E+03 1.398438910E+01 1.039360000E-05 5.295416590E-04
2.814820000E+03 1.398438590E+01 8.647470000E-06 4.404544518E-04
3.384160000E+03 1.398438370E+01 7.194730000E-06 3.663538367E-04
4.068660000E+03 1.398438220E+01 5.986030000E-06 3.047194900E-04
4.891600000E+03 1.398438120E+01 4.980400000E-06 2.534549023E-04
5.881000000E+03 1.398438050E+01 4.143710000E-06 2.108144873E-04
7.070510000E+03 1.398438000E+01 3.447580000E-06 1.753480301E-04
8.500630000E+03 1.398437960E+01 2.868390000E-06 1.458480136E-04
1.000000000E+04 1.398437940E+01 2.442810000E-06 1.239800000E-04
