# Data retrieved from https://www-nds.iaea.org/epdl97/za1to100.htm 03/01/2021
# Element, Sm  (Z = 62) 
# Atomic weight, g mol-1 = 150.35 
# Nominal density, g cm-3 =  7.46000E+0 
# Relativistic correction estimate f_rel(5CL)*,  e atom-1 =  0 
# Nuclear Thomson correction f_NT*, e atom-1 =  0 
#    E [keV]      f1 [e atom-1]      f2 [e atom-1]    Wavelength [nm] 
1.000000000E-03 1.492390000E+01 0.000000000E+00 1.239800000E+03
1.082730000E-03 1.492270000E+01 0.000000000E+00 1.145068484E+03
1.085390000E-03 1.492270000E+01 0.000000000E+00 1.142262228E+03
1.088060000E-03 1.492260000E+01 0.000000000E+00 1.139459221E+03
1.090720000E-03 1.492260000E+01 0.000000000E+00 1.136680358E+03
1.093390000E-03 1.492250000E+01 0.000000000E+00 1.133904645E+03
1.096050000E-03 1.492250000E+01 0.000000000E+00 1.131152776E+03
1.098720000E-03 1.492250000E+01 0.000000000E+00 1.128403961E+03
1.101380000E-03 1.492240000E+01 0.000000000E+00 1.125678694E+03
1.104050000E-03 1.492240000E+01 0.000000000E+00 1.122956388E+03
1.106710000E-03 1.492240000E+01 0.000000000E+00 1.120257339E+03
1.109380000E-03 1.492230000E+01 0.000000000E+00 1.117561160E+03
1.112050000E-03 1.492230000E+01 0.000000000E+00 1.114877928E+03
1.114710000E-03 1.492220000E+01 0.000000000E+00 1.112217527E+03
1.117380000E-03 1.492220000E+01 0.000000000E+00 1.109559863E+03
1.122710000E-03 1.492210000E+01 0.000000000E+00 1.104292293E+03
1.125370000E-03 1.492210000E+01 0.000000000E+00 1.101682113E+03
1.128040000E-03 1.492200000E+01 0.000000000E+00 1.099074501E+03
1.130700000E-03 1.492200000E+01 0.000000000E+00 1.096488901E+03
1.133370000E-03 1.492200000E+01 0.000000000E+00 1.093905785E+03
1.136030000E-03 1.492190000E+01 0.000000000E+00 1.091344419E+03
1.229770000E-03 1.492060000E+01 0.000000000E+00 1.008155997E+03
1.323500000E-03 1.491930000E+01 0.000000000E+00 9.367585946E+02
1.326760000E-03 1.491920000E+01 0.000000000E+00 9.344568724E+02
1.330020000E-03 1.491920000E+01 0.000000000E+00 9.321664336E+02
1.333280000E-03 1.491920000E+01 0.000000000E+00 9.298871955E+02
1.336530000E-03 1.491910000E+01 0.000000000E+00 9.276260166E+02
1.339790000E-03 1.491910000E+01 0.000000000E+00 9.253689011E+02
1.343050000E-03 1.491900000E+01 0.000000000E+00 9.231227430E+02
1.346310000E-03 1.491900000E+01 0.000000000E+00 9.208874628E+02
1.349560000E-03 1.491890000E+01 0.000000000E+00 9.186697887E+02
1.352820000E-03 1.491890000E+01 0.000000000E+00 9.164559956E+02
1.356080000E-03 1.491880000E+01 0.000000000E+00 9.142528464E+02
1.359340000E-03 1.491880000E+01 0.000000000E+00 9.120602645E+02
1.362600000E-03 1.491870000E+01 0.000000000E+00 9.098781741E+02
1.365850000E-03 1.491870000E+01 0.000000000E+00 9.077131457E+02
1.372370000E-03 1.491860000E+01 0.000000000E+00 9.034006864E+02
1.375630000E-03 1.491860000E+01 0.000000000E+00 9.012597864E+02
1.378880000E-03 1.491850000E+01 0.000000000E+00 8.991355303E+02
1.382140000E-03 1.491850000E+01 0.000000000E+00 8.970147742E+02
1.385400000E-03 1.491840000E+01 0.000000000E+00 8.949039988E+02
1.388660000E-03 1.491840000E+01 0.000000000E+00 8.928031340E+02
1.482040000E-03 1.491710000E+01 0.000000000E+00 8.365496208E+02
1.563750000E-03 1.491590000E+01 0.000000000E+00 7.928377298E+02
1.635240000E-03 1.491490000E+01 0.000000000E+00 7.581761699E+02
1.697800000E-03 1.491400000E+01 0.000000000E+00 7.302391330E+02
1.807270000E-03 1.491250000E+01 0.000000000E+00 6.860070714E+02
1.889380000E-03 1.491130000E+01 0.000000000E+00 6.561940954E+02
1.950960000E-03 1.491040000E+01 0.000000000E+00 6.354820191E+02
2.000000000E-03 1.490970000E+01 0.000000000E+00 6.199000000E+02
2.031790000E-03 1.490860000E+01 0.000000000E+00 6.102008574E+02
2.083740000E-03 1.490680000E+01 0.000000000E+00 5.949878584E+02
2.109720000E-03 1.490590000E+01 0.000000000E+00 5.876609218E+02
2.135700000E-03 1.490500000E+01 0.000000000E+00 5.805122442E+02
2.140960000E-03 1.490480000E+01 0.000000000E+00 5.790860175E+02
2.146220000E-03 1.490460000E+01 0.000000000E+00 5.776667816E+02
2.151470000E-03 1.490440000E+01 0.000000000E+00 5.762571637E+02
2.156730000E-03 1.490420000E+01 0.000000000E+00 5.748517431E+02
2.161990000E-03 1.490400000E+01 0.000000000E+00 5.734531612E+02
2.167240000E-03 1.490380000E+01 0.000000000E+00 5.720640077E+02
2.172500000E-03 1.490370000E+01 0.000000000E+00 5.706789413E+02
2.177760000E-03 1.490350000E+01 0.000000000E+00 5.693005657E+02
2.183010000E-03 1.490330000E+01 0.000000000E+00 5.679314341E+02
2.188270000E-03 1.490310000E+01 0.000000000E+00 5.665662830E+02
2.193530000E-03 1.490290000E+01 0.000000000E+00 5.652076789E+02
2.198780000E-03 1.490270000E+01 0.000000000E+00 5.638581395E+02
2.204040000E-03 1.490250000E+01 0.000000000E+00 5.625124771E+02
2.214550000E-03 1.490220000E+01 0.000000000E+00 5.598428575E+02
2.219810000E-03 1.490200000E+01 0.000000000E+00 5.585162694E+02
2.225070000E-03 1.490180000E+01 0.000000000E+00 5.571959534E+02
2.230320000E-03 1.490160000E+01 0.000000000E+00 5.558843574E+02
2.235580000E-03 1.490140000E+01 0.000000000E+00 5.545764410E+02
2.240840000E-03 1.490120000E+01 0.000000000E+00 5.532746649E+02
2.251170000E-03 1.490090000E+01 0.000000000E+00 5.507358396E+02
2.258920000E-03 1.490060000E+01 0.000000000E+00 5.488463514E+02
2.270540000E-03 1.490020000E+01 0.000000000E+00 5.460375065E+02
2.276360000E-03 1.490000000E+01 0.000000000E+00 5.446414451E+02
2.279260000E-03 1.489990000E+01 0.000000000E+00 5.439484745E+02
2.282170000E-03 1.489980000E+01 0.000000000E+00 5.432548846E+02
2.287780000E-03 1.489960000E+01 0.000000000E+00 5.419227373E+02
2.293400000E-03 1.489940000E+01 0.000000000E+00 5.405947502E+02
2.299020000E-03 1.489920000E+01 0.000000000E+00 5.392732556E+02
2.304640000E-03 1.489900000E+01 0.000000000E+00 5.379582061E+02
2.310250000E-03 1.489880000E+01 0.000000000E+00 5.366518775E+02
2.313060000E-03 1.489870000E+01 0.000000000E+00 5.359999308E+02
2.315870000E-03 1.489860000E+01 0.000000000E+00 5.353495663E+02
2.318680000E-03 1.489850000E+01 0.000000000E+00 5.347007780E+02
2.321490000E-03 1.489840000E+01 0.000000000E+00 5.340535604E+02
2.324300000E-03 1.489830000E+01 0.000000000E+00 5.334079078E+02
2.327110000E-03 1.489820000E+01 0.000000000E+00 5.327638143E+02
2.331320000E-03 1.489800000E+01 0.000000000E+00 5.318017261E+02
2.334130000E-03 1.489800000E+01 0.000000000E+00 5.311615034E+02
2.336230000E-03 1.489790000E+01 0.000000000E+00 5.306840508E+02
2.337290000E-03 1.489780000E+01 0.000000000E+00 5.304433767E+02
2.337810000E-03 1.489780000E+01 0.000000000E+00 5.303253900E+02
2.338210000E-03 1.489780000E+01 0.000000000E+00 5.302346667E+02
2.338430000E-03 1.489780000E+01 0.000000000E+00 5.301847821E+02
2.338600000E-03 1.489780000E+01 0.000000000E+00 5.301462413E+02
2.343960000E-03 1.489760000E+01 0.000000000E+00 5.289339409E+02
2.345360000E-03 1.489760000E+01 0.000000000E+00 5.286182079E+02
2.349570000E-03 1.489740000E+01 0.000000000E+00 5.276710207E+02
2.352380000E-03 1.489730000E+01 0.000000000E+00 5.270406992E+02
2.355190000E-03 1.489720000E+01 0.000000000E+00 5.264118818E+02
2.358000000E-03 1.489710000E+01 0.000000000E+00 5.257845632E+02
2.360810000E-03 1.489700000E+01 0.000000000E+00 5.251587379E+02
2.363620000E-03 1.489690000E+01 0.000000000E+00 5.245344006E+02
2.366430000E-03 1.489680000E+01 0.000000000E+00 5.239115461E+02
2.372040000E-03 1.489660000E+01 0.000000000E+00 5.226724676E+02
2.377660000E-03 1.489640000E+01 0.000000000E+00 5.214370431E+02
2.383280000E-03 1.489620000E+01 0.000000000E+00 5.202074452E+02
2.391700000E-03 1.489590000E+01 0.000000000E+00 5.183760505E+02
2.394510000E-03 1.489580000E+01 0.000000000E+00 5.177677270E+02
2.397450000E-03 1.489570000E+01 0.000000000E+00 5.171327869E+02
2.403300000E-03 1.489550000E+01 0.000000000E+00 5.158740066E+02
2.409110000E-03 1.489530000E+01 0.000000000E+00 5.146298841E+02
2.414870000E-03 1.489510000E+01 0.000000000E+00 5.134023778E+02
2.426300000E-03 1.489470000E+01 0.000000000E+00 5.109838025E+02
2.437550000E-03 1.489430000E+01 0.000000000E+00 5.086254641E+02
2.448620000E-03 1.489390000E+01 0.000000000E+00 5.063260122E+02
2.459520000E-03 1.489350000E+01 0.000000000E+00 5.040820973E+02
2.470260000E-03 1.489310000E+01 0.000000000E+00 5.018904893E+02
2.491390000E-03 1.489240000E+01 0.000000000E+00 4.976338510E+02
2.511850000E-03 1.489170000E+01 0.000000000E+00 4.935804288E+02
2.531680000E-03 1.489100000E+01 0.000000000E+00 4.897143399E+02
2.550890000E-03 1.489030000E+01 0.000000000E+00 4.860264457E+02
2.569500000E-03 1.488960000E+01 0.000000000E+00 4.825063242E+02
2.587530000E-03 1.488900000E+01 0.000000000E+00 4.791442032E+02
2.604990000E-03 1.488840000E+01 0.000000000E+00 4.759327291E+02
2.621910000E-03 1.488780000E+01 0.000000000E+00 4.728613873E+02
2.638300000E-03 1.488720000E+01 0.000000000E+00 4.699238146E+02
2.765320000E-03 1.488270000E+01 0.000000000E+00 4.483387094E+02
2.812950000E-03 1.488110000E+01 0.000000000E+00 4.407472582E+02
2.854630000E-03 1.487960000E+01 0.000000000E+00 4.343119774E+02
2.891100000E-03 1.487830000E+01 0.000000000E+00 4.288333160E+02
2.923010000E-03 1.487720000E+01 0.000000000E+00 4.241518161E+02
2.950930000E-03 1.487620000E+01 0.000000000E+00 4.201387359E+02
2.975360000E-03 1.487530000E+01 0.000000000E+00 4.166890729E+02
2.996740000E-03 1.487460000E+01 0.000000000E+00 4.137162383E+02
3.015440000E-03 1.487390000E+01 0.000000000E+00 4.111506115E+02
3.031810000E-03 1.487330000E+01 0.000000000E+00 4.089306388E+02
3.060450000E-03 1.487230000E+01 0.000000000E+00 4.051038246E+02
3.081930000E-03 1.487160000E+01 0.000000000E+00 4.022803892E+02
3.098040000E-03 1.487100000E+01 0.000000000E+00 4.001885063E+02
3.110130000E-03 1.487060000E+01 0.000000000E+00 3.986328546E+02
3.119190000E-03 1.487020000E+01 0.000000000E+00 3.974749855E+02
3.132780000E-03 1.486980000E+01 0.000000000E+00 3.957507390E+02
3.139580000E-03 1.486950000E+01 0.000000000E+00 3.948935845E+02
3.142980000E-03 1.486940000E+01 0.000000000E+00 3.944663981E+02
3.146380000E-03 1.486930000E+01 0.000000000E+00 3.940401350E+02
3.154120000E-03 1.486900000E+01 0.000000000E+00 3.930731868E+02
3.161860000E-03 1.486870000E+01 0.000000000E+00 3.921109727E+02
3.169610000E-03 1.486850000E+01 0.000000000E+00 3.911522238E+02
3.177350000E-03 1.486820000E+01 0.000000000E+00 3.901993800E+02
3.185100000E-03 1.486790000E+01 0.000000000E+00 3.892499451E+02
3.188970000E-03 1.486780000E+01 0.000000000E+00 3.887775677E+02
3.192840000E-03 1.486760000E+01 0.000000000E+00 3.883063354E+02
3.196710000E-03 1.486750000E+01 0.000000000E+00 3.878362441E+02
3.200590000E-03 1.486740000E+01 0.000000000E+00 3.873660794E+02
3.204460000E-03 1.486720000E+01 0.000000000E+00 3.868982605E+02
3.208330000E-03 1.486710000E+01 0.000000000E+00 3.864315703E+02
3.214140000E-03 1.486690000E+01 0.000000000E+00 3.857330421E+02
3.218010000E-03 1.486680000E+01 0.000000000E+00 3.852691570E+02
3.220920000E-03 1.486670000E+01 0.000000000E+00 3.849210784E+02
3.222370000E-03 1.486660000E+01 0.000000000E+00 3.847478719E+02
3.223090000E-03 1.486660000E+01 0.000000000E+00 3.846619238E+02
3.223280000E-03 1.486660000E+01 0.000000000E+00 3.846392495E+02
3.223410000E-03 1.486660000E+01 0.000000000E+00 3.846237370E+02
3.223440000E-03 1.486660000E+01 0.000000000E+00 3.846201573E+02
3.223530000E-03 1.486660000E+01 0.000000000E+00 3.846094189E+02
3.223680000E-03 1.486660000E+01 0.000000000E+00 3.845915227E+02
3.223750000E-03 1.486660000E+01 0.000000000E+00 3.845831718E+02
3.223940000E-03 1.486650000E+01 0.000000000E+00 3.845605067E+02
3.224180000E-03 1.486650000E+01 0.000000000E+00 3.845318810E+02
3.231560000E-03 1.486630000E+01 0.000000000E+00 3.836537152E+02
3.233500000E-03 1.486620000E+01 0.000000000E+00 3.834235349E+02
3.239310000E-03 1.486600000E+01 0.000000000E+00 3.827358295E+02
3.243180000E-03 1.486590000E+01 0.000000000E+00 3.822791211E+02
3.247050000E-03 1.486570000E+01 0.000000000E+00 3.818235013E+02
3.250930000E-03 1.486560000E+01 0.000000000E+00 3.813677932E+02
3.254800000E-03 1.486550000E+01 0.000000000E+00 3.809143419E+02
3.258670000E-03 1.486530000E+01 0.000000000E+00 3.804619676E+02
3.262540000E-03 1.486520000E+01 0.000000000E+00 3.800106665E+02
3.270290000E-03 1.486490000E+01 0.000000000E+00 3.791101095E+02
3.278030000E-03 1.486460000E+01 0.000000000E+00 3.782149645E+02
3.285780000E-03 1.486440000E+01 0.000000000E+00 3.773228883E+02
3.293520000E-03 1.486410000E+01 0.000000000E+00 3.764361534E+02
3.301260000E-03 1.486380000E+01 0.000000000E+00 3.755535765E+02
3.304100000E-03 1.486370000E+01 0.000000000E+00 3.752307739E+02
3.309730000E-03 1.486350000E+01 0.000000000E+00 3.745924894E+02
3.320810000E-03 1.486310000E+01 0.000000000E+00 3.733426483E+02
3.331550000E-03 1.486270000E+01 0.000000000E+00 3.721390944E+02
3.341950000E-03 1.486240000E+01 0.000000000E+00 3.709810141E+02
3.362100000E-03 1.486170000E+01 0.000000000E+00 3.687576217E+02
3.380990000E-03 1.486100000E+01 0.000000000E+00 3.666973283E+02
3.398700000E-03 1.486040000E+01 0.000000000E+00 3.647865360E+02
3.431900000E-03 1.485920000E+01 0.000000000E+00 3.612576124E+02
3.460960000E-03 1.485820000E+01 0.000000000E+00 3.582243077E+02
3.511810000E-03 1.485640000E+01 0.000000000E+00 3.530373226E+02
3.549940000E-03 1.485500000E+01 0.000000000E+00 3.492453394E+02
3.607140000E-03 1.485300000E+01 0.000000000E+00 3.437072029E+02
3.664350000E-03 1.485100000E+01 0.000000000E+00 3.383410427E+02
3.670700000E-03 1.485080000E+01 0.000000000E+00 3.377557414E+02
3.676650000E-03 1.485060000E+01 0.000000000E+00 3.372091442E+02
3.694750000E-03 1.484990000E+01 0.000000000E+00 3.355572096E+02
3.703800000E-03 1.484960000E+01 0.000000000E+00 3.347372968E+02
3.712850000E-03 1.484930000E+01 0.000000000E+00 3.339213811E+02
3.721900000E-03 1.484900000E+01 0.000000000E+00 3.331094334E+02
3.736500000E-03 1.484850000E+01 0.000000000E+00 3.318078416E+02
3.749050000E-03 1.484800000E+01 0.000000000E+00 3.306971099E+02
3.758100000E-03 1.484770000E+01 0.000000000E+00 3.299007477E+02
3.767150000E-03 1.484740000E+01 0.000000000E+00 3.291082118E+02
3.776200000E-03 1.484710000E+01 0.000000000E+00 3.283194746E+02
3.785250000E-03 1.484670000E+01 0.000000000E+00 3.275345089E+02
3.799640000E-03 1.484620000E+01 0.000000000E+00 3.262940700E+02
3.812400000E-03 1.484580000E+01 0.000000000E+00 3.252019725E+02
3.821450000E-03 1.484550000E+01 0.000000000E+00 3.244318256E+02
3.830500000E-03 1.484510000E+01 0.000000000E+00 3.236653178E+02
3.839550000E-03 1.484480000E+01 0.000000000E+00 3.229024235E+02
3.852630000E-03 1.484440000E+01 0.000000000E+00 3.218061428E+02
3.857650000E-03 1.484420000E+01 0.000000000E+00 3.213873731E+02
3.861770000E-03 1.484400000E+01 0.000000000E+00 3.210444951E+02
3.870920000E-03 1.484370000E+01 0.000000000E+00 3.202856169E+02
3.880060000E-03 1.484340000E+01 0.000000000E+00 3.195311413E+02
3.889210000E-03 1.484310000E+01 0.000000000E+00 3.187793922E+02
3.898350000E-03 1.484270000E+01 0.000000000E+00 3.180319879E+02
4.021990000E-03 1.483700000E+01 0.000000000E+00 3.082553661E+02
4.083800000E-03 1.483110000E+01 0.000000000E+00 3.035897938E+02
4.114710000E-03 1.482810000E+01 0.000000000E+00 3.013092053E+02
4.137890000E-03 1.482580000E+01 0.000000000E+00 2.996213046E+02
4.145620000E-03 1.482510000E+01 0.000000000E+00 2.990626251E+02
4.166050000E-03 1.482310000E+01 0.000000000E+00 2.975960442E+02
4.176250000E-03 1.482210000E+01 0.000000000E+00 2.968692008E+02
4.186460000E-03 1.482110000E+01 0.000000000E+00 2.961451919E+02
4.189010000E-03 1.482090000E+01 0.000000000E+00 2.959649177E+02
4.196660000E-03 1.482020000E+01 0.000000000E+00 2.954254097E+02
4.199210000E-03 1.481990000E+01 0.000000000E+00 2.952460106E+02
4.203040000E-03 1.481950000E+01 0.000000000E+00 2.949769691E+02
4.206860000E-03 1.481920000E+01 0.000000000E+00 2.947091180E+02
4.211340000E-03 1.481870000E+01 0.000000000E+00 2.943956080E+02
4.214690000E-03 1.481840000E+01 0.000000000E+00 2.941616109E+02
4.219730000E-03 1.481790000E+01 0.000000000E+00 2.938102675E+02
4.222250000E-03 1.481770000E+01 0.000000000E+00 2.936349103E+02
4.229960000E-03 1.481690000E+01 0.000000000E+00 2.930996983E+02
4.235160000E-03 1.481640000E+01 0.000000000E+00 2.927398257E+02
4.247680000E-03 1.481520000E+01 0.000000000E+00 2.918769776E+02
4.257880000E-03 1.481420000E+01 0.000000000E+00 2.911777692E+02
4.268090000E-03 1.481330000E+01 0.000000000E+00 2.904812223E+02
4.277620000E-03 1.481230000E+01 0.000000000E+00 2.898340666E+02
4.287160000E-03 1.481140000E+01 0.000000000E+00 2.891891135E+02
4.298700000E-03 1.481030000E+01 0.000000000E+00 2.884127760E+02
4.308900000E-03 1.480930000E+01 0.000000000E+00 2.877300471E+02
4.319110000E-03 1.480830000E+01 0.000000000E+00 2.870498783E+02
4.329310000E-03 1.480730000E+01 0.000000000E+00 2.863735792E+02
4.339520000E-03 1.480640000E+01 0.000000000E+00 2.856998009E+02
4.349720000E-03 1.480540000E+01 0.000000000E+00 2.850298410E+02
4.367840000E-03 1.480360000E+01 0.000000000E+00 2.838473937E+02
4.380740000E-03 1.480240000E+01 0.000000000E+00 2.830115460E+02
4.391140000E-03 1.480140000E+01 0.000000000E+00 2.823412599E+02
4.401540000E-03 1.480040000E+01 0.000000000E+00 2.816741413E+02
4.411940000E-03 1.479940000E+01 0.000000000E+00 2.810101679E+02
4.427780000E-03 1.479780000E+01 0.000000000E+00 2.800048783E+02
4.432740000E-03 1.479740000E+01 0.000000000E+00 2.796915677E+02
4.438200000E-03 1.479680000E+01 0.000000000E+00 2.793474832E+02
4.444480000E-03 1.479610000E+01 0.000000000E+00 2.789527684E+02
4.455440000E-03 1.479400000E+01 0.000000000E+00 2.782665685E+02
4.466380000E-03 1.479200000E+01 0.000000000E+00 2.775849793E+02
4.477320000E-03 1.478990000E+01 0.000000000E+00 2.769067210E+02
4.488260000E-03 1.478790000E+01 0.000000000E+00 2.762317691E+02
4.499200000E-03 1.478580000E+01 0.000000000E+00 2.755600996E+02
4.509020000E-03 1.478400000E+01 0.000000000E+00 2.749599691E+02
4.518830000E-03 1.478210000E+01 0.000000000E+00 2.743630542E+02
4.532020000E-03 1.477960000E+01 0.000000000E+00 2.735645474E+02
4.542960000E-03 1.477760000E+01 0.000000000E+00 2.729057707E+02
4.553900000E-03 1.477550000E+01 0.000000000E+00 2.722501592E+02
4.564840000E-03 1.477350000E+01 0.000000000E+00 2.715976902E+02
4.577670000E-03 1.477100000E+01 0.000000000E+00 2.708364736E+02
4.595580000E-03 1.476770000E+01 0.000000000E+00 2.697809634E+02
4.608600000E-03 1.476520000E+01 0.000000000E+00 2.690187910E+02
4.619540000E-03 1.476320000E+01 0.000000000E+00 2.683817003E+02
4.631360000E-03 1.476090000E+01 0.000000000E+00 2.676967457E+02
4.642760000E-03 1.475880000E+01 0.000000000E+00 2.670394334E+02
4.663630000E-03 1.475490000E+01 0.000000000E+00 2.658444173E+02
4.679070000E-03 1.475200000E+01 0.000000000E+00 2.649671836E+02
4.690340000E-03 1.474980000E+01 0.000000000E+00 2.643305176E+02
4.701610000E-03 1.474770000E+01 0.000000000E+00 2.636969038E+02
4.712870000E-03 1.474560000E+01 0.000000000E+00 2.630668786E+02
4.729780000E-03 1.474240000E+01 0.000000000E+00 2.621263568E+02
4.746680000E-03 1.473920000E+01 0.000000000E+00 2.611930865E+02
4.757940000E-03 1.473710000E+01 0.000000000E+00 2.605749547E+02
4.769210000E-03 1.473500000E+01 0.000000000E+00 2.599591966E+02
4.780480000E-03 1.473290000E+01 0.000000000E+00 2.593463418E+02
4.803010000E-03 1.472860000E+01 0.000000000E+00 2.581297978E+02
4.815430000E-03 1.472630000E+01 0.000000000E+00 2.574640271E+02
4.819570000E-03 1.472550000E+01 0.000000000E+00 2.572428661E+02
4.823110000E-03 1.472480000E+01 0.000000000E+00 2.570540585E+02
4.828420000E-03 1.472390000E+01 0.000000000E+00 2.567713662E+02
4.838510000E-03 1.472200000E+01 0.000000000E+00 2.562359073E+02
4.840900000E-03 1.472150000E+01 0.000000000E+00 2.561094011E+02
4.843300000E-03 1.472110000E+01 0.000000000E+00 2.559824913E+02
4.844780000E-03 1.472080000E+01 0.000000000E+00 2.559042929E+02
4.852570000E-03 1.471930000E+01 0.000000000E+00 2.554934808E+02
4.854190000E-03 1.471900000E+01 0.000000000E+00 2.554082143E+02
4.855160000E-03 1.471880000E+01 0.000000000E+00 2.553571870E+02
4.855620000E-03 1.471870000E+01 0.000000000E+00 2.553329956E+02
4.856330000E-03 1.471860000E+01 0.000000000E+00 2.552956657E+02
4.867020000E-03 1.471660000E+01 0.000000000E+00 2.547349302E+02
4.867880000E-03 1.471640000E+01 0.000000000E+00 2.546899266E+02
4.869490000E-03 1.471610000E+01 0.000000000E+00 2.546057185E+02
4.872310000E-03 1.471560000E+01 0.000000000E+00 2.544583575E+02
4.880760000E-03 1.471400000E+01 0.000000000E+00 2.540178169E+02
4.882870000E-03 1.471360000E+01 0.000000000E+00 2.539080500E+02
4.886820000E-03 1.471280000E+01 1.125990000E-07 2.537028170E+02
4.890280000E-03 1.471150000E+01 1.753540000E-07 2.535233156E+02
4.893630000E-03 1.471030000E+01 2.668150000E-07 2.533497629E+02
4.898260000E-03 1.470860000E+01 4.709480000E-07 2.531102881E+02
4.901530000E-03 1.470730000E+01 6.949410000E-07 2.529414285E+02
4.904450000E-03 1.470610000E+01 9.797930000E-07 2.527908328E+02
4.905900000E-03 1.470560000E+01 1.158610000E-06 2.527161173E+02
4.906890000E-03 1.470520000E+01 1.300010000E-06 2.526651301E+02
4.908790000E-03 1.470440000E+01 1.613380000E-06 2.525673333E+02
4.910210000E-03 1.470380000E+01 1.895080000E-06 2.524942925E+02
4.912340000E-03 1.470290000E+01 2.406700000E-06 2.523848105E+02
4.913650000E-03 1.470240000E+01 2.780790000E-06 2.523175236E+02
4.916380000E-03 1.470120000E+01 3.753210000E-06 2.521774151E+02
4.924340000E-03 1.469770000E+01 8.737150000E-06 2.517697803E+02
4.929760000E-03 1.469520000E+01 1.517810000E-05 2.514929733E+02
4.939770000E-03 1.469020000E+01 4.017240000E-05 2.509833454E+02
4.953490000E-03 1.468260000E+01 1.381880000E-04 2.502881807E+02
4.966700000E-03 1.467420000E+01 4.082220000E-04 2.496224858E+02
4.975540000E-03 1.466780000E+01 7.962810000E-04 2.491789836E+02
4.988220000E-03 1.465740000E+01 1.922530000E-03 2.485455734E+02
4.999860000E-03 1.464620000E+01 3.993110000E-03 2.479669431E+02
5.011110000E-03 1.463400000E+01 7.550490000E-03 2.474102544E+02
5.021870000E-03 1.462110000E+01 1.305480000E-02 2.468801462E+02
5.033650000E-03 1.460610000E+01 2.223720000E-02 2.463023849E+02
5.056890000E-03 1.457840000E+01 5.229650000E-02 2.451704506E+02
5.073200000E-03 1.456540000E+01 8.258950000E-02 2.443822439E+02
5.114590000E-03 1.457710000E+01 1.683530000E-01 2.424045720E+02
5.174790000E-03 1.465760000E+01 2.238840000E-01 2.395846015E+02
5.255470000E-03 1.471700000E+01 2.186810000E-01 2.359065888E+02
5.357700000E-03 1.476430000E+01 2.046050000E-01 2.314052672E+02
5.396030000E-03 1.477330000E+01 1.996200000E-01 2.297615099E+02
5.421590000E-03 1.477940000E+01 1.962970000E-01 2.286783029E+02
5.432360000E-03 1.478190000E+01 1.948960000E-01 2.282249335E+02
5.439750000E-03 1.478370000E+01 1.939350000E-01 2.279148858E+02
5.459100000E-03 1.478770000E+01 1.914820000E-01 2.271070323E+02
5.472470000E-03 1.478980000E+01 1.898620000E-01 2.265521784E+02
5.485840000E-03 1.479190000E+01 1.882410000E-01 2.260000292E+02
5.489190000E-03 1.479240000E+01 1.878360000E-01 2.258621035E+02
5.500890000E-03 1.479430000E+01 1.864180000E-01 2.253817110E+02
5.503810000E-03 1.479470000E+01 1.860640000E-01 2.252621366E+02
5.508200000E-03 1.479540000E+01 1.855320000E-01 2.250826041E+02
5.512590000E-03 1.479610000E+01 1.850000000E-01 2.249033576E+02
5.515930000E-03 1.479660000E+01 1.845950000E-01 2.247671743E+02
5.520940000E-03 1.479740000E+01 1.839870000E-01 2.245632084E+02
5.523450000E-03 1.479780000E+01 1.836830000E-01 2.244611610E+02
5.525960000E-03 1.479820000E+01 1.833800000E-01 2.243592064E+02
5.532640000E-03 1.479920000E+01 1.825690000E-01 2.240883195E+02
5.535990000E-03 1.479980000E+01 1.821640000E-01 2.239527167E+02
5.549360000E-03 1.480190000E+01 1.805440000E-01 2.234131503E+02
5.555110000E-03 1.480280000E+01 1.798470000E-01 2.231818992E+02
5.566070000E-03 1.480390000E+01 1.786110000E-01 2.227424377E+02
5.579440000E-03 1.480540000E+01 1.771050000E-01 2.222086804E+02
5.592810000E-03 1.480680000E+01 1.755990000E-01 2.216774752E+02
5.606180000E-03 1.480820000E+01 1.740920000E-01 2.211488036E+02
5.618410000E-03 1.480950000E+01 1.727150000E-01 2.206674130E+02
5.632930000E-03 1.481100000E+01 1.710800000E-01 2.200985988E+02
5.646300000E-03 1.481240000E+01 1.695730000E-01 2.195774224E+02
5.659670000E-03 1.481360000E+01 1.681240000E-01 2.190587084E+02
5.673040000E-03 1.481460000E+01 1.667310000E-01 2.185424393E+02
5.699780000E-03 1.481650000E+01 1.639440000E-01 2.175171673E+02
5.713780000E-03 1.481750000E+01 1.624850000E-01 2.169842031E+02
5.741500000E-03 1.481950000E+01 1.595960000E-01 2.159366019E+02
5.755500000E-03 1.482050000E+01 1.581370000E-01 2.154113457E+02
5.769220000E-03 1.482120000E+01 1.568040000E-01 2.148990678E+02
5.783080000E-03 1.482180000E+01 1.554570000E-01 2.143840307E+02
5.796940000E-03 1.482250000E+01 1.541100000E-01 2.138714563E+02
5.838520000E-03 1.482430000E+01 1.501420000E-01 2.123483349E+02
5.852370000E-03 1.482480000E+01 1.488790000E-01 2.118457992E+02
5.866230000E-03 1.482530000E+01 1.476160000E-01 2.113452763E+02
5.880090000E-03 1.482580000E+01 1.463520000E-01 2.108471129E+02
5.907810000E-03 1.482670000E+01 1.438260000E-01 2.098577984E+02
6.047280000E-03 1.482910000E+01 1.320030000E-01 2.050177931E+02
6.382880000E-03 1.482650000E+01 1.078160000E-01 1.942383376E+02
6.830660000E-03 1.481270000E+01 8.312610000E-02 1.815051547E+02
7.210380000E-03 1.479620000E+01 6.720570000E-02 1.719465548E+02
7.245870000E-03 1.479450000E+01 6.591010000E-02 1.711043670E+02
7.263620000E-03 1.479370000E+01 6.528170000E-02 1.706862418E+02
7.282630000E-03 1.479280000E+01 6.460830000E-02 1.702406960E+02
7.300260000E-03 1.479190000E+01 6.398430000E-02 1.698295677E+02
7.353120000E-03 1.478930000E+01 6.218150000E-02 1.686086994E+02
7.370740000E-03 1.478850000E+01 6.159340000E-02 1.682056347E+02
7.388370000E-03 1.478760000E+01 6.100540000E-02 1.678042654E+02
7.405990000E-03 1.478670000E+01 6.041730000E-02 1.674050330E+02
7.423610000E-03 1.478590000E+01 5.984780000E-02 1.670076957E+02
7.476590000E-03 1.478320000E+01 5.817310000E-02 1.658242595E+02
7.494330000E-03 1.478230000E+01 5.761210000E-02 1.654317331E+02
7.512080000E-03 1.478140000E+01 5.705110000E-02 1.650408409E+02
7.529830000E-03 1.478050000E+01 5.650930000E-02 1.646517916E+02
7.565320000E-03 1.477870000E+01 5.546070000E-02 1.638793865E+02
7.773190000E-03 1.476790000E+01 4.965520000E-02 1.594969376E+02
7.779560000E-03 1.476760000E+01 4.949330000E-02 1.593663395E+02
7.817850000E-03 1.476560000E+01 4.851870000E-02 1.585858004E+02
7.837000000E-03 1.476450000E+01 4.803140000E-02 1.581982902E+02
7.852710000E-03 1.476370000E+01 4.763170000E-02 1.578818013E+02
7.862810000E-03 1.476320000E+01 4.737460000E-02 1.576789977E+02
7.877010000E-03 1.476240000E+01 4.701320000E-02 1.573947475E+02
7.928710000E-03 1.475970000E+01 4.576110000E-02 1.563684382E+02
7.951890000E-03 1.475840000E+01 4.520600000E-02 1.559126195E+02
7.972080000E-03 1.475730000E+01 4.472250000E-02 1.555177570E+02
7.991100000E-03 1.475630000E+01 4.428270000E-02 1.551476017E+02
8.010110000E-03 1.475470000E+01 4.385520000E-02 1.547793975E+02
8.067150000E-03 1.474810000E+01 4.257260000E-02 1.536850065E+02
8.086740000E-03 1.474590000E+01 4.213220000E-02 1.533127070E+02
8.105180000E-03 1.474380000E+01 4.174540000E-02 1.529639070E+02
8.124230000E-03 1.474160000E+01 4.134590000E-02 1.526052315E+02
8.155850000E-03 1.473800000E+01 4.068260000E-02 1.520135853E+02
8.162520000E-03 1.473720000E+01 4.054260000E-02 1.518893675E+02
8.181660000E-03 1.473500000E+01 4.014120000E-02 1.515340408E+02
8.202110000E-03 1.473270000E+01 3.971220000E-02 1.511562269E+02
8.275330000E-03 1.472430000E+01 3.828010000E-02 1.498187988E+02
8.307360000E-03 1.472060000E+01 3.765380000E-02 1.492411548E+02
8.324620000E-03 1.471860000E+01 3.733840000E-02 1.489317230E+02
8.410440000E-03 1.470860000E+01 3.577090000E-02 1.474120260E+02
8.443260000E-03 1.470420000E+01 3.517170000E-02 1.468390172E+02
8.518980000E-03 1.469310000E+01 3.389240000E-02 1.455338550E+02
8.546180000E-03 1.468870000E+01 3.349950000E-02 1.450706632E+02
8.572970000E-03 1.468390000E+01 3.327170000E-02 1.446173263E+02
8.659190000E-03 1.466530000E+01 3.611040000E-02 1.431773642E+02
8.674860000E-03 1.466180000E+01 3.778080000E-02 1.429187330E+02
8.695300000E-03 1.465730000E+01 4.065860000E-02 1.425827746E+02
8.712860000E-03 1.465400000E+01 4.370910000E-02 1.422954116E+02
8.737600000E-03 1.465050000E+01 4.868080000E-02 1.418925105E+02
8.751110000E-03 1.464920000E+01 5.153230000E-02 1.416734563E+02
8.801000000E-03 1.464720000E+01 6.130750000E-02 1.408703556E+02
8.844570000E-03 1.464870000E+01 6.685970000E-02 1.401764020E+02
9.083540000E-03 1.464420000E+01 6.838320000E-02 1.364886377E+02
9.186980000E-03 1.463390000E+01 6.756940000E-02 1.349518558E+02
9.311430000E-03 1.461680000E+01 7.325540000E-02 1.331481845E+02
9.376080000E-03 1.461050000E+01 8.220180000E-02 1.322301004E+02
9.509930000E-03 1.461170000E+01 9.479770000E-02 1.303689933E+02
1.071590000E-02 1.454500000E+01 9.363120000E-02 1.156972349E+02
1.135010000E-02 1.449560000E+01 9.642580000E-02 1.092325178E+02
1.195360000E-02 1.444570000E+01 1.014590000E-01 1.037177085E+02
1.241480000E-02 1.439580000E+01 1.067010000E-01 9.986467764E+01
1.290240000E-02 1.434060000E+01 1.135210000E-01 9.609064980E+01
1.340940000E-02 1.428230000E+01 1.219500000E-01 9.245752979E+01
1.396880000E-02 1.421690000E+01 1.328480000E-01 8.875493958E+01
1.428890000E-02 1.417910000E+01 1.396130000E-01 8.676665104E+01
1.480000000E-02 1.411790000E+01 1.518700000E-01 8.377027027E+01
1.516040000E-02 1.406880000E+01 1.613870000E-01 8.177884489E+01
1.548820000E-02 1.401770000E+01 1.704800000E-01 8.004803657E+01
1.573790000E-02 1.397860000E+01 1.777870000E-01 7.877798181E+01
1.639560000E-02 1.387390000E+01 1.989550000E-01 7.561784869E+01
1.683740000E-02 1.380300000E+01 2.140050000E-01 7.363369641E+01
1.734590000E-02 1.372070000E+01 2.332280000E-01 7.147510363E+01
1.776260000E-02 1.364360000E+01 2.497980000E-01 6.979834033E+01
1.839960000E-02 1.351760000E+01 2.770960000E-01 6.738189961E+01
1.875360000E-02 1.344240000E+01 2.936600000E-01 6.610997355E+01
1.907210000E-02 1.337470000E+01 3.085660000E-01 6.500595110E+01
1.958950000E-02 1.325460000E+01 3.336120000E-01 6.328900687E+01
2.012630000E-02 1.311570000E+01 3.623190000E-01 6.160098975E+01
2.052070000E-02 1.301370000E+01 3.835550000E-01 6.041704230E+01
2.089570000E-02 1.290930000E+01 4.052700000E-01 5.933278139E+01
2.120050000E-02 1.280800000E+01 4.234400000E-01 5.847975284E+01
2.145450000E-02 1.272280000E+01 4.385810000E-01 5.778741057E+01
2.163690000E-02 1.266160000E+01 4.494510000E-01 5.730026020E+01
2.171870000E-02 1.263430000E+01 4.547850000E-01 5.708444796E+01
2.174770000E-02 1.262450000E+01 4.567030000E-01 5.700832732E+01
2.185480000E-02 1.258630000E+01 4.637760000E-01 5.672895657E+01
2.190830000E-02 1.256460000E+01 4.673130000E-01 5.659042463E+01
2.196180000E-02 1.254290000E+01 4.708510000E-01 5.645256764E+01
2.201540000E-02 1.252120000E+01 4.743880000E-01 5.631512487E+01
2.208920000E-02 1.249120000E+01 4.792710000E-01 5.612697608E+01
2.217590000E-02 1.245600000E+01 4.850010000E-01 5.590753927E+01
2.222950000E-02 1.243420000E+01 4.885380000E-01 5.577273443E+01
2.228300000E-02 1.241250000E+01 4.920760000E-01 5.563882781E+01
2.233650000E-02 1.239080000E+01 4.956140000E-01 5.550556264E+01
2.239010000E-02 1.236910000E+01 4.991510000E-01 5.537268704E+01
2.242490000E-02 1.235490000E+01 5.014550000E-01 5.528675713E+01
2.245980000E-02 1.234080000E+01 5.037600000E-01 5.520084774E+01
2.250520000E-02 1.232230000E+01 5.067620000E-01 5.508949043E+01
2.252790000E-02 1.231310000E+01 5.082630000E-01 5.503398009E+01
2.255060000E-02 1.230390000E+01 5.097640000E-01 5.497858150E+01
2.255990000E-02 1.230010000E+01 5.103770000E-01 5.495591736E+01
2.261110000E-02 1.227940000E+01 5.137580000E-01 5.483147658E+01
2.267100000E-02 1.225000000E+01 5.177160000E-01 5.468660403E+01
2.272650000E-02 1.222270000E+01 5.213860000E-01 5.455305480E+01
2.278200000E-02 1.219550000E+01 5.250550000E-01 5.442015626E+01
2.283760000E-02 1.216830000E+01 5.289190000E-01 5.428766595E+01
2.286160000E-02 1.215660000E+01 5.307100000E-01 5.423067502E+01
2.289530000E-02 1.213930000E+01 5.332210000E-01 5.415085192E+01
2.292990000E-02 1.212160000E+01 5.358030000E-01 5.406914117E+01
2.296700000E-02 1.210260000E+01 5.385720000E-01 5.398179997E+01
2.298560000E-02 1.209310000E+01 5.399570000E-01 5.393811778E+01
2.300410000E-02 1.208360000E+01 5.413410000E-01 5.389474050E+01
2.303190000E-02 1.206940000E+01 5.434120000E-01 5.382968839E+01
2.304580000E-02 1.206230000E+01 5.444470000E-01 5.379722119E+01
2.305970000E-02 1.205520000E+01 5.454820000E-01 5.376479312E+01
2.307360000E-02 1.204800000E+01 5.465170000E-01 5.373240413E+01
2.309440000E-02 1.203740000E+01 5.480700000E-01 5.368400998E+01
2.310480000E-02 1.203200000E+01 5.488460000E-01 5.365984557E+01
2.311000000E-02 1.202940000E+01 5.492340000E-01 5.364777153E+01
2.311260000E-02 1.202810000E+01 5.494280000E-01 5.364173654E+01
2.311390000E-02 1.202740000E+01 5.495250000E-01 5.363871956E+01
2.311490000E-02 1.202690000E+01 5.495980000E-01 5.363639903E+01
2.311530000E-02 1.202670000E+01 5.496310000E-01 5.363547088E+01
2.311620000E-02 1.202620000E+01 5.496990000E-01 5.363338265E+01
2.311710000E-02 1.202580000E+01 5.497620000E-01 5.363129458E+01
2.317070000E-02 1.199830000E+01 5.537630000E-01 5.350723112E+01
2.318460000E-02 1.199120000E+01 5.547980000E-01 5.347515161E+01
2.322630000E-02 1.196820000E+01 5.579040000E-01 5.337914347E+01
2.325000000E-02 1.195440000E+01 5.596720000E-01 5.332473118E+01
2.328550000E-02 1.193360000E+01 5.623230000E-01 5.324343476E+01
2.332110000E-02 1.191290000E+01 5.649750000E-01 5.316215787E+01
2.335700000E-02 1.189200000E+01 5.676500000E-01 5.308044698E+01
2.339280000E-02 1.187100000E+01 5.703260000E-01 5.299921343E+01
2.344840000E-02 1.183750000E+01 5.744660000E-01 5.287354361E+01
2.350390000E-02 1.180250000E+01 5.786060000E-01 5.274869277E+01
2.355940000E-02 1.176750000E+01 5.827460000E-01 5.262443016E+01
2.362860000E-02 1.172350000E+01 5.879000000E-01 5.247031140E+01
2.367050000E-02 1.169500000E+01 5.910250000E-01 5.237743182E+01
2.368660000E-02 1.168410000E+01 5.922250000E-01 5.234183040E+01
2.371230000E-02 1.166660000E+01 5.941440000E-01 5.228510098E+01
2.374460000E-02 1.164470000E+01 5.965500000E-01 5.221397707E+01
2.380260000E-02 1.160460000E+01 6.008750000E-01 5.208674683E+01
2.382410000E-02 1.158900000E+01 6.024770000E-01 5.203974127E+01
2.386060000E-02 1.156230000E+01 6.052000000E-01 5.196013512E+01
2.393810000E-02 1.150580000E+01 6.109760000E-01 5.179191331E+01
2.406820000E-02 1.140410000E+01 6.206780000E-01 5.151195353E+01
2.408850000E-02 1.138730000E+01 6.221890000E-01 5.146854308E+01
2.413960000E-02 1.134470000E+01 6.260020000E-01 5.135959171E+01
2.420870000E-02 1.128610000E+01 6.311520000E-01 5.121299368E+01
2.425850000E-02 1.124210000E+01 6.348610000E-01 5.110785910E+01
2.431790000E-02 1.118710000E+01 6.392910000E-01 5.098302074E+01
2.438280000E-02 1.112310000E+01 6.441280000E-01 5.084731860E+01
2.445070000E-02 1.105380000E+01 6.491900000E-01 5.070611475E+01
2.448550000E-02 1.101720000E+01 6.517850000E-01 5.063404872E+01
2.452860000E-02 1.096950000E+01 6.553330000E-01 5.054507799E+01
2.455200000E-02 1.094330000E+01 6.572560000E-01 5.049690453E+01
2.457540000E-02 1.091720000E+01 6.591790000E-01 5.044882281E+01
2.460280000E-02 1.088640000E+01 6.614400000E-01 5.039263824E+01
2.463030000E-02 1.085410000E+01 6.637000000E-01 5.033637430E+01
2.468140000E-02 1.079220000E+01 6.679020000E-01 5.023215863E+01
2.474070000E-02 1.071600000E+01 6.727800000E-01 5.011175917E+01
2.477360000E-02 1.067210000E+01 6.754870000E-01 5.004520942E+01
2.480650000E-02 1.062820000E+01 6.781950000E-01 4.997883619E+01
2.484220000E-02 1.058060000E+01 6.811300000E-01 4.990701307E+01
2.487220000E-02 1.053500000E+01 6.836000000E-01 4.984681693E+01
2.490290000E-02 1.048840000E+01 6.861240000E-01 4.978536636E+01
2.492550000E-02 1.045410000E+01 6.881700000E-01 4.974022587E+01
2.495980000E-02 1.040230000E+01 6.912720000E-01 4.967187237E+01
2.497920000E-02 1.037280000E+01 6.930330000E-01 4.963329490E+01
2.500130000E-02 1.033630000E+01 6.950420000E-01 4.958942135E+01
2.503080000E-02 1.028640000E+01 6.977110000E-01 4.953097784E+01
2.503750000E-02 1.027470000E+01 6.983230000E-01 4.951772341E+01
2.507520000E-02 1.020760000E+01 7.017480000E-01 4.944327463E+01
2.508620000E-02 1.018740000E+01 7.027530000E-01 4.942159434E+01
2.509830000E-02 1.016470000E+01 7.038620000E-01 4.939776798E+01
2.512900000E-02 1.010590000E+01 7.066780000E-01 4.933741892E+01
2.516320000E-02 1.003730000E+01 7.098580000E-01 4.927036307E+01
2.519600000E-02 9.967900000E+00 7.129900000E-01 4.920622321E+01
2.521040000E-02 9.936400000E+00 7.143980000E-01 4.917811697E+01
2.522570000E-02 9.902100000E+00 7.159320000E-01 4.914828924E+01
2.524300000E-02 9.862300000E+00 7.177170000E-01 4.911460603E+01
2.534990000E-02 9.585000000E+00 7.317700000E-01 4.890749076E+01
2.541860000E-02 9.369800000E+00 7.477110000E-01 4.877530627E+01
2.548100000E-02 9.141200000E+00 7.741010000E-01 4.865586123E+01
2.551180000E-02 9.015200000E+00 7.943410000E-01 4.859711976E+01
2.554450000E-02 8.870300000E+00 8.236710000E-01 4.853490967E+01
2.558720000E-02 8.664400000E+00 8.780740000E-01 4.845391446E+01
2.561820000E-02 8.503600000E+00 9.323920000E-01 4.839528148E+01
2.564420000E-02 8.361400000E+00 9.899300000E-01 4.834621474E+01
2.567800000E-02 8.168900000E+00 1.083870000E+00 4.828257652E+01
2.569890000E-02 8.046700000E+00 1.154250000E+00 4.824331002E+01
2.573690000E-02 7.820900000E+00 1.309510000E+00 4.817207978E+01
2.575350000E-02 7.722700000E+00 1.389570000E+00 4.814102937E+01
2.577360000E-02 7.604800000E+00 1.495930000E+00 4.810348574E+01
2.578370000E-02 7.546700000E+00 1.553690000E+00 4.808464262E+01
2.578870000E-02 7.518000000E+00 1.583780000E+00 4.807531981E+01
2.579190000E-02 7.500300000E+00 1.603050000E+00 4.806935511E+01
2.579270000E-02 7.495800000E+00 1.607970000E+00 4.806786416E+01
2.579500000E-02 7.482900000E+00 1.621970000E+00 4.806357821E+01
2.579690000E-02 7.472200000E+00 1.633560000E+00 4.806003822E+01
2.580050000E-02 7.451600000E+00 1.656190000E+00 4.805333230E+01
2.581430000E-02 7.376200000E+00 1.746090000E+00 4.802764359E+01
2.583490000E-02 7.268800000E+00 1.891760000E+00 4.798934774E+01
2.584520000E-02 7.217100000E+00 1.967610000E+00 4.797022271E+01
2.585550000E-02 7.167300000E+00 2.047220000E+00 4.795111292E+01
2.591780000E-02 6.927000000E+00 2.583380000E+00 4.783585027E+01
2.595070000E-02 6.846500000E+00 2.896670000E+00 4.777520452E+01
2.598360000E-02 6.809800000E+00 3.223300000E+00 4.771471236E+01
2.602840000E-02 6.810600000E+00 3.674490000E+00 4.763258594E+01
2.609560000E-02 6.946800000E+00 4.337820000E+00 4.750992504E+01
2.612930000E-02 7.073100000E+00 4.644110000E+00 4.744864960E+01
2.616290000E-02 7.229700000E+00 4.926960000E+00 4.738771314E+01
2.622350000E-02 7.574200000E+00 5.363420000E+00 4.727820466E+01
2.628240000E-02 7.953700000E+00 5.687230000E+00 4.717225215E+01
2.634480000E-02 8.365900000E+00 5.927610000E+00 4.706052048E+01
2.646750000E-02 9.110100000E+00 6.151010000E+00 4.684235383E+01
2.650320000E-02 9.299000000E+00 6.175460000E+00 4.677925684E+01
2.652540000E-02 9.408500000E+00 6.183080000E+00 4.674010571E+01
2.654930000E-02 9.521500000E+00 6.187920000E+00 4.669802970E+01
2.659790000E-02 9.728900000E+00 6.184300000E+00 4.661270251E+01
2.664960000E-02 9.927400000E+00 6.169630000E+00 4.652227426E+01
2.671340000E-02 1.014530000E+01 6.143480000E+00 4.641116443E+01
2.683680000E-02 1.049480000E+01 6.087050000E+00 4.619775830E+01
2.698360000E-02 1.082410000E+01 6.013030000E+00 4.594642672E+01
2.724220000E-02 1.125850000E+01 5.879450000E+00 4.551027450E+01
2.780730000E-02 1.182230000E+01 5.621450000E+00 4.458541462E+01
2.794410000E-02 1.191000000E+01 5.564410000E+00 4.436714727E+01
2.801260000E-02 1.195300000E+01 5.535900000E+00 4.425865503E+01
2.808100000E-02 1.199310000E+01 5.507420000E+00 4.415084933E+01
2.818380000E-02 1.202570000E+01 5.468020000E+00 4.398980975E+01
2.825540000E-02 1.204530000E+01 5.440590000E+00 4.387833830E+01
2.837260000E-02 1.207740000E+01 5.395680000E+00 4.369708804E+01
2.843110000E-02 1.208690000E+01 5.373230000E+00 4.360717665E+01
2.850090000E-02 1.209820000E+01 5.346470000E+00 4.350038069E+01
2.860300000E-02 1.211120000E+01 5.307990000E+00 4.334510366E+01
2.876190000E-02 1.208580000E+01 5.252980000E+00 4.310563628E+01
2.889580000E-02 1.204290000E+01 5.206950000E+00 4.290588944E+01
2.908510000E-02 1.191680000E+01 5.151040000E+00 4.262663701E+01
2.933900000E-02 1.155200000E+01 5.171270000E+00 4.225774566E+01
2.972550000E-02 1.087020000E+01 6.151130000E+00 4.170829759E+01
3.039900000E-02 1.260430000E+01 7.652080000E+00 4.078423632E+01
3.175110000E-02 1.432870000E+01 7.070520000E+00 3.904746607E+01
3.313660000E-02 1.508610000E+01 6.571890000E+00 3.741482228E+01
3.632400000E-02 1.587450000E+01 5.791700000E+00 3.413170356E+01
4.032960000E-02 1.621260000E+01 5.262230000E+00 3.074168849E+01
4.445640000E-02 1.629910000E+01 5.039290000E+00 2.788799813E+01
4.543010000E-02 1.630800000E+01 5.021660000E+00 2.729027671E+01
5.080860000E-02 1.632550000E+01 5.129000000E+00 2.440138087E+01
6.414770000E-02 1.662860000E+01 5.896370000E+00 1.932727128E+01
8.328730000E-02 1.750240000E+01 7.033070000E+00 1.488582293E+01
9.217900000E-02 1.796090000E+01 7.454140000E+00 1.344991809E+01
9.800000000E-02 1.825200000E+01 7.696660000E+00 1.265102041E+01
1.012290000E-01 1.841610000E+01 7.810280000E+00 1.224747849E+01
1.047130000E-01 1.858400000E+01 7.927980000E+00 1.183998166E+01
1.065730000E-01 1.866790000E+01 7.984660000E+00 1.163334053E+01
1.069240000E-01 1.868380000E+01 7.995360000E+00 1.159515170E+01
1.090020000E-01 1.877860000E+01 8.059170000E+00 1.137410323E+01
1.117120000E-01 1.888920000E+01 8.127410000E+00 1.109818104E+01
1.139220000E-01 1.896920000E+01 8.169830000E+00 1.088288478E+01
1.161450000E-01 1.904120000E+01 8.209960000E+00 1.067458780E+01
1.174900000E-01 1.908130000E+01 8.234370000E+00 1.055238744E+01
1.189430000E-01 1.912240000E+01 8.261210000E+00 1.042348015E+01
1.202260000E-01 1.914870000E+01 8.285040000E+00 1.031224527E+01
1.217880000E-01 1.918040000E+01 8.313480000E+00 1.017998489E+01
1.230270000E-01 1.919140000E+01 8.336120000E+00 1.007746267E+01
1.240830000E-01 1.919680000E+01 8.355550000E+00 9.991699105E+00
1.246970000E-01 1.919980000E+01 8.366850000E+00 9.942500622E+00
1.253110000E-01 1.920290000E+01 8.378150000E+00 9.893784265E+00
1.256180000E-01 1.920450000E+01 8.383800000E+00 9.869604674E+00
1.259690000E-01 1.920520000E+01 8.390260000E+00 9.842104010E+00
1.262950000E-01 1.920370000E+01 8.394520000E+00 9.816698998E+00
1.268450000E-01 1.919560000E+01 8.401740000E+00 9.774133785E+00
1.271520000E-01 1.918890000E+01 8.405760000E+00 9.750534793E+00
1.274590000E-01 1.918230000E+01 8.409790000E+00 9.727049483E+00
1.277660000E-01 1.917530000E+01 8.413080000E+00 9.703677035E+00
1.280730000E-01 1.916790000E+01 8.415960000E+00 9.680416637E+00
1.283800000E-01 1.915990000E+01 8.418890000E+00 9.657267487E+00
1.286870000E-01 1.915200000E+01 8.421820000E+00 9.634228788E+00
1.288250000E-01 1.914780000E+01 8.423140000E+00 9.623908403E+00
1.289560000E-01 1.914250000E+01 8.424410000E+00 9.614131952E+00
1.292750000E-01 1.912960000E+01 8.427510000E+00 9.590408045E+00
1.295930000E-01 1.911670000E+01 8.430600000E+00 9.566874754E+00
1.299230000E-01 1.910340000E+01 8.433800000E+00 9.542575218E+00
1.302300000E-01 1.908640000E+01 8.436770000E+00 9.520079859E+00
1.305480000E-01 1.906890000E+01 8.439860000E+00 9.496890033E+00
1.307830000E-01 1.905580000E+01 8.442150000E+00 9.479825360E+00
1.310250000E-01 1.903970000E+01 8.444490000E+00 9.462316352E+00
1.312990000E-01 1.901850000E+01 8.447150000E+00 9.442570012E+00
1.314200000E-01 1.900850000E+01 8.448330000E+00 9.433876122E+00
1.315770000E-01 1.899510000E+01 8.449860000E+00 9.422619455E+00
1.317480000E-01 1.897980000E+01 8.451520000E+00 9.410389532E+00
1.317850000E-01 1.897630000E+01 8.451880000E+00 9.407747467E+00
1.318770000E-01 1.896770000E+01 8.452780000E+00 9.401184437E+00
1.319460000E-01 1.896110000E+01 8.453460000E+00 9.396268170E+00
1.320720000E-01 1.894860000E+01 8.454700000E+00 9.387303895E+00
1.321420000E-01 1.894150000E+01 8.455380000E+00 9.382331129E+00
1.321660000E-01 1.893890000E+01 8.455630000E+00 9.380627393E+00
1.321900000E-01 1.893650000E+01 8.455860000E+00 9.378924276E+00
1.322090000E-01 1.893440000E+01 8.456040000E+00 9.377576413E+00
1.322140000E-01 1.893390000E+01 8.456080000E+00 9.377221777E+00
1.322180000E-01 1.893350000E+01 8.456110000E+00 9.376938087E+00
1.322350000E-01 1.893170000E+01 8.456250000E+00 9.375732597E+00
1.324070000E-01 1.891270000E+01 8.457690000E+00 9.363553286E+00
1.324310000E-01 1.891000000E+01 8.457890000E+00 9.361856363E+00
1.324570000E-01 1.890700000E+01 8.458110000E+00 9.360018723E+00
1.325040000E-01 1.890160000E+01 8.458510000E+00 9.356698666E+00
1.328690000E-01 1.885580000E+01 8.461910000E+00 9.330995191E+00
1.329260000E-01 1.884810000E+01 8.462500000E+00 9.326993967E+00
1.332480000E-01 1.880100000E+01 8.466400000E+00 9.304454851E+00
1.334230000E-01 1.877110000E+01 8.469170000E+00 9.292250961E+00
1.335990000E-01 1.873830000E+01 8.472740000E+00 9.280009581E+00
1.338300000E-01 1.869160000E+01 8.479030000E+00 9.263991631E+00
1.341090000E-01 1.862820000E+01 8.490440000E+00 9.244718848E+00
1.343770000E-01 1.856040000E+01 8.507510000E+00 9.226281283E+00
1.346880000E-01 1.847160000E+01 8.538180000E+00 9.204977429E+00
1.350270000E-01 1.836570000E+01 8.589980000E+00 9.181867330E+00
1.353050000E-01 1.827680000E+01 8.650090000E+00 9.163002106E+00
1.356390000E-01 1.817400000E+01 8.745350000E+00 9.140438959E+00
1.359290000E-01 1.809380000E+01 8.848310000E+00 9.120938137E+00
1.363400000E-01 1.800460000E+01 9.019880000E+00 9.093442863E+00
1.367570000E-01 1.795860000E+01 9.210150000E+00 9.065715101E+00
1.371150000E-01 1.794510000E+01 9.371580000E+00 9.042044999E+00
1.374060000E-01 1.795400000E+01 9.494580000E+00 9.022895652E+00
1.377920000E-01 1.798350000E+01 9.638680000E+00 8.997619601E+00
1.386260000E-01 1.805520000E+01 9.878130000E+00 8.943488235E+00
1.391170000E-01 1.807610000E+01 9.995280000E+00 8.911923058E+00
1.393640000E-01 1.807610000E+01 1.005260000E+01 8.896128125E+00
1.395470000E-01 1.807400000E+01 1.009880000E+01 8.884461866E+00
1.401100000E-01 1.805650000E+01 1.026150000E+01 8.848761687E+00
1.408200000E-01 1.804450000E+01 1.052680000E+01 8.804147138E+00
1.421620000E-01 1.821560000E+01 1.112680000E+01 8.721036564E+00
1.434730000E-01 1.860150000E+01 1.158580000E+01 8.641347152E+00
1.449000000E-01 1.904220000E+01 1.191870000E+01 8.556245687E+00
1.478500000E-01 1.995970000E+01 1.239000000E+01 8.385525871E+00
1.509280000E-01 2.093670000E+01 1.258460000E+01 8.214512880E+00
1.573350000E-01 2.260700000E+01 1.223760000E+01 7.880001271E+00
1.699240000E-01 2.415240000E+01 1.088220000E+01 7.296203008E+00
1.864030000E-01 2.467050000E+01 9.644430000E+00 6.651180507E+00
2.065380000E-01 2.464190000E+01 8.983910000E+00 6.002769466E+00
2.411910000E-01 2.424890000E+01 8.826510000E+00 5.140324473E+00
2.438590000E-01 2.412890000E+01 8.835970000E+00 5.084085476E+00
2.474650000E-01 2.378810000E+01 8.969440000E+00 5.010001414E+00
2.495270000E-01 2.359840000E+01 9.308410000E+00 4.968600592E+00
2.540300000E-01 2.399220000E+01 9.979680000E+00 4.880525922E+00
2.720110000E-01 2.473690000E+01 1.014970000E+01 4.557903908E+00
2.802210000E-01 2.489180000E+01 1.052090000E+01 4.424365055E+00
3.363070000E-01 2.636230000E+01 1.089630000E+01 3.686512621E+00
3.446850000E-01 2.639710000E+01 1.132360000E+01 3.596907321E+00
4.049360000E-01 2.847400000E+01 1.150410000E+01 3.061718395E+00
5.479610000E-01 3.094800000E+01 1.076590000E+01 2.262569781E+00
7.161430000E-01 3.163760000E+01 9.498530000E+00 1.731218486E+00
8.666570000E-01 3.000090000E+01 8.372310000E+00 1.430554418E+00
9.563680000E-01 2.731410000E+01 7.764660000E+00 1.296362906E+00
1.001430000E+00 2.471010000E+01 7.479710000E+00 1.238029618E+00
1.033690000E+00 2.169390000E+01 7.283430000E+00 1.199392468E+00
1.052600000E+00 1.874300000E+01 7.173170000E+00 1.177845335E+00
1.055600000E+00 1.807840000E+01 7.160110000E+00 1.174497916E+00
1.060900000E+00 1.669310000E+01 7.169310000E+00 1.168630408E+00
1.063570000E+00 1.585600000E+01 7.220040000E+00 1.165696663E+00
1.066270000E+00 1.489040000E+01 7.344300000E+00 1.162744896E+00
1.069360000E+00 1.361030000E+01 7.647520000E+00 1.159385053E+00
1.076500000E+00 1.015990000E+01 9.565790000E+00 1.151695309E+00
1.080020000E+00 8.613500000E+00 1.135470000E+01 1.147941705E+00
1.082270000E+00 7.850100000E+00 1.276400000E+01 1.145555176E+00
1.084110000E+00 7.484200000E+00 1.403170000E+01 1.143610888E+00
1.088000000E+00 7.116800000E+00 1.677560000E+01 1.139522059E+00
1.091770000E+00 7.540700000E+00 1.923710000E+01 1.135587166E+00
1.096330000E+00 8.607100000E+00 2.156140000E+01 1.130863882E+00
1.104490000E+00 1.048070000E+01 2.433610000E+01 1.122509031E+00
1.110760000E+00 1.167060000E+01 2.626350000E+01 1.116172711E+00
1.116720000E+00 1.308830000E+01 2.811100000E+01 1.110215631E+00
1.120460000E+00 1.424220000E+01 2.908830000E+01 1.106509826E+00
1.123390000E+00 1.522200000E+01 2.967460000E+01 1.103623853E+00
1.126560000E+00 1.629760000E+01 3.013050000E+01 1.100518392E+00
1.130760000E+00 1.755360000E+01 3.048800000E+01 1.096430719E+00
1.141560000E+00 2.021660000E+01 3.078400000E+01 1.086057675E+00
1.160210000E+00 2.330900000E+01 3.092000000E+01 1.068599650E+00
1.209000000E+00 2.861550000E+01 3.124760000E+01 1.025475600E+00
1.279010000E+00 3.415650000E+01 3.052530000E+01 9.693434766E-01
1.340880000E+00 3.714080000E+01 2.899130000E+01 9.246166696E-01
1.380200000E+00 3.757880000E+01 2.791010000E+01 8.982756122E-01
1.394860000E+00 3.700600000E+01 2.804180000E+01 8.888347218E-01
1.409910000E+00 3.690970000E+01 2.940910000E+01 8.793469087E-01
1.447600000E+00 4.026530000E+01 3.016800000E+01 8.564520586E-01
1.494610000E+00 4.223760000E+01 2.899110000E+01 8.295140538E-01
1.522130000E+00 4.253330000E+01 2.870270000E+01 8.145164999E-01
1.544410000E+00 4.333350000E+01 2.920660000E+01 8.027661049E-01
1.585490000E+00 4.532320000E+01 2.857920000E+01 7.819664583E-01
1.654510000E+00 4.713630000E+01 2.710380000E+01 7.493457277E-01
1.700520000E+00 4.760580000E+01 2.677740000E+01 7.290711077E-01
1.763560000E+00 4.964090000E+01 2.615780000E+01 7.030098210E-01
1.867200000E+00 5.163050000E+01 2.433650000E+01 6.639888603E-01
2.003850000E+00 5.340766000E+01 2.220860000E+01 6.187089852E-01
2.167780000E+00 5.483422000E+01 2.001510000E+01 5.719215049E-01
2.375150000E+00 5.602933000E+01 1.769030000E+01 5.219880850E-01
2.613440000E+00 5.685880000E+01 1.547200000E+01 4.743939023E-01
2.932330000E+00 5.743632000E+01 1.313550000E+01 4.228037090E-01
3.235940000E+00 5.766775000E+01 1.138140000E+01 3.831344215E-01
3.749520000E+00 5.765400000E+01 9.145690000E+00 3.306556573E-01
4.346470000E+00 5.728915000E+01 7.309640000E+00 2.852429673E-01
5.016330000E+00 5.656225000E+01 5.857730000E+00 2.471527990E-01
5.608120000E+00 5.557239000E+01 4.917630000E+00 2.210723023E-01
6.026950000E+00 5.445874000E+01 4.388870000E+00 2.057093555E-01
6.286910000E+00 5.335082000E+01 4.102340000E+00 1.972033956E-01
6.465280000E+00 5.209203000E+01 3.922780000E+00 1.917627697E-01
6.558820000E+00 5.089170000E+01 3.858160000E+00 1.890279044E-01
6.594760000E+00 5.013810000E+01 3.941530000E+00 1.879977437E-01
6.619730000E+00 4.947990000E+01 4.157970000E+00 1.872886054E-01
6.646520000E+00 4.871420000E+01 4.657000000E+00 1.865337049E-01
6.680790000E+00 4.791060000E+01 5.794000000E+00 1.855768554E-01
6.723870000E+00 4.776440000E+01 7.680530000E+00 1.843878600E-01
6.757950000E+00 4.838050000E+01 8.950730000E+00 1.834580013E-01
6.802560000E+00 4.957410000E+01 9.809580000E+00 1.822549158E-01
6.868900000E+00 5.090790000E+01 9.997030000E+00 1.804946935E-01
6.972910000E+00 5.190100000E+01 9.787860000E+00 1.778023809E-01
7.113310000E+00 5.231885000E+01 9.490640000E+00 1.742929803E-01
7.209990000E+00 5.196680000E+01 9.407130000E+00 1.719558557E-01
7.267880000E+00 5.146340000E+01 9.841490000E+00 1.705861957E-01
7.325770000E+00 5.137450000E+01 1.084730000E+01 1.692381825E-01
7.388000000E+00 5.207658000E+01 1.176550000E+01 1.678126692E-01
7.482830000E+00 5.328652000E+01 1.196270000E+01 1.656859771E-01
7.576190000E+00 5.378082000E+01 1.178910000E+01 1.636442592E-01
7.669610000E+00 5.385596000E+01 1.205150000E+01 1.616509836E-01
7.742850000E+00 5.429906000E+01 1.261720000E+01 1.601219189E-01
7.862640000E+00 5.555827000E+01 1.277760000E+01 1.576824069E-01
7.996270000E+00 5.645781000E+01 1.247050000E+01 1.550472908E-01
8.222860000E+00 5.748544000E+01 1.194830000E+01 1.507747913E-01
8.529690000E+00 5.845393000E+01 1.129410000E+01 1.453511206E-01
8.886890000E+00 5.925454000E+01 1.059050000E+01 1.395088721E-01
9.268660000E+00 5.987311000E+01 9.910510000E+00 1.337625935E-01
9.648800000E+00 6.034159000E+01 9.295540000E+00 1.284926623E-01
1.012020000E+01 6.077241000E+01 8.609400000E+00 1.225074603E-01
1.051330000E+01 6.104153200E+01 8.096350000E+00 1.179268165E-01
1.087150000E+01 6.123457700E+01 7.666070000E+00 1.140413006E-01
1.132360000E+01 6.142282100E+01 7.174740000E+00 1.094881486E-01
1.171520000E+01 6.154921500E+01 6.785390000E+00 1.058283256E-01
1.217230000E+01 6.165929000E+01 6.375940000E+00 1.018542100E-01
1.254400000E+01 6.173308600E+01 6.069650000E+00 9.883609694E-02
1.302710000E+01 6.180403100E+01 5.703350000E+00 9.517083618E-02
1.339710000E+01 6.184566800E+01 5.442090000E+00 9.254241590E-02
1.379900000E+01 6.187619500E+01 5.179700000E+00 8.984709037E-02
1.422670000E+01 6.189813200E+01 4.922020000E+00 8.714600013E-02
1.455370000E+01 6.190953530E+01 4.736540000E+00 8.518795908E-02
1.507140000E+01 6.191564080E+01 4.466630000E+00 8.226176732E-02
1.544360000E+01 6.191577010E+01 4.287440000E+00 8.027920951E-02
1.602520000E+01 6.191069400E+01 4.029760000E+00 7.736564910E-02
1.643230000E+01 6.190366950E+01 3.861390000E+00 7.544896332E-02
1.719220000E+01 6.187626900E+01 3.573990000E+00 7.211409825E-02
1.827390000E+01 6.182430000E+01 3.219210000E+00 6.784539699E-02
2.027370000E+01 6.171218600E+01 2.692000000E+00 6.115311956E-02
2.311890000E+01 6.154172400E+01 2.141250000E+00 5.362711894E-02
2.635210000E+01 6.134207500E+01 1.702040000E+00 4.704748388E-02
2.995860000E+01 6.112348600E+01 1.356010000E+00 4.138377628E-02
3.396540000E+01 6.086533000E+01 1.083950000E+00 3.650185188E-02
3.833730000E+01 6.052635000E+01 8.720130000E-01 3.233926229E-02
4.127360000E+01 6.020309000E+01 7.632270000E-01 3.003857187E-02
4.321880000E+01 5.987445000E+01 7.023710000E-01 2.868659010E-02
4.451600000E+01 5.952959000E+01 6.655880000E-01 2.785066044E-02
4.537410000E+01 5.915229000E+01 6.430110000E-01 2.732395794E-02
4.587070000E+01 5.876983000E+01 6.436490000E-01 2.702814651E-02
4.607150000E+01 5.853284000E+01 6.793610000E-01 2.691034588E-02
4.621480000E+01 5.832554000E+01 7.470840000E-01 2.682690394E-02
4.634960000E+01 5.810943000E+01 8.655270000E-01 2.674888241E-02
4.647350000E+01 5.791055000E+01 1.035770000E+00 2.667756894E-02
4.661850000E+01 5.771043000E+01 1.316710000E+00 2.659459228E-02
4.678560000E+01 5.758029000E+01 1.730910000E+00 2.649960672E-02
4.703930000E+01 5.765394000E+01 2.404740000E+00 2.635668473E-02
4.726390000E+01 5.796022000E+01 2.874270000E+00 2.623143668E-02
4.748970000E+01 5.835271000E+01 3.141230000E+00 2.610671367E-02
4.781440000E+01 5.884320000E+01 3.261130000E+00 2.592942712E-02
4.828710000E+01 5.930540000E+01 3.240860000E+00 2.567559452E-02
4.895030000E+01 5.970459000E+01 3.173360000E+00 2.532773037E-02
4.986420000E+01 6.006584000E+01 3.080800000E+00 2.486352935E-02
5.110350000E+01 6.039939000E+01 2.965940000E+00 2.426056924E-02
5.262250000E+01 6.069409000E+01 2.830430000E+00 2.356026415E-02
5.432500000E+01 6.092808000E+01 2.683630000E+00 2.282190520E-02
5.607210000E+01 6.110615500E+01 2.546640000E+00 2.211081804E-02
5.821030000E+01 6.127256500E+01 2.393980000E+00 2.129863615E-02
6.119880000E+01 6.143702700E+01 2.207660000E+00 2.025856716E-02
6.394220000E+01 6.155007200E+01 2.052930000E+00 1.938938604E-02
6.687180000E+01 6.163646400E+01 1.905170000E+00 1.853995257E-02
7.015990000E+01 6.170937600E+01 1.756200000E+00 1.767106282E-02
7.377350000E+01 6.176385700E+01 1.611100000E+00 1.680549249E-02
7.750200000E+01 6.180208300E+01 1.479740000E+00 1.599700653E-02
8.205520000E+01 6.183220300E+01 1.341600000E+00 1.510934103E-02
8.769380000E+01 6.185303100E+01 1.196200000E+00 1.413782958E-02
9.273970000E+01 6.186159200E+01 1.083820000E+00 1.336860050E-02
1.001150000E+02 6.186110000E+01 9.473240000E-01 1.238375868E-02
1.119190000E+02 6.184718900E+01 7.779870000E-01 1.107765438E-02
1.269810000E+02 6.181820200E+01 6.206040000E-01 9.763665430E-03
1.438870000E+02 6.178314300E+01 4.963270000E-01 8.616483769E-03
1.624150000E+02 6.174749800E+01 3.994270000E-01 7.633531386E-03
1.834600000E+02 6.171261200E+01 3.210290000E-01 6.757876376E-03
2.076780000E+02 6.167928000E+01 2.570840000E-01 5.969818662E-03
2.345400000E+02 6.164940800E+01 2.073670000E-01 5.286091925E-03
2.660730000E+02 6.162196400E+01 1.662270000E-01 4.659623487E-03
3.024900000E+02 6.159777900E+01 1.334210000E-01 4.098647889E-03
3.444130000E+02 6.157694300E+01 1.074260000E-01 3.599747977E-03
3.938310000E+02 6.155885100E+01 8.647390000E-02 3.148050814E-03
4.480110000E+02 6.154447100E+01 7.073510000E-02 2.767342766E-03
5.128610000E+02 6.153215400E+01 5.788030000E-02 2.417419145E-03
5.892670000E+02 6.152203800E+01 4.759450000E-02 2.103969847E-03
6.819460000E+02 6.151369100E+01 3.925270000E-02 1.818032513E-03
7.957580000E+02 6.150702200E+01 3.255350000E-02 1.558011355E-03
9.360410000E+02 6.150192100E+01 2.709930000E-02 1.324514631E-03
1.120600000E+03 6.149813100E+01 2.234080000E-02 1.106371587E-03
1.347260000E+03 6.149542300E+01 1.823330000E-02 9.202381129E-04
1.619760000E+03 6.149349400E+01 1.488100000E-02 7.654220378E-04
1.947380000E+03 6.149211100E+01 1.214500000E-02 6.366502686E-04
2.341270000E+03 6.149111000E+01 9.912100000E-03 5.295416590E-04
2.814820000E+03 6.149030200E+01 8.089700000E-03 4.404544518E-04
3.384160000E+03 6.148971700E+01 6.602360000E-03 3.663538367E-04
4.068660000E+03 6.148931300E+01 5.388470000E-03 3.047194900E-04
4.891600000E+03 6.148903300E+01 4.397770000E-03 2.534549023E-04
5.881000000E+03 6.148883900E+01 3.589210000E-03 2.108144873E-04
7.070510000E+03 6.148870500E+01 2.929310000E-03 1.753480301E-04
8.500630000E+03 6.148861300E+01 2.390740000E-03 1.458480136E-04
1.000000000E+04 6.148855500E+01 2.002040000E-03 1.239800000E-04
