# Data retrieved from https://www-nds.iaea.org/epdl97/za1to100.htm 03/01/2021
# Element, Sn  (Z = 50) 
# Atomic weight, g mol-1 = 118.69 
# Nominal density, g cm-3 =  7.31000E+0 
# Relativistic correction estimate f_rel(5CL)*,  e atom-1 =  0 
# Nuclear Thomson correction f_NT*, e atom-1 =  0 
#    E [keV]      f1 [e atom-1]      f2 [e atom-1]    Wavelength [nm] 
1.000000000E-03 3.730200000E+00 0.000000000E+00 1.239800000E+03
1.125000000E-03 3.721900000E+00 0.000000000E+00 1.102044444E+03
1.265630000E-03 3.712500000E+00 0.000000000E+00 9.795911917E+02
1.423830000E-03 3.702000000E+00 0.000000000E+00 8.707500193E+02
1.500000000E-03 3.696900000E+00 0.000000000E+00 8.265333333E+02
1.601810000E-03 3.687800000E+00 0.000000000E+00 7.739994132E+02
1.767930000E-03 3.672900000E+00 0.000000000E+00 7.012721092E+02
1.913290000E-03 3.658900000E+00 0.000000000E+00 6.479937699E+02
2.040480000E-03 3.643700000E+00 0.000000000E+00 6.076021328E+02
2.263060000E-03 3.615400000E+00 0.000000000E+00 5.478423020E+02
2.430000000E-03 3.591700000E+00 0.000000000E+00 5.102057613E+02
2.555200000E-03 3.572300000E+00 0.000000000E+00 4.852066374E+02
2.743010000E-03 3.540400000E+00 0.000000000E+00 4.519852279E+02
2.836910000E-03 3.523200000E+00 0.000000000E+00 4.370247911E+02
2.930810000E-03 3.505800000E+00 0.000000000E+00 4.230229868E+02
2.938030000E-03 3.504400000E+00 0.000000000E+00 4.219834379E+02
2.945240000E-03 3.503100000E+00 0.000000000E+00 4.209504149E+02
2.952450000E-03 3.501700000E+00 0.000000000E+00 4.199224373E+02
2.959670000E-03 3.500400000E+00 0.000000000E+00 4.188980528E+02
2.966880000E-03 3.499100000E+00 0.000000000E+00 4.178800626E+02
2.976610000E-03 3.497100000E+00 0.000000000E+00 4.165140882E+02
2.988520000E-03 3.494500000E+00 0.000000000E+00 4.148541753E+02
2.995740000E-03 3.493000000E+00 0.000000000E+00 4.138543398E+02
3.002950000E-03 3.491500000E+00 0.000000000E+00 4.128606870E+02
3.010160000E-03 3.489900000E+00 0.000000000E+00 4.118717942E+02
3.017380000E-03 3.488400000E+00 0.000000000E+00 4.108862656E+02
3.024590000E-03 3.486800000E+00 0.000000000E+00 4.099067973E+02
3.039020000E-03 3.483800000E+00 0.000000000E+00 4.079604609E+02
3.046230000E-03 3.482200000E+00 0.000000000E+00 4.069948756E+02
3.053450000E-03 3.480700000E+00 0.000000000E+00 4.060325206E+02
3.060660000E-03 3.479100000E+00 0.000000000E+00 4.050760294E+02
3.067870000E-03 3.477600000E+00 0.000000000E+00 4.041240339E+02
3.075090000E-03 3.476100000E+00 0.000000000E+00 4.031751916E+02
3.166580000E-03 3.456000000E+00 0.000000000E+00 3.915265049E+02
3.235200000E-03 3.440400000E+00 0.000000000E+00 3.832220574E+02
3.286670000E-03 3.428600000E+00 0.000000000E+00 3.772207128E+02
3.325270000E-03 3.419300000E+00 0.000000000E+00 3.728419046E+02
3.354220000E-03 3.412300000E+00 0.000000000E+00 3.696239364E+02
3.375930000E-03 3.406800000E+00 0.000000000E+00 3.672469512E+02
3.392210000E-03 3.402700000E+00 0.000000000E+00 3.654844482E+02
3.419200000E-03 3.395900000E+00 0.000000000E+00 3.625994385E+02
3.428850000E-03 3.393300000E+00 0.000000000E+00 3.615789550E+02
3.434960000E-03 3.391700000E+00 0.000000000E+00 3.609357896E+02
3.441060000E-03 3.390000000E+00 0.000000000E+00 3.602959553E+02
3.449530000E-03 3.387800000E+00 0.000000000E+00 3.594112821E+02
3.458000000E-03 3.385500000E+00 0.000000000E+00 3.585309427E+02
3.466470000E-03 3.383300000E+00 0.000000000E+00 3.576549054E+02
3.474940000E-03 3.381000000E+00 0.000000000E+00 3.567831387E+02
3.483410000E-03 3.378700000E+00 0.000000000E+00 3.559156114E+02
3.491880000E-03 3.376500000E+00 0.000000000E+00 3.550522927E+02
3.496120000E-03 3.375300000E+00 0.000000000E+00 3.546216949E+02
3.500350000E-03 3.374200000E+00 0.000000000E+00 3.541931521E+02
3.504590000E-03 3.373100000E+00 0.000000000E+00 3.537646344E+02
3.508820000E-03 3.371900000E+00 0.000000000E+00 3.533381593E+02
3.513060000E-03 3.370800000E+00 0.000000000E+00 3.529117066E+02
3.517290000E-03 3.369700000E+00 0.000000000E+00 3.524872842E+02
3.525760000E-03 3.367300000E+00 0.000000000E+00 3.516404974E+02
3.526820000E-03 3.367100000E+00 0.000000000E+00 3.515348104E+02
3.528670000E-03 3.366500000E+00 0.000000000E+00 3.513505088E+02
3.532150000E-03 3.365600000E+00 0.000000000E+00 3.510043458E+02
3.532670000E-03 3.365400000E+00 0.000000000E+00 3.509526789E+02
3.533640000E-03 3.365200000E+00 0.000000000E+00 3.508563408E+02
3.533940000E-03 3.365100000E+00 0.000000000E+00 3.508265562E+02
3.534490000E-03 3.364900000E+00 0.000000000E+00 3.507719643E+02
3.535520000E-03 3.364700000E+00 0.000000000E+00 3.506697742E+02
3.537310000E-03 3.364200000E+00 0.000000000E+00 3.504923233E+02
3.544820000E-03 3.362100000E+00 0.000000000E+00 3.497497757E+02
3.547990000E-03 3.361200000E+00 0.000000000E+00 3.494372870E+02
3.551700000E-03 3.360200000E+00 0.000000000E+00 3.490722752E+02
3.555400000E-03 3.359100000E+00 0.000000000E+00 3.487090060E+02
3.559640000E-03 3.357900000E+00 0.000000000E+00 3.482936477E+02
3.563870000E-03 3.356700000E+00 0.000000000E+00 3.478802538E+02
3.568110000E-03 3.355500000E+00 0.000000000E+00 3.474668662E+02
3.572340000E-03 3.354200000E+00 0.000000000E+00 3.470554315E+02
3.576580000E-03 3.353000000E+00 0.000000000E+00 3.466440007E+02
3.585050000E-03 3.350500000E+00 0.000000000E+00 3.458250234E+02
3.593520000E-03 3.348100000E+00 0.000000000E+00 3.450099067E+02
3.597750000E-03 3.346800000E+00 0.000000000E+00 3.446042666E+02
3.608340000E-03 3.343800000E+00 0.000000000E+00 3.435928987E+02
3.610460000E-03 3.343100000E+00 0.000000000E+00 3.433911468E+02
3.612590000E-03 3.342500000E+00 0.000000000E+00 3.431886818E+02
3.616780000E-03 3.341300000E+00 0.000000000E+00 3.427911015E+02
3.620840000E-03 3.340100000E+00 0.000000000E+00 3.424067343E+02
3.624780000E-03 3.339000000E+00 0.000000000E+00 3.420345511E+02
3.628590000E-03 3.337900000E+00 0.000000000E+00 3.416754166E+02
3.632280000E-03 3.336800000E+00 0.000000000E+00 3.413283117E+02
3.635860000E-03 3.335700000E+00 0.000000000E+00 3.409922274E+02
3.746770000E-03 3.301700000E+00 0.000000000E+00 3.308983471E+02
3.755990000E-03 3.298800000E+00 0.000000000E+00 3.300860758E+02
3.765210000E-03 3.295900000E+00 0.000000000E+00 3.292777826E+02
3.774430000E-03 3.293000000E+00 0.000000000E+00 3.284734384E+02
3.783660000E-03 3.290100000E+00 0.000000000E+00 3.276721481E+02
3.792880000E-03 3.287100000E+00 0.000000000E+00 3.268756196E+02
3.799720000E-03 3.284900000E+00 0.000000000E+00 3.262872001E+02
3.806550000E-03 3.282600000E+00 0.000000000E+00 3.257017509E+02
3.813550000E-03 3.280300000E+00 0.000000000E+00 3.251039058E+02
3.820550000E-03 3.278000000E+00 0.000000000E+00 3.245082514E+02
3.829770000E-03 3.274900000E+00 0.000000000E+00 3.237270123E+02
3.838990000E-03 3.271800000E+00 0.000000000E+00 3.229495258E+02
3.848210000E-03 3.268700000E+00 0.000000000E+00 3.221757648E+02
3.849360000E-03 3.268300000E+00 0.000000000E+00 3.220795145E+02
3.851380000E-03 3.267600000E+00 0.000000000E+00 3.219105879E+02
3.857430000E-03 3.265400000E+00 0.000000000E+00 3.214057028E+02
3.857660000E-03 3.265400000E+00 0.000000000E+00 3.213865400E+02
3.858560000E-03 3.265000000E+00 0.000000000E+00 3.213115774E+02
3.860230000E-03 3.264500000E+00 0.000000000E+00 3.211725726E+02
3.861700000E-03 3.263900000E+00 0.000000000E+00 3.210503146E+02
3.864270000E-03 3.263000000E+00 0.000000000E+00 3.208367945E+02
3.868120000E-03 3.261700000E+00 0.000000000E+00 3.205174607E+02
3.871980000E-03 3.260300000E+00 0.000000000E+00 3.201979349E+02
3.875260000E-03 3.259200000E+00 0.000000000E+00 3.199269210E+02
3.880180000E-03 3.257400000E+00 0.000000000E+00 3.195212593E+02
3.882640000E-03 3.256600000E+00 0.000000000E+00 3.193188140E+02
3.885100000E-03 3.255700000E+00 0.000000000E+00 3.191166251E+02
3.889710000E-03 3.254100000E+00 0.000000000E+00 3.187384149E+02
3.892020000E-03 3.253300000E+00 0.000000000E+00 3.185492366E+02
3.894320000E-03 3.252500000E+00 0.000000000E+00 3.183611003E+02
3.898930000E-03 3.250900000E+00 0.000000000E+00 3.179846778E+02
3.901240000E-03 3.250000000E+00 0.000000000E+00 3.177963929E+02
3.902390000E-03 3.249600000E+00 0.000000000E+00 3.177027411E+02
3.903550000E-03 3.249200000E+00 0.000000000E+00 3.176083309E+02
3.913060000E-03 3.245900000E+00 0.000000000E+00 3.168364400E+02
3.914170000E-03 3.245500000E+00 0.000000000E+00 3.167465900E+02
3.916130000E-03 3.244800000E+00 0.000000000E+00 3.165880602E+02
3.926600000E-03 3.241100000E+00 0.000000000E+00 3.157439006E+02
3.928910000E-03 3.240300000E+00 0.000000000E+00 3.155582592E+02
3.931210000E-03 3.239500000E+00 0.000000000E+00 3.153736381E+02
3.934310000E-03 3.238400000E+00 0.000000000E+00 3.151251427E+02
3.937400000E-03 3.237300000E+00 0.000000000E+00 3.148778382E+02
3.946750000E-03 3.234100000E+00 0.000000000E+00 3.141318807E+02
3.956090000E-03 3.230700000E+00 0.000000000E+00 3.133902414E+02
3.965440000E-03 3.227100000E+00 0.000000000E+00 3.126513073E+02
3.974790000E-03 3.223500000E+00 0.000000000E+00 3.119158496E+02
3.984130000E-03 3.220000000E+00 0.000000000E+00 3.111846250E+02
4.052080000E-03 3.192500000E+00 0.000000000E+00 3.059663185E+02
4.086060000E-03 3.177900000E+00 0.000000000E+00 3.034218783E+02
4.103040000E-03 3.170600000E+00 0.000000000E+00 3.021661987E+02
4.120030000E-03 3.163300000E+00 0.000000000E+00 3.009201389E+02
4.122070000E-03 3.162400000E+00 0.000000000E+00 3.007712145E+02
4.132220000E-03 3.158100000E+00 0.000000000E+00 3.000324281E+02
4.142360000E-03 3.153700000E+00 0.000000000E+00 2.992979847E+02
4.152510000E-03 3.149100000E+00 0.000000000E+00 2.985664092E+02
4.162650000E-03 3.144400000E+00 0.000000000E+00 2.978391169E+02
4.172800000E-03 3.139700000E+00 0.000000000E+00 2.971146472E+02
4.191020000E-03 3.131200000E+00 0.000000000E+00 2.958229739E+02
4.203240000E-03 3.125500000E+00 0.000000000E+00 2.949629334E+02
4.213380000E-03 3.120800000E+00 0.000000000E+00 2.942530700E+02
4.223530000E-03 3.116000000E+00 0.000000000E+00 2.935459201E+02
4.233680000E-03 3.111100000E+00 0.000000000E+00 2.928421610E+02
4.243820000E-03 3.106200000E+00 0.000000000E+00 2.921424566E+02
4.250430000E-03 3.103000000E+00 0.000000000E+00 2.916881351E+02
4.253730000E-03 3.101400000E+00 0.000000000E+00 2.914618464E+02
4.257030000E-03 3.099800000E+00 0.000000000E+00 2.912359086E+02
4.277980000E-03 3.089600000E+00 0.000000000E+00 2.898096765E+02
4.288460000E-03 3.084600000E+00 0.000000000E+00 2.891014490E+02
4.298940000E-03 3.079500000E+00 0.000000000E+00 2.883966745E+02
4.309420000E-03 3.074400000E+00 0.000000000E+00 2.876953279E+02
4.317200000E-03 3.070700000E+00 0.000000000E+00 2.871768739E+02
4.324990000E-03 3.066600000E+00 0.000000000E+00 2.866596223E+02
4.332920000E-03 3.062300000E+00 0.000000000E+00 2.861349852E+02
4.336890000E-03 3.060200000E+00 0.000000000E+00 2.858730565E+02
4.340850000E-03 3.058100000E+00 0.000000000E+00 2.856122649E+02
4.348710000E-03 3.053900000E+00 0.000000000E+00 2.850960400E+02
4.353950000E-03 3.051100000E+00 0.000000000E+00 2.847529255E+02
4.357880000E-03 3.049000000E+00 0.000000000E+00 2.844961311E+02
4.359850000E-03 3.047900000E+00 0.000000000E+00 2.843675815E+02
4.360830000E-03 3.047400000E+00 0.000000000E+00 2.843036761E+02
4.361320000E-03 3.047200000E+00 0.000000000E+00 2.842717342E+02
4.361810000E-03 3.046900000E+00 0.000000000E+00 2.842397995E+02
4.362140000E-03 3.046700000E+00 0.000000000E+00 2.842182965E+02
4.362770000E-03 3.046400000E+00 0.000000000E+00 2.841772544E+02
4.372290000E-03 3.041300000E+00 0.000000000E+00 2.835585014E+02
4.373600000E-03 3.040600000E+00 0.000000000E+00 2.834735687E+02
4.382770000E-03 3.035700000E+00 0.000000000E+00 2.828804614E+02
4.385450000E-03 3.034200000E+00 0.000000000E+00 2.827075899E+02
4.393500000E-03 3.029900000E+00 0.000000000E+00 2.821895983E+02
4.398490000E-03 3.027300000E+00 0.000000000E+00 2.818694597E+02
4.405990000E-03 3.023300000E+00 0.000000000E+00 2.813896536E+02
4.413480000E-03 3.019300000E+00 0.000000000E+00 2.809121147E+02
4.424680000E-03 3.013300000E+00 0.000000000E+00 2.802010541E+02
4.435160000E-03 3.007700000E+00 0.000000000E+00 2.795389569E+02
4.445640000E-03 3.002000000E+00 0.000000000E+00 2.788799813E+02
4.462250000E-03 2.992800000E+00 0.000000000E+00 2.778418959E+02
4.466590000E-03 2.990300000E+00 0.000000000E+00 2.775719285E+02
4.468640000E-03 2.989200000E+00 0.000000000E+00 2.774445916E+02
4.474010000E-03 2.986100000E+00 0.000000000E+00 2.771115845E+02
4.479370000E-03 2.982800000E+00 0.000000000E+00 2.767799936E+02
4.490110000E-03 2.976200000E+00 0.000000000E+00 2.761179570E+02
4.499500000E-03 2.970400000E+00 0.000000000E+00 2.755417269E+02
4.508900000E-03 2.964700000E+00 0.000000000E+00 2.749672869E+02
4.522310000E-03 2.956400000E+00 0.000000000E+00 2.741519268E+02
4.533050000E-03 2.949900000E+00 0.000000000E+00 2.735023880E+02
4.543780000E-03 2.943300000E+00 0.000000000E+00 2.728565203E+02
4.554520000E-03 2.936700000E+00 0.000000000E+00 2.722130982E+02
4.565250000E-03 2.930100000E+00 0.000000000E+00 2.715732983E+02
4.575990000E-03 2.923500000E+00 0.000000000E+00 2.709359068E+02
4.589560000E-03 2.915200000E+00 0.000000000E+00 2.701348277E+02
4.599740000E-03 2.909000000E+00 0.000000000E+00 2.695369738E+02
4.607380000E-03 2.904100000E+00 0.000000000E+00 2.690900251E+02
4.618830000E-03 2.896400000E+00 0.000000000E+00 2.684229556E+02
4.624560000E-03 2.892500000E+00 0.000000000E+00 2.680903697E+02
4.630280000E-03 2.888700000E+00 0.000000000E+00 2.677591852E+02
4.632330000E-03 2.887300000E+00 0.000000000E+00 2.676406905E+02
4.638030000E-03 2.883400000E+00 0.000000000E+00 2.673117681E+02
4.655130000E-03 2.871500000E+00 0.000000000E+00 2.663298340E+02
4.666540000E-03 2.863600000E+00 0.000000000E+00 2.656786398E+02
4.677940000E-03 2.855600000E+00 0.000000000E+00 2.650311889E+02
4.689340000E-03 2.847600000E+00 0.000000000E+00 2.643868860E+02
4.697370000E-03 2.842000000E+00 0.000000000E+00 2.639349253E+02
4.703390000E-03 2.837800000E+00 0.000000000E+00 2.635971076E+02
4.712420000E-03 2.831400000E+00 0.000000000E+00 2.630919994E+02
4.716940000E-03 2.828300000E+00 0.000000000E+00 2.628398920E+02
4.721850000E-03 2.824900000E+00 0.000000000E+00 2.625665788E+02
4.731580000E-03 2.817400000E+00 0.000000000E+00 2.620266380E+02
4.734950000E-03 2.814800000E+00 0.000000000E+00 2.618401461E+02
4.737800000E-03 2.812600000E+00 0.000000000E+00 2.616826375E+02
4.742070000E-03 2.809300000E+00 0.000000000E+00 2.614470052E+02
4.744210000E-03 2.807700000E+00 0.000000000E+00 2.613290727E+02
4.745280000E-03 2.806900000E+00 0.000000000E+00 2.612701463E+02
4.745820000E-03 2.806500000E+00 0.000000000E+00 2.612404179E+02
4.746710000E-03 2.805800000E+00 0.000000000E+00 2.611914358E+02
4.747400000E-03 2.805200000E+00 0.000000000E+00 2.611534735E+02
4.757750000E-03 2.797300000E+00 0.000000000E+00 2.605853607E+02
4.759180000E-03 2.796200000E+00 0.000000000E+00 2.605070621E+02
4.764170000E-03 2.792400000E+00 0.000000000E+00 2.602342066E+02
4.769150000E-03 2.788500000E+00 0.000000000E+00 2.599624671E+02
4.772400000E-03 2.786000000E+00 0.000000000E+00 2.597854329E+02
4.778080000E-03 2.781700000E+00 0.000000000E+00 2.594766099E+02
4.782350000E-03 2.778400000E+00 0.000000000E+00 2.592449319E+02
4.788740000E-03 2.773500000E+00 0.000000000E+00 2.588990006E+02
4.795130000E-03 2.768600000E+00 0.000000000E+00 2.585539912E+02
4.803360000E-03 2.762300000E+00 0.000000000E+00 2.581109890E+02
4.809080000E-03 2.757900000E+00 0.000000000E+00 2.578039875E+02
4.815210000E-03 2.753200000E+00 0.000000000E+00 2.574757903E+02
4.818740000E-03 2.750400000E+00 0.000000000E+00 2.572871747E+02
4.826560000E-03 2.743900000E+00 0.000000000E+00 2.568703176E+02
4.830540000E-03 2.740200000E+00 0.000000000E+00 2.566586758E+02
4.838320000E-03 2.733100000E+00 0.000000000E+00 2.562459697E+02
4.842340000E-03 2.729500000E+00 0.000000000E+00 2.560332401E+02
4.843820000E-03 2.728100000E+00 0.000000000E+00 2.559550107E+02
4.846400000E-03 2.725800000E+00 0.000000000E+00 2.558187521E+02
4.854150000E-03 2.718700000E+00 0.000000000E+00 2.554103190E+02
4.860640000E-03 2.712800000E+00 0.000000000E+00 2.550692913E+02
4.861410000E-03 2.712100000E+00 0.000000000E+00 2.550288908E+02
4.862910000E-03 2.710700000E+00 0.000000000E+00 2.549502253E+02
4.865720000E-03 2.708200000E+00 0.000000000E+00 2.548029891E+02
4.868170000E-03 2.705900000E+00 0.000000000E+00 2.546747546E+02
4.870320000E-03 2.704000000E+00 0.000000000E+00 2.545623286E+02
4.874090000E-03 2.700500000E+00 0.000000000E+00 2.543654303E+02
4.876910000E-03 2.698000000E+00 0.000000000E+00 2.542183473E+02
4.879030000E-03 2.696000000E+00 0.000000000E+00 2.541078862E+02
4.882200000E-03 2.693100000E+00 0.000000000E+00 2.539428946E+02
4.883790000E-03 2.691700000E+00 0.000000000E+00 2.538602192E+02
4.884580000E-03 2.691000000E+00 0.000000000E+00 2.538191615E+02
4.886690000E-03 2.689000000E+00 0.000000000E+00 2.537095662E+02
4.889000000E-03 2.686900000E+00 0.000000000E+00 2.535896911E+02
4.890730000E-03 2.685400000E+00 0.000000000E+00 2.534999888E+02
4.892940000E-03 2.683300000E+00 0.000000000E+00 2.533854901E+02
4.895170000E-03 2.681300000E+00 0.000000000E+00 2.532700601E+02
4.898830000E-03 2.678000000E+00 0.000000000E+00 2.530808377E+02
4.900280000E-03 2.676700000E+00 0.000000000E+00 2.530059507E+02
4.903240000E-03 2.674000000E+00 0.000000000E+00 2.528532154E+02
4.911130000E-03 2.666800000E+00 0.000000000E+00 2.524469929E+02
4.913770000E-03 2.664400000E+00 0.000000000E+00 2.523113617E+02
4.925800000E-03 2.653400000E+00 0.000000000E+00 2.516951561E+02
4.931820000E-03 2.647900000E+00 0.000000000E+00 2.513879258E+02
4.937840000E-03 2.642400000E+00 0.000000000E+00 2.510814445E+02
4.945310000E-03 2.635600000E+00 0.000000000E+00 2.507021804E+02
4.956520000E-03 2.625400000E+00 0.000000000E+00 2.501351755E+02
4.967720000E-03 2.615100000E+00 0.000000000E+00 2.495712319E+02
4.973940000E-03 2.609300000E+00 0.000000000E+00 2.492591386E+02
4.983980000E-03 2.599800000E+00 0.000000000E+00 2.487570175E+02
4.995780000E-03 2.588700000E+00 0.000000000E+00 2.481694550E+02
5.007580000E-03 2.576700000E+00 0.000000000E+00 2.475846617E+02
5.022090000E-03 2.560400000E+00 0.000000000E+00 2.468693313E+02
5.031190000E-03 2.550200000E+00 0.000000000E+00 2.464228145E+02
5.039410000E-03 2.540900000E+00 0.000000000E+00 2.460208636E+02
5.070230000E-03 2.506200000E+00 0.000000000E+00 2.445253963E+02
5.082260000E-03 2.492700000E+00 0.000000000E+00 2.439465907E+02
5.085110000E-03 2.489500000E+00 0.000000000E+00 2.438098684E+02
5.093960000E-03 2.479500000E+00 0.000000000E+00 2.433862849E+02
5.100230000E-03 2.472400000E+00 0.000000000E+00 2.430870765E+02
5.106500000E-03 2.465000000E+00 0.000000000E+00 2.427886028E+02
5.111360000E-03 2.459300000E+00 0.000000000E+00 2.425577537E+02
5.119030000E-03 2.450300000E+00 0.000000000E+00 2.421943220E+02
5.127110000E-03 2.440700000E+00 0.000000000E+00 2.418126391E+02
5.131960000E-03 2.435000000E+00 0.000000000E+00 2.415841121E+02
5.136910000E-03 2.429200000E+00 0.000000000E+00 2.413513182E+02
5.144110000E-03 2.419200000E+00 0.000000000E+00 2.410135087E+02
5.147250000E-03 2.414900000E+00 0.000000000E+00 2.408664821E+02
5.156650000E-03 2.401900000E+00 0.000000000E+00 2.404274093E+02
5.160220000E-03 2.396900000E+00 0.000000000E+00 2.402610741E+02
5.166480000E-03 2.388200000E+00 0.000000000E+00 2.399699602E+02
5.171170000E-03 2.381700000E+00 0.000000000E+00 2.397523191E+02
5.178200000E-03 2.372000000E+00 0.000000000E+00 2.394268279E+02
5.181720000E-03 2.367100000E+00 0.000000000E+00 2.392641825E+02
5.185240000E-03 2.362300000E+00 0.000000000E+00 2.391017581E+02
5.191500000E-03 2.353600000E+00 0.000000000E+00 2.388134451E+02
5.196190000E-03 2.347100000E+00 0.000000000E+00 2.385978958E+02
5.201260000E-03 2.340100000E+00 0.000000000E+00 2.383653192E+02
5.203340000E-03 2.337200000E+00 0.000000000E+00 2.382700342E+02
5.208690000E-03 2.329800000E+00 0.000000000E+00 2.380253000E+02
5.219940000E-03 2.314200000E+00 0.000000000E+00 2.375123086E+02
5.223100000E-03 2.309800000E+00 0.000000000E+00 2.373686125E+02
5.232600000E-03 2.296700000E+00 0.000000000E+00 2.369376601E+02
5.236400000E-03 2.291400000E+00 0.000000000E+00 2.367657169E+02
5.247820000E-03 2.273300000E+00 0.000000000E+00 2.362504812E+02
5.254080000E-03 2.263200000E+00 0.000000000E+00 2.359689993E+02
5.263460000E-03 2.248100000E+00 0.000000000E+00 2.355484795E+02
5.268160000E-03 2.240500000E+00 0.000000000E+00 2.353383344E+02
5.272850000E-03 2.233000000E+00 0.000000000E+00 2.351290099E+02
5.278050000E-03 2.224600000E+00 0.000000000E+00 2.348973579E+02
5.283240000E-03 2.216300000E+00 0.000000000E+00 2.346666061E+02
5.289750000E-03 2.205800000E+00 0.000000000E+00 2.343778061E+02
5.295900000E-03 2.195900000E+00 0.000000000E+00 2.341056289E+02
5.308080000E-03 2.176300000E+00 0.000000000E+00 2.335684466E+02
5.316590000E-03 2.161200000E+00 0.000000000E+00 2.331945853E+02
5.319050000E-03 2.156400000E+00 0.000000000E+00 2.330867354E+02
5.320620000E-03 2.153300000E+00 0.000000000E+00 2.330179566E+02
5.328810000E-03 2.137100000E+00 0.000000000E+00 2.326598246E+02
5.330440000E-03 2.133800000E+00 0.000000000E+00 2.325886794E+02
5.341830000E-03 2.110500000E+00 0.000000000E+00 2.320927472E+02
5.343800000E-03 2.106400000E+00 0.000000000E+00 2.320071859E+02
5.347260000E-03 2.099300000E+00 0.000000000E+00 2.318570632E+02
5.352440000E-03 2.088600000E+00 0.000000000E+00 2.316326759E+02
5.357620000E-03 2.077900000E+00 0.000000000E+00 2.314087225E+02
5.363440000E-03 2.066000000E+00 0.000000000E+00 2.311576153E+02
5.367800000E-03 2.057000000E+00 0.000000000E+00 2.309698573E+02
5.371070000E-03 2.050200000E+00 0.000000000E+00 2.308292389E+02
5.375980000E-03 2.040100000E+00 0.000000000E+00 2.306184175E+02
5.378440000E-03 2.035000000E+00 0.000000000E+00 2.305129368E+02
5.390250000E-03 2.010700000E+00 0.000000000E+00 2.300078846E+02
5.391160000E-03 2.008800000E+00 0.000000000E+00 2.299690605E+02
5.393910000E-03 2.003200000E+00 0.000000000E+00 2.298518144E+02
5.395370000E-03 2.000100000E+00 0.000000000E+00 2.297896159E+02
5.404420000E-03 1.981500000E+00 0.000000000E+00 2.294048205E+02
5.407140000E-03 1.975900000E+00 0.000000000E+00 2.292894210E+02
5.409850000E-03 1.970300000E+00 0.000000000E+00 2.291745612E+02
5.422910000E-03 1.943400000E+00 0.000000000E+00 2.286226399E+02
5.429440000E-03 1.928200000E+00 0.000000000E+00 2.283476749E+02
5.435970000E-03 1.911400000E+00 0.000000000E+00 2.280733705E+02
5.445760000E-03 1.886100000E+00 0.000000000E+00 2.276633564E+02
5.460450000E-03 1.848300000E+00 0.000000000E+00 2.270508841E+02
5.467800000E-03 1.829300000E+00 0.000000000E+00 2.267456747E+02
5.475150000E-03 1.810400000E+00 0.000000000E+00 2.264412847E+02
5.489210000E-03 1.770400000E+00 0.000000000E+00 2.258612806E+02
5.506150000E-03 1.717100000E+00 0.000000000E+00 2.251664048E+02
5.515090000E-03 1.688100000E+00 0.000000000E+00 2.248014085E+02
5.552980000E-03 1.558200000E+00 4.848960000E-06 2.232675068E+02
5.608460000E-03 1.304900000E+00 8.135020000E-04 2.210589003E+02
5.635590000E-03 1.137300000E+00 5.854810000E-03 2.199947122E+02
5.652470000E-03 1.006900000E+00 1.692390000E-02 2.193377408E+02
5.659480000E-03 9.458000000E-01 2.533610000E-02 2.190660626E+02
5.662900000E-03 9.144000000E-01 3.061320000E-02 2.189337619E+02
5.664560000E-03 8.986000000E-01 3.351660000E-02 2.188696033E+02
5.666320000E-03 8.818000000E-01 3.682920000E-02 2.188016208E+02
5.670980000E-03 8.358000000E-01 4.697950000E-02 2.186218255E+02
5.676100000E-03 7.827000000E-01 6.082280000E-02 2.184246225E+02
5.682650000E-03 7.116000000E-01 8.318120000E-02 2.181728595E+02
5.688610000E-03 6.440000000E-01 1.089580000E-01 2.179442781E+02
5.690780000E-03 6.186000000E-01 1.198770000E-01 2.178611719E+02
5.694160000E-03 5.787000000E-01 1.383840000E-01 2.177318516E+02
5.698120000E-03 5.312000000E-01 1.630460000E-01 2.175805353E+02
5.705460000E-03 4.419000000E-01 2.170230000E-01 2.173006208E+02
5.723500000E-03 2.267000000E-01 4.026850000E-01 2.166157072E+02
5.738300000E-03 7.440000000E-02 6.135130000E-01 2.160570204E+02
5.751250000E-03 -2.420000000E-02 8.355310000E-01 2.155705281E+02
5.763280000E-03 -5.960000000E-02 1.063400000E+00 2.151205563E+02
5.775570000E-03 -6.660000000E-02 1.301040000E+00 2.146627952E+02
5.785840000E-03 -4.330000000E-02 1.494910000E+00 2.142817638E+02
5.797900000E-03 2.920000000E-02 1.706890000E+00 2.138360441E+02
5.806620000E-03 1.045000000E-01 1.841990000E+00 2.135149192E+02
5.822120000E-03 2.662000000E-01 2.039630000E+00 2.129464868E+02
5.836450000E-03 4.316000000E-01 2.171680000E+00 2.124236479E+02
5.843180000E-03 5.085000000E-01 2.216580000E+00 2.121789847E+02
5.860190000E-03 6.935000000E-01 2.296210000E+00 2.115631063E+02
5.872740000E-03 8.170000000E-01 2.330470000E+00 2.111109976E+02
5.884090000E-03 9.157000000E-01 2.347240000E+00 2.107037792E+02
5.895430000E-03 9.989000000E-01 2.355110000E+00 2.102984854E+02
5.910340000E-03 1.099500000E+00 2.360330000E+00 2.097679660E+02
5.925510000E-03 1.175000000E+00 2.356310000E+00 2.092309354E+02
5.940470000E-03 1.249500000E+00 2.352350000E+00 2.087040251E+02
5.955440000E-03 1.310900000E+00 2.348310000E+00 2.081794124E+02
5.976160000E-03 1.379900000E+00 2.342650000E+00 2.074576317E+02
5.993680000E-03 1.428200000E+00 2.337410000E+00 2.068512166E+02
6.010110000E-03 1.469700000E+00 2.332310000E+00 2.062857419E+02
6.035580000E-03 1.521500000E+00 2.324230000E+00 2.054152211E+02
6.082290000E-03 1.581600000E+00 2.309230000E+00 2.038376993E+02
6.123040000E-03 1.591200000E+00 2.297120000E+00 2.024811205E+02
6.157340000E-03 1.556200000E+00 2.295590000E+00 2.013531817E+02
6.207230000E-03 1.415400000E+00 2.371150000E+00 1.997348254E+02
6.249670000E-03 1.281600000E+00 2.608200000E+00 1.983784744E+02
6.267670000E-03 1.268400000E+00 2.759260000E+00 1.978087551E+02
6.291240000E-03 1.313100000E+00 2.972110000E+00 1.970676687E+02
6.310120000E-03 1.401600000E+00 3.129530000E+00 1.964780385E+02
6.354030000E-03 1.707900000E+00 3.370010000E+00 1.951202623E+02
6.436780000E-03 2.209700000E+00 3.438940000E+00 1.926118339E+02
6.451350000E-03 2.276100000E+00 3.434540000E+00 1.921768312E+02
6.504340000E-03 2.472000000E+00 3.411400000E+00 1.906111919E+02
6.571410000E-03 2.676000000E+00 3.380780000E+00 1.886657506E+02
6.646020000E-03 2.861200000E+00 3.345130000E+00 1.865477383E+02
6.714670000E-03 3.009800000E+00 3.311460000E+00 1.846404961E+02
6.801340000E-03 3.173100000E+00 3.271020000E+00 1.822876080E+02
6.901370000E-03 3.337700000E+00 3.224180000E+00 1.796454907E+02
6.947860000E-03 3.405900000E+00 3.203320000E+00 1.784434344E+02
6.976920000E-03 3.448600000E+00 3.190270000E+00 1.777001886E+02
6.982060000E-03 3.455800000E+00 3.187940000E+00 1.775693706E+02
6.999160000E-03 3.479800000E+00 3.180160000E+00 1.771355420E+02
7.033590000E-03 3.528200000E+00 3.164510000E+00 1.762684490E+02
7.084670000E-03 3.594400000E+00 3.140220000E+00 1.749975652E+02
7.135970000E-03 3.657800000E+00 3.115080000E+00 1.737395196E+02
7.187280000E-03 3.718500000E+00 3.089650000E+00 1.724991930E+02
7.238580000E-03 3.775300000E+00 3.065570000E+00 1.712766869E+02
7.289880000E-03 3.828600000E+00 3.042390000E+00 1.700713866E+02
7.331940000E-03 3.871500000E+00 3.023220000E+00 1.690957646E+02
7.363480000E-03 3.903200000E+00 3.008730000E+00 1.683714765E+02
7.387140000E-03 3.926500000E+00 2.997800000E+00 1.678322057E+02
7.404880000E-03 3.944000000E+00 2.989600000E+00 1.674301272E+02
7.431490000E-03 3.968300000E+00 2.977470000E+00 1.668306087E+02
7.451450000E-03 3.986200000E+00 2.968330000E+00 1.663837240E+02
7.458110000E-03 3.992000000E+00 2.965250000E+00 1.662351454E+02
7.467290000E-03 4.000000000E+00 2.960990000E+00 1.660307823E+02
7.494820000E-03 4.023900000E+00 2.948230000E+00 1.654209174E+02
7.513180000E-03 4.039800000E+00 2.939720000E+00 1.650166774E+02
7.531540000E-03 4.055800000E+00 2.931220000E+00 1.646144082E+02
7.549890000E-03 4.071500000E+00 2.922820000E+00 1.642143131E+02
7.559070000E-03 4.079100000E+00 2.918700000E+00 1.640148854E+02
7.568250000E-03 4.086800000E+00 2.914580000E+00 1.638159416E+02
7.577430000E-03 4.094500000E+00 2.910460000E+00 1.636174798E+02
7.586610000E-03 4.102100000E+00 2.906340000E+00 1.634194983E+02
7.595790000E-03 4.109800000E+00 2.902230000E+00 1.632219953E+02
7.604970000E-03 4.117400000E+00 2.898110000E+00 1.630249692E+02
7.618730000E-03 4.128900000E+00 2.891930000E+00 1.627305338E+02
7.623320000E-03 4.132700000E+00 2.889870000E+00 1.626325538E+02
7.625620000E-03 4.134700000E+00 2.888840000E+00 1.625835014E+02
7.633650000E-03 4.141100000E+00 2.885270000E+00 1.624124763E+02
7.637660000E-03 4.144200000E+00 2.883500000E+00 1.623272049E+02
7.638670000E-03 4.144900000E+00 2.883060000E+00 1.623057417E+02
7.638860000E-03 4.145100000E+00 2.882980000E+00 1.623017047E+02
7.639560000E-03 4.145600000E+00 2.882670000E+00 1.622868333E+02
7.640620000E-03 4.146400000E+00 2.882200000E+00 1.622643189E+02
7.641150000E-03 4.146800000E+00 2.881970000E+00 1.622530640E+02
7.642250000E-03 4.147700000E+00 2.881490000E+00 1.622297098E+02
7.660040000E-03 4.161200000E+00 2.873670000E+00 1.618529407E+02
7.664630000E-03 4.164700000E+00 2.871650000E+00 1.617560143E+02
7.678390000E-03 4.175100000E+00 2.865570000E+00 1.614661407E+02
7.687570000E-03 4.181800000E+00 2.861440000E+00 1.612733282E+02
7.696750000E-03 4.188500000E+00 2.857320000E+00 1.610809757E+02
7.705930000E-03 4.195100000E+00 2.853190000E+00 1.608890815E+02
7.724290000E-03 4.208500000E+00 2.844950000E+00 1.605066615E+02
7.733470000E-03 4.215200000E+00 2.840820000E+00 1.603161323E+02
7.751820000E-03 4.228500000E+00 2.832570000E+00 1.599366342E+02
7.770180000E-03 4.241900000E+00 2.824330000E+00 1.595587232E+02
7.788540000E-03 4.255200000E+00 2.816080000E+00 1.591825939E+02
7.825250000E-03 4.281300000E+00 2.799810000E+00 1.584358327E+02
7.835270000E-03 4.288000000E+00 2.795500000E+00 1.582332198E+02
7.855220000E-03 4.300700000E+00 2.787030000E+00 1.578313529E+02
7.875010000E-03 4.313300000E+00 2.778630000E+00 1.574347207E+02
7.914290000E-03 4.338300000E+00 2.761950000E+00 1.566533448E+02
7.952960000E-03 4.362900000E+00 2.745540000E+00 1.558916429E+02
8.000000000E-03 4.392600000E+00 2.725450000E+00 1.549750000E+02
8.065950000E-03 4.429400000E+00 2.696630000E+00 1.537078707E+02
8.138540000E-03 4.469800000E+00 2.664890000E+00 1.523369056E+02
8.208870000E-03 4.505400000E+00 2.634780000E+00 1.510317498E+02
8.345120000E-03 4.566700000E+00 2.577770000E+00 1.485658684E+02
8.535910000E-03 4.647200000E+00 2.499940000E+00 1.452452053E+02
9.185520000E-03 4.847600000E+00 2.249120000E+00 1.349733058E+02
9.295710000E-03 4.873400000E+00 2.209010000E+00 1.333733518E+02
9.329870000E-03 4.880900000E+00 2.196710000E+00 1.328850241E+02
9.458110000E-03 4.907100000E+00 2.151310000E+00 1.310832714E+02
9.570820000E-03 4.928800000E+00 2.111930000E+00 1.295395797E+02
9.673080000E-03 4.947300000E+00 2.076820000E+00 1.281701382E+02
9.762560000E-03 4.960800000E+00 2.047070000E+00 1.269953783E+02
9.840850000E-03 4.972700000E+00 2.021040000E+00 1.259850521E+02
9.909360000E-03 4.982700000E+00 1.998430000E+00 1.251140336E+02
9.971630000E-03 4.991400000E+00 1.978090000E+00 1.243327320E+02
1.006760000E-02 5.002400000E+00 1.947640000E+00 1.231475227E+02
1.014800000E-02 5.011700000E+00 1.922160000E+00 1.221718565E+02
1.020820000E-02 5.018400000E+00 1.903260000E+00 1.214513822E+02
1.026240000E-02 5.024000000E+00 1.886640000E+00 1.208099470E+02
1.028720000E-02 5.026200000E+00 1.879150000E+00 1.205187029E+02
1.031270000E-02 5.028400000E+00 1.871490000E+00 1.202206988E+02
1.035080000E-02 5.031700000E+00 1.859990000E+00 1.197781814E+02
1.037940000E-02 5.034200000E+00 1.851370000E+00 1.194481377E+02
1.038890000E-02 5.035000000E+00 1.848500000E+00 1.193389098E+02
1.040170000E-02 5.036100000E+00 1.844640000E+00 1.191920551E+02
1.044000000E-02 5.039500000E+00 1.833070000E+00 1.187547893E+02
1.046560000E-02 5.041600000E+00 1.825430000E+00 1.184643021E+02
1.049120000E-02 5.043400000E+00 1.817930000E+00 1.181752326E+02
1.051670000E-02 5.045300000E+00 1.810430000E+00 1.178886913E+02
1.052950000E-02 5.046200000E+00 1.806680000E+00 1.177453820E+02
1.054230000E-02 5.047200000E+00 1.802930000E+00 1.176024207E+02
1.055510000E-02 5.048100000E+00 1.799180000E+00 1.174598062E+02
1.056790000E-02 5.049000000E+00 1.795460000E+00 1.173175371E+02
1.058070000E-02 5.049700000E+00 1.791780000E+00 1.171756122E+02
1.059350000E-02 5.050500000E+00 1.788090000E+00 1.170340303E+02
1.061260000E-02 5.051700000E+00 1.782570000E+00 1.168233986E+02
1.061900000E-02 5.052100000E+00 1.780730000E+00 1.167529899E+02
1.062220000E-02 5.052300000E+00 1.779800000E+00 1.167178174E+02
1.063900000E-02 5.053300000E+00 1.774970000E+00 1.165335088E+02
1.064040000E-02 5.053400000E+00 1.774570000E+00 1.165181760E+02
1.064090000E-02 5.053500000E+00 1.774420000E+00 1.165127010E+02
1.064320000E-02 5.053600000E+00 1.773750000E+00 1.164875225E+02
1.064390000E-02 5.053600000E+00 1.773560000E+00 1.164798617E+02
1.064540000E-02 5.053700000E+00 1.773130000E+00 1.164634490E+02
1.067020000E-02 5.055300000E+00 1.765990000E+00 1.161927611E+02
1.067660000E-02 5.055700000E+00 1.764150000E+00 1.161231104E+02
1.069570000E-02 5.056800000E+00 1.758620000E+00 1.159157418E+02
1.070850000E-02 5.057600000E+00 1.754940000E+00 1.157771863E+02
1.072130000E-02 5.058400000E+00 1.751250000E+00 1.156389617E+02
1.073410000E-02 5.059200000E+00 1.747570000E+00 1.155010667E+02
1.074690000E-02 5.060000000E+00 1.743880000E+00 1.153635002E+02
1.075970000E-02 5.060800000E+00 1.740200000E+00 1.152262610E+02
1.077250000E-02 5.061600000E+00 1.736520000E+00 1.150893479E+02
1.079800000E-02 5.062800000E+00 1.729380000E+00 1.148175588E+02
1.082360000E-02 5.064000000E+00 1.722300000E+00 1.145459921E+02
1.084920000E-02 5.065200000E+00 1.715210000E+00 1.142757070E+02
1.090030000E-02 5.067500000E+00 1.701040000E+00 1.137399888E+02
1.091930000E-02 5.068200000E+00 1.695840000E+00 1.135420769E+02
1.095500000E-02 5.069400000E+00 1.686140000E+00 1.131720675E+02
1.098630000E-02 5.070500000E+00 1.677660000E+00 1.128496400E+02
1.104090000E-02 5.072400000E+00 1.662810000E+00 1.122915704E+02
1.112290000E-02 5.074600000E+00 1.641190000E+00 1.114637370E+02
1.123250000E-02 5.077000000E+00 1.612750000E+00 1.103761407E+02
1.135010000E-02 5.079100000E+00 1.582730000E+00 1.092325178E+02
1.148070000E-02 5.080000000E+00 1.550110000E+00 1.079899309E+02
1.153590000E-02 5.080100000E+00 1.536420000E+00 1.074731924E+02
1.159100000E-02 5.080000000E+00 1.522860000E+00 1.069622983E+02
1.163720000E-02 5.079700000E+00 1.511860000E+00 1.065376551E+02
1.166570000E-02 5.079500000E+00 1.505070000E+00 1.062773773E+02
1.169420000E-02 5.079300000E+00 1.498280000E+00 1.060183681E+02
1.172270000E-02 5.079000000E+00 1.491490000E+00 1.057606183E+02
1.175650000E-02 5.078800000E+00 1.483430000E+00 1.054565559E+02
1.181290000E-02 5.078400000E+00 1.470000000E+00 1.049530598E+02
1.183670000E-02 5.078000000E+00 1.464440000E+00 1.047420311E+02
1.186520000E-02 5.077500000E+00 1.457790000E+00 1.044904426E+02
1.189370000E-02 5.077100000E+00 1.451160000E+00 1.042400599E+02
1.192220000E-02 5.076400000E+00 1.444790000E+00 1.039908742E+02
1.200000000E-02 5.074500000E+00 1.427390000E+00 1.033166667E+02
1.203410000E-02 5.071800000E+00 1.419780000E+00 1.030239071E+02
1.206260000E-02 5.069500000E+00 1.413550000E+00 1.027804951E+02
1.209110000E-02 5.067100000E+00 1.407320000E+00 1.025382306E+02
1.214810000E-02 5.062500000E+00 1.394860000E+00 1.020571118E+02
1.224340000E-02 5.054400000E+00 1.374590000E+00 1.012627211E+02
1.232800000E-02 5.047100000E+00 1.356800000E+00 1.005678131E+02
1.245220000E-02 5.036000000E+00 1.330930000E+00 9.956473555E+01
1.251190000E-02 5.030700000E+00 1.318500000E+00 9.908966664E+01
1.257340000E-02 5.025000000E+00 1.305850000E+00 9.860499149E+01
1.269100000E-02 5.013000000E+00 1.282300000E+00 9.769127728E+01
1.274960000E-02 5.006800000E+00 1.270760000E+00 9.724226642E+01
1.292970000E-02 4.983000000E+00 1.236580000E+00 9.588776228E+01
1.313750000E-02 4.936200000E+00 1.200190000E+00 9.437107517E+01
1.336100000E-02 4.865100000E+00 1.215380000E+00 9.279245565E+01
1.372220000E-02 4.914700000E+00 1.225820000E+00 9.034994389E+01
1.483550000E-02 4.849000000E+00 1.013660000E+00 8.356981564E+01
1.626610000E-02 4.658900000E+00 8.093470000E-01 7.621986832E+01
1.778280000E-02 4.423200000E+00 6.516810000E-01 6.971905437E+01
1.957000000E-02 4.027600000E+00 5.190740000E-01 6.335206949E+01
2.150000000E-02 3.574700000E+00 4.192760000E-01 5.766511628E+01
2.264640000E-02 3.242600000E+00 3.744520000E-01 5.474600820E+01
2.315330000E-02 3.096100000E+00 3.573950000E-01 5.354744248E+01
2.372880000E-02 2.930100000E+00 3.397870000E-01 5.224874414E+01
2.414890000E-02 2.783400000E+00 3.279790000E-01 5.133981258E+01
2.446940000E-02 2.660400000E+00 3.194750000E-01 5.066736414E+01
2.470980000E-02 2.567000000E+00 3.134530000E-01 5.017442472E+01
2.489010000E-02 2.497000000E+00 3.090230000E-01 4.981096902E+01
2.504140000E-02 2.438200000E+00 3.053500000E-01 4.951001142E+01
2.525980000E-02 2.353600000E+00 3.004390000E-01 4.908194047E+01
2.543090000E-02 2.287300000E+00 2.965900000E-01 4.875171543E+01
2.561870000E-02 2.214600000E+00 2.924610000E-01 4.839433695E+01
2.574390000E-02 2.166100000E+00 2.898580000E-01 4.815898135E+01
2.585240000E-02 2.124200000E+00 2.876040000E-01 4.795686281E+01
2.594120000E-02 2.089900000E+00 2.857850000E-01 4.779270041E+01
2.599430000E-02 2.069400000E+00 2.846970000E-01 4.769507161E+01
2.605690000E-02 2.045200000E+00 2.834150000E-01 4.758048732E+01
2.611950000E-02 2.021000000E+00 2.821550000E-01 4.746645227E+01
2.618210000E-02 1.996900000E+00 2.809410000E-01 4.735296252E+01
2.626040000E-02 1.966600000E+00 2.794580000E-01 4.721177134E+01
2.636990000E-02 1.924400000E+00 2.773860000E-01 4.701572626E+01
2.643250000E-02 1.900300000E+00 2.762000000E-01 4.690437908E+01
2.649510000E-02 1.876100000E+00 2.750150000E-01 4.679355805E+01
2.652010000E-02 1.866400000E+00 2.745410000E-01 4.674944665E+01
2.654510000E-02 1.856800000E+00 2.740670000E-01 4.670541833E+01
2.659430000E-02 1.837800000E+00 2.731380000E-01 4.661901234E+01
2.664360000E-02 1.818800000E+00 2.722350000E-01 4.653275083E+01
2.667580000E-02 1.806400000E+00 2.716420000E-01 4.647658177E+01
2.674110000E-02 1.781200000E+00 2.704950000E-01 4.636308903E+01
2.680650000E-02 1.756000000E+00 2.693550000E-01 4.624997668E+01
2.687180000E-02 1.730800000E+00 2.682150000E-01 4.613758661E+01
2.691730000E-02 1.713300000E+00 2.674210000E-01 4.605959736E+01
2.696280000E-02 1.695800000E+00 2.666270000E-01 4.598187132E+01
2.701530000E-02 1.675500000E+00 2.657110000E-01 4.589251276E+01
2.704160000E-02 1.665400000E+00 2.652530000E-01 4.584787882E+01
2.707280000E-02 1.653300000E+00 2.647070000E-01 4.579504152E+01
2.711680000E-02 1.636400000E+00 2.639640000E-01 4.572073401E+01
2.713320000E-02 1.630100000E+00 2.636880000E-01 4.569309923E+01
2.719850000E-02 1.604900000E+00 2.625850000E-01 4.558339614E+01
2.720670000E-02 1.601800000E+00 2.624480000E-01 4.556965747E+01
2.726380000E-02 1.579800000E+00 2.615190000E-01 4.547421856E+01
2.726590000E-02 1.579000000E+00 2.614870000E-01 4.547071617E+01
2.727380000E-02 1.576000000E+00 2.613610000E-01 4.545754534E+01
2.728760000E-02 1.570600000E+00 2.611410000E-01 4.543455636E+01
2.732920000E-02 1.554700000E+00 2.604810000E-01 4.536539672E+01
2.734550000E-02 1.548400000E+00 2.602220000E-01 4.533835549E+01
2.737410000E-02 1.537400000E+00 2.597680000E-01 4.529098674E+01
2.741700000E-02 1.520400000E+00 2.590870000E-01 4.522011890E+01
2.745980000E-02 1.499900000E+00 2.584050000E-01 4.514963692E+01
2.754410000E-02 1.459600000E+00 2.570670000E-01 4.501145436E+01
2.762320000E-02 1.421900000E+00 2.558230000E-01 4.488256248E+01
2.772130000E-02 1.375100000E+00 2.542810000E-01 4.472373229E+01
2.778790000E-02 1.343300000E+00 2.532490000E-01 4.461654173E+01
2.782120000E-02 1.327400000E+00 2.527440000E-01 4.456313890E+01
2.792110000E-02 1.279700000E+00 2.512380000E-01 4.440369470E+01
2.798770000E-02 1.248000000E+00 2.502830000E-01 4.429803092E+01
2.805430000E-02 1.216200000E+00 2.493280000E-01 4.419286883E+01
2.812090000E-02 1.184500000E+00 2.483720000E-01 4.408820486E+01
2.818750000E-02 1.151700000E+00 2.474170000E-01 4.398403548E+01
2.825400000E-02 1.115800000E+00 2.464620000E-01 4.388051249E+01
2.832060000E-02 1.080000000E+00 2.455070000E-01 4.377732110E+01
2.838720000E-02 1.044100000E+00 2.445520000E-01 4.367461391E+01
2.844780000E-02 1.011500000E+00 2.437090000E-01 4.358157749E+01
2.855390000E-02 9.545000000E-01 2.422840000E-01 4.341963795E+01
2.871290000E-02 8.691000000E-01 2.402040000E-01 4.317919820E+01
2.887200000E-02 7.836000000E-01 2.381230000E-01 4.294125797E+01
2.901410000E-02 7.072000000E-01 2.362760000E-01 4.273094806E+01
2.908510000E-02 6.691000000E-01 2.353750000E-01 4.262663701E+01
2.915620000E-02 6.309000000E-01 2.344740000E-01 4.252268814E+01
2.922730000E-02 5.927000000E-01 2.336150000E-01 4.241924502E+01
2.929830000E-02 5.480000000E-01 2.327620000E-01 4.231644839E+01
2.936940000E-02 4.997000000E-01 2.319140000E-01 4.221400505E+01
2.944050000E-02 4.513000000E-01 2.310880000E-01 4.211205652E+01
2.951150000E-02 4.029000000E-01 2.302620000E-01 4.201074158E+01
2.958260000E-02 3.546000000E-01 2.294360000E-01 4.190977128E+01
2.965370000E-02 3.062000000E-01 2.286090000E-01 4.180928518E+01
2.973830000E-02 2.487000000E-01 2.276250000E-01 4.169034545E+01
2.983410000E-02 1.835000000E-01 2.265110000E-01 4.155647397E+01
2.993790000E-02 1.129000000E-01 2.253430000E-01 4.141239031E+01
2.998610000E-02 8.010000000E-02 2.248100000E-01 4.134582356E+01
3.000900000E-02 6.460000000E-02 2.245570000E-01 4.131427238E+01
3.008010000E-02 1.630000000E-02 2.237790000E-01 4.121661830E+01
3.013720000E-02 -2.260000000E-02 2.231690000E-01 4.113852647E+01
3.016050000E-02 -3.840000000E-02 2.229210000E-01 4.110674558E+01
3.021120000E-02 -7.770000000E-02 2.223800000E-01 4.103776083E+01
3.028520000E-02 -1.350000000E-01 2.215910000E-01 4.093748762E+01
3.029320000E-02 -1.412000000E-01 2.215050000E-01 4.092667661E+01
3.035920000E-02 -1.923000000E-01 2.208020000E-01 4.083770323E+01
3.042550000E-02 -2.436000000E-01 2.201280000E-01 4.074871407E+01
3.049180000E-02 -2.949000000E-01 2.194530000E-01 4.066011190E+01
3.058120000E-02 -3.642000000E-01 2.185420000E-01 4.054124756E+01
3.065520000E-02 -4.214000000E-01 2.177890000E-01 4.044338318E+01
3.073630000E-02 -4.842000000E-01 2.169810000E-01 4.033667032E+01
3.080320000E-02 -5.360000000E-01 2.163240000E-01 4.024906503E+01
3.090950000E-02 -6.182000000E-01 2.152810000E-01 4.011064559E+01
3.096950000E-02 -6.647000000E-01 2.146980000E-01 4.003293563E+01
3.102960000E-02 -7.111000000E-01 2.141410000E-01 3.995539743E+01
3.110700000E-02 -7.730000000E-01 2.134220000E-01 3.985598097E+01
3.118120000E-02 -8.429000000E-01 2.127350000E-01 3.976113812E+01
3.125010000E-02 -9.095000000E-01 2.121000000E-01 3.967347304E+01
3.134150000E-02 -1.000800000E+00 2.113120000E-01 3.955777484E+01
3.139390000E-02 -1.055000000E+00 2.108960000E-01 3.949174840E+01
3.143960000E-02 -1.103400000E+00 2.105840000E-01 3.943434395E+01
3.146000000E-02 -1.125500000E+00 2.104700000E-01 3.940877305E+01
3.155960000E-02 -1.237300000E+00 2.103920000E-01 3.928440158E+01
3.165160000E-02 -1.348500000E+00 2.118120000E-01 3.917021572E+01
3.172560000E-02 -1.444800000E+00 2.153390000E-01 3.907885115E+01
3.183520000E-02 -1.601100000E+00 2.288340000E-01 3.894431321E+01
3.193560000E-02 -1.759000000E+00 2.573200000E-01 3.882187903E+01
3.204020000E-02 -1.934900000E+00 3.139880000E-01 3.869513923E+01
3.215560000E-02 -2.127900000E+00 4.190900000E-01 3.855627014E+01
3.226440000E-02 -2.298400000E+00 5.600790000E-01 3.842625308E+01
3.233420000E-02 -2.384700000E+00 6.666980000E-01 3.834330214E+01
3.239580000E-02 -2.441200000E+00 7.653550000E-01 3.827039308E+01
3.245410000E-02 -2.494300000E+00 8.585690000E-01 3.820164478E+01
3.251310000E-02 -2.525400000E+00 9.485130000E-01 3.813232205E+01
3.256870000E-02 -2.544900000E+00 1.026660000E+00 3.806722405E+01
3.263140000E-02 -2.557900000E+00 1.103720000E+00 3.799407932E+01
3.276150000E-02 -2.574700000E+00 1.223870000E+00 3.784320010E+01
3.277840000E-02 -2.577300000E+00 1.235320000E+00 3.782368877E+01
3.278670000E-02 -2.578600000E+00 1.240980000E+00 3.781411365E+01
3.280080000E-02 -2.581100000E+00 1.250620000E+00 3.779785859E+01
3.284490000E-02 -2.591400000E+00 1.275650000E+00 3.774710838E+01
3.286960000E-02 -2.598600000E+00 1.288350000E+00 3.771874315E+01
3.291640000E-02 -2.615000000E+00 1.311000000E+00 3.766511526E+01
3.298400000E-02 -2.647300000E+00 1.340150000E+00 3.758792142E+01
3.307750000E-02 -2.708300000E+00 1.381760000E+00 3.748167183E+01
3.323720000E-02 -2.841300000E+00 1.481390000E+00 3.730157775E+01
3.334810000E-02 -2.940000000E+00 1.579990000E+00 3.717753035E+01
3.341870000E-02 -2.989800000E+00 1.653460000E+00 3.709898949E+01
3.358600000E-02 -3.054500000E+00 1.836880000E+00 3.691419044E+01
3.366380000E-02 -3.062100000E+00 1.915840000E+00 3.682887850E+01
3.430000000E-02 -3.127900000E+00 2.213210000E+00 3.614577259E+01
3.490000000E-02 -3.422400000E+00 2.349010000E+00 3.552435530E+01
3.550000000E-02 -3.829200000E+00 2.527760000E+00 3.492394366E+01
3.672820000E-02 -4.839800000E+00 3.040650000E+00 3.375607844E+01
3.792860000E-02 -5.981200000E+00 3.777290000E+00 3.268773432E+01
3.912260000E-02 -7.203000000E+00 4.778750000E+00 3.169012284E+01
4.033700000E-02 -8.471800000E+00 6.122370000E+00 3.073604879E+01
4.168690000E-02 -9.814900000E+00 8.046010000E+00 2.974075789E+01
4.328790000E-02 -1.112970000E+01 1.094460000E+01 2.864079801E+01
4.479870000E-02 -1.184340000E+01 1.426190000E+01 2.767491021E+01
4.665000000E-02 -1.165760000E+01 1.886960000E+01 2.657663451E+01
4.795100000E-02 -1.084370000E+01 2.219650000E+01 2.585556089E+01
4.904840000E-02 -9.577100000E+00 2.493300000E+01 2.527707326E+01
5.011870000E-02 -7.891800000E+00 2.740270000E+01 2.473727371E+01
5.110000000E-02 -6.046700000E+00 2.944650000E+01 2.426223092E+01
5.232990000E-02 -3.357100000E+00 3.156570000E+01 2.369200018E+01
5.308840000E-02 -1.574800000E+00 3.264050000E+01 2.335350095E+01
5.350000000E-02 -5.708000000E-01 3.315210000E+01 2.317383178E+01
5.370320000E-02 -6.950000000E-02 3.337150000E+01 2.308614757E+01
5.507280000E-02 3.378000000E+00 3.454140000E+01 2.251202045E+01
5.754400000E-02 9.526800000E+00 3.516400000E+01 2.154525233E+01
6.025600000E-02 1.562330000E+01 3.408040000E+01 2.057554434E+01
6.275000000E-02 2.028610000E+01 3.193630000E+01 1.975776892E+01
6.577940000E-02 2.466760000E+01 2.848470000E+01 1.884784598E+01
6.874590000E-02 2.759840000E+01 2.467320000E+01 1.803453006E+01
7.192070000E-02 2.943180000E+01 2.061200000E+01 1.723843066E+01
7.585780000E-02 3.022830000E+01 1.607210000E+01 1.634373789E+01
7.951120000E-02 3.002640000E+01 1.256040000E+01 1.559277184E+01
8.352680000E-02 2.919280000E+01 9.499580000E+00 1.484314017E+01
8.737670000E-02 2.809020000E+01 7.246140000E+00 1.418913738E+01
9.133630000E-02 2.678970000E+01 5.480280000E+00 1.357401165E+01
9.236190000E-02 2.643030000E+01 5.097830000E+00 1.342328384E+01
9.310210000E-02 2.614850000E+01 4.841290000E+00 1.331656321E+01
9.394700000E-02 2.578920000E+01 4.569210000E+00 1.319680245E+01
9.475970000E-02 2.537850000E+01 4.386960000E+00 1.308362099E+01
9.658420000E-02 2.478780000E+01 4.470740000E+00 1.283646808E+01
9.884190000E-02 2.455350000E+01 4.069640000E+00 1.254326353E+01
1.003350000E-01 2.425630000E+01 3.747310000E+00 1.235660537E+01
1.020230000E-01 2.383590000E+01 3.431150000E+00 1.215216177E+01
1.053320000E-01 2.319020000E+01 3.261100000E+00 1.177040216E+01
1.106180000E-01 2.243920000E+01 2.627540000E+00 1.120794084E+01
1.159960000E-01 2.161180000E+01 2.170910000E+00 1.068829960E+01
1.214880000E-01 2.081720000E+01 1.877910000E+00 1.020512314E+01
1.273990000E-01 2.005140000E+01 1.709370000E+00 9.731630547E+00
1.338580000E-01 1.927420000E+01 1.650030000E+00 9.262053818E+00
1.348470000E-01 1.916030000E+01 1.650220000E+00 9.194123711E+00
1.355060000E-01 1.908600000E+01 1.651350000E+00 9.149410358E+00
1.365500000E-01 1.897040000E+01 1.654410000E+00 9.079458074E+00
1.373000000E-01 1.888770000E+01 1.657930000E+00 9.029861617E+00
1.387410000E-01 1.871980000E+01 1.667810000E+00 8.936075133E+00
1.398170000E-01 1.858420000E+01 1.679630000E+00 8.867305120E+00
1.405440000E-01 1.848240000E+01 1.695040000E+00 8.821436703E+00
1.414610000E-01 1.834180000E+01 1.739680000E+00 8.764253045E+00
1.430000000E-01 1.816110000E+01 1.908110000E+00 8.669930070E+00
1.441720000E-01 1.811920000E+01 2.031960000E+00 8.599450656E+00
1.531090000E-01 1.775460000E+01 2.275050000E+00 8.097499167E+00
1.855490000E-01 1.675850000E+01 3.207370000E+00 6.681792950E+00
2.200390000E-01 1.640920000E+01 4.050330000E+00 5.634455710E+00
2.570400000E-01 1.629920000E+01 4.641520000E+00 4.823373794E+00
3.013440000E-01 1.614070000E+01 5.021740000E+00 4.114234894E+00
3.630780000E-01 1.514860000E+01 5.134310000E+00 3.414693262E+00
4.060440000E-01 1.367990000E+01 5.095440000E+00 3.053363675E+00
4.357310000E-01 1.187210000E+01 5.013590000E+00 2.845333474E+00
4.554010000E-01 1.005350000E+01 4.945430000E+00 2.722435831E+00
4.677350000E-01 8.478000000E+00 4.898410000E+00 2.650646199E+00
4.775330000E-01 6.843900000E+00 4.859860000E+00 2.596260363E+00
4.843120000E-01 5.369700000E+00 4.834580000E+00 2.559920052E+00
4.940840000E-01 2.177000000E+00 4.989490000E+00 2.509289918E+00
4.961600000E-01 1.261300000E+00 5.138170000E+00 2.498790713E+00
4.977160000E-01 5.054000000E-01 5.304210000E+00 2.490978791E+00
4.982440000E-01 2.339000000E-01 5.375060000E+00 2.488339047E+00
4.988740000E-01 -9.970000000E-02 5.470370000E+00 2.485196663E+00
4.990910000E-01 -2.168000000E-01 5.506180000E+00 2.484116123E+00
4.994960000E-01 -4.390000000E-01 5.577960000E+00 2.482101959E+00
5.005080000E-01 -1.012500000E+00 5.786510000E+00 2.477083283E+00
5.024510000E-01 -2.172400000E+00 6.322380000E+00 2.467504294E+00
5.051650000E-01 -3.848800000E+00 7.447690000E+00 2.454247622E+00
5.081250000E-01 -5.550200000E+00 9.236790000E+00 2.439950800E+00
5.108500000E-01 -6.761400000E+00 1.134610000E+01 2.426935500E+00
5.146410000E-01 -7.600500000E+00 1.465770000E+01 2.409057965E+00
5.169200000E-01 -7.660800000E+00 1.665070000E+01 2.398436895E+00
5.210270000E-01 -7.125400000E+00 1.992040000E+01 2.379531195E+00
5.255100000E-01 -5.988200000E+00 2.302150000E+01 2.359231984E+00
5.302500000E-01 -4.296100000E+00 2.587980000E+01 2.338142386E+00
5.337570000E-01 -2.799400000E+00 2.762100000E+01 2.322779842E+00
5.392540000E-01 -2.555000000E-01 2.966860000E+01 2.299102093E+00
5.397500000E-01 -2.300000000E-02 2.981530000E+01 2.296989347E+00
5.433140000E-01 1.586300000E+00 3.074740000E+01 2.281921688E+00
5.514380000E-01 5.073700000E+00 3.215060000E+01 2.248303526E+00
5.589060000E-01 7.995400000E+00 3.268260000E+01 2.218262105E+00
5.719370000E-01 1.199920000E+01 3.276620000E+01 2.167721270E+00
5.837810000E-01 1.495830000E+01 3.229620000E+01 2.123741609E+00
5.975170000E-01 1.757150000E+01 3.143870000E+01 2.074920044E+00
6.200000000E-01 2.043980000E+01 3.004970000E+01 1.999677419E+00
6.594470000E-01 2.353730000E+01 2.822310000E+01 1.880060111E+00
6.913820000E-01 2.466780000E+01 2.688810000E+01 1.793219957E+00
7.042320000E-01 2.403850000E+01 2.683810000E+01 1.760499381E+00
7.128660000E-01 2.405820000E+01 2.813130000E+01 1.739176788E+00
7.260850000E-01 2.597250000E+01 2.875780000E+01 1.707513583E+00
7.480480000E-01 2.730220000E+01 2.828670000E+01 1.657380275E+00
7.640900000E-01 2.851290000E+01 2.880870000E+01 1.622583727E+00
7.943280000E-01 3.092180000E+01 2.799510000E+01 1.560816187E+00
8.432490000E-01 3.320620000E+01 2.641760000E+01 1.470265604E+00
8.615870000E-01 3.349610000E+01 2.601380000E+01 1.438972501E+00
8.761170000E-01 3.406160000E+01 2.631030000E+01 1.415107800E+00
9.051510000E-01 3.572900000E+01 2.563500000E+01 1.369716213E+00
9.730270000E-01 3.802840000E+01 2.372400000E+01 1.274168137E+00
1.065370000E+00 4.012381000E+01 2.141530000E+01 1.163727156E+00
1.169840000E+00 4.171942000E+01 1.914680000E+01 1.059803050E+00
1.303170000E+00 4.300526000E+01 1.672450000E+01 9.513724226E-01
1.459020000E+00 4.390695000E+01 1.443580000E+01 8.497484613E-01
1.641040000E+00 4.445815000E+01 1.232620000E+01 7.554965144E-01
1.888780000E+00 4.474344000E+01 1.014060000E+01 6.564025456E-01
2.208320000E+00 4.468639000E+01 8.111070000E+00 5.614222576E-01
2.572960000E+00 4.426559000E+01 6.481610000E+00 4.818574716E-01
2.970100000E+00 4.346882000E+01 5.224120000E+00 4.174270227E-01
3.289340000E+00 4.245591000E+01 4.468970000E+00 3.769145178E-01
3.529880000E+00 4.123519000E+01 4.006210000E+00 3.512300701E-01
3.688710000E+00 3.988500000E+01 3.740770000E+00 3.361066606E-01
3.789200000E+00 3.845420000E+01 3.587060000E+00 3.271930751E-01
3.844500000E+00 3.698730000E+01 3.549320000E+00 3.224866693E-01
3.866060000E+00 3.604280000E+01 3.709480000E+00 3.206882459E-01
3.881300000E+00 3.522570000E+01 4.063060000E+00 3.194290573E-01
3.895160000E+00 3.445960000E+01 4.668340000E+00 3.182924450E-01
3.910130000E+00 3.379340000E+01 5.659740000E+00 3.170738569E-01
3.936660000E+00 3.358710000E+01 7.872810000E+00 3.149370278E-01
3.958220000E+00 3.431400000E+01 9.362420000E+00 3.132215996E-01
3.979660000E+00 3.536830000E+01 1.015890000E+01 3.115341512E-01
4.016640000E+00 3.674440000E+01 1.042690000E+01 3.086659496E-01
4.067230000E+00 3.747890000E+01 1.027730000E+01 3.048266265E-01
4.115530000E+00 3.727170000E+01 1.042710000E+01 3.012491708E-01
4.151930000E+00 3.703260000E+01 1.136370000E+01 2.986081172E-01
4.188870000E+00 3.770820000E+01 1.259360000E+01 2.959748094E-01
4.230650000E+00 3.901920000E+01 1.311000000E+01 2.930518951E-01
4.288250000E+00 4.022053000E+01 1.296400000E+01 2.891156066E-01
4.357880000E+00 4.089514000E+01 1.267410000E+01 2.844961311E-01
4.413750000E+00 4.095253000E+01 1.283640000E+01 2.808949306E-01
4.461210000E+00 4.140353000E+01 1.348910000E+01 2.779066666E-01
4.546870000E+00 4.297784000E+01 1.363570000E+01 2.726710902E-01
4.650000000E+00 4.413726000E+01 1.319370000E+01 2.666236559E-01
4.805280000E+00 4.530288000E+01 1.256230000E+01 2.580078580E-01
4.951050000E+00 4.611522000E+01 1.200530000E+01 2.504115289E-01
5.109970000E+00 4.681051000E+01 1.142940000E+01 2.426237336E-01
5.324150000E+00 4.751206000E+01 1.071810000E+01 2.328634618E-01
5.528170000E+00 4.802999000E+01 1.010140000E+01 2.242695141E-01
5.752390000E+00 4.847313000E+01 9.485000000E+00 2.155278067E-01
6.014860000E+00 4.886823000E+01 8.835080000E+00 2.061228358E-01
6.214950000E+00 4.910346900E+01 8.382320000E+00 1.994867215E-01
6.456540000E+00 4.932610700E+01 7.884510000E+00 1.920223525E-01
6.728020000E+00 4.952349900E+01 7.381280000E+00 1.842741252E-01
6.972970000E+00 4.966133800E+01 6.970480000E+00 1.778008510E-01
7.158940000E+00 4.974856000E+01 6.680380000E+00 1.731820633E-01
7.307180000E+00 4.981061900E+01 6.460040000E+00 1.696687368E-01
7.583650000E+00 4.989709500E+01 6.080370000E+00 1.634832831E-01
7.774830000E+00 4.994640620E+01 5.836570000E+00 1.594632937E-01
7.852360000E+00 4.996331160E+01 5.741970000E+00 1.578888385E-01
7.951860000E+00 4.998233810E+01 5.622340000E+00 1.559132077E-01
8.025200000E+00 4.999436678E+01 5.538500000E+00 1.544883617E-01
8.104940000E+00 5.000772534E+01 5.447650000E+00 1.529684365E-01
8.147340000E+00 5.001403690E+01 5.400080000E+00 1.521723655E-01
8.198790000E+00 5.002039340E+01 5.344610000E+00 1.512174357E-01
8.327370000E+00 5.003527180E+01 5.206810000E+00 1.488825403E-01
8.445790000E+00 5.004580100E+01 5.086020000E+00 1.467950304E-01
8.568220000E+00 5.005475200E+01 4.965190000E+00 1.446974984E-01
8.732000000E+00 5.006512140E+01 4.808510000E+00 1.419835089E-01
9.012570000E+00 5.007086620E+01 4.561080000E+00 1.375634253E-01
9.265630000E+00 5.007274510E+01 4.354570000E+00 1.338063359E-01
9.486110000E+00 5.007054050E+01 4.184860000E+00 1.306963550E-01
9.822630000E+00 5.006057040E+01 3.945920000E+00 1.262187418E-01
1.004150000E+01 5.005169640E+01 3.800270000E+00 1.234676094E-01
1.028880000E+01 5.003810970E+01 3.645570000E+00 1.204999611E-01
1.044690000E+01 5.002831720E+01 3.551180000E+00 1.186763538E-01
1.072810000E+01 5.000931631E+01 3.393320000E+00 1.155656640E-01
1.076160000E+01 5.000682555E+01 3.375290000E+00 1.152059173E-01
1.083930000E+01 5.000050226E+01 3.333840000E+00 1.143800799E-01
1.087430000E+01 4.999759594E+01 3.315370000E+00 1.140119364E-01
1.109170000E+01 4.998091060E+01 3.204650000E+00 1.117772749E-01
1.149790000E+01 4.994676410E+01 3.012520000E+00 1.078283861E-01
1.230710000E+01 4.987494100E+01 2.679360000E+00 1.007385980E-01
1.398530000E+01 4.970339600E+01 2.144030000E+00 8.865022559E-02
1.587750000E+01 4.951276900E+01 1.714830000E+00 7.808534089E-02
1.798850000E+01 4.929997600E+01 1.373460000E+00 6.892181116E-02
2.043650000E+01 4.904970200E+01 1.092600000E+00 6.066596531E-02
2.316350000E+01 4.872264000E+01 8.714280000E-01 5.352386297E-02
2.511890000E+01 4.840400000E+01 7.525180000E-01 4.935725689E-02
2.648760000E+01 4.807452000E+01 6.829570000E-01 4.680680771E-02
2.738910000E+01 4.773903000E+01 6.422840000E-01 4.526618253E-02
2.803140000E+01 4.735895000E+01 6.157210000E-01 4.422897180E-02
2.843140000E+01 4.695717000E+01 6.027450000E-01 4.360671652E-02
2.860040000E+01 4.668383000E+01 6.170660000E-01 4.334904407E-02
2.870620000E+01 4.645566000E+01 6.618710000E-01 4.318927618E-02
2.879130000E+01 4.623836000E+01 7.431660000E-01 4.306161931E-02
2.886650000E+01 4.603032000E+01 8.668530000E-01 4.294943966E-02
2.894880000E+01 4.580670000E+01 1.072850000E+00 4.282733654E-02
2.904310000E+01 4.559661000E+01 1.403510000E+00 4.268828052E-02
2.914780000E+01 4.549507000E+01 1.862360000E+00 4.253494260E-02
2.927460000E+01 4.555182000E+01 2.442260000E+00 4.235070676E-02
2.940880000E+01 4.584928000E+01 2.942780000E+00 4.215744947E-02
2.955570000E+01 4.628456000E+01 3.265240000E+00 4.194791529E-02
2.976880000E+01 4.684246000E+01 3.409180000E+00 4.164763108E-02
3.005360000E+01 4.732074000E+01 3.390170000E+00 4.125296138E-02
3.041320000E+01 4.770822000E+01 3.326780000E+00 4.076519406E-02
3.091840000E+01 4.807638000E+01 3.241020000E+00 4.009909957E-02
3.162280000E+01 4.843429000E+01 3.128560000E+00 3.920588942E-02
3.244540000E+01 4.873362000E+01 2.999880000E+00 3.821188828E-02
3.337380000E+01 4.897752000E+01 2.862520000E+00 3.714890123E-02
3.419540000E+01 4.914508600E+01 2.749780000E+00 3.625633857E-02
3.507720000E+01 4.928842300E+01 2.638300000E+00 3.534489640E-02
3.599710000E+01 4.941337300E+01 2.529980000E+00 3.444166336E-02
3.702130000E+01 4.952600200E+01 2.417910000E+00 3.348882940E-02
3.815550000E+01 4.963193400E+01 2.300530000E+00 3.249334958E-02
3.925600000E+01 4.971357400E+01 2.193340000E+00 3.158243326E-02
4.048990000E+01 4.978807500E+01 2.082140000E+00 3.061998177E-02
4.166000000E+01 4.984420400E+01 1.985060000E+00 2.975996159E-02
4.249830000E+01 4.987950100E+01 1.919380000E+00 2.917293162E-02
4.340810000E+01 4.991404480E+01 1.850580000E+00 2.856148968E-02
4.427590000E+01 4.994000620E+01 1.788820000E+00 2.800168941E-02
4.525560000E+01 4.996741610E+01 1.722100000E+00 2.739550464E-02
4.634250000E+01 4.999195754E+01 1.652510000E+00 2.675298053E-02
4.677350000E+01 4.999984862E+01 1.626570000E+00 2.650646199E-02
4.734040000E+01 5.001038720E+01 1.592600000E+00 2.618904783E-02
4.865900000E+01 5.003111160E+01 1.518540000E+00 2.547935634E-02
4.996310000E+01 5.004694240E+01 1.450650000E+00 2.481431296E-02
5.123350000E+01 5.005965680E+01 1.388710000E+00 2.419901041E-02
5.388380000E+01 5.007862010E+01 1.272880000E+00 2.300877073E-02
5.586990000E+01 5.008849340E+01 1.194460000E+00 2.219083979E-02
5.800980000E+01 5.009437040E+01 1.116490000E+00 2.137225090E-02
6.171920000E+01 5.009577140E+01 9.995420000E-01 2.008775227E-02
6.652870000E+01 5.008953390E+01 8.740900000E-01 1.863556630E-02
7.135740000E+01 5.007842290E+01 7.698480000E-01 1.737451196E-02
8.040320000E+01 5.004877120E+01 6.189240000E-01 1.541978429E-02
9.122560000E+01 5.001208960E+01 4.905560000E-01 1.359048337E-02
9.481460000E+01 5.000018216E+01 4.564130000E-01 1.307604525E-02
9.605060000E+01 4.999607460E+01 4.455650000E-01 1.290777986E-02
1.018610000E+02 4.997773890E+01 3.994460000E-01 1.217148860E-02
1.109520000E+02 4.995153400E+01 3.405780000E-01 1.117420146E-02
1.248470000E+02 4.991710830E+01 2.728640000E-01 9.930554999E-03
1.408900000E+02 4.988415400E+01 2.172910000E-01 8.799772872E-03
1.587310000E+02 4.985497600E+01 1.736910000E-01 7.810698603E-03
1.789900000E+02 4.982892900E+01 1.386320000E-01 6.926643947E-03
2.019370000E+02 4.980598800E+01 1.105370000E-01 6.139538569E-03
2.285930000E+02 4.978575100E+01 8.793000000E-02 5.423613147E-03
2.571780000E+02 4.976924300E+01 7.085530000E-02 4.820785604E-03
2.909710000E+02 4.975461100E+01 5.674940000E-02 4.260905726E-03
3.300940000E+02 4.974214900E+01 4.548650000E-02 3.755899835E-03
3.749220000E+02 4.973178200E+01 3.663460000E-02 3.306821152E-03
4.266080000E+02 4.972320700E+01 2.963110000E-02 2.906180850E-03
4.869680000E+02 4.971609900E+01 2.407350000E-02 2.545957845E-03
5.569050000E+02 4.971034900E+01 1.971780000E-02 2.226232481E-03
6.401030000E+02 4.970565400E+01 1.622820000E-02 1.936875784E-03
7.391800000E+02 4.970189800E+01 1.347130000E-02 1.677263995E-03
8.609940000E+02 4.969893200E+01 1.123760000E-02 1.439963577E-03
1.011580000E+03 4.969665800E+01 9.430220000E-03 1.225607466E-03
1.173410000E+03 4.969521400E+01 8.036710000E-03 1.056578689E-03
1.410750000E+03 4.969390900E+01 6.579870000E-03 8.788233209E-04
1.696100000E+03 4.969297600E+01 5.387120000E-03 7.309710512E-04
2.039160000E+03 4.969228100E+01 4.410580000E-03 6.079954491E-04
2.451610000E+03 4.969180000E+01 3.611060000E-03 5.057084936E-04
2.947480000E+03 4.969146800E+01 2.956470000E-03 4.206305047E-04
3.543650000E+03 4.969123800E+01 2.420540000E-03 3.498652519E-04
4.260410000E+03 4.969107800E+01 1.981760000E-03 2.910048563E-04
5.122130000E+03 4.969096800E+01 1.622520000E-03 2.420477419E-04
6.158160000E+03 4.969089200E+01 1.328400000E-03 2.013263702E-04
7.403740000E+03 4.969083900E+01 1.087600000E-03 1.674559074E-04
8.901250000E+03 4.969080300E+01 8.904450000E-04 1.392838085E-04
1.000000000E+04 4.969078600E+01 7.860730000E-04 1.239800000E-04
