# Data retrieved from https://www-nds.iaea.org/epdl97/za1to100.htm 03/01/2021
# Element, Sr  (Z = 38) 
# Atomic weight, g mol-1 = 87.62 
# Nominal density, g cm-3 =  2.54000E+0 
# Relativistic correction estimate f_rel(5CL)*,  e atom-1 =  0 
# Nuclear Thomson correction f_NT*, e atom-1 =  0 
#    E [keV]      f1 [e atom-1]      f2 [e atom-1]    Wavelength [nm] 
1.000000000E-03 7.832600000E+00 0.000000000E+00 1.239800000E+03
1.091830000E-03 7.832000000E+00 0.000000000E+00 1.135524761E+03
1.160710000E-03 7.831600000E+00 0.000000000E+00 1.068139329E+03
1.264020000E-03 7.830900000E+00 0.000000000E+00 9.808389108E+02
1.367330000E-03 7.830300000E+00 0.000000000E+00 9.067306356E+02
1.370700000E-03 7.830300000E+00 0.000000000E+00 9.045013497E+02
1.374070000E-03 7.830200000E+00 0.000000000E+00 9.022829987E+02
1.377430000E-03 7.830200000E+00 0.000000000E+00 9.000820368E+02
1.380800000E-03 7.830200000E+00 0.000000000E+00 8.978852839E+02
1.384160000E-03 7.830200000E+00 0.000000000E+00 8.957056988E+02
1.387530000E-03 7.830200000E+00 0.000000000E+00 8.935302300E+02
1.390890000E-03 7.830100000E+00 0.000000000E+00 8.913717116E+02
1.394260000E-03 7.830100000E+00 0.000000000E+00 8.892172192E+02
1.397620000E-03 7.830100000E+00 0.000000000E+00 8.870794637E+02
1.400990000E-03 7.830100000E+00 0.000000000E+00 8.849456456E+02
1.404360000E-03 7.830100000E+00 0.000000000E+00 8.828220684E+02
1.407720000E-03 7.830000000E+00 0.000000000E+00 8.807149149E+02
1.411090000E-03 7.830000000E+00 0.000000000E+00 8.786115698E+02
1.417820000E-03 7.830000000E+00 0.000000000E+00 8.744410433E+02
1.421180000E-03 7.830000000E+00 0.000000000E+00 8.723736613E+02
1.424550000E-03 7.829900000E+00 0.000000000E+00 8.703099224E+02
1.427910000E-03 7.829900000E+00 0.000000000E+00 8.682620053E+02
1.431280000E-03 7.829900000E+00 0.000000000E+00 8.662176513E+02
1.434650000E-03 7.829900000E+00 0.000000000E+00 8.641829018E+02
1.441810000E-03 7.829800000E+00 0.000000000E+00 8.598913865E+02
1.445360000E-03 7.829800000E+00 0.000000000E+00 8.577793768E+02
1.448910000E-03 7.829800000E+00 0.000000000E+00 8.556777164E+02
1.452460000E-03 7.829800000E+00 0.000000000E+00 8.535863294E+02
1.456010000E-03 7.829700000E+00 0.000000000E+00 8.515051408E+02
1.459560000E-03 7.829700000E+00 0.000000000E+00 8.494340760E+02
1.463100000E-03 7.829700000E+00 0.000000000E+00 8.473788531E+02
1.466650000E-03 7.829700000E+00 0.000000000E+00 8.453277878E+02
1.470200000E-03 7.829700000E+00 0.000000000E+00 8.432866277E+02
1.473750000E-03 7.829600000E+00 0.000000000E+00 8.412553011E+02
1.477300000E-03 7.829600000E+00 0.000000000E+00 8.392337372E+02
1.480850000E-03 7.829600000E+00 0.000000000E+00 8.372218658E+02
1.484400000E-03 7.829600000E+00 0.000000000E+00 8.352196174E+02
1.487950000E-03 7.829500000E+00 0.000000000E+00 8.332269229E+02
1.495040000E-03 7.829500000E+00 0.000000000E+00 8.292754709E+02
1.498590000E-03 7.829500000E+00 0.000000000E+00 8.273110057E+02
1.502140000E-03 7.829500000E+00 0.000000000E+00 8.253558257E+02
1.505690000E-03 7.829400000E+00 0.000000000E+00 8.234098652E+02
1.509240000E-03 7.829400000E+00 0.000000000E+00 8.214730593E+02
1.512790000E-03 7.829400000E+00 0.000000000E+00 8.195453434E+02
1.589820000E-03 7.828900000E+00 0.000000000E+00 7.798367111E+02
1.657220000E-03 7.828500000E+00 0.000000000E+00 7.481203461E+02
1.716200000E-03 7.828100000E+00 0.000000000E+00 7.224099755E+02
1.767800000E-03 7.827800000E+00 0.000000000E+00 7.013236791E+02
1.812960000E-03 7.827500000E+00 0.000000000E+00 6.838540288E+02
1.852470000E-03 7.827300000E+00 0.000000000E+00 6.692685981E+02
1.887040000E-03 7.827100000E+00 0.000000000E+00 6.570078006E+02
1.917290000E-03 7.826900000E+00 0.000000000E+00 6.466418747E+02
1.943760000E-03 7.826700000E+00 0.000000000E+00 6.378359468E+02
1.966920000E-03 7.826600000E+00 0.000000000E+00 6.303255852E+02
1.987180000E-03 7.826400000E+00 0.000000000E+00 6.238991938E+02
2.022650000E-03 7.826000000E+00 0.000000000E+00 6.129582478E+02
2.049240000E-03 7.825600000E+00 0.000000000E+00 6.050047823E+02
2.069190000E-03 7.825300000E+00 0.000000000E+00 5.991716565E+02
2.084150000E-03 7.825100000E+00 0.000000000E+00 5.948708106E+02
2.095370000E-03 7.824900000E+00 0.000000000E+00 5.916854780E+02
2.103790000E-03 7.824700000E+00 0.000000000E+00 5.893173748E+02
2.116410000E-03 7.824600000E+00 0.000000000E+00 5.858033179E+02
2.122720000E-03 7.824500000E+00 0.000000000E+00 5.840619582E+02
2.125880000E-03 7.824400000E+00 0.000000000E+00 5.831937833E+02
2.129040000E-03 7.824400000E+00 0.000000000E+00 5.823281855E+02
2.134280000E-03 7.824300000E+00 0.000000000E+00 5.808984763E+02
2.139520000E-03 7.824200000E+00 0.000000000E+00 5.794757703E+02
2.144760000E-03 7.824100000E+00 0.000000000E+00 5.780600160E+02
2.150000000E-03 7.824000000E+00 0.000000000E+00 5.766511628E+02
2.155240000E-03 7.823900000E+00 0.000000000E+00 5.752491602E+02
2.160480000E-03 7.823900000E+00 0.000000000E+00 5.738539584E+02
2.165720000E-03 7.823800000E+00 0.000000000E+00 5.724655080E+02
2.170960000E-03 7.823700000E+00 0.000000000E+00 5.710837602E+02
2.176200000E-03 7.823600000E+00 0.000000000E+00 5.697086665E+02
2.186680000E-03 7.823500000E+00 0.000000000E+00 5.669782501E+02
2.189300000E-03 7.823400000E+00 0.000000000E+00 5.662997305E+02
2.193230000E-03 7.823400000E+00 0.000000000E+00 5.652849906E+02
2.195200000E-03 7.823300000E+00 0.000000000E+00 5.647776968E+02
2.197160000E-03 7.823300000E+00 0.000000000E+00 5.642738808E+02
2.199780000E-03 7.823300000E+00 0.000000000E+00 5.636018147E+02
2.202400000E-03 7.823200000E+00 0.000000000E+00 5.629313476E+02
2.207640000E-03 7.823100000E+00 0.000000000E+00 5.615951876E+02
2.210280000E-03 7.823100000E+00 0.000000000E+00 5.609244078E+02
2.212920000E-03 7.823100000E+00 0.000000000E+00 5.602552284E+02
2.215600000E-03 7.823000000E+00 0.000000000E+00 5.595775411E+02
2.217620000E-03 7.823000000E+00 0.000000000E+00 5.590678295E+02
2.220640000E-03 7.822900000E+00 0.000000000E+00 5.583075150E+02
2.222150000E-03 7.822900000E+00 0.000000000E+00 5.579281327E+02
2.223650000E-03 7.822900000E+00 0.000000000E+00 5.575517730E+02
2.226340000E-03 7.822800000E+00 0.000000000E+00 5.568781049E+02
2.227680000E-03 7.822800000E+00 0.000000000E+00 5.565431301E+02
2.228350000E-03 7.822800000E+00 0.000000000E+00 5.563757937E+02
2.228690000E-03 7.822800000E+00 0.000000000E+00 5.562909153E+02
2.228850000E-03 7.822800000E+00 0.000000000E+00 5.562509814E+02
2.228940000E-03 7.822800000E+00 0.000000000E+00 5.562285212E+02
2.229020000E-03 7.822800000E+00 0.000000000E+00 5.562085580E+02
2.229060000E-03 7.822800000E+00 0.000000000E+00 5.561985770E+02
2.229150000E-03 7.822800000E+00 0.000000000E+00 5.561761209E+02
2.229230000E-03 7.822800000E+00 0.000000000E+00 5.561561615E+02
2.229310000E-03 7.822800000E+00 0.000000000E+00 5.561362036E+02
2.229390000E-03 7.822800000E+00 0.000000000E+00 5.561162470E+02
2.229700000E-03 7.822800000E+00 0.000000000E+00 5.560389290E+02
2.230870000E-03 7.822800000E+00 0.000000000E+00 5.557473093E+02
2.233510000E-03 7.822700000E+00 0.000000000E+00 5.550904182E+02
2.234390000E-03 7.822700000E+00 0.000000000E+00 5.548717995E+02
2.239760000E-03 7.822600000E+00 0.000000000E+00 5.535414509E+02
2.242440000E-03 7.822600000E+00 0.000000000E+00 5.528798987E+02
2.245130000E-03 7.822600000E+00 0.000000000E+00 5.522174662E+02
2.247810000E-03 7.822500000E+00 0.000000000E+00 5.515590731E+02
2.250490000E-03 7.822500000E+00 0.000000000E+00 5.509022480E+02
2.253180000E-03 7.822400000E+00 0.000000000E+00 5.502445433E+02
2.255860000E-03 7.822400000E+00 0.000000000E+00 5.495908434E+02
2.261230000E-03 7.822300000E+00 0.000000000E+00 5.482856675E+02
2.266600000E-03 7.822200000E+00 0.000000000E+00 5.469866761E+02
2.271960000E-03 7.822100000E+00 0.000000000E+00 5.456962270E+02
2.277330000E-03 7.822100000E+00 0.000000000E+00 5.444094620E+02
2.282700000E-03 7.822000000E+00 0.000000000E+00 5.431287510E+02
2.288070000E-03 7.821900000E+00 0.000000000E+00 5.418540517E+02
2.291390000E-03 7.821800000E+00 0.000000000E+00 5.410689581E+02
2.298000000E-03 7.821700000E+00 0.000000000E+00 5.395126197E+02
2.304560000E-03 7.821600000E+00 0.000000000E+00 5.379768806E+02
2.317590000E-03 7.821400000E+00 0.000000000E+00 5.349522564E+02
2.330410000E-03 7.821200000E+00 0.000000000E+00 5.320093889E+02
2.343030000E-03 7.821000000E+00 0.000000000E+00 5.291438863E+02
2.367870000E-03 7.820700000E+00 0.000000000E+00 5.235929337E+02
2.391940000E-03 7.820300000E+00 0.000000000E+00 5.183240382E+02
2.415250000E-03 7.819900000E+00 0.000000000E+00 5.133216023E+02
2.437840000E-03 7.819600000E+00 0.000000000E+00 5.085649591E+02
2.481600000E-03 7.818900000E+00 0.000000000E+00 4.995970342E+02
2.522630000E-03 7.818200000E+00 0.000000000E+00 4.914712027E+02
2.561090000E-03 7.817700000E+00 0.000000000E+00 4.840907582E+02
2.633210000E-03 7.816500000E+00 0.000000000E+00 4.708321782E+02
2.696320000E-03 7.815600000E+00 0.000000000E+00 4.598118918E+02
2.806750000E-03 7.813800000E+00 0.000000000E+00 4.417208515E+02
2.889570000E-03 7.812600000E+00 0.000000000E+00 4.290603792E+02
3.013810000E-03 7.810600000E+00 0.000000000E+00 4.113729797E+02
3.138040000E-03 7.808700000E+00 0.000000000E+00 3.950873794E+02
3.145760000E-03 7.808600000E+00 0.000000000E+00 3.941177967E+02
3.153490000E-03 7.808500000E+00 0.000000000E+00 3.931517144E+02
3.161210000E-03 7.808300000E+00 0.000000000E+00 3.921915975E+02
3.168940000E-03 7.808200000E+00 0.000000000E+00 3.912349240E+02
3.176660000E-03 7.808100000E+00 0.000000000E+00 3.902841349E+02
3.184380000E-03 7.808000000E+00 0.000000000E+00 3.893379559E+02
3.192110000E-03 7.807900000E+00 0.000000000E+00 3.883951368E+02
3.199830000E-03 7.807700000E+00 0.000000000E+00 3.874580837E+02
3.207560000E-03 7.807600000E+00 0.000000000E+00 3.865243363E+02
3.215280000E-03 7.807500000E+00 0.000000000E+00 3.855962778E+02
3.223000000E-03 7.807400000E+00 0.000000000E+00 3.846726652E+02
3.230730000E-03 7.807300000E+00 0.000000000E+00 3.837522789E+02
3.238450000E-03 7.807100000E+00 0.000000000E+00 3.828374685E+02
3.253900000E-03 7.806900000E+00 0.000000000E+00 3.810196994E+02
3.261620000E-03 7.806800000E+00 0.000000000E+00 3.801178555E+02
3.269350000E-03 7.806700000E+00 0.000000000E+00 3.792191108E+02
3.277070000E-03 7.806500000E+00 0.000000000E+00 3.783257605E+02
3.284800000E-03 7.806400000E+00 0.000000000E+00 3.774354603E+02
3.292520000E-03 7.806300000E+00 0.000000000E+00 3.765504841E+02
3.478660000E-03 7.803400000E+00 0.000000000E+00 3.564016029E+02
3.571730000E-03 7.802000000E+00 0.000000000E+00 3.471147035E+02
3.618270000E-03 7.801200000E+00 0.000000000E+00 3.426499404E+02
3.641540000E-03 7.800900000E+00 0.000000000E+00 3.404603547E+02
3.653170000E-03 7.800700000E+00 0.000000000E+00 3.393764867E+02
3.664810000E-03 7.800500000E+00 0.000000000E+00 3.382985748E+02
3.667270000E-03 7.800500000E+00 0.000000000E+00 3.380716446E+02
3.678140000E-03 7.800300000E+00 0.000000000E+00 3.370725421E+02
3.682920000E-03 7.800200000E+00 0.000000000E+00 3.366350613E+02
3.685330000E-03 7.800200000E+00 0.000000000E+00 3.364149208E+02
3.694350000E-03 7.800100000E+00 0.000000000E+00 3.355935415E+02
3.701050000E-03 7.800000000E+00 0.000000000E+00 3.349860175E+02
3.710110000E-03 7.799800000E+00 0.000000000E+00 3.341679896E+02
3.712380000E-03 7.799800000E+00 0.000000000E+00 3.339636567E+02
3.719180000E-03 7.799700000E+00 0.000000000E+00 3.333530509E+02
3.720590000E-03 7.799700000E+00 0.000000000E+00 3.332267194E+02
3.723060000E-03 7.799600000E+00 0.000000000E+00 3.330056459E+02
3.724910000E-03 7.799600000E+00 0.000000000E+00 3.328402565E+02
3.727680000E-03 7.799600000E+00 0.000000000E+00 3.325929264E+02
3.730460000E-03 7.799500000E+00 0.000000000E+00 3.323450727E+02
3.732720000E-03 7.799500000E+00 0.000000000E+00 3.321438522E+02
3.734690000E-03 7.799400000E+00 0.000000000E+00 3.319686507E+02
3.738150000E-03 7.799400000E+00 0.000000000E+00 3.316613833E+02
3.740740000E-03 7.799300000E+00 0.000000000E+00 3.314317488E+02
3.744630000E-03 7.799300000E+00 0.000000000E+00 3.310874506E+02
3.746570000E-03 7.799300000E+00 0.000000000E+00 3.309160112E+02
3.755280000E-03 7.799100000E+00 0.000000000E+00 3.301484843E+02
3.757540000E-03 7.799100000E+00 0.000000000E+00 3.299499140E+02
3.766570000E-03 7.798900000E+00 0.000000000E+00 3.291588899E+02
3.773570000E-03 7.798800000E+00 0.000000000E+00 3.285482978E+02
3.782640000E-03 7.798700000E+00 0.000000000E+00 3.277605059E+02
3.788140000E-03 7.798600000E+00 0.000000000E+00 3.272846305E+02
3.793650000E-03 7.798500000E+00 0.000000000E+00 3.268092734E+02
3.803630000E-03 7.798400000E+00 0.000000000E+00 3.259517882E+02
3.813610000E-03 7.798200000E+00 0.000000000E+00 3.250987909E+02
3.820730000E-03 7.798100000E+00 0.000000000E+00 3.244929634E+02
3.827960000E-03 7.798000000E+00 0.000000000E+00 3.238800823E+02
3.837030000E-03 7.797900000E+00 0.000000000E+00 3.231144922E+02
3.846090000E-03 7.797700000E+00 0.000000000E+00 3.223533511E+02
3.847810000E-03 7.797700000E+00 0.000000000E+00 3.222092567E+02
3.855160000E-03 7.797600000E+00 0.000000000E+00 3.215949533E+02
3.864220000E-03 7.797400000E+00 0.000000000E+00 3.208409459E+02
3.881860000E-03 7.797200000E+00 0.000000000E+00 3.193829762E+02
3.914920000E-03 7.796600000E+00 0.000000000E+00 3.166859093E+02
3.972790000E-03 7.795700000E+00 0.000000000E+00 3.120728757E+02
4.146390000E-03 7.786000000E+00 0.000000000E+00 2.990070881E+02
4.156600000E-03 7.785300000E+00 0.000000000E+00 2.982726267E+02
4.166800000E-03 7.784700000E+00 0.000000000E+00 2.975424786E+02
4.177010000E-03 7.784000000E+00 0.000000000E+00 2.968151860E+02
4.187220000E-03 7.783400000E+00 0.000000000E+00 2.960914401E+02
4.197420000E-03 7.782700000E+00 0.000000000E+00 2.953719189E+02
4.221660000E-03 7.781200000E+00 0.000000000E+00 2.936759474E+02
4.228470000E-03 7.780800000E+00 0.000000000E+00 2.932029789E+02
4.242440000E-03 7.779900000E+00 0.000000000E+00 2.922374860E+02
4.249290000E-03 7.779400000E+00 0.000000000E+00 2.917663892E+02
4.252830000E-03 7.779200000E+00 0.000000000E+00 2.915235267E+02
4.259700000E-03 7.778800000E+00 0.000000000E+00 2.910533606E+02
4.270100000E-03 7.778100000E+00 0.000000000E+00 2.903444884E+02
4.280510000E-03 7.777500000E+00 0.000000000E+00 2.896383842E+02
4.293960000E-03 7.776600000E+00 0.000000000E+00 2.887311479E+02
4.307420000E-03 7.775700000E+00 0.000000000E+00 2.878289092E+02
4.315180000E-03 7.775200000E+00 0.000000000E+00 2.873113057E+02
4.322140000E-03 7.774800000E+00 0.000000000E+00 2.868486444E+02
4.332550000E-03 7.774100000E+00 0.000000000E+00 2.861594211E+02
4.342960000E-03 7.773500000E+00 0.000000000E+00 2.854735019E+02
4.353370000E-03 7.772800000E+00 0.000000000E+00 2.847908632E+02
4.367710000E-03 7.771900000E+00 0.000000000E+00 2.838558421E+02
4.382060000E-03 7.771000000E+00 0.000000000E+00 2.829262949E+02
4.387920000E-03 7.770600000E+00 0.000000000E+00 2.825484512E+02
4.395000000E-03 7.770200000E+00 0.000000000E+00 2.820932878E+02
4.405400000E-03 7.769500000E+00 0.000000000E+00 2.814273392E+02
4.415810000E-03 7.768800000E+00 0.000000000E+00 2.807638916E+02
4.429480000E-03 7.768000000E+00 0.000000000E+00 2.798974146E+02
4.436630000E-03 7.767500000E+00 0.000000000E+00 2.794463365E+02
4.445280000E-03 7.767000000E+00 0.000000000E+00 2.789025663E+02
4.456220000E-03 7.766300000E+00 0.000000000E+00 2.782178618E+02
4.467160000E-03 7.765600000E+00 0.000000000E+00 2.775365109E+02
4.478100000E-03 7.764900000E+00 0.000000000E+00 2.768584891E+02
4.485340000E-03 7.764400000E+00 0.000000000E+00 2.764115987E+02
4.488910000E-03 7.764200000E+00 0.000000000E+00 2.761917704E+02
4.507420000E-03 7.763000000E+00 0.000000000E+00 2.750575717E+02
4.511010000E-03 7.762800000E+00 0.000000000E+00 2.748386725E+02
4.518460000E-03 7.762300000E+00 0.000000000E+00 2.743855207E+02
4.522060000E-03 7.762100000E+00 0.000000000E+00 2.741670831E+02
4.533110000E-03 7.761400000E+00 0.000000000E+00 2.734987680E+02
4.544160000E-03 7.760700000E+00 0.000000000E+00 2.728337030E+02
4.573660000E-03 7.758800000E+00 0.000000000E+00 2.710739320E+02
4.588350000E-03 7.757800000E+00 0.000000000E+00 2.702060654E+02
4.599400000E-03 7.757100000E+00 0.000000000E+00 2.695568987E+02
4.610450000E-03 7.756400000E+00 0.000000000E+00 2.689108438E+02
4.621500000E-03 7.755700000E+00 0.000000000E+00 2.682678784E+02
4.644970000E-03 7.754200000E+00 0.000000000E+00 2.669123805E+02
4.656370000E-03 7.753500000E+00 0.000000000E+00 2.662589098E+02
4.665690000E-03 7.752900000E+00 0.000000000E+00 2.657270414E+02
4.675770000E-03 7.752300000E+00 0.000000000E+00 2.651541885E+02
4.679180000E-03 7.752000000E+00 0.000000000E+00 2.649609547E+02
4.688460000E-03 7.751500000E+00 0.000000000E+00 2.644365101E+02
4.706140000E-03 7.750300000E+00 0.000000000E+00 2.634430765E+02
4.711260000E-03 7.750000000E+00 0.000000000E+00 2.631567776E+02
4.724800000E-03 7.749100000E+00 0.000000000E+00 2.624026414E+02
4.736210000E-03 7.748400000E+00 0.000000000E+00 2.617704874E+02
4.747610000E-03 7.747700000E+00 0.000000000E+00 2.611419219E+02
4.759010000E-03 7.747000000E+00 0.000000000E+00 2.605163679E+02
4.770420000E-03 7.746200000E+00 0.000000000E+00 2.598932589E+02
4.793230000E-03 7.744800000E+00 0.000000000E+00 2.586564801E+02
4.804630000E-03 7.744100000E+00 0.000000000E+00 2.580427629E+02
4.820810000E-03 7.743000000E+00 0.000000000E+00 2.571766985E+02
4.851080000E-03 7.741100000E+00 0.000000000E+00 2.555719551E+02
5.002320000E-03 7.708900000E+00 1.333710000E-03 2.478449999E+02
5.035040000E-03 7.690400000E+00 8.007310000E-03 2.462343894E+02
5.064380000E-03 7.672300000E+00 2.533700000E-02 2.448078541E+02
5.088950000E-03 7.663600000E+00 4.950640000E-02 2.436258953E+02
5.190640000E-03 7.719700000E+00 1.157970000E-01 2.388530123E+02
5.544380000E-03 7.792300000E+00 8.613090000E-02 2.236138216E+02
5.857360000E-03 7.804700000E+00 6.485530000E-02 2.116653236E+02
6.173800000E-03 7.805700000E+00 4.860610000E-02 2.008163530E+02
6.456540000E-03 7.802300000E+00 3.742470000E-02 1.920223525E+02
6.739120000E-03 7.796800000E+00 2.864700000E-02 1.839706074E+02
7.003870000E-03 7.790500000E+00 2.215510000E-02 1.770164209E+02
7.288580000E-03 7.783000000E+00 1.665810000E-02 1.701017208E+02
7.552260000E-03 7.775900000E+00 1.265820000E-02 1.641627804E+02
7.818410000E-03 7.768500000E+00 9.475390000E-03 1.585744416E+02
8.037240000E-03 7.761700000E+00 7.385940000E-03 1.542569340E+02
8.270000000E-03 7.751100000E+00 5.599830000E-03 1.499153567E+02
8.461910000E-03 7.742300000E+00 4.410740000E-03 1.465153848E+02
8.694860000E-03 7.731800000E+00 3.264170000E-03 1.425899899E+02
8.863500000E-03 7.724200000E+00 2.606720000E-03 1.398770237E+02
9.027670000E-03 7.716900000E+00 2.089270000E-03 1.373333319E+02
9.204680000E-03 7.709000000E+00 1.649790000E-03 1.346923522E+02
9.356150000E-03 7.702300000E+00 1.358940000E-03 1.325117703E+02
9.497500000E-03 7.696100000E+00 1.151720000E-03 1.305396157E+02
9.645000000E-03 7.689700000E+00 9.950540000E-04 1.285432867E+02
9.805000000E-03 7.682800000E+00 8.866300000E-04 1.264456910E+02
9.980000000E-03 7.675200000E+00 8.327290000E-04 1.242284569E+02
1.016630000E-02 7.667300000E+00 8.411920000E-04 1.219519393E+02
1.033000000E-02 7.660300000E+00 8.977470000E-04 1.200193611E+02
1.052570000E-02 7.652100000E+00 1.018600000E-03 1.177878906E+02
1.072500000E-02 7.643700000E+00 1.192030000E-03 1.155990676E+02
1.102820000E-02 7.631100000E+00 1.538370000E-03 1.124208846E+02
1.131960000E-02 7.619100000E+00 1.948980000E-03 1.095268384E+02
1.188250000E-02 7.596300000E+00 2.905170000E-03 1.043383126E+02
1.257300000E-02 7.557100000E+00 4.272930000E-03 9.860812853E+01
1.289670000E-02 7.537600000E+00 4.932270000E-03 9.613311933E+01
1.336150000E-02 7.509900000E+00 5.931290000E-03 9.278898327E+01
1.380540000E-02 7.483600000E+00 6.905340000E-03 8.980543845E+01
1.409050000E-02 7.466800000E+00 7.532290000E-03 8.798836095E+01
1.464300000E-02 7.434300000E+00 8.743630000E-03 8.466844226E+01
1.516100000E-02 7.399400000E+00 9.866990000E-03 8.177560847E+01
1.564660000E-02 7.357300000E+00 1.090100000E-02 7.923766186E+01
1.610180000E-02 7.317300000E+00 1.185250000E-02 7.699760275E+01
1.652860000E-02 7.278000000E+00 1.272500000E-02 7.500937768E+01
1.698240000E-02 7.236300000E+00 1.363450000E-02 7.300499340E+01
1.767890000E-02 7.172400000E+00 1.497660000E-02 7.012879761E+01
1.833540000E-02 7.093100000E+00 1.619610000E-02 6.761783217E+01
1.890970000E-02 7.016500000E+00 1.721730000E-02 6.556423423E+01
1.941230000E-02 6.949600000E+00 1.807800000E-02 6.386672368E+01
1.995260000E-02 6.874300000E+00 1.898900000E-02 6.213726532E+01
2.023690000E-02 6.825700000E+00 1.944100000E-02 6.126432408E+01
2.057360000E-02 6.765100000E+00 1.997640000E-02 6.026169460E+01
2.089300000E-02 6.704900000E+00 2.048440000E-02 5.934044895E+01
2.112590000E-02 6.661000000E+00 2.083230000E-02 5.868625715E+01
2.142410000E-02 6.604900000E+00 2.127750000E-02 5.786940875E+01
2.154890000E-02 6.575300000E+00 2.146380000E-02 5.753425929E+01
2.190000000E-02 6.492100000E+00 2.198810000E-02 5.661187215E+01
2.215330000E-02 6.431500000E+00 2.233900000E-02 5.596457413E+01
2.234760000E-02 6.381100000E+00 2.260820000E-02 5.547799316E+01
2.249330000E-02 6.343200000E+00 2.281010000E-02 5.511863533E+01
2.260260000E-02 6.314400000E+00 2.296150000E-02 5.485209666E+01
2.268450000E-02 6.288100000E+00 2.307510000E-02 5.465405894E+01
2.280750000E-02 6.248700000E+00 2.324540000E-02 5.435931163E+01
2.286890000E-02 6.229000000E+00 2.333060000E-02 5.421336400E+01
2.293040000E-02 6.209300000E+00 2.341570000E-02 5.406796218E+01
2.296760000E-02 6.197400000E+00 2.346730000E-02 5.398038977E+01
2.300490000E-02 6.185400000E+00 2.351890000E-02 5.389286630E+01
2.304330000E-02 6.173100000E+00 2.357210000E-02 5.380305772E+01
2.309970000E-02 6.155000000E+00 2.365030000E-02 5.367169271E+01
2.311810000E-02 6.149100000E+00 2.367580000E-02 5.362897470E+01
2.317470000E-02 6.130900000E+00 2.375420000E-02 5.349799566E+01
2.323140000E-02 6.112800000E+00 2.382590000E-02 5.336742512E+01
2.328800000E-02 6.094600000E+00 2.389760000E-02 5.323771900E+01
2.332560000E-02 6.082600000E+00 2.394520000E-02 5.315190177E+01
2.338200000E-02 6.064500000E+00 2.401660000E-02 5.302369344E+01
2.341020000E-02 6.055500000E+00 2.405230000E-02 5.295982093E+01
2.343840000E-02 6.046200000E+00 2.408800000E-02 5.289610212E+01
2.347510000E-02 6.033300000E+00 2.413450000E-02 5.281340655E+01
2.350030000E-02 6.022700000E+00 2.416650000E-02 5.275677332E+01
2.351450000E-02 6.016700000E+00 2.418440000E-02 5.272491441E+01
2.352860000E-02 6.010700000E+00 2.420240000E-02 5.269331792E+01
2.354990000E-02 6.001700000E+00 2.422920000E-02 5.264565879E+01
2.356050000E-02 5.997200000E+00 2.424270000E-02 5.262197322E+01
2.356580000E-02 5.995000000E+00 2.424940000E-02 5.261013842E+01
2.356980000E-02 5.993300000E+00 2.425450000E-02 5.260121002E+01
2.357290000E-02 5.992000000E+00 2.425840000E-02 5.259429260E+01
2.357460000E-02 5.991300000E+00 2.426050000E-02 5.259049994E+01
2.362770000E-02 5.968800000E+00 2.432780000E-02 5.247231004E+01
2.363580000E-02 5.965400000E+00 2.433800000E-02 5.245432776E+01
2.366390000E-02 5.953500000E+00 2.437370000E-02 5.239204020E+01
2.369210000E-02 5.941600000E+00 2.440930000E-02 5.232967951E+01
2.371230000E-02 5.933100000E+00 2.443500000E-02 5.228510098E+01
2.374780000E-02 5.918100000E+00 2.447990000E-02 5.220694127E+01
2.377440000E-02 5.906800000E+00 2.451360000E-02 5.214852951E+01
2.381430000E-02 5.890000000E+00 2.456420000E-02 5.206115653E+01
2.385420000E-02 5.873100000E+00 2.461470000E-02 5.197407584E+01
2.391080000E-02 5.849200000E+00 2.468640000E-02 5.185104639E+01
2.396750000E-02 5.825200000E+00 2.475810000E-02 5.172838218E+01
2.402410000E-02 5.801300000E+00 2.482980000E-02 5.160651179E+01
2.405920000E-02 5.786500000E+00 2.487430000E-02 5.153122298E+01
2.409830000E-02 5.769900000E+00 2.492380000E-02 5.144761249E+01
2.411780000E-02 5.761700000E+00 2.494850000E-02 5.140601547E+01
2.413730000E-02 5.753200000E+00 2.497330000E-02 5.136448567E+01
2.416490000E-02 5.739200000E+00 2.500810000E-02 5.130581960E+01
2.419240000E-02 5.725200000E+00 2.504300000E-02 5.124749921E+01
2.421310000E-02 5.714700000E+00 2.506920000E-02 5.120368726E+01
2.424420000E-02 5.699000000E+00 2.510850000E-02 5.113800414E+01
2.430240000E-02 5.669400000E+00 2.518240000E-02 5.101553756E+01
2.431150000E-02 5.664800000E+00 2.519390000E-02 5.099644201E+01
2.431520000E-02 5.662900000E+00 2.519860000E-02 5.098868198E+01
2.437110000E-02 5.634600000E+00 2.526930000E-02 5.087172922E+01
2.437850000E-02 5.630800000E+00 2.527870000E-02 5.085628730E+01
2.443060000E-02 5.603400000E+00 2.534470000E-02 5.074783264E+01
2.444550000E-02 5.595400000E+00 2.536350000E-02 5.071690086E+01
2.449020000E-02 5.571200000E+00 2.542010000E-02 5.062433137E+01
2.450930000E-02 5.560800000E+00 2.544440000E-02 5.058488003E+01
2.453800000E-02 5.545200000E+00 2.548070000E-02 5.052571522E+01
2.456680000E-02 5.529600000E+00 2.551480000E-02 5.046648322E+01
2.459230000E-02 5.515800000E+00 2.554410000E-02 5.041415402E+01
2.461140000E-02 5.505400000E+00 2.556610000E-02 5.037502946E+01
2.462870000E-02 5.496000000E+00 2.558600000E-02 5.033964440E+01
2.464730000E-02 5.484200000E+00 2.560730000E-02 5.030165576E+01
2.465800000E-02 5.477400000E+00 2.561960000E-02 5.027982805E+01
2.466340000E-02 5.473900000E+00 2.562580000E-02 5.026881938E+01
2.467310000E-02 5.467800000E+00 2.563690000E-02 5.024905666E+01
2.470520000E-02 5.447400000E+00 2.567380000E-02 5.018376698E+01
2.471320000E-02 5.442300000E+00 2.568300000E-02 5.016752181E+01
2.471920000E-02 5.438400000E+00 2.568990000E-02 5.015534483E+01
2.472830000E-02 5.432700000E+00 2.570030000E-02 5.013688770E+01
2.473280000E-02 5.429800000E+00 2.570550000E-02 5.012776556E+01
2.473730000E-02 5.426900000E+00 2.571070000E-02 5.011864674E+01
2.479570000E-02 5.389800000E+00 2.577780000E-02 5.000060494E+01
2.485420000E-02 5.352600000E+00 2.584490000E-02 4.988291717E+01
2.488340000E-02 5.334000000E+00 2.587850000E-02 4.982438091E+01
2.491260000E-02 5.315400000E+00 2.591200000E-02 4.976598187E+01
2.493840000E-02 5.299000000E+00 2.594160000E-02 4.971449652E+01
2.497700000E-02 5.274400000E+00 2.598600000E-02 4.963766665E+01
2.501560000E-02 5.248300000E+00 2.603030000E-02 4.956107389E+01
2.505060000E-02 5.222500000E+00 2.607050000E-02 4.949182854E+01
2.508560000E-02 5.196700000E+00 2.611080000E-02 4.942277641E+01
2.514520000E-02 5.152600000E+00 2.617920000E-02 4.930563288E+01
2.520470000E-02 5.106300000E+00 2.624750000E-02 4.918923852E+01
2.526430000E-02 5.060100000E+00 2.631590000E-02 4.907319815E+01
2.534200000E-02 4.993200000E+00 2.640530000E-02 4.892273696E+01
2.538340000E-02 4.956900000E+00 2.645270000E-02 4.884294460E+01
2.541850000E-02 4.926100000E+00 2.649300000E-02 4.877549816E+01
2.548060000E-02 4.871600000E+00 2.656440000E-02 4.865662504E+01
2.555660000E-02 4.799600000E+00 2.665170000E-02 4.851193038E+01
2.563310000E-02 4.723800000E+00 2.673950000E-02 4.836715029E+01
2.574440000E-02 4.603200000E+00 2.686740000E-02 4.815804602E+01
2.580590000E-02 4.530700000E+00 2.693810000E-02 4.804327693E+01
2.585620000E-02 4.469500000E+00 2.699580000E-02 4.794981474E+01
2.593070000E-02 4.374600000E+00 2.708130000E-02 4.781205289E+01
2.600830000E-02 4.268100000E+00 2.716980000E-02 4.766939785E+01
2.612570000E-02 4.092200000E+00 2.729460000E-02 4.745518780E+01
2.619280000E-02 3.979000000E+00 2.737660000E-02 4.733361840E+01
2.625390000E-02 3.868400000E+00 2.748310000E-02 4.722346013E+01
2.632850000E-02 3.721400000E+00 2.776280000E-02 4.708965570E+01
2.649300000E-02 3.329000000E+00 3.221120000E-02 4.679726720E+01
2.662320000E-02 2.913400000E+00 5.696610000E-02 4.656840650E+01
2.685420000E-02 1.822600000E+00 3.807750000E-01 4.616782477E+01
2.702730000E-02 8.834000000E-01 1.259640000E+00 4.587213669E+01
2.714110000E-02 5.172000000E-01 2.201480000E+00 4.567979927E+01
2.723980000E-02 5.119000000E-01 3.114210000E+00 4.551428425E+01
2.741990000E-02 1.203000000E+00 4.478420000E+00 4.521533631E+01
2.752880000E-02 1.812400000E+00 4.932180000E+00 4.503647090E+01
2.768680000E-02 2.587500000E+00 5.166990000E+00 4.477946169E+01
2.802880000E-02 3.302700000E+00 5.125260000E+00 4.423307455E+01
2.888330000E-02 4.980500000E+00 7.099790000E+00 4.292445808E+01
3.069230000E-02 8.154500000E+00 5.830350000E+00 4.039449634E+01
3.288370000E-02 9.367300000E+00 4.624060000E+00 3.770256997E+01
3.537890000E-02 9.920200000E+00 3.627700000E+00 3.504348637E+01
3.773150000E-02 1.011780000E+01 2.931170000E+00 3.285848694E+01
4.058370000E-02 1.014700000E+01 2.298990000E+00 3.054921064E+01
4.265860000E-02 1.009210000E+01 1.948060000E+00 2.906330728E+01
4.325470000E-02 1.007060000E+01 1.859760000E+00 2.866278115E+01
4.361270000E-02 1.005520000E+01 1.809890000E+00 2.842749933E+01
4.427970000E-02 1.002610000E+01 1.722310000E+00 2.799928635E+01
4.481230000E-02 9.998000000E+00 1.656300000E+00 2.766651120E+01
4.566610000E-02 9.934700000E+00 1.560330000E+00 2.714924200E+01
4.900000000E-02 9.795700000E+00 1.350280000E+00 2.530204082E+01
5.258500000E-02 9.614100000E+00 1.138380000E+00 2.357706570E+01
5.663200000E-02 9.407400000E+00 9.804370000E-01 2.189221641E+01
6.165950000E-02 9.169600000E+00 8.622370000E-01 2.010720165E+01
6.800000000E-02 8.899000000E+00 7.874930000E-01 1.823235294E+01
7.695730000E-02 8.510300000E+00 7.567530000E-01 1.611023256E+01
9.416860000E-02 7.728700000E+00 7.865060000E-01 1.316574739E+01
1.127770000E-01 6.589000000E+00 8.416800000E-01 1.099337631E+01
1.249720000E-01 5.555100000E+00 8.730800000E-01 9.920622219E+00
1.320520000E-01 4.703200000E+00 8.886080000E-01 9.388725654E+00
1.365740000E-01 3.991300000E+00 8.963640000E-01 9.077862551E+00
1.376520000E-01 3.812500000E+00 8.979270000E-01 9.006770697E+00
1.383010000E-01 3.690200000E+00 8.988800000E-01 8.964504957E+00
1.389350000E-01 3.564400000E+00 8.999210000E-01 8.923597366E+00
1.399360000E-01 3.333000000E+00 9.036560000E-01 8.859764464E+00
1.408490000E-01 3.081500000E+00 9.204210000E-01 8.802334415E+00
1.418870000E-01 2.751200000E+00 9.951040000E-01 8.737939346E+00
1.430290000E-01 2.399700000E+00 1.186360000E+00 8.668172189E+00
1.446480000E-01 2.057600000E+00 1.536070000E+00 8.571152038E+00
1.467000000E-01 1.766900000E+00 1.841560000E+00 8.451261077E+00
1.489500000E-01 1.307200000E+00 2.065080000E+00 8.323598523E+00
1.511100000E-01 7.499000000E-01 2.395780000E+00 8.204619152E+00
1.531850000E-01 2.079000000E-01 2.853540000E+00 8.093481738E+00
1.540310000E-01 4.000000000E-04 3.076430000E+00 8.049029092E+00
1.544350000E-01 -9.300000000E-02 3.189670000E+00 8.027972934E+00
1.551270000E-01 -2.504000000E-01 3.389330000E+00 7.992161261E+00
1.562490000E-01 -4.818000000E-01 3.736100000E+00 7.934770783E+00
1.571240000E-01 -6.165000000E-01 4.025560000E+00 7.890583234E+00
1.587490000E-01 -8.467000000E-01 4.576850000E+00 7.809812975E+00
1.622500000E-01 -1.240600000E+00 5.797320000E+00 7.641294299E+00
1.647500000E-01 -1.391800000E+00 6.677510000E+00 7.525341426E+00
1.670000000E-01 -1.417500000E+00 7.463960000E+00 7.423952096E+00
1.693360000E-01 -1.359900000E+00 8.257830000E+00 7.321538243E+00
1.714150000E-01 -1.251300000E+00 8.938380000E+00 7.232739259E+00
1.737500000E-01 -1.064100000E+00 9.659590000E+00 7.135539568E+00
1.770000000E-01 -7.271000000E-01 1.058260000E+01 7.004519774E+00
1.800000000E-01 -3.600000000E-01 1.134290000E+01 6.887777778E+00
1.822500000E-01 -6.610000000E-02 1.186300000E+01 6.802743484E+00
1.880000000E-01 7.129000000E-01 1.301680000E+01 6.594680851E+00
2.060000000E-01 3.165900000E+00 1.576600000E+01 6.018446602E+00
2.240000000E-01 5.775600000E+00 1.753520000E+01 5.534821429E+00
2.380000000E-01 7.613700000E+00 1.828140000E+01 5.209243697E+00
2.491120000E-01 8.830900000E+00 1.861520000E+01 4.976877870E+00
2.560380000E-01 9.438400000E+00 1.874040000E+01 4.842249979E+00
2.590090000E-01 9.633000000E+00 1.877550000E+01 4.786706253E+00
2.618500000E-01 9.751100000E+00 1.879510000E+01 4.734771816E+00
2.631530000E-01 9.769000000E+00 1.880710000E+01 4.711327631E+00
2.642650000E-01 9.752400000E+00 1.882720000E+01 4.691502848E+00
2.653650000E-01 9.697200000E+00 1.887230000E+01 4.672055471E+00
2.670640000E-01 9.550500000E+00 1.905990000E+01 4.642332924E+00
2.683860000E-01 9.468500000E+00 1.935910000E+01 4.619465993E+00
2.698180000E-01 9.540900000E+00 1.978410000E+01 4.594949188E+00
2.726990000E-01 1.015070000E+01 2.042940000E+01 4.546404644E+00
2.745810000E-01 1.058600000E+01 2.056480000E+01 4.515243225E+00
2.764580000E-01 1.087970000E+01 2.062250000E+01 4.484587171E+00
2.791310000E-01 1.117260000E+01 2.082230000E+01 4.441642096E+00
2.843890000E-01 1.217580000E+01 2.131450000E+01 4.359521641E+00
3.184020000E-01 1.650060000E+01 2.083950000E+01 3.893819762E+00
3.412860000E-01 1.829130000E+01 2.026290000E+01 3.632730320E+00
3.488330000E-01 1.847670000E+01 2.031270000E+01 3.554136220E+00
3.660300000E-01 2.037140000E+01 2.040280000E+01 3.387154058E+00
4.017290000E-01 2.291560000E+01 1.923570000E+01 3.086160073E+00
4.525070000E-01 2.538830000E+01 1.752550000E+01 2.739847118E+00
5.120000000E-01 2.733890000E+01 1.567260000E+01 2.421484375E+00
5.787620000E-01 2.877116000E+01 1.386890000E+01 2.142158608E+00
6.658760000E-01 2.990110000E+01 1.190740000E+01 1.861908223E+00
7.727810000E-01 3.064545000E+01 1.001610000E+01 1.604335510E+00
9.231660000E-01 3.104015000E+01 8.043420000E+00 1.342987068E+00
1.096480000E+00 3.099392000E+01 6.433310000E+00 1.130709178E+00
1.291960000E+00 3.052993000E+01 5.155210000E+00 9.596272330E-01
1.506700000E+00 2.953800000E+01 4.160010000E+00 8.228579014E-01
1.653820000E+00 2.837355000E+01 3.642830000E+00 7.496583667E-01
1.764640000E+00 2.694220000E+01 3.316320000E+00 7.025795630E-01
1.837310000E+00 2.532050000E+01 3.127430000E+00 6.747908627E-01
1.875630000E+00 2.389580000E+01 3.034200000E+00 6.610045691E-01
1.893090000E+00 2.290660000E+01 3.001840000E+00 6.549081132E-01
1.902640000E+00 2.213820000E+01 3.027920000E+00 6.516209057E-01
1.907460000E+00 2.166380000E+01 3.088020000E+00 6.499743114E-01
1.912020000E+00 2.115440000E+01 3.203930000E+00 6.484241797E-01
1.917660000E+00 2.043740000E+01 3.471650000E+00 6.465171094E-01
1.925720000E+00 1.936720000E+01 4.201030000E+00 6.438111460E-01
1.934930000E+00 1.838460000E+01 5.610990000E+00 6.407466937E-01
1.942390000E+00 1.810180000E+01 7.056930000E+00 6.382858231E-01
1.950590000E+00 1.825470000E+01 8.618510000E+00 6.356025613E-01
1.962950000E+00 1.932910000E+01 1.026310000E+01 6.316003974E-01
1.978110000E+00 2.054710000E+01 1.100430000E+01 6.267598870E-01
1.988040000E+00 2.088850000E+01 1.126280000E+01 6.236293032E-01
2.010000000E+00 2.126890000E+01 1.265800000E+01 6.168159204E-01
2.023350000E+00 2.206360000E+01 1.376340000E+01 6.127461883E-01
2.056190000E+00 2.480830000E+01 1.447660000E+01 6.029598432E-01
2.089540000E+00 2.636450000E+01 1.416660000E+01 5.933363324E-01
2.137780000E+00 2.764720000E+01 1.373630000E+01 5.799474221E-01
2.173790000E+00 2.795050000E+01 1.355020000E+01 5.703402813E-01
2.198470000E+00 2.806873000E+01 1.405660000E+01 5.639376475E-01
2.224930000E+00 2.897508000E+01 1.465490000E+01 5.572310140E-01
2.259680000E+00 3.021894000E+01 1.451510000E+01 5.486617574E-01
2.312390000E+00 3.138816000E+01 1.403750000E+01 5.361552333E-01
2.386650000E+00 3.256966000E+01 1.339500000E+01 5.194729013E-01
2.486420000E+00 3.370285000E+01 1.260010000E+01 4.986285503E-01
2.600160000E+00 3.463852000E+01 1.179030000E+01 4.768168113E-01
2.700940000E+00 3.528075000E+01 1.113170000E+01 4.590253764E-01
2.827640000E+00 3.589265000E+01 1.038640000E+01 4.384575123E-01
2.959980000E+00 3.638472000E+01 9.696330000E+00 4.188541814E-01
3.089710000E+00 3.676556000E+01 9.078740000E+00 4.012674329E-01
3.217940000E+00 3.705766900E+01 8.527940000E+00 3.852775378E-01
3.356170000E+00 3.731108300E+01 7.988050000E+00 3.694091777E-01
3.494920000E+00 3.750547000E+01 7.493800000E+00 3.547434562E-01
3.614980000E+00 3.764071400E+01 7.102490000E+00 3.429617868E-01
3.726060000E+00 3.774082200E+01 6.769820000E+00 3.327375297E-01
3.818730000E+00 3.781117100E+01 6.509660000E+00 3.246629115E-01
3.953060000E+00 3.789717300E+01 6.159440000E+00 3.136304534E-01
4.022100000E+00 3.793252320E+01 5.988860000E+00 3.082469357E-01
4.054060000E+00 3.794786680E+01 5.911690000E+00 3.058168848E-01
4.096000000E+00 3.796536930E+01 5.813770000E+00 3.026855469E-01
4.133230000E+00 3.797975810E+01 5.727880000E+00 2.999591119E-01
4.183820000E+00 3.799743694E+01 5.615030000E+00 2.963320602E-01
4.187290000E+00 3.799855597E+01 5.607450000E+00 2.960864903E-01
4.233690000E+00 3.801208400E+01 5.507100000E+00 2.928414693E-01
4.304710000E+00 3.803027210E+01 5.359500000E+00 2.880101099E-01
4.350510000E+00 3.804052760E+01 5.267960000E+00 2.849780830E-01
4.431420000E+00 3.805602470E+01 5.111600000E+00 2.797748803E-01
4.540190000E+00 3.807318780E+01 4.911340000E+00 2.730722723E-01
4.690830000E+00 3.808762130E+01 4.653800000E+00 2.643029059E-01
4.840090000E+00 3.809228610E+01 4.417710000E+00 2.561522616E-01
5.027050000E+00 3.809074870E+01 4.149300000E+00 2.466257547E-01
5.173090000E+00 3.808553440E+01 3.955100000E+00 2.396633347E-01
5.308840000E+00 3.807760090E+01 3.785110000E+00 2.335350095E-01
5.501340000E+00 3.805860250E+01 3.563620000E+00 2.253632751E-01
5.719920000E+00 3.803125310E+01 3.336640000E+00 2.167512832E-01
5.938750000E+00 3.800180681E+01 3.131930000E+00 2.087644706E-01
5.971590000E+00 3.799745850E+01 3.102620000E+00 2.076163970E-01
5.982390000E+00 3.799605580E+01 3.093120000E+00 2.072415874E-01
6.051670000E+00 3.798634490E+01 3.032720000E+00 2.048690692E-01
6.165950000E+00 3.796866520E+01 2.937390000E+00 2.010720165E-01
6.458960000E+00 3.791922730E+01 2.712270000E+00 1.919504069E-01
7.373770000E+00 3.775658700E+01 2.157920000E+00 1.681365163E-01
8.399900000E+00 3.757135800E+01 1.718370000E+00 1.475969952E-01
9.533980000E+00 3.736808300E+01 1.374190000E+00 1.300401301E-01
1.082370000E+01 3.713041200E+01 1.095920000E+00 1.145449338E-01
1.229850000E+01 3.682375000E+01 8.709930000E-01 1.008090418E-01
1.348960000E+01 3.650127000E+01 7.368590000E-01 9.190784011E-02
1.433690000E+01 3.616681000E+01 6.594450000E-01 8.647615593E-02
1.491500000E+01 3.581750000E+01 6.135400000E-01 8.312437144E-02
1.533460000E+01 3.541231000E+01 5.833770000E-01 8.084984284E-02
1.559000000E+01 3.500032000E+01 5.664930000E-01 7.952533675E-02
1.571820000E+01 3.465859000E+01 5.713530000E-01 7.887671616E-02
1.578250000E+01 3.441387000E+01 6.054500000E-01 7.855536195E-02
1.582940000E+01 3.419544000E+01 6.696850000E-01 7.832261488E-02
1.586870000E+01 3.399137000E+01 7.664780000E-01 7.812864318E-02
1.590790000E+01 3.377976000E+01 9.161190000E-01 7.793611979E-02
1.594550000E+01 3.358702000E+01 1.116910000E+00 7.775234392E-02
1.599880000E+01 3.337149000E+01 1.497440000E+00 7.749331200E-02
1.606760000E+01 3.330168000E+01 2.098010000E+00 7.716149269E-02
1.612230000E+01 3.337279000E+01 2.578500000E+00 7.689969793E-02
1.619490000E+01 3.369870000E+01 3.092030000E+00 7.655496483E-02
1.627700000E+01 3.417287000E+01 3.426250000E+00 7.616882718E-02
1.638560000E+01 3.472570000E+01 3.563100000E+00 7.566399766E-02
1.649650000E+01 3.511910000E+01 3.553310000E+00 7.515533598E-02
1.667490000E+01 3.553326000E+01 3.499450000E+00 7.435127047E-02
1.694580000E+01 3.595857000E+01 3.412830000E+00 7.316267158E-02
1.730620000E+01 3.634992000E+01 3.303140000E+00 7.163906577E-02
1.774450000E+01 3.668264000E+01 3.172010000E+00 6.986953704E-02
1.824680000E+01 3.696152000E+01 3.031040000E+00 6.794616042E-02
1.890870000E+01 3.723103800E+01 2.860870000E+00 6.556770164E-02
1.949850000E+01 3.741062300E+01 2.724250000E+00 6.358437829E-02
1.991710000E+01 3.751706400E+01 2.632840000E+00 6.224801803E-02
2.048070000E+01 3.764056000E+01 2.514370000E+00 6.053504031E-02
2.096230000E+01 3.772646300E+01 2.418280000E+00 5.914427329E-02
2.146800000E+01 3.780109300E+01 2.323990000E+00 5.775107136E-02
2.189970000E+01 3.785709400E+01 2.247700000E+00 5.661264766E-02
2.246150000E+01 3.791917120E+01 2.154310000E+00 5.519666986E-02
2.294840000E+01 3.796492930E+01 2.078150000E+00 5.402555298E-02
2.340050000E+01 3.800176035E+01 2.011730000E+00 5.298177389E-02
2.365740000E+01 3.802264390E+01 1.974380000E+00 5.240643520E-02
2.422290000E+01 3.805973910E+01 1.897690000E+00 5.118297149E-02
2.491910000E+01 3.809960400E+01 1.808890000E+00 4.975300071E-02
2.561390000E+01 3.813286700E+01 1.725300000E+00 4.840340596E-02
2.638990000E+01 3.816224600E+01 1.637710000E+00 4.698009466E-02
2.769660000E+01 3.819809300E+01 1.505670000E+00 4.476361719E-02
2.951940000E+01 3.822979700E+01 1.347420000E+00 4.199949863E-02
3.207500000E+01 3.825223200E+01 1.164560000E+00 3.865315666E-02
3.526970000E+01 3.825571900E+01 9.818210000E-01 3.515198598E-02
4.018300000E+01 3.823898700E+01 7.753900000E-01 3.085384367E-02
4.533910000E+01 3.820922600E+01 6.206530000E-01 2.734505096E-02
5.150800000E+01 3.817178300E+01 4.890080000E-01 2.407004737E-02
5.828360000E+01 3.813293800E+01 3.871930000E-01 2.127185006E-02
6.580070000E+01 3.809570440E+01 3.070820000E-01 1.884174484E-02
7.335320000E+01 3.806390230E+01 2.491020000E-01 1.690178479E-02
8.102570000E+01 3.803699590E+01 2.053340000E-01 1.530131798E-02
8.650960000E+01 3.802035010E+01 1.806910000E-01 1.433135744E-02
9.039970000E+01 3.800973721E+01 1.658000000E-01 1.371464728E-02
9.285610000E+01 3.800341751E+01 1.572940000E-01 1.335184226E-02
9.419670000E+01 3.800020579E+01 1.530210000E-01 1.316181989E-02
9.537730000E+01 3.799741805E+01 1.492990000E-01 1.299890016E-02
9.935450000E+01 3.798857140E+01 1.377900000E-01 1.247854903E-02
1.045700000E+02 3.797790650E+01 1.246040000E-01 1.185617290E-02
1.125310000E+02 3.796372600E+01 1.077960000E-01 1.101740854E-02
1.238110000E+02 3.794687210E+01 8.926970000E-02 1.001364984E-02
1.390450000E+02 3.792897820E+01 7.099970000E-02 8.916537811E-03
1.558710000E+02 3.791390640E+01 5.667850000E-02 7.954013255E-03
1.750350000E+02 3.790082560E+01 4.510120000E-02 7.083154798E-03
1.958390000E+02 3.789004200E+01 3.619980000E-02 6.330710431E-03
2.199290000E+02 3.788068900E+01 2.890930000E-02 5.637273847E-03
2.460160000E+02 3.787306000E+01 2.333330000E-02 5.039509625E-03
2.760340000E+02 3.786650000E+01 1.876080000E-02 4.491475688E-03
3.101030000E+02 3.786101600E+01 1.516100000E-02 3.998026462E-03
3.490520000E+02 3.785639200E+01 1.225040000E-02 3.551906306E-03
3.947200000E+02 3.785247000E+01 9.890810000E-03 3.140960681E-03
4.466840000E+02 3.784928400E+01 8.046440000E-03 2.775563933E-03
5.044890000E+02 3.784676000E+01 6.626070000E-03 2.457536240E-03
5.734500000E+02 3.784464000E+01 5.457040000E-03 2.162001918E-03
6.578470000E+02 3.784285600E+01 4.492550000E-03 1.884632749E-03
7.507390000E+02 3.784152600E+01 3.781490000E-03 1.651439448E-03
8.772530000E+02 3.784034600E+01 3.142220000E-03 1.413275304E-03
1.022000000E+03 3.783950600E+01 2.662650000E-03 1.213111546E-03
1.228710000E+03 3.783879700E+01 2.187950000E-03 1.009025726E-03
1.477240000E+03 3.783830700E+01 1.797890000E-03 8.392678238E-04
1.776030000E+03 3.783796700E+01 1.477370000E-03 6.980737938E-04
2.135260000E+03 3.783773300E+01 1.213980000E-03 5.806318668E-04
2.567150000E+03 3.783757000E+01 9.975570000E-04 4.829480163E-04
3.086390000E+03 3.783745800E+01 8.197150000E-04 4.016990724E-04
3.710660000E+03 3.783738000E+01 6.735770000E-04 3.341184587E-04
4.461190000E+03 3.783732700E+01 5.534930000E-04 2.779079125E-04
5.363530000E+03 3.783728900E+01 4.548180000E-04 2.311537364E-04
6.448380000E+03 3.783726400E+01 3.737340000E-04 1.922653442E-04
7.752660000E+03 3.783724600E+01 3.071050000E-04 1.599193051E-04
9.320750000E+03 3.783723400E+01 2.523550000E-04 1.330150471E-04
1.000000000E+04 3.783723000E+01 2.345180000E-04 1.239800000E-04
