# Data retrieved from https://www-nds.iaea.org/epdl97/za1to100.htm 03/01/2021
# Element, Tb  (Z = 65) 
# Atomic weight, g mol-1 = 158.92 
# Nominal density, g cm-3 =  8.22900E+0 
# Relativistic correction estimate f_rel(5CL)*,  e atom-1 =  0 
# Nuclear Thomson correction f_NT*, e atom-1 =  0 
#    E [keV]      f1 [e atom-1]      f2 [e atom-1]    Wavelength [nm] 
1.000000000E-03 1.222080000E+01 0.000000000E+00 1.239800000E+03
1.148250000E-03 1.221860000E+01 0.000000000E+00 1.079730024E+03
1.259440000E-03 1.221690000E+01 0.000000000E+00 9.844057676E+02
1.342830000E-03 1.221560000E+01 0.000000000E+00 9.232739811E+02
1.467910000E-03 1.221370000E+01 0.000000000E+00 8.446021895E+02
1.593000000E-03 1.221180000E+01 0.000000000E+00 7.782799749E+02
1.596920000E-03 1.221170000E+01 0.000000000E+00 7.763695113E+02
1.600840000E-03 1.221160000E+01 0.000000000E+00 7.744684041E+02
1.604760000E-03 1.221160000E+01 0.000000000E+00 7.725765847E+02
1.608680000E-03 1.221150000E+01 0.000000000E+00 7.706939851E+02
1.612610000E-03 1.221150000E+01 0.000000000E+00 7.688157707E+02
1.616530000E-03 1.221140000E+01 0.000000000E+00 7.669514330E+02
1.620450000E-03 1.221140000E+01 0.000000000E+00 7.650961153E+02
1.624370000E-03 1.221130000E+01 0.000000000E+00 7.632497522E+02
1.628290000E-03 1.221120000E+01 0.000000000E+00 7.614122791E+02
1.632210000E-03 1.221120000E+01 0.000000000E+00 7.595836320E+02
1.636130000E-03 1.221110000E+01 0.000000000E+00 7.577637474E+02
1.640050000E-03 1.221110000E+01 0.000000000E+00 7.559525624E+02
1.643970000E-03 1.221100000E+01 0.000000000E+00 7.541500149E+02
1.651810000E-03 1.221090000E+01 0.000000000E+00 7.505705862E+02
1.655740000E-03 1.221080000E+01 0.000000000E+00 7.487890611E+02
1.659660000E-03 1.221080000E+01 0.000000000E+00 7.470204741E+02
1.663580000E-03 1.221070000E+01 0.000000000E+00 7.452602219E+02
1.667500000E-03 1.221060000E+01 0.000000000E+00 7.435082459E+02
1.671420000E-03 1.221060000E+01 0.000000000E+00 7.417644877E+02
1.762700000E-03 1.220920000E+01 0.000000000E+00 7.033528110E+02
1.853990000E-03 1.220780000E+01 0.000000000E+00 6.687198960E+02
1.858550000E-03 1.220770000E+01 0.000000000E+00 6.670791746E+02
1.863110000E-03 1.220760000E+01 0.000000000E+00 6.654464846E+02
1.867680000E-03 1.220760000E+01 0.000000000E+00 6.638182130E+02
1.872240000E-03 1.220750000E+01 0.000000000E+00 6.622014272E+02
1.876800000E-03 1.220740000E+01 0.000000000E+00 6.605924979E+02
1.881370000E-03 1.220740000E+01 0.000000000E+00 6.589878652E+02
1.885930000E-03 1.220730000E+01 0.000000000E+00 6.573944950E+02
1.890490000E-03 1.220720000E+01 0.000000000E+00 6.558088115E+02
1.895060000E-03 1.220720000E+01 0.000000000E+00 6.542273068E+02
1.899620000E-03 1.220710000E+01 0.000000000E+00 6.526568472E+02
1.904180000E-03 1.220700000E+01 0.000000000E+00 6.510939092E+02
1.908750000E-03 1.220690000E+01 0.000000000E+00 6.495350360E+02
1.913310000E-03 1.220690000E+01 0.000000000E+00 6.479869964E+02
1.922440000E-03 1.220670000E+01 0.000000000E+00 6.449095941E+02
1.927000000E-03 1.220670000E+01 0.000000000E+00 6.433834977E+02
1.931560000E-03 1.220660000E+01 0.000000000E+00 6.418646068E+02
1.936130000E-03 1.220650000E+01 0.000000000E+00 6.403495633E+02
1.940690000E-03 1.220650000E+01 0.000000000E+00 6.388449469E+02
1.945250000E-03 1.220640000E+01 0.000000000E+00 6.373473847E+02
2.027230000E-03 1.220450000E+01 0.000000000E+00 6.115734278E+02
2.088710000E-03 1.220220000E+01 0.000000000E+00 5.935721091E+02
2.134820000E-03 1.220050000E+01 0.000000000E+00 5.807515388E+02
2.203980000E-03 1.219790000E+01 0.000000000E+00 5.625277906E+02
2.238570000E-03 1.219660000E+01 0.000000000E+00 5.538357076E+02
2.273150000E-03 1.219530000E+01 0.000000000E+00 5.454105536E+02
2.278740000E-03 1.219510000E+01 0.000000000E+00 5.440726015E+02
2.284340000E-03 1.219490000E+01 0.000000000E+00 5.427388217E+02
2.289930000E-03 1.219470000E+01 0.000000000E+00 5.414139297E+02
2.295530000E-03 1.219450000E+01 0.000000000E+00 5.400931375E+02
2.301120000E-03 1.219430000E+01 0.000000000E+00 5.387811153E+02
2.306720000E-03 1.219410000E+01 0.000000000E+00 5.374731220E+02
2.312310000E-03 1.219390000E+01 0.000000000E+00 5.361737829E+02
2.317910000E-03 1.219370000E+01 0.000000000E+00 5.348784034E+02
2.323500000E-03 1.219350000E+01 0.000000000E+00 5.335915645E+02
2.329100000E-03 1.219330000E+01 0.000000000E+00 5.323086171E+02
2.334700000E-03 1.219300000E+01 0.000000000E+00 5.310318242E+02
2.340290000E-03 1.219280000E+01 0.000000000E+00 5.297634054E+02
2.345890000E-03 1.219260000E+01 0.000000000E+00 5.284987787E+02
2.357080000E-03 1.219220000E+01 0.000000000E+00 5.259897840E+02
2.362670000E-03 1.219200000E+01 0.000000000E+00 5.247453093E+02
2.368270000E-03 1.219180000E+01 0.000000000E+00 5.235044991E+02
2.373860000E-03 1.219160000E+01 0.000000000E+00 5.222717431E+02
2.379460000E-03 1.219140000E+01 0.000000000E+00 5.210425895E+02
2.385050000E-03 1.219120000E+01 0.000000000E+00 5.198213874E+02
2.398210000E-03 1.219070000E+01 0.000000000E+00 5.169689060E+02
2.408080000E-03 1.219030000E+01 0.000000000E+00 5.148500050E+02
2.415480000E-03 1.219000000E+01 0.000000000E+00 5.132727243E+02
2.426580000E-03 1.218960000E+01 0.000000000E+00 5.109248407E+02
2.432130000E-03 1.218940000E+01 0.000000000E+00 5.097589356E+02
2.434900000E-03 1.218930000E+01 0.000000000E+00 5.091790217E+02
2.437680000E-03 1.218920000E+01 0.000000000E+00 5.085983394E+02
2.443680000E-03 1.218900000E+01 0.000000000E+00 5.073495711E+02
2.449680000E-03 1.218880000E+01 0.000000000E+00 5.061069201E+02
2.455680000E-03 1.218850000E+01 0.000000000E+00 5.048703414E+02
2.461680000E-03 1.218830000E+01 0.000000000E+00 5.036397907E+02
2.467680000E-03 1.218810000E+01 0.000000000E+00 5.024152240E+02
2.470680000E-03 1.218800000E+01 0.000000000E+00 5.018051710E+02
2.473680000E-03 1.218790000E+01 0.000000000E+00 5.011965978E+02
2.476680000E-03 1.218770000E+01 0.000000000E+00 5.005894988E+02
2.479680000E-03 1.218760000E+01 0.000000000E+00 4.999838689E+02
2.482680000E-03 1.218750000E+01 0.000000000E+00 4.993797026E+02
2.485680000E-03 1.218740000E+01 0.000000000E+00 4.987769946E+02
2.490180000E-03 1.218720000E+01 0.000000000E+00 4.978756556E+02
2.493180000E-03 1.218710000E+01 0.000000000E+00 4.972765705E+02
2.495430000E-03 1.218700000E+01 0.000000000E+00 4.968282020E+02
2.496550000E-03 1.218700000E+01 0.000000000E+00 4.966053153E+02
2.497120000E-03 1.218700000E+01 0.000000000E+00 4.964919587E+02
2.497540000E-03 1.218700000E+01 0.000000000E+00 4.964084659E+02
2.497870000E-03 1.218700000E+01 0.000000000E+00 4.963428841E+02
2.498050000E-03 1.218690000E+01 0.000000000E+00 4.963071196E+02
2.503680000E-03 1.218670000E+01 0.000000000E+00 4.951910787E+02
2.505180000E-03 1.218670000E+01 0.000000000E+00 4.948945784E+02
2.509680000E-03 1.218650000E+01 0.000000000E+00 4.940072041E+02
2.512680000E-03 1.218640000E+01 0.000000000E+00 4.934173870E+02
2.515680000E-03 1.218630000E+01 0.000000000E+00 4.928289767E+02
2.518680000E-03 1.218620000E+01 0.000000000E+00 4.922419680E+02
2.521680000E-03 1.218610000E+01 0.000000000E+00 4.916563561E+02
2.524680000E-03 1.218600000E+01 0.000000000E+00 4.910721359E+02
2.527680000E-03 1.218580000E+01 0.000000000E+00 4.904893024E+02
2.533680000E-03 1.218560000E+01 0.000000000E+00 4.893277762E+02
2.539680000E-03 1.218540000E+01 0.000000000E+00 4.881717382E+02
2.545680000E-03 1.218520000E+01 0.000000000E+00 4.870211496E+02
2.554680000E-03 1.218480000E+01 0.000000000E+00 4.853054003E+02
2.557680000E-03 1.218470000E+01 0.000000000E+00 4.847361672E+02
2.560560000E-03 1.218460000E+01 0.000000000E+00 4.841909582E+02
2.566290000E-03 1.218440000E+01 0.000000000E+00 4.831098590E+02
2.571970000E-03 1.218420000E+01 0.000000000E+00 4.820429476E+02
2.583250000E-03 1.218380000E+01 0.000000000E+00 4.799380625E+02
2.594350000E-03 1.218330000E+01 0.000000000E+00 4.778846339E+02
2.605280000E-03 1.218290000E+01 0.000000000E+00 4.758797519E+02
2.616040000E-03 1.218250000E+01 0.000000000E+00 4.739224171E+02
2.626640000E-03 1.218210000E+01 0.000000000E+00 4.720098681E+02
2.647490000E-03 1.218140000E+01 0.000000000E+00 4.682926092E+02
2.667690000E-03 1.218060000E+01 0.000000000E+00 4.647466535E+02
2.687260000E-03 1.217990000E+01 0.000000000E+00 4.613621309E+02
2.706220000E-03 1.217920000E+01 0.000000000E+00 4.581297899E+02
2.724580000E-03 1.217850000E+01 0.000000000E+00 4.550426121E+02
3.009240000E-03 1.216790000E+01 0.000000000E+00 4.119977137E+02
3.044830000E-03 1.216650000E+01 0.000000000E+00 4.071820102E+02
3.075960000E-03 1.216540000E+01 0.000000000E+00 4.030611581E+02
3.103200000E-03 1.216430000E+01 0.000000000E+00 3.995230730E+02
3.127040000E-03 1.216350000E+01 0.000000000E+00 3.964771797E+02
3.147900000E-03 1.216270000E+01 0.000000000E+00 3.938498682E+02
3.166150000E-03 1.216200000E+01 0.000000000E+00 3.915796788E+02
3.198090000E-03 1.216080000E+01 0.000000000E+00 3.876688899E+02
3.222040000E-03 1.215990000E+01 0.000000000E+00 3.847872776E+02
3.240010000E-03 1.215920000E+01 0.000000000E+00 3.826531400E+02
3.253480000E-03 1.215870000E+01 0.000000000E+00 3.810688862E+02
3.263590000E-03 1.215840000E+01 0.000000000E+00 3.798884051E+02
3.271170000E-03 1.215810000E+01 0.000000000E+00 3.790081225E+02
3.282540000E-03 1.215760000E+01 0.000000000E+00 3.776953213E+02
3.291060000E-03 1.215730000E+01 0.000000000E+00 3.767175317E+02
3.293900000E-03 1.215720000E+01 0.000000000E+00 3.763927259E+02
3.302010000E-03 1.215690000E+01 0.000000000E+00 3.754682754E+02
3.310120000E-03 1.215660000E+01 0.000000000E+00 3.745483547E+02
3.318230000E-03 1.215630000E+01 0.000000000E+00 3.736329308E+02
3.326330000E-03 1.215600000E+01 0.000000000E+00 3.727230912E+02
3.334440000E-03 1.215570000E+01 0.000000000E+00 3.718165569E+02
3.338500000E-03 1.215560000E+01 0.000000000E+00 3.713643852E+02
3.342550000E-03 1.215540000E+01 0.000000000E+00 3.709144216E+02
3.346600000E-03 1.215530000E+01 0.000000000E+00 3.704655471E+02
3.350660000E-03 1.215510000E+01 0.000000000E+00 3.700166534E+02
3.354710000E-03 1.215490000E+01 0.000000000E+00 3.695699479E+02
3.358760000E-03 1.215480000E+01 0.000000000E+00 3.691243197E+02
3.364850000E-03 1.215460000E+01 0.000000000E+00 3.684562462E+02
3.368900000E-03 1.215440000E+01 0.000000000E+00 3.680132981E+02
3.371940000E-03 1.215430000E+01 0.000000000E+00 3.676815127E+02
3.373460000E-03 1.215420000E+01 0.000000000E+00 3.675158443E+02
3.374220000E-03 1.215420000E+01 0.000000000E+00 3.674330660E+02
3.374410000E-03 1.215420000E+01 0.000000000E+00 3.674123773E+02
3.374550000E-03 1.215420000E+01 0.000000000E+00 3.673971344E+02
3.374660000E-03 1.215420000E+01 0.000000000E+00 3.673851588E+02
3.374820000E-03 1.215420000E+01 0.000000000E+00 3.673677411E+02
3.374900000E-03 1.215420000E+01 0.000000000E+00 3.673590329E+02
3.375110000E-03 1.215420000E+01 0.000000000E+00 3.673361757E+02
3.375360000E-03 1.215420000E+01 0.000000000E+00 3.673089685E+02
3.383090000E-03 1.215390000E+01 0.000000000E+00 3.664697067E+02
3.385110000E-03 1.215380000E+01 0.000000000E+00 3.662510229E+02
3.391200000E-03 1.215360000E+01 0.000000000E+00 3.655933003E+02
3.395250000E-03 1.215340000E+01 0.000000000E+00 3.651572049E+02
3.399300000E-03 1.215330000E+01 0.000000000E+00 3.647221487E+02
3.403360000E-03 1.215310000E+01 0.000000000E+00 3.642870575E+02
3.407410000E-03 1.215300000E+01 0.000000000E+00 3.638540710E+02
3.411460000E-03 1.215280000E+01 0.000000000E+00 3.634221125E+02
3.415520000E-03 1.215270000E+01 0.000000000E+00 3.629901157E+02
3.423630000E-03 1.215240000E+01 0.000000000E+00 3.621302536E+02
3.431730000E-03 1.215210000E+01 0.000000000E+00 3.612755083E+02
3.439840000E-03 1.215180000E+01 0.000000000E+00 3.604237406E+02
3.447950000E-03 1.215150000E+01 0.000000000E+00 3.595759799E+02
3.456060000E-03 1.215120000E+01 0.000000000E+00 3.587321979E+02
3.459080000E-03 1.215110000E+01 0.000000000E+00 3.584190016E+02
3.465090000E-03 1.215080000E+01 0.000000000E+00 3.577973444E+02
3.476920000E-03 1.215040000E+01 0.000000000E+00 3.565799616E+02
3.488380000E-03 1.215000000E+01 0.000000000E+00 3.554085277E+02
3.499480000E-03 1.214950000E+01 0.000000000E+00 3.542812075E+02
3.521000000E-03 1.214870000E+01 0.000000000E+00 3.521158762E+02
3.541160000E-03 1.214800000E+01 0.000000000E+00 3.501112630E+02
3.560070000E-03 1.214730000E+01 0.000000000E+00 3.482515793E+02
3.595520000E-03 1.214600000E+01 0.000000000E+00 3.448179957E+02
3.626530000E-03 1.214480000E+01 0.000000000E+00 3.418695006E+02
3.680810000E-03 1.214280000E+01 0.000000000E+00 3.368280351E+02
3.721520000E-03 1.214120000E+01 0.000000000E+00 3.331434468E+02
3.782590000E-03 1.213900000E+01 0.000000000E+00 3.277648384E+02
3.843650000E-03 1.213670000E+01 0.000000000E+00 3.225579852E+02
3.853110000E-03 1.213630000E+01 0.000000000E+00 3.217660539E+02
3.861590000E-03 1.213600000E+01 0.000000000E+00 3.210594600E+02
3.880600000E-03 1.213530000E+01 0.000000000E+00 3.194866773E+02
3.890110000E-03 1.213500000E+01 0.000000000E+00 3.187056407E+02
3.899610000E-03 1.213460000E+01 0.000000000E+00 3.179292288E+02
3.909880000E-03 1.213420000E+01 0.000000000E+00 3.170941308E+02
3.922470000E-03 1.213370000E+01 0.000000000E+00 3.160763499E+02
3.935060000E-03 1.213330000E+01 0.000000000E+00 3.150650816E+02
3.947720000E-03 1.213280000E+01 0.000000000E+00 3.140546949E+02
3.957180000E-03 1.213240000E+01 0.000000000E+00 3.133039184E+02
3.966640000E-03 1.213210000E+01 0.000000000E+00 3.125567231E+02
3.976100000E-03 1.213170000E+01 0.000000000E+00 3.118130832E+02
3.992330000E-03 1.213110000E+01 0.000000000E+00 3.105454709E+02
4.004480000E-03 1.213040000E+01 0.000000000E+00 3.096032444E+02
4.013950000E-03 1.212950000E+01 0.000000000E+00 3.088728061E+02
4.023410000E-03 1.212850000E+01 0.000000000E+00 3.081465722E+02
4.032870000E-03 1.212760000E+01 0.000000000E+00 3.074237454E+02
4.047250000E-03 1.212620000E+01 0.000000000E+00 3.063314596E+02
4.051690000E-03 1.212580000E+01 0.000000000E+00 3.059957697E+02
4.056830000E-03 1.212530000E+01 0.000000000E+00 3.056080733E+02
4.066410000E-03 1.212430000E+01 0.000000000E+00 3.048880954E+02
4.068690000E-03 1.212410000E+01 0.000000000E+00 3.047172431E+02
4.076000000E-03 1.212340000E+01 0.000000000E+00 3.041707556E+02
4.085580000E-03 1.212240000E+01 0.000000000E+00 3.034575262E+02
4.211060000E-03 1.211010000E+01 0.000000000E+00 2.944151829E+02
4.273790000E-03 1.210390000E+01 0.000000000E+00 2.900938043E+02
4.305160000E-03 1.210080000E+01 0.000000000E+00 2.879800054E+02
4.320850000E-03 1.209930000E+01 0.000000000E+00 2.869342838E+02
4.328690000E-03 1.209850000E+01 0.000000000E+00 2.864145966E+02
4.336530000E-03 1.209770000E+01 0.000000000E+00 2.858967884E+02
4.347230000E-03 1.209670000E+01 0.000000000E+00 2.851931000E+02
4.357900000E-03 1.209560000E+01 0.000000000E+00 2.844948255E+02
4.368570000E-03 1.209460000E+01 0.000000000E+00 2.837999620E+02
4.379250000E-03 1.209350000E+01 0.000000000E+00 2.831078381E+02
4.381920000E-03 1.209330000E+01 0.000000000E+00 2.829353343E+02
4.389920000E-03 1.209250000E+01 0.000000000E+00 2.824197252E+02
4.391900000E-03 1.209230000E+01 0.000000000E+00 2.822924019E+02
4.395370000E-03 1.209190000E+01 0.000000000E+00 2.820695414E+02
4.397970000E-03 1.209170000E+01 0.000000000E+00 2.819027870E+02
4.401880000E-03 1.209130000E+01 0.000000000E+00 2.816523849E+02
4.405780000E-03 1.209090000E+01 0.000000000E+00 2.814030660E+02
4.409820000E-03 1.209050000E+01 0.000000000E+00 2.811452622E+02
4.412850000E-03 1.209020000E+01 0.000000000E+00 2.809522191E+02
4.417400000E-03 1.208980000E+01 0.000000000E+00 2.806628333E+02
4.419670000E-03 1.208960000E+01 0.000000000E+00 2.805186813E+02
4.429950000E-03 1.208850000E+01 0.000000000E+00 2.798677186E+02
4.432620000E-03 1.208830000E+01 0.000000000E+00 2.796991396E+02
4.443290000E-03 1.208720000E+01 0.000000000E+00 2.790274774E+02
4.453960000E-03 1.208620000E+01 0.000000000E+00 2.783590333E+02
4.464640000E-03 1.208510000E+01 0.000000000E+00 2.776931623E+02
4.473720000E-03 1.208420000E+01 0.000000000E+00 2.771295477E+02
4.482810000E-03 1.208330000E+01 0.000000000E+00 2.765675993E+02
4.496660000E-03 1.208200000E+01 0.000000000E+00 2.757157535E+02
4.507330000E-03 1.208090000E+01 0.000000000E+00 2.750630639E+02
4.518010000E-03 1.207990000E+01 0.000000000E+00 2.744128499E+02
4.528680000E-03 1.207880000E+01 0.000000000E+00 2.737663072E+02
4.539350000E-03 1.207780000E+01 0.000000000E+00 2.731228039E+02
4.550030000E-03 1.207560000E+01 0.000000000E+00 2.724817199E+02
4.568440000E-03 1.207190000E+01 0.000000000E+00 2.713836671E+02
4.580670000E-03 1.206950000E+01 0.000000000E+00 2.706590957E+02
4.591540000E-03 1.206730000E+01 0.000000000E+00 2.700183381E+02
4.602410000E-03 1.206510000E+01 0.000000000E+00 2.693806071E+02
4.613290000E-03 1.206290000E+01 0.000000000E+00 2.687452989E+02
4.624160000E-03 1.206070000E+01 0.000000000E+00 2.681135601E+02
4.635030000E-03 1.205850000E+01 0.000000000E+00 2.674847843E+02
4.635380000E-03 1.205850000E+01 0.000000000E+00 2.674645876E+02
4.646810000E-03 1.205620000E+01 0.000000000E+00 2.668066910E+02
4.658210000E-03 1.205390000E+01 0.000000000E+00 2.661537372E+02
4.669620000E-03 1.205160000E+01 0.000000000E+00 2.655034028E+02
4.681030000E-03 1.204930000E+01 0.000000000E+00 2.648562389E+02
4.692440000E-03 1.204700000E+01 0.000000000E+00 2.642122222E+02
4.706800000E-03 1.204410000E+01 0.000000000E+00 2.634061358E+02
4.716740000E-03 1.204210000E+01 0.000000000E+00 2.628510369E+02
4.726670000E-03 1.204010000E+01 0.000000000E+00 2.622988277E+02
4.738080000E-03 1.203780000E+01 0.000000000E+00 2.616671732E+02
4.749490000E-03 1.203550000E+01 0.000000000E+00 2.610385536E+02
4.760900000E-03 1.203320000E+01 0.000000000E+00 2.604129471E+02
4.772310000E-03 1.203090000E+01 0.000000000E+00 2.597903321E+02
4.787500000E-03 1.202790000E+01 0.000000000E+00 2.589660574E+02
4.799030000E-03 1.202560000E+01 0.000000000E+00 2.583438737E+02
4.806540000E-03 1.202400000E+01 0.000000000E+00 2.579402231E+02
4.817950000E-03 1.202180000E+01 0.000000000E+00 2.573293621E+02
4.829360000E-03 1.201950000E+01 0.000000000E+00 2.567213875E+02
4.840770000E-03 1.201720000E+01 0.000000000E+00 2.561162790E+02
4.845140000E-03 1.201630000E+01 0.000000000E+00 2.558852789E+02
4.856840000E-03 1.201390000E+01 0.000000000E+00 2.552688579E+02
4.863580000E-03 1.201260000E+01 0.000000000E+00 2.549151037E+02
4.879730000E-03 1.200930000E+01 0.000000000E+00 2.540714343E+02
4.892270000E-03 1.200680000E+01 0.000000000E+00 2.534201914E+02
4.904080000E-03 1.200440000E+01 0.000000000E+00 2.528099052E+02
4.915890000E-03 1.200210000E+01 0.000000000E+00 2.522025513E+02
4.927700000E-03 1.199970000E+01 0.000000000E+00 2.515981087E+02
4.939510000E-03 1.199730000E+01 0.000000000E+00 2.509965563E+02
4.968960000E-03 1.199140000E+01 0.000000000E+00 2.495089516E+02
4.974940000E-03 1.199020000E+01 0.000000000E+00 2.492090357E+02
4.986750000E-03 1.198780000E+01 0.000000000E+00 2.486188399E+02
4.998680000E-03 1.198540000E+01 0.000000000E+00 2.480254787E+02
5.023990000E-03 1.198030000E+01 0.000000000E+00 2.467759689E+02
5.054720000E-03 1.197410000E+01 0.000000000E+00 2.452757027E+02
5.108860000E-03 1.195570000E+01 4.195930000E-06 2.426764484E+02
5.199210000E-03 1.188600000E+01 5.663830000E-03 2.384593044E+02
5.232440000E-03 1.183980000E+01 2.786690000E-02 2.369449052E+02
5.267190000E-03 1.179620000E+01 8.712770000E-02 2.353816741E+02
5.389840000E-03 1.191920000E+01 2.713410000E-01 2.300253811E+02
5.815360000E-03 1.208530000E+01 2.133210000E-01 2.131940241E+02
5.982230000E-03 1.210190000E+01 1.936520000E-01 2.072471303E+02
6.084050000E-03 1.210840000E+01 1.826230000E-01 2.037787329E+02
6.142230000E-03 1.211090000E+01 1.767700000E-01 2.018485143E+02
6.191130000E-03 1.211280000E+01 1.719350000E-01 2.002542347E+02
6.200410000E-03 1.211300000E+01 1.710700000E-01 1.999545191E+02
6.232480000E-03 1.211380000E+01 1.680860000E-01 1.989256283E+02
6.244500000E-03 1.211410000E+01 1.669660000E-01 1.985427176E+02
6.255020000E-03 1.211430000E+01 1.659870000E-01 1.982087987E+02
6.264230000E-03 1.211450000E+01 1.651300000E-01 1.979173817E+02
6.272280000E-03 1.211470000E+01 1.643800000E-01 1.976633696E+02
6.279330000E-03 1.211490000E+01 1.637240000E-01 1.974414468E+02
6.285500000E-03 1.211510000E+01 1.631500000E-01 1.972476334E+02
6.288200000E-03 1.211510000E+01 1.628990000E-01 1.971629401E+02
6.293100000E-03 1.211520000E+01 1.624430000E-01 1.970094230E+02
6.300500000E-03 1.211540000E+01 1.617540000E-01 1.967780335E+02
6.301430000E-03 1.211540000E+01 1.616730000E-01 1.967489919E+02
6.308240000E-03 1.211550000E+01 1.610800000E-01 1.965365934E+02
6.313350000E-03 1.211550000E+01 1.606360000E-01 1.963775175E+02
6.317180000E-03 1.211560000E+01 1.603030000E-01 1.962584571E+02
6.322920000E-03 1.211560000E+01 1.598040000E-01 1.960802920E+02
6.325800000E-03 1.211560000E+01 1.595540000E-01 1.959910209E+02
6.328670000E-03 1.211570000E+01 1.593040000E-01 1.959021406E+02
6.332560000E-03 1.211570000E+01 1.589650000E-01 1.957818007E+02
6.352030000E-03 1.211590000E+01 1.572720000E-01 1.951816978E+02
6.359820000E-03 1.211600000E+01 1.565940000E-01 1.949426242E+02
6.375400000E-03 1.211610000E+01 1.552400000E-01 1.944662296E+02
6.390980000E-03 1.211630000E+01 1.538850000E-01 1.939921577E+02
6.398770000E-03 1.211630000E+01 1.532080000E-01 1.937559875E+02
6.406550000E-03 1.211640000E+01 1.525300000E-01 1.935206937E+02
6.414340000E-03 1.211650000E+01 1.518640000E-01 1.932856693E+02
6.422130000E-03 1.211640000E+01 1.512360000E-01 1.930512151E+02
6.429920000E-03 1.211640000E+01 1.506090000E-01 1.928173290E+02
6.437710000E-03 1.211640000E+01 1.499810000E-01 1.925840089E+02
6.445500000E-03 1.211640000E+01 1.493540000E-01 1.923512528E+02
6.449390000E-03 1.211640000E+01 1.490400000E-01 1.922352347E+02
6.453290000E-03 1.211640000E+01 1.487260000E-01 1.921190587E+02
6.461070000E-03 1.211640000E+01 1.480980000E-01 1.918877214E+02
6.464970000E-03 1.211640000E+01 1.477840000E-01 1.917719649E+02
6.466920000E-03 1.211630000E+01 1.476280000E-01 1.917141390E+02
6.467890000E-03 1.211630000E+01 1.475490000E-01 1.916853874E+02
6.468620000E-03 1.211630000E+01 1.474900000E-01 1.916637552E+02
6.469040000E-03 1.211630000E+01 1.474560000E-01 1.916513115E+02
6.469280000E-03 1.211630000E+01 1.474370000E-01 1.916442015E+02
6.469520000E-03 1.211630000E+01 1.474180000E-01 1.916370921E+02
6.469990000E-03 1.211630000E+01 1.473800000E-01 1.916231710E+02
6.471790000E-03 1.211630000E+01 1.472340000E-01 1.915698748E+02
6.481280000E-03 1.211630000E+01 1.464700000E-01 1.912893749E+02
6.484440000E-03 1.211630000E+01 1.462150000E-01 1.911961557E+02
6.500020000E-03 1.211630000E+01 1.449600000E-01 1.907378747E+02
6.507810000E-03 1.211630000E+01 1.443320000E-01 1.905095570E+02
6.515590000E-03 1.211620000E+01 1.437050000E-01 1.902820773E+02
6.521980000E-03 1.211620000E+01 1.431900000E-01 1.900956458E+02
6.531560000E-03 1.211620000E+01 1.424250000E-01 1.898168278E+02
6.541140000E-03 1.211610000E+01 1.417050000E-01 1.895388266E+02
6.552130000E-03 1.211600000E+01 1.408790000E-01 1.892209098E+02
6.563110000E-03 1.211580000E+01 1.400530000E-01 1.889043457E+02
6.577900000E-03 1.211570000E+01 1.389410000E-01 1.884796060E+02
6.593480000E-03 1.211550000E+01 1.377690000E-01 1.880342399E+02
6.609060000E-03 1.211530000E+01 1.365980000E-01 1.875909736E+02
6.627250000E-03 1.211500000E+01 1.353020000E-01 1.870760874E+02
6.640210000E-03 1.211480000E+01 1.343880000E-01 1.867109625E+02
6.649770000E-03 1.211460000E+01 1.337140000E-01 1.864425386E+02
6.675360000E-03 1.211420000E+01 1.319080000E-01 1.857278109E+02
6.755540000E-03 1.211260000E+01 1.264400000E-01 1.835234489E+02
6.771580000E-03 1.211220000E+01 1.253760000E-01 1.830887326E+02
6.775990000E-03 1.211210000E+01 1.250830000E-01 1.829695734E+02
6.781210000E-03 1.211200000E+01 1.247370000E-01 1.828287282E+02
6.803100000E-03 1.211150000E+01 1.232840000E-01 1.822404492E+02
6.809340000E-03 1.211130000E+01 1.228700000E-01 1.820734462E+02
6.826020000E-03 1.211100000E+01 1.217640000E-01 1.816285332E+02
6.826540000E-03 1.211090000E+01 1.217290000E-01 1.816146979E+02
6.827550000E-03 1.211090000E+01 1.216620000E-01 1.815878317E+02
6.828500000E-03 1.211090000E+01 1.215990000E-01 1.815625686E+02
6.842700000E-03 1.211050000E+01 1.207140000E-01 1.811857892E+02
6.843740000E-03 1.211050000E+01 1.206490000E-01 1.811582556E+02
6.845700000E-03 1.211040000E+01 1.205280000E-01 1.811063880E+02
6.849120000E-03 1.211030000E+01 1.203150000E-01 1.810159553E+02
6.861460000E-03 1.211000000E+01 1.195480000E-01 1.806904070E+02
6.865110000E-03 1.210990000E+01 1.193210000E-01 1.805943386E+02
6.870580000E-03 1.210970000E+01 1.189810000E-01 1.804505588E+02
6.876060000E-03 1.210950000E+01 1.186410000E-01 1.803067454E+02
6.880230000E-03 1.210940000E+01 1.183820000E-01 1.801974643E+02
6.883350000E-03 1.210930000E+01 1.181880000E-01 1.801157866E+02
6.885700000E-03 1.210930000E+01 1.180420000E-01 1.800543155E+02
6.890980000E-03 1.210910000E+01 1.177150000E-01 1.799163544E+02
6.896900000E-03 1.210890000E+01 1.173460000E-01 1.797619220E+02
6.898420000E-03 1.210890000E+01 1.172520000E-01 1.797223132E+02
6.899790000E-03 1.210890000E+01 1.171670000E-01 1.796866281E+02
6.902200000E-03 1.210880000E+01 1.170170000E-01 1.796238880E+02
6.904000000E-03 1.210870000E+01 1.169050000E-01 1.795770568E+02
6.906710000E-03 1.210870000E+01 1.167370000E-01 1.795065958E+02
6.908060000E-03 1.210860000E+01 1.166530000E-01 1.794715159E+02
6.921920000E-03 1.210820000E+01 1.157920000E-01 1.791121539E+02
6.926090000E-03 1.210810000E+01 1.155330000E-01 1.790043156E+02
6.943090000E-03 1.210760000E+01 1.144770000E-01 1.785660275E+02
6.959450000E-03 1.210710000E+01 1.135280000E-01 1.781462616E+02
6.976130000E-03 1.210650000E+01 1.125590000E-01 1.777203120E+02
6.992800000E-03 1.210590000E+01 1.115910000E-01 1.772966480E+02
7.009480000E-03 1.210540000E+01 1.106230000E-01 1.768747468E+02
7.026160000E-03 1.210480000E+01 1.096550000E-01 1.764548487E+02
7.042840000E-03 1.210420000E+01 1.087080000E-01 1.760369396E+02
7.059520000E-03 1.210360000E+01 1.078030000E-01 1.756210054E+02
7.076200000E-03 1.210300000E+01 1.068980000E-01 1.752070320E+02
7.092870000E-03 1.210240000E+01 1.059940000E-01 1.747952521E+02
7.109550000E-03 1.210170000E+01 1.050890000E-01 1.743851580E+02
7.130950000E-03 1.210100000E+01 1.039290000E-01 1.738618277E+02
7.163050000E-03 1.209970000E+01 1.022740000E-01 1.730826952E+02
7.195150000E-03 1.209840000E+01 1.006530000E-01 1.723105147E+02
7.230570000E-03 1.209700000E+01 9.886480000E-02 1.714664266E+02
7.248280000E-03 1.209630000E+01 9.797060000E-02 1.710474761E+02
7.265990000E-03 1.209560000E+01 9.707990000E-02 1.706305679E+02
7.283700000E-03 1.209480000E+01 9.624680000E-02 1.702156871E+02
7.319120000E-03 1.209330000E+01 9.458050000E-02 1.693919488E+02
7.336830000E-03 1.209260000E+01 9.374730000E-02 1.689830622E+02
7.354540000E-03 1.209180000E+01 9.291410000E-02 1.685761448E+02
7.372250000E-03 1.209100000E+01 9.208100000E-02 1.681711825E+02
7.389960000E-03 1.209030000E+01 9.124780000E-02 1.677681611E+02
7.407670000E-03 1.208950000E+01 9.043140000E-02 1.673670668E+02
7.460800000E-03 1.208710000E+01 8.810230000E-02 1.661752091E+02
7.478510000E-03 1.208630000E+01 8.732590000E-02 1.657816865E+02
7.496220000E-03 1.208540000E+01 8.654950000E-02 1.653900232E+02
7.513930000E-03 1.208460000E+01 8.577320000E-02 1.650002063E+02
7.549350000E-03 1.208290000E+01 8.429010000E-02 1.642260592E+02
7.703860000E-03 1.207540000E+01 7.817470000E-02 1.609323119E+02
7.949420000E-03 1.206280000E+01 6.954100000E-02 1.559610638E+02
7.988560000E-03 1.206080000E+01 6.823760000E-02 1.551969316E+02
8.008120000E-03 1.205920000E+01 6.761980000E-02 1.548178599E+02
8.027690000E-03 1.205680000E+01 6.700190000E-02 1.544404430E+02
8.047260000E-03 1.205450000E+01 6.638410000E-02 1.540648618E+02
8.094740000E-03 1.204880000E+01 6.488470000E-02 1.531611886E+02
8.105960000E-03 1.204740000E+01 6.455420000E-02 1.529491880E+02
8.128590000E-03 1.204460000E+01 6.388690000E-02 1.525233774E+02
8.145090000E-03 1.204260000E+01 6.340050000E-02 1.522144016E+02
8.167640000E-03 1.203990000E+01 6.273560000E-02 1.517941535E+02
8.187170000E-03 1.203750000E+01 6.216000000E-02 1.514320577E+02
8.242920000E-03 1.203070000E+01 6.056420000E-02 1.504078652E+02
8.262490000E-03 1.202830000E+01 6.002920000E-02 1.500516188E+02
8.282060000E-03 1.202590000E+01 5.949420000E-02 1.496970560E+02
8.301620000E-03 1.202360000E+01 5.895930000E-02 1.493443448E+02
8.340760000E-03 1.201880000E+01 5.788930000E-02 1.486435289E+02
8.577980000E-03 1.198960000E+01 5.201760000E-02 1.445328620E+02
8.690900000E-03 1.197560000E+01 4.942870000E-02 1.426549609E+02
8.734090000E-03 1.197030000E+01 4.848190000E-02 1.419495334E+02
8.755480000E-03 1.196760000E+01 4.801290000E-02 1.416027448E+02
8.774110000E-03 1.196530000E+01 4.760440000E-02 1.413020808E+02
8.799790000E-03 1.196210000E+01 4.707970000E-02 1.408897258E+02
8.824140000E-03 1.195910000E+01 4.658210000E-02 1.405009440E+02
8.851960000E-03 1.195560000E+01 4.601380000E-02 1.400593767E+02
8.925150000E-03 1.194650000E+01 4.453970000E-02 1.389108306E+02
8.956550000E-03 1.194260000E+01 4.394370000E-02 1.384238351E+02
8.981410000E-03 1.193950000E+01 4.347200000E-02 1.380406863E+02
9.002990000E-03 1.193680000E+01 4.306250000E-02 1.377098053E+02
9.024560000E-03 1.193410000E+01 4.265310000E-02 1.373806590E+02
9.053380000E-03 1.193050000E+01 4.210620000E-02 1.369433295E+02
9.114820000E-03 1.192290000E+01 4.101430000E-02 1.360202396E+02
9.129510000E-03 1.192100000E+01 4.075330000E-02 1.358013738E+02
9.152510000E-03 1.191800000E+01 4.034500000E-02 1.354601088E+02
9.175740000E-03 1.191400000E+01 3.995590000E-02 1.351171677E+02
9.199810000E-03 1.190980000E+01 3.955320000E-02 1.347636527E+02
9.240350000E-03 1.190210000E+01 3.888230000E-02 1.341724069E+02
9.291810000E-03 1.189130000E+01 3.813440000E-02 1.334293319E+02
9.395570000E-03 1.186230000E+01 4.024560000E-02 1.319558047E+02
9.431090000E-03 1.184990000E+01 4.497320000E-02 1.314588240E+02
9.453200000E-03 1.184230000E+01 4.978990000E-02 1.311513562E+02
9.470430000E-03 1.183680000E+01 5.461330000E-02 1.309127463E+02
9.557790000E-03 1.182370000E+01 8.768410000E-02 1.297161792E+02
9.584360000E-03 1.182530000E+01 9.701450000E-02 1.293565768E+02
9.616970000E-03 1.182960000E+01 1.057830000E-01 1.289179440E+02
9.695690000E-03 1.184110000E+01 1.148360000E-01 1.278712500E+02
9.714330000E-03 1.184300000E+01 1.153390000E-01 1.276258888E+02
9.737310000E-03 1.184480000E+01 1.155060000E-01 1.273246923E+02
9.843880000E-03 1.184470000E+01 1.142590000E-01 1.259462732E+02
9.867870000E-03 1.184400000E+01 1.139020000E-01 1.256400824E+02
1.002580000E-02 1.183740000E+01 1.116320000E-01 1.236609547E+02
1.018710000E-02 1.182160000E+01 1.100620000E-01 1.217029380E+02
1.033980000E-02 1.179010000E+01 1.257360000E-01 1.199056075E+02
1.041070000E-02 1.178400000E+01 1.447400000E-01 1.190890142E+02
1.056140000E-02 1.179800000E+01 1.675360000E-01 1.173897400E+02
1.165000000E-02 1.176440000E+01 1.619660000E-01 1.064206009E+02
1.231910000E-02 1.170960000E+01 1.622780000E-01 1.006404689E+02
1.333900000E-02 1.160360000E+01 1.683990000E-01 9.294549816E+01
1.376060000E-02 1.155710000E+01 1.728790000E-01 9.009781550E+01
1.414610000E-02 1.151360000E+01 1.778640000E-01 8.764253045E+01
1.468750000E-02 1.145120000E+01 1.862320000E-01 8.441191489E+01
1.515000000E-02 1.139190000E+01 1.946720000E-01 8.183498350E+01
1.531090000E-02 1.136760000E+01 1.978030000E-01 8.097499167E+01
1.569020000E-02 1.130970000E+01 2.060460000E-01 7.901747588E+01
1.631250000E-02 1.121310000E+01 2.210610000E-01 7.600306513E+01
1.688610000E-02 1.112250000E+01 2.366590000E-01 7.342133471E+01
1.709340000E-02 1.108940000E+01 2.427850000E-01 7.253091837E+01
1.721770000E-02 1.106950000E+01 2.464670000E-01 7.200729482E+01
1.725920000E-02 1.106290000E+01 2.476940000E-01 7.183415222E+01
1.738360000E-02 1.104310000E+01 2.513910000E-01 7.132009480E+01
1.763230000E-02 1.100290000E+01 2.596260000E-01 7.031413939E+01
1.805980000E-02 1.092710000E+01 2.741170000E-01 6.864970819E+01
1.849570000E-02 1.084070000E+01 2.898700000E-01 6.703179658E+01
1.875000000E-02 1.078990000E+01 2.997390000E-01 6.612266667E+01
1.929280000E-02 1.067440000E+01 3.211000000E-01 6.426231548E+01
1.982520000E-02 1.056010000E+01 3.447750000E-01 6.253656962E+01
2.022450000E-02 1.046510000E+01 3.626480000E-01 6.130188633E+01
2.082350000E-02 1.030770000E+01 3.925530000E-01 5.953850217E+01
2.112290000E-02 1.022890000E+01 4.079310000E-01 5.869459213E+01
2.158060000E-02 1.010840000E+01 4.320200000E-01 5.744974653E+01
2.200240000E-02 9.977900000E+00 4.555720000E-01 5.634839836E+01
2.237150000E-02 9.853900000E+00 4.774880000E-01 5.541872472E+01
2.267300000E-02 9.746500000E+00 4.954850000E-01 5.468178009E+01
2.294730000E-02 9.642800000E+00 5.127520000E-01 5.402814274E+01
2.316680000E-02 9.556900000E+00 5.265660000E-01 5.351623876E+01
2.335950000E-02 9.477000000E+00 5.389050000E-01 5.307476616E+01
2.347450000E-02 9.427700000E+00 5.465970000E-01 5.281475644E+01
2.358950000E-02 9.378400000E+00 5.542900000E-01 5.255728184E+01
2.362050000E-02 9.365100000E+00 5.563630000E-01 5.248830465E+01
2.370450000E-02 9.326700000E+00 5.619820000E-01 5.230230547E+01
2.373680000E-02 9.311500000E+00 5.641410000E-01 5.223113478E+01
2.379490000E-02 9.284200000E+00 5.680300000E-01 5.210360203E+01
2.385310000E-02 9.256900000E+00 5.719190000E-01 5.197647266E+01
2.391120000E-02 9.229600000E+00 5.758090000E-01 5.185017900E+01
2.399200000E-02 9.191600000E+00 5.812130000E-01 5.167555852E+01
2.403970000E-02 9.167500000E+00 5.844040000E-01 5.157302296E+01
2.406930000E-02 9.152200000E+00 5.863830000E-01 5.150959937E+01
2.409890000E-02 9.136800000E+00 5.883620000E-01 5.144633158E+01
2.416450000E-02 9.102000000E+00 5.927520000E-01 5.130666887E+01
2.422200000E-02 9.071400000E+00 5.965980000E-01 5.118487326E+01
2.427950000E-02 9.040900000E+00 6.004860000E-01 5.106365452E+01
2.433700000E-02 9.009100000E+00 6.045100000E-01 5.094300859E+01
2.438100000E-02 8.983700000E+00 6.075910000E-01 5.085107256E+01
2.441400000E-02 8.964600000E+00 6.099010000E-01 5.078233800E+01
2.446350000E-02 8.935900000E+00 6.134710000E-01 5.067958387E+01
2.448830000E-02 8.921600000E+00 6.153200000E-01 5.062825921E+01
2.451310000E-02 8.907300000E+00 6.171690000E-01 5.057703840E+01
2.454260000E-02 8.890200000E+00 6.193780000E-01 5.051624522E+01
2.455740000E-02 8.881600000E+00 6.204820000E-01 5.048580061E+01
2.456480000E-02 8.877300000E+00 6.210340000E-01 5.047059207E+01
2.457960000E-02 8.868800000E+00 6.221390000E-01 5.044020244E+01
2.461200000E-02 8.849000000E+00 6.245550000E-01 5.037380140E+01
2.461680000E-02 8.846000000E+00 6.249170000E-01 5.036397907E+01
2.462050000E-02 8.843800000E+00 6.251890000E-01 5.035641031E+01
2.462120000E-02 8.843300000E+00 6.252400000E-01 5.035497864E+01
2.462370000E-02 8.841800000E+00 6.254310000E-01 5.034986619E+01
2.462760000E-02 8.839400000E+00 6.257180000E-01 5.034189284E+01
2.462950000E-02 8.838200000E+00 6.258610000E-01 5.033800930E+01
2.463320000E-02 8.835900000E+00 6.261420000E-01 5.033044834E+01
2.469060000E-02 8.800600000E+00 6.304220000E-01 5.021344155E+01
2.470540000E-02 8.791400000E+00 6.315270000E-01 5.018336072E+01
2.474970000E-02 8.763000000E+00 6.348400000E-01 5.009353649E+01
2.477190000E-02 8.748800000E+00 6.364970000E-01 5.004864383E+01
2.481390000E-02 8.721900000E+00 6.396300000E-01 4.996393151E+01
2.486900000E-02 8.685200000E+00 6.437450000E-01 4.985323093E+01
2.489810000E-02 8.665800000E+00 6.459190000E-01 4.979496427E+01
2.492730000E-02 8.646300000E+00 6.480940000E-01 4.973663413E+01
2.498640000E-02 8.605000000E+00 6.525120000E-01 4.961899273E+01
2.504560000E-02 8.562500000E+00 6.569290000E-01 4.950170888E+01
2.510480000E-02 8.518900000E+00 6.613470000E-01 4.938497817E+01
2.518380000E-02 8.458300000E+00 6.672510000E-01 4.923006059E+01
2.522310000E-02 8.427800000E+00 6.701830000E-01 4.915335546E+01
2.524550000E-02 8.410300000E+00 6.718560000E-01 4.910974233E+01
2.527660000E-02 8.386200000E+00 6.741770000E-01 4.904931834E+01
2.530720000E-02 8.361800000E+00 6.764620000E-01 4.899001075E+01
2.537320000E-02 8.306700000E+00 6.813880000E-01 4.886257941E+01
2.539580000E-02 8.287900000E+00 6.831430000E-01 4.881909607E+01
2.549230000E-02 8.204700000E+00 6.906420000E-01 4.863429349E+01
2.561020000E-02 8.096300000E+00 6.998120000E-01 4.841039898E+01
2.566050000E-02 8.046900000E+00 7.037180000E-01 4.831550437E+01
2.573900000E-02 7.969200000E+00 7.098180000E-01 4.816814950E+01
2.578680000E-02 7.921500000E+00 7.135350000E-01 4.807886205E+01
2.585000000E-02 7.852900000E+00 7.184440000E-01 4.796131528E+01
2.591310000E-02 7.782200000E+00 7.233530000E-01 4.784452651E+01
2.598850000E-02 7.695400000E+00 7.292060000E-01 4.770571599E+01
2.602700000E-02 7.645400000E+00 7.322030000E-01 4.763514812E+01
2.608480000E-02 7.570400000E+00 7.366970000E-01 4.752959578E+01
2.614270000E-02 7.495400000E+00 7.411920000E-01 4.742432878E+01
2.619070000E-02 7.433000000E+00 7.449280000E-01 4.733741366E+01
2.624600000E-02 7.358100000E+00 7.492190000E-01 4.723767431E+01
2.630360000E-02 7.271200000E+00 7.541400000E-01 4.713423258E+01
2.636670000E-02 7.174400000E+00 7.595190000E-01 4.702143234E+01
2.642970000E-02 7.066400000E+00 7.648980000E-01 4.690934820E+01
2.650670000E-02 6.931800000E+00 7.714720000E-01 4.677308001E+01
2.657240000E-02 6.804500000E+00 7.770940000E-01 4.665743403E+01
2.663030000E-02 6.683600000E+00 7.820930000E-01 4.655599073E+01
2.667790000E-02 6.577400000E+00 7.862690000E-01 4.647292328E+01
2.674650000E-02 6.410800000E+00 7.926260000E-01 4.635372853E+01
2.682660000E-02 6.191700000E+00 8.016820000E-01 4.621532360E+01
2.690040000E-02 5.958400000E+00 8.141920000E-01 4.608853400E+01
2.695230000E-02 5.770800000E+00 8.283890000E-01 4.599978481E+01
2.701850000E-02 5.496800000E+00 8.596720000E-01 4.588707737E+01
2.710900000E-02 5.047900000E+00 9.497920000E-01 4.573388911E+01
2.718210000E-02 4.619300000E+00 1.095300000E+00 4.561089835E+01
2.728020000E-02 3.974600000E+00 1.460960000E+00 4.544688089E+01
2.739600000E-02 3.236500000E+00 2.238720000E+00 4.525478172E+01
2.745470000E-02 2.944500000E+00 2.781020000E+00 4.515802394E+01
2.747750000E-02 2.858500000E+00 3.017750000E+00 4.512055318E+01
2.749890000E-02 2.790100000E+00 3.246320000E+00 4.508543978E+01
2.753020000E-02 2.723100000E+00 3.595970000E+00 4.503418065E+01
2.755900000E-02 2.736500000E+00 3.928370000E+00 4.498711855E+01
2.759940000E-02 2.755200000E+00 4.394260000E+00 4.492126640E+01
2.763970000E-02 2.795600000E+00 4.856610000E+00 4.485576906E+01
2.770380000E-02 3.045200000E+00 5.544910000E+00 4.475198348E+01
2.773490000E-02 3.215800000E+00 5.846200000E+00 4.470180170E+01
2.780700000E-02 3.700900000E+00 6.434880000E+00 4.458589564E+01
2.787490000E-02 4.218000000E+00 6.845450000E+00 4.447728960E+01
2.795110000E-02 4.804600000E+00 7.143180000E+00 4.435603608E+01
2.798990000E-02 5.092100000E+00 7.240380000E+00 4.429454911E+01
2.802530000E-02 5.339700000E+00 7.298830000E+00 4.423859869E+01
2.805750000E-02 5.554000000E+00 7.336770000E+00 4.418782857E+01
2.807500000E-02 5.663900000E+00 7.348900000E+00 4.416028495E+01
2.810780000E-02 5.864000000E+00 7.366410000E+00 4.410875273E+01
2.814040000E-02 6.046400000E+00 7.369300000E+00 4.405765376E+01
2.817540000E-02 6.229700000E+00 7.366000000E+00 4.400292454E+01
2.818840000E-02 6.291000000E+00 7.360820000E+00 4.398263115E+01
2.819840000E-02 6.337800000E+00 7.356870000E+00 4.396703359E+01
2.821910000E-02 6.434800000E+00 7.348680000E+00 4.393478176E+01
2.833720000E-02 6.925600000E+00 7.278520000E+00 4.375167624E+01
2.840670000E-02 7.157100000E+00 7.229680000E+00 4.364463313E+01
2.847610000E-02 7.361000000E+00 7.180460000E+00 4.353826542E+01
2.854550000E-02 7.550200000E+00 7.130980000E+00 4.343241492E+01
2.858530000E-02 7.647700000E+00 7.102490000E+00 4.337194292E+01
2.862510000E-02 7.743600000E+00 7.074170000E+00 4.331163909E+01
2.865950000E-02 7.820800000E+00 7.049590000E+00 4.325965212E+01
2.869390000E-02 7.894300000E+00 7.024920000E+00 4.320778981E+01
2.872820000E-02 7.964900000E+00 7.000160000E+00 4.315620192E+01
2.874540000E-02 7.998300000E+00 6.987740000E+00 4.313037912E+01
2.879700000E-02 8.095600000E+00 6.950390000E+00 4.305309581E+01
2.881420000E-02 8.125900000E+00 6.937900000E+00 4.302739621E+01
2.882280000E-02 8.141100000E+00 6.931650000E+00 4.301455792E+01
2.882710000E-02 8.148700000E+00 6.928520000E+00 4.300814164E+01
2.883140000E-02 8.156300000E+00 6.925400000E+00 4.300172728E+01
2.883350000E-02 8.160100000E+00 6.923840000E+00 4.299859538E+01
2.883770000E-02 8.167400000E+00 6.920810000E+00 4.299233295E+01
2.884530000E-02 8.180100000E+00 6.915820000E+00 4.298100557E+01
2.887270000E-02 8.224800000E+00 6.898660000E+00 4.294021688E+01
2.888640000E-02 8.247000000E+00 6.890090000E+00 4.291985156E+01
2.889330000E-02 8.258100000E+00 6.885800000E+00 4.290960188E+01
2.890890000E-02 8.283300000E+00 6.876070000E+00 4.288644673E+01
2.896980000E-02 8.378100000E+00 6.837800000E+00 4.279629131E+01
2.898740000E-02 8.403600000E+00 6.826640000E+00 4.277030710E+01
2.904020000E-02 8.479300000E+00 6.793180000E+00 4.269254344E+01
2.906430000E-02 8.513700000E+00 6.777950000E+00 4.265714296E+01
2.910030000E-02 8.565300000E+00 6.755110000E+00 4.260437178E+01
2.913640000E-02 8.610200000E+00 6.731980000E+00 4.255158496E+01
2.919020000E-02 8.674800000E+00 6.697340000E+00 4.247315880E+01
2.924400000E-02 8.739400000E+00 6.662710000E+00 4.239502120E+01
2.931270000E-02 8.811700000E+00 6.622140000E+00 4.229566024E+01
2.937830000E-02 8.876700000E+00 6.585510000E+00 4.220121654E+01
2.944780000E-02 8.945700000E+00 6.547030000E+00 4.210161710E+01
2.953330000E-02 9.019900000E+00 6.498960000E+00 4.197973135E+01
2.958660000E-02 9.062000000E+00 6.468770000E+00 4.190410524E+01
2.964160000E-02 9.105400000E+00 6.437590000E+00 4.182635215E+01
2.974460000E-02 9.173800000E+00 6.382260000E+00 4.168151530E+01
2.985720000E-02 9.236000000E+00 6.326260000E+00 4.152432244E+01
3.000310000E-02 9.314500000E+00 6.253700000E+00 4.132239669E+01
3.022220000E-02 9.403000000E+00 6.149910000E+00 4.102282428E+01
3.039820000E-02 9.446300000E+00 6.071410000E+00 4.078530966E+01
3.044540000E-02 9.454200000E+00 6.050380000E+00 4.072207953E+01
3.054920000E-02 9.471600000E+00 6.004070000E+00 4.058371414E+01
3.067430000E-02 9.474100000E+00 5.954770000E+00 4.041820025E+01
3.081730000E-02 9.457800000E+00 5.898400000E+00 4.023064967E+01
3.090470000E-02 9.447900000E+00 5.863970000E+00 4.011687543E+01
3.101070000E-02 9.429000000E+00 5.822200000E+00 3.997974893E+01
3.112300000E-02 9.389700000E+00 5.779740000E+00 3.983549144E+01
3.136350000E-02 9.232600000E+00 5.696940000E+00 3.953002694E+01
3.151500000E-02 9.070900000E+00 5.654030000E+00 3.933999683E+01
3.181620000E-02 8.477500000E+00 5.755080000E+00 3.896756998E+01
3.213700000E-02 7.782800000E+00 6.727000000E+00 3.857858543E+01
3.282850000E-02 9.592500000E+00 8.687000000E+00 3.776596555E+01
3.400000000E-02 1.141660000E+01 8.098520000E+00 3.646470588E+01
3.607760000E-02 1.254800000E+01 7.263220000E+00 3.436481362E+01
3.948560000E-02 1.322690000E+01 6.436160000E+00 3.139878842E+01
4.392990000E-02 1.345740000E+01 5.917850000E+00 2.822223588E+01
4.873570000E-02 1.344930000E+01 5.777310000E+00 2.543925705E+01
5.657600000E-02 1.335900000E+01 6.126010000E+00 2.191388575E+01
7.000000000E-02 1.353750000E+01 7.331650000E+00 1.771142857E+01
9.660510000E-02 1.497030000E+01 9.691970000E+00 1.283369097E+01
1.109180000E-01 1.593900000E+01 1.069430000E+01 1.117762672E+01
1.188020000E-01 1.649190000E+01 1.114800000E+01 1.043585125E+01
1.240170000E-01 1.684480000E+01 1.140990000E+01 9.997016538E+00
1.278060000E-01 1.709120000E+01 1.157410000E+01 9.700640033E+00
1.296270000E-01 1.720280000E+01 1.164820000E+01 9.564365449E+00
1.303440000E-01 1.724460000E+01 1.167730000E+01 9.511753514E+00
1.320840000E-01 1.734420000E+01 1.174830000E+01 9.386451046E+00
1.340380000E-01 1.744780000E+01 1.182070000E+01 9.249615781E+00
1.362330000E-01 1.755530000E+01 1.188640000E+01 9.100585027E+00
1.380650000E-01 1.762890000E+01 1.194160000E+01 8.979828342E+00
1.392440000E-01 1.767650000E+01 1.197740000E+01 8.903794778E+00
1.407670000E-01 1.773650000E+01 1.202330000E+01 8.807461976E+00
1.412880000E-01 1.775570000E+01 1.203890000E+01 8.774984429E+00
1.423320000E-01 1.778850000E+01 1.207020000E+01 8.710620240E+00
1.430270000E-01 1.780440000E+01 1.209110000E+01 8.668293399E+00
1.440890000E-01 1.782700000E+01 1.212300000E+01 8.604404222E+00
1.445440000E-01 1.783360000E+01 1.213400000E+01 8.577319017E+00
1.450260000E-01 1.784000000E+01 1.214330000E+01 8.548811937E+00
1.454620000E-01 1.784030000E+01 1.215160000E+01 8.523188187E+00
1.459520000E-01 1.784070000E+01 1.216110000E+01 8.494573558E+00
1.462280000E-01 1.784090000E+01 1.216640000E+01 8.478540362E+00
1.465050000E-01 1.784110000E+01 1.217170000E+01 8.462509812E+00
1.467000000E-01 1.783950000E+01 1.217550000E+01 8.451261077E+00
1.469360000E-01 1.783650000E+01 1.218000000E+01 8.437687156E+00
1.474220000E-01 1.783040000E+01 1.218930000E+01 8.409870983E+00
1.476600000E-01 1.782740000E+01 1.219390000E+01 8.396315861E+00
1.477830000E-01 1.782580000E+01 1.219630000E+01 8.389327595E+00
1.480210000E-01 1.782280000E+01 1.220090000E+01 8.375838563E+00
1.482140000E-01 1.781940000E+01 1.220460000E+01 8.364931788E+00
1.484240000E-01 1.781430000E+01 1.220860000E+01 8.353096534E+00
1.486820000E-01 1.780710000E+01 1.221360000E+01 8.338601848E+00
1.489180000E-01 1.779940000E+01 1.221810000E+01 8.325387126E+00
1.491040000E-01 1.779170000E+01 1.222170000E+01 8.315001610E+00
1.493420000E-01 1.777990000E+01 1.222630000E+01 8.301750345E+00
1.494850000E-01 1.777210000E+01 1.222910000E+01 8.293808743E+00
1.496230000E-01 1.776410000E+01 1.223180000E+01 8.286159213E+00
1.497920000E-01 1.775370000E+01 1.223510000E+01 8.276810511E+00
1.498860000E-01 1.774750000E+01 1.223700000E+01 8.271619764E+00
1.500160000E-01 1.773850000E+01 1.223970000E+01 8.264451792E+00
1.501160000E-01 1.773130000E+01 1.224170000E+01 8.258946415E+00
1.502440000E-01 1.772130000E+01 1.224440000E+01 8.251910226E+00
1.502780000E-01 1.771870000E+01 1.224510000E+01 8.250043253E+00
1.503120000E-01 1.771590000E+01 1.224590000E+01 8.248177125E+00
1.503370000E-01 1.771380000E+01 1.224640000E+01 8.246805510E+00
1.503400000E-01 1.771360000E+01 1.224650000E+01 8.246640947E+00
1.503460000E-01 1.771300000E+01 1.224660000E+01 8.246311841E+00
1.507480000E-01 1.767570000E+01 1.225630000E+01 8.224321384E+00
1.507870000E-01 1.767170000E+01 1.225740000E+01 8.222194221E+00
1.510780000E-01 1.763880000E+01 1.226620000E+01 8.206356981E+00
1.511950000E-01 1.762420000E+01 1.227040000E+01 8.200006614E+00
1.514120000E-01 1.759470000E+01 1.227960000E+01 8.188254564E+00
1.515870000E-01 1.756850000E+01 1.228860000E+01 8.178801612E+00
1.518870000E-01 1.751640000E+01 1.230900000E+01 8.162647231E+00
1.522030000E-01 1.745520000E+01 1.233910000E+01 8.145700150E+00
1.525350000E-01 1.738550000E+01 1.238350000E+01 8.127970630E+00
1.528140000E-01 1.732490000E+01 1.243330000E+01 8.113130996E+00
1.530980000E-01 1.726270000E+01 1.249700000E+01 8.098080968E+00
1.532320000E-01 1.723450000E+01 1.253180000E+01 8.090999269E+00
1.535220000E-01 1.717870000E+01 1.261710000E+01 8.075715533E+00
1.539220000E-01 1.712010000E+01 1.275390000E+01 8.054729019E+00
1.541730000E-01 1.709790000E+01 1.284820000E+01 8.041615588E+00
1.545240000E-01 1.708460000E+01 1.298440000E+01 8.023349124E+00
1.548880000E-01 1.709210000E+01 1.312440000E+01 8.004493570E+00
1.552130000E-01 1.711670000E+01 1.324170000E+01 7.987732986E+00
1.552490000E-01 1.712040000E+01 1.325380000E+01 7.985880746E+00
1.556180000E-01 1.716300000E+01 1.337260000E+01 7.966944698E+00
1.560360000E-01 1.722080000E+01 1.348660000E+01 7.945602297E+00
1.564430000E-01 1.727660000E+01 1.358070000E+01 7.924931125E+00
1.570800000E-01 1.735120000E+01 1.370030000E+01 7.892793481E+00
1.579320000E-01 1.740920000E+01 1.384330000E+01 7.850214016E+00
1.593020000E-01 1.742600000E+01 1.414860000E+01 7.782702038E+00
1.615170000E-01 1.768010000E+01 1.491810000E+01 7.675972189E+00
1.645560000E-01 1.853690000E+01 1.557470000E+01 7.534213277E+00
1.685000000E-01 1.960410000E+01 1.600510000E+01 7.357863501E+00
1.752870000E-01 2.132900000E+01 1.605610000E+01 7.072971755E+00
1.931580000E-01 2.380130000E+01 1.473060000E+01 6.418579608E+00
2.178370000E-01 2.486360000E+01 1.345770000E+01 5.691411468E+00
2.560000000E-01 2.554740000E+01 1.290290000E+01 4.842968750E+00
2.732630000E-01 2.552140000E+01 1.282890000E+01 4.537021112E+00
2.769810000E-01 2.531350000E+01 1.286780000E+01 4.476119301E+00
2.796830000E-01 2.507230000E+01 1.314950000E+01 4.432875792E+00
2.865510000E-01 2.567310000E+01 1.399070000E+01 4.326629466E+00
3.115420000E-01 2.683000000E+01 1.400810000E+01 3.979559738E+00
3.241180000E-01 2.738520000E+01 1.433810000E+01 3.825150100E+00
3.827810000E-01 2.917700000E+01 1.417090000E+01 3.238927742E+00
3.919530000E-01 2.937670000E+01 1.456170000E+01 3.163134355E+00
4.786300000E-01 3.226250000E+01 1.399090000E+01 2.590309843E+00
6.404300000E-01 3.478310000E+01 1.227970000E+01 1.935886826E+00
8.252060000E-01 3.531320000E+01 1.047170000E+01 1.502412731E+00
9.939020000E-01 3.354890000E+01 9.051800000E+00 1.247406686E+00
1.101220000E+00 3.050930000E+01 8.280470000E+00 1.125842248E+00
1.158110000E+00 2.731060000E+01 7.910060000E+00 1.070537341E+00
1.193640000E+00 2.383940000E+01 7.689710000E+00 1.038671626E+00
1.208720000E+00 2.144550000E+01 7.603450000E+00 1.025713151E+00
1.210980000E+00 2.098640000E+01 7.595040000E+00 1.023798907E+00
1.216940000E+00 1.952620000E+01 7.612670000E+00 1.018784821E+00
1.220290000E+00 1.852790000E+01 7.689140000E+00 1.015988003E+00
1.223320000E+00 1.749110000E+01 7.852030000E+00 1.013471536E+00
1.227040000E+00 1.604760000E+01 8.261950000E+00 1.010399009E+00
1.235680000E+00 1.231580000E+01 1.077290000E+01 1.003334197E+00
1.239400000E+00 1.099930000E+01 1.265800000E+01 1.000322737E+00
1.242090000E+00 1.035920000E+01 1.426060000E+01 9.981563333E-01
1.245130000E+00 1.012050000E+01 1.617900000E+01 9.957193225E-01
1.247930000E+00 1.000360000E+01 1.792300000E+01 9.934852115E-01
1.252940000E+00 1.072510000E+01 2.066970000E+01 9.895126662E-01
1.257290000E+00 1.172800000E+01 2.244940000E+01 9.860891282E-01
1.261940000E+00 1.274980000E+01 2.378600000E+01 9.824555843E-01
1.268030000E+00 1.370090000E+01 2.519200000E+01 9.777371198E-01
1.273580000E+00 1.429410000E+01 2.657840000E+01 9.734763423E-01
1.277170000E+00 1.480000000E+01 2.762980000E+01 9.707399955E-01
1.283490000E+00 1.600390000E+01 2.948380000E+01 9.659599997E-01
1.289230000E+00 1.751620000E+01 3.088040000E+01 9.616592850E-01
1.294470000E+00 1.906600000E+01 3.172700000E+01 9.577664990E-01
1.300780000E+00 2.085650000E+01 3.229280000E+01 9.531204354E-01
1.321270000E+00 2.499650000E+01 3.287310000E+01 9.383396278E-01
1.365290000E+00 3.072400000E+01 3.311590000E+01 9.080854617E-01
1.427410000E+00 3.623370000E+01 3.219170000E+01 8.685661443E-01
1.487380000E+00 3.956040000E+01 3.055010000E+01 8.335462357E-01
1.548550000E+00 4.109790000E+01 2.885250000E+01 8.006199348E-01
1.572050000E+00 4.083330000E+01 2.837980000E+01 7.886517604E-01
1.594370000E+00 4.016280000E+01 2.948230000E+01 7.776112195E-01
1.611150000E+00 4.123200000E+01 3.085470000E+01 7.695124600E-01
1.640350000E+00 4.367080000E+01 3.075930000E+01 7.558143079E-01
1.697550000E+00 4.590630000E+01 2.942750000E+01 7.303466761E-01
1.735200000E+00 4.640500000E+01 2.877900000E+01 7.144997695E-01
1.763130000E+00 4.695160000E+01 2.926640000E+01 7.031812742E-01
1.811900000E+00 4.902830000E+01 2.871730000E+01 6.842540979E-01
1.888910000E+00 5.072000000E+01 2.723460000E+01 6.563573701E-01
1.942410000E+00 5.126220000E+01 2.702500000E+01 6.382792510E-01
1.998970000E+00 5.293550000E+01 2.645630000E+01 6.202194130E-01
2.099090000E+00 5.470860000E+01 2.484500000E+01 5.906368950E-01
2.254530000E+00 5.654912000E+01 2.262280000E+01 5.499150599E-01
2.440620000E+00 5.802528000E+01 2.034300000E+01 5.079856758E-01
2.663600000E+00 5.916857000E+01 1.805510000E+01 4.654602793E-01
2.909040000E+00 5.996926000E+01 1.594400000E+01 4.261887083E-01
3.174820000E+00 6.046139000E+01 1.406090000E+01 3.905103281E-01
3.565170000E+00 6.078852000E+01 1.187730000E+01 3.477534031E-01
4.012530000E+00 6.083664000E+01 9.959000000E+00 3.089821135E-01
4.657200000E+00 6.057110000E+01 7.948380000E+00 2.662114575E-01
5.370320000E+00 5.996776000E+01 6.379650000E+00 2.308614757E-01
6.095440000E+00 5.902868000E+01 5.230750000E+00 2.033979499E-01
6.615260000E+00 5.798061000E+01 4.592620000E+00 1.874151583E-01
6.983330000E+00 5.677798000E+01 4.213610000E+00 1.775370776E-01
7.191010000E+00 5.564170000E+01 4.019050000E+00 1.724097171E-01
7.319170000E+00 5.441850000E+01 3.915570000E+00 1.693907916E-01
7.372390000E+00 5.353450000E+01 3.969420000E+00 1.681679889E-01
7.404300000E+00 5.281530000E+01 4.181680000E+00 1.674432424E-01
7.434430000E+00 5.205840000E+01 4.650810000E+00 1.667646343E-01
7.469060000E+00 5.130830000E+01 5.611120000E+00 1.659914367E-01
7.505210000E+00 5.104420000E+01 6.976370000E+00 1.651919134E-01
7.547870000E+00 5.141660000E+01 8.539270000E+00 1.642582609E-01
7.592640000E+00 5.243340000E+01 9.558550000E+00 1.632897121E-01
7.673620000E+00 5.404180000E+01 9.959090000E+00 1.615665097E-01
7.762470000E+00 5.497110000E+01 9.825480000E+00 1.597172034E-01
7.914760000E+00 5.568861000E+01 9.531060000E+00 1.566440423E-01
8.062350000E+00 5.573950000E+01 9.250850000E+00 1.537765044E-01
8.152320000E+00 5.526819000E+01 9.266940000E+00 1.520794081E-01
8.221010000E+00 5.474770000E+01 9.871230000E+00 1.508087206E-01
8.287390000E+00 5.482420000E+01 1.093160000E+01 1.496007790E-01
8.363060000E+00 5.569935000E+01 1.169060000E+01 1.482471727E-01
8.463790000E+00 5.665170000E+01 1.171290000E+01 1.464828404E-01
8.572600000E+00 5.694958000E+01 1.162790000E+01 1.446235681E-01
8.675010000E+00 5.714904000E+01 1.214740000E+01 1.429162618E-01
8.788330000E+00 5.811602000E+01 1.264760000E+01 1.410734463E-01
8.903030000E+00 5.901317000E+01 1.250730000E+01 1.392559612E-01
9.093600000E+00 5.996924000E+01 1.210990000E+01 1.363376441E-01
9.356540000E+00 6.086303000E+01 1.159300000E+01 1.325062470E-01
9.713270000E+00 6.175209000E+01 1.094010000E+01 1.276398165E-01
1.009030000E+01 6.241847000E+01 1.030330000E+01 1.228704796E-01
1.049450000E+01 6.296375000E+01 9.684690000E+00 1.181380723E-01
1.090840000E+01 6.338917000E+01 9.105410000E+00 1.136555315E-01
1.135040000E+01 6.373688000E+01 8.541760000E+00 1.092296307E-01
1.182740000E+01 6.402496800E+01 7.990290000E+00 1.048243908E-01
1.230050000E+01 6.424051000E+01 7.495980000E+00 1.007926507E-01
1.287110000E+01 6.443279500E+01 6.961890000E+00 9.632432348E-02
1.343240000E+01 6.457139400E+01 6.493220000E+00 9.229921682E-02
1.392360000E+01 6.466203800E+01 6.123070000E+00 8.904306358E-02
1.449150000E+01 6.474154600E+01 5.734290000E+00 8.555360039E-02
1.492910000E+01 6.478703400E+01 5.456460000E+00 8.304586345E-02
1.544860000E+01 6.482323000E+01 5.152270000E+00 8.025322683E-02
1.614360000E+01 6.485219400E+01 4.787290000E+00 7.679823583E-02
1.660770000E+01 6.485924300E+01 4.565500000E+00 7.465211920E-02
1.714200000E+01 6.486104000E+01 4.328700000E+00 7.232528293E-02
1.784190000E+01 6.485383200E+01 4.046620000E+00 6.948811506E-02
1.861350000E+01 6.483598700E+01 3.766020000E+00 6.660756977E-02
1.968170000E+01 6.479913100E+01 3.423520000E+00 6.299252605E-02
2.144330000E+01 6.471964900E+01 2.955450000E+00 5.781759337E-02
2.437440000E+01 6.457052900E+01 2.368430000E+00 5.086484180E-02
2.763820000E+01 6.438504000E+01 1.901630000E+00 4.485820350E-02
3.148920000E+01 6.417574100E+01 1.511310000E+00 3.937222921E-02
3.579340000E+01 6.393675000E+01 1.204020000E+00 3.463767063E-02
4.063460000E+01 6.363315000E+01 9.600570000E-01 3.051094388E-02
4.452680000E+01 6.331100000E+01 8.141880000E-01 2.784390524E-02
4.714940000E+01 6.298850000E+01 7.346340000E-01 2.629513843E-02
4.891040000E+01 6.264852000E+01 6.877670000E-01 2.534839216E-02
5.008660000E+01 6.227433000E+01 6.587310000E-01 2.475312758E-02
5.078900000E+01 6.188393000E+01 6.464910000E-01 2.441079761E-02
5.107840000E+01 6.162168000E+01 6.671350000E-01 2.427249092E-02
5.125720000E+01 6.140916000E+01 7.187830000E-01 2.418782142E-02
5.139690000E+01 6.121816000E+01 8.009690000E-01 2.412207740E-02
5.154460000E+01 6.100532000E+01 9.460670000E-01 2.405295608E-02
5.170200000E+01 6.079350000E+01 1.179520000E+00 2.397972999E-02
5.189080000E+01 6.061374000E+01 1.561450000E+00 2.389248190E-02
5.220230000E+01 6.062656000E+01 2.296250000E+00 2.374991140E-02
5.246530000E+01 6.091894000E+01 2.808240000E+00 2.363085697E-02
5.272760000E+01 6.132117000E+01 3.100970000E+00 2.351330233E-02
5.311990000E+01 6.184507000E+01 3.228400000E+00 2.333965237E-02
5.369480000E+01 6.232763000E+01 3.201430000E+00 2.308975916E-02
5.444940000E+01 6.271132000E+01 3.132170000E+00 2.276976422E-02
5.559040000E+01 6.308815000E+01 3.030720000E+00 2.230241193E-02
5.712530000E+01 6.342846000E+01 2.906370000E+00 2.170316830E-02
5.886920000E+01 6.370924000E+01 2.765900000E+00 2.106024882E-02
6.100590000E+01 6.394256000E+01 2.607670000E+00 2.032262453E-02
6.366580000E+01 6.415313200E+01 2.429680000E+00 1.947356351E-02
6.671530000E+01 6.432069300E+01 2.251990000E+00 1.858344338E-02
6.963490000E+01 6.443967000E+01 2.099480000E+00 1.780429066E-02
7.339440000E+01 6.455139100E+01 1.924130000E+00 1.689229696E-02
7.720450000E+01 6.462987300E+01 1.766250000E+00 1.605864943E-02
8.151260000E+01 6.469098900E+01 1.610260000E+00 1.520991847E-02
8.675690000E+01 6.473758800E+01 1.447300000E+00 1.429050600E-02
9.193380000E+01 6.476492600E+01 1.310530000E+00 1.348579086E-02
9.933660000E+01 6.478683300E+01 1.146290000E+00 1.248079761E-02
1.084660000E+02 6.479132700E+01 9.826350000E-01 1.143030996E-02
1.216360000E+02 6.477954400E+01 8.042640000E-01 1.019270611E-02
1.379270000E+02 6.475323300E+01 6.434070000E-01 8.988812923E-03
1.564480000E+02 6.471911800E+01 5.146930000E-01 7.924677848E-03
1.775810000E+02 6.468272200E+01 4.112590000E-01 6.981602762E-03
2.013570000E+02 6.464736300E+01 3.293020000E-01 6.157223240E-03
2.269500000E+02 6.461545700E+01 2.667700000E-01 5.462877286E-03
2.578970000E+02 6.458471500E+01 2.138210000E-01 4.807345568E-03
2.926340000E+02 6.455758500E+01 1.721860000E-01 4.236691567E-03
3.328030000E+02 6.453372600E+01 1.391430000E-01 3.725326995E-03
3.769210000E+02 6.451411200E+01 1.137810000E-01 3.289283431E-03
4.279700000E+02 6.449722800E+01 9.330540000E-02 2.896932028E-03
4.873180000E+02 6.448292200E+01 7.677410000E-02 2.544129295E-03
5.585100000E+02 6.447067200E+01 6.319680000E-02 2.219834918E-03
6.456540000E+02 6.446036200E+01 5.197170000E-02 1.920223525E-03
7.507390000E+02 6.445210100E+01 4.303020000E-02 1.651439448E-03
8.810490000E+02 6.444552900E+01 3.572490000E-02 1.407186206E-03
1.023480000E+03 6.444118300E+01 3.058130000E-02 1.211357330E-03
1.228710000E+03 6.443769000E+01 2.497890000E-02 1.009025726E-03
1.477240000E+03 6.443509800E+01 2.037170000E-02 8.392678238E-04
1.776030000E+03 6.443323200E+01 1.661430000E-02 6.980737938E-04
2.135260000E+03 6.443188000E+01 1.354990000E-02 5.806318668E-04
2.567150000E+03 6.443089300E+01 1.105070000E-02 4.829480163E-04
3.086390000E+03 6.443008100E+01 9.012450000E-03 4.016990724E-04
3.710660000E+03 6.442949000E+01 7.350160000E-03 3.341184587E-04
4.461190000E+03 6.442908200E+01 5.994470000E-03 2.779079125E-04
5.363530000E+03 6.442879900E+01 4.888830000E-03 2.311537364E-04
6.448380000E+03 6.442860300E+01 3.987110000E-03 1.922653442E-04
7.752660000E+03 6.442846800E+01 3.251710000E-03 1.599193051E-04
9.320750000E+03 6.442837500E+01 2.651950000E-03 1.330150471E-04
1.000000000E+04 6.442834700E+01 2.457570000E-03 1.239800000E-04
