# Data retrieved from https://www-nds.iaea.org/epdl97/za1to100.htm 03/01/2021
# Element, Th  (Z = 90) 
# Atomic weight, g mol-1 = 232.04 
# Nominal density, g cm-3 =  1.17200E+1 
# Relativistic correction estimate f_rel(5CL)*,  e atom-1 =  0 
# Nuclear Thomson correction f_NT*, e atom-1 =  0 
#    E [keV]      f1 [e atom-1]      f2 [e atom-1]    Wavelength [nm] 
1.000000000E-03 1.993100000E+01 0.000000000E+00 1.239800000E+03
1.004800000E-03 1.993050000E+01 0.000000000E+00 1.233877389E+03
1.007210000E-03 1.993030000E+01 0.000000000E+00 1.230925031E+03
1.009660000E-03 1.993000000E+01 0.000000000E+00 1.227938118E+03
1.012130000E-03 1.992980000E+01 0.000000000E+00 1.224941460E+03
1.019510000E-03 1.992910000E+01 0.000000000E+00 1.216074389E+03
1.021970000E-03 1.992880000E+01 0.000000000E+00 1.213147157E+03
1.024430000E-03 1.992860000E+01 0.000000000E+00 1.210233984E+03
1.026890000E-03 1.992840000E+01 0.000000000E+00 1.207334768E+03
1.029350000E-03 1.992810000E+01 0.000000000E+00 1.204449410E+03
1.031810000E-03 1.992790000E+01 0.000000000E+00 1.201577810E+03
1.036730000E-03 1.992740000E+01 0.000000000E+00 1.195875493E+03
1.039200000E-03 1.992720000E+01 0.000000000E+00 1.193033102E+03
1.041660000E-03 1.992690000E+01 0.000000000E+00 1.190215617E+03
1.044120000E-03 1.992670000E+01 0.000000000E+00 1.187411409E+03
1.046580000E-03 1.992640000E+01 0.000000000E+00 1.184620383E+03
1.049040000E-03 1.992620000E+01 0.000000000E+00 1.181842446E+03
1.205900000E-03 1.991100000E+01 0.000000000E+00 1.028111784E+03
1.323540000E-03 1.989960000E+01 0.000000000E+00 9.367302839E+02
1.500010000E-03 1.988250000E+01 0.000000000E+00 8.265278231E+02
1.676480000E-03 1.986540000E+01 0.000000000E+00 7.395256728E+02
1.680600000E-03 1.986500000E+01 0.000000000E+00 7.377127216E+02
1.684730000E-03 1.986460000E+01 0.000000000E+00 7.359042695E+02
1.688850000E-03 1.986420000E+01 0.000000000E+00 7.341090091E+02
1.692980000E-03 1.986380000E+01 0.000000000E+00 7.323181609E+02
1.697110000E-03 1.986340000E+01 0.000000000E+00 7.305360289E+02
1.701230000E-03 1.986300000E+01 0.000000000E+00 7.287668334E+02
1.705360000E-03 1.986260000E+01 0.000000000E+00 7.270019233E+02
1.709490000E-03 1.986220000E+01 0.000000000E+00 7.252455411E+02
1.713610000E-03 1.986180000E+01 0.000000000E+00 7.235018470E+02
1.717740000E-03 1.986140000E+01 0.000000000E+00 7.217623156E+02
1.721870000E-03 1.986100000E+01 0.000000000E+00 7.200311289E+02
1.725990000E-03 1.986060000E+01 0.000000000E+00 7.183123888E+02
1.730120000E-03 1.986020000E+01 0.000000000E+00 7.165976926E+02
1.738370000E-03 1.985940000E+01 0.000000000E+00 7.131968453E+02
1.742500000E-03 1.985900000E+01 0.000000000E+00 7.115064562E+02
1.746630000E-03 1.985860000E+01 0.000000000E+00 7.098240612E+02
1.750750000E-03 1.985820000E+01 0.000000000E+00 7.081536484E+02
1.754880000E-03 1.985780000E+01 0.000000000E+00 7.064870532E+02
1.759000000E-03 1.985740000E+01 0.000000000E+00 7.048322911E+02
1.860740000E-03 1.984760000E+01 0.000000000E+00 6.662940551E+02
2.013350000E-03 1.983160000E+01 0.000000000E+00 6.157896044E+02
2.089650000E-03 1.981770000E+01 0.000000000E+00 5.933050989E+02
2.165960000E-03 1.980370000E+01 0.000000000E+00 5.724020758E+02
2.171290000E-03 1.980270000E+01 0.000000000E+00 5.709969649E+02
2.176620000E-03 1.980180000E+01 0.000000000E+00 5.695987357E+02
2.181950000E-03 1.980080000E+01 0.000000000E+00 5.682073375E+02
2.187280000E-03 1.979980000E+01 0.000000000E+00 5.668227205E+02
2.192610000E-03 1.979880000E+01 0.000000000E+00 5.654448352E+02
2.197950000E-03 1.979790000E+01 0.000000000E+00 5.640710662E+02
2.203280000E-03 1.979690000E+01 0.000000000E+00 5.627065103E+02
2.208610000E-03 1.979590000E+01 0.000000000E+00 5.613485405E+02
2.213940000E-03 1.979490000E+01 0.000000000E+00 5.599971092E+02
2.219270000E-03 1.979400000E+01 0.000000000E+00 5.586521694E+02
2.224600000E-03 1.979300000E+01 0.000000000E+00 5.573136744E+02
2.229930000E-03 1.979200000E+01 0.000000000E+00 5.559815779E+02
2.235260000E-03 1.979100000E+01 0.000000000E+00 5.546558342E+02
2.245930000E-03 1.978910000E+01 0.000000000E+00 5.520207665E+02
2.251260000E-03 1.978810000E+01 0.000000000E+00 5.507138225E+02
2.256590000E-03 1.978710000E+01 0.000000000E+00 5.494130524E+02
2.261920000E-03 1.978620000E+01 0.000000000E+00 5.481184127E+02
2.267250000E-03 1.978520000E+01 0.000000000E+00 5.468298600E+02
2.272580000E-03 1.978420000E+01 0.000000000E+00 5.455473515E+02
2.310520000E-03 1.977730000E+01 0.000000000E+00 5.365891661E+02
2.316210000E-03 1.977620000E+01 0.000000000E+00 5.352709815E+02
2.321890000E-03 1.977520000E+01 0.000000000E+00 5.339615572E+02
2.327580000E-03 1.977410000E+01 0.000000000E+00 5.326562352E+02
2.333270000E-03 1.977310000E+01 0.000000000E+00 5.313572797E+02
2.338950000E-03 1.977210000E+01 0.000000000E+00 5.300669104E+02
2.344640000E-03 1.977100000E+01 0.000000000E+00 5.287805377E+02
2.350330000E-03 1.977000000E+01 0.000000000E+00 5.275003936E+02
2.356020000E-03 1.976890000E+01 0.000000000E+00 5.262264327E+02
2.361700000E-03 1.976790000E+01 0.000000000E+00 5.249608333E+02
2.367390000E-03 1.976690000E+01 0.000000000E+00 5.236990948E+02
2.373080000E-03 1.976580000E+01 0.000000000E+00 5.224434069E+02
2.378760000E-03 1.976480000E+01 0.000000000E+00 5.211959172E+02
2.384450000E-03 1.976370000E+01 0.000000000E+00 5.199521902E+02
2.395830000E-03 1.976170000E+01 0.000000000E+00 5.174824591E+02
2.401510000E-03 1.976060000E+01 0.000000000E+00 5.162585207E+02
2.407200000E-03 1.975960000E+01 0.000000000E+00 5.150382187E+02
2.412890000E-03 1.975850000E+01 0.000000000E+00 5.138236720E+02
2.418570000E-03 1.975750000E+01 0.000000000E+00 5.126169596E+02
2.424260000E-03 1.975640000E+01 0.000000000E+00 5.114137923E+02
2.500000000E-03 1.974260000E+01 0.000000000E+00 4.959200000E+02
2.534530000E-03 1.973500000E+01 0.000000000E+00 4.891636714E+02
2.569970000E-03 1.972720000E+01 0.000000000E+00 4.824180827E+02
2.596550000E-03 1.972140000E+01 0.000000000E+00 4.774797327E+02
2.616490000E-03 1.971700000E+01 0.000000000E+00 4.738409090E+02
2.646390000E-03 1.971040000E+01 0.000000000E+00 4.684872600E+02
2.661340000E-03 1.970710000E+01 0.000000000E+00 4.658555465E+02
2.668820000E-03 1.970550000E+01 0.000000000E+00 4.645498760E+02
2.676300000E-03 1.970390000E+01 0.000000000E+00 4.632515039E+02
2.682880000E-03 1.970240000E+01 0.000000000E+00 4.621153387E+02
2.689470000E-03 1.970100000E+01 0.000000000E+00 4.609830190E+02
2.696060000E-03 1.969950000E+01 0.000000000E+00 4.598562347E+02
2.702650000E-03 1.969810000E+01 0.000000000E+00 4.587349453E+02
2.709230000E-03 1.969660000E+01 0.000000000E+00 4.576208000E+02
2.715820000E-03 1.969520000E+01 0.000000000E+00 4.565103726E+02
2.722410000E-03 1.969370000E+01 0.000000000E+00 4.554053210E+02
2.729000000E-03 1.969230000E+01 0.000000000E+00 4.543056064E+02
2.735580000E-03 1.969080000E+01 0.000000000E+00 4.532128470E+02
2.742170000E-03 1.968940000E+01 0.000000000E+00 4.521236831E+02
2.748760000E-03 1.968790000E+01 0.000000000E+00 4.510397416E+02
2.752050000E-03 1.968720000E+01 0.000000000E+00 4.505005360E+02
2.756990000E-03 1.968610000E+01 0.000000000E+00 4.496933250E+02
2.759460000E-03 1.968560000E+01 0.000000000E+00 4.492908033E+02
2.761930000E-03 1.968500000E+01 0.000000000E+00 4.488890015E+02
2.763580000E-03 1.968470000E+01 0.000000000E+00 4.486209916E+02
2.766050000E-03 1.968410000E+01 0.000000000E+00 4.482203865E+02
2.768520000E-03 1.968360000E+01 0.000000000E+00 4.478204961E+02
2.771810000E-03 1.968290000E+01 0.000000000E+00 4.472889556E+02
2.773460000E-03 1.968250000E+01 0.000000000E+00 4.470228523E+02
2.775110000E-03 1.968210000E+01 0.000000000E+00 4.467570655E+02
2.780050000E-03 1.968110000E+01 0.000000000E+00 4.459632021E+02
2.781690000E-03 1.968070000E+01 0.000000000E+00 4.457002757E+02
2.788280000E-03 1.967920000E+01 0.000000000E+00 4.446468791E+02
2.794870000E-03 1.967780000E+01 0.000000000E+00 4.435984500E+02
2.800000000E-03 1.967670000E+01 0.000000000E+00 4.427857143E+02
2.808040000E-03 1.967490000E+01 0.000000000E+00 4.415179271E+02
2.813790000E-03 1.967360000E+01 0.000000000E+00 4.406156821E+02
2.820680000E-03 1.967210000E+01 0.000000000E+00 4.395394018E+02
2.827570000E-03 1.967060000E+01 0.000000000E+00 4.384683668E+02
2.834460000E-03 1.966910000E+01 0.000000000E+00 4.374025388E+02
2.841350000E-03 1.966760000E+01 0.000000000E+00 4.363418797E+02
2.848240000E-03 1.966610000E+01 0.000000000E+00 4.352863523E+02
2.855140000E-03 1.966460000E+01 0.000000000E+00 4.342343983E+02
2.862030000E-03 1.966300000E+01 0.000000000E+00 4.331890302E+02
2.868920000E-03 1.966150000E+01 0.000000000E+00 4.321486831E+02
2.875810000E-03 1.966000000E+01 0.000000000E+00 4.311133211E+02
2.882700000E-03 1.965850000E+01 0.000000000E+00 4.300829084E+02
2.889600000E-03 1.965700000E+01 0.000000000E+00 4.290559247E+02
2.896490000E-03 1.965550000E+01 0.000000000E+00 4.280353117E+02
2.903380000E-03 1.965400000E+01 0.000000000E+00 4.270195427E+02
2.910270000E-03 1.965240000E+01 0.000000000E+00 4.260085834E+02
2.917160000E-03 1.965090000E+01 0.000000000E+00 4.250023996E+02
2.921880000E-03 1.964990000E+01 0.000000000E+00 4.243158514E+02
2.924050000E-03 1.964940000E+01 0.000000000E+00 4.240009576E+02
2.936270000E-03 1.964670000E+01 0.000000000E+00 4.222363747E+02
2.943460000E-03 1.964510000E+01 0.000000000E+00 4.212049765E+02
2.950650000E-03 1.964360000E+01 0.000000000E+00 4.201786047E+02
2.957840000E-03 1.964200000E+01 0.000000000E+00 4.191572228E+02
2.961440000E-03 1.964120000E+01 0.000000000E+00 4.186476849E+02
2.965030000E-03 1.964040000E+01 0.000000000E+00 4.181407945E+02
2.968630000E-03 1.963960000E+01 0.000000000E+00 4.176337233E+02
2.972220000E-03 1.963880000E+01 0.000000000E+00 4.171292838E+02
2.975820000E-03 1.963800000E+01 0.000000000E+00 4.166246614E+02
2.979420000E-03 1.963720000E+01 0.000000000E+00 4.161212585E+02
2.984810000E-03 1.963610000E+01 0.000000000E+00 4.153698225E+02
2.988410000E-03 1.963530000E+01 0.000000000E+00 4.148694456E+02
2.991100000E-03 1.963470000E+01 0.000000000E+00 4.144963391E+02
2.992450000E-03 1.963440000E+01 0.000000000E+00 4.143093452E+02
2.993130000E-03 1.963420000E+01 0.000000000E+00 4.142152195E+02
2.993460000E-03 1.963420000E+01 0.000000000E+00 4.141695563E+02
2.993630000E-03 1.963410000E+01 0.000000000E+00 4.141460368E+02
2.993910000E-03 1.963410000E+01 0.000000000E+00 4.141073045E+02
2.994130000E-03 1.963400000E+01 0.000000000E+00 4.140768771E+02
3.000990000E-03 1.963250000E+01 0.000000000E+00 4.131303337E+02
3.002790000E-03 1.963200000E+01 0.000000000E+00 4.128826858E+02
3.008180000E-03 1.963070000E+01 0.000000000E+00 4.121428904E+02
3.011780000E-03 1.962980000E+01 0.000000000E+00 4.116502533E+02
3.015380000E-03 1.962890000E+01 0.000000000E+00 4.111587926E+02
3.018970000E-03 1.962800000E+01 0.000000000E+00 4.106698642E+02
3.022570000E-03 1.962710000E+01 0.000000000E+00 4.101807402E+02
3.026160000E-03 1.962620000E+01 0.000000000E+00 4.096941338E+02
3.029760000E-03 1.962530000E+01 0.000000000E+00 4.092073300E+02
3.036950000E-03 1.962350000E+01 0.000000000E+00 4.082385288E+02
3.044140000E-03 1.962180000E+01 0.000000000E+00 4.072743041E+02
3.051330000E-03 1.962000000E+01 0.000000000E+00 4.063146235E+02
3.062120000E-03 1.961730000E+01 0.000000000E+00 4.048828916E+02
3.065720000E-03 1.961640000E+01 0.000000000E+00 4.044074475E+02
3.068850000E-03 1.961560000E+01 0.000000000E+00 4.039949818E+02
3.074900000E-03 1.961390000E+01 0.000000000E+00 4.032001041E+02
3.080580000E-03 1.961220000E+01 0.000000000E+00 4.024566802E+02
3.091230000E-03 1.960900000E+01 0.000000000E+00 4.010701242E+02
3.100550000E-03 1.960620000E+01 0.000000000E+00 3.998645402E+02
3.116860000E-03 1.960140000E+01 0.000000000E+00 3.977721168E+02
3.129090000E-03 1.959770000E+01 0.000000000E+00 3.962174306E+02
3.147430000E-03 1.959230000E+01 0.000000000E+00 3.939086811E+02
3.165780000E-03 1.958680000E+01 0.000000000E+00 3.916254446E+02
3.173570000E-03 1.958450000E+01 0.000000000E+00 3.906641416E+02
3.181360000E-03 1.958220000E+01 0.000000000E+00 3.897075465E+02
3.189150000E-03 1.957980000E+01 0.000000000E+00 3.887556245E+02
3.196950000E-03 1.957750000E+01 0.000000000E+00 3.878071287E+02
3.198900000E-03 1.957690000E+01 0.000000000E+00 3.875707274E+02
3.204740000E-03 1.957520000E+01 0.000000000E+00 3.868644570E+02
3.206690000E-03 1.957460000E+01 0.000000000E+00 3.866292033E+02
3.209610000E-03 1.957370000E+01 0.000000000E+00 3.862774605E+02
3.212530000E-03 1.957290000E+01 0.000000000E+00 3.859263571E+02
3.216430000E-03 1.957170000E+01 0.000000000E+00 3.854584120E+02
3.220320000E-03 1.957060000E+01 0.000000000E+00 3.849927957E+02
3.224220000E-03 1.956940000E+01 0.000000000E+00 3.845271104E+02
3.228120000E-03 1.956820000E+01 0.000000000E+00 3.840625503E+02
3.235910000E-03 1.956590000E+01 0.000000000E+00 3.831379736E+02
3.243700000E-03 1.956360000E+01 0.000000000E+00 3.822178377E+02
3.251490000E-03 1.956130000E+01 0.000000000E+00 3.813021107E+02
3.259280000E-03 1.955890000E+01 0.000000000E+00 3.803907611E+02
3.267080000E-03 1.955660000E+01 0.000000000E+00 3.794825961E+02
3.274870000E-03 1.955430000E+01 0.000000000E+00 3.785799131E+02
3.282660000E-03 1.955200000E+01 0.000000000E+00 3.776815144E+02
3.290450000E-03 1.954970000E+01 0.000000000E+00 3.767873695E+02
3.298250000E-03 1.954730000E+01 0.000000000E+00 3.758963086E+02
3.306040000E-03 1.954500000E+01 0.000000000E+00 3.750105867E+02
3.313830000E-03 1.954270000E+01 0.000000000E+00 3.741290289E+02
3.321620000E-03 1.954040000E+01 0.000000000E+00 3.732516061E+02
3.355880000E-03 1.953010000E+01 0.000000000E+00 3.694411004E+02
3.381580000E-03 1.952250000E+01 0.000000000E+00 3.666333489E+02
3.400850000E-03 1.951670000E+01 0.000000000E+00 3.645559198E+02
3.415310000E-03 1.951240000E+01 0.000000000E+00 3.630124352E+02
3.436990000E-03 1.950600000E+01 0.000000000E+00 3.607226090E+02
3.458670000E-03 1.949950000E+01 0.000000000E+00 3.584614895E+02
3.467180000E-03 1.949700000E+01 0.000000000E+00 3.575816658E+02
3.475700000E-03 1.949440000E+01 0.000000000E+00 3.567051241E+02
3.484210000E-03 1.949190000E+01 0.000000000E+00 3.558338906E+02
3.492720000E-03 1.948940000E+01 0.000000000E+00 3.549669026E+02
3.501230000E-03 1.948660000E+01 0.000000000E+00 3.541041291E+02
3.504350000E-03 1.948550000E+01 0.000000000E+00 3.537888624E+02
3.507470000E-03 1.948440000E+01 0.000000000E+00 3.534741566E+02
3.512860000E-03 1.948250000E+01 0.000000000E+00 3.529317992E+02
3.524730000E-03 1.947830000E+01 0.000000000E+00 3.517432541E+02
3.533370000E-03 1.947520000E+01 0.000000000E+00 3.508831512E+02
3.542000000E-03 1.947210000E+01 0.000000000E+00 3.500282326E+02
3.550630000E-03 1.946910000E+01 0.000000000E+00 3.491774699E+02
3.554150000E-03 1.946780000E+01 0.000000000E+00 3.488316475E+02
3.559410000E-03 1.946600000E+01 0.000000000E+00 3.483161535E+02
3.564680000E-03 1.946410000E+01 0.000000000E+00 3.478012052E+02
3.571270000E-03 1.946170000E+01 0.000000000E+00 3.471594139E+02
3.574560000E-03 1.946060000E+01 0.000000000E+00 3.468398908E+02
3.577850000E-03 1.945940000E+01 0.000000000E+00 3.465209553E+02
3.584240000E-03 1.945710000E+01 0.000000000E+00 3.459031761E+02
3.585300000E-03 1.945680000E+01 0.000000000E+00 3.458009093E+02
3.587430000E-03 1.945600000E+01 0.000000000E+00 3.455955935E+02
3.592090000E-03 1.945430000E+01 0.000000000E+00 3.451472541E+02
3.592780000E-03 1.945410000E+01 0.000000000E+00 3.450809679E+02
3.593050000E-03 1.945400000E+01 0.000000000E+00 3.450550368E+02
3.593500000E-03 1.945380000E+01 0.000000000E+00 3.450118269E+02
3.594190000E-03 1.945360000E+01 0.000000000E+00 3.449455927E+02
3.594530000E-03 1.945350000E+01 0.000000000E+00 3.449129650E+02
3.595410000E-03 1.945320000E+01 0.000000000E+00 3.448285453E+02
3.603390000E-03 1.945020000E+01 0.000000000E+00 3.440648944E+02
3.605780000E-03 1.944930000E+01 0.000000000E+00 3.438368397E+02
3.612960000E-03 1.944650000E+01 0.000000000E+00 3.431535362E+02
3.616210000E-03 1.944530000E+01 0.000000000E+00 3.428451334E+02
3.621080000E-03 1.944340000E+01 0.000000000E+00 3.423840401E+02
3.625950000E-03 1.944150000E+01 0.000000000E+00 3.419241854E+02
3.631460000E-03 1.943940000E+01 0.000000000E+00 3.414053852E+02
3.636970000E-03 1.943730000E+01 0.000000000E+00 3.408881569E+02
3.645600000E-03 1.943400000E+01 0.000000000E+00 3.400811938E+02
3.654230000E-03 1.943060000E+01 0.000000000E+00 3.392780422E+02
3.662870000E-03 1.942730000E+01 0.000000000E+00 3.384777511E+02
3.676600000E-03 1.942200000E+01 0.000000000E+00 3.372137301E+02
3.680130000E-03 1.942070000E+01 0.000000000E+00 3.368902729E+02
3.683670000E-03 1.941930000E+01 0.000000000E+00 3.365665220E+02
3.687210000E-03 1.941800000E+01 0.000000000E+00 3.362433927E+02
3.695960000E-03 1.941460000E+01 0.000000000E+00 3.354473533E+02
3.704720000E-03 1.941120000E+01 0.000000000E+00 3.346541709E+02
3.713470000E-03 1.940790000E+01 0.000000000E+00 3.338656297E+02
3.720760000E-03 1.940510000E+01 0.000000000E+00 3.332114944E+02
3.729590000E-03 1.940170000E+01 0.000000000E+00 3.324225987E+02
3.738420000E-03 1.939830000E+01 0.000000000E+00 3.316374297E+02
3.747260000E-03 1.939490000E+01 0.000000000E+00 3.308550781E+02
3.756090000E-03 1.939150000E+01 0.000000000E+00 3.300772878E+02
3.764920000E-03 1.938810000E+01 0.000000000E+00 3.293031459E+02
3.784520000E-03 1.938050000E+01 0.000000000E+00 3.275976874E+02
3.818810000E-03 1.936730000E+01 0.000000000E+00 3.246561101E+02
3.870260000E-03 1.934420000E+01 0.000000000E+00 3.203402355E+02
3.921700000E-03 1.932100000E+01 0.000000000E+00 3.161384094E+02
3.931360000E-03 1.931660000E+01 0.000000000E+00 3.153616051E+02
3.941010000E-03 1.931230000E+01 0.000000000E+00 3.145894073E+02
3.950660000E-03 1.930790000E+01 0.000000000E+00 3.138209818E+02
3.960310000E-03 1.930360000E+01 0.000000000E+00 3.130563011E+02
3.969970000E-03 1.929920000E+01 0.000000000E+00 3.122945513E+02
3.979620000E-03 1.929490000E+01 0.000000000E+00 3.115372825E+02
3.989270000E-03 1.929060000E+01 0.000000000E+00 3.107836772E+02
4.000000000E-03 1.928570000E+01 0.000000000E+00 3.099500000E+02
4.006700000E-03 1.928230000E+01 0.000000000E+00 3.094317019E+02
4.026540000E-03 1.927200000E+01 0.000000000E+00 3.079070368E+02
4.036400000E-03 1.926690000E+01 0.000000000E+00 3.071548905E+02
4.046270000E-03 1.926180000E+01 0.000000000E+00 3.064056526E+02
4.056840000E-03 1.925600000E+01 0.000000000E+00 3.056073200E+02
4.085720000E-03 1.923680000E+01 0.000000000E+00 3.034471280E+02
4.095580000E-03 1.923010000E+01 0.000000000E+00 3.027165872E+02
4.105440000E-03 1.922350000E+01 0.000000000E+00 3.019895553E+02
4.115300000E-03 1.921680000E+01 0.000000000E+00 3.012660073E+02
4.143080000E-03 1.919800000E+01 0.000000000E+00 2.992459716E+02
4.154750000E-03 1.919020000E+01 0.000000000E+00 2.984054396E+02
4.164610000E-03 1.918350000E+01 0.000000000E+00 2.976989442E+02
4.180690000E-03 1.917260000E+01 0.000000000E+00 2.965539181E+02
4.190930000E-03 1.916570000E+01 0.000000000E+00 2.958293267E+02
4.201170000E-03 1.915880000E+01 0.000000000E+00 2.951082675E+02
4.219290000E-03 1.914660000E+01 0.000000000E+00 2.938409069E+02
4.233740000E-03 1.913680000E+01 0.000000000E+00 2.928380108E+02
4.253890000E-03 1.912320000E+01 0.000000000E+00 2.914508838E+02
4.263970000E-03 1.911640000E+01 0.000000000E+00 2.907618956E+02
4.283090000E-03 1.910350000E+01 0.000000000E+00 2.894639151E+02
4.289730000E-03 1.909900000E+01 0.000000000E+00 2.890158588E+02
4.305720000E-03 1.908820000E+01 0.000000000E+00 2.879425508E+02
4.314800000E-03 1.908200000E+01 0.000000000E+00 2.873366089E+02
4.324990000E-03 1.907520000E+01 0.000000000E+00 2.866596223E+02
4.334290000E-03 1.906890000E+01 0.000000000E+00 2.860445425E+02
4.338190000E-03 1.906620000E+01 0.000000000E+00 2.857873906E+02
4.344530000E-03 1.906200000E+01 0.000000000E+00 2.853703393E+02
4.345380000E-03 1.906140000E+01 0.000000000E+00 2.853145179E+02
4.348790000E-03 1.905910000E+01 0.000000000E+00 2.850907954E+02
4.360640000E-03 1.905110000E+01 0.000000000E+00 2.843160637E+02
4.365010000E-03 1.904810000E+01 0.000000000E+00 2.840314226E+02
4.382100000E-03 1.903660000E+01 0.000000000E+00 2.829237124E+02
4.392840000E-03 1.902880000E+01 0.000000000E+00 2.822319957E+02
4.403570000E-03 1.902090000E+01 0.000000000E+00 2.815442925E+02
4.435770000E-03 1.899360000E+01 0.000000000E+00 2.795005151E+02
4.446500000E-03 1.898330000E+01 0.000000000E+00 2.788260430E+02
4.458490000E-03 1.897180000E+01 0.000000000E+00 2.780762097E+02
4.480440000E-03 1.895070000E+01 0.000000000E+00 2.767138942E+02
4.502390000E-03 1.892970000E+01 0.000000000E+00 2.753648618E+02
4.513360000E-03 1.891910000E+01 0.000000000E+00 2.746955705E+02
4.523680000E-03 1.890920000E+01 0.000000000E+00 2.740688997E+02
4.535310000E-03 1.889800000E+01 0.000000000E+00 2.733660985E+02
4.544570000E-03 1.888920000E+01 0.000000000E+00 2.728090886E+02
4.553840000E-03 1.888030000E+01 0.000000000E+00 2.722537463E+02
4.568230000E-03 1.886640000E+01 0.000000000E+00 2.713961425E+02
4.579200000E-03 1.885590000E+01 0.000000000E+00 2.707459818E+02
4.590180000E-03 1.884540000E+01 0.000000000E+00 2.700983404E+02
4.601150000E-03 1.883460000E+01 0.000000000E+00 2.694543755E+02
4.608130000E-03 1.882630000E+01 0.000000000E+00 2.690462292E+02
4.615110000E-03 1.881800000E+01 0.000000000E+00 2.686393174E+02
4.622590000E-03 1.880900000E+01 0.000000000E+00 2.682046212E+02
4.626330000E-03 1.880450000E+01 0.000000000E+00 2.679878003E+02
4.630070000E-03 1.880010000E+01 0.000000000E+00 2.677713296E+02
4.645230000E-03 1.878200000E+01 0.000000000E+00 2.668974410E+02
4.649040000E-03 1.877740000E+01 0.000000000E+00 2.666787122E+02
4.652860000E-03 1.877280000E+01 0.000000000E+00 2.664597688E+02
4.655710000E-03 1.876940000E+01 0.000000000E+00 2.662966551E+02
4.662120000E-03 1.876180000E+01 0.000000000E+00 2.659305209E+02
4.663190000E-03 1.876050000E+01 0.000000000E+00 2.658695013E+02
4.664970000E-03 1.875840000E+01 0.000000000E+00 2.657680542E+02
4.668490000E-03 1.875410000E+01 0.000000000E+00 2.655676675E+02
4.674090000E-03 1.874750000E+01 0.000000000E+00 2.652494924E+02
4.674870000E-03 1.874650000E+01 0.000000000E+00 2.652052357E+02
4.676430000E-03 1.874460000E+01 0.000000000E+00 2.651167664E+02
4.680460000E-03 1.873980000E+01 0.000000000E+00 2.648884939E+02
4.688160000E-03 1.873060000E+01 0.000000000E+00 2.644534316E+02
4.690590000E-03 1.872770000E+01 0.000000000E+00 2.643164293E+02
4.692160000E-03 1.872540000E+01 0.000000000E+00 2.642279888E+02
4.695800000E-03 1.871990000E+01 0.000000000E+00 2.640231696E+02
4.698980000E-03 1.871510000E+01 0.000000000E+00 2.638444939E+02
4.701760000E-03 1.871090000E+01 0.000000000E+00 2.636884911E+02
4.706330000E-03 1.870400000E+01 0.000000000E+00 2.634324410E+02
4.711250000E-03 1.869660000E+01 0.000000000E+00 2.631573362E+02
4.715540000E-03 1.869010000E+01 0.000000000E+00 2.629179267E+02
4.718030000E-03 1.868630000E+01 0.000000000E+00 2.627791684E+02
4.719630000E-03 1.868390000E+01 0.000000000E+00 2.626900838E+02
4.720440000E-03 1.868270000E+01 0.000000000E+00 2.626450077E+02
4.721240000E-03 1.868150000E+01 0.000000000E+00 2.626005033E+02
4.727690000E-03 1.867180000E+01 0.000000000E+00 2.622422367E+02
4.730910000E-03 1.866690000E+01 0.000000000E+00 2.620637467E+02
4.734140000E-03 1.866200000E+01 0.000000000E+00 2.618849464E+02
4.745260000E-03 1.864520000E+01 0.000000000E+00 2.612712475E+02
4.757270000E-03 1.862710000E+01 0.000000000E+00 2.606116533E+02
4.769750000E-03 1.860830000E+01 0.000000000E+00 2.599297657E+02
4.777980000E-03 1.859590000E+01 0.000000000E+00 2.594820405E+02
4.792510000E-03 1.857050000E+01 1.431420000E-06 2.586953392E+02
4.804570000E-03 1.854760000E+01 6.016110000E-06 2.580459854E+02
4.813910000E-03 1.852880000E+01 1.709760000E-05 2.575453218E+02
4.824900000E-03 1.850540000E+01 5.422080000E-05 2.569586934E+02
4.836280000E-03 1.847940000E+01 1.652200000E-04 2.563540573E+02
4.858060000E-03 1.842290000E+01 1.109610000E-03 2.552047525E+02
4.874910000E-03 1.837000000E+01 3.974810000E-03 2.543226439E+02
4.921430000E-03 1.816590000E+01 5.812070000E-02 2.519186497E+02
4.939910000E-03 1.807240000E+01 1.229250000E-01 2.509762324E+02
4.963830000E-03 1.797560000E+01 2.557630000E-01 2.497668131E+02
4.980000000E-03 1.794380000E+01 3.663580000E-01 2.489558233E+02
4.991100000E-03 1.794090000E+01 4.434470000E-01 2.484021558E+02
5.009230000E-03 1.796610000E+01 5.576120000E-01 2.475031093E+02
5.042760000E-03 1.806580000E+01 6.947050000E-01 2.458574273E+02
5.054080000E-03 1.810110000E+01 7.203340000E-01 2.453067621E+02
5.064320000E-03 1.812970000E+01 7.361220000E-01 2.448107545E+02
5.076450000E-03 1.815920000E+01 7.493930000E-01 2.442257877E+02
5.104250000E-03 1.821040000E+01 7.667840000E-01 2.428956262E+02
5.117140000E-03 1.822260000E+01 7.715080000E-01 2.422837757E+02
5.135000000E-03 1.823960000E+01 7.780560000E-01 2.414410906E+02
5.160130000E-03 1.826120000E+01 7.872670000E-01 2.402652646E+02
5.172770000E-03 1.826600000E+01 7.915480000E-01 2.396781608E+02
5.186460000E-03 1.826840000E+01 7.960140000E-01 2.390455147E+02
5.201010000E-03 1.827090000E+01 8.007550000E-01 2.383767768E+02
5.215060000E-03 1.827330000E+01 8.053380000E-01 2.377345611E+02
5.222090000E-03 1.827450000E+01 8.076290000E-01 2.374145218E+02
5.229120000E-03 1.827580000E+01 8.099210000E-01 2.370953430E+02
5.240780000E-03 1.827780000E+01 8.137220000E-01 2.365678391E+02
5.251390000E-03 1.827960000E+01 8.171830000E-01 2.360898733E+02
5.261940000E-03 1.828140000E+01 8.206210000E-01 2.356165217E+02
5.276150000E-03 1.828260000E+01 8.252550000E-01 2.349819471E+02
5.292050000E-03 1.828250000E+01 8.304380000E-01 2.342759422E+02
5.306520000E-03 1.827680000E+01 8.352770000E-01 2.336371106E+02
5.322840000E-03 1.826940000E+01 8.407350000E-01 2.329207716E+02
5.337070000E-03 1.826300000E+01 8.454960000E-01 2.322997450E+02
5.349710000E-03 1.825730000E+01 8.497220000E-01 2.317508800E+02
5.362500000E-03 1.825150000E+01 8.540000000E-01 2.311981352E+02
5.388120000E-03 1.823990000E+01 8.625680000E-01 2.300988100E+02
5.409240000E-03 1.822790000E+01 8.696310000E-01 2.292004052E+02
5.425850000E-03 1.821560000E+01 8.750970000E-01 2.284987606E+02
5.440810000E-03 1.820200000E+01 8.798750000E-01 2.278704825E+02
5.454930000E-03 1.818790000E+01 8.844240000E-01 2.272806434E+02
5.472350000E-03 1.816840000E+01 8.901950000E-01 2.265571464E+02
5.488700000E-03 1.814740000E+01 8.960870000E-01 2.258822672E+02
5.502790000E-03 1.812640000E+01 9.020600000E-01 2.253038913E+02
5.516600000E-03 1.810230000E+01 9.095630000E-01 2.247398760E+02
5.534340000E-03 1.806210000E+01 9.236590000E-01 2.240194856E+02
5.551790000E-03 1.801790000E+01 9.456730000E-01 2.233153632E+02
5.571790000E-03 1.796520000E+01 9.853680000E-01 2.225137703E+02
5.584900000E-03 1.793340000E+01 1.021140000E+00 2.219914412E+02
5.596170000E-03 1.791010000E+01 1.057690000E+00 2.215443777E+02
5.608030000E-03 1.789180000E+01 1.100680000E+00 2.210758502E+02
5.628850000E-03 1.787910000E+01 1.180860000E+00 2.202581344E+02
5.648700000E-03 1.788530000E+01 1.253170000E+00 2.194841291E+02
5.675710000E-03 1.791830000E+01 1.329450000E+00 2.184396313E+02
5.700110000E-03 1.795420000E+01 1.373480000E+00 2.175045745E+02
5.721690000E-03 1.798160000E+01 1.397820000E+00 2.166842314E+02
5.751520000E-03 1.800110000E+01 1.419720000E+00 2.155604084E+02
5.784240000E-03 1.799860000E+01 1.438260000E+00 2.143410370E+02
5.853390000E-03 1.793180000E+01 1.482140000E+00 2.118088834E+02
5.925570000E-03 1.775020000E+01 1.657280000E+00 2.092288168E+02
6.105020000E-03 1.818480000E+01 2.346750000E+00 2.030787778E+02
6.350000000E-03 1.858760000E+01 2.404310000E+00 1.952440945E+02
7.128230000E-03 1.912820000E+01 2.595790000E+00 1.739281701E+02
8.511380000E-03 1.971820000E+01 2.946520000E+00 1.456638054E+02
1.035140000E-02 2.044330000E+01 3.273650000E+00 1.197712387E+02
1.180000000E-02 2.100650000E+01 3.355680000E+00 1.050677966E+02
1.280460000E-02 2.134010000E+01 3.323220000E+00 9.682457867E+01
1.371050000E-02 2.160540000E+01 3.250130000E+00 9.042704497E+01
1.449140000E-02 2.180430000E+01 3.158730000E+00 8.555419076E+01
1.560690000E-02 2.201320000E+01 2.998120000E+00 7.943922240E+01
1.649780000E-02 2.212050000E+01 2.855810000E+00 7.514941386E+01
1.734290000E-02 2.218790000E+01 2.717040000E+00 7.148746749E+01
1.788550000E-02 2.220170000E+01 2.627550000E+00 6.931872187E+01
1.836380000E-02 2.220200000E+01 2.549810000E+00 6.751325978E+01
1.897820000E-02 2.218950000E+01 2.452870000E+00 6.532758639E+01
1.950000000E-02 2.214840000E+01 2.371970000E+00 6.357948718E+01
1.992390000E-02 2.210820000E+01 2.308700000E+00 6.222677287E+01
2.028810000E-02 2.206710000E+01 2.255610000E+00 6.110971456E+01
2.052890000E-02 2.202900000E+01 2.220840000E+00 6.039290951E+01
2.070720000E-02 2.199920000E+01 2.195620000E+00 5.987289445E+01
2.089300000E-02 2.196780000E+01 2.169500000E+00 5.934044895E+01
2.104150000E-02 2.194250000E+01 2.148800000E+00 5.892165482E+01
2.115890000E-02 2.192180000E+01 2.132900000E+00 5.859472846E+01
2.124220000E-02 2.190190000E+01 2.121680000E+00 5.836495278E+01
2.134670000E-02 2.187640000E+01 2.107880000E+00 5.807923473E+01
2.139900000E-02 2.186370000E+01 2.100980000E+00 5.793728679E+01
2.145130000E-02 2.185100000E+01 2.094080000E+00 5.779603101E+01
2.150360000E-02 2.183830000E+01 2.087180000E+00 5.765546234E+01
2.156500000E-02 2.182330000E+01 2.079070000E+00 5.749130536E+01
2.166040000E-02 2.179970000E+01 2.066870000E+00 5.723809348E+01
2.171270000E-02 2.178680000E+01 2.060190000E+00 5.710022245E+01
2.173170000E-02 2.178210000E+01 2.057760000E+00 5.705029979E+01
2.176500000E-02 2.177390000E+01 2.053500000E+00 5.696301401E+01
2.181730000E-02 2.176100000E+01 2.046830000E+00 5.682646340E+01
2.183870000E-02 2.175570000E+01 2.044100000E+00 5.677077848E+01
2.189220000E-02 2.174090000E+01 2.037290000E+00 5.663204246E+01
2.194570000E-02 2.172350000E+01 2.030540000E+00 5.649398288E+01
2.199920000E-02 2.170610000E+01 2.023780000E+00 5.635659479E+01
2.203890000E-02 2.169320000E+01 2.018750000E+00 5.625507625E+01
2.207870000E-02 2.168020000E+01 2.013730000E+00 5.615366847E+01
2.211920000E-02 2.166690000E+01 2.008610000E+00 5.605085175E+01
2.213940000E-02 2.166000000E+01 2.006080000E+00 5.599971092E+01
2.215960000E-02 2.165300000E+01 2.003570000E+00 5.594866333E+01
2.218640000E-02 2.164380000E+01 2.000250000E+00 5.588108030E+01
2.220640000E-02 2.163690000E+01 1.997760000E+00 5.583075150E+01
2.221980000E-02 2.163230000E+01 1.996100000E+00 5.579708188E+01
2.224900000E-02 2.162220000E+01 1.992470000E+00 5.572385276E+01
2.225340000E-02 2.162070000E+01 1.991920000E+00 5.571283489E+01
2.225670000E-02 2.161960000E+01 1.991510000E+00 5.570457435E+01
2.225730000E-02 2.161940000E+01 1.991440000E+00 5.570307270E+01
2.225970000E-02 2.161860000E+01 1.991150000E+00 5.569706690E+01
2.226310000E-02 2.161740000E+01 1.990720000E+00 5.568856089E+01
2.226490000E-02 2.161680000E+01 1.990500000E+00 5.568405877E+01
2.226830000E-02 2.161560000E+01 1.990080000E+00 5.567555673E+01
2.232010000E-02 2.159780000E+01 1.983660000E+00 5.554634612E+01
2.233350000E-02 2.159320000E+01 1.982000000E+00 5.551301856E+01
2.237360000E-02 2.157940000E+01 1.977040000E+00 5.541352308E+01
2.240030000E-02 2.157020000E+01 1.973730000E+00 5.534747302E+01
2.242710000E-02 2.155920000E+01 1.970420000E+00 5.528133374E+01
2.245730000E-02 2.154630000E+01 1.966670000E+00 5.520699283E+01
2.248760000E-02 2.153340000E+01 1.962930000E+00 5.513260641E+01
2.253400000E-02 2.151360000E+01 1.957180000E+00 5.501908228E+01
2.258750000E-02 2.149080000E+01 1.950560000E+00 5.488876591E+01
2.264100000E-02 2.146800000E+01 1.943940000E+00 5.475906541E+01
2.269450000E-02 2.144500000E+01 1.937410000E+00 5.462997643E+01
2.276430000E-02 2.141490000E+01 1.929040000E+00 5.446246974E+01
2.280150000E-02 2.139880000E+01 1.924590000E+00 5.437361577E+01
2.283830000E-02 2.138010000E+01 1.920180000E+00 5.428600202E+01
2.287500000E-02 2.136100000E+01 1.915770000E+00 5.419890710E+01
2.293450000E-02 2.133000000E+01 1.908650000E+00 5.405829645E+01
2.298570000E-02 2.130300000E+01 1.902790000E+00 5.393788312E+01
2.307320000E-02 2.125700000E+01 1.892800000E+00 5.373333564E+01
2.318680000E-02 2.118990000E+01 1.879820000E+00 5.347007780E+01
2.324360000E-02 2.115480000E+01 1.873360000E+00 5.333941386E+01
2.330030000E-02 2.111960000E+01 1.867010000E+00 5.320961533E+01
2.336440000E-02 2.107710000E+01 1.859850000E+00 5.306363527E+01
2.341390000E-02 2.104200000E+01 1.854310000E+00 5.295145192E+01
2.352750000E-02 2.095910000E+01 1.841670000E+00 5.269578153E+01
2.364110000E-02 2.086740000E+01 1.829210000E+00 5.244256824E+01
2.372420000E-02 2.079450000E+01 1.820100000E+00 5.225887490E+01
2.385600000E-02 2.066620000E+01 1.805720000E+00 5.197015426E+01
2.395200000E-02 2.056100000E+01 1.795590000E+00 5.176185705E+01
2.405080000E-02 2.044000000E+01 1.785310000E+00 5.154922082E+01
2.419600000E-02 2.023050000E+01 1.770340000E+00 5.123987436E+01
2.426310000E-02 2.011650000E+01 1.763800000E+00 5.109816965E+01
2.433930000E-02 1.996840000E+01 1.757700000E+00 5.093819461E+01
2.456010000E-02 1.935570000E+01 1.796540000E+00 5.048025049E+01
2.468130000E-02 1.885780000E+01 1.962480000E+00 5.023236215E+01
2.495670000E-02 1.783350000E+01 3.365630000E+00 4.967804237E+01
2.512990000E-02 1.804910000E+01 4.651390000E+00 4.933565195E+01
2.540230000E-02 1.932750000E+01 5.654690000E+00 4.880660413E+01
2.612660000E-02 2.110200000E+01 5.568640000E+00 4.745355308E+01
2.711870000E-02 2.205100000E+01 5.243540000E+00 4.571753071E+01
2.768740000E-02 2.238250000E+01 5.062850000E+00 4.477849130E+01
2.802320000E-02 2.252280000E+01 4.960090000E+00 4.424191384E+01
2.826210000E-02 2.262170000E+01 4.887330000E+00 4.386793621E+01
2.833380000E-02 2.265100000E+01 4.865550000E+00 4.375692636E+01
2.835890000E-02 2.266100000E+01 4.857890000E+00 4.371819781E+01
2.853700000E-02 2.272170000E+01 4.804930000E+00 4.344535165E+01
2.867440000E-02 2.275990000E+01 4.764840000E+00 4.323717323E+01
2.881190000E-02 2.279770000E+01 4.724920000E+00 4.303083101E+01
2.894930000E-02 2.283370000E+01 4.685070000E+00 4.282659684E+01
2.908670000E-02 2.286960000E+01 4.645250000E+00 4.262429220E+01
2.922420000E-02 2.289870000E+01 4.606800000E+00 4.242374470E+01
2.929290000E-02 2.290980000E+01 4.587950000E+00 4.232424922E+01
2.936840000E-02 2.292210000E+01 4.567240000E+00 4.221544245E+01
2.945060000E-02 2.293540000E+01 4.544690000E+00 4.209761431E+01
2.951000000E-02 2.294490000E+01 4.528500000E+00 4.201287699E+01
2.957370000E-02 2.295520000E+01 4.511130000E+00 4.192238374E+01
2.959500000E-02 2.295840000E+01 4.505340000E+00 4.189221152E+01
2.963140000E-02 2.296380000E+01 4.495410000E+00 4.184075002E+01
2.974060000E-02 2.298000000E+01 4.465620000E+00 4.168712131E+01
2.981350000E-02 2.299030000E+01 4.445760000E+00 4.158518792E+01
2.988630000E-02 2.300030000E+01 4.426010000E+00 4.148389061E+01
2.995920000E-02 2.300990000E+01 4.406340000E+00 4.138294748E+01
2.999050000E-02 2.301390000E+01 4.397890000E+00 4.133975759E+01
3.003740000E-02 2.301970000E+01 4.385200000E+00 4.127521024E+01
3.008440000E-02 2.302560000E+01 4.372520000E+00 4.121072715E+01
3.013110000E-02 2.302990000E+01 4.360110000E+00 4.114685491E+01
3.015440000E-02 2.303100000E+01 4.354060000E+00 4.111506115E+01
3.018580000E-02 2.303250000E+01 4.345920000E+00 4.107229227E+01
3.023230000E-02 2.303460000E+01 4.333940000E+00 4.100911939E+01
3.024150000E-02 2.303500000E+01 4.331600000E+00 4.099664369E+01
3.025970000E-02 2.303590000E+01 4.326910000E+00 4.097198584E+01
3.029150000E-02 2.303730000E+01 4.318710000E+00 4.092897347E+01
3.029950000E-02 2.303770000E+01 4.316660000E+00 4.091816697E+01
3.030550000E-02 2.303800000E+01 4.315130000E+00 4.091006583E+01
3.031890000E-02 2.303860000E+01 4.311670000E+00 4.089198487E+01
3.032800000E-02 2.303900000E+01 4.309340000E+00 4.087971511E+01
3.039620000E-02 2.304150000E+01 4.291770000E+00 4.078799324E+01
3.041450000E-02 2.304200000E+01 4.287090000E+00 4.076345164E+01
3.046910000E-02 2.304340000E+01 4.273030000E+00 4.069040438E+01
3.050550000E-02 2.304440000E+01 4.263660000E+00 4.064185147E+01
3.054280000E-02 2.304540000E+01 4.254080000E+00 4.059221813E+01
3.060940000E-02 2.304680000E+01 4.237080000E+00 4.050389750E+01
3.064310000E-02 2.304700000E+01 4.228480000E+00 4.045935300E+01
3.067680000E-02 2.304720000E+01 4.219880000E+00 4.041490638E+01
3.075090000E-02 2.304770000E+01 4.200980000E+00 4.031751916E+01
3.076050000E-02 2.304780000E+01 4.198530000E+00 4.030493653E+01
3.083330000E-02 2.304470000E+01 4.180390000E+00 4.020977320E+01
3.090620000E-02 2.304040000E+01 4.162340000E+00 4.011492840E+01
3.099220000E-02 2.303520000E+01 4.141010000E+00 4.000361381E+01
3.105180000E-02 2.303160000E+01 4.126230000E+00 3.992683194E+01
3.109790000E-02 2.302890000E+01 4.114810000E+00 3.986764380E+01
3.119510000E-02 2.301980000E+01 4.091010000E+00 3.974342124E+01
3.134320000E-02 2.300080000E+01 4.055840000E+00 3.955562929E+01
3.150680000E-02 2.297520000E+01 4.017000000E+00 3.935023550E+01
3.166190000E-02 2.294450000E+01 3.980290000E+00 3.915747318E+01
3.173950000E-02 2.292650000E+01 3.962120000E+00 3.906173695E+01
3.181700000E-02 2.290850000E+01 3.943960000E+00 3.896659019E+01
3.200000000E-02 2.285430000E+01 3.901160000E+00 3.874375000E+01
3.214120000E-02 2.280080000E+01 3.869110000E+00 3.857354424E+01
3.224190000E-02 2.275730000E+01 3.846260000E+00 3.845306883E+01
3.232640000E-02 2.271440000E+01 3.827080000E+00 3.835255395E+01
3.248920000E-02 2.261630000E+01 3.790350000E+00 3.816037329E+01
3.266900000E-02 2.247310000E+01 3.752520000E+00 3.795035049E+01
3.281750000E-02 2.230900000E+01 3.732300000E+00 3.777862421E+01
3.321330000E-02 2.159490000E+01 3.991220000E+00 3.732841964E+01
3.344850000E-02 2.126050000E+01 4.624460000E+00 3.706593719E+01
3.411750000E-02 2.236550000E+01 6.009880000E+00 3.633912215E+01
3.536370000E-02 2.365560000E+01 5.775060000E+00 3.505854874E+01
3.715350000E-02 2.445020000E+01 5.348970000E+00 3.336966908E+01
4.079690000E-02 2.524470000E+01 4.536560000E+00 3.038956391E+01
4.653910000E-02 2.565080000E+01 3.494760000E+00 2.663996510E+01
4.809330000E-02 2.567430000E+01 3.263460000E+00 2.577905862E+01
4.867090000E-02 2.566760000E+01 3.182650000E+00 2.547312665E+01
4.920490000E-02 2.564730000E+01 3.110390000E+00 2.519667757E+01
4.958180000E-02 2.562230000E+01 3.062650000E+00 2.500514302E+01
5.026790000E-02 2.555170000E+01 3.023410000E+00 2.466385109E+01
5.160470000E-02 2.562400000E+01 3.001260000E+00 2.402494346E+01
5.693920000E-02 2.559590000E+01 2.427850000E+00 2.177410290E+01
6.137740000E-02 2.541210000E+01 2.077060000E+00 2.019961745E+01
6.426920000E-02 2.524860000E+01 1.894450000E+00 1.929073335E+01
6.493220000E-02 2.520550000E+01 1.856870000E+00 1.909376242E+01
6.778620000E-02 2.501780000E+01 1.708520000E+00 1.828985841E+01
7.006320000E-02 2.483900000E+01 1.605640000E+00 1.769545211E+01
7.241920000E-02 2.463730000E+01 1.510630000E+00 1.711976934E+01
7.484880000E-02 2.441910000E+01 1.423140000E+00 1.656405981E+01
7.734160000E-02 2.416920000E+01 1.342400000E+00 1.603018298E+01
7.970300000E-02 2.389980000E+01 1.273630000E+00 1.555524886E+01
8.125860000E-02 2.370320000E+01 1.232410000E+00 1.525746198E+01
8.251730000E-02 2.354380000E+01 1.200710000E+00 1.502472815E+01
8.419640000E-02 2.328690000E+01 1.160790000E+00 1.472509513E+01
8.569510000E-02 2.303980000E+01 1.127130000E+00 1.446757166E+01
8.632630000E-02 2.292640000E+01 1.113720000E+00 1.436178777E+01
8.678860000E-02 2.284340000E+01 1.103900000E+00 1.428528632E+01
8.718870000E-02 2.277150000E+01 1.095470000E+00 1.421973260E+01
8.738530000E-02 2.273140000E+01 1.091460000E+00 1.418774096E+01
8.758880000E-02 2.268730000E+01 1.087350000E+00 1.415477778E+01
8.779920000E-02 2.264170000E+01 1.083140000E+00 1.412085759E+01
8.800960000E-02 2.259620000E+01 1.078980000E+00 1.408709959E+01
8.822000000E-02 2.255070000E+01 1.074820000E+00 1.405350261E+01
8.843040000E-02 2.250510000E+01 1.070660000E+00 1.402006550E+01
8.864080000E-02 2.245960000E+01 1.066510000E+00 1.398678712E+01
8.906170000E-02 2.235950000E+01 1.058270000E+00 1.392068645E+01
8.918440000E-02 2.232980000E+01 1.055910000E+00 1.390153435E+01
8.948250000E-02 2.225790000E+01 1.050300000E+00 1.385522309E+01
8.962350000E-02 2.222390000E+01 1.047650000E+00 1.383342539E+01
8.972100000E-02 2.220040000E+01 1.045820000E+00 1.381839257E+01
8.981840000E-02 2.217690000E+01 1.043990000E+00 1.380340777E+01
8.984300000E-02 2.217060000E+01 1.043520000E+00 1.379962824E+01
9.026060000E-02 2.205960000E+01 1.035780000E+00 1.373578283E+01
9.048170000E-02 2.200080000E+01 1.031750000E+00 1.370221824E+01
9.072110000E-02 2.193390000E+01 1.027410000E+00 1.366606005E+01
9.094060000E-02 2.186730000E+01 1.023430000E+00 1.363307478E+01
9.107910000E-02 2.182530000E+01 1.020920000E+00 1.361234356E+01
9.131550000E-02 2.175360000E+01 1.016630000E+00 1.357710356E+01
9.139090000E-02 2.172910000E+01 1.015270000E+00 1.356590208E+01
9.149490000E-02 2.169530000E+01 1.013380000E+00 1.355048205E+01
9.159910000E-02 2.166150000E+01 1.011520000E+00 1.353506748E+01
9.176380000E-02 2.160800000E+01 1.008660000E+00 1.351077440E+01
9.181860000E-02 2.158970000E+01 1.007710000E+00 1.350271078E+01
9.203810000E-02 2.151420000E+01 1.003910000E+00 1.347050841E+01
9.205190000E-02 2.150950000E+01 1.003680000E+00 1.346848897E+01
9.207760000E-02 2.150070000E+01 1.003250000E+00 1.346472975E+01
9.210010000E-02 2.149300000E+01 1.002870000E+00 1.346144032E+01
9.210990000E-02 2.148960000E+01 1.002710000E+00 1.346000810E+01
9.222070000E-02 2.145070000E+01 1.000860000E+00 1.344383636E+01
9.228550000E-02 2.142760000E+01 9.997790000E-01 1.343439652E+01
9.238110000E-02 2.139290000E+01 9.981810000E-01 1.342049402E+01
9.247720000E-02 2.135740000E+01 9.965770000E-01 1.340654778E+01
9.255950000E-02 2.132670000E+01 9.952020000E-01 1.339462724E+01
9.270360000E-02 2.127150000E+01 9.927960000E-01 1.337380641E+01
9.281160000E-02 2.122950000E+01 9.909920000E-01 1.335824401E+01
9.297370000E-02 2.116460000E+01 9.882860000E-01 1.333495386E+01
9.305470000E-02 2.113000000E+01 9.869330000E-01 1.332334638E+01
9.313570000E-02 2.109540000E+01 9.855790000E-01 1.331175908E+01
9.330820000E-02 2.102050000E+01 9.827010000E-01 1.328714947E+01
9.337450000E-02 2.099070000E+01 9.815950000E-01 1.327771501E+01
9.358380000E-02 2.089400000E+01 9.781160000E-01 1.324801942E+01
9.374690000E-02 2.081540000E+01 9.754890000E-01 1.322497064E+01
9.380420000E-02 2.078710000E+01 9.745840000E-01 1.321689221E+01
9.399000000E-02 2.069250000E+01 9.716760000E-01 1.319076497E+01
9.405280000E-02 2.065950000E+01 9.707180000E-01 1.318195737E+01
9.415850000E-02 2.060260000E+01 9.691520000E-01 1.316715963E+01
9.417620000E-02 2.059300000E+01 9.688990000E-01 1.316468492E+01
9.419200000E-02 2.058430000E+01 9.686730000E-01 1.316247664E+01
9.419730000E-02 2.058130000E+01 9.685990000E-01 1.316173606E+01
9.424850000E-02 2.055290000E+01 9.678840000E-01 1.315458601E+01
9.425470000E-02 2.054930000E+01 9.677980000E-01 1.315372072E+01
9.426690000E-02 2.054250000E+01 9.676330000E-01 1.315201836E+01
9.429380000E-02 2.052730000E+01 9.672700000E-01 1.314826638E+01
9.432930000E-02 2.050700000E+01 9.668040000E-01 1.314331814E+01
9.442290000E-02 2.045230000E+01 9.656500000E-01 1.313028937E+01
9.448920000E-02 2.041250000E+01 9.649220000E-01 1.312107627E+01
9.456610000E-02 2.036530000E+01 9.642010000E-01 1.311040637E+01
9.464450000E-02 2.031570000E+01 9.636460000E-01 1.309954620E+01
9.470170000E-02 2.027850000E+01 9.633890000E-01 1.309163405E+01
9.479420000E-02 2.021540000E+01 9.633160000E-01 1.307885926E+01
9.488310000E-02 2.015220000E+01 9.637650000E-01 1.306660512E+01
9.494320000E-02 2.010810000E+01 9.644410000E-01 1.305833382E+01
9.500340000E-02 2.006280000E+01 9.654960000E-01 1.305005926E+01
9.505200000E-02 2.002540000E+01 9.666580000E-01 1.304338678E+01
9.507680000E-02 2.000600000E+01 9.673740000E-01 1.303998452E+01
9.509060000E-02 1.999510000E+01 9.678030000E-01 1.303809209E+01
9.510930000E-02 1.998020000E+01 9.684510000E-01 1.303552860E+01
9.512610000E-02 1.996670000E+01 9.690800000E-01 1.303322642E+01
9.514190000E-02 1.995400000E+01 9.697050000E-01 1.303106202E+01
9.520100000E-02 1.990540000E+01 9.724710000E-01 1.302297245E+01
9.525000000E-02 1.986420000E+01 9.752890000E-01 1.301627297E+01
9.532150000E-02 1.980220000E+01 9.804250000E-01 1.300650955E+01
9.534930000E-02 1.977760000E+01 9.827880000E-01 1.300271738E+01
9.545640000E-02 1.967980000E+01 9.940820000E-01 1.298812861E+01
9.560690000E-02 1.953420000E+01 1.017220000E+00 1.296768329E+01
9.583350000E-02 1.929880000E+01 1.073070000E+00 1.293702098E+01
9.598460000E-02 1.913260000E+01 1.128590000E+00 1.291665538E+01
9.610210000E-02 1.899910000E+01 1.183910000E+00 1.290086273E+01
9.624890000E-02 1.882920000E+01 1.269920000E+00 1.288118617E+01
9.653160000E-02 1.851040000E+01 1.490850000E+00 1.284346266E+01
9.663300000E-02 1.840290000E+01 1.587520000E+00 1.282998562E+01
9.674830000E-02 1.828870000E+01 1.708860000E+00 1.281469545E+01
9.696720000E-02 1.809890000E+01 1.964260000E+00 1.278576673E+01
9.719060000E-02 1.795950000E+01 2.249760000E+00 1.275637767E+01
9.740970000E-02 1.785920000E+01 2.536820000E+00 1.272768523E+01
9.781220000E-02 1.776550000E+01 3.045060000E+00 1.267531044E+01
9.786890000E-02 1.776440000E+01 3.109710000E+00 1.266796705E+01
9.802060000E-02 1.776370000E+01 3.280330000E+00 1.264836167E+01
9.818250000E-02 1.777360000E+01 3.448380000E+00 1.262750490E+01
9.844580000E-02 1.779900000E+01 3.694510000E+00 1.259373178E+01
9.875840000E-02 1.783280000E+01 3.953410000E+00 1.255386884E+01
9.909790000E-02 1.786200000E+01 4.204750000E+00 1.251086047E+01
9.943900000E-02 1.788390000E+01 4.443960000E+00 1.246794517E+01
9.980250000E-02 1.790510000E+01 4.688660000E+00 1.242253451E+01
1.001130000E-01 1.792050000E+01 4.898030000E+00 1.238400607E+01
1.003550000E-01 1.793680000E+01 5.057160000E+00 1.235414279E+01
1.005470000E-01 1.795120000E+01 5.181780000E+00 1.233055188E+01
1.006610000E-01 1.795860000E+01 5.255380000E+00 1.231658736E+01
1.007980000E-01 1.796630000E+01 5.344220000E+00 1.229984722E+01
1.010620000E-01 1.798510000E+01 5.511270000E+00 1.226771685E+01
1.014130000E-01 1.801410000E+01 5.724930000E+00 1.222525712E+01
1.019320000E-01 1.804570000E+01 6.030020000E+00 1.216301063E+01
1.024830000E-01 1.805070000E+01 6.349270000E+00 1.209761619E+01
1.030960000E-01 1.800550000E+01 6.748380000E+00 1.202568480E+01
1.043080000E-01 1.803720000E+01 7.912090000E+00 1.188595314E+01
1.057500000E-01 1.886520000E+01 9.255520000E+00 1.172387707E+01
1.072100000E-01 1.987820000E+01 1.006510000E+01 1.156421976E+01
1.095000000E-01 2.146640000E+01 1.091340000E+01 1.132237443E+01
1.122020000E-01 2.337970000E+01 1.126030000E+01 1.104971391E+01
1.161450000E-01 2.566880000E+01 1.075350000E+01 1.067458780E+01
1.290630000E-01 2.873010000E+01 7.842200000E+00 9.606161332E+00
1.407210000E-01 2.929280000E+01 5.840260000E+00 8.810341029E+00
1.508380000E-01 2.916630000E+01 4.531750000E+00 8.219414206E+00
1.606710000E-01 2.876070000E+01 3.610410000E+00 7.716389392E+00
1.708520000E-01 2.821080000E+01 2.924100000E+00 7.256572940E+00
1.813620000E-01 2.748190000E+01 2.412420000E+00 6.836051654E+00
1.843700000E-01 2.719130000E+01 2.294730000E+00 6.724521343E+00
1.857820000E-01 2.699930000E+01 2.252760000E+00 6.673412925E+00
1.873490000E-01 2.671120000E+01 2.285070000E+00 6.617596037E+00
1.886440000E-01 2.648190000E+01 2.464450000E+00 6.572167681E+00
1.900390000E-01 2.641140000E+01 2.762000000E+00 6.523924037E+00
1.937030000E-01 2.670740000E+01 3.002610000E+00 6.400520384E+00
2.120000000E-01 2.629390000E+01 2.577750000E+00 5.848113208E+00
2.288090000E-01 2.552960000E+01 2.347910000E+00 5.418493154E+00
2.307040000E-01 2.539890000E+01 2.330440000E+00 5.373985713E+00
2.322650000E-01 2.527330000E+01 2.318770000E+00 5.337868383E+00
2.340870000E-01 2.509770000E+01 2.324700000E+00 5.296321453E+00
2.352620000E-01 2.497060000E+01 2.361980000E+00 5.269869337E+00
2.389950000E-01 2.475850000E+01 2.661310000E+00 5.187556225E+00
2.408820000E-01 2.477840000E+01 2.739670000E+00 5.146918408E+00
2.754230000E-01 2.341870000E+01 2.568460000E+00 4.501439604E+00
2.884360000E-01 2.261690000E+01 2.548490000E+00 4.298353881E+00
2.920630000E-01 2.232280000E+01 2.576160000E+00 4.244974543E+00
2.941920000E-01 2.215760000E+01 2.636640000E+00 4.214254636E+00
3.024680000E-01 2.175980000E+01 2.774910000E+00 4.098946004E+00
3.377660000E-01 1.873230000E+01 2.838330000E+00 3.670588514E+00
3.401020000E-01 1.845140000E+01 2.844590000E+00 3.645376975E+00
3.422870000E-01 1.816680000E+01 2.855410000E+00 3.622106595E+00
3.448780000E-01 1.778720000E+01 2.897680000E+00 3.594894426E+00
3.465450000E-01 1.751990000E+01 2.961910000E+00 3.577601754E+00
3.500910000E-01 1.701520000E+01 3.177970000E+00 3.541364959E+00
3.521280000E-01 1.676970000E+01 3.285950000E+00 3.520878771E+00
3.551740000E-01 1.637340000E+01 3.402420000E+00 3.490683440E+00
3.570800000E-01 1.609260000E+01 3.487920000E+00 3.472051081E+00
3.610000000E-01 1.555300000E+01 3.703500000E+00 3.434349030E+00
3.646760000E-01 1.504360000E+01 3.853860000E+00 3.399730171E+00
3.731000000E-01 1.352730000E+01 4.239890000E+00 3.322969713E+00
3.795950000E-01 1.210310000E+01 4.833960000E+00 3.266112567E+00
3.856120000E-01 1.072060000E+01 5.713020000E+00 3.215148906E+00
3.935500000E-01 9.033200000E+00 7.358140000E+00 3.150298564E+00
4.027170000E-01 7.514600000E+00 9.766300000E+00 3.078588686E+00
4.097320000E-01 6.722400000E+00 1.182470000E+01 3.025880332E+00
4.182500000E-01 6.144100000E+00 1.446550000E+01 2.964255828E+00
4.290000000E-01 6.065300000E+00 1.780230000E+01 2.889976690E+00
4.392850000E-01 6.624200000E+00 2.079660000E+01 2.822313532E+00
4.535760000E-01 8.044200000E+00 2.445400000E+01 2.733389774E+00
4.731510000E-01 1.075390000E+01 2.853200000E+01 2.620305146E+00
5.030110000E-01 1.544830000E+01 3.261260000E+01 2.464757232E+00
5.456010000E-01 2.168370000E+01 3.567080000E+01 2.272356539E+00
5.991530000E-01 2.795620000E+01 3.689280000E+01 2.069254431E+00
6.456540000E-01 3.156050000E+01 3.668540000E+01 1.920223525E+00
6.565520000E-01 3.195320000E+01 3.653540000E+01 1.888350047E+00
6.613940000E-01 3.197370000E+01 3.647270000E+01 1.874525623E+00
6.677640000E-01 3.169590000E+01 3.655470000E+01 1.856643964E+00
6.708410000E-01 3.146490000E+01 3.683160000E+01 1.848127947E+00
6.737740000E-01 3.130330000E+01 3.731050000E+01 1.840082876E+00
6.815250000E-01 3.198530000E+01 3.889360000E+01 1.819155570E+00
6.876870000E-01 3.317940000E+01 3.939830000E+01 1.802855078E+00
6.967510000E-01 3.438330000E+01 3.936270000E+01 1.779401824E+00
7.032090000E-01 3.483880000E+01 3.930360000E+01 1.763060484E+00
7.086780000E-01 3.501090000E+01 3.945650000E+01 1.749454618E+00
7.132870000E-01 3.522680000E+01 3.986240000E+01 1.738150282E+00
7.217930000E-01 3.633100000E+01 4.067740000E+01 1.717666977E+00
7.316280000E-01 3.786020000E+01 4.079960000E+01 1.694577025E+00
7.966180000E-01 4.381750000E+01 3.954630000E+01 1.556329382E+00
9.017300000E-01 4.965510000E+01 3.682180000E+01 1.374912668E+00
9.409880000E-01 5.047120000E+01 3.579580000E+01 1.317551340E+00
9.600000000E-01 5.060270000E+01 3.671080000E+01 1.291458333E+00
1.005770000E+00 5.397960000E+01 3.621730000E+01 1.232687394E+00
1.122500000E+00 5.822520000E+01 3.311320000E+01 1.104498886E+00
1.288250000E+00 6.186370000E+01 2.965400000E+01 9.623908403E-01
1.367420000E+00 6.339530000E+01 2.853010000E+01 9.066709570E-01
1.587750000E+00 6.615420000E+01 2.456020000E+01 7.808534089E-01
1.893340000E+00 6.782190000E+01 2.028620000E+01 6.548216380E-01
2.276900000E+00 6.800500000E+01 1.640090000E+01 5.445122755E-01
2.660520000E+00 6.659820000E+01 1.358960000E+01 4.659991280E-01
2.952750000E+00 6.395340000E+01 1.193510000E+01 4.198797731E-01
3.123830000E+00 6.084600000E+01 1.111010000E+01 3.968845936E-01
3.226490000E+00 5.729970000E+01 1.065960000E+01 3.842565760E-01
3.253840000E+00 5.566200000E+01 1.056010000E+01 3.810267253E-01
3.271050000E+00 5.424300000E+01 1.058300000E+01 3.790220266E-01
3.279480000E+00 5.338640000E+01 1.068540000E+01 3.780477393E-01
3.286860000E+00 5.253760000E+01 1.087540000E+01 3.771989072E-01
3.296080000E+00 5.136510000E+01 1.131580000E+01 3.761437829E-01
3.324890000E+00 4.784880000E+01 1.487940000E+01 3.728845165E-01
3.335220000E+00 4.737330000E+01 1.688860000E+01 3.717296010E-01
3.340910000E+00 4.730260000E+01 1.803350000E+01 3.710964977E-01
3.353430000E+00 4.767860000E+01 2.043060000E+01 3.697110123E-01
3.390180000E+00 5.138070000E+01 2.406230000E+01 3.657032960E-01
3.414860000E+00 5.305740000E+01 2.430090000E+01 3.630602719E-01
3.439400000E+00 5.350340000E+01 2.422150000E+01 3.604698494E-01
3.456410000E+00 5.323510000E+01 2.446940000E+01 3.586958723E-01
3.491710000E+00 5.234660000E+01 2.704830000E+01 3.550695791E-01
3.507580000E+00 5.276330000E+01 2.893520000E+01 3.534630714E-01
3.529080000E+00 5.457340000E+01 3.109000000E+01 3.513096898E-01
3.559970000E+00 5.782250000E+01 3.226070000E+01 3.482613618E-01
3.592660000E+00 6.040080000E+01 3.208960000E+01 3.450924941E-01
3.666840000E+00 6.382270000E+01 3.113590000E+01 3.381112893E-01
3.772090000E+00 6.670600000E+01 2.982890000E+01 3.286772055E-01
3.904840000E+00 6.855800000E+01 2.828630000E+01 3.175034060E-01
3.977910000E+00 6.841270000E+01 2.765740000E+01 3.116712042E-01
4.033310000E+00 6.790430000E+01 2.893060000E+01 3.073902080E-01
4.076490000E+00 6.923620000E+01 3.028990000E+01 3.041341939E-01
4.149490000E+00 7.181350000E+01 3.005430000E+01 2.987837059E-01
4.291190000E+00 7.436830000E+01 2.861850000E+01 2.889175264E-01
4.494700000E+00 7.654540000E+01 2.669600000E+01 2.758359846E-01
4.702020000E+00 7.769420000E+01 2.493800000E+01 2.636739104E-01
4.808270000E+00 7.757360000E+01 2.452650000E+01 2.578474171E-01
4.871490000E+00 7.801760000E+01 2.486860000E+01 2.545011896E-01
4.980590000E+00 7.915140000E+01 2.432640000E+01 2.489263320E-01
5.104370000E+00 7.958920000E+01 2.358040000E+01 2.428899159E-01
5.186420000E+00 7.994180000E+01 2.366530000E+01 2.390473583E-01
5.322660000E+00 8.114882000E+01 2.306660000E+01 2.329286485E-01
5.585850000E+00 8.246240000E+01 2.153080000E+01 2.219536865E-01
5.960110000E+00 8.365484000E+01 1.961110000E+01 2.080162950E-01
6.397580000E+00 8.455017000E+01 1.768960000E+01 1.937920276E-01
6.977050000E+00 8.527537000E+01 1.556590000E+01 1.776968776E-01
7.654850000E+00 8.571770000E+01 1.354220000E+01 1.619626773E-01
8.675890000E+00 8.592784000E+01 1.121680000E+01 1.429017657E-01
9.840520000E+00 8.582340000E+01 9.242420000E+00 1.259892770E-01
1.139020000E+01 8.538501000E+01 7.367710000E+00 1.088479570E-01
1.303170000E+01 8.462023000E+01 5.965510000E+00 9.513724226E-02
1.432710000E+01 8.367352000E+01 5.133910000E+00 8.653530721E-02
1.515800000E+01 8.266946000E+01 4.693960000E+00 8.179179311E-02
1.566680000E+01 8.159797000E+01 4.452690000E+00 7.913549672E-02
1.593200000E+01 8.054368000E+01 4.348700000E+00 7.781822747E-02
1.605270000E+01 7.968130000E+01 4.437990000E+00 7.723311343E-02
1.612590000E+01 7.898100000E+01 4.730630000E+00 7.688253059E-02
1.619160000E+01 7.833980000E+01 5.282820000E+00 7.657056745E-02
1.628020000E+01 7.777830000E+01 6.486400000E+00 7.615385560E-02
1.638540000E+01 7.798950000E+01 8.122010000E+00 7.566492121E-02
1.647940000E+01 7.882990000E+01 9.139130000E+00 7.523332160E-02
1.659590000E+01 7.997100000E+01 9.610330000E+00 7.470519827E-02
1.673320000E+01 8.089571000E+01 9.612470000E+00 7.409222384E-02
1.698240000E+01 8.186839000E+01 9.399500000E+00 7.300499340E-02
1.739990000E+01 8.272772000E+01 9.023620000E+00 7.125328306E-02
1.798870000E+01 8.330130000E+01 8.530780000E+00 6.892104488E-02
1.868620000E+01 8.344037000E+01 8.000730000E+00 6.634842825E-02
1.920640000E+01 8.308618000E+01 7.632470000E+00 6.455139953E-02
1.947040000E+01 8.245881000E+01 7.544450000E+00 6.367614430E-02
1.963040000E+01 8.183284000E+01 7.888270000E+00 6.315714402E-02
1.977950000E+01 8.153260000E+01 8.715660000E+00 6.268105867E-02
1.993310000E+01 8.183684000E+01 9.549920000E+00 6.219805249E-02
2.016800000E+01 8.258255000E+01 9.932180000E+00 6.147362158E-02
2.043430000E+01 8.285670000E+01 1.030410000E+01 6.067249673E-02
2.066130000E+01 8.349433000E+01 1.080420000E+01 6.000590476E-02
2.097770000E+01 8.448580000E+01 1.077630000E+01 5.910085472E-02
2.140540000E+01 8.527029000E+01 1.045140000E+01 5.791996412E-02
2.206730000E+01 8.605750000E+01 9.979630000E+00 5.618267754E-02
2.294170000E+01 8.676691000E+01 9.406270000E+00 5.404133085E-02
2.388210000E+01 8.731346000E+01 8.835230000E+00 5.191335770E-02
2.511040000E+01 8.781184000E+01 8.170060000E+00 4.937396457E-02
2.647070000E+01 8.819435000E+01 7.521130000E+00 4.683669113E-02
2.811690000E+01 8.850771000E+01 6.839220000E+00 4.409447699E-02
2.987400000E+01 8.873258000E+01 6.210820000E+00 4.150097074E-02
3.192000000E+01 8.889481000E+01 5.583630000E+00 3.884085213E-02
3.420290000E+01 8.899367000E+01 4.989350000E+00 3.624838829E-02
3.762760000E+01 8.904426500E+01 4.272690000E+00 3.294921813E-02
4.218470000E+01 8.902754400E+01 3.538580000E+00 2.938980246E-02
4.841720000E+01 8.893153000E+01 2.816060000E+00 2.560660261E-02
5.543070000E+01 8.878040000E+01 2.244030000E+00 2.236666685E-02
6.347980000E+01 8.860048000E+01 1.785280000E+00 1.953062234E-02
7.219640000E+01 8.840027000E+01 1.434830000E+00 1.717260140E-02
8.239400000E+01 8.814445000E+01 1.144530000E+00 1.504721218E-02
9.369150000E+01 8.778055000E+01 9.187230000E-01 1.323279059E-02
1.004200000E+02 8.743843000E+01 8.155940000E-01 1.234614619E-02
1.043100000E+02 8.709557000E+01 7.642120000E-01 1.188572524E-02
1.067240000E+02 8.671687000E+01 7.350390000E-01 1.161688093E-02
1.078820000E+02 8.637563000E+01 7.385490000E-01 1.149218591E-02
1.083630000E+02 8.615756000E+01 7.814820000E-01 1.144117457E-02
1.087420000E+02 8.594977000E+01 8.694990000E-01 1.140129849E-02
1.090700000E+02 8.576003000E+01 1.006130000E+00 1.136701201E-02
1.094220000E+02 8.557594000E+01 1.227620000E+00 1.133044543E-02
1.099070000E+02 8.543029000E+01 1.644980000E+00 1.128044620E-02
1.105400000E+02 8.550571000E+01 2.238600000E+00 1.121584947E-02
1.110620000E+02 8.576868000E+01 2.611820000E+00 1.116313411E-02
1.116270000E+02 8.611790000E+01 2.828620000E+00 1.110663191E-02
1.124630000E+02 8.654477000E+01 2.910450000E+00 1.102407014E-02
1.138050000E+02 8.695631000E+01 2.873740000E+00 1.089407320E-02
1.161450000E+02 8.736978000E+01 2.789140000E+00 1.067458780E-02
1.193450000E+02 8.770853000E+01 2.671180000E+00 1.038836985E-02
1.242620000E+02 8.804133000E+01 2.513910000E+00 9.977306015E-03
1.305980000E+02 8.831193000E+01 2.325020000E+00 9.493254108E-03
1.387780000E+02 8.852824000E+01 2.111720000E+00 8.933692660E-03
1.504240000E+02 8.871061000E+01 1.861190000E+00 8.242035845E-03
1.661050000E+02 8.884545000E+01 1.592310000E+00 7.463953523E-03
1.892050000E+02 8.893326000E+01 1.295260000E+00 6.552680955E-03
2.163820000E+02 8.896572000E+01 1.047530000E+00 5.729681767E-03
2.483130000E+02 8.896591000E+01 8.434120000E-01 4.992892035E-03
2.846510000E+02 8.894849000E+01 6.829990000E-01 4.355509027E-03
3.261500000E+02 8.892400000E+01 5.559280000E-01 3.801318412E-03
3.758370000E+02 8.889659000E+01 4.514050000E-01 3.298770478E-03
4.325310000E+02 8.887001000E+01 3.701050000E-01 2.866384144E-03
4.987590000E+02 8.884621000E+01 3.052370000E-01 2.485769680E-03
5.770990000E+02 8.882537000E+01 2.527850000E-01 2.148331569E-03
6.745170000E+02 8.880716000E+01 2.090430000E-01 1.838055972E-03
7.943280000E+02 8.879267000E+01 1.733780000E-01 1.560816187E-03
9.468800000E+02 8.878190000E+01 1.436660000E-01 1.309352822E-03
1.173410000E+03 8.877487000E+01 1.136480000E-01 1.056578689E-03
1.347260000E+03 8.877084000E+01 9.708670000E-02 9.202381129E-04
1.546860000E+03 8.876736000E+01 8.293870000E-02 8.014946408E-04
1.790970000E+03 8.876412000E+01 7.020580000E-02 6.922505681E-04
2.135260000E+03 8.876099000E+01 5.743160000E-02 5.806318668E-04
2.451610000E+03 8.875900000E+01 4.906230000E-02 5.057084936E-04
2.884370000E+03 8.875709000E+01 4.078880000E-02 4.298338979E-04
3.384160000E+03 8.875556000E+01 3.397360000E-02 3.663538367E-04
3.885540000E+03 8.875448000E+01 2.902280000E-02 3.190804882E-04
4.645310000E+03 8.875333000E+01 2.368290000E-02 2.668928446E-04
5.363530000E+03 8.875253000E+01 2.009710000E-02 2.311537364E-04
6.182910000E+03 8.875183000E+01 1.709350000E-02 2.005204669E-04
7.070510000E+03 8.875133000E+01 1.466650000E-02 1.753480301E-04
8.229450000E+03 8.875090000E+01 1.234260000E-02 1.506540534E-04
9.760020000E+03 8.875055000E+01 1.015600000E-02 1.270284282E-04
1.000000000E+04 8.875051000E+01 9.896170000E-03 1.239800000E-04
