# Data retrieved from https://www-nds.iaea.org/epdl97/za1to100.htm 03/01/2021
# Element, Ti  (Z = 22) 
# Atomic weight, g mol-1 = 47.9 
# Nominal density, g cm-3 =  4.54000E+0 
# Relativistic correction estimate f_rel(5CL)*,  e atom-1 =  0 
# Nuclear Thomson correction f_NT*, e atom-1 =  0 
#    E [keV]      f1 [e atom-1]      f2 [e atom-1]    Wavelength [nm] 
1.000000000E-03 6.431700000E+00 0.000000000E+00 1.239800000E+03
1.125000000E-03 6.430200000E+00 0.000000000E+00 1.102044444E+03
1.265630000E-03 6.428400000E+00 0.000000000E+00 9.795911917E+02
1.423830000E-03 6.426500000E+00 0.000000000E+00 8.707500193E+02
1.600180000E-03 6.424300000E+00 0.000000000E+00 7.747878364E+02
1.754480000E-03 6.422300000E+00 0.000000000E+00 7.066481237E+02
1.889500000E-03 6.420700000E+00 0.000000000E+00 6.561524213E+02
2.007640000E-03 6.419100000E+00 0.000000000E+00 6.175409934E+02
2.111010000E-03 6.416300000E+00 0.000000000E+00 5.873018129E+02
2.201460000E-03 6.413800000E+00 0.000000000E+00 5.631717133E+02
2.280610000E-03 6.411700000E+00 0.000000000E+00 5.436264859E+02
2.349860000E-03 6.409800000E+00 0.000000000E+00 5.276058999E+02
2.410450000E-03 6.408200000E+00 0.000000000E+00 5.143437947E+02
2.463470000E-03 6.406700000E+00 0.000000000E+00 5.032738373E+02
2.509870000E-03 6.405500000E+00 0.000000000E+00 4.939698072E+02
2.550460000E-03 6.404400000E+00 0.000000000E+00 4.861083883E+02
2.585980000E-03 6.403400000E+00 0.000000000E+00 4.794313954E+02
2.648140000E-03 6.401700000E+00 0.000000000E+00 4.681776643E+02
2.694760000E-03 6.400500000E+00 0.000000000E+00 4.600780775E+02
2.729730000E-03 6.399500000E+00 0.000000000E+00 4.541841134E+02
2.755950000E-03 6.398800000E+00 0.000000000E+00 4.498630236E+02
2.775620000E-03 6.398300000E+00 0.000000000E+00 4.466749771E+02
2.790370000E-03 6.397900000E+00 0.000000000E+00 4.443138365E+02
2.812490000E-03 6.397300000E+00 0.000000000E+00 4.408193451E+02
2.823560000E-03 6.397000000E+00 0.000000000E+00 4.390910765E+02
2.834620000E-03 6.396700000E+00 0.000000000E+00 4.373778496E+02
2.841600000E-03 6.396500000E+00 0.000000000E+00 4.363034910E+02
2.848570000E-03 6.396300000E+00 0.000000000E+00 4.352359254E+02
2.855550000E-03 6.396100000E+00 0.000000000E+00 4.341720509E+02
2.857390000E-03 6.396100000E+00 0.000000000E+00 4.338924683E+02
2.864420000E-03 6.395900000E+00 0.000000000E+00 4.328275881E+02
2.871460000E-03 6.395700000E+00 0.000000000E+00 4.317664185E+02
2.878490000E-03 6.395500000E+00 0.000000000E+00 4.307119358E+02
2.885520000E-03 6.395300000E+00 0.000000000E+00 4.296625911E+02
2.892550000E-03 6.395100000E+00 0.000000000E+00 4.286183471E+02
2.895510000E-03 6.395100000E+00 0.000000000E+00 4.281801824E+02
2.899950000E-03 6.394900000E+00 0.000000000E+00 4.275246125E+02
2.904390000E-03 6.394800000E+00 0.000000000E+00 4.268710469E+02
2.909020000E-03 6.394700000E+00 0.000000000E+00 4.261916384E+02
2.911340000E-03 6.394600000E+00 0.000000000E+00 4.258520132E+02
2.913650000E-03 6.394600000E+00 0.000000000E+00 4.255143892E+02
2.917170000E-03 6.394500000E+00 0.000000000E+00 4.250009427E+02
2.918930000E-03 6.394400000E+00 0.000000000E+00 4.247446838E+02
2.922450000E-03 6.394300000E+00 0.000000000E+00 4.242330921E+02
2.925080000E-03 6.394300000E+00 0.000000000E+00 4.238516553E+02
2.926400000E-03 6.394200000E+00 0.000000000E+00 4.236604702E+02
2.927060000E-03 6.394200000E+00 0.000000000E+00 4.235649423E+02
2.927560000E-03 6.394200000E+00 0.000000000E+00 4.234926013E+02
2.927830000E-03 6.394200000E+00 0.000000000E+00 4.234535475E+02
2.928050000E-03 6.394200000E+00 0.000000000E+00 4.234217312E+02
2.934750000E-03 6.394000000E+00 0.000000000E+00 4.224550643E+02
2.936510000E-03 6.393900000E+00 0.000000000E+00 4.222018655E+02
2.941790000E-03 6.393800000E+00 0.000000000E+00 4.214440868E+02
2.944650000E-03 6.393700000E+00 0.000000000E+00 4.210347580E+02
2.948940000E-03 6.393600000E+00 0.000000000E+00 4.204222534E+02
2.953230000E-03 6.393500000E+00 0.000000000E+00 4.198115284E+02
2.958060000E-03 6.393400000E+00 0.000000000E+00 4.191260488E+02
2.962890000E-03 6.393200000E+00 0.000000000E+00 4.184428042E+02
2.969920000E-03 6.393000000E+00 0.000000000E+00 4.174523219E+02
2.976950000E-03 6.392900000E+00 0.000000000E+00 4.164665177E+02
2.983980000E-03 6.392700000E+00 0.000000000E+00 4.154853585E+02
2.991020000E-03 6.392500000E+00 0.000000000E+00 4.145074256E+02
2.994530000E-03 6.392400000E+00 0.000000000E+00 4.140215660E+02
2.998050000E-03 6.392300000E+00 0.000000000E+00 4.135354647E+02
3.002200000E-03 6.392200000E+00 0.000000000E+00 4.129638265E+02
3.010470000E-03 6.391900000E+00 0.000000000E+00 4.118293821E+02
3.018680000E-03 6.391700000E+00 0.000000000E+00 4.107093167E+02
3.026820000E-03 6.391500000E+00 0.000000000E+00 4.096047998E+02
3.042970000E-03 6.391100000E+00 0.000000000E+00 4.074308981E+02
3.058870000E-03 6.390600000E+00 0.000000000E+00 4.053130731E+02
3.074530000E-03 6.390200000E+00 0.000000000E+00 4.032486266E+02
3.089930000E-03 6.389800000E+00 0.000000000E+00 4.012388630E+02
3.105100000E-03 6.389400000E+00 0.000000000E+00 3.992786062E+02
3.134960000E-03 6.388600000E+00 0.000000000E+00 3.954755404E+02
3.163890000E-03 6.387800000E+00 0.000000000E+00 3.918593883E+02
3.191920000E-03 6.387000000E+00 0.000000000E+00 3.884182561E+02
3.219060000E-03 6.386300000E+00 0.000000000E+00 3.851434891E+02
3.245360000E-03 6.385600000E+00 0.000000000E+00 3.820223334E+02
3.270840000E-03 6.384900000E+00 0.000000000E+00 3.790463612E+02
3.295530000E-03 6.384200000E+00 0.000000000E+00 3.762065586E+02
3.319440000E-03 6.383600000E+00 0.000000000E+00 3.734967344E+02
3.342600000E-03 6.383000000E+00 0.000000000E+00 3.709088733E+02
3.522120000E-03 6.378100000E+00 0.000000000E+00 3.520039067E+02
3.589440000E-03 6.376300000E+00 0.000000000E+00 3.454020683E+02
3.648340000E-03 6.374700000E+00 0.000000000E+00 3.398257838E+02
3.699880000E-03 6.373300000E+00 0.000000000E+00 3.350919489E+02
3.744980000E-03 6.372100000E+00 0.000000000E+00 3.310565076E+02
3.784440000E-03 6.371000000E+00 0.000000000E+00 3.276046126E+02
3.818970000E-03 6.370100000E+00 0.000000000E+00 3.246425083E+02
3.849180000E-03 6.369300000E+00 0.000000000E+00 3.220945760E+02
3.875620000E-03 6.368500000E+00 0.000000000E+00 3.198972035E+02
3.898750000E-03 6.367900000E+00 0.000000000E+00 3.179993588E+02
3.939230000E-03 6.366800000E+00 0.000000000E+00 3.147315592E+02
3.969590000E-03 6.366000000E+00 0.000000000E+00 3.123244466E+02
3.992360000E-03 6.365400000E+00 0.000000000E+00 3.105431374E+02
4.009440000E-03 6.364600000E+00 0.000000000E+00 3.092202402E+02
4.022250000E-03 6.363800000E+00 0.000000000E+00 3.082354404E+02
4.031850000E-03 6.363100000E+00 0.000000000E+00 3.075015192E+02
4.046260000E-03 6.362200000E+00 0.000000000E+00 3.064064099E+02
4.053470000E-03 6.361800000E+00 0.000000000E+00 3.058613978E+02
4.057070000E-03 6.361500000E+00 0.000000000E+00 3.055899947E+02
4.060670000E-03 6.361300000E+00 0.000000000E+00 3.053190730E+02
4.070670000E-03 6.360700000E+00 0.000000000E+00 3.045690267E+02
4.080660000E-03 6.360000000E+00 0.000000000E+00 3.038234011E+02
4.090660000E-03 6.359400000E+00 0.000000000E+00 3.030806765E+02
4.100650000E-03 6.358700000E+00 0.000000000E+00 3.023423116E+02
4.110650000E-03 6.358100000E+00 0.000000000E+00 3.016068018E+02
4.115640000E-03 6.357800000E+00 0.000000000E+00 3.012411192E+02
4.120640000E-03 6.357500000E+00 0.000000000E+00 3.008755921E+02
4.125640000E-03 6.357100000E+00 0.000000000E+00 3.005109510E+02
4.130640000E-03 6.356800000E+00 0.000000000E+00 3.001471927E+02
4.135630000E-03 6.356500000E+00 0.000000000E+00 2.997850388E+02
4.140630000E-03 6.356200000E+00 0.000000000E+00 2.994230347E+02
4.145630000E-03 6.355900000E+00 0.000000000E+00 2.990619037E+02
4.148130000E-03 6.355700000E+00 0.000000000E+00 2.988816648E+02
4.150630000E-03 6.355600000E+00 0.000000000E+00 2.987016429E+02
4.153120000E-03 6.355400000E+00 0.000000000E+00 2.985225565E+02
4.156870000E-03 6.355200000E+00 0.000000000E+00 2.982532530E+02
4.158750000E-03 6.355000000E+00 0.000000000E+00 2.981184250E+02
4.159680000E-03 6.355000000E+00 0.000000000E+00 2.980517732E+02
4.159920000E-03 6.355000000E+00 0.000000000E+00 2.980345776E+02
4.160090000E-03 6.354900000E+00 0.000000000E+00 2.980223986E+02
4.160160000E-03 6.354900000E+00 0.000000000E+00 2.980173839E+02
4.160270000E-03 6.354900000E+00 0.000000000E+00 2.980095042E+02
4.160450000E-03 6.354900000E+00 0.000000000E+00 2.979966109E+02
4.160530000E-03 6.354900000E+00 0.000000000E+00 2.979908810E+02
4.160780000E-03 6.354900000E+00 0.000000000E+00 2.979729762E+02
4.161080000E-03 6.354900000E+00 0.000000000E+00 2.979514934E+02
4.170610000E-03 6.354300000E+00 0.000000000E+00 2.972706630E+02
4.173110000E-03 6.354100000E+00 0.000000000E+00 2.970925760E+02
4.180610000E-03 6.353600000E+00 0.000000000E+00 2.965595930E+02
4.185610000E-03 6.353300000E+00 0.000000000E+00 2.962053321E+02
4.190600000E-03 6.353000000E+00 0.000000000E+00 2.958526225E+02
4.195600000E-03 6.352700000E+00 0.000000000E+00 2.955000477E+02
4.200600000E-03 6.352400000E+00 0.000000000E+00 2.951483121E+02
4.205600000E-03 6.352000000E+00 0.000000000E+00 2.947974130E+02
4.210590000E-03 6.351700000E+00 0.000000000E+00 2.944480465E+02
4.220590000E-03 6.351100000E+00 0.000000000E+00 2.937503998E+02
4.230580000E-03 6.350400000E+00 0.000000000E+00 2.930567440E+02
4.240580000E-03 6.349800000E+00 0.000000000E+00 2.923656670E+02
4.250570000E-03 6.349200000E+00 0.000000000E+00 2.916785278E+02
4.260570000E-03 6.348500000E+00 0.000000000E+00 2.909939280E+02
4.267220000E-03 6.348100000E+00 0.000000000E+00 2.905404455E+02
4.280320000E-03 6.347300000E+00 0.000000000E+00 2.896512410E+02
4.293000000E-03 6.346500000E+00 0.000000000E+00 2.887957140E+02
4.305290000E-03 6.345700000E+00 0.000000000E+00 2.879713097E+02
4.329110000E-03 6.344200000E+00 0.000000000E+00 2.863868093E+02
4.351430000E-03 6.342700000E+00 0.000000000E+00 2.849178316E+02
4.372360000E-03 6.341400000E+00 0.000000000E+00 2.835539617E+02
4.411600000E-03 6.338900000E+00 0.000000000E+00 2.810318252E+02
4.445940000E-03 6.336700000E+00 0.000000000E+00 2.788611632E+02
4.506030000E-03 6.332900000E+00 0.000000000E+00 2.751424203E+02
4.551100000E-03 6.330000000E+00 0.000000000E+00 2.724176573E+02
4.686300000E-03 6.321300000E+00 0.000000000E+00 2.645583936E+02
4.689880000E-03 6.321100000E+00 0.000000000E+00 2.643564441E+02
4.712970000E-03 6.319600000E+00 0.000000000E+00 2.630612968E+02
4.724990000E-03 6.318900000E+00 0.000000000E+00 2.623920897E+02
4.736530000E-03 6.318100000E+00 0.000000000E+00 2.617528022E+02
4.748080000E-03 6.317400000E+00 0.000000000E+00 2.611160722E+02
4.767050000E-03 6.316200000E+00 0.000000000E+00 2.600769868E+02
4.782710000E-03 6.315200000E+00 0.000000000E+00 2.592254182E+02
4.794260000E-03 6.314400000E+00 0.000000000E+00 2.586009103E+02
4.805800000E-03 6.313700000E+00 0.000000000E+00 2.579799409E+02
4.817340000E-03 6.313000000E+00 0.000000000E+00 2.573619466E+02
4.825960000E-03 6.312400000E+00 0.000000000E+00 2.569022536E+02
4.840430000E-03 6.311500000E+00 0.000000000E+00 2.561342691E+02
4.851490000E-03 6.310800000E+00 0.000000000E+00 2.555503567E+02
4.861600000E-03 6.310100000E+00 0.000000000E+00 2.550189238E+02
4.874580000E-03 6.309300000E+00 0.000000000E+00 2.543398611E+02
4.885360000E-03 6.308600000E+00 0.000000000E+00 2.537786366E+02
4.892860000E-03 6.308100000E+00 0.000000000E+00 2.533896331E+02
4.900370000E-03 6.307700000E+00 0.000000000E+00 2.530013040E+02
4.909700000E-03 6.307100000E+00 0.000000000E+00 2.525205206E+02
4.916590000E-03 6.306600000E+00 0.000000000E+00 2.521666440E+02
4.923470000E-03 6.306200000E+00 0.000000000E+00 2.518142692E+02
4.929120000E-03 6.305800000E+00 0.000000000E+00 2.515256273E+02
4.939010000E-03 6.305200000E+00 0.000000000E+00 2.510219659E+02
4.946430000E-03 6.304700000E+00 0.000000000E+00 2.506454150E+02
4.957560000E-03 6.304000000E+00 0.000000000E+00 2.500827020E+02
4.963130000E-03 6.303700000E+00 0.000000000E+00 2.498020402E+02
4.968690000E-03 6.303300000E+00 0.000000000E+00 2.495225100E+02
4.980710000E-03 6.302500000E+00 0.000000000E+00 2.489203347E+02
4.992740000E-03 6.301800000E+00 0.000000000E+00 2.483205615E+02
5.004760000E-03 6.301000000E+00 0.000000000E+00 2.477241666E+02
5.016780000E-03 6.300200000E+00 0.000000000E+00 2.471306296E+02
5.028810000E-03 6.299500000E+00 0.000000000E+00 2.465394397E+02
5.040830000E-03 6.298700000E+00 0.000000000E+00 2.459515596E+02
5.052850000E-03 6.297900000E+00 0.000000000E+00 2.453664763E+02
5.064870000E-03 6.297200000E+00 0.000000000E+00 2.447841702E+02
5.076900000E-03 6.296400000E+00 0.000000000E+00 2.442041403E+02
5.088920000E-03 6.295600000E+00 0.000000000E+00 2.436273315E+02
5.100940000E-03 6.294900000E+00 0.000000000E+00 2.430532412E+02
5.112960000E-03 6.294100000E+00 0.000000000E+00 2.424818500E+02
5.124990000E-03 6.293300000E+00 0.000000000E+00 2.419126671E+02
5.136800000E-03 6.292600000E+00 0.000000000E+00 2.413564865E+02
5.148880000E-03 6.291800000E+00 0.000000000E+00 2.407902301E+02
5.187850000E-03 6.289300000E+00 0.000000000E+00 2.389814663E+02
5.246320000E-03 6.285600000E+00 0.000000000E+00 2.363180286E+02
5.304780000E-03 6.281800000E+00 0.000000000E+00 2.337137450E+02
5.320810000E-03 6.280800000E+00 0.000000000E+00 2.330096358E+02
5.330890000E-03 6.280200000E+00 0.000000000E+00 2.325690457E+02
5.343950000E-03 6.279300000E+00 0.000000000E+00 2.320006737E+02
5.357010000E-03 6.278500000E+00 0.000000000E+00 2.314350729E+02
5.370060000E-03 6.277700000E+00 0.000000000E+00 2.308726532E+02
5.387370000E-03 6.276600000E+00 0.000000000E+00 2.301308431E+02
5.412490000E-03 6.275000000E+00 0.000000000E+00 2.290627789E+02
5.425340000E-03 6.274100000E+00 0.000000000E+00 2.285202402E+02
5.438430000E-03 6.273300000E+00 0.000000000E+00 2.279702046E+02
5.451780000E-03 6.272400000E+00 0.000000000E+00 2.274119645E+02
5.464880000E-03 6.271600000E+00 0.000000000E+00 2.268668296E+02
5.479070000E-03 6.270700000E+00 0.000000000E+00 2.262792773E+02
5.503910000E-03 6.269100000E+00 0.000000000E+00 2.252580438E+02
5.513690000E-03 6.268500000E+00 0.000000000E+00 2.248584886E+02
5.526750000E-03 6.267700000E+00 0.000000000E+00 2.243271362E+02
5.531460000E-03 6.267400000E+00 0.000000000E+00 2.241361232E+02
5.539810000E-03 6.266800000E+00 0.000000000E+00 2.237982891E+02
5.544560000E-03 6.266500000E+00 0.000000000E+00 2.236065621E+02
5.556550000E-03 6.265700000E+00 0.000000000E+00 2.231240608E+02
5.565920000E-03 6.265200000E+00 0.000000000E+00 2.227484405E+02
5.582490000E-03 6.264100000E+00 0.000000000E+00 2.220872765E+02
5.582750000E-03 6.264100000E+00 0.000000000E+00 2.220769334E+02
5.583860000E-03 6.264000000E+00 0.000000000E+00 2.220327874E+02
5.603580000E-03 6.262700000E+00 0.000000000E+00 2.212514143E+02
5.613120000E-03 6.262100000E+00 0.000000000E+00 2.208753777E+02
5.631170000E-03 6.261000000E+00 0.000000000E+00 2.201673897E+02
5.644960000E-03 6.260100000E+00 0.000000000E+00 2.196295456E+02
5.658750000E-03 6.259200000E+00 0.000000000E+00 2.190943230E+02
5.672550000E-03 6.258300000E+00 0.000000000E+00 2.185613172E+02
5.713920000E-03 6.255700000E+00 0.000000000E+00 2.169788866E+02
5.727720000E-03 6.254800000E+00 0.000000000E+00 2.164561117E+02
5.741510000E-03 6.253900000E+00 0.000000000E+00 2.159362258E+02
5.755300000E-03 6.253100000E+00 0.000000000E+00 2.154188313E+02
5.771700000E-03 6.252000000E+00 0.000000000E+00 2.148067294E+02
5.810470000E-03 6.249500000E+00 0.000000000E+00 2.133734448E+02
5.824270000E-03 6.248600000E+00 0.000000000E+00 2.128678787E+02
5.838060000E-03 6.247800000E+00 0.000000000E+00 2.123650665E+02
5.851850000E-03 6.246900000E+00 0.000000000E+00 2.118646240E+02
5.879440000E-03 6.245100000E+00 0.000000000E+00 2.108704230E+02
5.899550000E-03 6.243800000E+00 0.000000000E+00 2.101516217E+02
5.913760000E-03 6.242900000E+00 0.000000000E+00 2.096466546E+02
5.929910000E-03 6.241900000E+00 0.000000000E+00 2.090756858E+02
5.944510000E-03 6.241000000E+00 0.000000000E+00 2.085621859E+02
5.984790000E-03 6.238400000E+00 0.000000000E+00 2.071584801E+02
6.003410000E-03 6.237100000E+00 0.000000000E+00 2.065159634E+02
6.085740000E-03 6.224900000E+00 6.358720000E-06 2.037221439E+02
6.200020000E-03 6.193900000E+00 4.817070000E-03 1.999670969E+02
6.236130000E-03 6.180600000E+00 1.521450000E-02 1.988091974E+02
6.301880000E-03 6.174500000E+00 4.838110000E-02 1.967349426E+02
6.382970000E-03 6.197500000E+00 6.756420000E-02 1.942355988E+02
6.683810000E-03 6.213700000E+00 4.979240000E-02 1.854930047E+02
6.736220000E-03 6.212000000E+00 4.680800000E-02 1.840498083E+02
6.739800000E-03 6.211900000E+00 4.661250000E-02 1.839520461E+02
6.769380000E-03 6.210600000E+00 4.502430000E-02 1.831482351E+02
6.785960000E-03 6.209900000E+00 4.413410000E-02 1.827007527E+02
6.802540000E-03 6.209000000E+00 4.327190000E-02 1.822554516E+02
6.819120000E-03 6.208200000E+00 4.243250000E-02 1.818123160E+02
6.850000000E-03 6.206600000E+00 4.086900000E-02 1.809927007E+02
6.872510000E-03 6.205200000E+00 3.979710000E-02 1.803998830E+02
6.889580000E-03 6.204200000E+00 3.898450000E-02 1.799529144E+02
6.905690000E-03 6.203200000E+00 3.821740000E-02 1.795331097E+02
6.922760000E-03 6.202200000E+00 3.741140000E-02 1.790904206E+02
6.940630000E-03 6.201000000E+00 3.661180000E-02 1.786293175E+02
6.962770000E-03 6.199600000E+00 3.562050000E-02 1.780613176E+02
6.984920000E-03 6.198100000E+00 3.463710000E-02 1.774966642E+02
7.001500000E-03 6.196900000E+00 3.394140000E-02 1.770763408E+02
7.018080000E-03 6.195300000E+00 3.324580000E-02 1.766580033E+02
7.027200000E-03 6.194500000E+00 3.286330000E-02 1.764287341E+02
7.034660000E-03 6.193600000E+00 3.255020000E-02 1.762416378E+02
7.038890000E-03 6.193100000E+00 3.237270000E-02 1.761357259E+02
7.067820000E-03 6.189800000E+00 3.120820000E-02 1.754147672E+02
7.071580000E-03 6.189300000E+00 3.106010000E-02 1.753214982E+02
7.219830000E-03 6.171300000E+00 2.559860000E-02 1.717214948E+02
7.296120000E-03 6.161600000E+00 2.310720000E-02 1.699259332E+02
7.311920000E-03 6.159600000E+00 2.260860000E-02 1.695587479E+02
7.332030000E-03 6.157000000E+00 2.198570000E-02 1.690936889E+02
7.349220000E-03 6.154700000E+00 2.147180000E-02 1.686981748E+02
7.354690000E-03 6.154000000E+00 2.130800000E-02 1.685727067E+02
7.369230000E-03 6.152100000E+00 2.087320000E-02 1.682401011E+02
7.387370000E-03 6.149700000E+00 2.035740000E-02 1.678269804E+02
7.390900000E-03 6.149300000E+00 2.025720000E-02 1.677468238E+02
7.409000000E-03 6.146900000E+00 1.974250000E-02 1.673370225E+02
7.427100000E-03 6.144500000E+00 1.923970000E-02 1.669292187E+02
7.445210000E-03 6.142100000E+00 1.875500000E-02 1.665231740E+02
7.482400000E-03 6.137200000E+00 1.775900000E-02 1.656954988E+02
7.499510000E-03 6.134900000E+00 1.732660000E-02 1.653174674E+02
7.517620000E-03 6.131800000E+00 1.686930000E-02 1.649192165E+02
7.535720000E-03 6.128400000E+00 1.642350000E-02 1.645230980E+02
7.553820000E-03 6.124600000E+00 1.599120000E-02 1.641288778E+02
7.571930000E-03 6.120600000E+00 1.555900000E-02 1.637363261E+02
7.626230000E-03 6.108600000E+00 1.432170000E-02 1.625704968E+02
7.644340000E-03 6.104600000E+00 1.392060000E-02 1.621853554E+02
7.655280000E-03 6.102200000E+00 1.368770000E-02 1.619535798E+02
7.663030000E-03 6.100500000E+00 1.352290000E-02 1.617897881E+02
7.673230000E-03 6.098200000E+00 1.330610000E-02 1.615747215E+02
7.680580000E-03 6.096600000E+00 1.315030000E-02 1.614201011E+02
7.691340000E-03 6.094200000E+00 1.293340000E-02 1.611942782E+02
7.700760000E-03 6.092100000E+00 1.274360000E-02 1.609970964E+02
7.713870000E-03 6.089100000E+00 1.247940000E-02 1.607234760E+02
7.719620000E-03 6.087900000E+00 1.236340000E-02 1.606037603E+02
7.734920000E-03 6.084500000E+00 1.205500000E-02 1.602860792E+02
7.790510000E-03 6.072000000E+00 1.100320000E-02 1.591423411E+02
7.804370000E-03 6.068900000E+00 1.075530000E-02 1.588597158E+02
7.831690000E-03 6.062800000E+00 1.026690000E-02 1.583055509E+02
7.847780000E-03 6.059200000E+00 9.993230000E-03 1.579809832E+02
7.874180000E-03 6.053300000E+00 9.544470000E-03 1.574513156E+02
7.918700000E-03 6.043300000E+00 8.827130000E-03 1.565661030E+02
7.945960000E-03 6.037200000E+00 8.412870000E-03 1.560289757E+02
7.973920000E-03 6.030900000E+00 7.991540000E-03 1.554818709E+02
8.035680000E-03 6.014700000E+00 7.123360000E-03 1.542868805E+02
8.133250000E-03 5.975400000E+00 6.081830000E-03 1.524359881E+02
8.189330000E-03 5.942900000E+00 7.501270000E-03 1.513921163E+02
8.249500000E-03 5.895000000E+00 2.030020000E-02 1.502878962E+02
8.322450000E-03 5.835000000E+00 7.601930000E-02 1.489705555E+02
8.392000000E-03 5.822200000E+00 1.603050000E-01 1.477359390E+02
8.552900000E-03 5.900200000E+00 2.464760000E-01 1.449566814E+02
9.434990000E-03 5.938800000E+00 3.171250000E-01 1.314044848E+02
1.100000000E-02 5.900400000E+00 4.631170000E-01 1.127090909E+02
1.462180000E-02 5.842500000E+00 8.638610000E-01 8.479120218E+01
1.778280000E-02 5.878600000E+00 1.233000000E+00 6.971905437E+01
1.850000000E-02 5.897600000E+00 1.315120000E+00 6.701621622E+01
1.929210000E-02 5.922800000E+00 1.404630000E+00 6.426464719E+01
2.041740000E-02 5.969800000E+00 1.527170000E+00 6.072271690E+01
2.121350000E-02 6.010400000E+00 1.609290000E+00 5.844391543E+01
2.162720000E-02 6.031500000E+00 1.651850000E+00 5.732595990E+01
2.208510000E-02 6.058700000E+00 1.695700000E+00 5.613739580E+01
2.249370000E-02 6.083100000E+00 1.734800000E+00 5.511765517E+01
2.317550000E-02 6.125700000E+00 1.797580000E+00 5.349614895E+01
2.373140000E-02 6.162900000E+00 1.845840000E+00 5.224301980E+01
2.408850000E-02 6.185900000E+00 1.876750000E+00 5.146854308E+01
2.478040000E-02 6.228700000E+00 1.931860000E+00 5.003147649E+01
2.542910000E-02 6.269800000E+00 1.981790000E+00 4.875516633E+01
2.603720000E-02 6.310200000E+00 2.024040000E+00 4.761648718E+01
2.660740000E-02 6.348700000E+00 2.062640000E+00 4.659605974E+01
2.714180000E-02 6.385300000E+00 2.094570000E+00 4.567862117E+01
2.818380000E-02 6.457200000E+00 2.154170000E+00 4.398980975E+01
2.902090000E-02 6.515600000E+00 2.194260000E+00 4.272093560E+01
2.985380000E-02 6.573700000E+00 2.232460000E+00 4.152905158E+01
3.045950000E-02 6.615600000E+00 2.255200000E+00 4.070322888E+01
3.126080000E-02 6.670700000E+00 2.283340000E+00 3.965989354E+01
3.162280000E-02 6.695500000E+00 2.295860000E+00 3.920588942E+01
3.201080000E-02 6.721500000E+00 2.306830000E+00 3.873067840E+01
3.240430000E-02 6.746300000E+00 2.316480000E+00 3.826035434E+01
3.274860000E-02 6.768100000E+00 2.324930000E+00 3.785810691E+01
3.335130000E-02 6.805700000E+00 2.339710000E+00 3.717396323E+01
3.380320000E-02 6.826700000E+00 2.349430000E+00 3.667700099E+01
3.414220000E-02 6.840600000E+00 2.355790000E+00 3.631283280E+01
3.439640000E-02 6.850800000E+00 2.360020000E+00 3.604446977E+01
3.458710000E-02 6.858200000E+00 2.363010000E+00 3.584573439E+01
3.487310000E-02 6.869200000E+00 2.367440000E+00 3.555175766E+01
3.503290000E-02 6.875300000E+00 2.369800000E+00 3.538959093E+01
3.515910000E-02 6.879900000E+00 2.371510000E+00 3.526256360E+01
3.521770000E-02 6.882100000E+00 2.372310000E+00 3.520388895E+01
3.539100000E-02 6.888500000E+00 2.374670000E+00 3.503150518E+01
3.547770000E-02 6.891700000E+00 2.375840000E+00 3.494589559E+01
3.556440000E-02 6.894800000E+00 2.376990000E+00 3.486070340E+01
3.565890000E-02 6.898300000E+00 2.378200000E+00 3.476831871E+01
3.576490000E-02 6.902000000E+00 2.379390000E+00 3.466527238E+01
3.585230000E-02 6.905100000E+00 2.380380000E+00 3.458076609E+01
3.591110000E-02 6.907100000E+00 2.381040000E+00 3.452414435E+01
3.599930000E-02 6.910200000E+00 2.382030000E+00 3.443955855E+01
3.602880000E-02 6.911300000E+00 2.382360000E+00 3.441135980E+01
3.611710000E-02 6.914400000E+00 2.383360000E+00 3.432723004E+01
3.620530000E-02 6.917400000E+00 2.384260000E+00 3.424360522E+01
3.629360000E-02 6.920400000E+00 2.385100000E+00 3.416029272E+01
3.633770000E-02 6.921900000E+00 2.385530000E+00 3.411883526E+01
3.638180000E-02 6.923400000E+00 2.385950000E+00 3.407747830E+01
3.642590000E-02 6.924900000E+00 2.386380000E+00 3.403622148E+01
3.649210000E-02 6.927200000E+00 2.387010000E+00 3.397447667E+01
3.652520000E-02 6.928300000E+00 2.387330000E+00 3.394368819E+01
3.655830000E-02 6.929400000E+00 2.387650000E+00 3.391295547E+01
3.662450000E-02 6.931700000E+00 2.388280000E+00 3.385165668E+01
3.666860000E-02 6.933200000E+00 2.388710000E+00 3.381094451E+01
3.670170000E-02 6.934300000E+00 2.389020000E+00 3.378045159E+01
3.671830000E-02 6.934900000E+00 2.389180000E+00 3.376517976E+01
3.672650000E-02 6.935100000E+00 2.389260000E+00 3.375764094E+01
3.673070000E-02 6.935300000E+00 2.389300000E+00 3.375378090E+01
3.673270000E-02 6.935300000E+00 2.389320000E+00 3.375194309E+01
3.673430000E-02 6.935400000E+00 2.389340000E+00 3.375047299E+01
3.673510000E-02 6.935400000E+00 2.389350000E+00 3.374973799E+01
3.682300000E-02 6.938300000E+00 2.390020000E+00 3.366917416E+01
3.684510000E-02 6.939000000E+00 2.390180000E+00 3.364897910E+01
3.691130000E-02 6.941200000E+00 2.390660000E+00 3.358863004E+01
3.695540000E-02 6.942600000E+00 2.390970000E+00 3.354854771E+01
3.699950000E-02 6.944000000E+00 2.391290000E+00 3.350856093E+01
3.704370000E-02 6.945500000E+00 2.391600000E+00 3.346857900E+01
3.710980000E-02 6.947600000E+00 2.392080000E+00 3.340896475E+01
3.717600000E-02 6.949700000E+00 2.392550000E+00 3.334947278E+01
3.726430000E-02 6.952600000E+00 2.393180000E+00 3.327044920E+01
3.732510000E-02 6.954600000E+00 2.393620000E+00 3.321625394E+01
3.735250000E-02 6.955500000E+00 2.393820000E+00 3.319188809E+01
3.741350000E-02 6.957400000E+00 2.394250000E+00 3.313777113E+01
3.744080000E-02 6.958300000E+00 2.394450000E+00 3.311360868E+01
3.750190000E-02 6.960300000E+00 2.394890000E+00 3.305965831E+01
3.761730000E-02 6.964000000E+00 2.395710000E+00 3.295823996E+01
3.767870000E-02 6.966000000E+00 2.396150000E+00 3.290453227E+01
3.775260000E-02 6.968400000E+00 2.396680000E+00 3.284012227E+01
3.789580000E-02 6.973100000E+00 2.397710000E+00 3.271602658E+01
3.803000000E-02 6.976400000E+00 2.398670000E+00 3.260057849E+01
3.828170000E-02 6.979300000E+00 2.400480000E+00 3.238623154E+01
3.850200000E-02 6.981000000E+00 2.401290000E+00 3.220092463E+01
3.888740000E-02 6.979800000E+00 2.401930000E+00 3.188179205E+01
3.917640000E-02 6.979000000E+00 2.402410000E+00 3.164660357E+01
3.961000000E-02 6.977700000E+00 2.403140000E+00 3.130017672E+01
4.004360000E-02 6.976300000E+00 2.403850000E+00 3.096125224E+01
4.016490000E-02 6.975600000E+00 2.403740000E+00 3.086774771E+01
4.026360000E-02 6.975000000E+00 2.403650000E+00 3.079208019E+01
4.031280000E-02 6.974700000E+00 2.403600000E+00 3.075449981E+01
4.036220000E-02 6.973100000E+00 2.403560000E+00 3.071685884E+01
4.050420000E-02 6.968300000E+00 2.403420000E+00 3.060917139E+01
4.055940000E-02 6.966400000E+00 2.403280000E+00 3.056751333E+01
4.073680000E-02 6.960100000E+00 2.402800000E+00 3.043439838E+01
4.106060000E-02 6.946200000E+00 2.401890000E+00 3.019439560E+01
4.190140000E-02 6.885200000E+00 2.399300000E+00 2.958851017E+01
4.210560000E-02 6.865400000E+00 2.398670000E+00 2.944501444E+01
4.228580000E-02 6.844000000E+00 2.398110000E+00 2.931953516E+01
4.241710000E-02 6.828500000E+00 2.397710000E+00 2.922877802E+01
4.252980000E-02 6.815100000E+00 2.397360000E+00 2.915132448E+01
4.280700000E-02 6.773300000E+00 2.396510000E+00 2.896255285E+01
4.300510000E-02 6.733600000E+00 2.395950000E+00 2.882913887E+01
4.322870000E-02 6.678200000E+00 2.395800000E+00 2.868002045E+01
4.354350000E-02 6.558800000E+00 2.402390000E+00 2.847267675E+01
4.409760000E-02 6.200700000E+00 2.591790000E+00 2.811490875E+01
4.476430000E-02 6.116200000E+00 3.319730000E+00 2.769617753E+01
4.663480000E-02 7.296200000E+00 3.770920000E+00 2.658529682E+01
4.810000000E-02 7.688800000E+00 3.607950000E+00 2.577546778E+01
5.159710000E-02 8.098300000E+00 3.267690000E+00 2.402848222E+01
5.650000000E-02 8.262600000E+00 2.979760000E+00 2.194336283E+01
6.327760000E-02 8.252200000E+00 2.849250000E+00 1.959303134E+01
6.417600000E-02 8.236400000E+00 2.845740000E+00 1.931874844E+01
6.527360000E-02 8.210700000E+00 2.843670000E+00 1.899389646E+01
6.632400000E-02 8.175900000E+00 2.843900000E+00 1.869308244E+01
6.677000000E-02 8.149100000E+00 2.844240000E+00 1.856821926E+01
6.761910000E-02 8.059000000E+00 2.864170000E+00 1.833505622E+01
6.895910000E-02 7.969600000E+00 3.153520000E+00 1.797877292E+01
7.038820000E-02 8.190200000E+00 3.282160000E+00 1.761374776E+01
8.810490000E-02 8.860400000E+00 3.516200000E+00 1.407186206E+01
1.106510000E-01 9.579400000E+00 3.734890000E+00 1.120459824E+01
1.453780000E-01 1.047090000E+01 3.695500000E+00 8.528112919E+00
2.090520000E-01 1.131230000E+01 3.262590000E+00 5.930581865E+00
2.728540000E-01 1.137590000E+01 2.772720000E+00 4.543821971E+00
3.248770000E-01 1.091040000E+01 2.420420000E+00 3.816213521E+00
3.610010000E-01 1.022780000E+01 2.209600000E+00 3.434339517E+00
3.832110000E-01 9.578000000E+00 2.092630000E+00 3.235293350E+00
3.961180000E-01 9.086000000E+00 2.027880000E+00 3.129875441E+00
4.086620000E-01 8.473000000E+00 1.967410000E+00 3.033802996E+00
4.173200000E-01 7.943600000E+00 1.927280000E+00 2.970861689E+00
4.225900000E-01 7.558200000E+00 1.903370000E+00 2.933812916E+00
4.252730000E-01 7.354500000E+00 1.891320000E+00 2.915303817E+00
4.275780000E-01 7.133700000E+00 1.881130000E+00 2.899587911E+00
4.302690000E-01 6.875900000E+00 1.869430000E+00 2.881453230E+00
4.314570000E-01 6.762000000E+00 1.864270000E+00 2.873519261E+00
4.323570000E-01 6.668900000E+00 1.860370000E+00 2.867537706E+00
4.332010000E-01 6.581000000E+00 1.856710000E+00 2.861950919E+00
4.347840000E-01 6.416000000E+00 1.849850000E+00 2.851530875E+00
4.361690000E-01 6.266700000E+00 1.843850000E+00 2.842476196E+00
4.373800000E-01 6.112300000E+00 1.838600000E+00 2.834606063E+00
4.395010000E-01 5.841900000E+00 1.829640000E+00 2.820926460E+00
4.412910000E-01 5.613300000E+00 1.822210000E+00 2.809483991E+00
4.422840000E-01 5.456400000E+00 1.818100000E+00 2.803176240E+00
4.440730000E-01 5.160100000E+00 1.810700000E+00 2.791883316E+00
4.449670000E-01 5.011800000E+00 1.807000000E+00 2.786274038E+00
4.459200000E-01 4.853500000E+00 1.803060000E+00 2.780319340E+00
4.475520000E-01 4.556500000E+00 1.796330000E+00 2.770180895E+00
4.484780000E-01 4.361600000E+00 1.792550000E+00 2.764461133E+00
4.494330000E-01 4.150800000E+00 1.788690000E+00 2.758586931E+00
4.503920000E-01 3.927500000E+00 1.785000000E+00 2.752713192E+00
4.507460000E-01 3.841400000E+00 1.783720000E+00 2.750551308E+00
4.517220000E-01 3.594200000E+00 1.780650000E+00 2.744608410E+00
4.520350000E-01 3.511000000E+00 1.779870000E+00 2.742707976E+00
4.530400000E-01 3.222900000E+00 1.778750000E+00 2.736623698E+00
4.541760000E-01 2.857600000E+00 1.782360000E+00 2.729778764E+00
4.552190000E-01 2.479700000E+00 1.795370000E+00 2.723524282E+00
4.554130000E-01 2.404400000E+00 1.799410000E+00 2.722364096E+00
4.561880000E-01 2.084700000E+00 1.823330000E+00 2.717739178E+00
4.564220000E-01 1.982200000E+00 1.833570000E+00 2.716345838E+00
4.568940000E-01 1.766400000E+00 1.859550000E+00 2.713539683E+00
4.572850000E-01 1.578500000E+00 1.887530000E+00 2.711219480E+00
4.576020000E-01 1.419700000E+00 1.915370000E+00 2.709341305E+00
4.583100000E-01 1.044600000E+00 1.997700000E+00 2.705155899E+00
4.591240000E-01 5.795000000E-01 2.134990000E+00 2.700359816E+00
4.595800000E-01 3.058000000E-01 2.236630000E+00 2.697680491E+00
4.600270000E-01 2.930000000E-02 2.355460000E+00 2.695059203E+00
4.605400000E-01 -2.959000000E-01 2.519650000E+00 2.692057150E+00
4.606980000E-01 -3.972000000E-01 2.576050000E+00 2.691133888E+00
4.608260000E-01 -4.790000000E-01 2.623430000E+00 2.690386393E+00
4.610870000E-01 -6.471000000E-01 2.727670000E+00 2.688863490E+00
4.615540000E-01 -9.479000000E-01 2.935240000E+00 2.686142900E+00
4.618470000E-01 -1.134400000E+00 3.080650000E+00 2.684438786E+00
4.619440000E-01 -1.195700000E+00 3.131610000E+00 2.683875102E+00
4.620220000E-01 -1.245200000E+00 3.172740000E+00 2.683422002E+00
4.626400000E-01 -1.628000000E+00 3.528750000E+00 2.679837455E+00
4.633570000E-01 -2.044200000E+00 4.005670000E+00 2.675690666E+00
4.636950000E-01 -2.227700000E+00 4.252920000E+00 2.673740282E+00
4.642850000E-01 -2.516900000E+00 4.717710000E+00 2.670342570E+00
4.646250000E-01 -2.669900000E+00 4.999000000E+00 2.668388485E+00
4.649830000E-01 -2.805000000E+00 5.311560000E+00 2.666334038E+00
4.656810000E-01 -3.027300000E+00 5.940870000E+00 2.662337523E+00
4.666550000E-01 -3.259700000E+00 6.867820000E+00 2.656780705E+00
4.676280000E-01 -3.345000000E+00 7.817330000E+00 2.651252705E+00
4.685990000E-01 -3.294000000E+00 8.759640000E+00 2.645758954E+00
4.696740000E-01 -3.092600000E+00 9.763660000E+00 2.639703284E+00
4.707630000E-01 -2.750200000E+00 1.071600000E+01 2.633596948E+00
4.713700000E-01 -2.515400000E+00 1.120820000E+01 2.630205571E+00
4.719210000E-01 -2.254300000E+00 1.162990000E+01 2.627134626E+00
4.729440000E-01 -1.766100000E+00 1.234370000E+01 2.621452011E+00
4.740600000E-01 -1.151700000E+00 1.300770000E+01 2.615280766E+00
4.751250000E-01 -5.352000000E-01 1.353890000E+01 2.609418574E+00
4.762000000E-01 1.021000000E-01 1.396860000E+01 2.603527929E+00
4.776830000E-01 9.640000000E-01 1.440230000E+01 2.595445096E+00
4.803120000E-01 2.360100000E+00 1.484290000E+01 2.581238861E+00
4.838240000E-01 3.896300000E+00 1.503620000E+01 2.562502067E+00
4.870000000E-01 4.969200000E+00 1.502320000E+01 2.545790554E+00
4.948300000E-01 6.890300000E+00 1.479770000E+01 2.505506942E+00
5.120000000E-01 9.452500000E+00 1.422400000E+01 2.421484375E+00
5.372860000E-01 1.150570000E+01 1.341200000E+01 2.307523367E+00
5.467630000E-01 1.179710000E+01 1.311790000E+01 2.267527247E+00
5.532240000E-01 1.169750000E+01 1.320980000E+01 2.241045219E+00
5.592040000E-01 1.190140000E+01 1.379260000E+01 2.217079992E+00
5.651810000E-01 1.266037000E+01 1.412420000E+01 2.193633544E+00
5.808660000E-01 1.412664000E+01 1.377740000E+01 2.134399328E+00
6.104520000E-01 1.574352000E+01 1.300630000E+01 2.030954113E+00
6.531310000E-01 1.728636000E+01 1.196630000E+01 1.898240935E+00
6.867560000E-01 1.816427000E+01 1.123600000E+01 1.805299116E+00
7.413100000E-01 1.921058000E+01 1.017850000E+01 1.672444726E+00
7.797110000E-01 1.975411000E+01 9.509160000E+00 1.590076323E+00
8.163470000E-01 2.017180000E+01 8.923870000E+00 1.518716918E+00
8.568220000E-01 2.052357000E+01 8.333670000E+00 1.446974984E+00
9.253660000E-01 2.096323000E+01 7.471540000E+00 1.339794200E+00
9.605060000E-01 2.113814800E+01 7.078000000E+00 1.290777986E+00
1.000400000E+00 2.129685300E+01 6.669220000E+00 1.239304278E+00
1.039150000E+00 2.142267300E+01 6.298790000E+00 1.193090507E+00
1.072810000E+00 2.150482900E+01 6.003070000E+00 1.155656640E+00
1.111270000E+00 2.158140100E+01 5.692580000E+00 1.115660461E+00
1.150310000E+00 2.164509100E+01 5.403490000E+00 1.077796420E+00
1.187750000E+00 2.169592000E+01 5.145720000E+00 1.043822353E+00
1.207030000E+00 2.171710400E+01 5.019110000E+00 1.027149284E+00
1.247030000E+00 2.175113100E+01 4.772830000E+00 9.942022245E-01
1.291220000E+00 2.177894400E+01 4.523030000E+00 9.601771968E-01
1.319410000E+00 2.179392400E+01 4.373580000E+00 9.396624249E-01
1.333520000E+00 2.180063500E+01 4.300310000E+00 9.297198392E-01
1.366930000E+00 2.180973200E+01 4.134250000E+00 9.069959691E-01
1.439530000E+00 2.181736600E+01 3.810550000E+00 8.612533257E-01
1.508060000E+00 2.181388900E+01 3.540500000E+00 8.221158309E-01
1.557760000E+00 2.180799000E+01 3.360830000E+00 7.958864010E-01
1.628240000E+00 2.178826600E+01 3.129330000E+00 7.614356606E-01
1.786500000E+00 2.173278800E+01 2.691960000E+00 6.939826476E-01
1.990240000E+00 2.163887900E+01 2.254440000E+00 6.229399469E-01
2.273400000E+00 2.149462100E+01 1.805490000E+00 5.453505762E-01
2.594970000E+00 2.132783300E+01 1.442640000E+00 4.777704559E-01
2.951210000E+00 2.113962000E+01 1.156830000E+00 4.200988747E-01
3.331130000E+00 2.092300000E+01 9.377690000E-01 3.721860150E-01
3.784800000E+00 2.061952000E+01 7.496850000E-01 3.275734517E-01
4.119120000E+00 2.031799000E+01 6.456960000E-01 3.009866185E-01
4.373020000E+00 1.998701000E+01 5.806100000E-01 2.835111662E-01
4.565650000E+00 1.961034000E+01 5.376280000E-01 2.715495055E-01
4.708580000E+00 1.914768000E+01 5.089030000E-01 2.633065595E-01
4.791320000E+00 1.868709000E+01 4.938040000E-01 2.587595903E-01
4.825510000E+00 1.838306000E+01 4.954800000E-01 2.569262109E-01
4.845970000E+00 1.813172000E+01 5.195240000E-01 2.558414518E-01
4.859710000E+00 1.792293000E+01 5.651870000E-01 2.551181038E-01
4.870910000E+00 1.772886000E+01 6.342690000E-01 2.545314941E-01
4.881520000E+00 1.753027000E+01 7.374650000E-01 2.539782691E-01
4.893950000E+00 1.729270000E+01 9.176320000E-01 2.533331971E-01
4.906630000E+00 1.706840000E+01 1.175680000E+00 2.526785187E-01
4.924550000E+00 1.684150000E+01 1.659170000E+00 2.517590440E-01
4.954450000E+00 1.685892000E+01 2.600870000E+00 2.502396835E-01
4.975800000E+00 1.716253000E+01 3.170220000E+00 2.491659633E-01
4.999580000E+00 1.764030000E+01 3.566020000E+00 2.479808304E-01
5.035470000E+00 1.830623000E+01 3.777150000E+00 2.462133624E-01
5.083950000E+00 1.889398000E+01 3.773170000E+00 2.438654983E-01
5.151850000E+00 1.940020000E+01 3.708330000E+00 2.406514165E-01
5.248080000E+00 1.987791000E+01 3.612630000E+00 2.362387768E-01
5.370260000E+00 2.029990000E+01 3.484760000E+00 2.308640550E-01
5.489780000E+00 2.059686000E+01 3.369600000E+00 2.258378296E-01
5.649070000E+00 2.090347000E+01 3.225120000E+00 2.194697534E-01
5.837770000E+00 2.117700300E+01 3.065180000E+00 2.123756160E-01
6.011810000E+00 2.137328800E+01 2.922760000E+00 2.062274090E-01
6.166120000E+00 2.151231100E+01 2.804920000E+00 2.010664729E-01
6.327710000E+00 2.163644600E+01 2.688700000E+00 1.959318616E-01
6.492720000E+00 2.173946800E+01 2.578340000E+00 1.909523281E-01
6.677540000E+00 2.183704900E+01 2.463250000E+00 1.856671768E-01
6.866000000E+00 2.192080490E+01 2.353480000E+00 1.805709292E-01
6.994490000E+00 2.196883350E+01 2.283170000E+00 1.772538098E-01
7.159140000E+00 2.202381730E+01 2.198140000E+00 1.731772252E-01
7.325360000E+00 2.207165220E+01 2.117240000E+00 1.692476547E-01
7.532150000E+00 2.212307300E+01 2.022900000E+00 1.646010767E-01
7.758110000E+00 2.217034100E+01 1.927140000E+00 1.598069633E-01
7.969940000E+00 2.220931300E+01 1.841650000E+00 1.555595149E-01
8.321780000E+00 2.225820300E+01 1.710460000E+00 1.489825494E-01
8.836100000E+00 2.230642900E+01 1.543260000E+00 1.403107706E-01
9.510470000E+00 2.234485200E+01 1.360590000E+00 1.303615910E-01
1.038540000E+01 2.236928400E+01 1.166800000E+00 1.193791284E-01
1.155960000E+01 2.237228900E+01 9.642050000E-01 1.072528461E-01
1.315910000E+01 2.235558300E+01 7.633330000E-01 9.421616980E-02
1.482750000E+01 2.232686100E+01 6.132650000E-01 8.361490474E-02
1.668570000E+01 2.229287800E+01 4.917880000E-01 7.430314581E-02
1.885650000E+01 2.225556600E+01 3.901770000E-01 6.574921115E-02
2.119390000E+01 2.221987400E+01 3.118870000E-01 5.849796404E-02
2.389800000E+01 2.218529300E+01 2.470870000E-01 5.187881831E-02
2.683430000E+01 2.215416900E+01 1.968590000E-01 4.620206229E-02
3.012600000E+01 2.212620600E+01 1.564110000E-01 4.115382062E-02
3.377490000E+01 2.210131600E+01 1.244660000E-01 3.670773267E-02
3.778350000E+01 2.207969830E+01 9.911020000E-02 3.281326505E-02
4.232160000E+01 2.206066190E+01 7.870270000E-02 2.929473366E-02
4.723730000E+01 2.204454310E+01 6.275510000E-02 2.624620798E-02
5.185260000E+01 2.203257790E+01 5.180510000E-02 2.391008358E-02
5.679840000E+01 2.202227940E+01 4.283040000E-02 2.182807966E-02
6.111410000E+01 2.201489510E+01 3.674850000E-02 2.028664416E-02
6.478500000E+01 2.200955124E+01 3.253990000E-02 1.913714594E-02
6.783560000E+01 2.200563120E+01 2.954350000E-02 1.827653916E-02
7.037080000E+01 2.200270707E+01 2.734390000E-02 1.761810296E-02
7.208690000E+01 2.200086073E+01 2.597910000E-02 1.719868659E-02
7.264230000E+01 2.200029385E+01 2.556740000E-02 1.706719088E-02
7.381520000E+01 2.199911271E+01 2.471140000E-02 1.679599866E-02
7.593050000E+01 2.199710169E+01 2.327820000E-02 1.632808950E-02
7.878330000E+01 2.199460625E+01 2.153960000E-02 1.573683763E-02
8.395190000E+01 2.199061823E+01 1.882100000E-02 1.476798024E-02
9.124350000E+01 2.198594630E+01 1.577630000E-02 1.358781721E-02
1.010850000E+02 2.198099400E+01 1.270110000E-02 1.226492556E-02
1.126870000E+02 2.197652060E+01 1.009380000E-02 1.100215642E-02
1.253350000E+02 2.197283210E+01 8.058110000E-03 9.891889736E-03
1.390180000E+02 2.196981530E+01 6.470480000E-03 8.918269577E-03
1.549930000E+02 2.196717750E+01 5.147550000E-03 7.999070926E-03
1.721040000E+02 2.196506110E+01 4.130910000E-03 7.203783759E-03
1.908490000E+02 2.196330910E+01 3.328060000E-03 6.496235244E-03
2.128750000E+02 2.196177560E+01 2.655810000E-03 5.824075161E-03
2.371370000E+02 2.196052370E+01 2.133220000E-03 5.228201419E-03
2.637680000E+02 2.195950340E+01 1.723320000E-03 4.700342725E-03
2.947140000E+02 2.195862930E+01 1.385130000E-03 4.206790312E-03
3.313640000E+02 2.195787670E+01 1.105800000E-03 3.741504810E-03
3.726400000E+02 2.195726950E+01 8.895610000E-04 3.327071705E-03
4.196160000E+02 2.195676750E+01 7.197290000E-04 2.954606116E-03
4.717910000E+02 2.195636960E+01 5.891690000E-04 2.627858522E-03
5.322950000E+02 2.195604650E+01 4.842830000E-04 2.329159583E-03
6.060380000E+02 2.195577570E+01 3.970920000E-04 2.045746306E-03
6.922040000E+02 2.195556270E+01 3.293490000E-04 1.791090488E-03
7.980520000E+02 2.195538920E+01 2.740790000E-04 1.553532852E-03
9.225710000E+02 2.195525680E+01 2.314510000E-04 1.343853210E-03
1.070170000E+03 2.195515530E+01 1.982570000E-04 1.158507527E-03
1.286620000E+03 2.195506510E+01 1.640310000E-04 9.636100791E-04
1.546860000E+03 2.195500270E+01 1.357150000E-04 8.014946408E-04
1.859730000E+03 2.195495950E+01 1.122860000E-04 6.666559124E-04
2.235890000E+03 2.195492960E+01 9.290210000E-05 5.544995505E-04
2.688130000E+03 2.195490890E+01 7.686430000E-05 4.612128134E-04
3.231850000E+03 2.195489460E+01 6.359520000E-05 3.836192893E-04
3.885540000E+03 2.195488480E+01 5.261670000E-05 3.190804882E-04
4.671440000E+03 2.195487790E+01 4.353340000E-05 2.653999623E-04
5.616310000E+03 2.195487320E+01 3.601820000E-05 2.207499230E-04
6.752290000E+03 2.195486990E+01 2.980040000E-05 1.836117821E-04
8.118030000E+03 2.195486760E+01 2.465590000E-05 1.527217810E-04
9.760020000E+03 2.195486610E+01 2.039960000E-05 1.270284282E-04
1.000000000E+04 2.195486590E+01 1.992850000E-05 1.239800000E-04
