# Data retrieved from https://www-nds.iaea.org/epdl97/za1to100.htm 03/01/2021
# Element, Y  (Z = 39) 
# Atomic weight, g mol-1 = 88.905 
# Nominal density, g cm-3 =  4.46900E+0 
# Relativistic correction estimate f_rel(5CL)*,  e atom-1 =  0 
# Nuclear Thomson correction f_NT*, e atom-1 =  0 
#    E [keV]      f1 [e atom-1]      f2 [e atom-1]    Wavelength [nm] 
1.000000000E-03 7.710400000E+00 0.000000000E+00 1.239800000E+03
1.118230000E-03 7.706500000E+00 0.000000000E+00 1.108716454E+03
1.221680000E-03 7.703000000E+00 0.000000000E+00 1.014832035E+03
1.402730000E-03 7.697000000E+00 0.000000000E+00 8.838479251E+02
1.538510000E-03 7.692500000E+00 0.000000000E+00 8.058446159E+02
1.640350000E-03 7.689100000E+00 0.000000000E+00 7.558143079E+02
1.793100000E-03 7.684000000E+00 0.000000000E+00 6.914282527E+02
1.945860000E-03 7.678900000E+00 0.000000000E+00 6.371475851E+02
1.950640000E-03 7.678700000E+00 0.000000000E+00 6.355862691E+02
1.955430000E-03 7.678600000E+00 0.000000000E+00 6.340293439E+02
1.960220000E-03 7.678400000E+00 0.000000000E+00 6.324800278E+02
1.965010000E-03 7.678300000E+00 0.000000000E+00 6.309382649E+02
1.969800000E-03 7.678100000E+00 0.000000000E+00 6.294040004E+02
1.974590000E-03 7.677900000E+00 0.000000000E+00 6.278771796E+02
1.979380000E-03 7.677800000E+00 0.000000000E+00 6.263577484E+02
1.984170000E-03 7.677600000E+00 0.000000000E+00 6.248456533E+02
1.988960000E-03 7.677500000E+00 0.000000000E+00 6.233408414E+02
1.993750000E-03 7.677300000E+00 0.000000000E+00 6.218432602E+02
1.998540000E-03 7.677100000E+00 0.000000000E+00 6.203528576E+02
2.003330000E-03 7.676900000E+00 0.000000000E+00 6.188695821E+02
2.008120000E-03 7.676600000E+00 0.000000000E+00 6.173933829E+02
2.017700000E-03 7.675900000E+00 0.000000000E+00 6.144620112E+02
2.022490000E-03 7.675600000E+00 0.000000000E+00 6.130067392E+02
2.027280000E-03 7.675300000E+00 0.000000000E+00 6.115583442E+02
2.032070000E-03 7.675000000E+00 0.000000000E+00 6.101167775E+02
2.038770000E-03 7.674500000E+00 0.000000000E+00 6.081117537E+02
2.041640000E-03 7.674400000E+00 0.000000000E+00 6.072569111E+02
2.053650000E-03 7.673600000E+00 0.000000000E+00 6.037055974E+02
2.058600000E-03 7.673200000E+00 0.000000000E+00 6.022539590E+02
2.062760000E-03 7.673000000E+00 0.000000000E+00 6.010393841E+02
2.063560000E-03 7.672900000E+00 0.000000000E+00 6.008063735E+02
2.068520000E-03 7.672600000E+00 0.000000000E+00 5.993657301E+02
2.073470000E-03 7.672200000E+00 0.000000000E+00 5.979348628E+02
2.078430000E-03 7.671900000E+00 0.000000000E+00 5.965079411E+02
2.083390000E-03 7.671600000E+00 0.000000000E+00 5.950878136E+02
2.088350000E-03 7.671300000E+00 0.000000000E+00 5.936744320E+02
2.093300000E-03 7.670900000E+00 0.000000000E+00 5.922705776E+02
2.103380000E-03 7.670300000E+00 0.000000000E+00 5.894322471E+02
2.108450000E-03 7.669900000E+00 0.000000000E+00 5.880148925E+02
2.113530000E-03 7.669600000E+00 0.000000000E+00 5.866015623E+02
2.118610000E-03 7.669300000E+00 0.000000000E+00 5.851950099E+02
2.123680000E-03 7.668900000E+00 0.000000000E+00 5.837979357E+02
2.138920000E-03 7.667900000E+00 0.000000000E+00 5.796383221E+02
2.143990000E-03 7.667600000E+00 0.000000000E+00 5.782676225E+02
2.149070000E-03 7.667300000E+00 0.000000000E+00 5.769007059E+02
2.154150000E-03 7.666900000E+00 0.000000000E+00 5.755402363E+02
2.162360000E-03 7.666400000E+00 0.000000000E+00 5.733550380E+02
2.164300000E-03 7.666300000E+00 0.000000000E+00 5.728411034E+02
2.172850000E-03 7.665700000E+00 0.000000000E+00 5.705870171E+02
2.178100000E-03 7.665300000E+00 0.000000000E+00 5.692116983E+02
2.183340000E-03 7.665000000E+00 0.000000000E+00 5.678455944E+02
2.188580000E-03 7.664700000E+00 0.000000000E+00 5.664860320E+02
2.193830000E-03 7.664300000E+00 0.000000000E+00 5.651303884E+02
2.199070000E-03 7.664000000E+00 0.000000000E+00 5.637837813E+02
2.209560000E-03 7.663300000E+00 0.000000000E+00 5.611071888E+02
2.214810000E-03 7.662900000E+00 0.000000000E+00 5.597771366E+02
2.220050000E-03 7.662600000E+00 0.000000000E+00 5.584558906E+02
2.225300000E-03 7.662200000E+00 0.000000000E+00 5.571383634E+02
2.230540000E-03 7.661900000E+00 0.000000000E+00 5.558295301E+02
2.235790000E-03 7.661500000E+00 0.000000000E+00 5.545243516E+02
2.302180000E-03 7.657200000E+00 0.000000000E+00 5.385330426E+02
2.351980000E-03 7.653900000E+00 0.000000000E+00 5.271303327E+02
2.389320000E-03 7.651400000E+00 0.000000000E+00 5.188924045E+02
2.445340000E-03 7.647700000E+00 0.000000000E+00 5.070051608E+02
2.473350000E-03 7.645900000E+00 0.000000000E+00 5.012634686E+02
2.487360000E-03 7.644900000E+00 0.000000000E+00 4.984401132E+02
2.494360000E-03 7.644500000E+00 0.000000000E+00 4.970413252E+02
2.501360000E-03 7.644000000E+00 0.000000000E+00 4.956503662E+02
2.507520000E-03 7.643600000E+00 0.000000000E+00 4.944327463E+02
2.513680000E-03 7.643200000E+00 0.000000000E+00 4.932210942E+02
2.519830000E-03 7.642800000E+00 0.000000000E+00 4.920173186E+02
2.525990000E-03 7.642400000E+00 0.000000000E+00 4.908174617E+02
2.532150000E-03 7.642000000E+00 0.000000000E+00 4.896234425E+02
2.538300000E-03 7.641600000E+00 0.000000000E+00 4.884371430E+02
2.544460000E-03 7.641200000E+00 0.000000000E+00 4.872546631E+02
2.550620000E-03 7.640800000E+00 0.000000000E+00 4.860778948E+02
2.556770000E-03 7.640300000E+00 0.000000000E+00 4.849086934E+02
2.562930000E-03 7.639900000E+00 0.000000000E+00 4.837432158E+02
2.569500000E-03 7.639500000E+00 0.000000000E+00 4.825063242E+02
2.575820000E-03 7.639100000E+00 0.000000000E+00 4.813224527E+02
2.578980000E-03 7.638900000E+00 0.000000000E+00 4.807326928E+02
2.583730000E-03 7.638600000E+00 0.000000000E+00 4.798489006E+02
2.586100000E-03 7.638400000E+00 0.000000000E+00 4.794091489E+02
2.588470000E-03 7.638300000E+00 0.000000000E+00 4.789702025E+02
2.591630000E-03 7.638000000E+00 0.000000000E+00 4.783861894E+02
2.594790000E-03 7.637800000E+00 0.000000000E+00 4.778035987E+02
2.599870000E-03 7.637500000E+00 0.000000000E+00 4.768699973E+02
2.606030000E-03 7.637100000E+00 0.000000000E+00 4.757427965E+02
2.612180000E-03 7.636700000E+00 0.000000000E+00 4.746227289E+02
2.616140000E-03 7.636400000E+00 0.000000000E+00 4.739043018E+02
2.620090000E-03 7.636200000E+00 0.000000000E+00 4.731898523E+02
2.624500000E-03 7.635900000E+00 0.000000000E+00 4.723947419E+02
2.626420000E-03 7.635700000E+00 0.000000000E+00 4.720494057E+02
2.632740000E-03 7.635300000E+00 0.000000000E+00 4.709162318E+02
2.639060000E-03 7.634900000E+00 0.000000000E+00 4.697884853E+02
2.645390000E-03 7.634500000E+00 0.000000000E+00 4.686643557E+02
2.648550000E-03 7.634300000E+00 0.000000000E+00 4.681051896E+02
2.651710000E-03 7.634100000E+00 0.000000000E+00 4.675473562E+02
2.654880000E-03 7.633900000E+00 0.000000000E+00 4.669890918E+02
2.658040000E-03 7.633700000E+00 0.000000000E+00 4.664339137E+02
2.661200000E-03 7.633500000E+00 0.000000000E+00 4.658800541E+02
2.664360000E-03 7.633200000E+00 0.000000000E+00 4.653275083E+02
2.670690000E-03 7.632800000E+00 0.000000000E+00 4.642246011E+02
2.677010000E-03 7.632400000E+00 0.000000000E+00 4.631286398E+02
2.683340000E-03 7.632000000E+00 0.000000000E+00 4.620361192E+02
2.689660000E-03 7.631600000E+00 0.000000000E+00 4.609504547E+02
2.695980000E-03 7.631200000E+00 0.000000000E+00 4.598698803E+02
2.707350000E-03 7.630400000E+00 0.000000000E+00 4.579385746E+02
2.729360000E-03 7.629000000E+00 0.000000000E+00 4.542456840E+02
2.894450000E-03 7.618100000E+00 0.000000000E+00 4.283369898E+02
2.935720000E-03 7.615300000E+00 0.000000000E+00 4.223154797E+02
3.000000000E-03 7.611100000E+00 0.000000000E+00 4.132666667E+02
3.028580000E-03 7.608300000E+00 0.000000000E+00 4.093667659E+02
3.059530000E-03 7.605400000E+00 0.000000000E+00 4.052256392E+02
3.067060000E-03 7.604700000E+00 0.000000000E+00 4.042307617E+02
3.074590000E-03 7.603900000E+00 0.000000000E+00 4.032407573E+02
3.082130000E-03 7.603200000E+00 0.000000000E+00 4.022542852E+02
3.089660000E-03 7.602500000E+00 0.000000000E+00 4.012739266E+02
3.097190000E-03 7.601800000E+00 0.000000000E+00 4.002983349E+02
3.104720000E-03 7.601000000E+00 0.000000000E+00 3.993274756E+02
3.112250000E-03 7.600300000E+00 0.000000000E+00 3.983613142E+02
3.119780000E-03 7.599600000E+00 0.000000000E+00 3.973998167E+02
3.127310000E-03 7.598900000E+00 0.000000000E+00 3.964429494E+02
3.134840000E-03 7.598200000E+00 0.000000000E+00 3.954906790E+02
3.142370000E-03 7.597400000E+00 0.000000000E+00 3.945429723E+02
3.149900000E-03 7.596700000E+00 0.000000000E+00 3.935997968E+02
3.157430000E-03 7.596000000E+00 0.000000000E+00 3.926611200E+02
3.164960000E-03 7.595300000E+00 0.000000000E+00 3.917269097E+02
3.172490000E-03 7.594500000E+00 0.000000000E+00 3.907971341E+02
3.176440000E-03 7.594200000E+00 0.000000000E+00 3.903111660E+02
3.192070000E-03 7.592700000E+00 0.000000000E+00 3.884000038E+02
3.199890000E-03 7.591900000E+00 0.000000000E+00 3.874508186E+02
3.207710000E-03 7.591200000E+00 0.000000000E+00 3.865062615E+02
3.215530000E-03 7.590400000E+00 0.000000000E+00 3.855662986E+02
3.219440000E-03 7.590000000E+00 0.000000000E+00 3.850980295E+02
3.223350000E-03 7.589700000E+00 0.000000000E+00 3.846308964E+02
3.227260000E-03 7.589300000E+00 0.000000000E+00 3.841648953E+02
3.231160000E-03 7.588900000E+00 0.000000000E+00 3.837012095E+02
3.235070000E-03 7.588500000E+00 0.000000000E+00 3.832374570E+02
3.238980000E-03 7.588200000E+00 0.000000000E+00 3.827748242E+02
3.244850000E-03 7.587600000E+00 0.000000000E+00 3.820823767E+02
3.248760000E-03 7.587200000E+00 0.000000000E+00 3.816225267E+02
3.253150000E-03 7.586800000E+00 0.000000000E+00 3.811075419E+02
3.253890000E-03 7.586700000E+00 0.000000000E+00 3.810208704E+02
3.255110000E-03 7.586600000E+00 0.000000000E+00 3.808780656E+02
3.262440000E-03 7.585900000E+00 0.000000000E+00 3.800223146E+02
3.263420000E-03 7.585800000E+00 0.000000000E+00 3.799081945E+02
3.266840000E-03 7.585500000E+00 0.000000000E+00 3.795104750E+02
3.272210000E-03 7.585000000E+00 0.000000000E+00 3.788876631E+02
3.278080000E-03 7.584400000E+00 0.000000000E+00 3.782091956E+02
3.281980000E-03 7.584000000E+00 0.000000000E+00 3.777597670E+02
3.285890000E-03 7.583700000E+00 0.000000000E+00 3.773102569E+02
3.289800000E-03 7.583300000E+00 0.000000000E+00 3.768618153E+02
3.293710000E-03 7.582900000E+00 0.000000000E+00 3.764144384E+02
3.301530000E-03 7.582200000E+00 0.000000000E+00 3.755228636E+02
3.309350000E-03 7.581400000E+00 0.000000000E+00 3.746355024E+02
3.317170000E-03 7.580700000E+00 0.000000000E+00 3.737523250E+02
3.328890000E-03 7.579500000E+00 0.000000000E+00 3.724364578E+02
3.332800000E-03 7.579200000E+00 0.000000000E+00 3.719995199E+02
3.335010000E-03 7.578900000E+00 0.000000000E+00 3.717530082E+02
3.339380000E-03 7.578500000E+00 0.000000000E+00 3.712665225E+02
3.348000000E-03 7.577700000E+00 0.000000000E+00 3.703106332E+02
3.356340000E-03 7.576900000E+00 0.000000000E+00 3.693904670E+02
3.364430000E-03 7.576100000E+00 0.000000000E+00 3.685022426E+02
3.372260000E-03 7.575400000E+00 0.000000000E+00 3.676466227E+02
3.379850000E-03 7.574600000E+00 0.000000000E+00 3.668210128E+02
3.387200000E-03 7.573900000E+00 0.000000000E+00 3.660250354E+02
3.394320000E-03 7.573300000E+00 0.000000000E+00 3.652572533E+02
3.504680000E-03 7.562300000E+00 0.000000000E+00 3.537555497E+02
3.532270000E-03 7.558900000E+00 0.000000000E+00 3.509924213E+02
3.552960000E-03 7.556400000E+00 0.000000000E+00 3.489484824E+02
3.568480000E-03 7.554500000E+00 0.000000000E+00 3.474308389E+02
3.580120000E-03 7.553000000E+00 0.000000000E+00 3.463012413E+02
3.588850000E-03 7.552000000E+00 0.000000000E+00 3.454588517E+02
3.601950000E-03 7.550300000E+00 0.000000000E+00 3.442024459E+02
3.608490000E-03 7.549500000E+00 0.000000000E+00 3.435786160E+02
3.611770000E-03 7.549100000E+00 0.000000000E+00 3.432665978E+02
3.615040000E-03 7.548700000E+00 0.000000000E+00 3.429560945E+02
3.621610000E-03 7.547900000E+00 0.000000000E+00 3.423339344E+02
3.628180000E-03 7.547100000E+00 0.000000000E+00 3.417140274E+02
3.632840000E-03 7.546500000E+00 0.000000000E+00 3.412756961E+02
3.641730000E-03 7.545400000E+00 0.000000000E+00 3.404425918E+02
3.650630000E-03 7.544400000E+00 0.000000000E+00 3.396126148E+02
3.659530000E-03 7.543300000E+00 0.000000000E+00 3.387866748E+02
3.663660000E-03 7.542700000E+00 0.000000000E+00 3.384047646E+02
3.669840000E-03 7.542000000E+00 0.000000000E+00 3.378348920E+02
3.676030000E-03 7.541200000E+00 0.000000000E+00 3.372660180E+02
3.681130000E-03 7.540600000E+00 0.000000000E+00 3.367987547E+02
3.683680000E-03 7.540300000E+00 0.000000000E+00 3.365656083E+02
3.686220000E-03 7.540000000E+00 0.000000000E+00 3.363336968E+02
3.690670000E-03 7.539400000E+00 0.000000000E+00 3.359281648E+02
3.692900000E-03 7.539100000E+00 0.000000000E+00 3.357253107E+02
3.696230000E-03 7.538700000E+00 0.000000000E+00 3.354228498E+02
3.700130000E-03 7.538300000E+00 0.000000000E+00 3.350693084E+02
3.702070000E-03 7.538000000E+00 0.000000000E+00 3.348937216E+02
3.702560000E-03 7.538000000E+00 0.000000000E+00 3.348494015E+02
3.702930000E-03 7.537900000E+00 0.000000000E+00 3.348159431E+02
3.703060000E-03 7.537900000E+00 0.000000000E+00 3.348041890E+02
3.703300000E-03 7.537900000E+00 0.000000000E+00 3.347824913E+02
3.703660000E-03 7.537800000E+00 0.000000000E+00 3.347499500E+02
3.703840000E-03 7.537800000E+00 0.000000000E+00 3.347336818E+02
3.704300000E-03 7.537700000E+00 0.000000000E+00 3.346921146E+02
3.712920000E-03 7.536700000E+00 0.000000000E+00 3.339150857E+02
3.715140000E-03 7.536400000E+00 0.000000000E+00 3.337155531E+02
3.721820000E-03 7.535600000E+00 0.000000000E+00 3.331165935E+02
3.725460000E-03 7.535100000E+00 0.000000000E+00 3.327911184E+02
3.730940000E-03 7.534500000E+00 0.000000000E+00 3.323023152E+02
3.736410000E-03 7.533800000E+00 0.000000000E+00 3.318158339E+02
3.742460000E-03 7.533100000E+00 0.000000000E+00 3.312794258E+02
3.748510000E-03 7.532300000E+00 0.000000000E+00 3.307447492E+02
3.757470000E-03 7.531200000E+00 0.000000000E+00 3.299560609E+02
3.766690000E-03 7.530100000E+00 0.000000000E+00 3.291484035E+02
3.775200000E-03 7.529000000E+00 0.000000000E+00 3.284064420E+02
3.791340000E-03 7.527000000E+00 0.000000000E+00 3.270083928E+02
3.793000000E-03 7.526800000E+00 0.000000000E+00 3.268652781E+02
3.798300000E-03 7.526200000E+00 0.000000000E+00 3.264091831E+02
3.803600000E-03 7.525500000E+00 0.000000000E+00 3.259543590E+02
3.812820000E-03 7.524400000E+00 0.000000000E+00 3.251661500E+02
3.822050000E-03 7.523300000E+00 0.000000000E+00 3.243808951E+02
3.831270000E-03 7.522100000E+00 0.000000000E+00 3.236002683E+02
3.840500000E-03 7.521000000E+00 0.000000000E+00 3.228225491E+02
3.849730000E-03 7.519600000E+00 0.000000000E+00 3.220485592E+02
3.858950000E-03 7.518200000E+00 0.000000000E+00 3.212791044E+02
3.868180000E-03 7.516800000E+00 0.000000000E+00 3.205124891E+02
3.888300000E-03 7.513700000E+00 0.000000000E+00 3.188539979E+02
3.895850000E-03 7.512400000E+00 0.000000000E+00 3.182360717E+02
3.905080000E-03 7.510800000E+00 0.000000000E+00 3.174838928E+02
3.911760000E-03 7.509600000E+00 0.000000000E+00 3.169417347E+02
3.914310000E-03 7.509200000E+00 0.000000000E+00 3.167352611E+02
3.921020000E-03 7.508000000E+00 0.000000000E+00 3.161932354E+02
3.930290000E-03 7.506400000E+00 0.000000000E+00 3.154474606E+02
3.932760000E-03 7.505900000E+00 0.000000000E+00 3.152493414E+02
3.939550000E-03 7.504800000E+00 0.000000000E+00 3.147059943E+02
3.948810000E-03 7.503200000E+00 0.000000000E+00 3.139680056E+02
4.002900000E-03 7.493700000E+00 0.000000000E+00 3.097254490E+02
4.043460000E-03 7.485100000E+00 0.000000000E+00 3.066185890E+02
4.165140000E-03 7.459300000E+00 0.000000000E+00 2.976610630E+02
4.165150000E-03 7.459300000E+00 0.000000000E+00 2.976603484E+02
4.183170000E-03 7.455500000E+00 0.000000000E+00 2.963781056E+02
4.183680000E-03 7.455400000E+00 0.000000000E+00 2.963419764E+02
4.186850000E-03 7.454800000E+00 0.000000000E+00 2.961176063E+02
4.202150000E-03 7.451500000E+00 0.000000000E+00 2.950394441E+02
4.204280000E-03 7.451100000E+00 0.000000000E+00 2.948899693E+02
4.214580000E-03 7.448900000E+00 0.000000000E+00 2.941692885E+02
4.222840000E-03 7.447100000E+00 0.000000000E+00 2.935938847E+02
4.223480000E-03 7.447000000E+00 0.000000000E+00 2.935493953E+02
4.233880000E-03 7.444800000E+00 0.000000000E+00 2.928283277E+02
4.244280000E-03 7.442600000E+00 0.000000000E+00 2.921107938E+02
4.255240000E-03 7.440300000E+00 0.000000000E+00 2.913584193E+02
4.266060000E-03 7.438000000E+00 0.000000000E+00 2.906194475E+02
4.273790000E-03 7.436400000E+00 0.000000000E+00 2.900938043E+02
4.285370000E-03 7.433900000E+00 0.000000000E+00 2.893099079E+02
4.291170000E-03 7.432700000E+00 0.000000000E+00 2.889188729E+02
4.296960000E-03 7.431500000E+00 0.000000000E+00 2.885295651E+02
4.307260000E-03 7.429300000E+00 0.000000000E+00 2.878396010E+02
4.317550000E-03 7.427100000E+00 0.000000000E+00 2.871535941E+02
4.329180000E-03 7.424600000E+00 0.000000000E+00 2.863821786E+02
4.339430000E-03 7.422500000E+00 0.000000000E+00 2.857057263E+02
4.351730000E-03 7.419900000E+00 0.000000000E+00 2.848981899E+02
4.360960000E-03 7.417900000E+00 0.000000000E+00 2.842952011E+02
4.370190000E-03 7.416000000E+00 0.000000000E+00 2.836947593E+02
4.380120000E-03 7.413900000E+00 0.000000000E+00 2.830516059E+02
4.389810000E-03 7.411500000E+00 0.000000000E+00 2.824268021E+02
4.400210000E-03 7.408700000E+00 0.000000000E+00 2.817592797E+02
4.409010000E-03 7.406300000E+00 0.000000000E+00 2.811969127E+02
4.410690000E-03 7.405900000E+00 0.000000000E+00 2.810898068E+02
4.425850000E-03 7.401800000E+00 0.000000000E+00 2.801269813E+02
4.431400000E-03 7.400300000E+00 0.000000000E+00 2.797761430E+02
4.440150000E-03 7.398000000E+00 0.000000000E+00 2.792248010E+02
4.447220000E-03 7.396100000E+00 0.000000000E+00 2.787809013E+02
4.459350000E-03 7.392900000E+00 0.000000000E+00 2.780225818E+02
4.468590000E-03 7.390000000E+00 0.000000000E+00 2.774476960E+02
4.496070000E-03 7.381700000E+00 0.000000000E+00 2.757519345E+02
4.502970000E-03 7.379600000E+00 0.000000000E+00 2.753293937E+02
4.508530000E-03 7.377900000E+00 0.000000000E+00 2.749898526E+02
4.513630000E-03 7.376400000E+00 0.000000000E+00 2.746791385E+02
4.519520000E-03 7.374600000E+00 0.000000000E+00 2.743211668E+02
4.524300000E-03 7.373200000E+00 0.000000000E+00 2.740313419E+02
4.529940000E-03 7.371400000E+00 0.000000000E+00 2.736901593E+02
4.534960000E-03 7.369900000E+00 0.000000000E+00 2.733871964E+02
4.545630000E-03 7.366700000E+00 0.000000000E+00 2.727454720E+02
4.550940000E-03 7.365100000E+00 0.000000000E+00 2.724272348E+02
4.554050000E-03 7.364100000E+00 0.000000000E+00 2.722411919E+02
4.580920000E-03 7.356000000E+00 0.000000000E+00 2.706443247E+02
4.592750000E-03 7.352400000E+00 0.000000000E+00 2.699471994E+02
4.604030000E-03 7.349000000E+00 0.000000000E+00 2.692858213E+02
4.612180000E-03 7.346500000E+00 0.000000000E+00 2.688099771E+02
4.615300000E-03 7.345600000E+00 0.000000000E+00 2.686282582E+02
4.626870000E-03 7.342000000E+00 0.000000000E+00 2.679565235E+02
4.637860000E-03 7.338700000E+00 0.000000000E+00 2.673215664E+02
4.649640000E-03 7.335100000E+00 0.000000000E+00 2.666442993E+02
4.684350000E-03 7.322700000E+00 0.000000000E+00 2.646685239E+02
4.695200000E-03 7.318700000E+00 0.000000000E+00 2.640569092E+02
4.706580000E-03 7.314500000E+00 0.000000000E+00 2.634184482E+02
4.717970000E-03 7.310300000E+00 0.000000000E+00 2.627825103E+02
4.729360000E-03 7.306200000E+00 0.000000000E+00 2.621496355E+02
4.763530000E-03 7.292900000E+00 0.000000000E+00 2.602691701E+02
4.774590000E-03 7.288300000E+00 0.000000000E+00 2.596662750E+02
4.778980000E-03 7.286600000E+00 0.000000000E+00 2.594277440E+02
4.789460000E-03 7.282300000E+00 0.000000000E+00 2.588600803E+02
4.798090000E-03 7.277900000E+00 0.000000000E+00 2.583944861E+02
4.807010000E-03 7.273400000E+00 0.000000000E+00 2.579150033E+02
4.821600000E-03 7.266100000E+00 0.000000000E+00 2.571345611E+02
4.833350000E-03 7.260100000E+00 0.000000000E+00 2.565094603E+02
4.853260000E-03 7.250100000E+00 0.000000000E+00 2.554571566E+02
4.887640000E-03 7.232700000E+00 0.000000000E+00 2.536602532E+02
4.918190000E-03 7.215400000E+00 0.000000000E+00 2.520846084E+02
4.937620000E-03 7.203100000E+00 4.236500000E-07 2.510926317E+02
4.951390000E-03 7.193500000E+00 2.055480000E-06 2.503943337E+02
4.967390000E-03 7.181700000E+00 1.106260000E-05 2.495878117E+02
4.989570000E-03 7.163900000E+00 8.813590000E-05 2.484783258E+02
5.016540000E-03 7.138600000E+00 7.463950000E-04 2.471424528E+02
5.029110000E-03 7.124900000E+00 1.756410000E-03 2.465247330E+02
5.040200000E-03 7.110900000E+00 3.481730000E-03 2.459823023E+02
5.051810000E-03 7.094700000E+00 6.644730000E-03 2.454169892E+02
5.070780000E-03 7.065500000E+00 1.651980000E-02 2.444988739E+02
5.091240000E-03 7.032600000E+00 3.633980000E-02 2.435163143E+02
5.103400000E-03 7.014600000E+00 5.322850000E-02 2.429360818E+02
5.115650000E-03 6.999300000E+00 7.351640000E-02 2.423543440E+02
5.150860000E-03 6.976200000E+00 1.390490000E-01 2.406976699E+02
5.163800000E-03 6.974800000E+00 1.615430000E-01 2.400945040E+02
5.174370000E-03 6.975000000E+00 1.783660000E-01 2.396040484E+02
5.184810000E-03 6.976000000E+00 1.938570000E-01 2.391215879E+02
5.197810000E-03 6.977600000E+00 2.121200000E-01 2.385235320E+02
5.214720000E-03 6.980300000E+00 2.352240000E-01 2.377500614E+02
5.244770000E-03 6.991100000E+00 2.763630000E-01 2.363878683E+02
5.259690000E-03 6.999300000E+00 2.951930000E-01 2.357173141E+02
5.272660000E-03 7.009700000E+00 3.097860000E-01 2.351374828E+02
5.288130000E-03 7.020900000E+00 3.238970000E-01 2.344496069E+02
5.303680000E-03 7.033300000E+00 3.344070000E-01 2.337622179E+02
5.350710000E-03 7.066500000E+00 3.515010000E-01 2.317075678E+02
5.391120000E-03 7.086300000E+00 3.593030000E-01 2.299707667E+02
5.420530000E-03 7.094300000E+00 3.643100000E-01 2.287230215E+02
5.477740000E-03 7.103900000E+00 3.740060000E-01 2.263342181E+02
5.508380000E-03 7.104500000E+00 3.792030000E-01 2.250752490E+02
5.548720000E-03 7.099200000E+00 3.863710000E-01 2.234389192E+02
5.643930000E-03 7.059900000E+00 4.361480000E-01 2.196696274E+02
5.732540000E-03 7.092100000E+00 5.444200000E-01 2.162741123E+02
5.846660000E-03 7.176800000E+00 5.728990000E-01 2.120526933E+02
6.245810000E-03 7.269400000E+00 6.001680000E-01 1.985010751E+02
7.086910000E-03 7.329500000E+00 6.851570000E-01 1.749422527E+02
8.076130000E-03 7.369300000E+00 8.105860000E-01 1.535141212E+02
1.023290000E-02 7.472900000E+00 1.109160000E+00 1.211582249E+02
1.273500000E-02 7.716800000E+00 1.408280000E+00 9.735374951E+01
1.438860000E-02 7.935200000E+00 1.532780000E+00 8.616543653E+01
1.531780000E-02 8.066300000E+00 1.572090000E+00 8.093851597E+01
1.600000000E-02 8.162600000E+00 1.584300000E+00 7.748750000E+01
1.674160000E-02 8.245300000E+00 1.584390000E+00 7.405504850E+01
1.718260000E-02 8.292300000E+00 1.578670000E+00 7.215438874E+01
1.746590000E-02 8.320800000E+00 1.571670000E+00 7.098403174E+01
1.831040000E-02 8.399900000E+00 1.543390000E+00 6.771015379E+01
1.901180000E-02 8.457500000E+00 1.510680000E+00 6.521213141E+01
1.971360000E-02 8.511800000E+00 1.474260000E+00 6.289059330E+01
2.036590000E-02 8.543700000E+00 1.436090000E+00 6.087626866E+01
2.105400000E-02 8.565300000E+00 1.389890000E+00 5.888667237E+01
2.181800000E-02 8.581900000E+00 1.335840000E+00 5.682464021E+01
2.264640000E-02 8.585000000E+00 1.274200000E+00 5.474600820E+01
2.320340000E-02 8.571400000E+00 1.232370000E+00 5.343182465E+01
2.398830000E-02 8.541400000E+00 1.173470000E+00 5.168352905E+01
2.458770000E-02 8.512800000E+00 1.128900000E+00 5.042358578E+01
2.500000000E-02 8.480800000E+00 1.098510000E+00 4.959200000E+01
2.540970000E-02 8.446800000E+00 1.068620000E+00 4.879239031E+01
2.576640000E-02 8.411500000E+00 1.043030000E+00 4.811692747E+01
2.636490000E-02 8.343600000E+00 1.000600000E+00 4.702464261E+01
2.663570000E-02 8.305500000E+00 9.819710000E-01 4.654655218E+01
2.689410000E-02 8.269300000E+00 9.641930000E-01 4.609933034E+01
2.702330000E-02 8.251100000E+00 9.553040000E-01 4.587892670E+01
2.715250000E-02 8.232900000E+00 9.464160000E-01 4.566062057E+01
2.728170000E-02 8.212400000E+00 9.376690000E-01 4.544438213E+01
2.734630000E-02 8.201200000E+00 9.333930000E-01 4.533702914E+01
2.740320000E-02 8.189800000E+00 9.296320000E-01 4.524289134E+01
2.746810000E-02 8.176600000E+00 9.253360000E-01 4.513599412E+01
2.754020000E-02 8.162100000E+00 9.205640000E-01 4.501782848E+01
2.759780000E-02 8.150400000E+00 9.167450000E-01 4.492387074E+01
2.766270000E-02 8.137300000E+00 9.124500000E-01 4.481847397E+01
2.780410000E-02 8.108700000E+00 9.030900000E-01 4.459054600E+01
2.787260000E-02 8.094900000E+00 8.985760000E-01 4.448095980E+01
2.792100000E-02 8.085000000E+00 8.954370000E-01 4.440385373E+01
2.800940000E-02 8.066900000E+00 8.896970000E-01 4.426371147E+01
2.805840000E-02 8.056900000E+00 8.865210000E-01 4.418641120E+01
2.812710000E-02 8.042800000E+00 8.820630000E-01 4.407848658E+01
2.819590000E-02 8.028800000E+00 8.776170000E-01 4.397093194E+01
2.826460000E-02 8.012100000E+00 8.732270000E-01 4.386405610E+01
2.831080000E-02 8.000400000E+00 8.702770000E-01 4.379247496E+01
2.838040000E-02 7.982700000E+00 8.658260000E-01 4.368507843E+01
2.845030000E-02 7.965000000E+00 8.613630000E-01 4.357774786E+01
2.851980000E-02 7.946100000E+00 8.569400000E-01 4.347155310E+01
2.858950000E-02 7.927000000E+00 8.525860000E-01 4.336557128E+01
2.865920000E-02 7.907900000E+00 8.482320000E-01 4.326010496E+01
2.871070000E-02 7.893700000E+00 8.450120000E-01 4.318250687E+01
2.876220000E-02 7.879600000E+00 8.417920000E-01 4.310518667E+01
2.882270000E-02 7.863000000E+00 8.380160000E-01 4.301470716E+01
2.885290000E-02 7.854700000E+00 8.361410000E-01 4.296968416E+01
2.888310000E-02 7.845800000E+00 8.342830000E-01 4.292475531E+01
2.892420000E-02 7.832300000E+00 8.317560000E-01 4.286376114E+01
2.895530000E-02 7.822100000E+00 8.298420000E-01 4.281772249E+01
2.898150000E-02 7.813500000E+00 8.282360000E-01 4.277901420E+01
2.899450000E-02 7.809300000E+00 8.274320000E-01 4.275983376E+01
2.900110000E-02 7.807100000E+00 8.270310000E-01 4.275010258E+01
2.900600000E-02 7.805500000E+00 8.267290000E-01 4.274288078E+01
2.900760000E-02 7.805000000E+00 8.266290000E-01 4.274052317E+01
2.907740000E-02 7.782100000E+00 8.223380000E-01 4.263792499E+01
2.908750000E-02 7.778800000E+00 8.217190000E-01 4.262311990E+01
2.912270000E-02 7.767200000E+00 8.195510000E-01 4.257160222E+01
2.916530000E-02 7.753300000E+00 8.169340000E-01 4.250942044E+01
2.919240000E-02 7.744400000E+00 8.153080000E-01 4.246995793E+01
2.922670000E-02 7.733000000E+00 8.132430000E-01 4.242011585E+01
2.925920000E-02 7.722300000E+00 8.112890000E-01 4.237299721E+01
2.930800000E-02 7.706200000E+00 8.083570000E-01 4.230244302E+01
2.936730000E-02 7.686700000E+00 8.047960000E-01 4.221702370E+01
2.942810000E-02 7.663200000E+00 8.011390000E-01 4.212980111E+01
2.949690000E-02 7.635100000E+00 7.970260000E-01 4.203153552E+01
2.956640000E-02 7.606700000E+00 7.929020000E-01 4.193273446E+01
2.963620000E-02 7.578100000E+00 7.887540000E-01 4.183397332E+01
2.970440000E-02 7.550200000E+00 7.847020000E-01 4.173792435E+01
2.977590000E-02 7.517600000E+00 7.804580000E-01 4.163770029E+01
2.981980000E-02 7.495600000E+00 7.778540000E-01 4.157640226E+01
2.986690000E-02 7.472000000E+00 7.751240000E-01 4.151083641E+01
2.993500000E-02 7.437800000E+00 7.711760000E-01 4.141640220E+01
2.999260000E-02 7.408900000E+00 7.678390000E-01 4.133686309E+01
3.008880000E-02 7.360600000E+00 7.622620000E-01 4.120470075E+01
3.014070000E-02 7.334400000E+00 7.593000000E-01 4.113374938E+01
3.021450000E-02 7.296000000E+00 7.550850000E-01 4.103327872E+01
3.029670000E-02 7.252500000E+00 7.503920000E-01 4.092194860E+01
3.036600000E-02 7.207300000E+00 7.464390000E-01 4.082855826E+01
3.053000000E-02 7.099900000E+00 7.371570000E-01 4.060923682E+01
3.060520000E-02 7.046700000E+00 7.329720000E-01 4.050945591E+01
3.067180000E-02 6.994100000E+00 7.292620000E-01 4.042149466E+01
3.075020000E-02 6.931100000E+00 7.249400000E-01 4.031843695E+01
3.090000000E-02 6.803700000E+00 7.167340000E-01 4.012297735E+01
3.090580000E-02 6.798300000E+00 7.164210000E-01 4.011544759E+01
3.103940000E-02 6.663300000E+00 7.091450000E-01 3.994278240E+01
3.124020000E-02 6.415700000E+00 6.994670000E-01 3.968604554E+01
3.134300000E-02 6.258300000E+00 6.975120000E-01 3.955588170E+01
3.143400000E-02 6.094200000E+00 7.021300000E-01 3.944136922E+01
3.159700000E-02 5.714700000E+00 7.543220000E-01 3.923790233E+01
3.173070000E-02 5.323000000E+00 8.975430000E-01 3.907257010E+01
3.186840000E-02 4.891000000E+00 1.218360000E+00 3.890374164E+01
3.203390000E-02 4.494100000E+00 1.879170000E+00 3.870274927E+01
3.213400000E-02 4.413900000E+00 2.374950000E+00 3.858218709E+01
3.226640000E-02 4.527600000E+00 3.019370000E+00 3.842387127E+01
3.239410000E-02 4.826800000E+00 3.513350000E+00 3.827240146E+01
3.258240000E-02 5.377300000E+00 3.909970000E+00 3.805121784E+01
3.273860000E-02 5.763200000E+00 4.012730000E+00 3.786967066E+01
3.297820000E-02 6.113900000E+00 4.005590000E+00 3.759453215E+01
3.359870000E-02 6.148400000E+00 4.458240000E+00 3.690023721E+01
3.416630000E-02 7.139500000E+00 5.357520000E+00 3.628721869E+01
3.536530000E-02 8.736200000E+00 5.010530000E+00 3.505696262E+01
3.713320000E-02 9.754700000E+00 4.372400000E+00 3.338791163E+01
4.043500000E-02 1.057570000E+01 3.369910000E+00 3.066155558E+01
4.384040000E-02 1.083190000E+01 2.582790000E+00 2.827985146E+01
4.721350000E-02 1.083040000E+01 2.009120000E+00 2.625943851E+01
5.046360000E-02 1.070630000E+01 1.605700000E+00 2.456820362E+01
5.097860000E-02 1.068100000E+01 1.552640000E+00 2.432000879E+01
5.137260000E-02 1.065930000E+01 1.514150000E+00 2.413348750E+01
5.189810000E-02 1.062350000E+01 1.464520000E+00 2.388912118E+01
5.221090000E-02 1.059810000E+01 1.437450000E+00 2.374599940E+01
5.292050000E-02 1.052330000E+01 1.396540000E+00 2.342759422E+01
5.358390000E-02 1.048010000E+01 1.409890000E+00 2.313754691E+01
5.562530000E-02 1.046070000E+01 1.314160000E+00 2.228841912E+01
5.964510000E-02 1.031530000E+01 1.123570000E+00 2.078628420E+01
6.456540000E-02 1.011980000E+01 9.810190000E-01 1.920223525E+01
7.031780000E-02 9.859900000E+00 8.939240000E-01 1.763138210E+01
7.806250000E-02 9.554100000E+00 8.548080000E-01 1.588214572E+01
9.015710000E-02 9.073700000E+00 8.767890000E-01 1.375155146E+01
1.248100000E-01 7.506600000E+00 1.029360000E+00 9.933498918E+00
1.445560000E-01 6.001700000E+00 1.088510000E+00 8.576606990E+00
1.532730000E-01 4.981700000E+00 1.109670000E+00 8.088834955E+00
1.589950000E-01 4.081700000E+00 1.122720000E+00 7.797729488E+00
1.607630000E-01 3.776200000E+00 1.126420000E+00 7.711973526E+00
1.617650000E-01 3.577500000E+00 1.128640000E+00 7.664204247E+00
1.625410000E-01 3.402400000E+00 1.131130000E+00 7.627613956E+00
1.633330000E-01 3.200400000E+00 1.137380000E+00 7.590627736E+00
1.643210000E-01 2.914200000E+00 1.164070000E+00 7.544988163E+00
1.651200000E-01 2.658400000E+00 1.220310000E+00 7.508478682E+00
1.658440000E-01 2.423800000E+00 1.309180000E+00 7.475700055E+00
1.664690000E-01 2.234800000E+00 1.412630000E+00 7.447632893E+00
1.673800000E-01 1.994500000E+00 1.587050000E+00 7.407097622E+00
1.687000000E-01 1.716400000E+00 1.835320000E+00 7.349140486E+00
1.704500000E-01 1.388000000E+00 2.087470000E+00 7.273687298E+00
1.727630000E-01 8.257000000E-01 2.366690000E+00 7.176305112E+00
1.747490000E-01 2.389000000E-01 2.723820000E+00 7.094747323E+00
1.759350000E-01 -1.162000000E-01 3.009360000E+00 7.046920738E+00
1.770000000E-01 -4.207000000E-01 3.310260000E+00 7.004519774E+00
1.778280000E-01 -6.432000000E-01 3.569170000E+00 6.971905437E+00
1.792000000E-01 -9.801000000E-01 4.035990000E+00 6.918526786E+00
1.809750000E-01 -1.338300000E+00 4.694170000E+00 6.850669982E+00
1.831290000E-01 -1.640700000E+00 5.540220000E+00 6.770091029E+00
1.841330000E-01 -1.754300000E+00 5.939650000E+00 6.733176563E+00
1.870000000E-01 -1.979200000E+00 7.078970000E+00 6.629946524E+00
1.892500000E-01 -2.028100000E+00 7.967290000E+00 6.551122853E+00
1.920000000E-01 -1.961000000E+00 9.025120000E+00 6.457291667E+00
1.937500000E-01 -1.860100000E+00 9.676630000E+00 6.398967742E+00
1.960000000E-01 -1.661200000E+00 1.047830000E+01 6.325510204E+00
1.982500000E-01 -1.395700000E+00 1.122940000E+01 6.253720050E+00
2.020000000E-01 -8.428000000E-01 1.234900000E+01 6.137623762E+00
2.060000000E-01 -1.665000000E-01 1.334600000E+01 6.018446602E+00
2.071330000E-01 3.000000000E-02 1.359540000E+01 5.985526208E+00
2.105000000E-01 6.044000000E-01 1.427190000E+01 5.889786223E+00
2.135000000E-01 1.106300000E+00 1.480500000E+01 5.807025761E+00
2.215000000E-01 2.378800000E+00 1.600640000E+01 5.597291196E+00
2.427350000E-01 5.626300000E+00 1.829450000E+01 5.107627660E+00
2.600160000E-01 8.056800000E+00 1.922530000E+01 4.768168113E+00
2.748940000E-01 9.759400000E+00 1.958750000E+01 4.510102076E+00
2.839920000E-01 1.056700000E+01 1.968070000E+01 4.365615933E+00
2.890610000E-01 1.089190000E+01 1.969500000E+01 4.289060095E+00
2.918530000E-01 1.098580000E+01 1.969370000E+01 4.248028973E+00
2.938810000E-01 1.098200000E+01 1.970510000E+01 4.218714378E+00
2.949220000E-01 1.094070000E+01 1.973210000E+01 4.203823384E+00
2.960220000E-01 1.086430000E+01 1.980000000E+01 4.188202228E+00
2.972250000E-01 1.076120000E+01 1.994710000E+01 4.171250736E+00
2.987500000E-01 1.067310000E+01 2.026280000E+01 4.149958159E+00
3.001100000E-01 1.072890000E+01 2.063420000E+01 4.131151911E+00
3.015670000E-01 1.094660000E+01 2.101630000E+01 4.111192538E+00
3.038860000E-01 1.148680000E+01 2.137830000E+01 4.079819406E+00
3.060890000E-01 1.192900000E+01 2.147660000E+01 4.050455913E+00
3.078550000E-01 1.216910000E+01 2.151450000E+01 4.027220607E+00
3.103080000E-01 1.239990000E+01 2.165820000E+01 3.995385230E+00
3.120470000E-01 1.261460000E+01 2.185140000E+01 3.973119434E+00
3.160190000E-01 1.336410000E+01 2.220890000E+01 3.923181834E+00
3.263040000E-01 1.504960000E+01 2.215950000E+01 3.799524370E+00
3.569660000E-01 1.827070000E+01 2.149320000E+01 3.473159909E+00
3.800860000E-01 1.974900000E+01 2.086650000E+01 3.261893361E+00
3.878860000E-01 2.008730000E+01 2.127010000E+01 3.196299944E+00
4.050420000E-01 2.195090000E+01 2.096030000E+01 3.060917139E+00
4.441200000E-01 2.447840000E+01 1.962250000E+01 2.791587859E+00
5.010480000E-01 2.696440000E+01 1.773050000E+01 2.474413629E+00
5.721370000E-01 2.897710000E+01 1.562190000E+01 2.166963507E+00
6.531310000E-01 3.038601000E+01 1.358180000E+01 1.898240935E+00
7.564260000E-01 3.143143000E+01 1.149500000E+01 1.639023513E+00
8.926090000E-01 3.205981000E+01 9.410700000E+00 1.388962020E+00
1.062420000E+00 3.226651000E+01 7.533470000E+00 1.166958453E+00
1.252370000E+00 3.206643000E+01 6.048590000E+00 9.899630301E-01
1.469110000E+00 3.144631000E+01 4.852670000E+00 8.439123006E-01
1.686690000E+00 3.031746000E+01 3.989280000E+00 7.350491199E-01
1.831520000E+00 2.901377000E+01 3.540610000E+00 6.769240849E-01
1.929850000E+00 2.753200000E+01 3.279230000E+00 6.424333497E-01
1.987870000E+00 2.607050000E+01 3.139100000E+00 6.236826352E-01
2.027400000E+00 2.435530000E+01 3.056370000E+00 6.115221466E-01
2.031080000E+00 2.412290000E+01 3.055320000E+00 6.104141639E-01
2.040840000E+00 2.337160000E+01 3.095780000E+00 6.074949531E-01
2.045780000E+00 2.290860000E+01 3.168260000E+00 6.060280187E-01
2.050850000E+00 2.237230000E+01 3.312450000E+00 6.045298291E-01
2.056610000E+00 2.169770000E+01 3.603960000E+00 6.028367070E-01
2.065760000E+00 2.060780000E+01 4.452550000E+00 6.001665247E-01
2.076380000E+00 1.971700000E+01 6.055940000E+00 5.970968705E-01
2.082800000E+00 1.960500000E+01 7.199800000E+00 5.952563856E-01
2.090230000E+00 1.974950000E+01 8.473940000E+00 5.931404678E-01
2.102230000E+00 2.067340000E+01 9.968370000E+00 5.897546891E-01
2.118010000E+00 2.191100000E+01 1.076500000E+01 5.853607868E-01
2.130640000E+00 2.236870000E+01 1.101540000E+01 5.818908872E-01
2.158540000E+00 2.273350000E+01 1.256750000E+01 5.743697129E-01
2.171690000E+00 2.343810000E+01 1.356330000E+01 5.708917939E-01
2.206180000E+00 2.604690000E+01 1.431290000E+01 5.619668386E-01
2.239870000E+00 2.753020000E+01 1.404870000E+01 5.535142665E-01
2.290500000E+00 2.878880000E+01 1.362870000E+01 5.412791967E-01
2.329280000E+00 2.907378000E+01 1.347350000E+01 5.322674818E-01
2.357270000E+00 2.927235000E+01 1.407890000E+01 5.259473883E-01
2.388950000E+00 3.040417000E+01 1.458210000E+01 5.189727705E-01
2.430780000E+00 3.164319000E+01 1.430660000E+01 5.100420441E-01
2.499700000E+00 3.292633000E+01 1.373690000E+01 4.959795175E-01
2.589850000E+00 3.409699000E+01 1.303940000E+01 4.787149835E-01
2.698780000E+00 3.514270000E+01 1.225290000E+01 4.593927627E-01
2.808260000E+00 3.590655000E+01 1.154280000E+01 4.414833384E-01
2.934270000E+00 3.659214000E+01 1.079920000E+01 4.225241713E-01
3.071000000E+00 3.715700000E+01 1.007550000E+01 4.037121459E-01
3.217860000E+00 3.761719000E+01 9.382710000E+00 3.852871163E-01
3.362940000E+00 3.796817000E+01 8.766420000E+00 3.686655129E-01
3.518710000E+00 3.826273900E+01 8.172250000E+00 3.523450355E-01
3.641250000E+00 3.844449900E+01 7.745240000E+00 3.404874700E-01
3.772530000E+00 3.860228100E+01 7.322730000E+00 3.286388710E-01
3.883720000E+00 3.871144000E+01 6.991300000E+00 3.192300166E-01
3.957920000E+00 3.877373600E+01 6.782570000E+00 3.132453410E-01
4.063190000E+00 3.884786900E+01 6.504610000E+00 3.051297134E-01
4.153000000E+00 3.890196530E+01 6.281250000E+00 2.985311823E-01
4.227560000E+00 3.894254440E+01 6.103550000E+00 2.932660920E-01
4.257080000E+00 3.895659840E+01 6.035150000E+00 2.912324880E-01
4.332300000E+00 3.898868570E+01 5.864750000E+00 2.861759343E-01
4.379320000E+00 3.900645572E+01 5.762590000E+00 2.831033128E-01
4.433410000E+00 3.902490150E+01 5.647050000E+00 2.796492993E-01
4.516530000E+00 3.904798440E+01 5.477480000E+00 2.745027709E-01
4.634530000E+00 3.907427270E+01 5.250330000E+00 2.675136422E-01
4.771140000E+00 3.909616630E+01 5.006440000E+00 2.598540391E-01
4.875490000E+00 3.910778600E+01 4.830840000E+00 2.542923891E-01
5.045850000E+00 3.911958400E+01 4.563900000E+00 2.457068680E-01
5.269110000E+00 3.912113000E+01 4.247250000E+00 2.352959039E-01
5.456010000E+00 3.911589300E+01 4.007030000E+00 2.272356539E-01
5.692090000E+00 3.910094500E+01 3.729960000E+00 2.178110325E-01
5.955010000E+00 3.907356500E+01 3.454900000E+00 2.081944447E-01
6.154960000E+00 3.904807650E+01 3.267430000E+00 2.014310410E-01
6.410250000E+00 3.901171420E+01 3.049870000E+00 1.934089934E-01
6.472760000E+00 3.900223909E+01 2.999250000E+00 1.915411664E-01
6.484480000E+00 3.900050011E+01 2.989920000E+00 1.911949763E-01
6.511710000E+00 3.899611397E+01 2.968750000E+00 1.903954568E-01
6.680810000E+00 3.896935320E+01 2.841650000E+00 1.855762999E-01
6.847350000E+00 3.894271390E+01 2.723620000E+00 1.810627469E-01
7.800000000E+00 3.878088200E+01 2.174150000E+00 1.589487179E-01
8.886890000E+00 3.858820300E+01 1.730670000E+00 1.395088721E-01
1.011580000E+01 3.837984100E+01 1.376660000E+00 1.225607466E-01
1.146110000E+01 3.814363200E+01 1.101990000E+00 1.081746080E-01
1.300990000E+01 3.783844000E+01 8.770930000E-01 9.529665870E-02
1.424190000E+01 3.752400000E+01 7.446300000E-01 8.705299153E-02
1.512880000E+01 3.719902000E+01 6.670020000E-01 8.194965893E-02
1.569250000E+01 3.689456000E+01 6.239740000E-01 7.900589454E-02
1.615110000E+01 3.651107000E+01 5.919070000E-01 7.676257345E-02
1.644670000E+01 3.611069000E+01 5.727550000E-01 7.538290356E-02
1.662220000E+01 3.570534000E+01 5.730160000E-01 7.458699811E-02
1.669420000E+01 3.545349000E+01 6.049420000E-01 7.426531370E-02
1.674270000E+01 3.524473000E+01 6.627180000E-01 7.405018306E-02
1.678350000E+01 3.504740000E+01 7.506630000E-01 7.387017011E-02
1.682570000E+01 3.483330000E+01 8.937310000E-01 7.368489870E-02
1.687140000E+01 3.461118000E+01 1.118860000E+00 7.348530650E-02
1.692790000E+01 3.439687000E+01 1.498090000E+00 7.324003568E-02
1.700110000E+01 3.432248000E+01 2.100680000E+00 7.292469311E-02
1.708280000E+01 3.448552000E+01 2.754570000E+00 7.257592432E-02
1.715330000E+01 3.482091000E+01 3.172740000E+00 7.227763754E-02
1.723980000E+01 3.529234000E+01 3.453480000E+00 7.191498741E-02
1.737460000E+01 3.588975000E+01 3.555980000E+00 7.135703844E-02
1.754350000E+01 3.635749000E+01 3.516270000E+00 7.067004874E-02
1.780680000E+01 3.681192000E+01 3.434660000E+00 6.962508705E-02
1.816460000E+01 3.722735000E+01 3.333100000E+00 6.825363619E-02
1.857660000E+01 3.756170000E+01 3.213060000E+00 6.673987705E-02
1.906750000E+01 3.785401000E+01 3.079330000E+00 6.502163367E-02
1.955450000E+01 3.807234700E+01 2.954840000E+00 6.340228592E-02
2.013340000E+01 3.827358700E+01 2.819600000E+00 6.157926629E-02
2.094020000E+01 3.848858800E+01 2.648060000E+00 5.920669335E-02
2.150690000E+01 3.860840700E+01 2.535860000E+00 5.764661574E-02
2.207840000E+01 3.870915100E+01 2.426880000E+00 5.615443148E-02
2.260610000E+01 3.878515900E+01 2.332570000E+00 5.484360416E-02
2.325580000E+01 3.886483600E+01 2.223890000E+00 5.331143199E-02
2.379060000E+01 3.891910860E+01 2.140170000E+00 5.211301943E-02
2.445990000E+01 3.897656550E+01 2.042590000E+00 5.068704287E-02
2.485680000E+01 3.900490235E+01 1.988600000E+00 4.987769946E-02
2.517780000E+01 3.902804580E+01 1.945300000E+00 4.924179237E-02
2.571680000E+01 3.905962560E+01 1.877110000E+00 4.820973060E-02
2.643380000E+01 3.909654930E+01 1.792190000E+00 4.690207235E-02
2.713840000E+01 3.912755300E+01 1.713100000E+00 4.568434396E-02
2.795160000E+01 3.915603700E+01 1.627300000E+00 4.435524263E-02
2.936490000E+01 3.919213700E+01 1.492990000E+00 4.222047410E-02
3.137120000E+01 3.922371500E+01 1.330510000E+00 3.952032437E-02
3.394280000E+01 3.924317000E+01 1.158510000E+00 3.652615577E-02
3.706310000E+01 3.924655600E+01 9.887420000E-01 3.345106049E-02
4.201090000E+01 3.923059100E+01 7.889920000E-01 2.951138871E-02
4.741980000E+01 3.920144900E+01 6.308940000E-01 2.614519673E-02
5.372330000E+01 3.916512000E+01 5.000780000E-01 2.307751013E-02
6.057310000E+01 3.912741300E+01 3.986380000E-01 2.046783143E-02
6.845660000E+01 3.908954270E+01 3.157230000E-01 1.811074462E-02
7.550250000E+01 3.906043300E+01 2.616180000E-01 1.642064832E-02
8.138540000E+01 3.903954070E+01 2.263480000E-01 1.523369056E-02
8.709640000E+01 3.902162390E+01 1.983280000E-01 1.423480190E-02
9.180020000E+01 3.900833067E+01 1.789190000E-01 1.350541720E-02
9.501900000E+01 3.900002594E+01 1.672960000E-01 1.304791673E-02
9.559310000E+01 3.899855663E+01 1.653210000E-01 1.296955533E-02
9.866410000E+01 3.899129801E+01 1.554950000E-01 1.256586742E-02
1.037930000E+02 3.898001550E+01 1.408330000E-01 1.194492885E-02
1.115750000E+02 3.896510060E+01 1.222210000E-01 1.111180820E-02
1.220480000E+02 3.894807130E+01 1.024450000E-01 1.015829837E-02
1.368550000E+02 3.892883200E+01 8.179810000E-02 9.059223265E-03
1.535760000E+02 3.891216470E+01 6.523280000E-02 8.072875970E-03
1.722050000E+02 3.889795300E+01 5.209470000E-02 7.199558666E-03
1.925870000E+02 3.888606700E+01 4.186340000E-02 6.437610015E-03
2.162330000E+02 3.887570200E+01 3.345950000E-02 5.733629927E-03
2.423570000E+02 3.886708000E+01 2.691330000E-02 5.115593938E-03
2.724170000E+02 3.885971400E+01 2.160610000E-02 4.551110981E-03
3.068300000E+02 3.885350600E+01 1.734420000E-02 4.040673989E-03
3.467370000E+02 3.884825400E+01 1.392390000E-02 3.575620715E-03
3.920790000E+02 3.884391400E+01 1.124390000E-02 3.162117838E-03
4.454000000E+02 3.884029800E+01 9.089640000E-03 2.783565335E-03
5.069910000E+02 3.883736700E+01 7.398350000E-03 2.445408301E-03
5.754400000E+02 3.883509600E+01 6.115010000E-03 2.154525233E-03
6.597990000E+02 3.883316500E+01 5.038790000E-03 1.879057107E-03
7.585780000E+02 3.883164500E+01 4.205890000E-03 1.634373789E-03
8.874110000E+02 3.883037500E+01 3.493930000E-03 1.397097850E-03
1.022000000E+03 3.882953500E+01 2.999850000E-03 1.213111546E-03
1.228710000E+03 3.882876200E+01 2.464180000E-03 1.009025726E-03
1.477240000E+03 3.882822400E+01 2.024160000E-03 8.392678238E-04
1.776030000E+03 3.882785100E+01 1.662720000E-03 6.980737938E-04
2.135260000E+03 3.882759300E+01 1.365810000E-03 5.806318668E-04
2.567150000E+03 3.882741500E+01 1.121930000E-03 4.829480163E-04
3.086390000E+03 3.882729200E+01 9.215910000E-04 4.016990724E-04
3.710660000E+03 3.882720600E+01 7.570270000E-04 3.341184587E-04
4.461190000E+03 3.882714700E+01 6.218480000E-04 2.779079125E-04
5.363530000E+03 3.882710600E+01 5.108080000E-04 2.311537364E-04
6.448380000E+03 3.882707800E+01 4.195950000E-04 1.922653442E-04
7.752660000E+03 3.882705900E+01 3.446700000E-04 1.599193051E-04
9.320750000E+03 3.882704500E+01 2.831240000E-04 1.330150471E-04
1.000000000E+04 3.882704100E+01 2.630780000E-04 1.239800000E-04
