# Data retrieved from https://www-nds.iaea.org/epdl97/za1to100.htm 03/01/2021
# Element, Yb  (Z = 70) 
# Atomic weight, g mol-1 = 173.04 
# Nominal density, g cm-3 =  6.73000E+0 
# Relativistic correction estimate f_rel(5CL)*,  e atom-1 =  0 
# Nuclear Thomson correction f_NT*, e atom-1 =  0 
#    E [keV]      f1 [e atom-1]      f2 [e atom-1]    Wavelength [nm] 
1.000000000E-03 7.808500000E+00 0.000000000E+00 1.239800000E+03
1.125000000E-03 7.806300000E+00 0.000000000E+00 1.102044444E+03
1.265630000E-03 7.803800000E+00 0.000000000E+00 9.795911917E+02
1.343410000E-03 7.802500000E+00 0.000000000E+00 9.228753694E+02
1.489260000E-03 7.799900000E+00 0.000000000E+00 8.324939903E+02
1.616880000E-03 7.797700000E+00 0.000000000E+00 7.667854139E+02
1.728540000E-03 7.795700000E+00 0.000000000E+00 7.172527104E+02
1.826250000E-03 7.794000000E+00 0.000000000E+00 6.788774812E+02
1.911740000E-03 7.792500000E+00 0.000000000E+00 6.485191501E+02
2.000000000E-03 7.790900000E+00 0.000000000E+00 6.199000000E+02
2.052000000E-03 7.788700000E+00 0.000000000E+00 6.041910331E+02
2.109280000E-03 7.786300000E+00 0.000000000E+00 5.877835091E+02
2.159390000E-03 7.784200000E+00 0.000000000E+00 5.741436239E+02
2.203240000E-03 7.782400000E+00 0.000000000E+00 5.627167263E+02
2.241610000E-03 7.780800000E+00 0.000000000E+00 5.530846133E+02
2.275180000E-03 7.779400000E+00 0.000000000E+00 5.449239181E+02
2.333940000E-03 7.776900000E+00 0.000000000E+00 5.312047439E+02
2.378000000E-03 7.775100000E+00 0.000000000E+00 5.213624895E+02
2.411050000E-03 7.773700000E+00 0.000000000E+00 5.142157981E+02
2.435840000E-03 7.772700000E+00 0.000000000E+00 5.089825276E+02
2.454430000E-03 7.771900000E+00 0.000000000E+00 5.051274634E+02
2.468370000E-03 7.771300000E+00 0.000000000E+00 5.022747805E+02
2.478820000E-03 7.770900000E+00 0.000000000E+00 5.001573329E+02
2.494510000E-03 7.770200000E+00 0.000000000E+00 4.970114371E+02
2.502350000E-03 7.769900000E+00 0.000000000E+00 4.954542730E+02
2.506270000E-03 7.769700000E+00 0.000000000E+00 4.946793442E+02
2.510190000E-03 7.769500000E+00 0.000000000E+00 4.939068357E+02
2.516370000E-03 7.769300000E+00 0.000000000E+00 4.926938407E+02
2.522550000E-03 7.769000000E+00 0.000000000E+00 4.914867892E+02
2.528730000E-03 7.768800000E+00 0.000000000E+00 4.902856375E+02
2.534910000E-03 7.768500000E+00 0.000000000E+00 4.890903425E+02
2.541090000E-03 7.768200000E+00 0.000000000E+00 4.879008614E+02
2.544850000E-03 7.768100000E+00 0.000000000E+00 4.871799910E+02
2.548620000E-03 7.767900000E+00 0.000000000E+00 4.864593388E+02
2.551720000E-03 7.767800000E+00 0.000000000E+00 4.858683555E+02
2.554830000E-03 7.767700000E+00 0.000000000E+00 4.852769069E+02
2.557940000E-03 7.767500000E+00 0.000000000E+00 4.846868965E+02
2.561040000E-03 7.767400000E+00 0.000000000E+00 4.841002093E+02
2.563420000E-03 7.767300000E+00 0.000000000E+00 4.836507478E+02
2.565800000E-03 7.767200000E+00 0.000000000E+00 4.832021202E+02
2.571980000E-03 7.766900000E+00 0.000000000E+00 4.820410734E+02
2.572750000E-03 7.766900000E+00 0.000000000E+00 4.818968030E+02
2.574100000E-03 7.766900000E+00 0.000000000E+00 4.816440698E+02
2.576640000E-03 7.766800000E+00 0.000000000E+00 4.811692747E+02
2.577020000E-03 7.766700000E+00 0.000000000E+00 4.810983229E+02
2.577300000E-03 7.766700000E+00 0.000000000E+00 4.810460560E+02
2.577730000E-03 7.766700000E+00 0.000000000E+00 4.809658110E+02
2.577940000E-03 7.766700000E+00 0.000000000E+00 4.809266313E+02
2.578350000E-03 7.766700000E+00 0.000000000E+00 4.808501561E+02
2.579100000E-03 7.766600000E+00 0.000000000E+00 4.807103253E+02
2.580410000E-03 7.766600000E+00 0.000000000E+00 4.804662825E+02
2.584340000E-03 7.766400000E+00 0.000000000E+00 4.797356385E+02
2.586280000E-03 7.766300000E+00 0.000000000E+00 4.793757830E+02
2.589190000E-03 7.766200000E+00 0.000000000E+00 4.788370108E+02
2.592100000E-03 7.766100000E+00 0.000000000E+00 4.782994483E+02
2.594790000E-03 7.766000000E+00 0.000000000E+00 4.778035987E+02
2.598830000E-03 7.765800000E+00 0.000000000E+00 4.770608312E+02
2.600850000E-03 7.765700000E+00 0.000000000E+00 4.766903128E+02
2.602870000E-03 7.765700000E+00 0.000000000E+00 4.763203694E+02
2.605960000E-03 7.765500000E+00 0.000000000E+00 4.757555757E+02
2.609050000E-03 7.765400000E+00 0.000000000E+00 4.751921197E+02
2.615230000E-03 7.765100000E+00 0.000000000E+00 4.740692023E+02
2.621410000E-03 7.764900000E+00 0.000000000E+00 4.729515795E+02
2.625390000E-03 7.764700000E+00 0.000000000E+00 4.722346013E+02
2.631570000E-03 7.764500000E+00 0.000000000E+00 4.711256018E+02
2.632670000E-03 7.764400000E+00 0.000000000E+00 4.709287529E+02
2.633770000E-03 7.764400000E+00 0.000000000E+00 4.707320685E+02
2.634680000E-03 7.764300000E+00 0.000000000E+00 4.705694809E+02
2.635590000E-03 7.764300000E+00 0.000000000E+00 4.704070056E+02
2.637140000E-03 7.764200000E+00 0.000000000E+00 4.701305202E+02
2.639470000E-03 7.764100000E+00 0.000000000E+00 4.697155111E+02
2.640630000E-03 7.764100000E+00 0.000000000E+00 4.695091702E+02
2.641800000E-03 7.764000000E+00 0.000000000E+00 4.693012340E+02
2.642570000E-03 7.764000000E+00 0.000000000E+00 4.691644876E+02
2.643250000E-03 7.764000000E+00 0.000000000E+00 4.690437908E+02
2.644440000E-03 7.763900000E+00 0.000000000E+00 4.688327207E+02
2.646230000E-03 7.763800000E+00 0.000000000E+00 4.685155863E+02
2.648010000E-03 7.763800000E+00 0.000000000E+00 4.682006488E+02
2.677560000E-03 7.762500000E+00 0.000000000E+00 4.630335081E+02
2.684950000E-03 7.762200000E+00 0.000000000E+00 4.617590644E+02
2.690490000E-03 7.762000000E+00 0.000000000E+00 4.608082543E+02
2.698810000E-03 7.761600000E+00 0.000000000E+00 4.593876560E+02
2.705040000E-03 7.761400000E+00 0.000000000E+00 4.583296365E+02
2.707120000E-03 7.761300000E+00 0.000000000E+00 4.579774816E+02
2.710450000E-03 7.761100000E+00 0.000000000E+00 4.574148204E+02
2.720440000E-03 7.760700000E+00 0.000000000E+00 4.557351017E+02
2.727110000E-03 7.760400000E+00 0.000000000E+00 4.546204590E+02
2.733770000E-03 7.760200000E+00 0.000000000E+00 4.535129144E+02
2.740430000E-03 7.759900000E+00 0.000000000E+00 4.524107531E+02
2.743770000E-03 7.759700000E+00 0.000000000E+00 4.518600320E+02
2.747100000E-03 7.759600000E+00 0.000000000E+00 4.513122930E+02
2.750430000E-03 7.759500000E+00 0.000000000E+00 4.507658802E+02
2.753760000E-03 7.759300000E+00 0.000000000E+00 4.502207890E+02
2.757090000E-03 7.759200000E+00 0.000000000E+00 4.496770145E+02
2.760420000E-03 7.759000000E+00 0.000000000E+00 4.491345520E+02
2.765420000E-03 7.758800000E+00 0.000000000E+00 4.483224971E+02
2.766250000E-03 7.758800000E+00 0.000000000E+00 4.481879801E+02
2.767920000E-03 7.758700000E+00 0.000000000E+00 4.479175699E+02
2.771560000E-03 7.758600000E+00 0.000000000E+00 4.473293019E+02
2.772110000E-03 7.758600000E+00 0.000000000E+00 4.472405496E+02
2.772320000E-03 7.758600000E+00 0.000000000E+00 4.472066717E+02
2.772400000E-03 7.758500000E+00 0.000000000E+00 4.471937671E+02
2.772740000E-03 7.758500000E+00 0.000000000E+00 4.471389312E+02
2.773250000E-03 7.758500000E+00 0.000000000E+00 4.470567024E+02
2.773500000E-03 7.758500000E+00 0.000000000E+00 4.470164053E+02
2.774170000E-03 7.758500000E+00 0.000000000E+00 4.469084447E+02
2.780410000E-03 7.758200000E+00 0.000000000E+00 4.459054600E+02
2.782080000E-03 7.758100000E+00 0.000000000E+00 4.456377962E+02
2.787080000E-03 7.757900000E+00 0.000000000E+00 4.448383254E+02
2.789730000E-03 7.757800000E+00 0.000000000E+00 4.444157678E+02
2.793710000E-03 7.757700000E+00 0.000000000E+00 4.437826403E+02
2.797690000E-03 7.757500000E+00 0.000000000E+00 4.431513141E+02
2.802380000E-03 7.757300000E+00 0.000000000E+00 4.424096661E+02
2.807070000E-03 7.757100000E+00 0.000000000E+00 4.416704963E+02
2.813730000E-03 7.756800000E+00 0.000000000E+00 4.406250777E+02
2.820390000E-03 7.756500000E+00 0.000000000E+00 4.395845965E+02
2.827060000E-03 7.756300000E+00 0.000000000E+00 4.385474663E+02
2.833720000E-03 7.756000000E+00 0.000000000E+00 4.375167624E+02
2.840380000E-03 7.755700000E+00 0.000000000E+00 4.364908921E+02
2.843080000E-03 7.755600000E+00 0.000000000E+00 4.360763679E+02
2.845770000E-03 7.755500000E+00 0.000000000E+00 4.356641612E+02
2.852640000E-03 7.755200000E+00 0.000000000E+00 4.346149532E+02
2.859510000E-03 7.754900000E+00 0.000000000E+00 4.335707866E+02
2.866380000E-03 7.754600000E+00 0.000000000E+00 4.325316253E+02
2.873250000E-03 7.754300000E+00 0.000000000E+00 4.314974332E+02
2.880120000E-03 7.754000000E+00 0.000000000E+00 4.304681749E+02
2.893860000E-03 7.753500000E+00 0.000000000E+00 4.284243191E+02
2.900730000E-03 7.753200000E+00 0.000000000E+00 4.274096521E+02
2.907590000E-03 7.752900000E+00 0.000000000E+00 4.264012464E+02
2.914460000E-03 7.752600000E+00 0.000000000E+00 4.253961283E+02
2.921330000E-03 7.752300000E+00 0.000000000E+00 4.243957376E+02
2.928200000E-03 7.752000000E+00 0.000000000E+00 4.234000410E+02
2.947390000E-03 7.751200000E+00 0.000000000E+00 4.206433489E+02
2.984560000E-03 7.749700000E+00 0.000000000E+00 4.154046158E+02
3.019410000E-03 7.748200000E+00 0.000000000E+00 4.106100198E+02
3.052080000E-03 7.746800000E+00 0.000000000E+00 4.062147781E+02
3.113330000E-03 7.744300000E+00 0.000000000E+00 3.982231244E+02
3.166930000E-03 7.742000000E+00 0.000000000E+00 3.914832346E+02
3.260730000E-03 7.738100000E+00 0.000000000E+00 3.802216068E+02
3.331080000E-03 7.735100000E+00 0.000000000E+00 3.721916015E+02
3.436600000E-03 7.730700000E+00 0.000000000E+00 3.607635454E+02
3.542130000E-03 7.726300000E+00 0.000000000E+00 3.500153862E+02
3.550840000E-03 7.725900000E+00 0.000000000E+00 3.491568192E+02
3.559560000E-03 7.725600000E+00 0.000000000E+00 3.483014755E+02
3.568280000E-03 7.725200000E+00 0.000000000E+00 3.474503122E+02
3.577000000E-03 7.724800000E+00 0.000000000E+00 3.466032989E+02
3.585720000E-03 7.724500000E+00 0.000000000E+00 3.457604052E+02
3.594440000E-03 7.724100000E+00 0.000000000E+00 3.449216011E+02
3.603150000E-03 7.723700000E+00 0.000000000E+00 3.440878121E+02
3.611870000E-03 7.723400000E+00 0.000000000E+00 3.432570940E+02
3.620590000E-03 7.723000000E+00 0.000000000E+00 3.424303774E+02
3.629310000E-03 7.722600000E+00 0.000000000E+00 3.416076334E+02
3.638030000E-03 7.722300000E+00 0.000000000E+00 3.407888335E+02
3.646750000E-03 7.721900000E+00 0.000000000E+00 3.399739494E+02
3.655470000E-03 7.721500000E+00 0.000000000E+00 3.391629531E+02
3.672900000E-03 7.720800000E+00 0.000000000E+00 3.375534319E+02
3.681620000E-03 7.720400000E+00 0.000000000E+00 3.367539290E+02
3.690340000E-03 7.720100000E+00 0.000000000E+00 3.359582044E+02
3.699060000E-03 7.719700000E+00 0.000000000E+00 3.351662314E+02
3.707780000E-03 7.719300000E+00 0.000000000E+00 3.343779836E+02
3.716490000E-03 7.719000000E+00 0.000000000E+00 3.335943323E+02
3.925410000E-03 7.710200000E+00 0.000000000E+00 3.158396193E+02
4.029860000E-03 7.703900000E+00 0.000000000E+00 3.076533676E+02
4.082090000E-03 7.698200000E+00 0.000000000E+00 3.037169685E+02
4.108200000E-03 7.695400000E+00 0.000000000E+00 3.017866706E+02
4.121260000E-03 7.693900000E+00 0.000000000E+00 3.008303286E+02
4.134320000E-03 7.692500000E+00 0.000000000E+00 2.998800286E+02
4.144500000E-03 7.691400000E+00 0.000000000E+00 2.991434431E+02
4.154670000E-03 7.690300000E+00 0.000000000E+00 2.984111855E+02
4.164850000E-03 7.689200000E+00 0.000000000E+00 2.976817893E+02
4.175020000E-03 7.688100000E+00 0.000000000E+00 2.969566613E+02
4.185200000E-03 7.687000000E+00 0.000000000E+00 2.962343496E+02
4.189850000E-03 7.686500000E+00 0.000000000E+00 2.959055813E+02
4.192170000E-03 7.686200000E+00 0.000000000E+00 2.957418234E+02
4.193340000E-03 7.686100000E+00 0.000000000E+00 2.956593074E+02
4.193920000E-03 7.686100000E+00 0.000000000E+00 2.956184190E+02
4.194210000E-03 7.686000000E+00 0.000000000E+00 2.955979791E+02
4.194500000E-03 7.686000000E+00 0.000000000E+00 2.955775420E+02
4.194680000E-03 7.686000000E+00 0.000000000E+00 2.955648583E+02
4.195040000E-03 7.685900000E+00 0.000000000E+00 2.955394943E+02
4.195720000E-03 7.685900000E+00 0.000000000E+00 2.954915962E+02
4.196980000E-03 7.685700000E+00 0.000000000E+00 2.954028849E+02
4.198620000E-03 7.685500000E+00 0.000000000E+00 2.952874992E+02
4.201210000E-03 7.685300000E+00 0.000000000E+00 2.951054577E+02
4.203680000E-03 7.685000000E+00 0.000000000E+00 2.949320595E+02
4.206150000E-03 7.684700000E+00 0.000000000E+00 2.947588650E+02
4.216500000E-03 7.683600000E+00 0.000000000E+00 2.940353374E+02
4.219090000E-03 7.683300000E+00 0.000000000E+00 2.938548360E+02
4.226860000E-03 7.682500000E+00 0.000000000E+00 2.933146591E+02
4.229440000E-03 7.682200000E+00 0.000000000E+00 2.931357343E+02
4.237210000E-03 7.681400000E+00 0.000000000E+00 2.925981955E+02
4.239150000E-03 7.681200000E+00 0.000000000E+00 2.924642912E+02
4.242790000E-03 7.680800000E+00 0.000000000E+00 2.922133785E+02
4.245980000E-03 7.680400000E+00 0.000000000E+00 2.919938389E+02
4.248760000E-03 7.680100000E+00 0.000000000E+00 2.918027848E+02
4.252270000E-03 7.679700000E+00 0.000000000E+00 2.915619187E+02
4.254640000E-03 7.679500000E+00 0.000000000E+00 2.913995074E+02
4.255890000E-03 7.679300000E+00 0.000000000E+00 2.913139202E+02
4.257440000E-03 7.679200000E+00 0.000000000E+00 2.912078620E+02
4.258790000E-03 7.679000000E+00 0.000000000E+00 2.911155516E+02
4.261160000E-03 7.678800000E+00 0.000000000E+00 2.909536370E+02
4.262940000E-03 7.678600000E+00 0.000000000E+00 2.908321487E+02
4.265600000E-03 7.678300000E+00 0.000000000E+00 2.906507877E+02
4.268270000E-03 7.678000000E+00 0.000000000E+00 2.904689722E+02
4.273440000E-03 7.677400000E+00 0.000000000E+00 2.901175634E+02
4.276030000E-03 7.677200000E+00 0.000000000E+00 2.899418386E+02
4.283800000E-03 7.676300000E+00 0.000000000E+00 2.894159391E+02
4.288970000E-03 7.675700000E+00 0.000000000E+00 2.890670720E+02
4.299330000E-03 7.674600000E+00 0.000000000E+00 2.883705135E+02
4.309680000E-03 7.673500000E+00 0.000000000E+00 2.876779715E+02
4.320030000E-03 7.672400000E+00 0.000000000E+00 2.869887478E+02
4.330390000E-03 7.671300000E+00 0.000000000E+00 2.863021575E+02
4.340740000E-03 7.670100000E+00 0.000000000E+00 2.856195027E+02
4.349360000E-03 7.669200000E+00 0.000000000E+00 2.850534331E+02
4.359690000E-03 7.668100000E+00 0.000000000E+00 2.843780177E+02
4.370010000E-03 7.667000000E+00 0.000000000E+00 2.837064446E+02
4.380330000E-03 7.665800000E+00 0.000000000E+00 2.830380359E+02
4.392500000E-03 7.664500000E+00 0.000000000E+00 2.822538418E+02
4.400980000E-03 7.663600000E+00 0.000000000E+00 2.817099828E+02
4.411140000E-03 7.662500000E+00 0.000000000E+00 2.810611316E+02
4.413210000E-03 7.662300000E+00 0.000000000E+00 2.809293009E+02
4.421560000E-03 7.661400000E+00 0.000000000E+00 2.803987733E+02
4.431980000E-03 7.660200000E+00 0.000000000E+00 2.797395295E+02
4.442400000E-03 7.659100000E+00 0.000000000E+00 2.790833784E+02
4.476010000E-03 7.655500000E+00 0.000000000E+00 2.769877637E+02
4.534820000E-03 7.649100000E+00 0.000000000E+00 2.733956364E+02
4.711240000E-03 7.629000000E+00 0.000000000E+00 2.631578947E+02
4.722830000E-03 7.627100000E+00 0.000000000E+00 2.625120955E+02
4.734430000E-03 7.625300000E+00 0.000000000E+00 2.618689050E+02
4.737400000E-03 7.624800000E+00 0.000000000E+00 2.617047326E+02
4.746030000E-03 7.623400000E+00 0.000000000E+00 2.612288586E+02
4.757620000E-03 7.621500000E+00 0.000000000E+00 2.605924811E+02
4.760720000E-03 7.621000000E+00 0.000000000E+00 2.604227932E+02
4.772380000E-03 7.619200000E+00 0.000000000E+00 2.597865216E+02
4.784040000E-03 7.617300000E+00 0.000000000E+00 2.591533516E+02
4.795700000E-03 7.615400000E+00 0.000000000E+00 2.585232604E+02
4.807360000E-03 7.613600000E+00 0.000000000E+00 2.578962258E+02
4.819020000E-03 7.611700000E+00 0.000000000E+00 2.572722255E+02
4.830680000E-03 7.609800000E+00 0.000000000E+00 2.566512375E+02
4.842340000E-03 7.607900000E+00 0.000000000E+00 2.560332401E+02
4.854000000E-03 7.606100000E+00 0.000000000E+00 2.554182118E+02
4.865660000E-03 7.604200000E+00 0.000000000E+00 2.548061311E+02
4.877320000E-03 7.602300000E+00 0.000000000E+00 2.541969770E+02
4.892850000E-03 7.599800000E+00 0.000000000E+00 2.533901509E+02
4.912300000E-03 7.596700000E+00 0.000000000E+00 2.523868656E+02
4.923960000E-03 7.594800000E+00 0.000000000E+00 2.517892103E+02
4.935620000E-03 7.593000000E+00 0.000000000E+00 2.511943788E+02
4.943160000E-03 7.591800000E+00 0.000000000E+00 2.508112220E+02
4.947280000E-03 7.591100000E+00 0.000000000E+00 2.506023512E+02
4.965930000E-03 7.588100000E+00 0.000000000E+00 2.496611914E+02
4.970600000E-03 7.587400000E+00 0.000000000E+00 2.494266286E+02
4.978030000E-03 7.586200000E+00 0.000000000E+00 2.490543448E+02
4.983330000E-03 7.585300000E+00 0.000000000E+00 2.487894641E+02
4.997020000E-03 7.583100000E+00 0.000000000E+00 2.481078723E+02
5.007860000E-03 7.581400000E+00 0.000000000E+00 2.475708187E+02
5.021620000E-03 7.579200000E+00 0.000000000E+00 2.468924371E+02
5.033920000E-03 7.577200000E+00 0.000000000E+00 2.462891742E+02
5.046220000E-03 7.574200000E+00 0.000000000E+00 2.456888522E+02
5.058520000E-03 7.570500000E+00 0.000000000E+00 2.450914497E+02
5.070820000E-03 7.566700000E+00 0.000000000E+00 2.444969453E+02
5.083120000E-03 7.563000000E+00 0.000000000E+00 2.439053180E+02
5.095420000E-03 7.559200000E+00 0.000000000E+00 2.433165470E+02
5.107720000E-03 7.555500000E+00 0.000000000E+00 2.427306117E+02
5.120020000E-03 7.551800000E+00 0.000000000E+00 2.421474916E+02
5.133300000E-03 7.547700000E+00 0.000000000E+00 2.415210488E+02
5.145940000E-03 7.543900000E+00 0.000000000E+00 2.409277994E+02
5.171210000E-03 7.536200000E+00 0.000000000E+00 2.397504646E+02
5.181520000E-03 7.533100000E+00 0.000000000E+00 2.392734178E+02
5.193820000E-03 7.529300000E+00 0.000000000E+00 2.387067707E+02
5.206120000E-03 7.525600000E+00 0.000000000E+00 2.381428012E+02
5.218420000E-03 7.521800000E+00 0.000000000E+00 2.375814902E+02
5.243020000E-03 7.514400000E+00 0.000000000E+00 2.364667692E+02
5.255590000E-03 7.510500000E+00 0.000000000E+00 2.359012023E+02
5.268460000E-03 7.506600000E+00 0.000000000E+00 2.353249337E+02
5.281330000E-03 7.502700000E+00 0.000000000E+00 2.347514736E+02
5.331160000E-03 7.487500000E+00 0.000000000E+00 2.325572671E+02
5.467570000E-03 7.415200000E+00 4.086600000E-04 2.267552130E+02
5.527050000E-03 7.337400000E+00 1.469840000E-02 2.243149601E+02
5.568250000E-03 7.262800000E+00 7.198390000E-02 2.226552328E+02
5.638690000E-03 7.254100000E+00 2.754760000E-01 2.198737650E+02
5.751980000E-03 7.449000000E+00 3.624690000E-01 2.155431695E+02
6.008760000E-03 7.591000000E+00 3.174380000E-01 2.063320885E+02
6.223820000E-03 7.636100000E+00 2.841020000E-01 1.992024191E+02
6.302460000E-03 7.646400000E+00 2.731000000E-01 1.967168376E+02
6.394670000E-03 7.656100000E+00 2.608730000E-01 1.938802159E+02
6.457630000E-03 7.661000000E+00 2.529970000E-01 1.919899406E+02
6.475330000E-03 7.662300000E+00 2.508160000E-01 1.914651454E+02
6.506750000E-03 7.664500000E+00 2.469450000E-01 1.905405925E+02
6.531310000E-03 7.666300000E+00 2.439190000E-01 1.898240935E+02
6.538160000E-03 7.666600000E+00 2.431280000E-01 1.896252157E+02
6.553870000E-03 7.667400000E+00 2.413140000E-01 1.891706732E+02
6.569570000E-03 7.668100000E+00 2.394990000E-01 1.887185919E+02
6.578020000E-03 7.668500000E+00 2.385240000E-01 1.884761676E+02
6.583760000E-03 7.668700000E+00 2.378600000E-01 1.883118461E+02
6.591300000E-03 7.669100000E+00 2.369900000E-01 1.880964301E+02
6.600990000E-03 7.669500000E+00 2.358710000E-01 1.878203118E+02
6.610400000E-03 7.670000000E+00 2.347830000E-01 1.875529469E+02
6.618500000E-03 7.670300000E+00 2.338480000E-01 1.873234116E+02
6.626590000E-03 7.670700000E+00 2.329130000E-01 1.870947199E+02
6.634690000E-03 7.671100000E+00 2.319780000E-01 1.868663042E+02
6.642780000E-03 7.671500000E+00 2.310430000E-01 1.866387266E+02
6.650880000E-03 7.671800000E+00 2.301080000E-01 1.864114222E+02
6.658980000E-03 7.672100000E+00 2.292110000E-01 1.861846709E+02
6.661720000E-03 7.672200000E+00 2.289150000E-01 1.861080922E+02
6.666170000E-03 7.672300000E+00 2.284350000E-01 1.859838558E+02
6.687020000E-03 7.672900000E+00 2.261880000E-01 1.854039617E+02
6.694510000E-03 7.673100000E+00 2.253800000E-01 1.851965267E+02
6.710910000E-03 7.673500000E+00 2.236130000E-01 1.847439468E+02
6.727310000E-03 7.673900000E+00 2.218450000E-01 1.842935735E+02
6.743710000E-03 7.674400000E+00 2.200780000E-01 1.838453907E+02
6.750860000E-03 7.674600000E+00 2.193070000E-01 1.836506756E+02
6.761580000E-03 7.674800000E+00 2.181730000E-01 1.833595106E+02
6.772310000E-03 7.675000000E+00 2.170970000E-01 1.830689971E+02
6.782600000E-03 7.675100000E+00 2.160640000E-01 1.827912600E+02
6.787750000E-03 7.675100000E+00 2.155480000E-01 1.826525726E+02
6.792900000E-03 7.675200000E+00 2.150310000E-01 1.825140956E+02
6.801090000E-03 7.675300000E+00 2.142090000E-01 1.822943087E+02
6.805190000E-03 7.675400000E+00 2.137970000E-01 1.821844798E+02
6.807240000E-03 7.675400000E+00 2.135910000E-01 1.821296149E+02
6.808270000E-03 7.675400000E+00 2.134890000E-01 1.821020612E+02
6.808780000E-03 7.675400000E+00 2.134370000E-01 1.820884211E+02
6.809290000E-03 7.675400000E+00 2.133860000E-01 1.820747831E+02
6.809550000E-03 7.675400000E+00 2.133600000E-01 1.820678312E+02
6.810540000E-03 7.675400000E+00 2.132600000E-01 1.820413653E+02
6.811020000E-03 7.675400000E+00 2.132130000E-01 1.820285361E+02
6.811930000E-03 7.675400000E+00 2.131210000E-01 1.820042191E+02
6.818810000E-03 7.675500000E+00 2.124310000E-01 1.818205816E+02
6.823970000E-03 7.675600000E+00 2.119130000E-01 1.816830965E+02
6.825690000E-03 7.675600000E+00 2.117400000E-01 1.816373143E+02
6.842090000E-03 7.675800000E+00 2.100950000E-01 1.812019427E+02
6.850290000E-03 7.675900000E+00 2.092720000E-01 1.809850386E+02
6.858480000E-03 7.676000000E+00 2.084490000E-01 1.807689167E+02
6.865280000E-03 7.676100000E+00 2.077680000E-01 1.805898667E+02
6.876860000E-03 7.676300000E+00 2.066050000E-01 1.802857700E+02
6.885650000E-03 7.676300000E+00 2.057870000E-01 1.800556229E+02
6.896660000E-03 7.676300000E+00 2.047610000E-01 1.797681776E+02
6.907670000E-03 7.676300000E+00 2.037350000E-01 1.794816487E+02
6.924070000E-03 7.676300000E+00 2.022070000E-01 1.790565376E+02
6.940470000E-03 7.676300000E+00 2.006800000E-01 1.786334355E+02
6.956870000E-03 7.676300000E+00 1.991520000E-01 1.782123282E+02
6.973260000E-03 7.676300000E+00 1.976250000E-01 1.777934567E+02
6.989660000E-03 7.676300000E+00 1.960970000E-01 1.773762958E+02
7.002280000E-03 7.676300000E+00 1.949310000E-01 1.770566158E+02
7.027120000E-03 7.676000000E+00 1.927910000E-01 1.764307426E+02
7.561740000E-03 7.663300000E+00 1.516910000E-01 1.639569729E+02
7.797160000E-03 7.653400000E+00 1.371290000E-01 1.590066127E+02
7.800300000E-03 7.653300000E+00 1.369410000E-01 1.589426048E+02
7.804860000E-03 7.653100000E+00 1.366740000E-01 1.588497423E+02
7.807790000E-03 7.652900000E+00 1.365110000E-01 1.587901314E+02
7.809260000E-03 7.652900000E+00 1.364290000E-01 1.587602410E+02
7.810730000E-03 7.652800000E+00 1.363470000E-01 1.587303620E+02
7.815190000E-03 7.652600000E+00 1.360980000E-01 1.586397772E+02
7.825370000E-03 7.652100000E+00 1.355300000E-01 1.584334031E+02
7.835550000E-03 7.651600000E+00 1.349610000E-01 1.582275654E+02
7.842360000E-03 7.651300000E+00 1.345810000E-01 1.580901667E+02
7.849180000E-03 7.651000000E+00 1.342000000E-01 1.579528053E+02
7.868400000E-03 7.650100000E+00 1.331270000E-01 1.575669768E+02
7.887630000E-03 7.649200000E+00 1.320540000E-01 1.571828293E+02
7.897240000E-03 7.648700000E+00 1.315170000E-01 1.569915565E+02
7.906850000E-03 7.648300000E+00 1.309810000E-01 1.568007487E+02
7.913020000E-03 7.648000000E+00 1.306370000E-01 1.566784868E+02
7.922260000E-03 7.647500000E+00 1.301350000E-01 1.564957474E+02
7.931500000E-03 7.647100000E+00 1.296530000E-01 1.563134338E+02
7.939760000E-03 7.646700000E+00 1.292230000E-01 1.561508156E+02
7.945950000E-03 7.646400000E+00 1.289000000E-01 1.560291721E+02
7.955240000E-03 7.645900000E+00 1.284170000E-01 1.558469638E+02
7.959890000E-03 7.645700000E+00 1.281750000E-01 1.557559213E+02
7.962210000E-03 7.645600000E+00 1.280540000E-01 1.557105377E+02
7.969340000E-03 7.645200000E+00 1.276820000E-01 1.555712267E+02
7.972940000E-03 7.645100000E+00 1.274940000E-01 1.555009821E+02
7.975640000E-03 7.644900000E+00 1.273540000E-01 1.554483402E+02
7.978430000E-03 7.644800000E+00 1.272080000E-01 1.553939810E+02
7.979100000E-03 7.644800000E+00 1.271740000E-01 1.553809327E+02
7.980260000E-03 7.644700000E+00 1.271130000E-01 1.553583467E+02
7.982010000E-03 7.644600000E+00 1.270220000E-01 1.553242855E+02
7.982880000E-03 7.644600000E+00 1.269770000E-01 1.553073577E+02
7.985100000E-03 7.644500000E+00 1.268610000E-01 1.552641795E+02
7.990130000E-03 7.644200000E+00 1.265990000E-01 1.551664366E+02
8.001450000E-03 7.643500000E+00 1.260090000E-01 1.549469159E+02
8.005220000E-03 7.643000000E+00 1.258130000E-01 1.548739448E+02
8.024930000E-03 7.640100000E+00 1.247860000E-01 1.544935594E+02
8.034780000E-03 7.638600000E+00 1.242730000E-01 1.543041627E+02
8.044630000E-03 7.637200000E+00 1.237590000E-01 1.541152297E+02
8.052920000E-03 7.636000000E+00 1.233280000E-01 1.539565772E+02
8.065350000E-03 7.634200000E+00 1.226800000E-01 1.537193054E+02
8.077790000E-03 7.632400000E+00 1.220320000E-01 1.534825738E+02
8.088450000E-03 7.630800000E+00 1.214800000E-01 1.532802947E+02
8.099110000E-03 7.629200000E+00 1.209610000E-01 1.530785481E+02
8.118330000E-03 7.626300000E+00 1.200250000E-01 1.527161374E+02
8.137560000E-03 7.623400000E+00 1.190890000E-01 1.523552515E+02
8.157320000E-03 7.620500000E+00 1.181260000E-01 1.519861915E+02
8.177200000E-03 7.617500000E+00 1.171580000E-01 1.516166903E+02
8.195230000E-03 7.614800000E+00 1.162800000E-01 1.512831245E+02
8.210530000E-03 7.612500000E+00 1.155350000E-01 1.510012143E+02
8.232790000E-03 7.609200000E+00 1.144510000E-01 1.505929339E+02
8.244520000E-03 7.607400000E+00 1.139140000E-01 1.503786758E+02
8.264470000E-03 7.604300000E+00 1.130010000E-01 1.500156695E+02
8.284420000E-03 7.601300000E+00 1.120870000E-01 1.496544115E+02
8.304370000E-03 7.598200000E+00 1.111740000E-01 1.492948893E+02
8.324320000E-03 7.595200000E+00 1.102870000E-01 1.489370904E+02
8.348260000E-03 7.591500000E+00 1.092580000E-01 1.485099889E+02
8.387610000E-03 7.585500000E+00 1.075660000E-01 1.478132627E+02
8.404120000E-03 7.582900000E+00 1.068560000E-01 1.475228816E+02
8.424060000E-03 7.579900000E+00 1.059990000E-01 1.471736906E+02
8.435670000E-03 7.578100000E+00 1.055000000E-01 1.469711357E+02
8.444010000E-03 7.576800000E+00 1.051410000E-01 1.468259749E+02
8.463960000E-03 7.573700000E+00 1.042940000E-01 1.464798983E+02
8.475430000E-03 7.572000000E+00 1.038350000E-01 1.462816636E+02
8.503860000E-03 7.567500000E+00 1.026980000E-01 1.457926165E+02
8.587960000E-03 7.554500000E+00 9.933310000E-02 1.443649016E+02
8.626150000E-03 7.548500000E+00 9.783810000E-02 1.437257641E+02
8.668610000E-03 7.541900000E+00 9.624700000E-02 1.430217763E+02
8.689840000E-03 7.538500000E+00 9.545150000E-02 1.426723622E+02
8.711080000E-03 7.535200000E+00 9.465590000E-02 1.423244879E+02
8.734840000E-03 7.531500000E+00 9.380170000E-02 1.419373452E+02
8.797790000E-03 7.521500000E+00 9.158580000E-02 1.409217542E+02
8.818770000E-03 7.518200000E+00 9.084710000E-02 1.405864990E+02
8.839760000E-03 7.514900000E+00 9.010840000E-02 1.402526765E+02
8.860740000E-03 7.511600000E+00 8.939870000E-02 1.399205935E+02
8.888990000E-03 7.507100000E+00 8.846590000E-02 1.394759135E+02
8.944670000E-03 7.498300000E+00 8.662720000E-02 1.386076848E+02
8.965860000E-03 7.495000000E+00 8.592740000E-02 1.382800981E+02
8.987100000E-03 7.491600000E+00 8.522630000E-02 1.379532886E+02
9.008510000E-03 7.488200000E+00 8.451920000E-02 1.376254231E+02
9.052750000E-03 7.481200000E+00 8.311160000E-02 1.369528596E+02
9.074870000E-03 7.477700000E+00 8.243010000E-02 1.366190370E+02
9.096990000E-03 7.474200000E+00 8.174860000E-02 1.362868377E+02
9.119100000E-03 7.470600000E+00 8.106700000E-02 1.359563992E+02
9.207580000E-03 7.456500000E+00 7.840270000E-02 1.346499297E+02
9.420620000E-03 7.404200000E+00 7.264580000E-02 1.316049262E+02
9.496050000E-03 7.371800000E+00 7.329300000E-02 1.305595484E+02
9.542900000E-03 7.345200000E+00 7.975980000E-02 1.299185782E+02
9.565390000E-03 7.331200000E+00 8.643700000E-02 1.296131156E+02
9.588370000E-03 7.317100000E+00 9.644350000E-02 1.293024779E+02
9.616870000E-03 7.301600000E+00 1.135720000E-01 1.289192845E+02
9.651650000E-03 7.289300000E+00 1.403240000E-01 1.284547202E+02
9.688020000E-03 7.286000000E+00 1.708100000E-01 1.279724856E+02
9.707270000E-03 7.289000000E+00 1.859390000E-01 1.277187098E+02
9.730260000E-03 7.295400000E+00 2.019120000E-01 1.274169447E+02
9.757850000E-03 7.306300000E+00 2.169280000E-01 1.270566774E+02
9.780320000E-03 7.316300000E+00 2.255510000E-01 1.267647684E+02
9.820110000E-03 7.333200000E+00 2.340480000E-01 1.262511316E+02
9.843610000E-03 7.341600000E+00 2.360050000E-01 1.259497278E+02
9.866980000E-03 7.348700000E+00 2.366990000E-01 1.256514151E+02
9.892020000E-03 7.355100000E+00 2.366010000E-01 1.253333495E+02
9.913710000E-03 7.359200000E+00 2.359840000E-01 1.250591353E+02
9.960440000E-03 7.363400000E+00 2.340250000E-01 1.244724129E+02
1.003140000E-02 7.369800000E+00 2.310510000E-01 1.235919214E+02
1.008080000E-02 7.374200000E+00 2.290130000E-01 1.229862709E+02
1.011580000E-02 7.377400000E+00 2.275940000E-01 1.225607466E+02
1.013020000E-02 7.377300000E+00 2.270360000E-01 1.223865274E+02
1.015480000E-02 7.377300000E+00 2.260760000E-01 1.220900461E+02
1.022890000E-02 7.377000000E+00 2.232060000E-01 1.212056037E+02
1.025360000E-02 7.377000000E+00 2.222790000E-01 1.209136303E+02
1.027830000E-02 7.376900000E+00 2.213520000E-01 1.206230602E+02
1.030300000E-02 7.376800000E+00 2.204240000E-01 1.203338833E+02
1.033260000E-02 7.376700000E+00 2.193120000E-01 1.199891605E+02
1.038940000E-02 7.376200000E+00 2.172190000E-01 1.193331665E+02
1.042810000E-02 7.374700000E+00 2.159320000E-01 1.188903060E+02
1.045370000E-02 7.373700000E+00 2.150790000E-01 1.185991563E+02
1.057220000E-02 7.368900000E+00 2.111960000E-01 1.172698209E+02
1.089050000E-02 7.317200000E+00 2.041640000E-01 1.138423397E+02
1.104290000E-02 7.262100000E+00 2.410040000E-01 1.122712331E+02
1.112220000E-02 7.256700000E+00 2.844640000E-01 1.114707522E+02
1.127040000E-02 7.296900000E+00 3.270050000E-01 1.100049688E+02
1.202260000E-02 7.329800000E+00 3.088220000E-01 1.031224527E+02
1.337780000E-02 7.227000000E+00 2.897310000E-01 9.267592579E+01
1.462180000E-02 7.100100000E+00 2.890050000E-01 8.479120218E+01
1.500000000E-02 7.058500000E+00 2.912570000E-01 8.265333333E+01
1.560270000E-02 6.976100000E+00 2.969100000E-01 7.946060618E+01
1.600000000E-02 6.920700000E+00 3.019100000E-01 7.748750000E+01
1.630000000E-02 6.878000000E+00 3.062740000E-01 7.606134969E+01
1.698240000E-02 6.775100000E+00 3.183740000E-01 7.300499340E+01
1.787370000E-02 6.629100000E+00 3.380590000E-01 6.936448525E+01
1.811510000E-02 6.589000000E+00 3.442410000E-01 6.844014110E+01
1.891440000E-02 6.441600000E+00 3.664860000E-01 6.554794231E+01
1.950000000E-02 6.327200000E+00 3.846980000E-01 6.357948718E+01
1.998160000E-02 6.223400000E+00 4.014740000E-01 6.204708332E+01
2.037770000E-02 6.136800000E+00 4.157100000E-01 6.084101739E+01
2.071470000E-02 6.062700000E+00 4.288200000E-01 5.985121677E+01
2.112030000E-02 5.961100000E+00 4.453860000E-01 5.870181768E+01
2.177010000E-02 5.796000000E+00 4.731760000E-01 5.694966950E+01
2.238720000E-02 5.622800000E+00 5.018270000E-01 5.537985992E+01
2.283620000E-02 5.487400000E+00 5.235590000E-01 5.429099412E+01
2.327150000E-02 5.347600000E+00 5.465430000E-01 5.327546570E+01
2.375200000E-02 5.183500000E+00 5.720140000E-01 5.219770967E+01
2.410800000E-02 5.052400000E+00 5.917020000E-01 5.142691223E+01
2.434120000E-02 4.960700000E+00 6.050050000E-01 5.093421853E+01
2.462050000E-02 4.845300000E+00 6.219480000E-01 5.035641031E+01
2.481480000E-02 4.761600000E+00 6.337440000E-01 4.996211938E+01
2.514660000E-02 4.610400000E+00 6.543390000E-01 4.930288787E+01
2.546730000E-02 4.455300000E+00 6.748050000E-01 4.868203539E+01
2.565940000E-02 4.352000000E+00 6.870750000E-01 4.831757563E+01
2.587990000E-02 4.233400000E+00 7.011560000E-01 4.790590381E+01
2.594790000E-02 4.193200000E+00 7.054960000E-01 4.778035987E+01
2.613330000E-02 4.083400000E+00 7.173380000E-01 4.744138704E+01
2.624610000E-02 4.016600000E+00 7.245410000E-01 4.723749433E+01
2.633240000E-02 3.960500000E+00 7.302180000E-01 4.708268141E+01
2.639720000E-02 3.918300000E+00 7.347320000E-01 4.696710257E+01
2.646200000E-02 3.876100000E+00 7.392460000E-01 4.685208979E+01
2.652680000E-02 3.833900000E+00 7.437610000E-01 4.673763892E+01
2.659160000E-02 3.790200000E+00 7.482770000E-01 4.662374584E+01
2.659940000E-02 3.784600000E+00 7.488190000E-01 4.661007391E+01
2.666490000E-02 3.737800000E+00 7.535960000E-01 4.649558033E+01
2.673030000E-02 3.690200000E+00 7.584030000E-01 4.638182138E+01
2.679580000E-02 3.642700000E+00 7.632090000E-01 4.626844505E+01
2.686130000E-02 3.593600000E+00 7.680160000E-01 4.615562166E+01
2.692670000E-02 3.539300000E+00 7.728220000E-01 4.604351814E+01
2.695950000E-02 3.512100000E+00 7.752260000E-01 4.598749977E+01
2.700860000E-02 3.471300000E+00 7.788310000E-01 4.590389728E+01
2.705770000E-02 3.430500000E+00 7.824360000E-01 4.582059820E+01
2.709040000E-02 3.403300000E+00 7.848390000E-01 4.576528955E+01
2.712320000E-02 3.376100000E+00 7.872420000E-01 4.570994573E+01
2.717230000E-02 3.335400000E+00 7.908470000E-01 4.562734844E+01
2.718040000E-02 3.328600000E+00 7.914480000E-01 4.561375109E+01
2.719680000E-02 3.315000000E+00 7.926500000E-01 4.558624544E+01
2.723260000E-02 3.285200000E+00 7.952780000E-01 4.552631772E+01
2.724000000E-02 3.279100000E+00 7.958210000E-01 4.551395007E+01
2.724090000E-02 3.278400000E+00 7.958850000E-01 4.551244636E+01
2.724420000E-02 3.275600000E+00 7.961280000E-01 4.550693359E+01
2.724910000E-02 3.271500000E+00 7.964920000E-01 4.549875042E+01
2.725160000E-02 3.269400000E+00 7.966740000E-01 4.549457647E+01
2.725410000E-02 3.267400000E+00 7.968560000E-01 4.549040328E+01
2.725820000E-02 3.264000000E+00 7.971560000E-01 4.548356091E+01
2.731960000E-02 3.213000000E+00 8.016620000E-01 4.538133794E+01
2.733590000E-02 3.199400000E+00 8.028640000E-01 4.535427771E+01
2.738500000E-02 3.151200000E+00 8.064690000E-01 4.527295965E+01
2.740960000E-02 3.127000000E+00 8.082710000E-01 4.523232736E+01
2.745260000E-02 3.084600000E+00 8.114260000E-01 4.516147833E+01
2.751700000E-02 3.021000000E+00 8.161570000E-01 4.505578370E+01
2.754920000E-02 2.989200000E+00 8.185230000E-01 4.500312169E+01
2.758150000E-02 2.957400000E+00 8.208890000E-01 4.495041967E+01
2.764690000E-02 2.892700000E+00 8.256950000E-01 4.484408740E+01
2.771240000E-02 2.826800000E+00 8.305020000E-01 4.473809558E+01
2.777790000E-02 2.750800000E+00 8.353090000E-01 4.463260362E+01
2.788930000E-02 2.621500000E+00 8.434880000E-01 4.445432478E+01
2.790880000E-02 2.598800000E+00 8.449240000E-01 4.442326435E+01
2.793270000E-02 2.571100000E+00 8.466780000E-01 4.438525456E+01
2.795660000E-02 2.543300000E+00 8.484320000E-01 4.434730976E+01
2.802390000E-02 2.454300000E+00 8.533770000E-01 4.424080874E+01
2.804590000E-02 2.423100000E+00 8.549950000E-01 4.420610499E+01
2.809120000E-02 2.358900000E+00 8.585910000E-01 4.413481802E+01
2.818060000E-02 2.232000000E+00 8.656880000E-01 4.399480494E+01
2.824960000E-02 2.133700000E+00 8.711670000E-01 4.388734708E+01
2.831870000E-02 2.035400000E+00 8.766470000E-01 4.378025827E+01
2.839560000E-02 1.925900000E+00 8.827560000E-01 4.366169407E+01
2.844140000E-02 1.845200000E+00 8.863920000E-01 4.359138439E+01
2.849510000E-02 1.750500000E+00 8.906580000E-01 4.350923492E+01
2.854900000E-02 1.655600000E+00 8.950910000E-01 4.342709027E+01
2.860280000E-02 1.560500000E+00 8.995860000E-01 4.334540674E+01
2.867440000E-02 1.409400000E+00 9.055600000E-01 4.323717323E+01
2.874500000E-02 1.260500000E+00 9.114510000E-01 4.313097930E+01
2.883510000E-02 1.064000000E+00 9.189830000E-01 4.299620948E+01
2.890310000E-02 8.952000000E-01 9.246830000E-01 4.289505278E+01
2.899040000E-02 6.580000000E-01 9.321110000E-01 4.276588112E+01
2.908170000E-02 3.784000000E-01 9.404390000E-01 4.263162057E+01
2.918450000E-02 1.350000000E-02 9.526150000E-01 4.248145420E+01
2.929990000E-02 -4.876000000E-01 9.801780000E-01 4.231413759E+01
2.947860000E-02 -1.551500000E+00 1.148030000E+00 4.205762825E+01
2.960610000E-02 -2.573000000E+00 1.545270000E+00 4.187650518E+01
3.002600000E-02 -4.844100000E+00 6.406960000E+00 4.129088124E+01
3.035460000E-02 -2.084700000E+00 1.008630000E+01 4.084389186E+01
3.095950000E-02 2.314800000E+00 1.004390000E+01 4.004586637E+01
3.121160000E-02 3.165300000E+00 9.675570000E+00 3.972241090E+01
3.145290000E-02 3.759700000E+00 9.357930000E+00 3.941766896E+01
3.160730000E-02 4.066300000E+00 9.176400000E+00 3.922511572E+01
3.169070000E-02 4.209100000E+00 9.076990000E+00 3.912188749E+01
3.176160000E-02 4.330300000E+00 8.992550000E+00 3.903455745E+01
3.181030000E-02 4.399000000E+00 8.940500000E+00 3.897479747E+01
3.191160000E-02 4.540900000E+00 8.832100000E+00 3.885107610E+01
3.197850000E-02 4.633400000E+00 8.760630000E+00 3.876979846E+01
3.202030000E-02 4.687400000E+00 8.717970000E+00 3.871918752E+01
3.205940000E-02 4.732900000E+00 8.680700000E+00 3.867196516E+01
3.213290000E-02 4.818200000E+00 8.610810000E+00 3.858350787E+01
3.219720000E-02 4.892000000E+00 8.549570000E+00 3.850645398E+01
3.225870000E-02 4.952600000E+00 8.490190000E+00 3.843304287E+01
3.235190000E-02 5.040600000E+00 8.400090000E+00 3.832232419E+01
3.242570000E-02 5.101200000E+00 8.334210000E+00 3.823510364E+01
3.248110000E-02 5.142300000E+00 8.287440000E+00 3.816988957E+01
3.256420000E-02 5.203900000E+00 8.217290000E+00 3.807248451E+01
3.260570000E-02 5.234600000E+00 8.182220000E+00 3.802402647E+01
3.264720000E-02 5.265400000E+00 8.147140000E+00 3.797569164E+01
3.266080000E-02 5.275500000E+00 8.135680000E+00 3.795987851E+01
3.270100000E-02 5.305300000E+00 8.101730000E+00 3.791321366E+01
3.282160000E-02 5.382100000E+00 8.005220000E+00 3.777390499E+01
3.290200000E-02 5.425300000E+00 7.944290000E+00 3.768159990E+01
3.298240000E-02 5.465900000E+00 7.883880000E+00 3.758974483E+01
3.306270000E-02 5.504200000E+00 7.823670000E+00 3.749844991E+01
3.309950000E-02 5.521600000E+00 7.796140000E+00 3.745675917E+01
3.315460000E-02 5.541700000E+00 7.758180000E+00 3.739450936E+01
3.320970000E-02 5.559700000E+00 7.721320000E+00 3.733246612E+01
3.325680000E-02 5.575100000E+00 7.689830000E+00 3.727959395E+01
3.328040000E-02 5.582700000E+00 7.674080000E+00 3.725315801E+01
3.334410000E-02 5.603600000E+00 7.631450000E+00 3.718199022E+01
3.336420000E-02 5.610100000E+00 7.618010000E+00 3.715959022E+01
3.337430000E-02 5.613400000E+00 7.611280000E+00 3.714834468E+01
3.338930000E-02 5.618300000E+00 7.601200000E+00 3.713165595E+01
3.339880000E-02 5.621400000E+00 7.594900000E+00 3.712109417E+01
3.343170000E-02 5.632200000E+00 7.572850000E+00 3.708456345E+01
3.345030000E-02 5.638200000E+00 7.560430000E+00 3.706394263E+01
3.345650000E-02 5.639800000E+00 7.556310000E+00 3.705707411E+01
3.347470000E-02 5.644500000E+00 7.544080000E+00 3.703692640E+01
3.354510000E-02 5.656800000E+00 7.500410000E+00 3.695919821E+01
3.356520000E-02 5.659500000E+00 7.488370000E+00 3.693706577E+01
3.362550000E-02 5.667700000E+00 7.452240000E+00 3.687082720E+01
3.365960000E-02 5.672400000E+00 7.431790000E+00 3.683347396E+01
3.371080000E-02 5.679400000E+00 7.401100000E+00 3.677753124E+01
3.376200000E-02 5.686400000E+00 7.370420000E+00 3.672175819E+01
3.381430000E-02 5.693500000E+00 7.339070000E+00 3.666496127E+01
3.386670000E-02 5.698300000E+00 7.307730000E+00 3.660823168E+01
3.394700000E-02 5.697700000E+00 7.263270000E+00 3.652163667E+01
3.402740000E-02 5.695400000E+00 7.219870000E+00 3.643534328E+01
3.410780000E-02 5.693100000E+00 7.176470000E+00 3.634945672E+01
3.426560000E-02 5.673000000E+00 7.091300000E+00 3.618206014E+01
3.426860000E-02 5.672300000E+00 7.089820000E+00 3.617889263E+01
3.430590000E-02 5.664400000E+00 7.071580000E+00 3.613955617E+01
3.434320000E-02 5.656400000E+00 7.053350000E+00 3.610030516E+01
3.444010000E-02 5.635700000E+00 7.005970000E+00 3.599873403E+01
3.459680000E-02 5.593200000E+00 6.929320000E+00 3.583568423E+01
3.470000000E-02 5.550400000E+00 6.878840000E+00 3.572910663E+01
3.478290000E-02 5.510300000E+00 6.842610000E+00 3.564395148E+01
3.489230000E-02 5.457400000E+00 6.794850000E+00 3.553219478E+01
3.506410000E-02 5.359500000E+00 6.719820000E+00 3.535810131E+01
3.519220000E-02 5.254800000E+00 6.669150000E+00 3.522939742E+01
3.532600000E-02 5.122400000E+00 6.616880000E+00 3.509596331E+01
3.552210000E-02 4.865700000E+00 6.545270000E+00 3.490221580E+01
3.572820000E-02 4.459800000E+00 6.510870000E+00 3.470088054E+01
3.616000000E-02 3.070300000E+00 7.275310000E+00 3.428650442E+01
3.658520000E-02 3.009300000E+00 9.742610000E+00 3.388802029E+01
3.729560000E-02 5.935100000E+00 1.079660000E+01 3.324252727E+01
3.915160000E-02 8.236900000E+00 9.431600000E+00 3.166664964E+01
4.176400000E-02 9.142200000E+00 8.291440000E+00 2.968585385E+01
4.550820000E-02 9.522600000E+00 7.407540000E+00 2.724344184E+01
5.049850000E-02 9.534800000E+00 6.898090000E+00 2.455122429E+01
5.614780000E-02 9.347700000E+00 6.829930000E+00 2.208100763E+01
5.759580000E-02 9.293200000E+00 6.873720000E+00 2.152587515E+01
6.580000000E-02 9.031000000E+00 7.466200000E+00 1.884194529E+01
7.852360000E-02 8.961200000E+00 8.885670000E+00 1.578888385E+01
9.660510000E-02 9.590000000E+00 1.111720000E+01 1.283369097E+01
1.260000000E-01 1.150780000E+01 1.433810000E+01 9.839682540E+00
1.583530000E-01 1.414100000E+01 1.691460000E+01 7.829343303E+00
1.773030000E-01 1.525920000E+01 1.789040000E+01 6.992549477E+00
1.810330000E-01 1.520200000E+01 1.806740000E+01 6.848475140E+00
1.852260000E-01 1.493080000E+01 1.898370000E+01 6.693444765E+00
1.897830000E-01 1.555680000E+01 1.981660000E+01 6.532724217E+00
1.950000000E-01 1.608770000E+01 2.098730000E+01 6.357948718E+00
2.085000000E-01 1.932860000E+01 2.210310000E+01 5.946282974E+00
2.243810000E-01 2.199720000E+01 2.158470000E+01 5.525423276E+00
2.534970000E-01 2.444100000E+01 2.046420000E+01 4.890787662E+00
3.232710000E-01 2.735200000E+01 1.971420000E+01 3.835172348E+00
3.287030000E-01 2.730170000E+01 1.968780000E+01 3.771793990E+00
3.338320000E-01 2.704790000E+01 2.008520000E+01 3.713844089E+00
3.455680000E-01 2.834290000E+01 2.084770000E+01 3.587716455E+00
3.831200000E-01 3.038390000E+01 2.058260000E+01 3.236061808E+00
4.601140000E-01 3.388960000E+01 1.988700000E+01 2.694549612E+00
4.806150000E-01 3.464510000E+01 2.009920000E+01 2.579611539E+00
5.956620000E-01 3.843110000E+01 1.817370000E+01 2.081381723E+00
7.680000000E-01 4.112710000E+01 1.532450000E+01 1.614322917E+00
9.740000000E-01 4.194340000E+01 1.264420000E+01 1.272895277E+00
1.174900000E+00 4.066070000E+01 1.061860000E+01 1.055238744E+00
1.314160000E+00 3.816400000E+01 9.492390000E+00 9.434163268E-01
1.408480000E+00 3.461160000E+01 8.833120000E+00 8.802396910E-01
1.453070000E+00 3.163800000E+01 8.545420000E+00 8.532279931E-01
1.483650000E+00 2.827370000E+01 8.359400000E+00 8.356418293E-01
1.499930000E+00 2.496610000E+01 8.469490000E+00 8.265719067E-01
1.506940000E+00 2.284220000E+01 8.997940000E+00 8.227268504E-01
1.512640000E+00 2.087680000E+01 1.002840000E+01 8.196266131E-01
1.518450000E+00 1.894180000E+01 1.186880000E+01 8.164905002E-01
1.525580000E+00 1.737100000E+01 1.513050000E+01 8.126745238E-01
1.533090000E+00 1.723190000E+01 1.897270000E+01 8.086935535E-01
1.541800000E+00 1.881470000E+01 2.248270000E+01 8.041250486E-01
1.551830000E+00 2.104720000E+01 2.451210000E+01 7.989277176E-01
1.563670000E+00 2.239440000E+01 2.578250000E+01 7.928782927E-01
1.578100000E+00 2.336900000E+01 2.835420000E+01 7.856282872E-01
1.593420000E+00 2.607120000E+01 3.108190000E+01 7.780748327E-01
1.615990000E+00 3.031730000E+01 3.208970000E+01 7.672077179E-01
1.665570000E+00 3.539870000E+01 3.227530000E+01 7.443697953E-01
1.749090000E+00 4.097210000E+01 3.196530000E+01 7.088257322E-01
1.839940000E+00 4.500690000E+01 3.057780000E+01 6.738263204E-01
1.894520000E+00 4.583220000E+01 2.937120000E+01 6.544137829E-01
1.916930000E+00 4.524830000E+01 2.941110000E+01 6.467633143E-01
1.938210000E+00 4.519130000E+01 3.088950000E+01 6.396623689E-01
1.967760000E+00 4.756220000E+01 3.199040000E+01 6.300565110E-01
2.008390000E+00 4.978970000E+01 3.118720000E+01 6.173103829E-01
2.092280000E+00 5.210200000E+01 2.951780000E+01 5.925593133E-01
2.140930000E+00 5.251150000E+01 2.883810000E+01 5.790941320E-01
2.173560000E+00 5.303790000E+01 2.928830000E+01 5.704006331E-01
2.232290000E+00 5.496390000E+01 2.869520000E+01 5.553937884E-01
2.318470000E+00 5.640240000E+01 2.731780000E+01 5.347492096E-01
2.375390000E+00 5.686610000E+01 2.717140000E+01 5.219353454E-01
2.450340000E+00 5.861650000E+01 2.649450000E+01 5.059706000E-01
2.587830000E+00 6.048788000E+01 2.465340000E+01 4.790886573E-01
2.759770000E+00 6.206580000E+01 2.260800000E+01 4.492403352E-01
2.972780000E+00 6.340954000E+01 2.040560000E+01 4.170507067E-01
3.232450000E+00 6.446391000E+01 1.816720000E+01 3.835480827E-01
3.515730000E+00 6.519729000E+01 1.611150000E+01 3.526436899E-01
3.855050000E+00 6.569107000E+01 1.408220000E+01 3.216041296E-01
4.330810000E+00 6.597580000E+01 1.186280000E+01 2.862743921E-01
4.858520000E+00 6.598705000E+01 9.974130000E+00 2.551805900E-01
5.630940000E+00 6.566886000E+01 7.960530000E+00 2.201763826E-01
6.498260000E+00 6.502938000E+01 6.370250000E+00 1.907895344E-01
7.348380000E+00 6.407395000E+01 5.246790000E+00 1.687174588E-01
7.970840000E+00 6.297393000E+01 4.608000000E+00 1.555419504E-01
8.366140000E+00 6.182943000E+01 4.265270000E+00 1.481925954E-01
8.609400000E+00 6.061548000E+01 4.072510000E+00 1.440053895E-01
8.739850000E+00 5.941160000E+01 4.002800000E+00 1.418559815E-01
8.792050000E+00 5.859890000E+01 4.116980000E+00 1.410137567E-01
8.830270000E+00 5.784630000E+01 4.434230000E+00 1.404034078E-01
8.866660000E+00 5.711750000E+01 5.054870000E+00 1.398271728E-01
8.918870000E+00 5.647620000E+01 6.508660000E+00 1.390086412E-01
8.973260000E+00 5.668570000E+01 8.212900000E+00 1.381660623E-01
9.015710000E+00 5.740160000E+01 9.188860000E+00 1.375155146E-01
9.081820000E+00 5.867970000E+01 9.835610000E+00 1.365144872E-01
9.160930000E+00 5.974880000E+01 9.884350000E+00 1.353356046E-01
9.283020000E+00 6.064855000E+01 9.699000000E+00 1.335556748E-01
9.498640000E+00 6.137295000E+01 9.346380000E+00 1.305239487E-01
9.712830000E+00 6.143443000E+01 9.007800000E+00 1.276455987E-01
9.844850000E+00 6.093584000E+01 8.924830000E+00 1.259338639E-01
9.923890000E+00 6.037432000E+01 9.345050000E+00 1.249308487E-01
1.000000000E+01 6.021665000E+01 1.027520000E+01 1.239800000E-01
1.008750000E+01 6.082517000E+01 1.119740000E+01 1.229045849E-01
1.021430000E+01 6.184755000E+01 1.140450000E+01 1.213788512E-01
1.034030000E+01 6.215576000E+01 1.135800000E+01 1.198998095E-01
1.045720000E+01 6.234819000E+01 1.186690000E+01 1.185594614E-01
1.060000000E+01 6.335040000E+01 1.235910000E+01 1.169622642E-01
1.075330000E+01 6.429011000E+01 1.217680000E+01 1.152948397E-01
1.101220000E+01 6.526267000E+01 1.174460000E+01 1.125842248E-01
1.138450000E+01 6.620367000E+01 1.115990000E+01 1.089024551E-01
1.180100000E+01 6.695786000E+01 1.055040000E+01 1.050588933E-01
1.222730000E+01 6.753129000E+01 9.972050000E+00 1.013960564E-01
1.273680000E+01 6.805181000E+01 9.352210000E+00 9.733999121E-02
1.326910000E+01 6.845578000E+01 8.760610000E+00 9.343512371E-02
1.385370000E+01 6.879546000E+01 8.172730000E+00 8.949233779E-02
1.449330000E+01 6.906670800E+01 7.595640000E+00 8.554297503E-02
1.513150000E+01 6.926548500E+01 7.081670000E+00 8.193503618E-02
1.563780000E+01 6.938677800E+01 6.711130000E+00 7.928225198E-02
1.632930000E+01 6.951156700E+01 6.255160000E+00 7.592487124E-02
1.690910000E+01 6.959021100E+01 5.907900000E+00 7.332146596E-02
1.762990000E+01 6.966068800E+01 5.513390000E+00 7.032371142E-02
1.832970000E+01 6.970349200E+01 5.167040000E+00 6.763885934E-02
1.916950000E+01 6.973224200E+01 4.796060000E+00 6.467565664E-02
1.981220000E+01 6.974334000E+01 4.537890000E+00 6.257760370E-02
2.093060000E+01 6.974213300E+01 4.138830000E+00 5.923384901E-02
2.233890000E+01 6.972102900E+01 3.708080000E+00 5.549959935E-02
2.425660000E+01 6.966321200E+01 3.221580000E+00 5.111186234E-02
2.763440000E+01 6.952169900E+01 2.576540000E+00 4.486437194E-02
3.138060000E+01 6.935079600E+01 2.067170000E+00 3.950848613E-02
3.572190000E+01 6.914897200E+01 1.647940000E+00 3.470700047E-02
4.054120000E+01 6.892530000E+01 1.319150000E+00 3.058123588E-02
4.599990000E+01 6.865574000E+01 1.054190000E+00 2.695223250E-02
5.119260000E+01 6.834024000E+01 8.711010000E-01 2.421834406E-02
5.487510000E+01 6.801166000E+01 7.692710000E-01 2.259312512E-02
5.729350000E+01 6.767013000E+01 7.123100000E-01 2.163945299E-02
5.888520000E+01 6.729561000E+01 6.780970000E-01 2.105452643E-02
5.981880000E+01 6.691469000E+01 6.611070000E-01 2.072592563E-02
6.024090000E+01 6.662319000E+01 6.754980000E-01 2.058070182E-02
6.046610000E+01 6.640941000E+01 7.213450000E-01 2.050405103E-02
6.065850000E+01 6.619442000E+01 8.105140000E-01 2.043901514E-02
6.083280000E+01 6.598723000E+01 9.515720000E-01 2.038045265E-02
6.101850000E+01 6.578103000E+01 1.178600000E+00 2.031842802E-02
6.124140000E+01 6.560595000E+01 1.549990000E+00 2.024447514E-02
6.163200000E+01 6.562939000E+01 2.308800000E+00 2.011617342E-02
6.193570000E+01 6.592182000E+01 2.783060000E+00 2.001753431E-02
6.224640000E+01 6.631592000E+01 3.057450000E+00 1.991761773E-02
6.271690000E+01 6.682696000E+01 3.173000000E+00 1.976819645E-02
6.339320000E+01 6.728086000E+01 3.142900000E+00 1.955730268E-02
6.434900000E+01 6.767334000E+01 3.071060000E+00 1.926681067E-02
6.552950000E+01 6.799567000E+01 2.979610000E+00 1.891972318E-02
6.736620000E+01 6.833701000E+01 2.855540000E+00 1.840388800E-02
6.954630000E+01 6.861726000E+01 2.714210000E+00 1.782697282E-02
7.207170000E+01 6.884510000E+01 2.558000000E+00 1.720231381E-02
7.485580000E+01 6.902831600E+01 2.403460000E+00 1.656251085E-02
7.877070000E+01 6.920934600E+01 2.212890000E+00 1.573935486E-02
8.362650000E+01 6.936136000E+01 2.008240000E+00 1.482544409E-02
8.838080000E+01 6.946304800E+01 1.831310000E+00 1.402793367E-02
9.397740000E+01 6.954217700E+01 1.651150000E+00 1.319253352E-02
1.008880000E+02 6.960105900E+01 1.463610000E+00 1.228887479E-02
1.093220000E+02 6.963918800E+01 1.277150000E+00 1.134080972E-02
1.200320000E+02 6.965960400E+01 1.087380000E+00 1.032891229E-02
1.365140000E+02 6.965630200E+01 8.706030000E-01 9.081852411E-03
1.555640000E+02 6.963408700E+01 6.941960000E-01 7.969710216E-03
1.769300000E+02 6.960261900E+01 5.550030000E-01 7.007291019E-03
2.010290000E+02 6.956773200E+01 4.449250000E-01 6.167269399E-03
2.284280000E+02 6.953257800E+01 3.568470000E-01 5.427530776E-03
2.600160000E+02 6.949904800E+01 2.863990000E-01 4.768168113E-03
2.931430000E+02 6.947057000E+01 2.341570000E-01 4.229335171E-03
3.341700000E+02 6.944311800E+01 1.891290000E-01 3.710087680E-03
3.793830000E+02 6.942003000E+01 1.546930000E-01 3.267937678E-03
4.321410000E+02 6.940003700E+01 1.266910000E-01 2.868971007E-03
4.958070000E+02 6.938242300E+01 1.034870000E-01 2.500569778E-03
5.737860000E+02 6.936730900E+01 8.442050000E-02 2.160735884E-03
6.664480000E+02 6.935516000E+01 6.942030000E-02 1.860310182E-03
7.725560000E+02 6.934594800E+01 5.794510000E-02 1.604802759E-03
9.054720000E+02 6.933854500E+01 4.842610000E-02 1.369230633E-03
1.098200000E+03 6.933275300E+01 3.947350000E-02 1.128938263E-03
1.286620000E+03 6.932937400E+01 3.307310000E-02 9.636100791E-04
1.546860000E+03 6.932646100E+01 2.694070000E-02 8.014946408E-04
1.859730000E+03 6.932434000E+01 2.194530000E-02 6.666559124E-04
2.235890000E+03 6.932278500E+01 1.787610000E-02 5.544995505E-04
2.688130000E+03 6.932163600E+01 1.456150000E-02 4.612128134E-04
3.231850000E+03 6.932074100E+01 1.186150000E-02 3.836192893E-04
3.885540000E+03 6.932000400E+01 9.662090000E-03 3.190804882E-04
4.671440000E+03 6.931949400E+01 7.870530000E-03 2.653999623E-04
5.616310000E+03 6.931914100E+01 6.411160000E-03 2.207499230E-04
6.752290000E+03 6.931889700E+01 5.222390000E-03 1.836117821E-04
8.118030000E+03 6.931872800E+01 4.254040000E-03 1.527217810E-04
9.760020000E+03 6.931861100E+01 3.465250000E-03 1.270284282E-04
1.000000000E+04 6.931859900E+01 3.378670000E-03 1.239800000E-04
