# Data retrieved from https://www-nds.iaea.org/epdl97/za1to100.htm 03/01/2021
# Element, Zn  (Z = 30) 
# Atomic weight, g mol-1 = 65.37 
# Nominal density, g cm-3 =  7.13300E+0 
# Relativistic correction estimate f_rel(5CL)*,  e atom-1 =  0 
# Nuclear Thomson correction f_NT*, e atom-1 =  0 
#    E [keV]      f1 [e atom-1]      f2 [e atom-1]    Wavelength [nm] 
1.000000000E-03 2.356200000E+00 0.000000000E+00 1.239800000E+03
1.125000000E-03 2.354900000E+00 0.000000000E+00 1.102044444E+03
1.265630000E-03 2.353500000E+00 0.000000000E+00 9.795911917E+02
1.423830000E-03 2.351800000E+00 0.000000000E+00 8.707500193E+02
1.601810000E-03 2.349900000E+00 0.000000000E+00 7.739994132E+02
1.802030000E-03 2.347800000E+00 0.000000000E+00 6.880018646E+02
2.027290000E-03 2.345200000E+00 0.000000000E+00 6.115553276E+02
2.280700000E-03 2.339600000E+00 0.000000000E+00 5.436050335E+02
2.423240000E-03 2.336500000E+00 0.000000000E+00 5.116290586E+02
2.564920000E-03 2.333500000E+00 0.000000000E+00 4.833679023E+02
2.830570000E-03 2.327700000E+00 0.000000000E+00 4.380036530E+02
3.063010000E-03 2.322600000E+00 0.000000000E+00 4.047652473E+02
3.266390000E-03 2.318200000E+00 0.000000000E+00 3.795627589E+02
3.444350000E-03 2.314300000E+00 0.000000000E+00 3.599518051E+02
3.600070000E-03 2.310900000E+00 0.000000000E+00 3.443821926E+02
3.736320000E-03 2.307900000E+00 0.000000000E+00 3.318238267E+02
3.855540000E-03 2.305400000E+00 0.000000000E+00 3.215632570E+02
3.959860000E-03 2.303100000E+00 0.000000000E+00 3.130918770E+02
4.051140000E-03 2.299700000E+00 0.000000000E+00 3.060373130E+02
4.131010000E-03 2.295900000E+00 0.000000000E+00 3.001203096E+02
4.200890000E-03 2.292500000E+00 0.000000000E+00 2.951279372E+02
4.262040000E-03 2.289600000E+00 0.000000000E+00 2.908935627E+02
4.315550000E-03 2.287000000E+00 0.000000000E+00 2.872866726E+02
4.362370000E-03 2.284800000E+00 0.000000000E+00 2.842033115E+02
4.403330000E-03 2.282800000E+00 0.000000000E+00 2.815596378E+02
4.475020000E-03 2.279400000E+00 0.000000000E+00 2.770490411E+02
4.528790000E-03 2.276800000E+00 0.000000000E+00 2.737596577E+02
4.569110000E-03 2.274800000E+00 0.000000000E+00 2.713438722E+02
4.599360000E-03 2.273400000E+00 0.000000000E+00 2.695592430E+02
4.622040000E-03 2.272300000E+00 0.000000000E+00 2.682365362E+02
4.639050000E-03 2.271500000E+00 0.000000000E+00 2.672529936E+02
4.664570000E-03 2.270300000E+00 0.000000000E+00 2.657908446E+02
4.677330000E-03 2.269600000E+00 0.000000000E+00 2.650657533E+02
4.690090000E-03 2.269000000E+00 0.000000000E+00 2.643446075E+02
4.701630000E-03 2.268500000E+00 0.000000000E+00 2.636957821E+02
4.713180000E-03 2.267900000E+00 0.000000000E+00 2.630495759E+02
4.724720000E-03 2.267400000E+00 0.000000000E+00 2.624070844E+02
4.736270000E-03 2.266800000E+00 0.000000000E+00 2.617671712E+02
4.744510000E-03 2.266400000E+00 0.000000000E+00 2.613125486E+02
4.747810000E-03 2.266300000E+00 0.000000000E+00 2.611309214E+02
4.757840000E-03 2.265800000E+00 0.000000000E+00 2.605804315E+02
4.767870000E-03 2.265300000E+00 0.000000000E+00 2.600322576E+02
4.779540000E-03 2.264700000E+00 0.000000000E+00 2.593973479E+02
4.792540000E-03 2.264100000E+00 0.000000000E+00 2.586937198E+02
4.799030000E-03 2.263800000E+00 0.000000000E+00 2.583438737E+02
4.805530000E-03 2.263500000E+00 0.000000000E+00 2.579944356E+02
4.811300000E-03 2.263200000E+00 0.000000000E+00 2.576850332E+02
4.817070000E-03 2.262900000E+00 0.000000000E+00 2.573763719E+02
4.822850000E-03 2.262600000E+00 0.000000000E+00 2.570679163E+02
4.828620000E-03 2.262400000E+00 0.000000000E+00 2.567607308E+02
4.837280000E-03 2.261900000E+00 0.000000000E+00 2.563010618E+02
4.838720000E-03 2.261900000E+00 0.000000000E+00 2.562247867E+02
4.841610000E-03 2.261700000E+00 0.000000000E+00 2.560718439E+02
4.844130000E-03 2.261600000E+00 0.000000000E+00 2.559386309E+02
4.846020000E-03 2.261500000E+00 0.000000000E+00 2.558388121E+02
4.848870000E-03 2.261400000E+00 0.000000000E+00 2.556884387E+02
4.850290000E-03 2.261300000E+00 0.000000000E+00 2.556135819E+02
4.851710000E-03 2.261300000E+00 0.000000000E+00 2.555387688E+02
4.863250000E-03 2.260700000E+00 0.000000000E+00 2.549324012E+02
4.869020000E-03 2.260400000E+00 0.000000000E+00 2.546302952E+02
4.874790000E-03 2.260100000E+00 0.000000000E+00 2.543289044E+02
4.880570000E-03 2.259900000E+00 0.000000000E+00 2.540277058E+02
4.886340000E-03 2.259600000E+00 0.000000000E+00 2.537277390E+02
4.892110000E-03 2.259300000E+00 0.000000000E+00 2.534284797E+02
4.900770000E-03 2.258900000E+00 0.000000000E+00 2.529806541E+02
4.909430000E-03 2.258500000E+00 0.000000000E+00 2.525344083E+02
4.920970000E-03 2.257900000E+00 0.000000000E+00 2.519421984E+02
4.931360000E-03 2.257400000E+00 0.000000000E+00 2.514113754E+02
4.943040000E-03 2.256900000E+00 0.000000000E+00 2.508173108E+02
4.954710000E-03 2.256300000E+00 0.000000000E+00 2.502265521E+02
4.966390000E-03 2.255700000E+00 0.000000000E+00 2.496380671E+02
4.978070000E-03 2.255200000E+00 0.000000000E+00 2.490523436E+02
4.985710000E-03 2.254800000E+00 0.000000000E+00 2.486707009E+02
5.000880000E-03 2.254100000E+00 0.000000000E+00 2.479163667E+02
5.015810000E-03 2.253400000E+00 0.000000000E+00 2.471784218E+02
5.045200000E-03 2.252000000E+00 0.000000000E+00 2.457385237E+02
5.073670000E-03 2.250600000E+00 0.000000000E+00 2.443596056E+02
5.101250000E-03 2.249300000E+00 0.000000000E+00 2.430384710E+02
5.154700000E-03 2.246700000E+00 0.000000000E+00 2.405183619E+02
5.204800000E-03 2.244300000E+00 0.000000000E+00 2.382031970E+02
5.251770000E-03 2.242000000E+00 0.000000000E+00 2.360727907E+02
5.339840000E-03 2.237800000E+00 0.000000000E+00 2.321792413E+02
5.416900000E-03 2.234100000E+00 0.000000000E+00 2.288762946E+02
5.551750000E-03 2.227600000E+00 0.000000000E+00 2.233169721E+02
5.652900000E-03 2.222700000E+00 0.000000000E+00 2.193210564E+02
5.804610000E-03 2.215400000E+00 0.000000000E+00 2.135888544E+02
5.956320000E-03 2.208100000E+00 0.000000000E+00 2.081486555E+02
5.970980000E-03 2.207400000E+00 0.000000000E+00 2.076376072E+02
5.985640000E-03 2.206700000E+00 0.000000000E+00 2.071290622E+02
6.000300000E-03 2.206000000E+00 0.000000000E+00 2.066230022E+02
6.014970000E-03 2.205100000E+00 0.000000000E+00 2.061190663E+02
6.029630000E-03 2.204200000E+00 0.000000000E+00 2.056179235E+02
6.044290000E-03 2.203300000E+00 0.000000000E+00 2.051192117E+02
6.058950000E-03 2.202400000E+00 0.000000000E+00 2.046229132E+02
6.073610000E-03 2.201500000E+00 0.000000000E+00 2.041290106E+02
6.088270000E-03 2.200600000E+00 0.000000000E+00 2.036374865E+02
6.102930000E-03 2.199700000E+00 0.000000000E+00 2.031483238E+02
6.117590000E-03 2.198800000E+00 0.000000000E+00 2.026615056E+02
6.132250000E-03 2.197900000E+00 0.000000000E+00 2.021770150E+02
6.146910000E-03 2.197000000E+00 0.000000000E+00 2.016948353E+02
6.176230000E-03 2.195200000E+00 0.000000000E+00 2.007373430E+02
6.190890000E-03 2.194300000E+00 0.000000000E+00 2.002619979E+02
6.205560000E-03 2.193400000E+00 0.000000000E+00 1.997885767E+02
6.220220000E-03 2.192600000E+00 0.000000000E+00 1.993177090E+02
6.234880000E-03 2.191700000E+00 0.000000000E+00 1.988490556E+02
6.249540000E-03 2.190800000E+00 0.000000000E+00 1.983826010E+02
6.541780000E-03 2.172800000E+00 0.000000000E+00 1.895202835E+02
6.687910000E-03 2.163900000E+00 0.000000000E+00 1.853792889E+02
6.760970000E-03 2.159400000E+00 0.000000000E+00 1.833760540E+02
6.797500000E-03 2.157200000E+00 0.000000000E+00 1.823905848E+02
6.815760000E-03 2.156100000E+00 0.000000000E+00 1.819019449E+02
6.824900000E-03 2.155500000E+00 0.000000000E+00 1.816583393E+02
6.834030000E-03 2.154900000E+00 0.000000000E+00 1.814156508E+02
6.848250000E-03 2.154100000E+00 0.000000000E+00 1.810389516E+02
6.857960000E-03 2.153500000E+00 0.000000000E+00 1.807826234E+02
6.867670000E-03 2.152900000E+00 0.000000000E+00 1.805270201E+02
6.878390000E-03 2.152200000E+00 0.000000000E+00 1.802456680E+02
6.881960000E-03 2.152000000E+00 0.000000000E+00 1.801521660E+02
6.884490000E-03 2.151900000E+00 0.000000000E+00 1.800859613E+02
6.886280000E-03 2.151700000E+00 0.000000000E+00 1.800391503E+02
6.889420000E-03 2.151500000E+00 0.000000000E+00 1.799570936E+02
6.896170000E-03 2.151100000E+00 0.000000000E+00 1.797809509E+02
6.898320000E-03 2.151000000E+00 0.000000000E+00 1.797249185E+02
6.898820000E-03 2.151000000E+00 0.000000000E+00 1.797118928E+02
6.900360000E-03 2.150900000E+00 0.000000000E+00 1.796717852E+02
6.902280000E-03 2.150800000E+00 0.000000000E+00 1.796218061E+02
6.915670000E-03 2.149900000E+00 0.000000000E+00 1.792740255E+02
6.918080000E-03 2.149800000E+00 0.000000000E+00 1.792115732E+02
6.922300000E-03 2.149500000E+00 0.000000000E+00 1.791023215E+02
6.928630000E-03 2.149100000E+00 0.000000000E+00 1.789386935E+02
6.937060000E-03 2.148600000E+00 0.000000000E+00 1.787212450E+02
6.941000000E-03 2.148400000E+00 0.000000000E+00 1.786197954E+02
6.944450000E-03 2.148200000E+00 0.000000000E+00 1.785310572E+02
6.947470000E-03 2.148000000E+00 0.000000000E+00 1.784534514E+02
6.952750000E-03 2.147700000E+00 0.000000000E+00 1.783179318E+02
6.956710000E-03 2.147400000E+00 0.000000000E+00 1.782164270E+02
6.959680000E-03 2.147200000E+00 0.000000000E+00 1.781403743E+02
6.963580000E-03 2.147000000E+00 0.000000000E+00 1.780406056E+02
6.966440000E-03 2.146800000E+00 0.000000000E+00 1.779675128E+02
6.968060000E-03 2.146700000E+00 0.000000000E+00 1.779261373E+02
6.968600000E-03 2.146700000E+00 0.000000000E+00 1.779123497E+02
6.977010000E-03 2.146200000E+00 0.000000000E+00 1.776978964E+02
6.981210000E-03 2.145900000E+00 0.000000000E+00 1.775909907E+02
6.983320000E-03 2.145800000E+00 0.000000000E+00 1.775373318E+02
6.998030000E-03 2.144900000E+00 0.000000000E+00 1.771641448E+02
7.002240000E-03 2.144600000E+00 0.000000000E+00 1.770576273E+02
7.019060000E-03 2.143600000E+00 0.000000000E+00 1.766333384E+02
7.035880000E-03 2.142600000E+00 0.000000000E+00 1.762110781E+02
7.052700000E-03 2.141500000E+00 0.000000000E+00 1.757908319E+02
7.069520000E-03 2.140500000E+00 0.000000000E+00 1.753725854E+02
7.086350000E-03 2.139500000E+00 0.000000000E+00 1.749560775E+02
7.103170000E-03 2.138500000E+00 0.000000000E+00 1.745417891E+02
7.117950000E-03 2.137500000E+00 0.000000000E+00 1.741793634E+02
7.134800000E-03 2.136500000E+00 0.000000000E+00 1.737680103E+02
7.151660000E-03 2.135000000E+00 0.000000000E+00 1.733583532E+02
7.170450000E-03 2.133400000E+00 0.000000000E+00 1.729040716E+02
7.185370000E-03 2.132100000E+00 0.000000000E+00 1.725450464E+02
7.198080000E-03 2.131000000E+00 0.000000000E+00 1.722403752E+02
7.215170000E-03 2.129500000E+00 0.000000000E+00 1.718324031E+02
7.232250000E-03 2.128000000E+00 0.000000000E+00 1.714265961E+02
7.249340000E-03 2.126500000E+00 0.000000000E+00 1.710224655E+02
7.266430000E-03 2.125000000E+00 0.000000000E+00 1.706202358E+02
7.283070000E-03 2.123600000E+00 0.000000000E+00 1.702304111E+02
7.283510000E-03 2.123500000E+00 0.000000000E+00 1.702201274E+02
7.542210000E-03 2.101000000E+00 0.000000000E+00 1.643815274E+02
7.547940000E-03 2.100500000E+00 0.000000000E+00 1.642567376E+02
7.579340000E-03 2.097800000E+00 0.000000000E+00 1.635762481E+02
7.585700000E-03 2.097300000E+00 0.000000000E+00 1.634391025E+02
7.597900000E-03 2.096200000E+00 0.000000000E+00 1.631766672E+02
7.604370000E-03 2.095600000E+00 0.000000000E+00 1.630378322E+02
7.621230000E-03 2.094200000E+00 0.000000000E+00 1.626771532E+02
7.641710000E-03 2.092400000E+00 0.000000000E+00 1.622411738E+02
7.666220000E-03 2.090300000E+00 0.000000000E+00 1.617224656E+02
7.678470000E-03 2.089200000E+00 0.000000000E+00 1.614644584E+02
7.690720000E-03 2.088100000E+00 0.000000000E+00 1.612072732E+02
7.709290000E-03 2.085700000E+00 0.000000000E+00 1.608189600E+02
7.716400000E-03 2.084600000E+00 0.000000000E+00 1.606707791E+02
7.735070000E-03 2.081500000E+00 0.000000000E+00 1.602829709E+02
7.753740000E-03 2.078400000E+00 0.000000000E+00 1.598970303E+02
7.772410000E-03 2.075300000E+00 0.000000000E+00 1.595129439E+02
7.799510000E-03 2.070900000E+00 0.000000000E+00 1.589587038E+02
7.826610000E-03 2.066400000E+00 0.000000000E+00 1.584083019E+02
7.845230000E-03 2.063400000E+00 0.000000000E+00 1.580323330E+02
7.857800000E-03 2.061300000E+00 0.000000000E+00 1.577795312E+02
7.864780000E-03 2.060100000E+00 0.000000000E+00 1.576395017E+02
7.876360000E-03 2.058200000E+00 0.000000000E+00 1.574077366E+02
7.882670000E-03 2.057200000E+00 0.000000000E+00 1.572817332E+02
7.903490000E-03 2.053800000E+00 0.000000000E+00 1.568674092E+02
7.913490000E-03 2.052100000E+00 0.000000000E+00 1.566691814E+02
7.919500000E-03 2.051100000E+00 0.000000000E+00 1.565502873E+02
7.922850000E-03 2.050600000E+00 0.000000000E+00 1.564840935E+02
7.942210000E-03 2.047400000E+00 0.000000000E+00 1.561026465E+02
7.961570000E-03 2.044200000E+00 0.000000000E+00 1.557230546E+02
8.000000000E-03 2.037900000E+00 0.000000000E+00 1.549750000E+02
8.016710000E-03 2.034500000E+00 0.000000000E+00 1.546519707E+02
8.039000000E-03 2.029900000E+00 0.000000000E+00 1.542231621E+02
8.058360000E-03 2.026000000E+00 0.000000000E+00 1.538526450E+02
8.077720000E-03 2.022000000E+00 0.000000000E+00 1.534839039E+02
8.097080000E-03 2.018100000E+00 0.000000000E+00 1.531169261E+02
8.136490000E-03 2.010000000E+00 0.000000000E+00 1.523752871E+02
8.156520000E-03 2.005900000E+00 0.000000000E+00 1.520010985E+02
8.176540000E-03 2.001800000E+00 0.000000000E+00 1.516289286E+02
8.202130000E-03 1.996600000E+00 0.000000000E+00 1.511558583E+02
8.235590000E-03 1.989800000E+00 0.000000000E+00 1.505417341E+02
8.286160000E-03 1.976700000E+00 7.097510000E-07 1.496229858E+02
8.473380000E-03 1.868700000E+00 9.915980000E-03 1.463170541E+02
8.567760000E-03 1.773500000E+00 9.662280000E-02 1.447052672E+02
8.665580000E-03 1.796700000E+00 2.631150000E-01 1.430717852E+02
8.825120000E-03 1.959000000E+00 3.164990000E-01 1.404853418E+02
9.212450000E-03 2.070600000E+00 2.565380000E-01 1.345787494E+02
9.660510000E-03 2.095000000E+00 2.002850000E-01 1.283369097E+02
1.011600000E-02 2.085800000E+00 1.553120000E-01 1.225583234E+02
1.059550000E-02 2.059400000E+00 1.183130000E-01 1.170119390E+02
1.093850000E-02 2.034700000E+00 9.698690000E-02 1.133427801E+02
1.117600000E-02 2.015900000E+00 8.432780000E-02 1.109341446E+02
1.146300000E-02 1.991900000E+00 7.101290000E-02 1.081566780E+02
1.169430000E-02 1.971800000E+00 6.159890000E-02 1.060174615E+02
1.183970000E-02 1.958800000E+00 5.628630000E-02 1.047154911E+02
1.190080000E-02 1.953400000E+00 5.417370000E-02 1.041778704E+02
1.195320000E-02 1.946900000E+00 5.237710000E-02 1.037211793E+02
1.200000000E-02 1.941000000E+00 5.086270000E-02 1.033166667E+02
1.204020000E-02 1.935100000E+00 4.956210000E-02 1.029717114E+02
1.207560000E-02 1.929900000E+00 4.844510000E-02 1.026698466E+02
1.210670000E-02 1.925300000E+00 4.749520000E-02 1.024061057E+02
1.215060000E-02 1.918900000E+00 4.615360000E-02 1.020361134E+02
1.216140000E-02 1.917300000E+00 4.582190000E-02 1.019454997E+02
1.218170000E-02 1.914300000E+00 4.522820000E-02 1.017756142E+02
1.219950000E-02 1.911600000E+00 4.471530000E-02 1.016271159E+02
1.223070000E-02 1.907000000E+00 4.381770000E-02 1.013678694E+02
1.225400000E-02 1.903600000E+00 4.314440000E-02 1.011751265E+02
1.228900000E-02 1.898400000E+00 4.215720000E-02 1.008869721E+02
1.230650000E-02 1.895800000E+00 4.168250000E-02 1.007435095E+02
1.232410000E-02 1.893200000E+00 4.120780000E-02 1.005996381E+02
1.233920000E-02 1.890900000E+00 4.079660000E-02 1.004765301E+02
1.235440000E-02 1.888700000E+00 4.038550000E-02 1.003529107E+02
1.236650000E-02 1.886900000E+00 4.005850000E-02 1.002547204E+02
1.237850000E-02 1.885100000E+00 3.973150000E-02 1.001575312E+02
1.239680000E-02 1.882400000E+00 3.924800000E-02 1.000096799E+02
1.241510000E-02 1.879700000E+00 3.877850000E-02 9.986226450E+01
1.243950000E-02 1.876100000E+00 3.815170000E-02 9.966638530E+01
1.246990000E-02 1.871500000E+00 3.736880000E-02 9.942341158E+01
1.250040000E-02 1.867000000E+00 3.662260000E-02 9.918082621E+01
1.253090000E-02 1.862500000E+00 3.587940000E-02 9.893942175E+01
1.254880000E-02 1.859800000E+00 3.544190000E-02 9.879829147E+01
1.256670000E-02 1.857100000E+00 3.500430000E-02 9.865756324E+01
1.258600000E-02 1.854300000E+00 3.453380000E-02 9.850627682E+01
1.259710000E-02 1.852600000E+00 3.428020000E-02 9.841947750E+01
1.261980000E-02 1.849200000E+00 3.375800000E-02 9.824244441E+01
1.264260000E-02 1.845800000E+00 3.323580000E-02 9.806527138E+01
1.265020000E-02 1.844700000E+00 3.306180000E-02 9.800635563E+01
1.265390000E-02 1.844200000E+00 3.297470000E-02 9.797769858E+01
1.266410000E-02 1.842600000E+00 3.274160000E-02 9.789878475E+01
1.267370000E-02 1.841200000E+00 3.252230000E-02 9.782462896E+01
1.267780000E-02 1.840600000E+00 3.242640000E-02 9.779299248E+01
1.267920000E-02 1.840400000E+00 3.239560000E-02 9.778219446E+01
1.268200000E-02 1.840000000E+00 3.233160000E-02 9.776060558E+01
1.268260000E-02 1.839900000E+00 3.231740000E-02 9.775598063E+01
1.268380000E-02 1.839700000E+00 3.229050000E-02 9.774673205E+01
1.268590000E-02 1.839400000E+00 3.224080000E-02 9.773055124E+01
1.269000000E-02 1.838800000E+00 3.214760000E-02 9.769897557E+01
1.272600000E-02 1.833400000E+00 3.135600000E-02 9.742259940E+01
1.274870000E-02 1.830000000E+00 3.086410000E-02 9.724913128E+01
1.276390000E-02 1.827800000E+00 3.053610000E-02 9.713332132E+01
1.278670000E-02 1.824400000E+00 3.004400000E-02 9.696012263E+01
1.279970000E-02 1.822400000E+00 2.976190000E-02 9.686164519E+01
1.280940000E-02 1.821000000E+00 2.956350000E-02 9.678829610E+01
1.282510000E-02 1.818600000E+00 2.924380000E-02 9.666981154E+01
1.284070000E-02 1.816300000E+00 2.892410000E-02 9.655236864E+01
1.287010000E-02 1.811900000E+00 2.832420000E-02 9.633180783E+01
1.290040000E-02 1.807400000E+00 2.770520000E-02 9.610554711E+01
1.291560000E-02 1.805100000E+00 2.741230000E-02 9.599244325E+01
1.293070000E-02 1.802800000E+00 2.711950000E-02 9.588034677E+01
1.294830000E-02 1.800200000E+00 2.678000000E-02 9.575002124E+01
1.296590000E-02 1.797600000E+00 2.644050000E-02 9.562004951E+01
1.299000000E-02 1.794000000E+00 2.597510000E-02 9.544264819E+01
1.299970000E-02 1.792500000E+00 2.578770000E-02 9.537143165E+01
1.301290000E-02 1.790600000E+00 2.554790000E-02 9.527468896E+01
1.302850000E-02 1.788200000E+00 2.526240000E-02 9.516060943E+01
1.305980000E-02 1.783500000E+00 2.469140000E-02 9.493254108E+01
1.309110000E-02 1.778900000E+00 2.412040000E-02 9.470556332E+01
1.312240000E-02 1.774200000E+00 2.357250000E-02 9.447966835E+01
1.315370000E-02 1.769500000E+00 2.303340000E-02 9.425484845E+01
1.318500000E-02 1.764800000E+00 2.249430000E-02 9.403109594E+01
1.321630000E-02 1.760200000E+00 2.197140000E-02 9.380840326E+01
1.324760000E-02 1.755500000E+00 2.146300000E-02 9.358676289E+01
1.327890000E-02 1.750800000E+00 2.095450000E-02 9.336616738E+01
1.330430000E-02 1.747000000E+00 2.054520000E-02 9.318791669E+01
1.333580000E-02 1.742300000E+00 2.006150000E-02 9.296780096E+01
1.334150000E-02 1.741400000E+00 1.997340000E-02 9.292808155E+01
1.338350000E-02 1.735200000E+00 1.932720000E-02 9.263645534E+01
1.339860000E-02 1.732900000E+00 1.910630000E-02 9.253205559E+01
1.344650000E-02 1.725800000E+00 1.840760000E-02 9.220243186E+01
1.351840000E-02 1.715000000E+00 1.738440000E-02 9.171203693E+01
1.365720000E-02 1.694300000E+00 1.553370000E-02 9.077995490E+01
1.385790000E-02 1.664100000E+00 1.312530000E-02 8.946521479E+01
1.419240000E-02 1.597300000E+00 9.727370000E-03 8.735661340E+01
1.439470000E-02 1.553300000E+00 8.013420000E-03 8.612892245E+01
1.442910000E-02 1.545800000E+00 7.743880000E-03 8.592358498E+01
1.448220000E-02 1.534200000E+00 7.341690000E-03 8.560854014E+01
1.455350000E-02 1.518700000E+00 6.826550000E-03 8.518912976E+01
1.458920000E-02 1.511000000E+00 6.581130000E-03 8.498067063E+01
1.462480000E-02 1.503300000E+00 6.339780000E-03 8.477380887E+01
1.466050000E-02 1.495500000E+00 6.102270000E-03 8.456737492E+01
1.468990000E-02 1.489100000E+00 5.914010000E-03 8.439812388E+01
1.471920000E-02 1.482800000E+00 5.727750000E-03 8.423012120E+01
1.474330000E-02 1.477500000E+00 5.580550000E-03 8.409243521E+01
1.476740000E-02 1.472300000E+00 5.433340000E-03 8.395519861E+01
1.480310000E-02 1.464600000E+00 5.224260000E-03 8.375272747E+01
1.483870000E-02 1.455800000E+00 5.017520000E-03 8.355179362E+01
1.487430000E-02 1.444800000E+00 4.818240000E-03 8.335182160E+01
1.491240000E-02 1.433100000E+00 4.609050000E-03 8.313886430E+01
1.494690000E-02 1.422600000E+00 4.429800000E-03 8.294696559E+01
1.498870000E-02 1.409800000E+00 4.212930000E-03 8.271564579E+01
1.501690000E-02 1.401100000E+00 4.074640000E-03 8.256031538E+01
1.505490000E-02 1.389400000E+00 3.888720000E-03 8.235192529E+01
1.509340000E-02 1.377700000E+00 3.712090000E-03 8.214186333E+01
1.513400000E-02 1.365100000E+00 3.525470000E-03 8.192150126E+01
1.515950000E-02 1.355800000E+00 3.416110000E-03 8.178369999E+01
1.522520000E-02 1.332000000E+00 3.138310000E-03 8.143078580E+01
1.526190000E-02 1.318700000E+00 2.991860000E-03 8.123497074E+01
1.531300000E-02 1.300100000E+00 2.794530000E-03 8.096388689E+01
1.537240000E-02 1.278600000E+00 2.577140000E-03 8.065103692E+01
1.540930000E-02 1.265200000E+00 2.448740000E-03 8.045790529E+01
1.544610000E-02 1.251800000E+00 2.324710000E-03 8.026621607E+01
1.552490000E-02 1.223300000E+00 2.074710000E-03 7.985880746E+01
1.555680000E-02 1.211700000E+00 1.980770000E-03 7.969505297E+01
1.564430000E-02 1.180000000E+00 1.737530000E-03 7.924931125E+01
1.568950000E-02 1.163700000E+00 1.621060000E-03 7.902100131E+01
1.572760000E-02 1.149900000E+00 1.527140000E-03 7.882957349E+01
1.576300000E-02 1.137000000E+00 1.445000000E-03 7.865254076E+01
1.581370000E-02 1.117200000E+00 1.333270000E-03 7.840037436E+01
1.586230000E-02 1.092900000E+00 1.234940000E-03 7.816016593E+01
1.590730000E-02 1.069200000E+00 1.156610000E-03 7.793905943E+01
1.597130000E-02 1.032600000E+00 1.116310000E-03 7.762674297E+01
1.603220000E-02 9.936000000E-01 1.387750000E-03 7.733186961E+01
1.616390000E-02 8.863000000E-01 9.234340000E-03 7.670178608E+01
1.628640000E-02 7.399000000E-01 5.832710000E-02 7.612486492E+01
1.654210000E-02 5.521000000E-01 4.061730000E-01 7.494816257E+01
1.693570000E-02 6.611000000E-01 8.112040000E-01 7.320630384E+01
1.730000000E-02 8.790000000E-01 9.181700000E-01 7.166473988E+01
1.771870000E-02 9.773000000E-01 9.332440000E-01 6.997127329E+01
2.018370000E-02 1.039300000E+00 1.063310000E+00 6.142580399E+01
2.162720000E-02 9.518000000E-01 1.176910000E+00 5.732595990E+01
2.450000000E-02 7.276000000E-01 1.484650000E+00 5.060408163E+01
2.691540000E-02 5.339000000E-01 1.811310000E+00 4.606284878E+01
3.054920000E-02 2.803000000E-01 2.397960000E+00 4.058371414E+01
3.467370000E-02 6.710000000E-02 3.170810000E+00 3.575620715E+01
3.507520000E-02 5.270000000E-02 3.250660000E+00 3.534691178E+01
3.758370000E-02 -1.270000000E-02 3.765830000E+00 3.298770478E+01
3.801890000E-02 -1.810000000E-02 3.857260000E+00 3.261009656E+01
3.985760000E-02 -2.390000000E-02 4.248940000E+00 3.110573642E+01
4.027170000E-02 -2.520000000E-02 4.337150000E+00 3.078588686E+01
4.073800000E-02 -2.030000000E-02 4.437110000E+00 3.043350189E+01
4.300000000E-02 2.300000000E-02 4.925330000E+00 2.883255814E+01
4.315190000E-02 2.790000000E-02 4.957940000E+00 2.873106399E+01
4.570880000E-02 1.322000000E-01 5.505980000E+00 2.712387987E+01
4.841720000E-02 2.971000000E-01 6.071740000E+00 2.560660261E+01
5.128610000E-02 5.159000000E-01 6.644670000E+00 2.417419145E+01
5.432500000E-02 8.017000000E-01 7.212810000E+00 2.282190520E+01
5.688530000E-02 1.075500000E+00 7.658480000E+00 2.179473432E+01
6.309570000E-02 1.824800000E+00 8.595650000E+00 1.964951653E+01
7.673620000E-02 3.526700000E+00 1.005590000E+01 1.615665097E+01
8.222430000E-02 4.140200000E+00 1.046520000E+01 1.507826762E+01
8.536910000E-02 4.429600000E+00 1.065920000E+01 1.452281915E+01
8.680150000E-02 4.537600000E+00 1.074320000E+01 1.428316331E+01
8.747580000E-02 4.576000000E+00 1.078060000E+01 1.417306272E+01
8.846320000E-02 4.593900000E+00 1.083690000E+01 1.401486720E+01
8.916190000E-02 4.561800000E+00 1.089460000E+01 1.390504240E+01
9.059220000E-02 4.487400000E+00 1.129750000E+01 1.368550493E+01
9.238620000E-02 4.940800000E+00 1.173580000E+01 1.341975317E+01
9.892600000E-02 6.365400000E+00 1.220300000E+01 1.253260013E+01
1.109350000E-01 7.948900000E+00 1.228170000E+01 1.117591382E+01
1.274410000E-01 9.551100000E+00 1.238890000E+01 9.728423349E+00
1.311570000E-01 9.837200000E+00 1.239650000E+01 9.452793217E+00
1.327790000E-01 9.947800000E+00 1.239980000E+01 9.337319908E+00
1.342540000E-01 1.002230000E+01 1.240550000E+01 9.234734161E+00
1.363220000E-01 1.002840000E+01 1.249910000E+01 9.094643565E+00
1.633250000E-01 1.291980000E+01 1.271030000E+01 7.590999541E+00
2.069630000E-01 1.591360000E+01 1.181340000E+01 5.990442736E+00
2.560000000E-01 1.811690000E+01 1.048410000E+01 4.842968750E+00
3.103670000E-01 1.956840000E+01 9.060010000E+00 3.994625717E+00
3.849810000E-01 2.063411000E+01 7.455960000E+00 3.220418670E+00
4.791900000E-01 2.112031000E+01 5.942840000E+00 2.587282706E+00
5.837810000E-01 2.109282000E+01 4.751840000E+00 2.123741609E+00
7.028540000E-01 2.053621000E+01 3.798710000E+00 1.763950977E+00
8.148740000E-01 1.943750000E+01 3.150550000E+00 1.521462214E+00
8.925340000E-01 1.805320000E+01 2.798510000E+00 1.389078735E+00
9.468670000E-01 1.637820000E+01 2.587320000E+00 1.309370799E+00
9.800540000E-01 1.459490000E+01 2.470490000E+00 1.265032335E+00
9.993060000E-01 1.285500000E+01 2.409660000E+00 1.240661019E+00
1.007540000E+00 1.162640000E+01 2.446140000E+00 1.230521865E+00
1.011960000E+00 1.073100000E+01 2.597910000E+00 1.225147239E+00
1.015670000E+00 9.842400000E+00 2.908180000E+00 1.220672069E+00
1.019040000E+00 8.982800000E+00 3.409620000E+00 1.216635265E+00
1.022950000E+00 8.042900000E+00 4.305460000E+00 1.211984946E+00
1.027760000E+00 7.211300000E+00 5.794350000E+00 1.206312758E+00
1.033550000E+00 6.865700000E+00 7.799710000E+00 1.199554932E+00
1.040170000E+00 7.175700000E+00 9.862940000E+00 1.191920551E+00
1.050000000E+00 8.226200000E+00 1.234020000E+01 1.180761905E+00
1.060400000E+00 9.994300000E+00 1.439800000E+01 1.169181441E+00
1.071040000E+00 1.215960000E+01 1.545210000E+01 1.157566477E+00
1.085000000E+00 1.443820000E+01 1.566850000E+01 1.142672811E+00
1.105000000E+00 1.654790000E+01 1.535510000E+01 1.121990950E+00
1.134190000E+00 1.836750000E+01 1.481000000E+01 1.093114910E+00
1.158080000E+00 1.921940000E+01 1.434570000E+01 1.070565073E+00
1.173560000E+00 1.927280000E+01 1.428940000E+01 1.056443642E+00
1.184120000E+00 1.940970000E+01 1.474510000E+01 1.047022261E+00
1.203500000E+00 2.069175000E+01 1.529690000E+01 1.030162027E+00
1.234220000E+00 2.222667000E+01 1.481950000E+01 1.004521074E+00
1.275150000E+00 2.353386000E+01 1.415810000E+01 9.722777712E-01
1.331910000E+00 2.482018000E+01 1.332480000E+01 9.308436756E-01
1.397900000E+00 2.591259000E+01 1.246390000E+01 8.869017812E-01
1.464940000E+00 2.675369000E+01 1.167400000E+01 8.463145248E-01
1.541810000E+00 2.749286000E+01 1.085170000E+01 8.041198332E-01
1.621810000E+00 2.807340000E+01 1.009400000E+01 7.644545292E-01
1.698240000E+00 2.851275000E+01 9.433210000E+00 7.300499340E-01
1.778280000E+00 2.887105000E+01 8.807840000E+00 6.971905437E-01
1.854330000E+00 2.913399100E+01 8.264560000E+00 6.685972831E-01
1.930790000E+00 2.934046600E+01 7.770500000E+00 6.421205828E-01
2.015840000E+00 2.952373000E+01 7.275560000E+00 6.150289706E-01
2.083740000E+00 2.964288900E+01 6.916490000E+00 5.949878584E-01
2.137960000E+00 2.972652200E+01 6.644870000E+00 5.798985949E-01
2.188050000E+00 2.978676000E+01 6.407650000E+00 5.666232490E-01
2.244850000E+00 2.984401900E+01 6.155460000E+00 5.522863443E-01
2.288000000E+00 2.988380600E+01 5.972410000E+00 5.418706294E-01
2.340860000E+00 2.992417770E+01 5.760040000E+00 5.296344079E-01
2.365410000E+00 2.994097990E+01 5.664980000E+00 5.241374645E-01
2.409540000E+00 2.996672740E+01 5.498630000E+00 5.145380446E-01
2.426190000E+00 2.997460650E+01 5.438520000E+00 5.110069698E-01
2.460570000E+00 2.998954230E+01 5.316470000E+00 5.038669902E-01
2.481840000E+00 2.999729152E+01 5.244410000E+00 4.995487219E-01
2.501180000E+00 3.000427133E+01 5.179350000E+00 4.956860362E-01
2.506670000E+00 3.000609881E+01 5.160960000E+00 4.946004061E-01
2.520130000E+00 3.001025250E+01 5.117160000E+00 4.919587482E-01
2.559010000E+00 3.002152610E+01 4.993020000E+00 4.844842341E-01
2.607650000E+00 3.003379770E+01 4.844760000E+00 4.754472418E-01
2.701590000E+00 3.005084740E+01 4.576750000E+00 4.589149353E-01
2.776120000E+00 3.005819320E+01 4.378010000E+00 4.465945276E-01
2.840650000E+00 3.005971280E+01 4.215760000E+00 4.364494042E-01
2.912560000E+00 3.005771250E+01 4.045740000E+00 4.256736342E-01
2.993070000E+00 3.005068220E+01 3.868960000E+00 4.142235230E-01
3.081000000E+00 3.004150820E+01 3.688990000E+00 4.024018176E-01
3.143000000E+00 3.003168710E+01 3.568800000E+00 3.944638880E-01
3.209210000E+00 3.001912620E+01 3.447390000E+00 3.863256066E-01
3.285010000E+00 3.000430908E+01 3.315970000E+00 3.774113321E-01
3.311310000E+00 2.999839443E+01 3.272000000E+00 3.744137517E-01
3.325140000E+00 2.999530000E+01 3.249300000E+00 3.728564812E-01
3.373200000E+00 2.998407650E+01 3.171960000E+00 3.675441717E-01
3.461770000E+00 2.996235540E+01 3.038490000E+00 3.581404888E-01
3.593540000E+00 2.993101080E+01 2.853800000E+00 3.450079866E-01
3.890450000E+00 2.984807300E+01 2.494130000E+00 3.186777879E-01
4.453430000E+00 2.967840600E+01 1.979530000E+00 2.783921606E-01
5.072430000E+00 2.949503900E+01 1.580170000E+00 2.444193414E-01
5.776450000E+00 2.928632300E+01 1.258110000E+00 2.146300929E-01
6.592690000E+00 2.903429000E+01 9.959120000E-01 1.880567720E-01
7.494910000E+00 2.870810000E+01 7.919730000E-01 1.654189310E-01
8.119000000E+00 2.840448000E+01 6.858700000E-01 1.527035349E-01
8.564330000E+00 2.809942000E+01 6.228610000E-01 1.447632214E-01
8.891340000E+00 2.777014000E+01 5.817350000E-01 1.394390497E-01
9.164280000E+00 2.733829000E+01 5.506070000E-01 1.352861327E-01
9.324750000E+00 2.690757000E+01 5.337750000E-01 1.329579881E-01
9.401740000E+00 2.657230000E+01 5.348320000E-01 1.318692072E-01
9.442250000E+00 2.632080000E+01 5.614740000E-01 1.313034499E-01
9.469720000E+00 2.610952000E+01 6.121560000E-01 1.309225616E-01
9.492900000E+00 2.590679000E+01 6.920370000E-01 1.306028716E-01
9.514350000E+00 2.570633000E+01 8.086120000E-01 1.303084288E-01
9.539770000E+00 2.546991000E+01 1.012470000E+00 1.299612045E-01
9.569530000E+00 2.523208000E+01 1.348360000E+00 1.295570420E-01
9.613260000E+00 2.508252000E+01 1.991110000E+00 1.289676967E-01
9.654980000E+00 2.515873000E+01 2.635380000E+00 1.284104162E-01
9.700180000E+00 2.551189000E+01 3.192680000E+00 1.278120612E-01
9.744540000E+00 2.596118000E+01 3.513540000E+00 1.272302233E-01
9.809160000E+00 2.654190000E+01 3.671880000E+00 1.263920662E-01
9.872310000E+00 2.693551000E+01 3.672440000E+00 1.255835767E-01
9.977790000E+00 2.739091000E+01 3.623310000E+00 1.242559725E-01
1.014660000E+01 2.786235000E+01 3.536400000E+00 1.221887135E-01
1.036150000E+01 2.827593000E+01 3.420850000E+00 1.196544902E-01
1.061780000E+01 2.862172000E+01 3.290900000E+00 1.167661851E-01
1.088680000E+01 2.888945000E+01 3.163430000E+00 1.138810302E-01
1.117380000E+01 2.911447100E+01 3.035980000E+00 1.109559863E-01
1.142730000E+01 2.927561800E+01 2.929920000E+00 1.084945700E-01
1.174900000E+01 2.944539200E+01 2.803110000E+00 1.055238744E-01
1.207490000E+01 2.958576300E+01 2.679240000E+00 1.026757986E-01
1.235130000E+01 2.968470600E+01 2.580650000E+00 1.003780979E-01
1.269250000E+01 2.978371300E+01 2.466190000E+00 9.767973213E-02
1.296450000E+01 2.985183800E+01 2.381430000E+00 9.563037526E-02
1.316360000E+01 2.989478300E+01 2.322030000E+00 9.418396183E-02
1.350440000E+01 2.996259650E+01 2.224860000E+00 9.180711472E-02
1.377950000E+01 3.000751997E+01 2.151370000E+00 8.997423709E-02
1.412540000E+01 3.005724350E+01 2.064860000E+00 8.777096578E-02
1.459090000E+01 3.011390800E+01 1.956130000E+00 8.497076945E-02
1.501860000E+01 3.015645200E+01 1.863630000E+00 8.255097013E-02
1.548820000E+01 3.019552400E+01 1.768780000E+00 8.004803657E-02
1.603250000E+01 3.023162400E+01 1.665770000E+00 7.733042258E-02
1.698240000E+01 3.027444800E+01 1.507470000E+00 7.300499340E-02
1.831590000E+01 3.030902700E+01 1.322440000E+00 6.768982141E-02
1.984170000E+01 3.032814000E+01 1.148390000E+00 6.248456533E-02
2.212090000E+01 3.032828800E+01 9.445570000E-01 5.604654422E-02
2.522820000E+01 3.030839800E+01 7.443390000E-01 4.914341887E-02
2.845200000E+01 3.027681400E+01 5.960280000E-01 4.357514410E-02
3.213600000E+01 3.024065200E+01 4.744670000E-01 3.857978591E-02
3.624210000E+01 3.020267300E+01 3.776900000E-01 3.420883448E-02
4.091840000E+01 3.016548800E+01 2.988930000E-01 3.029932744E-02
4.612830000E+01 3.013081800E+01 2.370410000E-01 2.687720987E-02
5.166510000E+01 3.010055600E+01 1.896300000E-01 2.399685668E-02
5.784980000E+01 3.007339920E+01 1.516590000E-01 2.143136191E-02
6.421000000E+01 3.005082530E+01 1.230790000E-01 1.930851892E-02
6.997390000E+01 3.003401650E+01 1.036440000E-01 1.771803487E-02
7.556920000E+01 3.002048200E+01 8.874030000E-02 1.640615489E-02
7.977650000E+01 3.001160130E+01 7.952200000E-02 1.554091744E-02
8.249370000E+01 3.000639685E+01 7.428980000E-02 1.502902646E-02
8.478610000E+01 3.000233335E+01 7.027460000E-02 1.462267990E-02
8.620820000E+01 2.999991538E+01 6.793710000E-02 1.438146255E-02
8.639150000E+01 2.999960523E+01 6.763680000E-02 1.435094888E-02
8.858360000E+01 2.999609510E+01 6.428800000E-02 1.399581864E-02
9.280690000E+01 2.998986800E+01 5.849010000E-02 1.335892051E-02
9.809080000E+01 2.998297830E+01 5.227550000E-02 1.263930970E-02
1.061160000E+02 2.997402700E+01 4.449740000E-02 1.168344076E-02
1.166010000E+02 2.996454670E+01 3.672000000E-02 1.063284191E-02
1.299520000E+02 2.995513120E+01 2.942860000E-02 9.540445703E-03
1.450130000E+02 2.994703750E+01 2.352400000E-02 8.549578314E-03
1.626650000E+02 2.993990030E+01 1.860080000E-02 7.621799404E-03
1.815210000E+02 2.993417350E+01 1.490950000E-02 6.830063739E-03
2.029390000E+02 2.992931420E+01 1.191890000E-02 6.109224940E-03
2.260010000E+02 2.992532830E+01 9.616890000E-03 5.485816434E-03
2.535040000E+02 2.992180660E+01 7.671760000E-03 4.890652613E-03
2.844360000E+02 2.991891010E+01 6.149620000E-03 4.358801277E-03
3.190380000E+02 2.991654380E+01 4.954830000E-03 3.886057460E-03
3.575080000E+02 2.991462280E+01 4.022230000E-03 3.467894425E-03
4.025810000E+02 2.991299390E+01 3.259510000E-03 3.079628696E-03
4.525450000E+02 2.991169490E+01 2.671600000E-03 2.739617055E-03
5.141110000E+02 2.991056250E+01 2.173610000E-03 2.411541476E-03
5.824170000E+02 2.990968540E+01 1.796330000E-03 2.128715336E-03
6.664230000E+02 2.990894260E+01 1.482000000E-03 1.860379969E-03
7.646500000E+02 2.990836510E+01 1.238430000E-03 1.621395410E-03
8.912510000E+02 2.990788790E+01 1.032740000E-03 1.391078383E-03
1.022000000E+03 2.990756780E+01 8.913960000E-04 1.213111546E-03
1.228710000E+03 2.990725540E+01 7.345290000E-04 1.009025726E-03
1.477240000E+03 2.990703930E+01 6.052680000E-04 8.392678238E-04
1.776030000E+03 2.990688980E+01 4.987540000E-04 6.980737938E-04
2.135260000E+03 2.990678630E+01 4.109840000E-04 5.806318668E-04
2.567150000E+03 2.990671480E+01 3.386600000E-04 4.829480163E-04
3.086390000E+03 2.990666530E+01 2.790630000E-04 4.016990724E-04
3.710660000E+03 2.990663100E+01 2.299540000E-04 3.341184587E-04
4.461190000E+03 2.990660730E+01 1.894870000E-04 2.779079125E-04
5.363530000E+03 2.990659090E+01 1.561420000E-04 2.311537364E-04
6.448380000E+03 2.990657960E+01 1.286640000E-04 1.922653442E-04
7.752660000E+03 2.990657170E+01 1.060220000E-04 1.599193051E-04
9.320750000E+03 2.990656630E+01 8.736440000E-05 1.330150471E-04
1.000000000E+04 2.990656470E+01 8.127440000E-05 1.239800000E-04
