# Data retrieved from physics.nist.gov 03/01/2021
# Element, Ag  (Z = 47) 
# Atomic weight, g mol-1 = 107.8682 
# Nominal density, g cm-3 =  1.0480E+01 
# Relativistic correction estimate f_rel(5CL),  e atom-1 =  -2.8260E-01 
# Nuclear Thomson correction f_NT, e atom-1 =  -1.1234E-02 
#    E [keV]      f1 [e atom-1]      f2 [e atom-1]    Wavelength [nm] 
1.069000000E-02 2.840900000E+00 4.596900000E+00 1.160000000E+02
1.142761000E-02 3.046460000E+00 4.905000000E+00 1.085000000E+02
1.221612000E-02 3.281980000E+00 5.214300000E+00 1.015000000E+02
1.305903000E-02 3.548890000E+00 5.521600000E+00 9.494000000E+01
1.396010000E-02 3.848650000E+00 5.821400000E+00 8.881000000E+01
1.492335000E-02 4.178670000E+00 6.106400000E+00 8.308000000E+01
1.595306000E-02 4.535360000E+00 6.373700000E+00 7.772000000E+01
1.705382000E-02 4.915310000E+00 6.620600000E+00 7.270000000E+01
1.823053000E-02 5.315060000E+00 6.845100000E+00 6.801000000E+01
1.948844000E-02 5.731040000E+00 7.045700000E+00 6.362000000E+01
2.083314000E-02 6.159600000E+00 7.221400000E+00 5.951000000E+01
2.227063000E-02 6.597050000E+00 7.371800000E+00 5.567000000E+01
2.380730000E-02 7.039790000E+00 7.496800000E+00 5.208000000E+01
2.545001000E-02 7.484260000E+00 7.597000000E+00 4.872000000E+01
2.720606000E-02 7.927020000E+00 7.673200000E+00 4.557000000E+01
2.908327000E-02 8.364750000E+00 7.726600000E+00 4.263000000E+01
3.109002000E-02 8.794110000E+00 7.758600000E+00 3.988000000E+01
3.323523000E-02 9.211720000E+00 7.770900000E+00 3.731000000E+01
3.552846000E-02 9.613810000E+00 7.765200000E+00 3.490000000E+01
3.797993000E-02 9.995790000E+00 7.743500000E+00 3.264000000E+01
4.060054000E-02 1.035120000E+01 7.707700000E+00 3.054000000E+01
4.340198000E-02 1.066960000E+01 7.659600000E+00 2.857000000E+01
4.639671000E-02 1.093020000E+01 7.601100000E+00 2.672000000E+01
4.959809000E-02 1.108190000E+01 7.534000000E+00 2.500000000E+01
5.302035000E-02 1.092500000E+01 7.459900000E+00 2.338000000E+01
5.478200000E-02 1.034460000E+01 7.421500000E+00 2.263000000E+01
5.562050000E-02 9.157230000E+00 7.403300000E+00 2.229000000E+01
5.584410000E-02 7.578110000E+00 7.398400000E+00 2.220000000E+01
5.617950000E-02 9.415760000E+00 1.057700000E+01 2.207000000E+01
5.667876000E-02 1.062110000E+01 1.041400000E+01 2.187000000E+01
5.701800000E-02 1.106500000E+01 1.030800000E+01 2.174000000E+01
6.058959000E-02 1.265380000E+01 9.394400000E+00 2.046000000E+01
6.134800000E-02 1.266110000E+01 9.239000000E+00 2.021000000E+01
6.228700000E-02 1.223000000E+01 9.053000000E+00 1.991000000E+01
6.253740000E-02 1.146310000E+01 9.001300000E+00 1.983000000E+01
6.291300000E-02 1.246380000E+01 1.055700000E+01 1.971000000E+01
6.385200000E-02 1.343740000E+01 1.025000000E+01 1.942000000E+01
6.477028000E-02 1.389590000E+01 9.978300000E+00 1.914000000E+01
6.923942000E-02 1.491350000E+01 8.947000000E+00 1.791000000E+01
7.401695000E-02 1.536480000E+01 8.221100000E+00 1.675000000E+01
7.912411000E-02 1.565120000E+01 7.687000000E+00 1.567000000E+01
8.458368000E-02 1.586280000E+01 7.264100000E+00 1.466000000E+01
9.041995000E-02 1.601280000E+01 6.910600000E+00 1.371000000E+01
9.329600000E-02 1.603900000E+01 6.761700000E+00 1.329000000E+01
9.472400000E-02 1.599170000E+01 6.692600000E+00 1.309000000E+01
9.510480000E-02 1.590360000E+01 6.674600000E+00 1.304000000E+01
9.567600000E-02 1.601280000E+01 6.838600000E+00 1.296000000E+01
9.665893000E-02 1.610300000E+01 6.797500000E+00 1.283000000E+01
9.710400000E-02 1.612950000E+01 6.779300000E+00 1.277000000E+01
1.033284000E-01 1.635620000E+01 6.548000000E+00 1.200000000E+01
1.104581000E-01 1.653560000E+01 6.325300000E+00 1.122000000E+01
1.180797000E-01 1.668980000E+01 6.121600000E+00 1.050000000E+01
1.262272000E-01 1.682380000E+01 5.932800000E+00 9.822000000E+00
1.349368000E-01 1.693820000E+01 5.756400000E+00 9.188000000E+00
1.442475000E-01 1.703180000E+01 5.590100000E+00 8.595000000E+00
1.542005000E-01 1.710260000E+01 5.432400000E+00 8.040000000E+00
1.648404000E-01 1.714740000E+01 5.281700000E+00 7.521000000E+00
1.762144000E-01 1.716400000E+01 5.137000000E+00 7.036000000E+00
1.883732000E-01 1.714540000E+01 4.997000000E+00 6.582000000E+00
2.013709000E-01 1.708080000E+01 4.860700000E+00 6.157000000E+00
2.152655000E-01 1.696240000E+01 4.727200000E+00 5.760000000E+00
2.301188000E-01 1.677600000E+01 4.595600000E+00 5.388000000E+00
2.459970000E-01 1.650120000E+01 4.464500000E+00 5.040000000E+00
2.629708000E-01 1.610670000E+01 4.333100000E+00 4.715000000E+00
2.811158000E-01 1.554360000E+01 4.200800000E+00 4.410000000E+00
3.005128000E-01 1.472700000E+01 4.067300000E+00 4.126000000E+00
3.212482000E-01 1.348070000E+01 3.932700000E+00 3.859000000E+00
3.434143000E-01 1.132390000E+01 3.797000000E+00 3.610000000E+00
3.593660000E-01 8.176930000E+00 3.704100000E+00 3.450000000E+00
3.648665000E-01 5.385710000E+00 3.673000000E+00 3.398000000E+00
3.653440000E-01 4.879280000E+00 3.670300000E+00 3.394000000E+00
3.663333000E-01 2.908800000E+00 3.664800000E+00 3.384000000E+00
3.671099000E-01 2.819160000E+00 7.801000000E+00 3.377000000E+00
3.685335000E-01 4.337830000E+00 7.873100000E+00 3.364000000E+00
3.709360000E-01 4.394450000E+00 7.997700000E+00 3.342000000E+00
3.724272000E-01 3.120640000E+00 8.076800000E+00 3.329000000E+00
3.740340000E-01 4.354820000E+00 1.112200000E+01 3.315000000E+00
3.746640000E-01 4.778250000E+00 1.118000000E+01 3.309000000E+00
3.802560000E-01 6.264930000E+00 1.171400000E+01 3.261000000E+00
3.924405000E-01 7.234120000E+00 1.299400000E+01 3.159000000E+00
4.195189000E-01 8.525330000E+00 1.630200000E+01 2.955000000E+00
4.484657000E-01 1.067830000E+01 1.939000000E+01 2.765000000E+00
4.794098000E-01 1.347410000E+01 2.168700000E+01 2.586000000E+00
5.124891000E-01 1.643780000E+01 2.301800000E+01 2.419000000E+00
5.478508000E-01 1.883610000E+01 2.341800000E+01 2.263000000E+00
5.599720000E-01 1.910530000E+01 2.337200000E+01 2.214000000E+00
5.685430000E-01 1.835180000E+01 2.329500000E+01 2.181000000E+00
5.708286000E-01 1.688580000E+01 2.326900000E+01 2.172000000E+00
5.742570000E-01 1.875230000E+01 2.640700000E+01 2.159000000E+00
5.828280000E-01 2.069370000E+01 2.628100000E+01 2.127000000E+00
5.856525000E-01 2.107210000E+01 2.623300000E+01 2.117000000E+00
5.903520000E-01 2.158030000E+01 2.614900000E+01 2.100000000E+00
5.993880000E-01 2.204410000E+01 2.596700000E+01 2.069000000E+00
6.017976000E-01 2.160330000E+01 2.591500000E+01 2.060000000E+00
6.054120000E-01 2.266650000E+01 2.719400000E+01 2.048000000E+00
6.144480000E-01 2.411710000E+01 2.698400000E+01 2.018000000E+00
6.260625000E-01 2.539130000E+01 2.668900000E+01 1.980000000E+00
6.692609000E-01 2.871970000E+01 2.543000000E+01 1.853000000E+00
7.031500000E-01 3.037010000E+01 2.435200000E+01 1.763000000E+00
7.139125000E-01 3.047240000E+01 2.400500000E+01 1.737000000E+00
7.154399000E-01 3.036530000E+01 2.395500000E+01 1.733000000E+00
7.167825000E-01 3.008290000E+01 2.391200000E+01 1.730000000E+00
7.210875000E-01 3.082600000E+01 2.481300000E+01 1.719000000E+00
7.318500000E-01 3.178680000E+01 2.446700000E+01 1.694000000E+00
7.648052000E-01 3.353280000E+01 2.342400000E+01 1.621000000E+00
8.175768000E-01 3.548380000E+01 2.184000000E+01 1.516000000E+00
8.739896000E-01 3.699770000E+01 2.029100000E+01 1.419000000E+00
9.342948000E-01 3.820820000E+01 1.881300000E+01 1.327000000E+00
9.987612000E-01 3.921790000E+01 1.741500000E+01 1.241000000E+00
1.067676000E+00 4.004680000E+01 1.598500000E+01 1.161000000E+00
1.141345000E+00 4.067250000E+01 1.464200000E+01 1.086000000E+00
1.220098000E+00 4.112910000E+01 1.339800000E+01 1.016000000E+00
1.304285000E+00 4.145870000E+01 1.224500000E+01 9.506000000E-01
1.394281000E+00 4.168760000E+01 1.118900000E+01 8.892000000E-01
1.490486000E+00 4.184170000E+01 1.021100000E+01 8.318000000E-01
1.593329000E+00 4.189780000E+01 9.246700000E+00 7.781000000E-01
1.703269000E+00 4.186260000E+01 8.386800000E+00 7.279000000E-01
1.820795000E+00 4.177040000E+01 7.619500000E+00 6.809000000E-01
1.946430000E+00 4.161410000E+01 6.933600000E+00 6.370000000E-01
2.080733000E+00 4.140620000E+01 6.320400000E+00 5.959000000E-01
2.224304000E+00 4.114620000E+01 5.771400000E+00 5.574000000E-01
2.377781000E+00 4.081800000E+01 5.260800000E+00 5.214000000E-01
2.541848000E+00 4.037710000E+01 4.778500000E+00 4.878000000E-01
2.717235000E+00 3.976520000E+01 4.343400000E+00 4.563000000E-01
2.904724000E+00 3.886270000E+01 3.952200000E+00 4.268000000E-01
3.105150000E+00 3.734920000E+01 3.551000000E+00 3.993000000E-01
3.284078000E+00 3.396350000E+01 3.216300000E+00 3.775000000E-01
3.319406000E+00 3.209690000E+01 3.156400000E+00 3.735000000E-01
3.334344000E+00 3.055120000E+01 3.131700000E+00 3.718000000E-01
3.347749000E+00 2.673780000E+01 3.109700000E+00 3.704000000E-01
3.367855000E+00 3.028440000E+01 1.040200000E+01 3.681000000E-01
3.418122000E+00 3.317320000E+01 1.028100000E+01 3.627000000E-01
3.453226000E+00 3.375620000E+01 1.020000000E+01 3.590000000E-01
3.506081000E+00 3.323330000E+01 1.008000000E+01 3.536000000E-01
3.520176000E+00 3.159990000E+01 1.004300000E+01 3.522000000E-01
3.541318000E+00 3.375020000E+01 1.362400000E+01 3.501000000E-01
3.548445000E+00 3.424790000E+01 1.359400000E+01 3.494000000E-01
3.594174000E+00 3.602400000E+01 1.339800000E+01 3.450000000E-01
3.729684000E+00 3.817880000E+01 1.278400000E+01 3.324000000E-01
3.786771000E+00 3.813810000E+01 1.249400000E+01 3.274000000E-01
3.793288000E+00 3.797090000E+01 1.246100000E+01 3.269000000E-01
3.801994000E+00 3.737220000E+01 1.241600000E+01 3.261000000E-01
3.824829000E+00 3.856600000E+01 1.415500000E+01 3.242000000E-01
3.881916000E+00 3.998080000E+01 1.384400000E+01 3.194000000E-01
4.055024000E+00 4.203640000E+01 1.292300000E+01 3.058000000E-01
4.334821000E+00 4.383190000E+01 1.157300000E+01 2.860000000E-01
4.633924000E+00 4.493340000E+01 1.036700000E+01 2.676000000E-01
4.953664000E+00 4.567230000E+01 9.305600000E+00 2.503000000E-01
5.295467000E+00 4.618520000E+01 8.355900000E+00 2.341000000E-01
5.660855000E+00 4.654390000E+01 7.513300000E+00 2.190000000E-01
6.051453000E+00 4.679760000E+01 6.761200000E+00 2.049000000E-01
6.469004000E+00 4.697660000E+01 6.086800000E+00 1.917000000E-01
6.915365000E+00 4.718070000E+01 5.470600000E+00 1.793000000E-01
7.392525000E+00 4.728940000E+01 4.901000000E+00 1.677000000E-01
7.902609000E+00 4.735050000E+01 4.388300000E+00 1.569000000E-01
8.447890000E+00 4.734670000E+01 3.930000000E+00 1.468000000E-01
9.030794000E+00 4.733330000E+01 3.514100000E+00 1.373000000E-01
9.653919000E+00 4.728630000E+01 3.117300000E+00 1.284000000E-01
1.032004000E+01 4.721460000E+01 2.767900000E+00 1.201000000E-01
1.103212000E+01 4.712940000E+01 2.459100000E+00 1.124000000E-01
1.179334000E+01 4.703540000E+01 2.185400000E+00 1.051000000E-01
1.260708000E+01 4.693530000E+01 1.943700000E+00 9.834000000E-02
1.347697000E+01 4.683120000E+01 1.730400000E+00 9.200000000E-02
1.440688000E+01 4.672370000E+01 1.541100000E+00 8.606000000E-02
1.540095000E+01 4.661140000E+01 1.369500000E+00 8.050000000E-02
1.646362000E+01 4.649000000E+01 1.215900000E+00 7.531000000E-02
1.759961000E+01 4.635520000E+01 1.075500000E+00 7.045000000E-02
1.881398000E+01 4.619950000E+01 9.520800000E-01 6.590000000E-02
2.011215000E+01 4.601180000E+01 8.435600000E-01 6.165000000E-02
2.149988000E+01 4.576600000E+01 7.480800000E-01 5.767000000E-02
2.298338000E+01 4.539180000E+01 6.640100000E-01 5.395000000E-02
2.456923000E+01 4.456600000E+01 5.899000000E-01 5.046000000E-02
2.500372000E+01 4.402220000E+01 5.719300000E-01 4.959000000E-02
2.538643000E+01 4.274040000E+01 5.568300000E-01 4.884000000E-02
2.548849000E+01 4.119910000E+01 5.529100000E-01 4.864000000E-02
2.564157000E+01 4.276530000E+01 3.584100000E+00 4.835000000E-02
2.602428000E+01 4.418110000E+01 3.492300000E+00 4.764000000E-02
2.626450000E+01 4.458380000E+01 3.436500000E+00 4.721000000E-02
2.807676000E+01 4.586100000E+01 3.091700000E+00 4.416000000E-02
3.001405000E+01 4.643690000E+01 2.780300000E+00 4.131000000E-02
3.208502000E+01 4.678490000E+01 2.477000000E+00 3.864000000E-02
3.429889000E+01 4.699860000E+01 2.201400000E+00 3.615000000E-02
3.666551000E+01 4.714020000E+01 1.960900000E+00 3.381000000E-02
3.919543000E+01 4.723530000E+01 1.746900000E+00 3.163000000E-02
4.189992000E+01 4.729820000E+01 1.556400000E+00 2.959000000E-02
4.479101000E+01 4.733840000E+01 1.386800000E+00 2.768000000E-02
4.788159000E+01 4.736270000E+01 1.235900000E+00 2.589000000E-02
5.118542000E+01 4.740960000E+01 1.101100000E+00 2.422000000E-02
5.471721000E+01 4.741200000E+01 9.751700000E-01 2.266000000E-02
5.849270000E+01 4.740530000E+01 8.636700000E-01 2.120000000E-02
6.252870000E+01 4.739300000E+01 7.650000000E-01 1.983000000E-02
6.684318000E+01 4.737720000E+01 6.776500000E-01 1.855000000E-02
7.145536000E+01 4.735930000E+01 6.003200000E-01 1.735000000E-02
7.638578000E+01 4.734020000E+01 5.318000000E-01 1.623000000E-02
8.165640000E+01 4.732100000E+01 4.704100000E-01 1.518000000E-02
8.729069000E+01 4.730100000E+01 4.147100000E-01 1.420000000E-02
9.331374000E+01 4.728050000E+01 3.656300000E-01 1.329000000E-02
9.975239000E+01 4.726030000E+01 3.223800000E-01 1.243000000E-02
1.066353000E+02 4.724070000E+01 2.842700000E-01 1.163000000E-02
1.139931000E+02 4.722200000E+01 2.505400000E-01 1.088000000E-02
1.218587000E+02 4.720410000E+01 2.207000000E-01 1.017000000E-02
1.302669000E+02 4.718720000E+01 1.944200000E-01 9.518000000E-03
1.392553000E+02 4.717130000E+01 1.712800000E-01 8.903000000E-03
1.488640000E+02 4.715640000E+01 1.509000000E-01 8.329000000E-03
1.591356000E+02 4.714260000E+01 1.329500000E-01 7.791000000E-03
1.701159000E+02 4.712980000E+01 1.171400000E-01 7.288000000E-03
1.818539000E+02 4.711800000E+01 1.032200000E-01 6.818000000E-03
1.944018000E+02 4.710710000E+01 9.095500000E-02 6.378000000E-03
2.078156000E+02 4.709710000E+01 8.015200000E-02 5.966000000E-03
2.221548000E+02 4.708800000E+01 7.063500000E-02 5.581000000E-03
2.374835000E+02 4.707960000E+01 6.225000000E-02 5.221000000E-03
2.538699000E+02 4.707200000E+01 5.486300000E-02 4.884000000E-03
2.713869000E+02 4.706500000E+01 4.835500000E-02 4.569000000E-03
2.901126000E+02 4.705870000E+01 4.262000000E-02 4.274000000E-03
3.101304000E+02 4.705290000E+01 3.756700000E-02 3.998000000E-03
3.315294000E+02 4.704770000E+01 3.311400000E-02 3.740000000E-03
3.544049000E+02 4.704290000E+01 2.919000000E-02 3.498000000E-03
3.788588000E+02 4.703860000E+01 2.573200000E-02 3.273000000E-03
4.050001000E+02 4.703480000E+01 2.268400000E-02 3.061000000E-03
4.329451000E+02 4.703130000E+01 1.999800000E-02 2.864000000E-03
