# Data retrieved from physics.nist.gov 03/01/2021
# Element, As  (Z = 33) 
# Atomic weight, g mol-1 = 74.92160 
# Nominal density, g cm-3 =  5.7200 
# Relativistic correction estimate f_rel(5CL),  e atom-1 =  -1.2000E-01 
# Nuclear Thomson correction f_NT, e atom-1 =  -7.9737E-03 
#    E [keV]      f1 [e atom-1]      f2 [e atom-1]    Wavelength [nm] 
1.069000000E-02 5.973880000E+00 0.000000000E+00 1.160000000E+02
1.142761000E-02 5.958920000E+00 0.000000000E+00 1.085000000E+02
1.221612000E-02 5.941720000E+00 0.000000000E+00 1.015000000E+02
1.305903000E-02 5.921930000E+00 0.000000000E+00 9.494000000E+01
1.396010000E-02 5.899140000E+00 0.000000000E+00 8.881000000E+01
1.492335000E-02 5.872860000E+00 0.000000000E+00 8.308000000E+01
1.595306000E-02 5.842520000E+00 0.000000000E+00 7.772000000E+01
1.705382000E-02 5.807420000E+00 0.000000000E+00 7.270000000E+01
1.823053000E-02 5.766730000E+00 0.000000000E+00 6.801000000E+01
1.948844000E-02 5.719470000E+00 0.000000000E+00 6.362000000E+01
2.083314000E-02 5.664380000E+00 0.000000000E+00 5.951000000E+01
2.227063000E-02 5.599950000E+00 0.000000000E+00 5.567000000E+01
2.380730000E-02 5.524240000E+00 0.000000000E+00 5.208000000E+01
2.545001000E-02 5.434790000E+00 0.000000000E+00 4.872000000E+01
2.720606000E-02 5.328280000E+00 0.000000000E+00 4.557000000E+01
2.908327000E-02 5.200190000E+00 0.000000000E+00 4.263000000E+01
3.109002000E-02 5.043960000E+00 0.000000000E+00 3.988000000E+01
3.323523000E-02 4.849230000E+00 0.000000000E+00 3.731000000E+01
3.552846000E-02 4.597470000E+00 0.000000000E+00 3.490000000E+01
3.797993000E-02 4.245410000E+00 0.000000000E+00 3.264000000E+01
4.037600000E-02 3.662120000E+00 0.000000000E+00 3.071000000E+01
4.060054000E-02 3.560570000E+00 0.000000000E+00 3.054000000E+01
4.099400000E-02 3.268140000E+00 0.000000000E+00 3.024000000E+01
4.115880000E-02 2.895120000E+00 0.000000000E+00 3.012000000E+01
4.140600000E-02 3.180750000E+00 6.779900000E-01 2.994000000E+01
4.202400000E-02 3.365840000E+00 7.265100000E-01 2.950000000E+01
4.340198000E-02 3.362740000E+00 8.445300000E-01 2.857000000E+01
4.639671000E-02 3.134440000E+00 1.151500000E+00 2.672000000E+01
4.959809000E-02 2.848750000E+00 1.544400000E+00 2.500000000E+01
5.302035000E-02 2.557690000E+00 2.027800000E+00 2.338000000E+01
5.667876000E-02 2.288640000E+00 2.607200000E+00 2.187000000E+01
6.058959000E-02 2.065920000E+00 3.283500000E+00 2.046000000E+01
6.477028000E-02 1.913100000E+00 4.052200000E+00 1.914000000E+01
6.923942000E-02 1.852560000E+00 4.903100000E+00 1.791000000E+01
7.401695000E-02 1.904100000E+00 5.820300000E+00 1.675000000E+01
7.912411000E-02 2.083450000E+00 6.782700000E+00 1.567000000E+01
8.458368000E-02 2.400930000E+00 7.765300000E+00 1.466000000E+01
9.041995000E-02 2.860350000E+00 8.740600000E+00 1.371000000E+01
9.665893000E-02 3.458320000E+00 9.680100000E+00 1.283000000E+01
1.033284000E-01 4.183970000E+00 1.055600000E+01 1.200000000E+01
1.104581000E-01 5.018530000E+00 1.134500000E+01 1.122000000E+01
1.180797000E-01 5.934190000E+00 1.202400000E+01 1.050000000E+01
1.262272000E-01 6.880340000E+00 1.257700000E+01 9.822000000E+00
1.349368000E-01 7.779250000E+00 1.299400000E+01 9.188000000E+00
1.376900000E-01 7.983490000E+00 1.309200000E+01 9.005000000E+00
1.397975000E-01 7.999440000E+00 1.315800000E+01 8.869000000E+00
1.403595000E-01 7.819810000E+00 1.317400000E+01 8.833000000E+00
1.412025000E-01 8.128850000E+00 1.365800000E+01 8.781000000E+00
1.433100000E-01 8.521760000E+00 1.373300000E+01 8.651000000E+00
1.434720000E-01 8.543860000E+00 1.373900000E+01 8.642000000E+00
1.442475000E-01 8.641080000E+00 1.376500000E+01 8.595000000E+00
1.456680000E-01 8.770010000E+00 1.380900000E+01 8.511000000E+00
1.462536000E-01 8.743860000E+00 1.382700000E+01 8.477000000E+00
1.471320000E-01 8.958130000E+00 1.405700000E+01 8.427000000E+00
1.493280000E-01 9.320820000E+00 1.412700000E+01 8.303000000E+00
1.542005000E-01 9.964470000E+00 1.426200000E+01 8.040000000E+00
1.648404000E-01 1.120980000E+01 1.446300000E+01 7.521000000E+00
1.762144000E-01 1.241050000E+01 1.453700000E+01 7.036000000E+00
1.883732000E-01 1.353130000E+01 1.447700000E+01 6.582000000E+00
1.994300000E-01 1.429230000E+01 1.433000000E+01 6.217000000E+00
2.013709000E-01 1.433500000E+01 1.429700000E+01 6.157000000E+00
2.024825000E-01 1.428780000E+01 1.427800000E+01 6.123000000E+00
2.032965000E-01 1.404890000E+01 1.426300000E+01 6.099000000E+00
2.045175000E-01 1.445400000E+01 1.483900000E+01 6.062000000E+00
2.075700000E-01 1.496500000E+01 1.478700000E+01 5.973000000E+00
2.152655000E-01 1.576740000E+01 1.463700000E+01 5.760000000E+00
2.301188000E-01 1.697970000E+01 1.429600000E+01 5.388000000E+00
2.459970000E-01 1.805780000E+01 1.387700000E+01 5.040000000E+00
2.629708000E-01 1.903310000E+01 1.339500000E+01 4.715000000E+00
2.811158000E-01 1.991300000E+01 1.286400000E+01 4.410000000E+00
3.005128000E-01 2.070160000E+01 1.229800000E+01 4.126000000E+00
3.212482000E-01 2.140260000E+01 1.170800000E+01 3.859000000E+00
3.434143000E-01 2.202020000E+01 1.110700000E+01 3.610000000E+00
3.671099000E-01 2.255900000E+01 1.050200000E+01 3.377000000E+00
3.924405000E-01 2.302400000E+01 9.901000000E+00 3.159000000E+00
4.195189000E-01 2.342030000E+01 9.310400000E+00 2.955000000E+00
4.484657000E-01 2.374970000E+01 8.734900000E+00 2.765000000E+00
4.794098000E-01 2.402270000E+01 8.177900000E+00 2.586000000E+00
5.124891000E-01 2.424050000E+01 7.642200000E+00 2.419000000E+00
5.478508000E-01 2.440630000E+01 7.129400000E+00 2.263000000E+00
5.856525000E-01 2.452280000E+01 6.640200000E+00 2.117000000E+00
6.260625000E-01 2.459070000E+01 6.173600000E+00 1.980000000E+00
6.692609000E-01 2.460750000E+01 5.730300000E+00 1.853000000E+00
7.154399000E-01 2.457170000E+01 5.311300000E+00 1.733000000E+00
7.648052000E-01 2.447920000E+01 4.917300000E+00 1.621000000E+00
8.175768000E-01 2.431800000E+01 4.520400000E+00 1.516000000E+00
8.739896000E-01 2.406510000E+01 4.147400000E+00 1.419000000E+00
9.000000000E-01 2.446560000E+01 3.992900000E+00 1.378000000E+00
9.045000000E-01 2.444350000E+01 3.967200000E+00 1.371000000E+00
9.090225000E-01 2.442090000E+01 3.941600000E+00 1.364000000E+00
9.135676100E-01 2.439780000E+01 3.916300000E+00 1.357000000E+00
9.181354500E-01 2.437410000E+01 3.891000000E+00 1.350000000E+00
9.227261300E-01 2.434990000E+01 3.866000000E+00 1.344000000E+00
9.273397600E-01 2.432500000E+01 3.841100000E+00 1.337000000E+00
9.319764600E-01 2.429970000E+01 3.816400000E+00 1.330000000E+00
9.366363400E-01 2.427370000E+01 3.791900000E+00 1.324000000E+00
9.413195200E-01 2.424720000E+01 3.767500000E+00 1.317000000E+00
9.460261200E-01 2.422020000E+01 3.743200000E+00 1.311000000E+00
9.507562500E-01 2.419250000E+01 3.719200000E+00 1.304000000E+00
9.555100300E-01 2.416430000E+01 3.695300000E+00 1.298000000E+00
9.602875800E-01 2.413550000E+01 3.671500000E+00 1.291000000E+00
9.650890200E-01 2.410620000E+01 3.648000000E+00 1.285000000E+00
9.699144600E-01 2.407630000E+01 3.624500000E+00 1.278000000E+00
9.747640400E-01 2.404580000E+01 3.601300000E+00 1.272000000E+00
9.796378600E-01 2.401490000E+01 3.578200000E+00 1.266000000E+00
9.845360500E-01 2.398340000E+01 3.555200000E+00 1.259000000E+00
9.894587300E-01 2.395150000E+01 3.532500000E+00 1.253000000E+00
9.944060200E-01 2.391920000E+01 3.509800000E+00 1.247000000E+00
9.993780500E-01 2.388650000E+01 3.487400000E+00 1.241000000E+00
1.004374900E+00 2.385090000E+01 3.459500000E+00 1.234000000E+00
1.009396800E+00 2.380950000E+01 3.431200000E+00 1.228000000E+00
1.014443800E+00 2.376560000E+01 3.403000000E+00 1.222000000E+00
1.019516000E+00 2.371970000E+01 3.375200000E+00 1.216000000E+00
1.024613600E+00 2.367220000E+01 3.347600000E+00 1.210000000E+00
1.029736700E+00 2.362310000E+01 3.320300000E+00 1.204000000E+00
1.034885300E+00 2.357250000E+01 3.293200000E+00 1.198000000E+00
1.040059800E+00 2.352010000E+01 3.266400000E+00 1.192000000E+00
1.045260100E+00 2.346620000E+01 3.239900000E+00 1.186000000E+00
1.050486400E+00 2.341050000E+01 3.213500000E+00 1.180000000E+00
1.055738800E+00 2.335310000E+01 3.187500000E+00 1.174000000E+00
1.061017500E+00 2.329390000E+01 3.161600000E+00 1.169000000E+00
1.066322600E+00 2.323270000E+01 3.136000000E+00 1.163000000E+00
1.071654200E+00 2.316960000E+01 3.110700000E+00 1.157000000E+00
1.077012500E+00 2.310450000E+01 3.085600000E+00 1.151000000E+00
1.082397500E+00 2.303710000E+01 3.060700000E+00 1.145000000E+00
1.087809500E+00 2.296760000E+01 3.036000000E+00 1.140000000E+00
1.093248600E+00 2.289560000E+01 3.011600000E+00 1.134000000E+00
1.098714800E+00 2.282120000E+01 2.987400000E+00 1.128000000E+00
1.104208400E+00 2.274420000E+01 2.963400000E+00 1.123000000E+00
1.109729400E+00 2.266440000E+01 2.939700000E+00 1.117000000E+00
1.115278100E+00 2.258170000E+01 2.916100000E+00 1.112000000E+00
1.120854500E+00 2.249590000E+01 2.892800000E+00 1.106000000E+00
1.126458700E+00 2.240690000E+01 2.869700000E+00 1.101000000E+00
1.132091000E+00 2.231440000E+01 2.846800000E+00 1.095000000E+00
1.137751500E+00 2.221820000E+01 2.824100000E+00 1.090000000E+00
1.143440200E+00 2.211800000E+01 2.801600000E+00 1.084000000E+00
1.149157400E+00 2.201370000E+01 2.779400000E+00 1.079000000E+00
1.154903200E+00 2.190490000E+01 2.757300000E+00 1.074000000E+00
1.160677700E+00 2.179120000E+01 2.735400000E+00 1.068000000E+00
1.166481100E+00 2.167240000E+01 2.713700000E+00 1.063000000E+00
1.172313500E+00 2.154790000E+01 2.692300000E+00 1.058000000E+00
1.178175100E+00 2.141730000E+01 2.671000000E+00 1.052000000E+00
1.184066000E+00 2.128020000E+01 2.649900000E+00 1.047000000E+00
1.189986300E+00 2.113580000E+01 2.629000000E+00 1.042000000E+00
1.195936200E+00 2.098340000E+01 2.608300000E+00 1.037000000E+00
1.201915900E+00 2.082250000E+01 2.587800000E+00 1.032000000E+00
1.207925500E+00 2.065190000E+01 2.567400000E+00 1.026000000E+00
1.213965100E+00 2.047060000E+01 2.547300000E+00 1.021000000E+00
1.220035000E+00 2.027750000E+01 2.527300000E+00 1.016000000E+00
1.226135100E+00 2.007090000E+01 2.507500000E+00 1.011000000E+00
1.232265800E+00 1.984920000E+01 2.487900000E+00 1.006000000E+00
1.238427100E+00 1.961020000E+01 2.468500000E+00 1.001000000E+00
1.244619300E+00 1.935130000E+01 2.449200000E+00 9.962000000E-01
1.250842400E+00 1.906920000E+01 2.430100000E+00 9.912000000E-01
1.257096600E+00 1.875960000E+01 2.411200000E+00 9.863000000E-01
1.263382100E+00 1.841740000E+01 2.392500000E+00 9.814000000E-01
1.269699000E+00 1.803510000E+01 2.373900000E+00 9.765000000E-01
1.276047500E+00 1.760290000E+01 2.355500000E+00 9.716000000E-01
1.282427700E+00 1.710670000E+01 2.337200000E+00 9.668000000E-01
1.288839900E+00 1.652520000E+01 2.319100000E+00 9.620000000E-01
1.295284000E+00 1.582380000E+01 2.301200000E+00 9.572000000E-01
1.301760500E+00 1.494070000E+01 2.283400000E+00 9.524000000E-01
1.308269300E+00 1.374690000E+01 2.265800000E+00 9.477000000E-01
1.314810600E+00 1.188090000E+01 2.248300000E+00 9.430000000E-01
1.321384700E+00 7.005510000E+00 2.231000000E+00 9.383000000E-01
1.322979300E+00 -1.028280000E+00 2.226900000E+00 9.372000000E-01
1.323220600E+00 -1.191940000E+00 1.170200000E+01 9.370000000E-01
1.327991600E+00 9.861520000E+00 1.163400000E+01 9.336000000E-01
1.334631600E+00 1.219060000E+01 1.154100000E+01 9.290000000E-01
1.341304700E+00 1.317490000E+01 1.144900000E+01 9.244000000E-01
1.348011200E+00 1.347700000E+01 1.135700000E+01 9.198000000E-01
1.354751300E+00 1.277850000E+01 1.126700000E+01 9.152000000E-01
1.358473900E+00 8.075190000E+00 1.121700000E+01 9.127000000E-01
1.358726100E+00 8.022270000E+00 1.589300000E+01 9.125000000E-01
1.361525000E+00 1.297460000E+01 1.584100000E+01 9.106000000E-01
1.368332700E+00 1.533260000E+01 1.571400000E+01 9.061000000E-01
1.375174300E+00 1.661080000E+01 1.558900000E+01 9.016000000E-01
1.382050200E+00 1.755200000E+01 1.546500000E+01 8.971000000E-01
1.388960500E+00 1.831280000E+01 1.534200000E+01 8.926000000E-01
1.395905300E+00 1.895650000E+01 1.522000000E+01 8.882000000E-01
1.402884800E+00 1.951560000E+01 1.509900000E+01 8.838000000E-01
1.409899200E+00 2.001000000E+01 1.497900000E+01 8.794000000E-01
1.416948700E+00 2.045220000E+01 1.486000000E+01 8.750000000E-01
1.424033500E+00 2.085100000E+01 1.474200000E+01 8.707000000E-01
1.431153600E+00 2.121280000E+01 1.462500000E+01 8.663000000E-01
1.438309400E+00 2.154210000E+01 1.450800000E+01 8.620000000E-01
1.445500900E+00 2.184220000E+01 1.439300000E+01 8.577000000E-01
1.452728400E+00 2.211550000E+01 1.427900000E+01 8.535000000E-01
1.459992100E+00 2.236340000E+01 1.416500000E+01 8.492000000E-01
1.467292000E+00 2.258670000E+01 1.405300000E+01 8.450000000E-01
1.474628500E+00 2.278500000E+01 1.394100000E+01 8.408000000E-01
1.482001600E+00 2.295690000E+01 1.383000000E+01 8.366000000E-01
1.489411700E+00 2.309900000E+01 1.372000000E+01 8.324000000E-01
1.496858700E+00 2.320450000E+01 1.361200000E+01 8.283000000E-01
1.504343000E+00 2.325950000E+01 1.350300000E+01 8.242000000E-01
1.511864700E+00 2.323070000E+01 1.339600000E+01 8.201000000E-01
1.519424000E+00 2.300550000E+01 1.329000000E+01 8.160000000E-01
1.525138300E+00 2.216760000E+01 1.321100000E+01 8.129000000E-01
1.527021200E+00 2.160780000E+01 1.508000000E+01 8.119000000E-01
1.527861600E+00 2.221010000E+01 1.506800000E+01 8.115000000E-01
1.534656300E+00 2.346700000E+01 1.496900000E+01 8.079000000E-01
1.542329500E+00 2.405660000E+01 1.485800000E+01 8.039000000E-01
1.550041200E+00 2.447740000E+01 1.474800000E+01 7.999000000E-01
1.557791400E+00 2.482320000E+01 1.463900000E+01 7.959000000E-01
1.565580400E+00 2.512470000E+01 1.453100000E+01 7.919000000E-01
1.573408300E+00 2.539610000E+01 1.442400000E+01 7.880000000E-01
1.581275300E+00 2.564490000E+01 1.431800000E+01 7.841000000E-01
1.589181700E+00 2.587600000E+01 1.421200000E+01 7.802000000E-01
1.597127600E+00 2.609240000E+01 1.410800000E+01 7.763000000E-01
1.605113200E+00 2.629630000E+01 1.400400000E+01 7.724000000E-01
1.613138800E+00 2.648980000E+01 1.390200000E+01 7.686000000E-01
1.621204500E+00 2.667420000E+01 1.380100000E+01 7.648000000E-01
1.629310500E+00 2.685040000E+01 1.370100000E+01 7.610000000E-01
1.637457100E+00 2.701930000E+01 1.360100000E+01 7.572000000E-01
1.645644300E+00 2.718150000E+01 1.350200000E+01 7.534000000E-01
1.653872600E+00 2.733750000E+01 1.340400000E+01 7.497000000E-01
1.662141900E+00 2.748780000E+01 1.330700000E+01 7.459000000E-01
1.670452600E+00 2.763290000E+01 1.321100000E+01 7.422000000E-01
1.678804900E+00 2.777320000E+01 1.311500000E+01 7.385000000E-01
1.687198900E+00 2.790880000E+01 1.302100000E+01 7.349000000E-01
1.695634900E+00 2.804030000E+01 1.292700000E+01 7.312000000E-01
1.704113100E+00 2.816780000E+01 1.283300000E+01 7.276000000E-01
1.712633700E+00 2.829170000E+01 1.274100000E+01 7.239000000E-01
1.721196800E+00 2.841210000E+01 1.264900000E+01 7.203000000E-01
1.729802800E+00 2.852890000E+01 1.255700000E+01 7.168000000E-01
1.738451800E+00 2.864230000E+01 1.246500000E+01 7.132000000E-01
1.747144100E+00 2.875240000E+01 1.237400000E+01 7.096000000E-01
1.755879800E+00 2.885950000E+01 1.228400000E+01 7.061000000E-01
1.764659200E+00 2.896370000E+01 1.219400000E+01 7.026000000E-01
1.773482500E+00 2.906500000E+01 1.210400000E+01 6.991000000E-01
1.782349900E+00 2.916350000E+01 1.201500000E+01 6.956000000E-01
1.791261700E+00 2.925930000E+01 1.192700000E+01 6.922000000E-01
1.800218000E+00 2.935250000E+01 1.183900000E+01 6.887000000E-01
1.809219100E+00 2.944320000E+01 1.175200000E+01 6.853000000E-01
1.818265200E+00 2.953160000E+01 1.166600000E+01 6.819000000E-01
1.827356500E+00 2.961770000E+01 1.158000000E+01 6.785000000E-01
1.836493300E+00 2.970160000E+01 1.149500000E+01 6.751000000E-01
1.845675700E+00 2.978340000E+01 1.141100000E+01 6.718000000E-01
1.854904100E+00 2.986320000E+01 1.132700000E+01 6.684000000E-01
1.864178600E+00 2.994110000E+01 1.124400000E+01 6.651000000E-01
1.873499500E+00 3.001710000E+01 1.116200000E+01 6.618000000E-01
1.882867000E+00 3.009130000E+01 1.108000000E+01 6.585000000E-01
1.892281400E+00 3.016370000E+01 1.099800000E+01 6.552000000E-01
1.901742800E+00 3.023450000E+01 1.091800000E+01 6.520000000E-01
1.911251500E+00 3.030370000E+01 1.083800000E+01 6.487000000E-01
1.920807700E+00 3.037120000E+01 1.075800000E+01 6.455000000E-01
1.930411800E+00 3.043730000E+01 1.067900000E+01 6.423000000E-01
1.940063800E+00 3.050200000E+01 1.060100000E+01 6.391000000E-01
1.949764200E+00 3.056520000E+01 1.052300000E+01 6.359000000E-01
1.959513000E+00 3.062710000E+01 1.044600000E+01 6.327000000E-01
1.969310500E+00 3.068780000E+01 1.037000000E+01 6.296000000E-01
1.979157100E+00 3.074730000E+01 1.029400000E+01 6.264000000E-01
1.989052900E+00 3.080560000E+01 1.021800000E+01 6.233000000E-01
1.998998100E+00 3.086240000E+01 1.014100000E+01 6.202000000E-01
2.008993100E+00 3.091780000E+01 1.006600000E+01 6.171000000E-01
2.019038100E+00 3.097190000E+01 9.990600000E+00 6.141000000E-01
2.029133300E+00 3.102460000E+01 9.916100000E+00 6.110000000E-01
2.039279000E+00 3.107620000E+01 9.842100000E+00 6.080000000E-01
2.049475400E+00 3.112650000E+01 9.768600000E+00 6.050000000E-01
2.059722700E+00 3.117570000E+01 9.695700000E+00 6.019000000E-01
2.070021300E+00 3.122370000E+01 9.623300000E+00 5.990000000E-01
2.080371400E+00 3.127060000E+01 9.551400000E+00 5.960000000E-01
2.090773300E+00 3.131650000E+01 9.480100000E+00 5.930000000E-01
2.101227200E+00 3.136130000E+01 9.409300000E+00 5.901000000E-01
2.111733300E+00 3.140510000E+01 9.339000000E+00 5.871000000E-01
2.122292000E+00 3.144790000E+01 9.269200000E+00 5.842000000E-01
2.132903400E+00 3.148980000E+01 9.199900000E+00 5.813000000E-01
2.143568000E+00 3.153080000E+01 9.131100000E+00 5.784000000E-01
2.154285800E+00 3.157080000E+01 9.062800000E+00 5.755000000E-01
2.165057200E+00 3.160990000E+01 8.995100000E+00 5.727000000E-01
2.175882500E+00 3.164820000E+01 8.927800000E+00 5.698000000E-01
2.186761900E+00 3.168560000E+01 8.861000000E+00 5.670000000E-01
2.197695700E+00 3.172220000E+01 8.794700000E+00 5.642000000E-01
2.208684200E+00 3.175800000E+01 8.728900000E+00 5.613000000E-01
2.219727600E+00 3.179300000E+01 8.663600000E+00 5.586000000E-01
2.230826300E+00 3.182720000E+01 8.598800000E+00 5.558000000E-01
2.241980400E+00 3.186070000E+01 8.534400000E+00 5.530000000E-01
2.253190300E+00 3.189350000E+01 8.470500000E+00 5.503000000E-01
2.264456200E+00 3.192550000E+01 8.407100000E+00 5.475000000E-01
2.275778500E+00 3.195690000E+01 8.344200000E+00 5.448000000E-01
2.287157400E+00 3.198750000E+01 8.281700000E+00 5.421000000E-01
2.298593200E+00 3.201750000E+01 8.219700000E+00 5.394000000E-01
2.310086200E+00 3.204680000E+01 8.158200000E+00 5.367000000E-01
2.321636600E+00 3.207550000E+01 8.097100000E+00 5.340000000E-01
2.333244800E+00 3.210360000E+01 8.036500000E+00 5.314000000E-01
2.344911000E+00 3.213110000E+01 7.976300000E+00 5.287000000E-01
2.356635600E+00 3.215800000E+01 7.916600000E+00 5.261000000E-01
2.368418700E+00 3.218430000E+01 7.857400000E+00 5.235000000E-01
2.380260800E+00 3.221000000E+01 7.798500000E+00 5.209000000E-01
2.392162100E+00 3.223520000E+01 7.740200000E+00 5.183000000E-01
2.404123000E+00 3.225980000E+01 7.682200000E+00 5.157000000E-01
2.416143600E+00 3.228400000E+01 7.624700000E+00 5.131000000E-01
2.428224300E+00 3.230760000E+01 7.567700000E+00 5.106000000E-01
2.440365400E+00 3.233070000E+01 7.511000000E+00 5.081000000E-01
2.452567200E+00 3.235330000E+01 7.454800000E+00 5.055000000E-01
2.464830100E+00 3.237540000E+01 7.399100000E+00 5.030000000E-01
2.477154200E+00 3.239710000E+01 7.343700000E+00 5.005000000E-01
2.489540000E+00 3.241840000E+01 7.288800000E+00 4.980000000E-01
2.501987700E+00 3.243920000E+01 7.234300000E+00 4.955000000E-01
2.514497600E+00 3.245950000E+01 7.180200000E+00 4.931000000E-01
2.527070100E+00 3.247950000E+01 7.126500000E+00 4.906000000E-01
2.539705500E+00 3.249900000E+01 7.073200000E+00 4.882000000E-01
2.552404000E+00 3.251820000E+01 7.020400000E+00 4.858000000E-01
2.565166000E+00 3.253700000E+01 6.967900000E+00 4.833000000E-01
2.577991900E+00 3.255540000E+01 6.915900000E+00 4.809000000E-01
2.590881800E+00 3.257350000E+01 6.864200000E+00 4.785000000E-01
2.603836200E+00 3.259120000E+01 6.813000000E+00 4.762000000E-01
2.616855400E+00 3.260860000E+01 6.762100000E+00 4.738000000E-01
2.629939700E+00 3.262570000E+01 6.711700000E+00 4.714000000E-01
2.643089400E+00 3.264250000E+01 6.661400000E+00 4.691000000E-01
2.656304800E+00 3.276350000E+01 6.610100000E+00 4.668000000E-01
2.669586300E+00 3.277940000E+01 6.559000000E+00 4.644000000E-01
2.682934300E+00 3.279490000E+01 6.508200000E+00 4.621000000E-01
2.696348900E+00 3.280990000E+01 6.457900000E+00 4.598000000E-01
2.709830700E+00 3.282460000E+01 6.408000000E+00 4.575000000E-01
2.723379800E+00 3.288940000E+01 6.358100000E+00 4.553000000E-01
2.736996700E+00 3.290310000E+01 6.308300000E+00 4.530000000E-01
2.750681700E+00 3.291640000E+01 6.258900000E+00 4.507000000E-01
2.764435100E+00 3.292930000E+01 6.209600000E+00 4.485000000E-01
2.778257300E+00 3.294180000E+01 6.160700000E+00 4.463000000E-01
2.792148600E+00 3.295380000E+01 6.112200000E+00 4.440000000E-01
2.806109300E+00 3.296560000E+01 6.064200000E+00 4.418000000E-01
2.820139900E+00 3.297690000E+01 6.016500000E+00 4.396000000E-01
2.834240600E+00 3.298800000E+01 5.969200000E+00 4.375000000E-01
2.848411800E+00 3.299870000E+01 5.922300000E+00 4.353000000E-01
2.862653900E+00 3.300910000E+01 5.875700000E+00 4.331000000E-01
2.876967100E+00 3.301920000E+01 5.829600000E+00 4.310000000E-01
2.891352000E+00 3.302900000E+01 5.783800000E+00 4.288000000E-01
2.905808700E+00 3.303860000E+01 5.738500000E+00 4.267000000E-01
2.920337800E+00 3.304790000E+01 5.693500000E+00 4.246000000E-01
2.934939400E+00 3.305700000E+01 5.648900000E+00 4.224000000E-01
2.949614100E+00 3.306590000E+01 5.604600000E+00 4.203000000E-01
2.964362200E+00 3.307470000E+01 5.560700000E+00 4.182000000E-01
2.979184000E+00 3.308350000E+01 5.517200000E+00 4.162000000E-01
2.994079900E+00 3.309400000E+01 5.474100000E+00 4.141000000E-01
3.009050300E+00 3.311450000E+01 5.428800000E+00 4.120000000E-01
3.024095600E+00 3.312640000E+01 5.382200000E+00 4.100000000E-01
3.039216100E+00 3.313670000E+01 5.336000000E+00 4.079000000E-01
3.054412200E+00 3.318820000E+01 5.290200000E+00 4.059000000E-01
3.069684200E+00 3.319660000E+01 5.243900000E+00 4.039000000E-01
3.085032600E+00 3.320410000E+01 5.197900000E+00 4.019000000E-01
3.100457800E+00 3.321090000E+01 5.152400000E+00 3.999000000E-01
3.115960100E+00 3.321710000E+01 5.107400000E+00 3.979000000E-01
3.131539900E+00 3.322270000E+01 5.062700000E+00 3.959000000E-01
3.147197600E+00 3.322780000E+01 5.018400000E+00 3.940000000E-01
3.162933600E+00 3.323250000E+01 4.974600000E+00 3.920000000E-01
3.178748200E+00 3.323660000E+01 4.931200000E+00 3.900000000E-01
3.194642000E+00 3.324040000E+01 4.888200000E+00 3.881000000E-01
3.210615200E+00 3.324380000E+01 4.845500000E+00 3.862000000E-01
3.226668300E+00 3.324680000E+01 4.803300000E+00 3.842000000E-01
3.242801600E+00 3.324950000E+01 4.761500000E+00 3.823000000E-01
3.259015600E+00 3.325180000E+01 4.720000000E+00 3.804000000E-01
3.275310700E+00 3.325390000E+01 4.678900000E+00 3.785000000E-01
3.291687300E+00 3.325560000E+01 4.638300000E+00 3.767000000E-01
3.308145700E+00 3.325700000E+01 4.598000000E+00 3.748000000E-01
3.324686400E+00 3.325820000E+01 4.558000000E+00 3.729000000E-01
3.341309900E+00 3.325910000E+01 4.518400000E+00 3.711000000E-01
3.358016400E+00 3.325980000E+01 4.479200000E+00 3.692000000E-01
3.374806500E+00 3.326020000E+01 4.440400000E+00 3.674000000E-01
3.391680500E+00 3.326040000E+01 4.401900000E+00 3.656000000E-01
3.408638900E+00 3.326030000E+01 4.363800000E+00 3.637000000E-01
3.425682100E+00 3.326000000E+01 4.326000000E+00 3.619000000E-01
3.442810500E+00 3.325960000E+01 4.288600000E+00 3.601000000E-01
3.460024600E+00 3.325890000E+01 4.251500000E+00 3.583000000E-01
3.477324700E+00 3.325800000E+01 4.214800000E+00 3.566000000E-01
3.494711300E+00 3.325700000E+01 4.178400000E+00 3.548000000E-01
3.512184900E+00 3.325570000E+01 4.142300000E+00 3.530000000E-01
3.529745800E+00 3.325430000E+01 4.106600000E+00 3.513000000E-01
3.547394500E+00 3.325270000E+01 4.071200000E+00 3.495000000E-01
3.565131500E+00 3.325100000E+01 4.036100000E+00 3.478000000E-01
3.582957200E+00 3.324900000E+01 4.001300000E+00 3.460000000E-01
3.600871900E+00 3.324700000E+01 3.966900000E+00 3.443000000E-01
3.618876300E+00 3.324470000E+01 3.932800000E+00 3.426000000E-01
3.636970700E+00 3.324240000E+01 3.898900000E+00 3.409000000E-01
3.655155500E+00 3.323990000E+01 3.865400000E+00 3.392000000E-01
3.673431300E+00 3.323720000E+01 3.832300000E+00 3.375000000E-01
3.691798500E+00 3.323440000E+01 3.799400000E+00 3.358000000E-01
3.710257500E+00 3.323150000E+01 3.766800000E+00 3.342000000E-01
3.728808800E+00 3.322850000E+01 3.734500000E+00 3.325000000E-01
3.747452800E+00 3.322540000E+01 3.702500000E+00 3.308000000E-01
3.766190100E+00 3.322210000E+01 3.670800000E+00 3.292000000E-01
3.785021000E+00 3.321870000E+01 3.639400000E+00 3.276000000E-01
3.803946100E+00 3.321520000E+01 3.608300000E+00 3.259000000E-01
3.822965900E+00 3.321160000E+01 3.577400000E+00 3.243000000E-01
3.842080700E+00 3.320790000E+01 3.546800000E+00 3.227000000E-01
3.861291100E+00 3.320410000E+01 3.516400000E+00 3.211000000E-01
3.880597500E+00 3.320020000E+01 3.486200000E+00 3.195000000E-01
3.900000500E+00 3.319620000E+01 3.456400000E+00 3.179000000E-01
3.919500500E+00 3.319210000E+01 3.426800000E+00 3.163000000E-01
3.939098000E+00 3.318790000E+01 3.397500000E+00 3.148000000E-01
3.958793500E+00 3.318360000E+01 3.368500000E+00 3.132000000E-01
3.978587500E+00 3.317920000E+01 3.339700000E+00 3.116000000E-01
3.998480400E+00 3.317480000E+01 3.311200000E+00 3.101000000E-01
4.018472800E+00 3.317020000E+01 3.283000000E+00 3.085000000E-01
4.038565200E+00 3.316560000E+01 3.255000000E+00 3.070000000E-01
4.058758000E+00 3.316090000E+01 3.227300000E+00 3.055000000E-01
4.079051800E+00 3.315610000E+01 3.199800000E+00 3.040000000E-01
4.099447100E+00 3.315130000E+01 3.172600000E+00 3.024000000E-01
4.119944300E+00 3.314640000E+01 3.145600000E+00 3.009000000E-01
4.140544000E+00 3.314140000E+01 3.118800000E+00 2.994000000E-01
4.161246700E+00 3.313630000E+01 3.092300000E+00 2.979000000E-01
4.182053000E+00 3.313120000E+01 3.066100000E+00 2.965000000E-01
4.202963200E+00 3.312600000E+01 3.040100000E+00 2.950000000E-01
4.223978100E+00 3.312080000E+01 3.014300000E+00 2.935000000E-01
4.245098000E+00 3.311550000E+01 2.988800000E+00 2.921000000E-01
4.266323400E+00 3.311010000E+01 2.963400000E+00 2.906000000E-01
4.287655100E+00 3.310470000E+01 2.938400000E+00 2.892000000E-01
4.309093300E+00 3.309920000E+01 2.913500000E+00 2.877000000E-01
4.330638800E+00 3.309370000E+01 2.888900000E+00 2.863000000E-01
4.352292000E+00 3.308810000E+01 2.864500000E+00 2.849000000E-01
4.374053500E+00 3.308250000E+01 2.840300000E+00 2.835000000E-01
4.395923700E+00 3.307680000E+01 2.816300000E+00 2.820000000E-01
4.417903300E+00 3.307110000E+01 2.792500000E+00 2.806000000E-01
4.439992900E+00 3.306540000E+01 2.769000000E+00 2.792000000E-01
4.462192800E+00 3.305960000E+01 2.745700000E+00 2.779000000E-01
4.484503800E+00 3.305380000E+01 2.722600000E+00 2.765000000E-01
4.506926300E+00 3.304790000E+01 2.699600000E+00 2.751000000E-01
4.529460900E+00 3.304200000E+01 2.676900000E+00 2.737000000E-01
4.552108200E+00 3.303600000E+01 2.654400000E+00 2.724000000E-01
4.574868800E+00 3.303000000E+01 2.632200000E+00 2.710000000E-01
4.597743100E+00 3.302400000E+01 2.610100000E+00 2.697000000E-01
4.620731800E+00 3.301790000E+01 2.588200000E+00 2.683000000E-01
4.643835500E+00 3.301190000E+01 2.566500000E+00 2.670000000E-01
4.667054700E+00 3.300570000E+01 2.545000000E+00 2.657000000E-01
4.690390000E+00 3.299960000E+01 2.523700000E+00 2.643000000E-01
4.713841900E+00 3.299340000E+01 2.502500000E+00 2.630000000E-01
4.737411100E+00 3.298720000E+01 2.481600000E+00 2.617000000E-01
4.761098200E+00 3.298100000E+01 2.460900000E+00 2.604000000E-01
4.784903700E+00 3.297470000E+01 2.440300000E+00 2.591000000E-01
4.808828200E+00 3.296850000E+01 2.419900000E+00 2.578000000E-01
4.832872300E+00 3.296220000E+01 2.399800000E+00 2.565000000E-01
4.857036700E+00 3.295580000E+01 2.379700000E+00 2.553000000E-01
4.881321900E+00 3.294950000E+01 2.359900000E+00 2.540000000E-01
4.905728500E+00 3.294310000E+01 2.340300000E+00 2.527000000E-01
4.930257100E+00 3.293670000E+01 2.320800000E+00 2.515000000E-01
4.954908400E+00 3.293030000E+01 2.301500000E+00 2.502000000E-01
4.979682900E+00 3.292390000E+01 2.282400000E+00 2.490000000E-01
5.004581400E+00 3.291740000E+01 2.263400000E+00 2.477000000E-01
5.029604300E+00 3.291100000E+01 2.244600000E+00 2.465000000E-01
5.054752300E+00 3.290450000E+01 2.226000000E+00 2.453000000E-01
5.080026000E+00 3.289800000E+01 2.207500000E+00 2.441000000E-01
5.105426200E+00 3.289150000E+01 2.189300000E+00 2.428000000E-01
5.130953300E+00 3.288500000E+01 2.171100000E+00 2.416000000E-01
5.156608100E+00 3.287850000E+01 2.153200000E+00 2.404000000E-01
5.182391100E+00 3.287190000E+01 2.135400000E+00 2.392000000E-01
5.208303100E+00 3.286540000E+01 2.117700000E+00 2.381000000E-01
5.234344600E+00 3.285880000E+01 2.100200000E+00 2.369000000E-01
5.260516300E+00 3.285220000E+01 2.082900000E+00 2.357000000E-01
5.286818900E+00 3.284570000E+01 2.065700000E+00 2.345000000E-01
5.313253000E+00 3.283910000E+01 2.048700000E+00 2.333000000E-01
5.339819200E+00 3.283250000E+01 2.031800000E+00 2.322000000E-01
5.366518300E+00 3.282590000E+01 2.015100000E+00 2.310000000E-01
5.393350900E+00 3.281930000E+01 1.998500000E+00 2.299000000E-01
5.420317700E+00 3.281270000E+01 1.982100000E+00 2.287000000E-01
5.447419300E+00 3.280600000E+01 1.965800000E+00 2.276000000E-01
5.474656400E+00 3.279940000E+01 1.949600000E+00 2.265000000E-01
5.502029700E+00 3.279280000E+01 1.933600000E+00 2.253000000E-01
5.529539800E+00 3.278620000E+01 1.917800000E+00 2.242000000E-01
5.557187500E+00 3.277960000E+01 1.902100000E+00 2.231000000E-01
5.584973400E+00 3.277290000E+01 1.886500000E+00 2.220000000E-01
5.612898300E+00 3.276630000E+01 1.871100000E+00 2.209000000E-01
5.640962800E+00 3.275970000E+01 1.855800000E+00 2.198000000E-01
5.669167600E+00 3.275310000E+01 1.840600000E+00 2.187000000E-01
5.697513500E+00 3.274650000E+01 1.825500000E+00 2.176000000E-01
5.726001000E+00 3.273990000E+01 1.810600000E+00 2.165000000E-01
5.754631000E+00 3.273330000E+01 1.795400000E+00 2.155000000E-01
5.783404200E+00 3.272670000E+01 1.780200000E+00 2.144000000E-01
5.812321200E+00 3.272000000E+01 1.765100000E+00 2.133000000E-01
5.841382800E+00 3.271330000E+01 1.750100000E+00 2.123000000E-01
5.870589700E+00 3.270660000E+01 1.735300000E+00 2.112000000E-01
5.899942700E+00 3.269980000E+01 1.720400000E+00 2.101000000E-01
5.929442400E+00 3.269300000E+01 1.705600000E+00 2.091000000E-01
5.959089600E+00 3.268610000E+01 1.690800000E+00 2.081000000E-01
5.988885000E+00 3.267920000E+01 1.676300000E+00 2.070000000E-01
6.018829500E+00 3.267220000E+01 1.661800000E+00 2.060000000E-01
6.048923600E+00 3.266520000E+01 1.647500000E+00 2.050000000E-01
6.079168200E+00 3.265820000E+01 1.633300000E+00 2.039000000E-01
6.109564100E+00 3.265110000E+01 1.619300000E+00 2.029000000E-01
6.140111900E+00 3.264390000E+01 1.605400000E+00 2.019000000E-01
6.170812500E+00 3.263680000E+01 1.591600000E+00 2.009000000E-01
6.201666500E+00 3.262960000E+01 1.578000000E+00 1.999000000E-01
6.232674900E+00 3.262230000E+01 1.564500000E+00 1.989000000E-01
6.263838200E+00 3.261510000E+01 1.551100000E+00 1.979000000E-01
6.295157400E+00 3.260780000E+01 1.537800000E+00 1.970000000E-01
6.326633200E+00 3.260040000E+01 1.524700000E+00 1.960000000E-01
6.358266400E+00 3.259310000E+01 1.511700000E+00 1.950000000E-01
6.390057700E+00 3.258570000E+01 1.498800000E+00 1.940000000E-01
6.422008000E+00 3.257830000E+01 1.486000000E+00 1.931000000E-01
6.454118000E+00 3.257080000E+01 1.473400000E+00 1.921000000E-01
6.486388600E+00 3.256340000E+01 1.460800000E+00 1.911000000E-01
6.518820600E+00 3.255590000E+01 1.448400000E+00 1.902000000E-01
6.551414700E+00 3.254840000E+01 1.436100000E+00 1.892000000E-01
6.584171700E+00 3.254080000E+01 1.423900000E+00 1.883000000E-01
6.915365000E+00 3.248120000E+01 1.305200000E+00 1.793000000E-01
7.392525000E+00 3.236570000E+01 1.159900000E+00 1.677000000E-01
7.902609000E+00 3.223940000E+01 1.031700000E+00 1.569000000E-01
8.447890000E+00 3.209830000E+01 9.186000000E-01 1.468000000E-01
9.030794000E+00 3.193510000E+01 8.157300000E-01 1.373000000E-01
9.653919000E+00 3.172100000E+01 7.157600000E-01 1.284000000E-01
1.032004000E+01 3.141410000E+01 6.286500000E-01 1.201000000E-01
1.103212000E+01 3.087560000E+01 5.526700000E-01 1.124000000E-01
1.162937000E+01 2.969920000E+01 4.995200000E-01 1.066000000E-01
1.179334000E+01 2.851990000E+01 4.863400000E-01 1.051000000E-01
1.180737000E+01 2.830120000E+01 4.852300000E-01 1.050000000E-01
1.185483000E+01 2.661210000E+01 4.815300000E-01 1.046000000E-01
1.192603000E+01 2.834150000E+01 3.807700000E+00 1.040000000E-01
1.210403000E+01 2.990490000E+01 3.691000000E+00 1.024000000E-01
1.260708000E+01 3.119690000E+01 3.400500000E+00 9.834000000E-02
1.347697000E+01 3.203340000E+01 3.035800000E+00 9.200000000E-02
1.440688000E+01 3.248170000E+01 2.732700000E+00 8.606000000E-02
1.540095000E+01 3.278140000E+01 2.467700000E+00 8.050000000E-02
1.646362000E+01 3.299300000E+01 2.209200000E+00 7.531000000E-02
1.759961000E+01 3.313660000E+01 1.973700000E+00 7.045000000E-02
1.881398000E+01 3.323470000E+01 1.760500000E+00 6.590000000E-02
2.011215000E+01 3.330020000E+01 1.568800000E+00 6.165000000E-02
2.149988000E+01 3.334210000E+01 1.397300000E+00 5.767000000E-02
2.298338000E+01 3.336740000E+01 1.244800000E+00 5.395000000E-02
2.456923000E+01 3.341620000E+01 1.107400000E+00 5.046000000E-02
2.626450000E+01 3.341870000E+01 9.836300000E-01 4.721000000E-02
2.807676000E+01 3.341750000E+01 8.693800000E-01 4.416000000E-02
3.001405000E+01 3.340610000E+01 7.670800000E-01 4.131000000E-02
3.208502000E+01 3.338990000E+01 6.768500000E-01 3.864000000E-02
3.429889000E+01 3.337100000E+01 5.969600000E-01 3.615000000E-02
3.666551000E+01 3.335040000E+01 5.264600000E-01 3.381000000E-02
3.919543000E+01 3.332900000E+01 4.643200000E-01 3.163000000E-02
4.189992000E+01 3.330750000E+01 4.095300000E-01 2.959000000E-02
4.479101000E+01 3.328640000E+01 3.612400000E-01 2.768000000E-02
4.788159000E+01 3.326610000E+01 3.186600000E-01 2.589000000E-02
5.118542000E+01 3.324680000E+01 2.811100000E-01 2.422000000E-02
5.471721000E+01 3.322820000E+01 2.466200000E-01 2.266000000E-02
5.849270000E+01 3.321010000E+01 2.162800000E-01 2.120000000E-02
6.252870000E+01 3.319280000E+01 1.896800000E-01 1.983000000E-02
6.684318000E+01 3.317650000E+01 1.663600000E-01 1.855000000E-02
7.145536000E+01 3.316130000E+01 1.459100000E-01 1.735000000E-02
7.638578000E+01 3.314710000E+01 1.279800000E-01 1.623000000E-02
8.165640000E+01 3.313400000E+01 1.121300000E-01 1.518000000E-02
8.729069000E+01 3.312180000E+01 9.799300000E-02 1.420000000E-02
9.331374000E+01 3.311050000E+01 8.564200000E-02 1.329000000E-02
9.975239000E+01 3.310000000E+01 7.485200000E-02 1.243000000E-02
1.066353000E+02 3.309040000E+01 6.542300000E-02 1.163000000E-02
1.139931000E+02 3.308160000E+01 5.718400000E-02 1.088000000E-02
1.218587000E+02 3.307360000E+01 4.998500000E-02 1.017000000E-02
1.302669000E+02 3.306630000E+01 4.369400000E-02 9.518000000E-03
1.392553000E+02 3.305970000E+01 3.819600000E-02 8.903000000E-03
1.488640000E+02 3.305370000E+01 3.339100000E-02 8.329000000E-03
1.591356000E+02 3.304820000E+01 2.919100000E-02 7.791000000E-03
1.701159000E+02 3.304330000E+01 2.552100000E-02 7.288000000E-03
1.818539000E+02 3.303880000E+01 2.231300000E-02 6.818000000E-03
1.944018000E+02 3.303480000E+01 1.950800000E-02 6.378000000E-03
2.078156000E+02 3.303120000E+01 1.705700000E-02 5.966000000E-03
2.221548000E+02 3.302790000E+01 1.491500000E-02 5.581000000E-03
2.374835000E+02 3.302500000E+01 1.304100000E-02 5.221000000E-03
2.538699000E+02 3.302230000E+01 1.140400000E-02 4.884000000E-03
2.713869000E+02 3.302000000E+01 9.972400000E-03 4.569000000E-03
2.901126000E+02 3.301780000E+01 8.720800000E-03 4.274000000E-03
3.101304000E+02 3.301590000E+01 7.626500000E-03 3.998000000E-03
3.315294000E+02 3.301420000E+01 6.669800000E-03 3.740000000E-03
3.544049000E+02 3.301270000E+01 5.833200000E-03 3.498000000E-03
3.788588000E+02 3.301130000E+01 5.101800000E-03 3.273000000E-03
4.050001000E+02 3.301010000E+01 4.462200000E-03 3.061000000E-03
4.329451000E+02 3.300900000E+01 3.902900000E-03 2.864000000E-03
