# Data retrieved from physics.nist.gov 03/01/2021
# Element, Au  (Z = 79) 
# Atomic weight, g mol-1 = 196.9665 
# Nominal density, g cm-3 =  1.8850E+01 
# Relativistic correction estimate f_rel(5CL),  e atom-1 =  -1.0134E+00 
# Nuclear Thomson correction f_NT, e atom-1 =  -1.7382E-02 
#    E [keV]      f1 [e atom-1]      f2 [e atom-1]    Wavelength [nm] 
6.654510000E-03 2.887620000E+00 0.000000000E+00 1.863000000E+02
6.756365000E-03 2.246340000E+00 0.000000000E+00 1.835000000E+02
6.783526000E-03 1.536270000E+00 0.000000000E+00 1.828000000E+02
6.824268000E-03 2.227820000E+00 1.364100000E+00 1.817000000E+02
6.926123000E-03 2.790030000E+00 1.344800000E+00 1.790000000E+02
8.142217000E-03 2.535880000E+00 1.237400000E+00 1.523000000E+02
8.266843000E-03 2.065400000E+00 1.251900000E+00 1.500000000E+02
8.300076000E-03 1.545420000E+00 1.256400000E+00 1.494000000E+02
8.349926000E-03 2.057490000E+00 2.260500000E+00 1.485000000E+02
8.474552000E-03 2.466050000E+00 2.249800000E+00 1.463000000E+02
1.069000000E-02 1.809130000E+00 2.995300000E+00 1.160000000E+02
1.142761000E-02 1.376550000E+00 3.604800000E+00 1.085000000E+02
1.221612000E-02 9.653280000E-01 4.406000000E+00 1.015000000E+02
1.305903000E-02 6.243030000E-01 5.409800000E+00 9.494000000E+01
1.396010000E-02 4.117930000E-01 6.618500000E+00 8.881000000E+01
1.492335000E-02 3.940790000E-01 8.017900000E+00 8.308000000E+01
1.595306000E-02 6.399620000E-01 9.571700000E+00 7.772000000E+01
1.705382000E-02 1.211940000E+00 1.121700000E+01 7.270000000E+01
1.823053000E-02 2.155040000E+00 1.286700000E+01 6.801000000E+01
1.948844000E-02 3.485330000E+00 1.441300000E+01 6.362000000E+01
2.083314000E-02 5.254900000E+00 1.574000000E+01 5.951000000E+01
2.227063000E-02 7.253210000E+00 1.673900000E+01 5.567000000E+01
2.380730000E-02 9.454270000E+00 1.732700000E+01 5.208000000E+01
2.545001000E-02 1.177270000E+01 1.745700000E+01 4.872000000E+01
2.720606000E-02 1.399850000E+01 1.713000000E+01 4.557000000E+01
2.908327000E-02 1.604740000E+01 1.638200000E+01 4.263000000E+01
3.109002000E-02 1.781490000E+01 1.529000000E+01 3.988000000E+01
3.323523000E-02 1.923620000E+01 1.395800000E+01 3.731000000E+01
3.552846000E-02 2.028400000E+01 1.249100000E+01 3.490000000E+01
3.797993000E-02 2.095860000E+01 1.098500000E+01 3.264000000E+01
4.060054000E-02 2.128410000E+01 9.523600000E+00 3.054000000E+01
4.340198000E-02 2.129060000E+01 8.164700000E+00 2.857000000E+01
4.639671000E-02 2.098630000E+01 6.941900000E+00 2.672000000E+01
4.959809000E-02 2.027980000E+01 5.869700000E+00 2.500000000E+01
5.262600000E-02 1.860730000E+01 5.044000000E+00 2.356000000E+01
5.302035000E-02 1.804250000E+01 4.948200000E+00 2.338000000E+01
5.343150000E-02 1.688980000E+01 4.850900000E+00 2.320000000E+01
5.364630000E-02 1.486450000E+01 4.801100000E+00 2.311000000E+01
5.396850000E-02 1.697750000E+01 8.693000000E+00 2.297000000E+01
5.477400000E-02 1.878330000E+01 8.371600000E+00 2.264000000E+01
5.667876000E-02 2.001230000E+01 7.675000000E+00 2.187000000E+01
6.058959000E-02 2.065790000E+01 6.480300000E+00 2.046000000E+01
6.477028000E-02 2.057460000E+01 5.468000000E+00 1.914000000E+01
6.923942000E-02 1.989370000E+01 4.621500000E+00 1.791000000E+01
7.026600000E-02 1.954100000E+01 4.455400000E+00 1.764000000E+01
7.134150000E-02 1.869080000E+01 4.291200000E+00 1.738000000E+01
7.162830000E-02 1.774350000E+01 4.249000000E+00 1.731000000E+01
7.205850000E-02 1.866420000E+01 6.009300000E+00 1.721000000E+01
7.313400000E-02 1.941560000E+01 5.844500000E+00 1.695000000E+01
7.401695000E-02 1.964120000E+01 5.715700000E+00 1.675000000E+01
7.912411000E-02 1.989390000E+01 5.072800000E+00 1.567000000E+01
8.114400000E-02 1.976640000E+01 4.849800000E+00 1.528000000E+01
8.238600000E-02 1.949390000E+01 4.715600000E+00 1.505000000E+01
8.271720000E-02 1.917930000E+01 4.680200000E+00 1.499000000E+01
8.321400000E-02 1.948570000E+01 5.230300000E+00 1.490000000E+01
8.445600000E-02 1.970290000E+01 5.081400000E+00 1.468000000E+01
8.458368000E-02 1.970890000E+01 5.066300000E+00 1.466000000E+01
8.467200000E-02 1.971200000E+01 5.055900000E+00 1.464000000E+01
8.596800000E-02 1.963170000E+01 4.905400000E+00 1.442000000E+01
8.631360000E-02 1.944330000E+01 4.866000000E+00 1.436000000E+01
8.683200000E-02 1.967120000E+01 5.206400000E+00 1.428000000E+01
8.812800000E-02 1.987610000E+01 5.054200000E+00 1.407000000E+01
9.041995000E-02 1.997420000E+01 4.797100000E+00 1.371000000E+01
9.665893000E-02 1.983060000E+01 4.201500000E+00 1.283000000E+01
1.033284000E-01 1.940540000E+01 3.759800000E+00 1.200000000E+01
1.056440000E-01 1.921520000E+01 3.647100000E+00 1.174000000E+01
1.072610000E-01 1.904920000E+01 3.579400000E+00 1.156000000E+01
1.076922000E-01 1.896660000E+01 3.562800000E+00 1.151000000E+01
1.083390000E-01 1.896350000E+01 3.634400000E+00 1.144000000E+01
1.099560000E-01 1.887430000E+01 3.582100000E+00 1.128000000E+01
1.104581000E-01 1.883920000E+01 3.567400000E+00 1.122000000E+01
1.180797000E-01 1.821900000E+01 3.435100000E+00 1.050000000E+01
1.262272000E-01 1.748050000E+01 3.463400000E+00 9.822000000E+00
1.349368000E-01 1.665500000E+01 3.684800000E+00 9.188000000E+00
1.442475000E-01 1.576620000E+01 4.113900000E+00 8.595000000E+00
1.542005000E-01 1.483920000E+01 4.780900000E+00 8.040000000E+00
1.648404000E-01 1.392000000E+01 5.727500000E+00 7.521000000E+00
1.762144000E-01 1.305830000E+01 6.974800000E+00 7.036000000E+00
1.883732000E-01 1.233200000E+01 8.534100000E+00 6.582000000E+00
2.013709000E-01 1.182520000E+01 1.039500000E+01 6.157000000E+00
2.152655000E-01 1.162850000E+01 1.251900000E+01 5.760000000E+00
2.301188000E-01 1.181010000E+01 1.483600000E+01 5.388000000E+00
2.459970000E-01 1.242750000E+01 1.724700000E+01 5.040000000E+00
2.629708000E-01 1.351010000E+01 1.963700000E+01 4.715000000E+00
2.811158000E-01 1.501510000E+01 2.188400000E+01 4.410000000E+00
3.005128000E-01 1.687660000E+01 2.387300000E+01 4.126000000E+00
3.212482000E-01 1.892080000E+01 2.550800000E+01 3.859000000E+00
3.272220000E-01 1.944240000E+01 2.588800000E+01 3.789000000E+00
3.322305000E-01 1.971430000E+01 2.617700000E+01 3.732000000E+00
3.335661000E-01 1.956270000E+01 2.624900000E+01 3.717000000E+00
3.355695000E-01 2.003790000E+01 2.691700000E+01 3.695000000E+00
3.405780000E-01 2.077410000E+01 2.719700000E+01 3.640000000E+00
3.434143000E-01 2.110740000E+01 2.734500000E+01 3.610000000E+00
3.449600000E-01 2.127600000E+01 2.742100000E+01 3.594000000E+00
3.502400000E-01 2.173250000E+01 2.766500000E+01 3.540000000E+00
3.516480000E-01 2.168400000E+01 2.772600000E+01 3.526000000E+00
3.537600000E-01 2.213700000E+01 2.823400000E+01 3.505000000E+00
3.590400000E-01 2.292770000E+01 2.845800000E+01 3.453000000E+00
3.671099000E-01 2.394580000E+01 2.875500000E+01 3.377000000E+00
3.924405000E-01 2.683160000E+01 2.935900000E+01 3.159000000E+00
4.195189000E-01 2.958220000E+01 2.955700000E+01 2.955000000E+00
4.484657000E-01 3.214680000E+01 2.940200000E+01 2.765000000E+00
4.794098000E-01 3.445260000E+01 2.895800000E+01 2.586000000E+00
5.000000000E-01 3.685960000E+01 2.855900000E+01 2.480000000E+00
5.025000000E-01 3.699820000E+01 2.850600000E+01 2.467000000E+00
5.050125000E-01 3.713340000E+01 2.845200000E+01 2.455000000E+00
5.075375600E-01 3.726500000E+01 2.839800000E+01 2.443000000E+00
5.100752500E-01 3.739270000E+01 2.834200000E+01 2.431000000E+00
5.126256300E-01 3.751600000E+01 2.828600000E+01 2.419000000E+00
5.151887500E-01 3.763440000E+01 2.822800000E+01 2.407000000E+00
5.177647000E-01 3.774730000E+01 2.817000000E+01 2.395000000E+00
5.203535200E-01 3.785380000E+01 2.811100000E+01 2.383000000E+00
5.229552900E-01 3.795280000E+01 2.805100000E+01 2.371000000E+00
5.255700700E-01 3.804270000E+01 2.799000000E+01 2.359000000E+00
5.281979200E-01 3.812120000E+01 2.792800000E+01 2.347000000E+00
5.308389100E-01 3.818500000E+01 2.786600000E+01 2.336000000E+00
5.334931000E-01 3.822850000E+01 2.780200000E+01 2.324000000E+00
5.361605700E-01 3.824190000E+01 2.773800000E+01 2.312000000E+00
5.388413700E-01 3.820520000E+01 2.767300000E+01 2.301000000E+00
5.415355800E-01 3.806540000E+01 2.760800000E+01 2.289000000E+00
5.442432500E-01 3.755430000E+01 2.754200000E+01 2.278000000E+00
5.446964600E-01 3.730740000E+01 2.753100000E+01 2.276000000E+00
5.461035900E-01 3.738210000E+01 2.920900000E+01 2.270000000E+00
5.469644700E-01 3.786330000E+01 2.918800000E+01 2.267000000E+00
5.496992900E-01 3.855830000E+01 2.912300000E+01 2.255000000E+00
5.524477900E-01 3.897110000E+01 2.905800000E+01 2.244000000E+00
5.552100300E-01 3.929360000E+01 2.899100000E+01 2.233000000E+00
5.579860800E-01 3.957060000E+01 2.892400000E+01 2.222000000E+00
5.607760100E-01 3.981970000E+01 2.885600000E+01 2.211000000E+00
5.635798900E-01 4.004980000E+01 2.878800000E+01 2.200000000E+00
5.663977900E-01 4.026590000E+01 2.872000000E+01 2.189000000E+00
5.692297800E-01 4.047110000E+01 2.865000000E+01 2.178000000E+00
5.720759300E-01 4.066760000E+01 2.858100000E+01 2.167000000E+00
5.749363000E-01 4.085680000E+01 2.851000000E+01 2.156000000E+00
5.778109900E-01 4.103970000E+01 2.843900000E+01 2.146000000E+00
5.807000400E-01 4.121720000E+01 2.836800000E+01 2.135000000E+00
5.836035400E-01 4.138990000E+01 2.829600000E+01 2.124000000E+00
5.865215600E-01 4.155810000E+01 2.822400000E+01 2.114000000E+00
5.894541700E-01 4.172230000E+01 2.815200000E+01 2.103000000E+00
5.924014400E-01 4.188280000E+01 2.807900000E+01 2.093000000E+00
5.953634500E-01 4.203970000E+01 2.800500000E+01 2.082000000E+00
5.983402600E-01 4.219330000E+01 2.793100000E+01 2.072000000E+00
6.013319600E-01 4.234360000E+01 2.785700000E+01 2.062000000E+00
6.043386200E-01 4.249070000E+01 2.778300000E+01 2.052000000E+00
6.073603200E-01 4.263470000E+01 2.770800000E+01 2.041000000E+00
6.103971200E-01 4.277550000E+01 2.763200000E+01 2.031000000E+00
6.134491000E-01 4.291300000E+01 2.755700000E+01 2.021000000E+00
6.165163500E-01 4.304710000E+01 2.748100000E+01 2.011000000E+00
6.195989300E-01 4.317750000E+01 2.740400000E+01 2.001000000E+00
6.226969300E-01 4.330380000E+01 2.732800000E+01 1.991000000E+00
6.258104100E-01 4.342540000E+01 2.725100000E+01 1.981000000E+00
6.289394600E-01 4.354130000E+01 2.717400000E+01 1.971000000E+00
6.320841600E-01 4.364950000E+01 2.709600000E+01 1.962000000E+00
6.352445800E-01 4.374640000E+01 2.701800000E+01 1.952000000E+00
6.384208000E-01 4.382270000E+01 2.694000000E+01 1.942000000E+00
6.416129100E-01 4.384140000E+01 2.686200000E+01 1.932000000E+00
6.427859500E-01 4.378860000E+01 2.683300000E+01 1.929000000E+00
6.446140600E-01 4.386180000E+01 2.717100000E+01 1.923000000E+00
6.448209700E-01 4.389490000E+01 2.716600000E+01 1.923000000E+00
6.480450800E-01 4.418780000E+01 2.708900000E+01 1.913000000E+00
6.512853000E-01 4.438260000E+01 2.701200000E+01 1.904000000E+00
6.545417300E-01 4.455180000E+01 2.693400000E+01 1.894000000E+00
6.578144400E-01 4.470840000E+01 2.685700000E+01 1.885000000E+00
6.611035100E-01 4.485690000E+01 2.677900000E+01 1.875000000E+00
6.644090300E-01 4.499980000E+01 2.670100000E+01 1.866000000E+00
6.677310700E-01 4.513820000E+01 2.662300000E+01 1.857000000E+00
6.710697300E-01 4.527290000E+01 2.654500000E+01 1.848000000E+00
6.744250800E-01 4.540440000E+01 2.646600000E+01 1.838000000E+00
6.777972000E-01 4.553310000E+01 2.638800000E+01 1.829000000E+00
6.811861900E-01 4.565930000E+01 2.630900000E+01 1.820000000E+00
6.845921200E-01 4.578300000E+01 2.623000000E+01 1.811000000E+00
6.880150800E-01 4.590450000E+01 2.615100000E+01 1.802000000E+00
6.914551500E-01 4.602380000E+01 2.607200000E+01 1.793000000E+00
6.949124300E-01 4.614090000E+01 2.599300000E+01 1.784000000E+00
6.983869900E-01 4.625590000E+01 2.591400000E+01 1.775000000E+00
7.018789300E-01 4.636890000E+01 2.583400000E+01 1.766000000E+00
7.053883200E-01 4.647970000E+01 2.575500000E+01 1.758000000E+00
7.089152600E-01 4.658840000E+01 2.567500000E+01 1.749000000E+00
7.124598400E-01 4.669480000E+01 2.559600000E+01 1.740000000E+00
7.160221400E-01 4.679900000E+01 2.551600000E+01 1.732000000E+00
7.196022500E-01 4.690060000E+01 2.543600000E+01 1.723000000E+00
7.232002600E-01 4.699950000E+01 2.535600000E+01 1.714000000E+00
7.268162600E-01 4.709540000E+01 2.527600000E+01 1.706000000E+00
7.304503400E-01 4.718780000E+01 2.519700000E+01 1.697000000E+00
7.341026000E-01 4.727620000E+01 2.511700000E+01 1.689000000E+00
7.377731100E-01 4.735960000E+01 2.503600000E+01 1.681000000E+00
7.414619700E-01 4.743640000E+01 2.495600000E+01 1.672000000E+00
7.451692800E-01 4.750400000E+01 2.487600000E+01 1.664000000E+00
7.488951300E-01 4.755710000E+01 2.479600000E+01 1.656000000E+00
7.526396100E-01 4.758250000E+01 2.471600000E+01 1.647000000E+00
7.564028000E-01 4.752680000E+01 2.463600000E+01 1.639000000E+00
7.575935400E-01 4.744260000E+01 2.461100000E+01 1.637000000E+00
7.600065200E-01 4.750880000E+01 2.509500000E+01 1.631000000E+00
7.601848200E-01 4.753720000E+01 2.509200000E+01 1.631000000E+00
7.639857400E-01 4.786570000E+01 2.501200000E+01 1.623000000E+00
7.678056700E-01 4.806260000E+01 2.493300000E+01 1.615000000E+00
7.716447000E-01 4.822510000E+01 2.485400000E+01 1.607000000E+00
7.755029200E-01 4.837110000E+01 2.477500000E+01 1.599000000E+00
7.793804400E-01 4.850710000E+01 2.469500000E+01 1.591000000E+00
7.832773400E-01 4.863630000E+01 2.461600000E+01 1.583000000E+00
7.871937300E-01 4.876050000E+01 2.453700000E+01 1.575000000E+00
7.911296900E-01 4.888080000E+01 2.445800000E+01 1.567000000E+00
7.950853400E-01 4.899780000E+01 2.437900000E+01 1.559000000E+00
7.990607700E-01 4.911210000E+01 2.430000000E+01 1.552000000E+00
8.030560700E-01 4.922410000E+01 2.422100000E+01 1.544000000E+00
8.070713500E-01 4.933410000E+01 2.414100000E+01 1.536000000E+00
8.111067100E-01 4.944220000E+01 2.406300000E+01 1.529000000E+00
8.151622400E-01 4.954870000E+01 2.398400000E+01 1.521000000E+00
8.192380600E-01 4.965370000E+01 2.390500000E+01 1.513000000E+00
8.233342500E-01 4.975730000E+01 2.382600000E+01 1.506000000E+00
8.274509200E-01 4.985960000E+01 2.374700000E+01 1.498000000E+00
8.315881700E-01 4.996070000E+01 2.366800000E+01 1.491000000E+00
8.357461100E-01 5.006070000E+01 2.359000000E+01 1.484000000E+00
8.399248400E-01 5.015970000E+01 2.351100000E+01 1.476000000E+00
8.441244700E-01 5.025770000E+01 2.343300000E+01 1.469000000E+00
8.483450900E-01 5.035470000E+01 2.335400000E+01 1.461000000E+00
8.525868200E-01 5.045080000E+01 2.327600000E+01 1.454000000E+00
8.568497500E-01 5.054610000E+01 2.319700000E+01 1.447000000E+00
8.611340000E-01 5.064050000E+01 2.311900000E+01 1.440000000E+00
8.654396700E-01 5.073420000E+01 2.304100000E+01 1.433000000E+00
8.697668700E-01 5.082710000E+01 2.296300000E+01 1.425000000E+00
8.741157000E-01 5.091930000E+01 2.288400000E+01 1.418000000E+00
8.784862800E-01 5.101080000E+01 2.280600000E+01 1.411000000E+00
8.828787100E-01 5.110170000E+01 2.272800000E+01 1.404000000E+00
8.872931000E-01 5.119190000E+01 2.265100000E+01 1.397000000E+00
8.917295700E-01 5.128160000E+01 2.257300000E+01 1.390000000E+00
8.961882200E-01 5.137080000E+01 2.249500000E+01 1.383000000E+00
9.006691600E-01 5.145950000E+01 2.241700000E+01 1.377000000E+00
9.051725000E-01 5.154770000E+01 2.234000000E+01 1.370000000E+00
9.096983700E-01 5.163550000E+01 2.226200000E+01 1.363000000E+00
9.142468600E-01 5.172300000E+01 2.218500000E+01 1.356000000E+00
9.188180900E-01 5.181010000E+01 2.210800000E+01 1.349000000E+00
9.234121800E-01 5.189700000E+01 2.203100000E+01 1.343000000E+00
9.280292400E-01 5.198340000E+01 2.195300000E+01 1.336000000E+00
9.326693900E-01 5.206960000E+01 2.187500000E+01 1.329000000E+00
9.373327400E-01 5.215550000E+01 2.179700000E+01 1.323000000E+00
9.420194000E-01 5.224120000E+01 2.172000000E+01 1.316000000E+00
9.467295000E-01 5.232670000E+01 2.164300000E+01 1.310000000E+00
9.514631500E-01 5.241220000E+01 2.156500000E+01 1.303000000E+00
9.562204600E-01 5.249770000E+01 2.148800000E+01 1.297000000E+00
9.610015600E-01 5.258330000E+01 2.141100000E+01 1.290000000E+00
9.658065700E-01 5.266910000E+01 2.133400000E+01 1.284000000E+00
9.706356000E-01 5.275510000E+01 2.125700000E+01 1.277000000E+00
9.754887800E-01 5.284150000E+01 2.118100000E+01 1.271000000E+00
9.803662300E-01 5.292840000E+01 2.110400000E+01 1.265000000E+00
9.852680600E-01 5.301600000E+01 2.102800000E+01 1.258000000E+00
9.901944000E-01 5.310450000E+01 2.095200000E+01 1.252000000E+00
9.951453700E-01 5.319430000E+01 2.087600000E+01 1.246000000E+00
1.000121100E+00 5.328620000E+01 2.079900000E+01 1.240000000E+00
1.005121700E+00 5.337720000E+01 2.069600000E+01 1.234000000E+00
1.010147300E+00 5.344250000E+01 2.059300000E+01 1.227000000E+00
1.015198000E+00 5.350460000E+01 2.049000000E+01 1.221000000E+00
1.020274000E+00 5.356480000E+01 2.038800000E+01 1.215000000E+00
1.025375400E+00 5.362330000E+01 2.028600000E+01 1.209000000E+00
1.030502300E+00 5.368040000E+01 2.018500000E+01 1.203000000E+00
1.035654800E+00 5.373610000E+01 2.008400000E+01 1.197000000E+00
1.040833100E+00 5.379050000E+01 1.998400000E+01 1.191000000E+00
1.046037200E+00 5.384370000E+01 1.988400000E+01 1.185000000E+00
1.051267400E+00 5.389570000E+01 1.978500000E+01 1.179000000E+00
1.056523800E+00 5.395950000E+01 1.968600000E+01 1.174000000E+00
1.061806400E+00 5.400920000E+01 1.958700000E+01 1.168000000E+00
1.067115400E+00 5.405780000E+01 1.949000000E+01 1.162000000E+00
1.072451000E+00 5.410540000E+01 1.939200000E+01 1.156000000E+00
1.077813200E+00 5.415180000E+01 1.929600000E+01 1.150000000E+00
1.083202300E+00 5.419730000E+01 1.919900000E+01 1.145000000E+00
1.088618300E+00 5.424170000E+01 1.910300000E+01 1.139000000E+00
1.094061400E+00 5.428500000E+01 1.900700000E+01 1.133000000E+00
1.099531700E+00 5.432710000E+01 1.891100000E+01 1.128000000E+00
1.105029400E+00 5.436810000E+01 1.881600000E+01 1.122000000E+00
1.110554500E+00 5.440800000E+01 1.872100000E+01 1.116000000E+00
1.116107300E+00 5.444680000E+01 1.862700000E+01 1.111000000E+00
1.121687800E+00 5.448460000E+01 1.853300000E+01 1.105000000E+00
1.127296300E+00 5.452140000E+01 1.844000000E+01 1.100000000E+00
1.132932800E+00 5.455710000E+01 1.834700000E+01 1.094000000E+00
1.138597400E+00 5.459180000E+01 1.825500000E+01 1.089000000E+00
1.144290400E+00 5.462550000E+01 1.816300000E+01 1.084000000E+00
1.150011900E+00 5.465820000E+01 1.807100000E+01 1.078000000E+00
1.155761900E+00 5.468990000E+01 1.798100000E+01 1.073000000E+00
1.161540700E+00 5.472070000E+01 1.789000000E+01 1.067000000E+00
1.167348400E+00 5.475050000E+01 1.780000000E+01 1.062000000E+00
1.173185200E+00 5.477930000E+01 1.771100000E+01 1.057000000E+00
1.179051100E+00 5.480730000E+01 1.762200000E+01 1.052000000E+00
1.184946400E+00 5.483430000E+01 1.753300000E+01 1.046000000E+00
1.190871100E+00 5.486040000E+01 1.744600000E+01 1.041000000E+00
1.196825400E+00 5.488560000E+01 1.735800000E+01 1.036000000E+00
1.202809600E+00 5.491000000E+01 1.727100000E+01 1.031000000E+00
1.208823600E+00 5.493340000E+01 1.718500000E+01 1.026000000E+00
1.214867700E+00 5.495600000E+01 1.709900000E+01 1.021000000E+00
1.220942100E+00 5.497770000E+01 1.701300000E+01 1.015000000E+00
1.227046800E+00 5.499860000E+01 1.692800000E+01 1.010000000E+00
1.233182000E+00 5.501860000E+01 1.684400000E+01 1.005000000E+00
1.239347900E+00 5.503780000E+01 1.675900000E+01 1.000000000E+00
1.245544700E+00 5.505620000E+01 1.667600000E+01 9.954000000E-01
1.251772400E+00 5.507380000E+01 1.659300000E+01 9.905000000E-01
1.258031200E+00 5.509060000E+01 1.651000000E+01 9.855000000E-01
1.264321400E+00 5.510660000E+01 1.642800000E+01 9.806000000E-01
1.270643000E+00 5.512190000E+01 1.634700000E+01 9.758000000E-01
1.276996200E+00 5.513640000E+01 1.626500000E+01 9.709000000E-01
1.283381200E+00 5.515020000E+01 1.618500000E+01 9.661000000E-01
1.289798100E+00 5.516310000E+01 1.610400000E+01 9.613000000E-01
1.296247100E+00 5.517530000E+01 1.602400000E+01 9.565000000E-01
1.302728300E+00 5.518660000E+01 1.594400000E+01 9.517000000E-01
1.309242000E+00 5.519720000E+01 1.586500000E+01 9.470000000E-01
1.315788200E+00 5.520700000E+01 1.578600000E+01 9.423000000E-01
1.322367100E+00 5.521610000E+01 1.570700000E+01 9.376000000E-01
1.328979000E+00 5.522450000E+01 1.562900000E+01 9.329000000E-01
1.335623900E+00 5.523220000E+01 1.555200000E+01 9.283000000E-01
1.342302000E+00 5.523880000E+01 1.546600000E+01 9.237000000E-01
1.349013500E+00 5.524400000E+01 1.538100000E+01 9.191000000E-01
1.355758600E+00 5.524790000E+01 1.529600000E+01 9.145000000E-01
1.362537400E+00 5.525050000E+01 1.521200000E+01 9.100000000E-01
1.369350000E+00 5.525180000E+01 1.512800000E+01 9.054000000E-01
1.376196800E+00 5.525180000E+01 1.504500000E+01 9.009000000E-01
1.383077800E+00 5.525050000E+01 1.496300000E+01 8.964000000E-01
1.389993200E+00 5.524800000E+01 1.488100000E+01 8.920000000E-01
1.396943100E+00 5.524430000E+01 1.479900000E+01 8.875000000E-01
1.403927800E+00 5.523940000E+01 1.471900000E+01 8.831000000E-01
1.410947500E+00 5.523330000E+01 1.463600000E+01 8.787000000E-01
1.418002200E+00 5.522560000E+01 1.455100000E+01 8.744000000E-01
1.425092200E+00 5.521630000E+01 1.446600000E+01 8.700000000E-01
1.432217700E+00 5.520550000E+01 1.438200000E+01 8.657000000E-01
1.439378800E+00 5.519300000E+01 1.429800000E+01 8.614000000E-01
1.446575700E+00 5.517900000E+01 1.421500000E+01 8.571000000E-01
1.453808600E+00 5.516340000E+01 1.413300000E+01 8.528000000E-01
1.461077600E+00 5.514630000E+01 1.405100000E+01 8.486000000E-01
1.468383000E+00 5.512770000E+01 1.397000000E+01 8.444000000E-01
1.475724900E+00 5.510750000E+01 1.388900000E+01 8.402000000E-01
1.483103500E+00 5.508570000E+01 1.380900000E+01 8.360000000E-01
1.490519000E+00 5.506240000E+01 1.373000000E+01 8.318000000E-01
1.497971600E+00 5.503760000E+01 1.365100000E+01 8.277000000E-01
1.505461500E+00 5.501120000E+01 1.357300000E+01 8.236000000E-01
1.512988800E+00 5.498320000E+01 1.349500000E+01 8.195000000E-01
1.520553700E+00 5.495370000E+01 1.341800000E+01 8.154000000E-01
1.528156500E+00 5.492260000E+01 1.334100000E+01 8.113000000E-01
1.535797300E+00 5.488980000E+01 1.326500000E+01 8.073000000E-01
1.543476300E+00 5.485550000E+01 1.318900000E+01 8.033000000E-01
1.551193700E+00 5.481940000E+01 1.311400000E+01 7.993000000E-01
1.558949600E+00 5.478180000E+01 1.303700000E+01 7.953000000E-01
1.566744400E+00 5.474240000E+01 1.295700000E+01 7.913000000E-01
1.574578100E+00 5.470100000E+01 1.287800000E+01 7.874000000E-01
1.582451000E+00 5.465770000E+01 1.280000000E+01 7.835000000E-01
1.590363300E+00 5.461230000E+01 1.272200000E+01 7.796000000E-01
1.598315100E+00 5.456490000E+01 1.264500000E+01 7.757000000E-01
1.606306600E+00 5.451540000E+01 1.256900000E+01 7.719000000E-01
1.614338200E+00 5.446390000E+01 1.249300000E+01 7.680000000E-01
1.622409900E+00 5.441020000E+01 1.241800000E+01 7.642000000E-01
1.630521900E+00 5.435440000E+01 1.234000000E+01 7.604000000E-01
1.638674500E+00 5.430400000E+01 1.226200000E+01 7.566000000E-01
1.646867900E+00 5.424340000E+01 1.218400000E+01 7.528000000E-01
1.655102200E+00 5.418040000E+01 1.210800000E+01 7.491000000E-01
1.663377700E+00 5.411480000E+01 1.203200000E+01 7.454000000E-01
1.671694600E+00 5.404670000E+01 1.195700000E+01 7.417000000E-01
1.680053100E+00 5.397590000E+01 1.188200000E+01 7.380000000E-01
1.688453400E+00 5.390240000E+01 1.180800000E+01 7.343000000E-01
1.696895600E+00 5.382610000E+01 1.173500000E+01 7.307000000E-01
1.705380100E+00 5.374700000E+01 1.166200000E+01 7.270000000E-01
1.713907000E+00 5.366500000E+01 1.159000000E+01 7.234000000E-01
1.722476600E+00 5.357990000E+01 1.151800000E+01 7.198000000E-01
1.731088900E+00 5.349180000E+01 1.144700000E+01 7.162000000E-01
1.739744400E+00 5.340040000E+01 1.137700000E+01 7.127000000E-01
1.748443100E+00 5.330570000E+01 1.130700000E+01 7.091000000E-01
1.757185300E+00 5.320760000E+01 1.123800000E+01 7.056000000E-01
1.765971200E+00 5.310600000E+01 1.117000000E+01 7.021000000E-01
1.774801100E+00 5.300060000E+01 1.110200000E+01 6.986000000E-01
1.783675100E+00 5.289140000E+01 1.103500000E+01 6.951000000E-01
1.792593500E+00 5.277820000E+01 1.096800000E+01 6.916000000E-01
1.801556500E+00 5.266080000E+01 1.090200000E+01 6.882000000E-01
1.810564200E+00 5.253910000E+01 1.083600000E+01 6.848000000E-01
1.819617100E+00 5.241280000E+01 1.077100000E+01 6.814000000E-01
1.828715100E+00 5.228170000E+01 1.070600000E+01 6.780000000E-01
1.837858700E+00 5.214560000E+01 1.064200000E+01 6.746000000E-01
1.847048000E+00 5.200430000E+01 1.057900000E+01 6.713000000E-01
1.856283300E+00 5.185740000E+01 1.051600000E+01 6.679000000E-01
1.865564700E+00 5.170470000E+01 1.045300000E+01 6.646000000E-01
1.874892500E+00 5.154570000E+01 1.039100000E+01 6.613000000E-01
1.884267000E+00 5.138030000E+01 1.033000000E+01 6.580000000E-01
1.893688300E+00 5.120790000E+01 1.026900000E+01 6.547000000E-01
1.903156700E+00 5.102810000E+01 1.020900000E+01 6.515000000E-01
1.912672500E+00 5.084040000E+01 1.014900000E+01 6.482000000E-01
1.922235900E+00 5.064440000E+01 1.008900000E+01 6.450000000E-01
1.931847100E+00 5.043950000E+01 1.003000000E+01 6.418000000E-01
1.941506300E+00 5.022490000E+01 9.971900000E+00 6.386000000E-01
1.951213800E+00 4.999980000E+01 9.914000000E+00 6.354000000E-01
1.960969900E+00 4.976360000E+01 9.856500000E+00 6.323000000E-01
1.970774700E+00 4.951520000E+01 9.799400000E+00 6.291000000E-01
1.980628600E+00 4.925370000E+01 9.742900000E+00 6.260000000E-01
1.990531800E+00 4.897780000E+01 9.686800000E+00 6.229000000E-01
2.000484400E+00 4.868610000E+01 9.631100000E+00 6.198000000E-01
2.010486800E+00 4.837700000E+01 9.575900000E+00 6.167000000E-01
2.020539300E+00 4.804880000E+01 9.521200000E+00 6.136000000E-01
2.030642000E+00 4.769930000E+01 9.466800000E+00 6.106000000E-01
2.040795200E+00 4.732590000E+01 9.412900000E+00 6.075000000E-01
2.050999200E+00 4.692570000E+01 9.359400000E+00 6.045000000E-01
2.061254200E+00 4.649500000E+01 9.306300000E+00 6.015000000E-01
2.071560400E+00 4.602940000E+01 9.253700000E+00 5.985000000E-01
2.081918200E+00 4.552330000E+01 9.201500000E+00 5.955000000E-01
2.092327800E+00 4.497000000E+01 9.149600000E+00 5.926000000E-01
2.102789500E+00 4.436040000E+01 9.098300000E+00 5.896000000E-01
2.113303400E+00 4.368290000E+01 9.047300000E+00 5.867000000E-01
2.123869900E+00 4.292160000E+01 8.996700000E+00 5.838000000E-01
2.134489300E+00 4.205390000E+01 8.946500000E+00 5.809000000E-01
2.145161700E+00 4.104680000E+01 8.896700000E+00 5.780000000E-01
2.155887500E+00 3.984760000E+01 8.847300000E+00 5.751000000E-01
2.166667000E+00 3.836580000E+01 8.798300000E+00 5.722000000E-01
2.177500300E+00 3.642190000E+01 8.749700000E+00 5.694000000E-01
2.188387800E+00 3.356770000E+01 8.700300000E+00 5.666000000E-01
2.199329700E+00 2.789280000E+01 8.650600000E+00 5.637000000E-01
2.205113200E+00 1.471800000E+01 8.624600000E+00 5.623000000E-01
2.206286600E+00 1.441470000E+01 2.584800000E+01 5.620000000E-01
2.210326400E+00 2.567350000E+01 2.578000000E+01 5.609000000E-01
2.221378000E+00 3.206310000E+01 2.559500000E+01 5.581000000E-01
2.232484900E+00 3.456660000E+01 2.541100000E+01 5.554000000E-01
2.243647300E+00 3.588990000E+01 2.522800000E+01 5.526000000E-01
2.254865600E+00 3.650150000E+01 2.504700000E+01 5.499000000E-01
2.266139900E+00 3.644650000E+01 2.486700000E+01 5.471000000E-01
2.277470600E+00 3.536120000E+01 2.468900000E+01 5.444000000E-01
2.288857900E+00 2.979520000E+01 2.451200000E+01 5.417000000E-01
2.290458500E+00 2.538130000E+01 2.448700000E+01 5.413000000E-01
2.291741500E+00 2.529870000E+01 3.588600000E+01 5.410000000E-01
2.300302200E+00 3.564910000E+01 3.568900000E+01 5.390000000E-01
2.311803700E+00 3.937880000E+01 3.542700000E+01 5.363000000E-01
2.323362800E+00 4.168680000E+01 3.516800000E+01 5.336000000E-01
2.334979600E+00 4.343210000E+01 3.491000000E+01 5.310000000E-01
2.346654500E+00 4.486070000E+01 3.465400000E+01 5.283000000E-01
2.358387800E+00 4.608060000E+01 3.440000000E+01 5.257000000E-01
2.370179700E+00 4.714950000E+01 3.414800000E+01 5.231000000E-01
2.382030600E+00 4.810280000E+01 3.389800000E+01 5.205000000E-01
2.393940700E+00 4.896350000E+01 3.365000000E+01 5.179000000E-01
2.405910400E+00 4.974800000E+01 3.340500000E+01 5.153000000E-01
2.417940000E+00 5.046800000E+01 3.316000000E+01 5.128000000E-01
2.430029700E+00 5.113260000E+01 3.291800000E+01 5.102000000E-01
2.442179800E+00 5.174870000E+01 3.267800000E+01 5.077000000E-01
2.454390700E+00 5.232170000E+01 3.244000000E+01 5.052000000E-01
2.466662700E+00 5.285610000E+01 3.220300000E+01 5.026000000E-01
2.478996000E+00 5.335530000E+01 3.196800000E+01 5.001000000E-01
2.491391000E+00 5.382220000E+01 3.173600000E+01 4.977000000E-01
2.503847900E+00 5.425920000E+01 3.150400000E+01 4.952000000E-01
2.516367200E+00 5.466830000E+01 3.127500000E+01 4.927000000E-01
2.528949000E+00 5.505080000E+01 3.104800000E+01 4.903000000E-01
2.541593800E+00 5.540790000E+01 3.082200000E+01 4.878000000E-01
2.554301700E+00 5.574050000E+01 3.059800000E+01 4.854000000E-01
2.567073200E+00 5.604900000E+01 3.037600000E+01 4.830000000E-01
2.579908600E+00 5.633360000E+01 3.015500000E+01 4.806000000E-01
2.592808200E+00 5.659380000E+01 2.993500000E+01 4.782000000E-01
2.605772200E+00 5.682900000E+01 2.971700000E+01 4.758000000E-01
2.618801100E+00 5.703760000E+01 2.950100000E+01 4.734000000E-01
2.631895100E+00 5.721740000E+01 2.928600000E+01 4.711000000E-01
2.645054500E+00 5.736500000E+01 2.907300000E+01 4.687000000E-01
2.658279800E+00 5.747470000E+01 2.886200000E+01 4.664000000E-01
2.671571200E+00 5.753800000E+01 2.865200000E+01 4.641000000E-01
2.684929100E+00 5.753990000E+01 2.844400000E+01 4.618000000E-01
2.698353700E+00 5.745350000E+01 2.823800000E+01 4.595000000E-01
2.711845500E+00 5.722100000E+01 2.803300000E+01 4.572000000E-01
2.725404700E+00 5.668010000E+01 2.783000000E+01 4.549000000E-01
2.739031700E+00 5.482630000E+01 2.762800000E+01 4.527000000E-01
2.740435300E+00 5.423200000E+01 2.760700000E+01 4.524000000E-01
2.745564700E+00 5.425660000E+01 3.200400000E+01 4.516000000E-01
2.752726900E+00 5.629070000E+01 3.189400000E+01 4.504000000E-01
2.766490500E+00 5.779640000E+01 3.168400000E+01 4.482000000E-01
2.780323000E+00 5.869630000E+01 3.147600000E+01 4.459000000E-01
2.794224600E+00 5.937920000E+01 3.127000000E+01 4.437000000E-01
2.808195700E+00 5.994690000E+01 3.106400000E+01 4.415000000E-01
2.822236700E+00 6.044180000E+01 3.086100000E+01 4.393000000E-01
2.836347900E+00 6.088550000E+01 3.065900000E+01 4.371000000E-01
2.850529600E+00 6.129080000E+01 3.045800000E+01 4.350000000E-01
2.864782300E+00 6.166610000E+01 3.025900000E+01 4.328000000E-01
2.879106200E+00 6.201570000E+01 3.005500000E+01 4.306000000E-01
2.893501700E+00 6.234220000E+01 2.985100000E+01 4.285000000E-01
2.907969200E+00 6.264870000E+01 2.964900000E+01 4.264000000E-01
2.922509100E+00 6.293750000E+01 2.944800000E+01 4.242000000E-01
2.937121600E+00 6.321020000E+01 2.924900000E+01 4.221000000E-01
2.951807200E+00 6.346830000E+01 2.905100000E+01 4.200000000E-01
2.966566200E+00 6.371280000E+01 2.885400000E+01 4.179000000E-01
2.981399100E+00 6.394460000E+01 2.865800000E+01 4.159000000E-01
2.996306100E+00 6.416300000E+01 2.846000000E+01 4.138000000E-01
3.011287600E+00 6.438220000E+01 2.824400000E+01 4.117000000E-01
3.026344000E+00 6.458110000E+01 2.802300000E+01 4.097000000E-01
3.041475800E+00 6.475770000E+01 2.780500000E+01 4.076000000E-01
3.056683100E+00 6.491160000E+01 2.758700000E+01 4.056000000E-01
3.071966600E+00 6.503960000E+01 2.737200000E+01 4.036000000E-01
3.087326400E+00 6.513510000E+01 2.715800000E+01 4.016000000E-01
3.102763000E+00 6.518470000E+01 2.694500000E+01 3.996000000E-01
3.118276800E+00 6.515630000E+01 2.673400000E+01 3.976000000E-01
3.133868200E+00 6.493960000E+01 2.652500000E+01 3.956000000E-01
3.143172700E+00 6.444550000E+01 2.640100000E+01 3.945000000E-01
3.149537600E+00 6.395610000E+01 2.805800000E+01 3.937000000E-01
3.152427200E+00 6.453500000E+01 2.801800000E+01 3.933000000E-01
3.165285300E+00 6.542390000E+01 2.783900000E+01 3.917000000E-01
3.181111700E+00 6.595690000E+01 2.762300000E+01 3.898000000E-01
3.197017200E+00 6.633940000E+01 2.740800000E+01 3.878000000E-01
3.213002300E+00 6.665250000E+01 2.719500000E+01 3.859000000E-01
3.229067300E+00 6.692320000E+01 2.698300000E+01 3.840000000E-01
3.245212700E+00 6.716350000E+01 2.677300000E+01 3.821000000E-01
3.261438700E+00 6.737980000E+01 2.656500000E+01 3.802000000E-01
3.277745900E+00 6.757560000E+01 2.635800000E+01 3.783000000E-01
3.294134700E+00 6.775240000E+01 2.615300000E+01 3.764000000E-01
3.310605300E+00 6.791050000E+01 2.595300000E+01 3.745000000E-01
3.327158400E+00 6.805210000E+01 2.575600000E+01 3.726000000E-01
3.343794100E+00 6.817570000E+01 2.556200000E+01 3.708000000E-01
3.360513100E+00 6.827670000E+01 2.536900000E+01 3.689000000E-01
3.377315700E+00 6.834660000E+01 2.517900000E+01 3.671000000E-01
3.394202300E+00 6.836340000E+01 2.499000000E+01 3.653000000E-01
3.411173300E+00 6.824800000E+01 2.480200000E+01 3.635000000E-01
3.417742000E+00 6.808440000E+01 2.473100000E+01 3.628000000E-01
3.428229100E+00 6.790970000E+01 2.570300000E+01 3.617000000E-01
3.432058100E+00 6.820920000E+01 2.566200000E+01 3.613000000E-01
3.445370300E+00 6.869080000E+01 2.551800000E+01 3.599000000E-01
3.462597100E+00 6.905000000E+01 2.533500000E+01 3.581000000E-01
3.479910100E+00 6.932430000E+01 2.515300000E+01 3.563000000E-01
3.497309700E+00 6.955880000E+01 2.497300000E+01 3.545000000E-01
3.514796200E+00 6.976920000E+01 2.479500000E+01 3.527000000E-01
3.532370200E+00 6.996300000E+01 2.461800000E+01 3.510000000E-01
3.550032100E+00 7.014450000E+01 2.444300000E+01 3.492000000E-01
3.567782200E+00 7.031630000E+01 2.426900000E+01 3.475000000E-01
3.585621100E+00 7.047920000E+01 2.409400000E+01 3.458000000E-01
3.603549200E+00 7.063440000E+01 2.392000000E+01 3.441000000E-01
3.621567000E+00 7.078280000E+01 2.374800000E+01 3.423000000E-01
3.639674800E+00 7.092510000E+01 2.357700000E+01 3.406000000E-01
3.657873200E+00 7.106190000E+01 2.340700000E+01 3.390000000E-01
3.676162600E+00 7.119390000E+01 2.323900000E+01 3.373000000E-01
3.694543400E+00 7.132130000E+01 2.307300000E+01 3.356000000E-01
3.713016100E+00 7.144450000E+01 2.290800000E+01 3.339000000E-01
3.731581200E+00 7.156390000E+01 2.274400000E+01 3.323000000E-01
3.750239100E+00 7.167970000E+01 2.258200000E+01 3.306000000E-01
3.768990300E+00 7.179210000E+01 2.242100000E+01 3.290000000E-01
3.787835200E+00 7.190130000E+01 2.226200000E+01 3.273000000E-01
3.806774400E+00 7.200750000E+01 2.210400000E+01 3.257000000E-01
3.825808300E+00 7.211080000E+01 2.194700000E+01 3.241000000E-01
3.844937300E+00 7.221140000E+01 2.179200000E+01 3.225000000E-01
3.864162000E+00 7.230950000E+01 2.163800000E+01 3.209000000E-01
3.883482800E+00 7.240510000E+01 2.148500000E+01 3.193000000E-01
3.902900200E+00 7.249840000E+01 2.133300000E+01 3.177000000E-01
3.922414700E+00 7.258950000E+01 2.118300000E+01 3.161000000E-01
3.942026800E+00 7.267850000E+01 2.103400000E+01 3.145000000E-01
3.961736900E+00 7.276550000E+01 2.088600000E+01 3.130000000E-01
3.981545600E+00 7.285060000E+01 2.074000000E+01 3.114000000E-01
4.001453300E+00 7.293380000E+01 2.059500000E+01 3.098000000E-01
4.021460600E+00 7.301540000E+01 2.045100000E+01 3.083000000E-01
4.041567900E+00 7.309540000E+01 2.030800000E+01 3.068000000E-01
4.061775700E+00 7.317400000E+01 2.016600000E+01 3.052000000E-01
4.082084600E+00 7.325120000E+01 2.002500000E+01 3.037000000E-01
4.102495000E+00 7.332710000E+01 1.988400000E+01 3.022000000E-01
4.123007500E+00 7.340100000E+01 1.974300000E+01 3.007000000E-01
4.143622600E+00 7.347300000E+01 1.960300000E+01 2.992000000E-01
4.164340700E+00 7.354330000E+01 1.946400000E+01 2.977000000E-01
4.185162400E+00 7.361200000E+01 1.932600000E+01 2.962000000E-01
4.206088200E+00 7.367910000E+01 1.919000000E+01 2.948000000E-01
4.227118600E+00 7.374470000E+01 1.905400000E+01 2.933000000E-01
4.248254200E+00 7.380900000E+01 1.891900000E+01 2.918000000E-01
4.269495500E+00 7.387190000E+01 1.878600000E+01 2.904000000E-01
4.290843000E+00 7.393350000E+01 1.865300000E+01 2.890000000E-01
4.312297200E+00 7.399390000E+01 1.852200000E+01 2.875000000E-01
4.333858700E+00 7.405320000E+01 1.839100000E+01 2.861000000E-01
4.355528000E+00 7.411140000E+01 1.826200000E+01 2.847000000E-01
4.377305600E+00 7.416850000E+01 1.813300000E+01 2.832000000E-01
4.399192100E+00 7.422470000E+01 1.800600000E+01 2.818000000E-01
4.421188100E+00 7.447470000E+01 1.787600000E+01 2.804000000E-01
4.443294000E+00 7.452920000E+01 1.774200000E+01 2.790000000E-01
4.465510500E+00 7.458200000E+01 1.761000000E+01 2.776000000E-01
4.487838100E+00 7.463300000E+01 1.747800000E+01 2.763000000E-01
4.510277200E+00 7.468230000E+01 1.734700000E+01 2.749000000E-01
4.532828600E+00 7.473010000E+01 1.721800000E+01 2.735000000E-01
4.555492800E+00 7.477650000E+01 1.708900000E+01 2.722000000E-01
4.578270200E+00 7.482140000E+01 1.696200000E+01 2.708000000E-01
4.601161600E+00 7.499820000E+01 1.683100000E+01 2.695000000E-01
4.624167400E+00 7.504040000E+01 1.670100000E+01 2.681000000E-01
4.647288200E+00 7.508090000E+01 1.657200000E+01 2.668000000E-01
4.670524700E+00 7.511970000E+01 1.644400000E+01 2.655000000E-01
4.693877300E+00 7.515700000E+01 1.631700000E+01 2.641000000E-01
4.717346700E+00 7.519290000E+01 1.619100000E+01 2.628000000E-01
4.740933400E+00 7.522730000E+01 1.606700000E+01 2.615000000E-01
4.764638100E+00 7.526040000E+01 1.594300000E+01 2.602000000E-01
4.788461300E+00 7.529220000E+01 1.582100000E+01 2.589000000E-01
4.812403600E+00 7.532280000E+01 1.570000000E+01 2.576000000E-01
4.836465600E+00 7.535220000E+01 1.558000000E+01 2.564000000E-01
4.860647900E+00 7.538040000E+01 1.546000000E+01 2.551000000E-01
4.884951200E+00 7.540760000E+01 1.534200000E+01 2.538000000E-01
4.909375900E+00 7.543370000E+01 1.522500000E+01 2.525000000E-01
4.933922800E+00 7.545880000E+01 1.510900000E+01 2.513000000E-01
4.958592400E+00 7.548300000E+01 1.499400000E+01 2.500000000E-01
4.983385400E+00 7.550610000E+01 1.488100000E+01 2.488000000E-01
5.008302300E+00 7.552840000E+01 1.476800000E+01 2.476000000E-01
5.033343800E+00 7.554980000E+01 1.465600000E+01 2.463000000E-01
5.058510500E+00 7.557030000E+01 1.454500000E+01 2.451000000E-01
5.083803100E+00 7.559000000E+01 1.443500000E+01 2.439000000E-01
5.109222100E+00 7.560900000E+01 1.432600000E+01 2.427000000E-01
5.134768200E+00 7.562710000E+01 1.421800000E+01 2.415000000E-01
5.160442100E+00 7.564450000E+01 1.411100000E+01 2.403000000E-01
5.186244300E+00 7.566120000E+01 1.400500000E+01 2.391000000E-01
5.212175500E+00 7.567720000E+01 1.389900000E+01 2.379000000E-01
5.238236400E+00 7.569250000E+01 1.379500000E+01 2.367000000E-01
5.264427600E+00 7.570710000E+01 1.369200000E+01 2.355000000E-01
5.290749700E+00 7.572120000E+01 1.358900000E+01 2.343000000E-01
5.317203400E+00 7.573460000E+01 1.348800000E+01 2.332000000E-01
5.343789500E+00 7.574750000E+01 1.338700000E+01 2.320000000E-01
5.370508400E+00 7.575980000E+01 1.328800000E+01 2.309000000E-01
5.397360900E+00 7.577160000E+01 1.318900000E+01 2.297000000E-01
5.424347700E+00 7.578280000E+01 1.309100000E+01 2.286000000E-01
5.451469500E+00 7.579360000E+01 1.299400000E+01 2.274000000E-01
5.478726800E+00 7.580400000E+01 1.289700000E+01 2.263000000E-01
5.506120500E+00 7.591340000E+01 1.279900000E+01 2.252000000E-01
5.533651100E+00 7.592320000E+01 1.270100000E+01 2.241000000E-01
5.561319300E+00 7.593220000E+01 1.260300000E+01 2.229000000E-01
5.589125900E+00 7.594040000E+01 1.250700000E+01 2.218000000E-01
5.617071600E+00 7.594780000E+01 1.241100000E+01 2.207000000E-01
5.645156900E+00 7.595460000E+01 1.231600000E+01 2.196000000E-01
5.673382700E+00 7.596060000E+01 1.222200000E+01 2.185000000E-01
5.701749600E+00 7.596600000E+01 1.212900000E+01 2.174000000E-01
5.730258400E+00 7.597080000E+01 1.203600000E+01 2.164000000E-01
5.758909600E+00 7.597500000E+01 1.194500000E+01 2.153000000E-01
5.787704200E+00 7.597850000E+01 1.185400000E+01 2.142000000E-01
5.816642700E+00 7.598160000E+01 1.176400000E+01 2.132000000E-01
5.845725900E+00 7.598410000E+01 1.167500000E+01 2.121000000E-01
5.874954600E+00 7.598600000E+01 1.158600000E+01 2.110000000E-01
5.904329300E+00 7.598750000E+01 1.149900000E+01 2.100000000E-01
5.933851000E+00 7.598840000E+01 1.141200000E+01 2.089000000E-01
5.963520200E+00 7.598900000E+01 1.132600000E+01 2.079000000E-01
5.993337800E+00 7.598900000E+01 1.124000000E+01 2.069000000E-01
6.023304500E+00 7.598860000E+01 1.115600000E+01 2.058000000E-01
6.053421000E+00 7.598780000E+01 1.107200000E+01 2.048000000E-01
6.083688200E+00 7.598650000E+01 1.098900000E+01 2.038000000E-01
6.114106600E+00 7.598490000E+01 1.090700000E+01 2.028000000E-01
6.144677100E+00 7.598290000E+01 1.082500000E+01 2.018000000E-01
6.175400500E+00 7.598050000E+01 1.074400000E+01 2.008000000E-01
6.206277500E+00 7.597770000E+01 1.066400000E+01 1.998000000E-01
6.237308900E+00 7.597460000E+01 1.058400000E+01 1.988000000E-01
6.268495400E+00 7.597120000E+01 1.050600000E+01 1.978000000E-01
6.299837900E+00 7.600880000E+01 1.042700000E+01 1.968000000E-01
6.331337100E+00 7.600490000E+01 1.034700000E+01 1.958000000E-01
6.362993800E+00 7.600060000E+01 1.026800000E+01 1.949000000E-01
6.394808800E+00 7.599590000E+01 1.019000000E+01 1.939000000E-01
6.426782800E+00 7.599060000E+01 1.011200000E+01 1.929000000E-01
6.458916700E+00 7.598490000E+01 1.003500000E+01 1.920000000E-01
6.491211300E+00 7.597880000E+01 9.959200000E+00 1.910000000E-01
6.523667400E+00 7.597220000E+01 9.883600000E+00 1.901000000E-01
6.556285700E+00 7.596530000E+01 9.808800000E+00 1.891000000E-01
6.589067100E+00 7.595790000E+01 9.734600000E+00 1.882000000E-01
6.622012500E+00 7.595020000E+01 9.660800000E+00 1.872000000E-01
6.655122500E+00 7.594210000E+01 9.587400000E+00 1.863000000E-01
6.688398100E+00 7.593370000E+01 9.514600000E+00 1.854000000E-01
6.721840100E+00 7.592480000E+01 9.442400000E+00 1.844000000E-01
6.755449300E+00 7.591560000E+01 9.370900000E+00 1.835000000E-01
6.789226600E+00 7.590610000E+01 9.300000000E+00 1.826000000E-01
6.823172700E+00 7.589610000E+01 9.229700000E+00 1.817000000E-01
6.857288600E+00 7.590230000E+01 9.160000000E+00 1.808000000E-01
6.891575000E+00 7.589190000E+01 9.090400000E+00 1.799000000E-01
6.926032900E+00 7.588100000E+01 9.021400000E+00 1.790000000E-01
6.960663100E+00 7.586980000E+01 8.953000000E+00 1.781000000E-01
6.995466400E+00 7.585830000E+01 8.885200000E+00 1.772000000E-01
7.030443700E+00 7.584630000E+01 8.818100000E+00 1.764000000E-01
7.065595900E+00 7.583400000E+01 8.751500000E+00 1.755000000E-01
7.100923900E+00 7.582140000E+01 8.685500000E+00 1.746000000E-01
7.136428500E+00 7.580840000E+01 8.620000000E+00 1.737000000E-01
7.172110700E+00 7.579510000E+01 8.555100000E+00 1.729000000E-01
7.207971200E+00 7.578150000E+01 8.490800000E+00 1.720000000E-01
7.244011100E+00 7.576760000E+01 8.427100000E+00 1.712000000E-01
7.280231100E+00 7.575330000E+01 8.363900000E+00 1.703000000E-01
7.316632300E+00 7.573870000E+01 8.301200000E+00 1.695000000E-01
7.353215500E+00 7.572380000E+01 8.239100000E+00 1.686000000E-01
7.389981500E+00 7.570860000E+01 8.177600000E+00 1.678000000E-01
7.426931400E+00 7.569310000E+01 8.116500000E+00 1.669000000E-01
7.464066100E+00 7.567730000E+01 8.056000000E+00 1.661000000E-01
7.501386400E+00 7.566110000E+01 7.996100000E+00 1.653000000E-01
7.538893400E+00 7.564470000E+01 7.936600000E+00 1.645000000E-01
7.576587800E+00 7.562800000E+01 7.877600000E+00 1.636000000E-01
7.614470800E+00 7.561100000E+01 7.819200000E+00 1.628000000E-01
7.652543100E+00 7.559370000E+01 7.761300000E+00 1.620000000E-01
7.690805800E+00 7.557610000E+01 7.703800000E+00 1.612000000E-01
7.729259900E+00 7.555820000E+01 7.646900000E+00 1.604000000E-01
7.767906200E+00 7.554000000E+01 7.590400000E+00 1.596000000E-01
7.806745700E+00 7.552150000E+01 7.534400000E+00 1.588000000E-01
7.845779400E+00 7.550280000E+01 7.478900000E+00 1.580000000E-01
7.885008300E+00 7.548370000E+01 7.423900000E+00 1.572000000E-01
7.924433400E+00 7.546440000E+01 7.369300000E+00 1.565000000E-01
7.964055500E+00 7.544470000E+01 7.315200000E+00 1.557000000E-01
8.003875800E+00 7.542480000E+01 7.261600000E+00 1.549000000E-01
8.043895200E+00 7.540460000E+01 7.208400000E+00 1.541000000E-01
8.084114700E+00 7.538410000E+01 7.155700000E+00 1.534000000E-01
8.124535200E+00 7.536330000E+01 7.103500000E+00 1.526000000E-01
8.165157900E+00 7.534220000E+01 7.051600000E+00 1.518000000E-01
8.205983700E+00 7.532080000E+01 7.000200000E+00 1.511000000E-01
8.247013600E+00 7.529920000E+01 6.949300000E+00 1.503000000E-01
8.288248700E+00 7.527720000E+01 6.898800000E+00 1.496000000E-01
8.329689900E+00 7.525500000E+01 6.848700000E+00 1.488000000E-01
8.371338400E+00 7.523250000E+01 6.799000000E+00 1.481000000E-01
8.413195100E+00 7.520970000E+01 6.749800000E+00 1.474000000E-01
8.455261000E+00 7.518670000E+01 6.700900000E+00 1.466000000E-01
8.497537300E+00 7.516340000E+01 6.652500000E+00 1.459000000E-01
8.540025000E+00 7.513990000E+01 6.604500000E+00 1.452000000E-01
9.030794000E+00 7.493820000E+01 6.072600000E+00 1.373000000E-01
9.653919000E+00 7.445230000E+01 5.435900000E+00 1.284000000E-01
1.032004000E+01 7.372290000E+01 4.855600000E+00 1.201000000E-01
1.103212000E+01 7.250780000E+01 4.339400000E+00 1.124000000E-01
1.168033000E+01 6.989670000E+01 3.948000000E+00 1.061000000E-01
1.179334000E+01 6.863270000E+01 3.886100000E+00 1.051000000E-01
1.185911000E+01 6.716550000E+01 3.850900000E+00 1.045000000E-01
1.190678000E+01 6.396470000E+01 3.825300000E+00 1.041000000E-01
1.197829000E+01 6.715280000E+01 1.004200000E+01 1.035000000E-01
1.215707000E+01 6.996220000E+01 9.780800000E+00 1.020000000E-01
1.260708000E+01 7.189850000E+01 9.169100000E+00 9.834000000E-02
1.345893000E+01 7.205370000E+01 8.175500000E+00 9.212000000E-02
1.347697000E+01 7.200420000E+01 8.156400000E+00 9.200000000E-02
1.366493000E+01 7.084900000E+01 7.961500000E+00 9.073000000E-02
1.371987000E+01 6.926760000E+01 7.905400000E+00 9.037000000E-02
1.380227000E+01 7.091320000E+01 1.098100000E+01 8.983000000E-02
1.400827000E+01 7.235490000E+01 1.070400000E+01 8.851000000E-02
1.406574000E+01 7.252200000E+01 1.062900000E+01 8.815000000E-02
1.428104000E+01 7.254690000E+01 1.035500000E+01 8.682000000E-02
1.433845000E+01 7.187460000E+01 1.028400000E+01 8.647000000E-02
1.440688000E+01 7.271290000E+01 1.182100000E+01 8.606000000E-02
1.442456000E+01 7.290200000E+01 1.179800000E+01 8.595000000E-02
1.463986000E+01 7.407770000E+01 1.153000000E+01 8.469000000E-02
1.540095000E+01 7.584880000E+01 1.065700000E+01 8.050000000E-02
1.646362000E+01 7.709930000E+01 9.584900000E+00 7.531000000E-02
1.759961000E+01 7.787420000E+01 8.619000000E+00 7.045000000E-02
1.881398000E+01 7.839370000E+01 7.742700000E+00 6.590000000E-02
2.011215000E+01 7.874030000E+01 6.951000000E+00 6.165000000E-02
2.149988000E+01 7.897070000E+01 6.242700000E+00 5.767000000E-02
2.298338000E+01 7.912160000E+01 5.609500000E+00 5.395000000E-02
2.456923000E+01 7.927580000E+01 5.039800000E+00 5.046000000E-02
2.626450000E+01 7.932910000E+01 4.527100000E+00 4.721000000E-02
2.807676000E+01 7.940020000E+01 4.039400000E+00 4.416000000E-02
3.001405000E+01 7.940960000E+01 3.589200000E+00 4.131000000E-02
3.208502000E+01 7.935810000E+01 3.189100000E+00 3.864000000E-02
3.429889000E+01 7.928680000E+01 2.835800000E+00 3.615000000E-02
3.666551000E+01 7.920300000E+01 2.523700000E+00 3.381000000E-02
3.919543000E+01 7.911080000E+01 2.247700000E+00 3.163000000E-02
4.189992000E+01 7.901270000E+01 2.003600000E+00 2.959000000E-02
4.479101000E+01 7.891000000E+01 1.787400000E+00 2.768000000E-02
4.788159000E+01 7.880300000E+01 1.595700000E+00 2.589000000E-02
5.118542000E+01 7.869090000E+01 1.425600000E+00 2.422000000E-02
5.471721000E+01 7.857070000E+01 1.271900000E+00 2.266000000E-02
5.849270000E+01 7.843670000E+01 1.135500000E+00 2.120000000E-02
6.252870000E+01 7.828130000E+01 1.012600000E+00 1.983000000E-02
6.684318000E+01 7.808420000E+01 8.999900000E-01 1.855000000E-02
7.145536000E+01 7.780140000E+01 8.001800000E-01 1.735000000E-02
7.638578000E+01 7.727040000E+01 7.116300000E-01 1.623000000E-02
7.911040000E+01 7.654880000E+01 6.692400000E-01 1.567000000E-02
8.032127000E+01 7.548550000E+01 6.513800000E-01 1.544000000E-02
8.064417000E+01 7.421230000E+01 6.465100000E-01 1.537000000E-02
8.112852000E+01 7.554070000E+01 3.145900000E+00 1.528000000E-02
8.165640000E+01 7.623700000E+01 3.114200000E+00 1.518000000E-02
8.233940000E+01 7.670320000E+01 3.074000000E+00 1.506000000E-02
8.729069000E+01 7.791640000E+01 2.803800000E+00 1.420000000E-02
9.331374000E+01 7.845840000E+01 2.520700000E+00 1.329000000E-02
9.975239000E+01 7.876530000E+01 2.262000000E+00 1.243000000E-02
1.066353000E+02 7.896090000E+01 2.028800000E+00 1.163000000E-02
1.139931000E+02 7.909220000E+01 1.819300000E+00 1.088000000E-02
1.218587000E+02 7.918100000E+01 1.627700000E+00 1.017000000E-02
1.302669000E+02 7.923890000E+01 1.456000000E+00 9.518000000E-03
1.392553000E+02 7.927550000E+01 1.302400000E+00 8.903000000E-03
1.488640000E+02 7.929690000E+01 1.164900000E+00 8.329000000E-03
1.591356000E+02 7.930740000E+01 1.042100000E+00 7.791000000E-03
1.701159000E+02 7.931020000E+01 9.320500000E-01 7.288000000E-03
1.818539000E+02 7.930690000E+01 8.328100000E-01 6.818000000E-03
1.944018000E+02 7.929900000E+01 7.442100000E-01 6.378000000E-03
2.078156000E+02 7.928800000E+01 6.651100000E-01 5.966000000E-03
2.221548000E+02 7.927500000E+01 5.944800000E-01 5.581000000E-03
2.374835000E+02 7.926070000E+01 5.314000000E-01 5.221000000E-03
2.538699000E+02 7.924570000E+01 4.750500000E-01 4.884000000E-03
2.713869000E+02 7.923040000E+01 4.247200000E-01 4.569000000E-03
2.901126000E+02 7.921520000E+01 3.797600000E-01 4.274000000E-03
3.101304000E+02 7.920020000E+01 3.395800000E-01 3.998000000E-03
3.315294000E+02 7.918570000E+01 3.036800000E-01 3.740000000E-03
3.544049000E+02 7.917180000E+01 2.716000000E-01 3.498000000E-03
3.788588000E+02 7.915850000E+01 2.429200000E-01 3.273000000E-03
4.050001000E+02 7.914590000E+01 2.172900000E-01 3.061000000E-03
4.329451000E+02 7.913400000E+01 1.943800000E-01 2.864000000E-03
