# Data retrieved from physics.nist.gov 03/01/2021
# Element, Bi  (Z = 83) 
# Atomic weight, g mol-1 = 208.9804 
# Nominal density, g cm-3 =  9.7300 
# Relativistic correction estimate f_rel(5CL),  e atom-1 =  -1.1484E+00 
# Nuclear Thomson correction f_NT, e atom-1 =  -1.8084E-02 
#    E [keV]      f1 [e atom-1]      f2 [e atom-1]    Wavelength [nm] 
6.046510000E-03 1.284640000E+00 0.000000000E+00 2.051000000E+02
6.139059000E-03 -1.806750000E-01 0.000000000E+00 2.020000000E+02
6.163738000E-03 -1.914590000E+00 0.000000000E+00 2.012000000E+02
6.200758000E-03 -1.374860000E-01 3.402000000E+00 2.000000000E+02
6.293306000E-03 1.408900000E+00 3.361800000E+00 1.970000000E+02
1.069000000E-02 4.978630000E+00 2.282600000E+00 1.160000000E+02
1.142761000E-02 4.978690000E+00 2.159600000E+00 1.085000000E+02
1.221612000E-02 4.916790000E+00 2.034100000E+00 1.015000000E+02
1.305903000E-02 4.761970000E+00 1.906300000E+00 9.494000000E+01
1.396010000E-02 4.321980000E+00 1.777200000E+00 8.881000000E+01
1.416222000E-02 3.930710000E+00 1.749300000E+00 8.755000000E+01
1.421916000E-02 3.460740000E+00 1.741500000E+00 8.720000000E+01
1.430456000E-02 3.949740000E+00 2.645800000E+00 8.667000000E+01
1.451806000E-02 4.358600000E+00 2.574800000E+00 8.540000000E+01
1.492335000E-02 4.579100000E+00 2.448000000E+00 8.308000000E+01
1.595306000E-02 4.637860000E+00 2.165800000E+00 7.772000000E+01
1.705382000E-02 4.450560000E+00 1.909500000E+00 7.270000000E+01
1.823053000E-02 4.094690000E+00 1.678900000E+00 6.801000000E+01
1.948844000E-02 3.571580000E+00 1.474400000E+00 6.362000000E+01
2.083314000E-02 2.851790000E+00 1.294200000E+00 5.951000000E+01
2.227063000E-02 1.848940000E+00 1.136000000E+00 5.567000000E+01
2.380730000E-02 2.791160000E-01 9.970000000E-01 5.208000000E+01
2.391200000E-02 1.273490000E-01 9.884800000E-01 5.185000000E+01
2.427800000E-02 -6.058390000E-01 9.595400000E-01 5.107000000E+01
2.437560000E-02 -1.107860000E+00 9.520400000E-01 5.086000000E+01
2.452200000E-02 -9.405910000E-01 1.706500000E+00 5.056000000E+01
2.488800000E-02 -1.087070000E+00 1.803400000E+00 4.982000000E+01
2.545001000E-02 -1.640410000E+00 1.989900000E+00 4.872000000E+01
2.597000000E-02 -2.286370000E+00 2.209300000E+00 4.774000000E+01
2.636750000E-02 -2.938460000E+00 2.412000000E+00 4.702000000E+01
2.647350000E-02 -3.279040000E+00 2.471800000E+00 4.683000000E+01
2.663250000E-02 -3.296440000E+00 2.979900000E+00 4.655000000E+01
2.703000000E-02 -3.634570000E+00 3.317300000E+00 4.587000000E+01
2.720606000E-02 -3.820140000E+00 3.480500000E+00 4.557000000E+01
2.908327000E-02 -5.892220000E+00 5.749100000E+00 4.263000000E+01
3.109002000E-02 -7.622570000E+00 9.221200000E+00 3.988000000E+01
3.323523000E-02 -8.359790000E+00 1.375600000E+01 3.731000000E+01
3.552846000E-02 -7.575500000E+00 1.892000000E+01 3.490000000E+01
3.797993000E-02 -5.005560000E+00 2.401500000E+01 3.264000000E+01
4.060054000E-02 -7.724350000E-01 2.827100000E+01 3.054000000E+01
4.340198000E-02 4.641250000E+00 3.107800000E+01 2.857000000E+01
4.639671000E-02 1.054670000E+01 3.213900000E+01 2.672000000E+01
4.959809000E-02 1.624800000E+01 3.150400000E+01 2.500000000E+01
5.302035000E-02 2.120330000E+01 2.949100000E+01 2.338000000E+01
5.667876000E-02 2.510090000E+01 2.655600000E+01 2.187000000E+01
6.058959000E-02 2.785310000E+01 2.316000000E+01 2.046000000E+01
6.477028000E-02 2.953880000E+01 1.968800000E+01 1.914000000E+01
6.923942000E-02 3.032950000E+01 1.641100000E+01 1.791000000E+01
7.401695000E-02 3.045720000E+01 1.348600000E+01 1.675000000E+01
7.912411000E-02 3.003510000E+01 1.098000000E+01 1.567000000E+01
8.458368000E-02 2.923140000E+01 8.895400000E+00 1.466000000E+01
9.041995000E-02 2.781600000E+01 7.199400000E+00 1.371000000E+01
9.094400000E-02 2.760600000E+01 7.069200000E+00 1.363000000E+01
9.233600000E-02 2.660900000E+01 6.738700000E+00 1.343000000E+01
9.270720000E-02 2.557800000E+01 6.654200000E+00 1.337000000E+01
9.326400000E-02 2.655150000E+01 8.465200000E+00 1.329000000E+01
9.465600000E-02 2.727520000E+01 8.085900000E+00 1.310000000E+01
9.665893000E-02 2.748230000E+01 7.580800000E+00 1.283000000E+01
1.033284000E-01 2.712540000E+01 6.194800000E+00 1.200000000E+01
1.104581000E-01 2.623740000E+01 5.124900000E+00 1.122000000E+01
1.144640000E-01 2.549040000E+01 4.662800000E+00 1.083000000E+01
1.162160000E-01 2.479600000E+01 4.485200000E+00 1.067000000E+01
1.166832000E-01 2.412120000E+01 4.440100000E+00 1.063000000E+01
1.173840000E-01 2.471700000E+01 5.613500000E+00 1.056000000E+01
1.180797000E-01 2.497470000E+01 5.533400000E+00 1.050000000E+01
1.191360000E-01 2.512500000E+01 5.415900000E+00 1.041000000E+01
1.262272000E-01 2.501570000E+01 4.738700000E+00 9.822000000E+00
1.349368000E-01 2.440930000E+01 4.107300000E+00 9.188000000E+00
1.442475000E-01 2.359100000E+01 3.596400000E+00 8.595000000E+00
1.542005000E-01 2.248460000E+01 3.186400000E+00 8.040000000E+00
1.542520000E-01 2.247740000E+01 3.184600000E+00 8.038000000E+00
1.561140000E-01 2.218080000E+01 3.120300000E+00 7.942000000E+00
1.566130000E-01 2.207590000E+01 3.103600000E+00 7.917000000E+00
1.572426000E-01 2.185800000E+01 3.083000000E+00 7.885000000E+00
1.581870000E-01 2.184130000E+01 3.315800000E+00 7.838000000E+00
1.586620000E-01 2.179640000E+01 3.307100000E+00 7.814000000E+00
1.591407000E-01 2.170490000E+01 3.298600000E+00 7.791000000E+00
1.600965000E-01 2.167290000E+01 3.408000000E+00 7.744000000E+00
1.605480000E-01 2.163600000E+01 3.401300000E+00 7.723000000E+00
1.610905000E-01 2.157200000E+01 3.393700000E+00 7.697000000E+00
1.617381000E-01 2.142790000E+01 3.385300000E+00 7.666000000E+00
1.624860000E-01 2.143940000E+01 3.566900000E+00 7.630000000E+00
1.627095000E-01 2.143920000E+01 3.566500000E+00 7.620000000E+00
1.648404000E-01 2.132460000E+01 3.567000000E+00 7.521000000E+00
1.651380000E-01 2.130280000E+01 3.567800000E+00 7.508000000E+00
1.762144000E-01 2.030110000E+01 3.719500000E+00 7.036000000E+00
1.883732000E-01 1.911010000E+01 4.158900000E+00 6.582000000E+00
2.013709000E-01 1.786190000E+01 4.926300000E+00 6.157000000E+00
2.152655000E-01 1.663440000E+01 6.067800000E+00 5.760000000E+00
2.301188000E-01 1.552530000E+01 7.609600000E+00 5.388000000E+00
2.459970000E-01 1.464700000E+01 9.545900000E+00 5.040000000E+00
2.629708000E-01 1.411380000E+01 1.183000000E+01 4.715000000E+00
2.811158000E-01 1.402670000E+01 1.437500000E+01 4.410000000E+00
3.005128000E-01 1.444930000E+01 1.705800000E+01 4.126000000E+00
3.212482000E-01 1.540660000E+01 1.973800000E+01 3.859000000E+00
3.434143000E-01 1.687020000E+01 2.226700000E+01 3.610000000E+00
3.671099000E-01 1.875600000E+01 2.451100000E+01 3.377000000E+00
3.924405000E-01 2.092200000E+01 2.636200000E+01 3.159000000E+00
4.195189000E-01 2.309010000E+01 2.774700000E+01 2.955000000E+00
4.312000000E-01 2.377190000E+01 2.817200000E+01 2.875000000E+00
4.378000000E-01 2.376250000E+01 2.837000000E+01 2.832000000E+00
4.395600000E-01 2.327060000E+01 2.841800000E+01 2.821000000E+00
4.422000000E-01 2.407330000E+01 2.971600000E+01 2.804000000E+00
4.484657000E-01 2.503780000E+01 2.992100000E+01 2.765000000E+00
4.488000000E-01 2.507580000E+01 2.993100000E+01 2.763000000E+00
4.543280000E-01 2.561870000E+01 3.009300000E+01 2.729000000E+00
4.612820000E-01 2.600720000E+01 3.027400000E+01 2.688000000E+00
4.631364000E-01 2.578580000E+01 3.031900000E+01 2.677000000E+00
4.659180000E-01 2.645520000E+01 3.118400000E+01 2.661000000E+00
4.728720000E-01 2.748520000E+01 3.136900000E+01 2.622000000E+00
4.794098000E-01 2.823600000E+01 3.152500000E+01 2.586000000E+00
5.000000000E-01 3.210000000E+01 3.190300000E+01 2.480000000E+00
5.025000000E-01 3.233860000E+01 3.193700000E+01 2.467000000E+00
5.050125000E-01 3.257590000E+01 3.197000000E+01 2.455000000E+00
5.075375600E-01 3.281210000E+01 3.200000000E+01 2.443000000E+00
5.100752500E-01 3.304730000E+01 3.202800000E+01 2.431000000E+00
5.126256300E-01 3.328150000E+01 3.205400000E+01 2.419000000E+00
5.151887500E-01 3.351480000E+01 3.207800000E+01 2.407000000E+00
5.177647000E-01 3.374720000E+01 3.209800000E+01 2.395000000E+00
5.203535200E-01 3.397860000E+01 3.211700000E+01 2.383000000E+00
5.229552900E-01 3.420890000E+01 3.213300000E+01 2.371000000E+00
5.255700700E-01 3.443830000E+01 3.214700000E+01 2.359000000E+00
5.281979200E-01 3.466660000E+01 3.215800000E+01 2.347000000E+00
5.308389100E-01 3.489380000E+01 3.216800000E+01 2.336000000E+00
5.334931000E-01 3.511990000E+01 3.217400000E+01 2.324000000E+00
5.361605700E-01 3.534490000E+01 3.217900000E+01 2.312000000E+00
5.388413700E-01 3.556880000E+01 3.218100000E+01 2.301000000E+00
5.415355800E-01 3.579150000E+01 3.218100000E+01 2.289000000E+00
5.442432500E-01 3.601290000E+01 3.217900000E+01 2.278000000E+00
5.469644700E-01 3.623320000E+01 3.217400000E+01 2.267000000E+00
5.496992900E-01 3.645210000E+01 3.216800000E+01 2.255000000E+00
5.524477900E-01 3.666980000E+01 3.215900000E+01 2.244000000E+00
5.552100300E-01 3.688610000E+01 3.214800000E+01 2.233000000E+00
5.579860800E-01 3.710100000E+01 3.213500000E+01 2.222000000E+00
5.607760100E-01 3.731450000E+01 3.212000000E+01 2.211000000E+00
5.635798900E-01 3.752650000E+01 3.210300000E+01 2.200000000E+00
5.663977900E-01 3.773710000E+01 3.208400000E+01 2.189000000E+00
5.692297800E-01 3.794610000E+01 3.206300000E+01 2.178000000E+00
5.720759300E-01 3.815350000E+01 3.204000000E+01 2.167000000E+00
5.749363000E-01 3.835920000E+01 3.201500000E+01 2.156000000E+00
5.778109900E-01 3.856330000E+01 3.198900000E+01 2.146000000E+00
5.807000400E-01 3.876570000E+01 3.196000000E+01 2.135000000E+00
5.836035400E-01 3.896620000E+01 3.192900000E+01 2.124000000E+00
5.865215600E-01 3.916490000E+01 3.189700000E+01 2.114000000E+00
5.894541700E-01 3.936170000E+01 3.186300000E+01 2.103000000E+00
5.924014400E-01 3.955650000E+01 3.182700000E+01 2.093000000E+00
5.953634500E-01 3.974930000E+01 3.179000000E+01 2.082000000E+00
5.983402600E-01 3.993990000E+01 3.175100000E+01 2.072000000E+00
6.013319600E-01 4.012840000E+01 3.171000000E+01 2.062000000E+00
6.043386200E-01 4.031450000E+01 3.166800000E+01 2.052000000E+00
6.073603200E-01 4.049830000E+01 3.162400000E+01 2.041000000E+00
6.103971200E-01 4.067950000E+01 3.157900000E+01 2.031000000E+00
6.134491000E-01 4.085810000E+01 3.153200000E+01 2.021000000E+00
6.165163500E-01 4.103400000E+01 3.148300000E+01 2.011000000E+00
6.195989300E-01 4.120680000E+01 3.143300000E+01 2.001000000E+00
6.226969300E-01 4.137660000E+01 3.138200000E+01 1.991000000E+00
6.258104100E-01 4.154300000E+01 3.133000000E+01 1.981000000E+00
6.289394600E-01 4.170580000E+01 3.127600000E+01 1.971000000E+00
6.320841600E-01 4.186470000E+01 3.122100000E+01 1.962000000E+00
6.352445800E-01 4.201920000E+01 3.116400000E+01 1.952000000E+00
6.384208000E-01 4.216900000E+01 3.110600000E+01 1.942000000E+00
6.416129100E-01 4.231340000E+01 3.104600000E+01 1.932000000E+00
6.448209700E-01 4.245160000E+01 3.098600000E+01 1.923000000E+00
6.480450800E-01 4.258270000E+01 3.092400000E+01 1.913000000E+00
6.512853000E-01 4.270530000E+01 3.086000000E+01 1.904000000E+00
6.545417300E-01 4.281770000E+01 3.079600000E+01 1.894000000E+00
6.578144400E-01 4.291720000E+01 3.073000000E+01 1.885000000E+00
6.611035100E-01 4.299990000E+01 3.066300000E+01 1.875000000E+00
6.644090300E-01 4.305930000E+01 3.059400000E+01 1.866000000E+00
6.677310700E-01 4.308390000E+01 3.052500000E+01 1.857000000E+00
6.710697300E-01 4.304970000E+01 3.045500000E+01 1.848000000E+00
6.744250800E-01 4.289030000E+01 3.038300000E+01 1.838000000E+00
6.777972000E-01 4.222110000E+01 3.031100000E+01 1.829000000E+00
6.780921100E-01 4.204860000E+01 3.030400000E+01 1.828000000E+00
6.797078900E-01 4.213170000E+01 3.216500000E+01 1.824000000E+00
6.811861900E-01 4.283500000E+01 3.213400000E+01 1.820000000E+00
6.845921200E-01 4.355880000E+01 3.206300000E+01 1.811000000E+00
6.880150800E-01 4.401540000E+01 3.199000000E+01 1.802000000E+00
6.914551500E-01 4.437980000E+01 3.191700000E+01 1.793000000E+00
6.949124300E-01 4.469670000E+01 3.184200000E+01 1.784000000E+00
6.983869900E-01 4.498400000E+01 3.176800000E+01 1.775000000E+00
7.018789300E-01 4.525100000E+01 3.169200000E+01 1.766000000E+00
7.053883200E-01 4.550310000E+01 3.161600000E+01 1.758000000E+00
7.089152600E-01 4.574360000E+01 3.154000000E+01 1.749000000E+00
7.124598400E-01 4.597490000E+01 3.146300000E+01 1.740000000E+00
7.160221400E-01 4.619850000E+01 3.138600000E+01 1.732000000E+00
7.196022500E-01 4.641570000E+01 3.130800000E+01 1.723000000E+00
7.232002600E-01 4.662740000E+01 3.123000000E+01 1.714000000E+00
7.268162600E-01 4.683440000E+01 3.115100000E+01 1.706000000E+00
7.304503400E-01 4.703730000E+01 3.107300000E+01 1.697000000E+00
7.341026000E-01 4.723660000E+01 3.099400000E+01 1.689000000E+00
7.377731100E-01 4.743280000E+01 3.091500000E+01 1.681000000E+00
7.414619700E-01 4.762630000E+01 3.083600000E+01 1.672000000E+00
7.451692800E-01 4.781690000E+01 3.075200000E+01 1.664000000E+00
7.488951300E-01 4.800300000E+01 3.066000000E+01 1.656000000E+00
7.526396100E-01 4.818520000E+01 3.056800000E+01 1.647000000E+00
7.564028000E-01 4.836340000E+01 3.047600000E+01 1.639000000E+00
7.601848200E-01 4.853790000E+01 3.038300000E+01 1.631000000E+00
7.639857400E-01 4.870870000E+01 3.029100000E+01 1.623000000E+00
7.678056700E-01 4.887590000E+01 3.019700000E+01 1.615000000E+00
7.716447000E-01 4.903920000E+01 3.010400000E+01 1.607000000E+00
7.755029200E-01 4.919870000E+01 3.001000000E+01 1.599000000E+00
7.793804400E-01 4.935380000E+01 2.991600000E+01 1.591000000E+00
7.832773400E-01 4.950420000E+01 2.982200000E+01 1.583000000E+00
7.871937300E-01 4.964750000E+01 2.972100000E+01 1.575000000E+00
7.911296900E-01 4.978150000E+01 2.961900000E+01 1.567000000E+00
7.950853400E-01 4.990210000E+01 2.951700000E+01 1.559000000E+00
7.990607700E-01 4.999870000E+01 2.941400000E+01 1.552000000E+00
8.030560700E-01 5.002440000E+01 2.931200000E+01 1.544000000E+00
8.041806300E-01 4.997860000E+01 2.928300000E+01 1.542000000E+00
8.064193600E-01 5.006400000E+01 2.962900000E+01 1.537000000E+00
8.070713500E-01 5.014760000E+01 2.961200000E+01 1.536000000E+00
8.111067100E-01 5.045190000E+01 2.951100000E+01 1.529000000E+00
8.151622400E-01 5.067010000E+01 2.941000000E+01 1.521000000E+00
8.192380600E-01 5.086270000E+01 2.930800000E+01 1.513000000E+00
8.233342500E-01 5.104200000E+01 2.920700000E+01 1.506000000E+00
8.274509200E-01 5.121260000E+01 2.910500000E+01 1.498000000E+00
8.315881700E-01 5.137680000E+01 2.900300000E+01 1.491000000E+00
8.357461100E-01 5.153590000E+01 2.890200000E+01 1.484000000E+00
8.399248400E-01 5.169070000E+01 2.880000000E+01 1.476000000E+00
8.441244700E-01 5.184180000E+01 2.869800000E+01 1.469000000E+00
8.483450900E-01 5.198940000E+01 2.859600000E+01 1.461000000E+00
8.525868200E-01 5.213400000E+01 2.849400000E+01 1.454000000E+00
8.568497500E-01 5.227560000E+01 2.839300000E+01 1.447000000E+00
8.611340000E-01 5.241440000E+01 2.829100000E+01 1.440000000E+00
8.654396700E-01 5.255060000E+01 2.819000000E+01 1.433000000E+00
8.697668700E-01 5.268410000E+01 2.808900000E+01 1.425000000E+00
8.741157000E-01 5.281500000E+01 2.798800000E+01 1.418000000E+00
8.784862800E-01 5.294340000E+01 2.788700000E+01 1.411000000E+00
8.828787100E-01 5.306920000E+01 2.778600000E+01 1.404000000E+00
8.872931000E-01 5.319220000E+01 2.768600000E+01 1.397000000E+00
8.917295700E-01 5.331240000E+01 2.758500000E+01 1.390000000E+00
8.961882200E-01 5.342960000E+01 2.748500000E+01 1.383000000E+00
9.006691600E-01 5.354340000E+01 2.738600000E+01 1.377000000E+00
9.051725000E-01 5.365340000E+01 2.728600000E+01 1.370000000E+00
9.096983700E-01 5.375890000E+01 2.718700000E+01 1.363000000E+00
9.142468600E-01 5.385870000E+01 2.708800000E+01 1.356000000E+00
9.188180900E-01 5.395110000E+01 2.699000000E+01 1.349000000E+00
9.234121800E-01 5.403230000E+01 2.689200000E+01 1.343000000E+00
9.280292400E-01 5.409480000E+01 2.679400000E+01 1.336000000E+00
9.326693900E-01 5.411600000E+01 2.669700000E+01 1.329000000E+00
9.368771300E-01 5.398310000E+01 2.660900000E+01 1.323000000E+00
9.373327400E-01 5.392260000E+01 2.660000000E+01 1.323000000E+00
9.395228600E-01 5.405330000E+01 2.709400000E+01 1.320000000E+00
9.420194000E-01 5.430160000E+01 2.704400000E+01 1.316000000E+00
9.467295000E-01 5.456390000E+01 2.694800000E+01 1.310000000E+00
9.514631500E-01 5.476390000E+01 2.685400000E+01 1.303000000E+00
9.562204600E-01 5.494070000E+01 2.676000000E+01 1.297000000E+00
9.610015600E-01 5.510530000E+01 2.666600000E+01 1.290000000E+00
9.658065700E-01 5.526260000E+01 2.657300000E+01 1.284000000E+00
9.706356000E-01 5.541520000E+01 2.648000000E+01 1.277000000E+00
9.754887800E-01 5.556480000E+01 2.638800000E+01 1.271000000E+00
9.803662300E-01 5.571270000E+01 2.629600000E+01 1.265000000E+00
9.852680600E-01 5.586000000E+01 2.620500000E+01 1.258000000E+00
9.901944000E-01 5.600790000E+01 2.611400000E+01 1.252000000E+00
9.951453700E-01 5.615810000E+01 2.602400000E+01 1.246000000E+00
1.000121100E+00 5.631290000E+01 2.593300000E+01 1.240000000E+00
1.005121700E+00 5.646250000E+01 2.577700000E+01 1.234000000E+00
1.010147300E+00 5.660130000E+01 2.562200000E+01 1.227000000E+00
1.015198000E+00 5.673210000E+01 2.546800000E+01 1.221000000E+00
1.020274000E+00 5.685640000E+01 2.531600000E+01 1.215000000E+00
1.025375400E+00 5.697530000E+01 2.516500000E+01 1.209000000E+00
1.030502300E+00 5.708930000E+01 2.501500000E+01 1.203000000E+00
1.035654800E+00 5.719900000E+01 2.486600000E+01 1.197000000E+00
1.040833100E+00 5.730470000E+01 2.471800000E+01 1.191000000E+00
1.046037200E+00 5.740670000E+01 2.457200000E+01 1.185000000E+00
1.051267400E+00 5.750520000E+01 2.442600000E+01 1.179000000E+00
1.056523800E+00 5.760050000E+01 2.428200000E+01 1.174000000E+00
1.061806400E+00 5.769280000E+01 2.413900000E+01 1.168000000E+00
1.067115400E+00 5.778230000E+01 2.399700000E+01 1.162000000E+00
1.072451000E+00 5.786900000E+01 2.385600000E+01 1.156000000E+00
1.077813200E+00 5.795320000E+01 2.371700000E+01 1.150000000E+00
1.083202300E+00 5.803490000E+01 2.357800000E+01 1.145000000E+00
1.088618300E+00 5.811430000E+01 2.344100000E+01 1.139000000E+00
1.094061400E+00 5.819140000E+01 2.330500000E+01 1.133000000E+00
1.099531700E+00 5.826640000E+01 2.317000000E+01 1.128000000E+00
1.105029400E+00 5.833930000E+01 2.303600000E+01 1.122000000E+00
1.110554500E+00 5.841030000E+01 2.290300000E+01 1.116000000E+00
1.116107300E+00 5.847930000E+01 2.277100000E+01 1.111000000E+00
1.121687800E+00 5.854660000E+01 2.264000000E+01 1.105000000E+00
1.127296300E+00 5.861210000E+01 2.251100000E+01 1.100000000E+00
1.132932800E+00 5.867590000E+01 2.238200000E+01 1.094000000E+00
1.138597400E+00 5.873820000E+01 2.225500000E+01 1.089000000E+00
1.144290400E+00 5.879890000E+01 2.212800000E+01 1.084000000E+00
1.150011900E+00 5.885810000E+01 2.200200000E+01 1.078000000E+00
1.155761900E+00 5.891540000E+01 2.187500000E+01 1.073000000E+00
1.161540700E+00 5.897100000E+01 2.174900000E+01 1.067000000E+00
1.167348400E+00 5.902490000E+01 2.162500000E+01 1.062000000E+00
1.173185200E+00 5.907720000E+01 2.150100000E+01 1.057000000E+00
1.179051100E+00 5.912790000E+01 2.137900000E+01 1.052000000E+00
1.184946400E+00 5.917720000E+01 2.125700000E+01 1.046000000E+00
1.190871100E+00 5.922490000E+01 2.113600000E+01 1.041000000E+00
1.196825400E+00 5.927130000E+01 2.101600000E+01 1.036000000E+00
1.202809600E+00 5.931620000E+01 2.089800000E+01 1.031000000E+00
1.208823600E+00 5.935980000E+01 2.078000000E+01 1.026000000E+00
1.214867700E+00 5.940210000E+01 2.066300000E+01 1.021000000E+00
1.220942100E+00 5.944300000E+01 2.054700000E+01 1.015000000E+00
1.227046800E+00 5.948280000E+01 2.043200000E+01 1.010000000E+00
1.233182000E+00 5.952120000E+01 2.031800000E+01 1.005000000E+00
1.239347900E+00 5.955850000E+01 2.020400000E+01 1.000000000E+00
1.245544700E+00 5.959460000E+01 2.009200000E+01 9.954000000E-01
1.251772400E+00 5.962960000E+01 1.998100000E+01 9.905000000E-01
1.258031200E+00 5.966350000E+01 1.987000000E+01 9.855000000E-01
1.264321400E+00 5.969620000E+01 1.976000000E+01 9.806000000E-01
1.270643000E+00 5.972780000E+01 1.965100000E+01 9.758000000E-01
1.276996200E+00 5.975850000E+01 1.954400000E+01 9.709000000E-01
1.283381200E+00 5.978800000E+01 1.943600000E+01 9.661000000E-01
1.289798100E+00 5.981660000E+01 1.933000000E+01 9.613000000E-01
1.296247100E+00 5.984410000E+01 1.922500000E+01 9.565000000E-01
1.302728300E+00 5.987070000E+01 1.912000000E+01 9.517000000E-01
1.309242000E+00 5.989630000E+01 1.901600000E+01 9.470000000E-01
1.315788200E+00 5.992100000E+01 1.891300000E+01 9.423000000E-01
1.322367100E+00 5.995840000E+01 1.881100000E+01 9.376000000E-01
1.328979000E+00 5.998150000E+01 1.871000000E+01 9.329000000E-01
1.335623900E+00 6.000360000E+01 1.860900000E+01 9.283000000E-01
1.342302000E+00 6.002490000E+01 1.851000000E+01 9.237000000E-01
1.349013500E+00 6.004540000E+01 1.841100000E+01 9.191000000E-01
1.355758600E+00 6.006510000E+01 1.831200000E+01 9.145000000E-01
1.362537400E+00 6.008390000E+01 1.821500000E+01 9.100000000E-01
1.369350000E+00 6.010180000E+01 1.811700000E+01 9.054000000E-01
1.376196800E+00 6.011880000E+01 1.802000000E+01 9.009000000E-01
1.383077800E+00 6.013480000E+01 1.792300000E+01 8.964000000E-01
1.389993200E+00 6.014980000E+01 1.782800000E+01 8.920000000E-01
1.396943100E+00 6.017130000E+01 1.773300000E+01 8.875000000E-01
1.403927800E+00 6.018470000E+01 1.763900000E+01 8.831000000E-01
1.410947500E+00 6.019740000E+01 1.754500000E+01 8.787000000E-01
1.418002200E+00 6.020910000E+01 1.745300000E+01 8.744000000E-01
1.425092200E+00 6.022000000E+01 1.736100000E+01 8.700000000E-01
1.432217700E+00 6.023010000E+01 1.726900000E+01 8.657000000E-01
1.439378800E+00 6.023930000E+01 1.717900000E+01 8.614000000E-01
1.446575700E+00 6.024770000E+01 1.708900000E+01 8.571000000E-01
1.453808600E+00 6.025530000E+01 1.699900000E+01 8.528000000E-01
1.461077600E+00 6.026210000E+01 1.691100000E+01 8.486000000E-01
1.468383000E+00 6.026810000E+01 1.682300000E+01 8.444000000E-01
1.475724900E+00 6.027320000E+01 1.673600000E+01 8.402000000E-01
1.483103500E+00 6.027760000E+01 1.664900000E+01 8.360000000E-01
1.490519000E+00 6.028130000E+01 1.656300000E+01 8.318000000E-01
1.497971600E+00 6.028410000E+01 1.647800000E+01 8.277000000E-01
1.505461500E+00 6.028610000E+01 1.639300000E+01 8.236000000E-01
1.512988800E+00 6.028740000E+01 1.631000000E+01 8.195000000E-01
1.520553700E+00 6.028790000E+01 1.622600000E+01 8.154000000E-01
1.528156500E+00 6.028770000E+01 1.614300000E+01 8.113000000E-01
1.535797300E+00 6.028670000E+01 1.606100000E+01 8.073000000E-01
1.543476300E+00 6.028500000E+01 1.598000000E+01 8.033000000E-01
1.551193700E+00 6.028250000E+01 1.589900000E+01 7.993000000E-01
1.558949600E+00 6.027920000E+01 1.581900000E+01 7.953000000E-01
1.566744400E+00 6.027520000E+01 1.573900000E+01 7.913000000E-01
1.574578100E+00 6.027050000E+01 1.566000000E+01 7.874000000E-01
1.582451000E+00 6.026510000E+01 1.558200000E+01 7.835000000E-01
1.590363300E+00 6.025880000E+01 1.550400000E+01 7.796000000E-01
1.598315100E+00 6.025180000E+01 1.542600000E+01 7.757000000E-01
1.606306600E+00 6.024390000E+01 1.534900000E+01 7.719000000E-01
1.614338200E+00 6.023520000E+01 1.527200000E+01 7.680000000E-01
1.622409900E+00 6.022570000E+01 1.519600000E+01 7.642000000E-01
1.630521900E+00 6.021540000E+01 1.512000000E+01 7.604000000E-01
1.638674500E+00 6.020430000E+01 1.504500000E+01 7.566000000E-01
1.646867900E+00 6.019230000E+01 1.497100000E+01 7.528000000E-01
1.655102200E+00 6.017960000E+01 1.489700000E+01 7.491000000E-01
1.663377700E+00 6.016600000E+01 1.482400000E+01 7.454000000E-01
1.671694600E+00 6.015170000E+01 1.475100000E+01 7.417000000E-01
1.680053100E+00 6.013650000E+01 1.467900000E+01 7.380000000E-01
1.688453400E+00 6.012050000E+01 1.460700000E+01 7.343000000E-01
1.696895600E+00 6.010370000E+01 1.453600000E+01 7.307000000E-01
1.705380100E+00 6.008600000E+01 1.446500000E+01 7.270000000E-01
1.713907000E+00 6.006760000E+01 1.439500000E+01 7.234000000E-01
1.722476600E+00 6.004830000E+01 1.432600000E+01 7.198000000E-01
1.731088900E+00 6.002820000E+01 1.425700000E+01 7.162000000E-01
1.739744400E+00 6.000730000E+01 1.418800000E+01 7.127000000E-01
1.748443100E+00 5.998560000E+01 1.412000000E+01 7.091000000E-01
1.757185300E+00 5.996310000E+01 1.405200000E+01 7.056000000E-01
1.765971200E+00 5.993950000E+01 1.397800000E+01 7.021000000E-01
1.774801100E+00 5.991440000E+01 1.390200000E+01 6.986000000E-01
1.783675100E+00 5.988770000E+01 1.382600000E+01 6.951000000E-01
1.792593500E+00 5.985940000E+01 1.375100000E+01 6.916000000E-01
1.801556500E+00 5.982950000E+01 1.367600000E+01 6.882000000E-01
1.810564200E+00 5.979800000E+01 1.360200000E+01 6.848000000E-01
1.819617100E+00 5.976500000E+01 1.352900000E+01 6.814000000E-01
1.828715100E+00 5.973040000E+01 1.345600000E+01 6.780000000E-01
1.837858700E+00 5.969420000E+01 1.338300000E+01 6.746000000E-01
1.847048000E+00 5.965640000E+01 1.331100000E+01 6.713000000E-01
1.856283300E+00 5.961690000E+01 1.323900000E+01 6.679000000E-01
1.865564700E+00 5.957550000E+01 1.316100000E+01 6.646000000E-01
1.874892500E+00 5.953190000E+01 1.308500000E+01 6.613000000E-01
1.884267000E+00 5.948620000E+01 1.300900000E+01 6.580000000E-01
1.893688300E+00 5.943820000E+01 1.293300000E+01 6.547000000E-01
1.903156700E+00 5.938810000E+01 1.285800000E+01 6.515000000E-01
1.912672500E+00 5.933570000E+01 1.278400000E+01 6.482000000E-01
1.922235900E+00 5.928100000E+01 1.271000000E+01 6.450000000E-01
1.931847100E+00 5.922390000E+01 1.263600000E+01 6.418000000E-01
1.941506300E+00 5.916460000E+01 1.256400000E+01 6.386000000E-01
1.951213800E+00 5.910280000E+01 1.249100000E+01 6.354000000E-01
1.960969900E+00 5.903850000E+01 1.242000000E+01 6.323000000E-01
1.970774700E+00 5.897170000E+01 1.234800000E+01 6.291000000E-01
1.980628600E+00 5.890240000E+01 1.227800000E+01 6.260000000E-01
1.990531800E+00 5.883040000E+01 1.220700000E+01 6.229000000E-01
2.000484400E+00 5.875560000E+01 1.213800000E+01 6.198000000E-01
2.010486800E+00 5.867800000E+01 1.206900000E+01 6.167000000E-01
2.020539300E+00 5.859760000E+01 1.200000000E+01 6.136000000E-01
2.030642000E+00 5.851410000E+01 1.193200000E+01 6.106000000E-01
2.040795200E+00 5.842920000E+01 1.186400000E+01 6.075000000E-01
2.050999200E+00 5.833940000E+01 1.179700000E+01 6.045000000E-01
2.061254200E+00 5.824640000E+01 1.173000000E+01 6.015000000E-01
2.071560400E+00 5.814980000E+01 1.166400000E+01 5.985000000E-01
2.081918200E+00 5.804970000E+01 1.159800000E+01 5.955000000E-01
2.092327800E+00 5.794590000E+01 1.153300000E+01 5.926000000E-01
2.102789500E+00 5.783810000E+01 1.146800000E+01 5.896000000E-01
2.113303400E+00 5.772630000E+01 1.140400000E+01 5.867000000E-01
2.123869900E+00 5.761020000E+01 1.134000000E+01 5.838000000E-01
2.134489300E+00 5.748960000E+01 1.127700000E+01 5.809000000E-01
2.145161700E+00 5.736440000E+01 1.121400000E+01 5.780000000E-01
2.155887500E+00 5.723420000E+01 1.115100000E+01 5.751000000E-01
2.166667000E+00 5.709890000E+01 1.108900000E+01 5.722000000E-01
2.177500300E+00 5.695800000E+01 1.102800000E+01 5.694000000E-01
2.188387800E+00 5.681140000E+01 1.096700000E+01 5.666000000E-01
2.199329700E+00 5.665870000E+01 1.090600000E+01 5.637000000E-01
2.210326400E+00 5.649950000E+01 1.084500000E+01 5.609000000E-01
2.221378000E+00 5.633350000E+01 1.078500000E+01 5.581000000E-01
2.232484900E+00 5.616000000E+01 1.072600000E+01 5.554000000E-01
2.243647300E+00 5.597880000E+01 1.066700000E+01 5.526000000E-01
2.254865600E+00 5.578910000E+01 1.060800000E+01 5.499000000E-01
2.266139900E+00 5.559050000E+01 1.055000000E+01 5.471000000E-01
2.277470600E+00 5.538220000E+01 1.049200000E+01 5.444000000E-01
2.288857900E+00 5.516350000E+01 1.043400000E+01 5.417000000E-01
2.300302200E+00 5.493350000E+01 1.037700000E+01 5.390000000E-01
2.311803700E+00 5.469120000E+01 1.032000000E+01 5.363000000E-01
2.323362800E+00 5.443570000E+01 1.026400000E+01 5.336000000E-01
2.334979600E+00 5.416550000E+01 1.020800000E+01 5.310000000E-01
2.346654500E+00 5.387930000E+01 1.015300000E+01 5.283000000E-01
2.358387800E+00 5.357540000E+01 1.009800000E+01 5.257000000E-01
2.370179700E+00 5.325190000E+01 1.004300000E+01 5.231000000E-01
2.382030600E+00 5.290650000E+01 9.988400000E+00 5.205000000E-01
2.393940700E+00 5.253650000E+01 9.934400000E+00 5.179000000E-01
2.405910400E+00 5.213860000E+01 9.880900000E+00 5.153000000E-01
2.417940000E+00 5.171250000E+01 9.827600000E+00 5.128000000E-01
2.430029700E+00 5.124620000E+01 9.774800000E+00 5.102000000E-01
2.442179800E+00 5.073720000E+01 9.722300000E+00 5.077000000E-01
2.454390700E+00 5.017760000E+01 9.670200000E+00 5.052000000E-01
2.466662700E+00 4.955750000E+01 9.618400000E+00 5.026000000E-01
2.478996000E+00 4.886320000E+01 9.567000000E+00 5.001000000E-01
2.491391000E+00 4.807580000E+01 9.516000000E+00 4.977000000E-01
2.503847900E+00 4.716780000E+01 9.465300000E+00 4.952000000E-01
2.516367200E+00 4.609710000E+01 9.414900000E+00 4.927000000E-01
2.528949000E+00 4.479360000E+01 9.364900000E+00 4.903000000E-01
2.541593800E+00 4.312650000E+01 9.315300000E+00 4.878000000E-01
2.554301700E+00 4.080230000E+01 9.266000000E+00 4.854000000E-01
2.567073200E+00 3.687710000E+01 9.217000000E+00 4.830000000E-01
2.578893300E+00 2.128840000E+01 9.172200000E+00 4.808000000E-01
2.579908600E+00 1.653940000E+01 2.607400000E+01 4.806000000E-01
2.580306900E+00 2.100000000E+01 2.606800000E+01 4.805000000E-01
2.592808200E+00 3.658080000E+01 2.587900000E+01 4.782000000E-01
2.605772200E+00 3.995420000E+01 2.568600000E+01 4.758000000E-01
2.618801100E+00 4.170540000E+01 2.549500000E+01 4.734000000E-01
2.631895100E+00 4.268650000E+01 2.530500000E+01 4.711000000E-01
2.645054500E+00 4.310940000E+01 2.511700000E+01 4.687000000E-01
2.658279800E+00 4.294650000E+01 2.493000000E+01 4.664000000E-01
2.671571200E+00 4.181290000E+01 2.474500000E+01 4.641000000E-01
2.684929100E+00 3.636200000E+01 2.456100000E+01 4.618000000E-01
2.686825900E+00 3.208470000E+01 2.453500000E+01 4.615000000E-01
2.688373900E+00 3.200490000E+01 3.568600000E+01 4.612000000E-01
2.698353700E+00 4.198900000E+01 3.548200000E+01 4.595000000E-01
2.711845500E+00 4.561720000E+01 3.520900000E+01 4.572000000E-01
2.725404700E+00 4.785450000E+01 3.493700000E+01 4.549000000E-01
2.739031700E+00 4.954410000E+01 3.466700000E+01 4.527000000E-01
2.752726900E+00 5.092660000E+01 3.439900000E+01 4.504000000E-01
2.766490500E+00 5.210680000E+01 3.413300000E+01 4.482000000E-01
2.780323000E+00 5.314090000E+01 3.387000000E+01 4.459000000E-01
2.794224600E+00 5.406290000E+01 3.360800000E+01 4.437000000E-01
2.808195700E+00 5.489540000E+01 3.334900000E+01 4.415000000E-01
2.822236700E+00 5.565380000E+01 3.309200000E+01 4.393000000E-01
2.836347900E+00 5.634980000E+01 3.283700000E+01 4.371000000E-01
2.850529600E+00 5.699190000E+01 3.258400000E+01 4.350000000E-01
2.864782300E+00 5.758650000E+01 3.233300000E+01 4.328000000E-01
2.879106200E+00 5.813900000E+01 3.208400000E+01 4.306000000E-01
2.893501700E+00 5.865350000E+01 3.183800000E+01 4.285000000E-01
2.907969200E+00 5.913320000E+01 3.159300000E+01 4.264000000E-01
2.922509100E+00 5.958090000E+01 3.135000000E+01 4.242000000E-01
2.937121600E+00 5.999870000E+01 3.110900000E+01 4.221000000E-01
2.951807200E+00 6.038820000E+01 3.087100000E+01 4.200000000E-01
2.966566200E+00 6.075070000E+01 3.063300000E+01 4.179000000E-01
2.981399100E+00 6.108680000E+01 3.039600000E+01 4.159000000E-01
2.996306100E+00 6.139720000E+01 3.016100000E+01 4.138000000E-01
3.011287600E+00 6.167260000E+01 2.991400000E+01 4.117000000E-01
3.026344000E+00 6.191640000E+01 2.966400000E+01 4.097000000E-01
3.041475800E+00 6.212930000E+01 2.941700000E+01 4.076000000E-01
3.056683100E+00 6.230870000E+01 2.917000000E+01 4.056000000E-01
3.071966600E+00 6.244980000E+01 2.892600000E+01 4.036000000E-01
3.087326400E+00 6.254530000E+01 2.868300000E+01 4.016000000E-01
3.102763000E+00 6.258320000E+01 2.844300000E+01 3.996000000E-01
3.118276800E+00 6.254190000E+01 2.820500000E+01 3.976000000E-01
3.133868200E+00 6.237890000E+01 2.796900000E+01 3.956000000E-01
3.149537600E+00 6.199020000E+01 2.773500000E+01 3.937000000E-01
3.165285300E+00 6.098060000E+01 2.750300000E+01 3.917000000E-01
3.173500600E+00 5.925870000E+01 2.738300000E+01 3.907000000E-01
3.180299200E+00 5.932160000E+01 3.209100000E+01 3.899000000E-01
3.181111700E+00 5.966630000E+01 3.207700000E+01 3.898000000E-01
3.197017200E+00 6.235510000E+01 3.180000000E+01 3.878000000E-01
3.213002300E+00 6.351850000E+01 3.152500000E+01 3.859000000E-01
3.229067300E+00 6.433260000E+01 3.125300000E+01 3.840000000E-01
3.245212700E+00 6.498130000E+01 3.098200000E+01 3.821000000E-01
3.261438700E+00 6.553010000E+01 3.071400000E+01 3.802000000E-01
3.277745900E+00 6.601020000E+01 3.044800000E+01 3.783000000E-01
3.294134700E+00 6.643860000E+01 3.018500000E+01 3.764000000E-01
3.310605300E+00 6.682560000E+01 2.992300000E+01 3.745000000E-01
3.327158400E+00 6.717700000E+01 2.966500000E+01 3.726000000E-01
3.343794100E+00 6.749760000E+01 2.941900000E+01 3.708000000E-01
3.360513100E+00 6.779910000E+01 2.918000000E+01 3.689000000E-01
3.377315700E+00 6.808210000E+01 2.894100000E+01 3.671000000E-01
3.394202300E+00 6.834790000E+01 2.870500000E+01 3.653000000E-01
3.411173300E+00 6.859760000E+01 2.847200000E+01 3.635000000E-01
3.428229100E+00 6.883250000E+01 2.824200000E+01 3.617000000E-01
3.445370300E+00 6.905340000E+01 2.801500000E+01 3.599000000E-01
3.462597100E+00 6.926090000E+01 2.779000000E+01 3.581000000E-01
3.479910100E+00 6.945560000E+01 2.756900000E+01 3.563000000E-01
3.497309700E+00 6.963760000E+01 2.734900000E+01 3.545000000E-01
3.514796200E+00 6.980600000E+01 2.712800000E+01 3.527000000E-01
3.532370200E+00 6.996030000E+01 2.691000000E+01 3.510000000E-01
3.550032100E+00 7.009980000E+01 2.669500000E+01 3.492000000E-01
3.567782200E+00 7.022320000E+01 2.648200000E+01 3.475000000E-01
3.585621100E+00 7.032840000E+01 2.627100000E+01 3.458000000E-01
3.603549200E+00 7.041180000E+01 2.606300000E+01 3.441000000E-01
3.621567000E+00 7.046700000E+01 2.585700000E+01 3.423000000E-01
3.639674800E+00 7.048180000E+01 2.565300000E+01 3.406000000E-01
3.657873200E+00 7.042900000E+01 2.545100000E+01 3.390000000E-01
3.676162600E+00 7.022500000E+01 2.525200000E+01 3.373000000E-01
3.690903400E+00 6.960350000E+01 2.509300000E+01 3.359000000E-01
3.694543400E+00 6.899290000E+01 2.505400000E+01 3.356000000E-01
3.701696600E+00 6.967800000E+01 2.677700000E+01 3.349000000E-01
3.713016100E+00 7.042620000E+01 2.664200000E+01 3.339000000E-01
3.731581200E+00 7.100390000E+01 2.642400000E+01 3.323000000E-01
3.750239100E+00 7.138510000E+01 2.620800000E+01 3.306000000E-01
3.768990300E+00 7.168420000E+01 2.599400000E+01 3.290000000E-01
3.787835200E+00 7.193520000E+01 2.578200000E+01 3.273000000E-01
3.806774400E+00 7.215260000E+01 2.557300000E+01 3.257000000E-01
3.825808300E+00 7.234380000E+01 2.536500000E+01 3.241000000E-01
3.844937300E+00 7.251250000E+01 2.516000000E+01 3.225000000E-01
3.864162000E+00 7.266000000E+01 2.495700000E+01 3.209000000E-01
3.883482800E+00 7.278570000E+01 2.475800000E+01 3.193000000E-01
3.902900200E+00 7.289290000E+01 2.457000000E+01 3.177000000E-01
3.922414700E+00 7.297980000E+01 2.438400000E+01 3.161000000E-01
3.942026800E+00 7.303800000E+01 2.420100000E+01 3.145000000E-01
3.961736900E+00 7.304780000E+01 2.401900000E+01 3.130000000E-01
3.981545600E+00 7.294200000E+01 2.384000000E+01 3.114000000E-01
3.990421900E+00 7.277080000E+01 2.376100000E+01 3.107000000E-01
4.001453300E+00 7.240610000E+01 2.471100000E+01 3.098000000E-01
4.007778000E+00 7.288520000E+01 2.465500000E+01 3.094000000E-01
4.021460600E+00 7.329410000E+01 2.453500000E+01 3.083000000E-01
4.041567900E+00 7.364110000E+01 2.436200000E+01 3.068000000E-01
4.061775700E+00 7.390040000E+01 2.419000000E+01 3.052000000E-01
4.082084600E+00 7.412030000E+01 2.402100000E+01 3.037000000E-01
4.102495000E+00 7.431700000E+01 2.385300000E+01 3.022000000E-01
4.123007500E+00 7.449820000E+01 2.368700000E+01 3.007000000E-01
4.143622600E+00 7.466770000E+01 2.351900000E+01 2.992000000E-01
4.164340700E+00 7.482660000E+01 2.335000000E+01 2.977000000E-01
4.185162400E+00 7.497710000E+01 2.318400000E+01 2.962000000E-01
4.206088200E+00 7.512040000E+01 2.301800000E+01 2.948000000E-01
4.227118600E+00 7.525730000E+01 2.285400000E+01 2.933000000E-01
4.248254200E+00 7.538850000E+01 2.269100000E+01 2.918000000E-01
4.269495500E+00 7.551470000E+01 2.253000000E+01 2.904000000E-01
4.290843000E+00 7.563620000E+01 2.237000000E+01 2.890000000E-01
4.312297200E+00 7.575360000E+01 2.221200000E+01 2.875000000E-01
4.333858700E+00 7.586720000E+01 2.205500000E+01 2.861000000E-01
4.355528000E+00 7.597720000E+01 2.189900000E+01 2.847000000E-01
4.377305600E+00 7.608390000E+01 2.174500000E+01 2.832000000E-01
4.399192100E+00 7.618760000E+01 2.159200000E+01 2.818000000E-01
4.421188100E+00 7.628840000E+01 2.144100000E+01 2.804000000E-01
4.443294000E+00 7.638640000E+01 2.129100000E+01 2.790000000E-01
4.465510500E+00 7.648190000E+01 2.114200000E+01 2.776000000E-01
4.487838100E+00 7.657500000E+01 2.099400000E+01 2.763000000E-01
4.510277200E+00 7.666580000E+01 2.084800000E+01 2.749000000E-01
4.532828600E+00 7.675430000E+01 2.070200000E+01 2.735000000E-01
4.555492800E+00 7.684090000E+01 2.055800000E+01 2.722000000E-01
4.578270200E+00 7.692540000E+01 2.041600000E+01 2.708000000E-01
4.601161600E+00 7.700810000E+01 2.027400000E+01 2.695000000E-01
4.624167400E+00 7.708890000E+01 2.013300000E+01 2.681000000E-01
4.647288200E+00 7.716820000E+01 1.999400000E+01 2.668000000E-01
4.670524700E+00 7.724580000E+01 1.985500000E+01 2.655000000E-01
4.693877300E+00 7.732190000E+01 1.971800000E+01 2.641000000E-01
4.717346700E+00 7.739660000E+01 1.958200000E+01 2.628000000E-01
4.740933400E+00 7.747010000E+01 1.944700000E+01 2.615000000E-01
4.764638100E+00 7.754240000E+01 1.931300000E+01 2.602000000E-01
4.788461300E+00 7.761370000E+01 1.918000000E+01 2.589000000E-01
4.812403600E+00 7.768400000E+01 1.904600000E+01 2.576000000E-01
4.836465600E+00 7.775250000E+01 1.891100000E+01 2.564000000E-01
4.860647900E+00 7.781920000E+01 1.877700000E+01 2.551000000E-01
4.884951200E+00 7.788410000E+01 1.864400000E+01 2.538000000E-01
4.909375900E+00 7.794740000E+01 1.851200000E+01 2.525000000E-01
4.933922800E+00 7.800910000E+01 1.838100000E+01 2.513000000E-01
4.958592400E+00 7.806950000E+01 1.825000000E+01 2.500000000E-01
4.983385400E+00 7.812840000E+01 1.812100000E+01 2.488000000E-01
5.008302300E+00 7.818610000E+01 1.799300000E+01 2.476000000E-01
5.033343800E+00 7.824250000E+01 1.786500000E+01 2.463000000E-01
5.058510500E+00 7.829770000E+01 1.773900000E+01 2.451000000E-01
5.083803100E+00 7.835170000E+01 1.761300000E+01 2.439000000E-01
5.109222100E+00 7.840470000E+01 1.748800000E+01 2.427000000E-01
5.134768200E+00 7.845670000E+01 1.736400000E+01 2.415000000E-01
5.160442100E+00 7.868240000E+01 1.724100000E+01 2.403000000E-01
5.186244300E+00 7.873270000E+01 1.711200000E+01 2.391000000E-01
5.212175500E+00 7.878140000E+01 1.698500000E+01 2.379000000E-01
5.238236400E+00 7.882840000E+01 1.685800000E+01 2.367000000E-01
5.264427600E+00 7.887380000E+01 1.673200000E+01 2.355000000E-01
5.290749700E+00 7.891770000E+01 1.660700000E+01 2.343000000E-01
5.317203400E+00 7.896020000E+01 1.648300000E+01 2.332000000E-01
5.343789500E+00 7.900140000E+01 1.636000000E+01 2.320000000E-01
5.370508400E+00 7.904130000E+01 1.623800000E+01 2.309000000E-01
5.397360900E+00 7.920050000E+01 1.611400000E+01 2.297000000E-01
5.424347700E+00 7.923790000E+01 1.599000000E+01 2.286000000E-01
5.451469500E+00 7.927360000E+01 1.586700000E+01 2.274000000E-01
5.478726800E+00 7.930800000E+01 1.574600000E+01 2.263000000E-01
5.506120500E+00 7.934090000E+01 1.562500000E+01 2.252000000E-01
5.533651100E+00 7.937250000E+01 1.550500000E+01 2.241000000E-01
5.561319300E+00 7.940280000E+01 1.538600000E+01 2.229000000E-01
5.589125900E+00 7.943200000E+01 1.526900000E+01 2.218000000E-01
5.617071600E+00 7.945990000E+01 1.515200000E+01 2.207000000E-01
5.645156900E+00 7.948670000E+01 1.503600000E+01 2.196000000E-01
5.673382700E+00 7.951240000E+01 1.492200000E+01 2.185000000E-01
5.701749600E+00 7.953710000E+01 1.480800000E+01 2.174000000E-01
5.730258400E+00 7.956080000E+01 1.469500000E+01 2.164000000E-01
5.758909600E+00 7.958350000E+01 1.458300000E+01 2.153000000E-01
5.787704200E+00 7.960520000E+01 1.447300000E+01 2.142000000E-01
5.816642700E+00 7.962600000E+01 1.436300000E+01 2.132000000E-01
5.845725900E+00 7.964590000E+01 1.425400000E+01 2.121000000E-01
5.874954600E+00 7.966500000E+01 1.414600000E+01 2.110000000E-01
5.904329300E+00 7.968320000E+01 1.403900000E+01 2.100000000E-01
5.933851000E+00 7.970060000E+01 1.393300000E+01 2.089000000E-01
5.963520200E+00 7.971730000E+01 1.382700000E+01 2.079000000E-01
5.993337800E+00 7.973320000E+01 1.372300000E+01 2.069000000E-01
6.023304500E+00 7.974830000E+01 1.362000000E+01 2.058000000E-01
6.053421000E+00 7.976270000E+01 1.351700000E+01 2.048000000E-01
6.083688200E+00 7.977650000E+01 1.341600000E+01 2.038000000E-01
6.114106600E+00 7.978960000E+01 1.331500000E+01 2.028000000E-01
6.144677100E+00 7.980200000E+01 1.321500000E+01 2.018000000E-01
6.175400500E+00 7.981380000E+01 1.311600000E+01 2.008000000E-01
6.206277500E+00 7.982500000E+01 1.301800000E+01 1.998000000E-01
6.237308900E+00 7.983560000E+01 1.292100000E+01 1.988000000E-01
6.268495400E+00 7.984570000E+01 1.282500000E+01 1.978000000E-01
6.299837900E+00 7.985520000E+01 1.272900000E+01 1.968000000E-01
6.331337100E+00 7.986420000E+01 1.263500000E+01 1.958000000E-01
6.362993800E+00 7.996270000E+01 1.254000000E+01 1.949000000E-01
6.394808800E+00 7.997110000E+01 1.244500000E+01 1.939000000E-01
6.426782800E+00 7.997870000E+01 1.235100000E+01 1.929000000E-01
6.458916700E+00 7.998560000E+01 1.225700000E+01 1.920000000E-01
6.491211300E+00 7.999190000E+01 1.216400000E+01 1.910000000E-01
6.523667400E+00 7.999750000E+01 1.207200000E+01 1.901000000E-01
6.556285700E+00 8.000260000E+01 1.198100000E+01 1.891000000E-01
6.589067100E+00 8.000700000E+01 1.189100000E+01 1.882000000E-01
6.622012500E+00 8.001090000E+01 1.180100000E+01 1.872000000E-01
6.655122500E+00 8.001420000E+01 1.171300000E+01 1.863000000E-01
6.688398100E+00 8.001700000E+01 1.162500000E+01 1.854000000E-01
6.721840100E+00 8.001930000E+01 1.153800000E+01 1.844000000E-01
6.755449300E+00 8.002110000E+01 1.145100000E+01 1.835000000E-01
6.789226600E+00 8.002240000E+01 1.136500000E+01 1.826000000E-01
6.823172700E+00 8.002320000E+01 1.128100000E+01 1.817000000E-01
6.857288600E+00 8.002360000E+01 1.119600000E+01 1.808000000E-01
6.891575000E+00 8.002350000E+01 1.111300000E+01 1.799000000E-01
6.926032900E+00 8.002300000E+01 1.103000000E+01 1.790000000E-01
6.960663100E+00 8.002210000E+01 1.094800000E+01 1.781000000E-01
6.995466400E+00 8.002080000E+01 1.086700000E+01 1.772000000E-01
7.030443700E+00 8.001920000E+01 1.078700000E+01 1.764000000E-01
7.065595900E+00 8.001710000E+01 1.070700000E+01 1.755000000E-01
7.100923900E+00 8.001470000E+01 1.062800000E+01 1.746000000E-01
7.136428500E+00 8.001190000E+01 1.054900000E+01 1.737000000E-01
7.172110700E+00 8.000870000E+01 1.047200000E+01 1.729000000E-01
7.207971200E+00 8.000530000E+01 1.039500000E+01 1.720000000E-01
7.244011100E+00 8.000150000E+01 1.031800000E+01 1.712000000E-01
7.280231100E+00 7.999740000E+01 1.024300000E+01 1.703000000E-01
7.316632300E+00 7.999300000E+01 1.016800000E+01 1.695000000E-01
7.353215500E+00 7.998830000E+01 1.009300000E+01 1.686000000E-01
7.389981500E+00 7.998340000E+01 1.002000000E+01 1.678000000E-01
7.426931400E+00 8.001870000E+01 9.945500000E+00 1.669000000E-01
7.464066100E+00 8.001340000E+01 9.872100000E+00 1.661000000E-01
7.501386400E+00 8.000770000E+01 9.799300000E+00 1.653000000E-01
7.538893400E+00 8.000160000E+01 9.727100000E+00 1.645000000E-01
7.576587800E+00 7.999530000E+01 9.655600000E+00 1.636000000E-01
7.614470800E+00 7.998850000E+01 9.584600000E+00 1.628000000E-01
7.652543100E+00 7.998150000E+01 9.514300000E+00 1.620000000E-01
7.690805800E+00 7.997420000E+01 9.444600000E+00 1.612000000E-01
7.729259900E+00 7.996660000E+01 9.375400000E+00 1.604000000E-01
7.767906200E+00 7.995870000E+01 9.306900000E+00 1.596000000E-01
7.806745700E+00 7.995050000E+01 9.238900000E+00 1.588000000E-01
7.845779400E+00 7.994210000E+01 9.171600000E+00 1.580000000E-01
7.885008300E+00 7.993340000E+01 9.104800000E+00 1.572000000E-01
7.924433400E+00 7.992450000E+01 9.038500000E+00 1.565000000E-01
7.964055500E+00 7.991530000E+01 8.972900000E+00 1.557000000E-01
8.003875800E+00 7.992180000E+01 8.907700000E+00 1.549000000E-01
8.043895200E+00 7.991230000E+01 8.842700000E+00 1.541000000E-01
8.084114700E+00 7.990250000E+01 8.778300000E+00 1.534000000E-01
8.124535200E+00 7.989250000E+01 8.714400000E+00 1.526000000E-01
8.165157900E+00 7.988220000E+01 8.651000000E+00 1.518000000E-01
8.205983700E+00 7.987170000E+01 8.588200000E+00 1.511000000E-01
8.247013600E+00 7.986100000E+01 8.525900000E+00 1.503000000E-01
8.288248700E+00 7.985010000E+01 8.463800000E+00 1.496000000E-01
8.329689900E+00 7.983900000E+01 8.401900000E+00 1.488000000E-01
8.371338400E+00 7.982770000E+01 8.340600000E+00 1.481000000E-01
8.413195100E+00 7.981630000E+01 8.279700000E+00 1.474000000E-01
8.455261000E+00 7.980470000E+01 8.219400000E+00 1.466000000E-01
8.497537300E+00 7.979290000E+01 8.159600000E+00 1.459000000E-01
8.540025000E+00 7.978110000E+01 8.100400000E+00 1.452000000E-01
9.030794000E+00 7.982660000E+01 7.440900000E+00 1.373000000E-01
9.653919000E+00 7.951650000E+01 6.654200000E+00 1.284000000E-01
1.032004000E+01 7.909050000E+01 5.960600000E+00 1.201000000E-01
1.103212000E+01 7.852850000E+01 5.348100000E+00 1.124000000E-01
1.179334000E+01 7.773290000E+01 4.792800000E+00 1.051000000E-01
1.260708000E+01 7.634930000E+01 4.294600000E+00 9.834000000E-02
1.315023000E+01 7.421640000E+01 4.009200000E+00 9.428000000E-02
1.335151000E+01 7.155340000E+01 3.911800000E+00 9.286000000E-02
1.340518000E+01 6.842850000E+01 3.886500000E+00 9.249000000E-02
1.347697000E+01 7.126470000E+01 9.971100000E+00 9.200000000E-02
1.348569000E+01 7.154200000E+01 9.960100000E+00 9.194000000E-02
1.368697000E+01 7.429490000E+01 9.712400000E+00 9.059000000E-02
1.440688000E+01 7.659280000E+01 8.890100000E+00 8.606000000E-02
1.540095000E+01 7.645590000E+01 7.917000000E+00 8.050000000E-02
1.563254000E+01 7.524800000E+01 7.714100000E+00 7.931000000E-02
1.569539000E+01 7.368940000E+01 7.660500000E+00 7.899000000E-02
1.578966000E+01 7.528580000E+01 1.067500000E+01 7.852000000E-02
1.602532000E+01 7.665890000E+01 1.041300000E+01 7.737000000E-02
1.605975000E+01 7.674460000E+01 1.037600000E+01 7.720000000E-02
1.630556000E+01 7.679300000E+01 1.011300000E+01 7.604000000E-02
1.637111000E+01 7.614190000E+01 1.004400000E+01 7.573000000E-02
1.646362000E+01 7.709520000E+01 1.152400000E+01 7.531000000E-02
1.646944000E+01 7.714420000E+01 1.151800000E+01 7.528000000E-02
1.671525000E+01 7.829010000E+01 1.125900000E+01 7.417000000E-02
1.759961000E+01 8.002840000E+01 1.039600000E+01 7.045000000E-02
1.881398000E+01 8.121930000E+01 9.352800000E+00 6.590000000E-02
2.011215000E+01 8.195540000E+01 8.413600000E+00 6.165000000E-02
2.149988000E+01 8.244690000E+01 7.565300000E+00 5.767000000E-02
2.298338000E+01 8.277760000E+01 6.801200000E+00 5.395000000E-02
2.456923000E+01 8.300200000E+01 6.117500000E+00 5.046000000E-02
2.626450000E+01 8.315780000E+01 5.506000000E+00 4.721000000E-02
2.807676000E+01 8.333290000E+01 4.919700000E+00 4.416000000E-02
3.001405000E+01 8.336970000E+01 4.387700000E+00 4.131000000E-02
3.208502000E+01 8.340190000E+01 3.914700000E+00 3.864000000E-02
3.429889000E+01 8.339710000E+01 3.483900000E+00 3.615000000E-02
3.666551000E+01 8.333940000E+01 3.100000000E+00 3.381000000E-02
3.919543000E+01 8.326530000E+01 2.760600000E+00 3.163000000E-02
4.189992000E+01 8.318050000E+01 2.460200000E+00 2.959000000E-02
4.479101000E+01 8.308830000E+01 2.194100000E+00 2.768000000E-02
4.788159000E+01 8.299090000E+01 1.958300000E+00 2.589000000E-02
5.118542000E+01 8.288920000E+01 1.749200000E+00 2.422000000E-02
5.471721000E+01 8.278300000E+01 1.563500000E+00 2.266000000E-02
5.849270000E+01 8.267150000E+01 1.398200000E+00 2.120000000E-02
6.252870000E+01 8.255040000E+01 1.248600000E+00 1.983000000E-02
6.684318000E+01 8.241430000E+01 1.116000000E+00 1.855000000E-02
7.145536000E+01 8.225380000E+01 9.966200000E-01 1.735000000E-02
7.638578000E+01 8.204580000E+01 8.876000000E-01 1.623000000E-02
8.165640000E+01 8.173280000E+01 7.888700000E-01 1.518000000E-02
8.729069000E+01 8.103620000E+01 6.973300000E-01 1.420000000E-02
8.871538000E+01 8.061870000E+01 6.768500000E-01 1.398000000E-02
9.007327000E+01 7.958320000E+01 6.582000000E-01 1.376000000E-02
9.043538000E+01 7.834430000E+01 6.533600000E-01 1.371000000E-02
9.097853000E+01 7.963560000E+01 3.084200000E+00 1.363000000E-02
9.233642000E+01 8.076470000E+01 3.014200000E+00 1.343000000E-02
9.331374000E+01 8.112460000E+01 2.965200000E+00 1.329000000E-02
9.975239000E+01 8.212720000E+01 2.670400000E+00 1.243000000E-02
1.066353000E+02 8.256500000E+01 2.401600000E+00 1.163000000E-02
1.139931000E+02 8.282450000E+01 2.157000000E+00 1.088000000E-02
1.218587000E+02 8.299310000E+01 1.936600000E+00 1.017000000E-02
1.302669000E+02 8.310760000E+01 1.737700000E+00 9.518000000E-03
1.392553000E+02 8.318410000E+01 1.556900000E+00 8.903000000E-03
1.488640000E+02 8.323400000E+01 1.394800000E+00 8.329000000E-03
1.591356000E+02 8.326520000E+01 1.249500000E+00 7.791000000E-03
1.701159000E+02 8.328310000E+01 1.119500000E+00 7.288000000E-03
1.818539000E+02 8.329120000E+01 1.003000000E+00 6.818000000E-03
1.944018000E+02 8.329240000E+01 8.986400000E-01 6.378000000E-03
2.078156000E+02 8.328820000E+01 8.050000000E-01 5.966000000E-03
2.221548000E+02 8.328030000E+01 7.212000000E-01 5.581000000E-03
2.374835000E+02 8.326980000E+01 6.461800000E-01 5.221000000E-03
2.538699000E+02 8.325750000E+01 5.790300000E-01 4.884000000E-03
2.713869000E+02 8.324410000E+01 5.189100000E-01 4.569000000E-03
2.901126000E+02 8.323010000E+01 4.650800000E-01 4.274000000E-03
3.101304000E+02 8.321590000E+01 4.168700000E-01 3.998000000E-03
3.315294000E+02 8.320180000E+01 3.736900000E-01 3.740000000E-03
3.544049000E+02 8.318790000E+01 3.350200000E-01 3.498000000E-03
3.788588000E+02 8.317440000E+01 3.003700000E-01 3.273000000E-03
4.050001000E+02 8.316150000E+01 2.693300000E-01 3.061000000E-03
4.329451000E+02 8.314910000E+01 2.415100000E-01 2.864000000E-03
