# Data retrieved from physics.nist.gov 03/01/2021
# Element, C  (Z = 6) 
# Atomic weight, g mol-1 = 12.01100 
# Nominal density, g cm-3 =  2.2600 
# Relativistic correction estimate f_rel(5CL),  e atom-1 =  -1.8000E-03 
# Nuclear Thomson correction f_NT, e atom-1 =  -1.6442E-03 
#    E [keV]      f1 [e atom-1]      f2 [e atom-1]    Wavelength [nm] 
6.272000000E-03 -3.201340000E-01 0.000000000E+00 1.977000000E+02
6.368000000E-03 -1.175790000E+00 0.000000000E+00 1.947000000E+02
6.393600000E-03 -2.181540000E+00 0.000000000E+00 1.939000000E+02
6.432000000E-03 -1.161860000E+00 1.969700000E+00 1.928000000E+02
6.528000000E-03 -2.766710000E-01 1.959800000E+00 1.899000000E+02
1.069000000E-02 2.101730000E+00 1.739200000E+00 1.160000000E+02
1.142761000E-02 2.224880000E+00 1.713400000E+00 1.085000000E+02
1.221612000E-02 2.339940000E+00 1.684700000E+00 1.015000000E+02
1.305903000E-02 2.447420000E+00 1.652400000E+00 9.494000000E+01
1.396010000E-02 2.547100000E+00 1.616100000E+00 8.881000000E+01
1.492335000E-02 2.638050000E+00 1.575700000E+00 8.308000000E+01
1.595306000E-02 2.718440000E+00 1.531100000E+00 7.772000000E+01
1.705382000E-02 2.784460000E+00 1.482600000E+00 7.270000000E+01
1.823053000E-02 2.825590000E+00 1.430400000E+00 6.801000000E+01
1.911980000E-02 2.809310000E+00 1.391100000E+00 6.485000000E+01
1.941245000E-02 2.751540000E+00 1.378300000E+00 6.387000000E+01
1.948844000E-02 2.679830000E+00 1.374900000E+00 6.362000000E+01
1.949049000E-02 2.675010000E+00 1.374800000E+00 6.361000000E+01
1.960755000E-02 2.754330000E+00 1.524200000E+00 6.323000000E+01
1.990020000E-02 2.829260000E+00 1.519100000E+00 6.230000000E+01
2.083314000E-02 2.919380000E+00 1.505200000E+00 5.951000000E+01
2.227063000E-02 3.007380000E+00 1.489800000E+00 5.567000000E+01
2.380730000E-02 3.087380000E+00 1.476100000E+00 5.208000000E+01
2.545001000E-02 3.165760000E+00 1.462600000E+00 4.872000000E+01
2.720606000E-02 3.244480000E+00 1.447700000E+00 4.557000000E+01
2.908327000E-02 3.323640000E+00 1.430100000E+00 4.263000000E+01
3.109002000E-02 3.402800000E+00 1.409100000E+00 3.988000000E+01
3.323523000E-02 3.481360000E+00 1.384400000E+00 3.731000000E+01
3.552846000E-02 3.558640000E+00 1.355700000E+00 3.490000000E+01
3.797993000E-02 3.633850000E+00 1.323000000E+00 3.264000000E+01
4.060054000E-02 3.706290000E+00 1.286400000E+00 3.054000000E+01
4.340198000E-02 3.775260000E+00 1.246200000E+00 2.857000000E+01
4.639671000E-02 3.840220000E+00 1.202800000E+00 2.672000000E+01
4.959809000E-02 3.900690000E+00 1.156900000E+00 2.500000000E+01
5.302035000E-02 3.956350000E+00 1.108900000E+00 2.338000000E+01
5.667876000E-02 4.006970000E+00 1.059500000E+00 2.187000000E+01
6.058959000E-02 4.052630000E+00 1.009100000E+00 2.046000000E+01
6.477028000E-02 4.092900000E+00 9.582700000E-01 1.914000000E+01
6.923942000E-02 4.128010000E+00 9.075600000E-01 1.791000000E+01
7.401695000E-02 4.158050000E+00 8.573600000E-01 1.675000000E+01
7.912411000E-02 4.183160000E+00 8.080000000E-01 1.567000000E+01
8.458368000E-02 4.203400000E+00 7.595500000E-01 1.466000000E+01
9.041995000E-02 4.218650000E+00 7.122200000E-01 1.371000000E+01
9.665893000E-02 4.228830000E+00 6.663000000E-01 1.283000000E+01
1.033284000E-01 4.233890000E+00 6.220400000E-01 1.200000000E+01
1.104581000E-01 4.233730000E+00 5.795900000E-01 1.122000000E+01
1.180797000E-01 4.228170000E+00 5.390800000E-01 1.050000000E+01
1.262272000E-01 4.216650000E+00 4.988600000E-01 9.822000000E+00
1.349368000E-01 4.197860000E+00 4.604400000E-01 9.188000000E+00
1.442475000E-01 4.171190000E+00 4.244500000E-01 8.595000000E+00
1.542005000E-01 4.135570000E+00 3.908300000E-01 8.040000000E+00
1.648404000E-01 4.089280000E+00 3.595000000E-01 7.521000000E+00
1.762144000E-01 4.029650000E+00 3.303700000E-01 7.036000000E+00
1.883732000E-01 3.952500000E+00 3.033300000E-01 6.582000000E+00
2.013709000E-01 3.851090000E+00 2.782900000E-01 6.157000000E+00
2.152655000E-01 3.713740000E+00 2.551300000E-01 5.760000000E+00
2.301188000E-01 3.518190000E+00 2.337400000E-01 5.388000000E+00
2.459970000E-01 3.214230000E+00 2.140300000E-01 5.040000000E+00
2.629708000E-01 2.647040000E+00 1.958700000E-01 4.715000000E+00
2.781240000E-01 1.260930000E+00 1.817500000E-01 4.458000000E+00
2.811158000E-01 4.076560000E-01 1.791600000E-01 4.410000000E+00
2.823810000E-01 -3.356650000E-01 1.780900000E-01 4.391000000E+00
2.835162000E-01 -2.247170000E+00 1.771300000E-01 4.373000000E+00
2.852190000E-01 -2.653490000E-01 3.938700000E+00 4.347000000E+00
2.894760000E-01 1.472930000E+00 3.877700000E+00 4.283000000E+00
3.005128000E-01 2.891230000E+00 3.727900000E+00 4.126000000E+00
3.212482000E-01 4.001590000E+00 3.472500000E+00 3.859000000E+00
3.434143000E-01 4.652590000E+00 3.214300000E+00 3.610000000E+00
3.671099000E-01 5.104240000E+00 2.956200000E+00 3.377000000E+00
3.924405000E-01 5.436160000E+00 2.703300000E+00 3.159000000E+00
4.195189000E-01 5.685610000E+00 2.461200000E+00 2.955000000E+00
4.484657000E-01 5.874500000E+00 2.232600000E+00 2.765000000E+00
4.794098000E-01 6.017320000E+00 2.019000000E+00 2.586000000E+00
5.124891000E-01 6.124420000E+00 1.821200000E+00 2.419000000E+00
5.478508000E-01 6.203540000E+00 1.639100000E+00 2.263000000E+00
5.856525000E-01 6.260620000E+00 1.472400000E+00 2.117000000E+00
6.260625000E-01 6.300330000E+00 1.320400000E+00 1.980000000E+00
6.692609000E-01 6.326350000E+00 1.182300000E+00 1.853000000E+00
7.154399000E-01 6.341620000E+00 1.057100000E+00 1.733000000E+00
7.648052000E-01 6.348490000E+00 9.439100000E-01 1.621000000E+00
8.175768000E-01 6.348860000E+00 8.417900000E-01 1.516000000E+00
8.739896000E-01 6.344690000E+00 7.498100000E-01 1.419000000E+00
9.342948000E-01 6.336470000E+00 6.670900000E-01 1.327000000E+00
9.987612000E-01 6.325620000E+00 5.928200000E-01 1.241000000E+00
1.067676000E+00 6.312670000E+00 5.258500000E-01 1.161000000E+00
1.141345000E+00 6.298630000E+00 4.657300000E-01 1.086000000E+00
1.220098000E+00 6.282810000E+00 4.095600000E-01 1.016000000E+00
1.304285000E+00 6.265510000E+00 3.601600000E-01 9.506000000E-01
1.394281000E+00 6.247740000E+00 3.167200000E-01 8.892000000E-01
1.490486000E+00 6.230090000E+00 2.785300000E-01 8.318000000E-01
1.593329000E+00 6.212890000E+00 2.449400000E-01 7.781000000E-01
1.703269000E+00 6.196360000E+00 2.154000000E-01 7.279000000E-01
1.820795000E+00 6.180640000E+00 1.894200000E-01 6.809000000E-01
1.946430000E+00 6.165810000E+00 1.665800000E-01 6.370000000E-01
2.080733000E+00 6.151920000E+00 1.465000000E-01 5.959000000E-01
2.224304000E+00 6.138970000E+00 1.288300000E-01 5.574000000E-01
2.377781000E+00 6.126960000E+00 1.133000000E-01 5.214000000E-01
2.541848000E+00 6.115880000E+00 9.963800000E-02 4.878000000E-01
2.717235000E+00 6.105710000E+00 8.762500000E-02 4.563000000E-01
2.904724000E+00 6.096430000E+00 7.706100000E-02 4.268000000E-01
3.105150000E+00 6.087900000E+00 6.742000000E-02 3.993000000E-01
3.319406000E+00 6.079840000E+00 5.870100000E-02 3.735000000E-01
3.548445000E+00 6.072340000E+00 5.110900000E-02 3.494000000E-01
3.793288000E+00 6.065430000E+00 4.449900000E-02 3.269000000E-01
4.055024000E+00 6.059090000E+00 3.874400000E-02 3.058000000E-01
4.334821000E+00 6.053290000E+00 3.373300000E-02 2.860000000E-01
4.633924000E+00 6.048020000E+00 2.937000000E-02 2.676000000E-01
4.953664000E+00 6.043230000E+00 2.557200000E-02 2.503000000E-01
5.295467000E+00 6.038900000E+00 2.226500000E-02 2.341000000E-01
5.660855000E+00 6.034980000E+00 1.928900000E-02 2.190000000E-01
6.051453000E+00 6.031400000E+00 1.670300000E-02 2.049000000E-01
6.469004000E+00 6.028150000E+00 1.446300000E-02 1.917000000E-01
6.915365000E+00 6.025200000E+00 1.252400000E-02 1.793000000E-01
7.392525000E+00 6.022550000E+00 1.084400000E-02 1.677000000E-01
7.902609000E+00 6.020160000E+00 9.390400000E-03 1.569000000E-01
8.447890000E+00 6.018010000E+00 8.131300000E-03 1.468000000E-01
9.030794000E+00 6.016100000E+00 7.031400000E-03 1.373000000E-01
9.653919000E+00 6.014390000E+00 6.051400000E-03 1.284000000E-01
1.032004000E+01 6.012840000E+00 5.207900000E-03 1.201000000E-01
1.103212000E+01 6.011440000E+00 4.482000000E-03 1.124000000E-01
1.179334000E+01 6.010180000E+00 3.857300000E-03 1.051000000E-01
1.260708000E+01 6.009060000E+00 3.319700000E-03 9.834000000E-02
1.347697000E+01 6.008050000E+00 2.857000000E-03 9.200000000E-02
1.440688000E+01 6.007150000E+00 2.458800000E-03 8.606000000E-02
1.540095000E+01 6.006350000E+00 2.116100000E-03 8.050000000E-02
1.646362000E+01 6.005630000E+00 1.821200000E-03 7.531000000E-02
1.759961000E+01 6.004990000E+00 1.567300000E-03 7.045000000E-02
1.881398000E+01 6.004430000E+00 1.348900000E-03 6.590000000E-02
2.011215000E+01 6.003920000E+00 1.160900000E-03 6.165000000E-02
2.149988000E+01 6.003480000E+00 9.990900000E-04 5.767000000E-02
2.298338000E+01 6.003080000E+00 8.598500000E-04 5.395000000E-02
2.456923000E+01 6.002720000E+00 7.400100000E-04 5.046000000E-02
2.626450000E+01 6.002410000E+00 6.368700000E-04 4.721000000E-02
2.807676000E+01 6.002130000E+00 5.464200000E-04 4.416000000E-02
3.001405000E+01 6.001890000E+00 4.683500000E-04 4.131000000E-02
3.208502000E+01 6.001670000E+00 4.014300000E-04 3.864000000E-02
3.429889000E+01 6.001480000E+00 3.440700000E-04 3.615000000E-02
3.666551000E+01 6.001300000E+00 2.949100000E-04 3.381000000E-02
3.919543000E+01 6.001150000E+00 2.527700000E-04 3.163000000E-02
4.189992000E+01 6.001020000E+00 2.166600000E-04 2.959000000E-02
4.479101000E+01 6.000900000E+00 1.857000000E-04 2.768000000E-02
4.788159000E+01 6.000790000E+00 1.591700000E-04 2.589000000E-02
5.118542000E+01 6.000700000E+00 1.364300000E-04 2.422000000E-02
5.471721000E+01 6.000620000E+00 1.169400000E-04 2.266000000E-02
5.849270000E+01 6.000540000E+00 1.002300000E-04 2.120000000E-02
6.252870000E+01 6.000480000E+00 8.590900000E-05 1.983000000E-02
6.684318000E+01 6.000420000E+00 7.363500000E-05 1.855000000E-02
7.145536000E+01 6.000370000E+00 6.311500000E-05 1.735000000E-02
7.638578000E+01 6.000330000E+00 5.409800000E-05 1.623000000E-02
8.165640000E+01 6.000290000E+00 4.638100000E-05 1.518000000E-02
8.729069000E+01 6.000250000E+00 3.979100000E-05 1.420000000E-02
9.331374000E+01 6.000220000E+00 3.413600000E-05 1.329000000E-02
9.975239000E+01 6.000200000E+00 2.928500000E-05 1.243000000E-02
1.066353000E+02 6.000170000E+00 2.512400000E-05 1.163000000E-02
1.139931000E+02 6.000150000E+00 2.155400000E-05 1.088000000E-02
1.218587000E+02 6.000130000E+00 1.849100000E-05 1.017000000E-02
1.302669000E+02 6.000120000E+00 1.586300000E-05 9.518000000E-03
1.392553000E+02 6.000100000E+00 1.360900000E-05 8.903000000E-03
1.488640000E+02 6.000090000E+00 1.167500000E-05 8.329000000E-03
1.591356000E+02 6.000080000E+00 1.001600000E-05 7.791000000E-03
1.701159000E+02 6.000070000E+00 8.593100000E-06 7.288000000E-03
1.818539000E+02 6.000060000E+00 7.372000000E-06 6.818000000E-03
1.944018000E+02 6.000050000E+00 6.324500000E-06 6.378000000E-03
2.078156000E+02 6.000050000E+00 5.425800000E-06 5.966000000E-03
2.221548000E+02 6.000040000E+00 4.654900000E-06 5.581000000E-03
2.374835000E+02 6.000040000E+00 3.993400000E-06 5.221000000E-03
2.538699000E+02 6.000030000E+00 3.426000000E-06 4.884000000E-03
2.713869000E+02 6.000030000E+00 2.939200000E-06 4.569000000E-03
2.901126000E+02 6.000030000E+00 2.521600000E-06 4.274000000E-03
3.101304000E+02 6.000020000E+00 2.163300000E-06 3.998000000E-03
3.315294000E+02 6.000020000E+00 1.855900000E-06 3.740000000E-03
3.544049000E+02 6.000020000E+00 1.592200000E-06 3.498000000E-03
3.788588000E+02 6.000010000E+00 1.366000000E-06 3.273000000E-03
4.050001000E+02 6.000010000E+00 1.171900000E-06 3.061000000E-03
4.329451000E+02 6.000010000E+00 1.005400000E-06 2.864000000E-03
