# Data retrieved from physics.nist.gov 03/01/2021
# Element, Cd  (Z = 48) 
# Atomic weight, g mol-1 = 112.4100 
# Nominal density, g cm-3 =  8.6300 
# Relativistic correction estimate f_rel(5CL),  e atom-1 =  -2.9760E-01 
# Nuclear Thomson correction f_NT, e atom-1 =  -1.1244E-02 
#    E [keV]      f1 [e atom-1]      f2 [e atom-1]    Wavelength [nm] 
9.114000000E-03 -2.554820000E-01 0.000000000E+00 1.360000000E+02
9.253500000E-03 -1.315220000E+00 0.000000000E+00 1.340000000E+02
9.290700000E-03 -2.576750000E+00 0.000000000E+00 1.334000000E+02
9.346500000E-03 -1.232530000E+00 2.474600000E+00 1.327000000E+02
9.486000000E-03 -8.888660000E-02 2.340900000E+00 1.307000000E+02
1.069000000E-02 8.050890000E-01 1.552700000E+00 1.160000000E+02
1.142761000E-02 4.478870000E-01 1.457600000E+00 1.085000000E+02
1.221612000E-02 -4.651770000E-02 1.547900000E+00 1.015000000E+02
1.305903000E-02 -6.386750000E-01 1.800100000E+00 9.494000000E+01
1.396010000E-02 -1.314180000E+00 2.230100000E+00 8.881000000E+01
1.492335000E-02 -2.053400000E+00 2.876100000E+00 8.308000000E+01
1.595306000E-02 -2.817850000E+00 3.787800000E+00 7.772000000E+01
1.705382000E-02 -3.541080000E+00 5.015300000E+00 7.270000000E+01
1.823053000E-02 -4.124540000E+00 6.592900000E+00 6.801000000E+01
1.948844000E-02 -4.441430000E+00 8.520700000E+00 6.362000000E+01
2.083314000E-02 -4.351570000E+00 1.074600000E+01 5.951000000E+01
2.227063000E-02 -3.726730000E+00 1.315600000E+01 5.567000000E+01
2.380730000E-02 -2.481660000E+00 1.557800000E+01 5.208000000E+01
2.545001000E-02 -6.014920000E-01 1.780400000E+01 4.872000000E+01
2.720606000E-02 1.844180000E+00 1.962500000E+01 4.557000000E+01
2.908327000E-02 4.651480000E+00 2.087100000E+01 4.263000000E+01
3.109002000E-02 7.728640000E+00 2.143900000E+01 3.988000000E+01
3.323523000E-02 1.079880000E+01 2.131200000E+01 3.731000000E+01
3.552846000E-02 1.365980000E+01 2.055100000E+01 3.490000000E+01
3.797993000E-02 1.615660000E+01 1.927800000E+01 3.264000000E+01
4.060054000E-02 1.818770000E+01 1.763600000E+01 3.054000000E+01
4.340198000E-02 1.971080000E+01 1.579500000E+01 2.857000000E+01
4.639671000E-02 2.074530000E+01 1.390400000E+01 2.672000000E+01
4.959809000E-02 2.134570000E+01 1.207700000E+01 2.500000000E+01
5.302035000E-02 2.157800000E+01 1.039000000E+01 2.338000000E+01
5.667876000E-02 2.149570000E+01 8.882000000E+00 2.187000000E+01
6.058959000E-02 2.109740000E+01 7.568500000E+00 2.046000000E+01
6.477028000E-02 2.005120000E+01 6.446100000E+00 1.914000000E+01
6.556200000E-02 1.959400000E+01 6.261300000E+00 1.891000000E+01
6.656550000E-02 1.817760000E+01 6.038300000E+00 1.863000000E+01
6.683310000E-02 1.644710000E+01 5.980900000E+00 1.855000000E+01
6.723450000E-02 1.835300000E+01 9.313100000E+00 1.844000000E+01
6.823800000E-02 1.998700000E+01 8.861100000E+00 1.817000000E+01
6.923942000E-02 2.061440000E+01 8.441900000E+00 1.791000000E+01
7.401695000E-02 2.146060000E+01 6.805700000E+00 1.675000000E+01
7.912411000E-02 2.137770000E+01 5.617900000E+00 1.567000000E+01
8.458368000E-02 2.107680000E+01 4.765200000E+00 1.466000000E+01
9.041995000E-02 2.071470000E+01 4.131300000E+00 1.371000000E+01
9.665893000E-02 2.033490000E+01 3.650000000E+00 1.283000000E+01
1.033284000E-01 1.992890000E+01 3.280300000E+00 1.200000000E+01
1.054480000E-01 1.977770000E+01 3.185500000E+00 1.176000000E+01
1.070620000E-01 1.959920000E+01 3.119400000E+00 1.158000000E+01
1.074924000E-01 1.945880000E+01 3.102500000E+00 1.153000000E+01
1.081380000E-01 1.954840000E+01 3.313800000E+00 1.147000000E+01
1.097520000E-01 1.958030000E+01 3.260200000E+00 1.130000000E+01
1.104581000E-01 1.957130000E+01 3.238100000E+00 1.122000000E+01
1.180797000E-01 1.937300000E+01 3.042100000E+00 1.050000000E+01
1.262272000E-01 1.914920000E+01 2.898100000E+00 9.822000000E+00
1.349368000E-01 1.893300000E+01 2.793300000E+00 9.188000000E+00
1.442475000E-01 1.872620000E+01 2.719100000E+00 8.595000000E+00
1.542005000E-01 1.852530000E+01 2.668700000E+00 8.040000000E+00
1.648404000E-01 1.832490000E+01 2.636300000E+00 7.521000000E+00
1.762144000E-01 1.811690000E+01 2.622600000E+00 7.036000000E+00
1.883732000E-01 1.790420000E+01 2.653600000E+00 6.582000000E+00
2.013709000E-01 1.769510000E+01 2.691000000E+00 6.157000000E+00
2.152655000E-01 1.745690000E+01 2.732300000E+00 5.760000000E+00
2.301188000E-01 1.718550000E+01 2.775000000E+00 5.388000000E+00
2.459970000E-01 1.686310000E+01 2.816900000E+00 5.040000000E+00
2.629708000E-01 1.646550000E+01 2.856200000E+00 4.715000000E+00
2.811158000E-01 1.595820000E+01 2.890600000E+00 4.410000000E+00
3.005128000E-01 1.528670000E+01 2.917800000E+00 4.126000000E+00
3.212482000E-01 1.435900000E+01 2.936800000E+00 3.859000000E+00
3.434143000E-01 1.299640000E+01 2.946800000E+00 3.610000000E+00
3.671099000E-01 1.076130000E+01 2.947500000E+00 3.377000000E+00
3.924405000E-01 5.742650000E+00 2.938400000E+00 3.159000000E+00
3.956260000E-01 4.464240000E+00 2.936700000E+00 3.134000000E+00
4.016815000E-01 -1.527790000E-01 2.933000000E+00 3.087000000E+00
4.022900000E-01 -1.196140000E+00 2.932600000E+00 3.082000000E+00
4.032963000E-01 -4.556700000E+00 2.932000000E+00 3.074000000E+00
4.057185000E-01 -1.564610000E+00 1.068600000E+01 3.056000000E+00
4.084475000E-01 -1.124060000E+00 1.082500000E+01 3.036000000E+00
4.100895000E-01 -3.260160000E+00 1.090800000E+01 3.023000000E+00
4.117740000E-01 -9.115130000E-01 1.636200000E+01 3.011000000E+00
4.125525000E-01 6.864580000E-02 1.642800000E+01 3.005000000E+00
4.187100000E-01 3.395880000E+00 1.695400000E+01 2.961000000E+00
4.195189000E-01 3.651740000E+00 1.702400000E+01 2.955000000E+00
4.484657000E-01 8.370820000E+00 1.966300000E+01 2.765000000E+00
4.794098000E-01 1.197970000E+01 2.201300000E+01 2.586000000E+00
5.124891000E-01 1.547350000E+01 2.338700000E+01 2.419000000E+00
5.478508000E-01 1.860930000E+01 2.393600000E+01 2.263000000E+00
5.856525000E-01 2.100860000E+01 2.376800000E+01 2.117000000E+00
6.041700000E-01 2.135560000E+01 2.350100000E+01 2.052000000E+00
6.134175000E-01 2.049040000E+01 2.333800000E+01 2.021000000E+00
6.158835000E-01 1.896370000E+01 2.329200000E+01 2.013000000E+00
6.195825000E-01 2.084030000E+01 2.648000000E+01 2.001000000E+00
6.260625000E-01 2.234810000E+01 2.635100000E+01 1.980000000E+00
6.288300000E-01 2.274110000E+01 2.629400000E+01 1.972000000E+00
6.376860000E-01 2.363800000E+01 2.610500000E+01 1.944000000E+00
6.474465000E-01 2.401100000E+01 2.588800000E+01 1.915000000E+00
6.500493000E-01 2.353620000E+01 2.582800000E+01 1.907000000E+00
6.539535000E-01 2.458660000E+01 2.712800000E+01 1.896000000E+00
6.637140000E-01 2.598720000E+01 2.690500000E+01 1.868000000E+00
6.692609000E-01 2.656090000E+01 2.677600000E+01 1.853000000E+00
7.154399000E-01 3.000010000E+01 2.551400000E+01 1.733000000E+00
7.547960000E-01 3.174760000E+01 2.427900000E+01 1.643000000E+00
7.648052000E-01 3.186090000E+01 2.396900000E+01 1.621000000E+00
7.663490000E-01 3.181630000E+01 2.392200000E+01 1.618000000E+00
7.694298000E-01 3.140770000E+01 2.382700000E+01 1.611000000E+00
7.740510000E-01 3.215590000E+01 2.475100000E+01 1.602000000E+00
7.856040000E-01 3.310700000E+01 2.440000000E+01 1.578000000E+00
8.175768000E-01 3.466670000E+01 2.345700000E+01 1.516000000E+00
8.739896000E-01 3.659260000E+01 2.190500000E+01 1.419000000E+00
9.342948000E-01 3.810480000E+01 2.041100000E+01 1.327000000E+00
9.987612000E-01 3.936370000E+01 1.899800000E+01 1.241000000E+00
1.067676000E+00 4.043950000E+01 1.747100000E+01 1.161000000E+00
1.141345000E+00 4.124180000E+01 1.600500000E+01 1.086000000E+00
1.220098000E+00 4.183520000E+01 1.464100000E+01 1.016000000E+00
1.304285000E+00 4.228380000E+01 1.338200000E+01 9.506000000E-01
1.394281000E+00 4.259300000E+01 1.221600000E+01 8.892000000E-01
1.490486000E+00 4.280110000E+01 1.115200000E+01 8.318000000E-01
1.593329000E+00 4.293370000E+01 1.018200000E+01 7.781000000E-01
1.703269000E+00 4.299520000E+01 9.246200000E+00 7.279000000E-01
1.820795000E+00 4.296200000E+01 8.385100000E+00 6.809000000E-01
1.946430000E+00 4.285690000E+01 7.616700000E+00 6.370000000E-01
2.080733000E+00 4.269650000E+01 6.929700000E+00 5.959000000E-01
2.224304000E+00 4.248290000E+01 6.314800000E+00 5.574000000E-01
2.377781000E+00 4.221480000E+01 5.764100000E+00 5.214000000E-01
2.541848000E+00 4.187680000E+01 5.257000000E+00 4.878000000E-01
2.717235000E+00 4.142670000E+01 4.778100000E+00 4.563000000E-01
2.904724000E+00 4.081130000E+01 4.344100000E+00 4.268000000E-01
3.105150000E+00 3.991960000E+01 3.905500000E+00 3.993000000E-01
3.319406000E+00 3.808920000E+01 3.471800000E+00 3.735000000E-01
3.466750000E+00 3.514060000E+01 3.218300000E+00 3.576000000E-01
3.519812000E+00 3.168700000E+01 3.134500000E+00 3.522000000E-01
3.533962000E+00 2.778850000E+01 3.112800000E+00 3.508000000E-01
3.548445000E+00 3.035600000E+01 1.061900000E+01 3.494000000E-01
3.555187000E+00 3.148950000E+01 1.059200000E+01 3.487000000E-01
3.608250000E+00 3.452920000E+01 1.037800000E+01 3.436000000E-01
3.652460000E+00 3.523290000E+01 1.020500000E+01 3.395000000E-01
3.708365000E+00 3.463730000E+01 9.994200000E+00 3.343000000E-01
3.723273000E+00 3.294860000E+01 9.933800000E+00 3.330000000E-01
3.745635000E+00 3.513070000E+01 1.357500000E+01 3.310000000E-01
3.793288000E+00 3.718210000E+01 1.332400000E+01 3.269000000E-01
3.801540000E+00 3.739980000E+01 1.328100000E+01 3.261000000E-01
3.937640000E+00 3.936970000E+01 1.258800000E+01 3.149000000E-01
3.997910000E+00 3.929630000E+01 1.228400000E+01 3.101000000E-01
4.013982000E+00 3.852380000E+01 1.220400000E+01 3.089000000E-01
4.038090000E+00 3.970070000E+01 1.393600000E+01 3.070000000E-01
4.055024000E+00 4.022900000E+01 1.384800000E+01 3.058000000E-01
4.098360000E+00 4.108010000E+01 1.362600000E+01 3.025000000E-01
4.334821000E+00 4.345950000E+01 1.249300000E+01 2.860000000E-01
4.633924000E+00 4.505370000E+01 1.124800000E+01 2.676000000E-01
4.953664000E+00 4.608670000E+01 1.011000000E+01 2.503000000E-01
5.295467000E+00 4.679330000E+01 9.084400000E+00 2.341000000E-01
5.660855000E+00 4.728350000E+01 8.159100000E+00 2.190000000E-01
6.051453000E+00 4.762500000E+01 7.331700000E+00 2.049000000E-01
6.469004000E+00 4.786240000E+01 6.591300000E+00 1.917000000E-01
6.915365000E+00 4.802580000E+01 5.928100000E+00 1.793000000E-01
7.392525000E+00 4.821260000E+01 5.323400000E+00 1.677000000E-01
7.902609000E+00 4.830990000E+01 4.771500000E+00 1.569000000E-01
8.447890000E+00 4.836430000E+01 4.274400000E+00 1.468000000E-01
9.030794000E+00 4.837860000E+01 3.821600000E+00 1.373000000E-01
9.653919000E+00 4.834590000E+01 3.389200000E+00 1.284000000E-01
1.032004000E+01 4.828180000E+01 3.008500000E+00 1.201000000E-01
1.103212000E+01 4.820160000E+01 2.673100000E+00 1.124000000E-01
1.179334000E+01 4.811150000E+01 2.376900000E+00 1.051000000E-01
1.260708000E+01 4.801470000E+01 2.113800000E+00 9.834000000E-02
1.347697000E+01 4.791290000E+01 1.881300000E+00 9.200000000E-02
1.440688000E+01 4.780760000E+01 1.676100000E+00 8.606000000E-02
1.540095000E+01 4.769920000E+01 1.493400000E+00 8.050000000E-02
1.646362000E+01 4.758500000E+01 1.327100000E+00 7.531000000E-02
1.759961000E+01 4.746120000E+01 1.178200000E+00 7.045000000E-02
1.881398000E+01 4.732180000E+01 1.042700000E+00 6.590000000E-02
2.011215000E+01 4.715920000E+01 9.236300000E-01 6.165000000E-02
2.149988000E+01 4.695900000E+01 8.188900000E-01 5.767000000E-02
2.298338000E+01 4.668700000E+01 7.266700000E-01 5.395000000E-02
2.456923000E+01 4.624040000E+01 6.454200000E-01 5.046000000E-02
2.617698000E+01 4.505490000E+01 5.771300000E-01 4.736000000E-02
2.626450000E+01 4.489460000E+01 5.737500000E-01 4.721000000E-02
2.657764000E+01 4.378230000E+01 5.619300000E-01 4.665000000E-02
2.668449000E+01 4.225140000E+01 5.579900000E-01 4.646000000E-02
2.684476000E+01 4.380620000E+01 3.568800000E+00 4.619000000E-02
2.724542000E+01 4.521280000E+01 3.478000000E+00 4.551000000E-02
2.807676000E+01 4.619210000E+01 3.301300000E+00 4.416000000E-02
3.001405000E+01 4.709870000E+01 2.952400000E+00 4.131000000E-02
3.208502000E+01 4.755640000E+01 2.644700000E+00 3.864000000E-02
3.429889000E+01 4.784340000E+01 2.370700000E+00 3.615000000E-02
3.666551000E+01 4.803760000E+01 2.117300000E+00 3.381000000E-02
3.919543000E+01 4.816690000E+01 1.888400000E+00 3.163000000E-02
4.189992000E+01 4.825380000E+01 1.683100000E+00 2.959000000E-02
4.479101000E+01 4.831080000E+01 1.499300000E+00 2.768000000E-02
4.788159000E+01 4.834650000E+01 1.335100000E+00 2.589000000E-02
5.118542000E+01 4.836700000E+01 1.188600000E+00 2.422000000E-02
5.471721000E+01 4.840960000E+01 1.056400000E+00 2.266000000E-02
5.849270000E+01 4.840820000E+01 9.359500000E-01 2.120000000E-02
6.252870000E+01 4.839950000E+01 8.293100000E-01 1.983000000E-02
6.684318000E+01 4.838610000E+01 7.348800000E-01 1.855000000E-02
7.145536000E+01 4.836970000E+01 6.512600000E-01 1.735000000E-02
7.638578000E+01 4.835150000E+01 5.771900000E-01 1.623000000E-02
8.165640000E+01 4.833300000E+01 5.107600000E-01 1.518000000E-02
8.729069000E+01 4.831350000E+01 4.504500000E-01 1.420000000E-02
9.331374000E+01 4.829300000E+01 3.972900000E-01 1.329000000E-02
9.975239000E+01 4.827260000E+01 3.504300000E-01 1.243000000E-02
1.066353000E+02 4.825250000E+01 3.091100000E-01 1.163000000E-02
1.139931000E+02 4.823330000E+01 2.726800000E-01 1.088000000E-02
1.218587000E+02 4.821490000E+01 2.404000000E-01 1.017000000E-02
1.302669000E+02 4.819740000E+01 2.119000000E-01 9.518000000E-03
1.392553000E+02 4.818090000E+01 1.867900000E-01 8.903000000E-03
1.488640000E+02 4.816540000E+01 1.646600000E-01 8.329000000E-03
1.591356000E+02 4.815100000E+01 1.451700000E-01 7.791000000E-03
1.701159000E+02 4.813760000E+01 1.279800000E-01 7.288000000E-03
1.818539000E+02 4.812520000E+01 1.128400000E-01 6.818000000E-03
1.944018000E+02 4.811380000E+01 9.949500000E-02 6.378000000E-03
2.078156000E+02 4.810330000E+01 8.773100000E-02 5.966000000E-03
2.221548000E+02 4.809360000E+01 7.736100000E-02 5.581000000E-03
2.374835000E+02 4.808480000E+01 6.822000000E-02 5.221000000E-03
2.538699000E+02 4.807670000E+01 6.016200000E-02 4.884000000E-03
2.713869000E+02 4.806940000E+01 5.305700000E-02 4.569000000E-03
2.901126000E+02 4.806270000E+01 4.679400000E-02 4.274000000E-03
3.101304000E+02 4.805660000E+01 4.127100000E-02 3.998000000E-03
3.315294000E+02 4.805100000E+01 3.640200000E-02 3.740000000E-03
3.544049000E+02 4.804600000E+01 3.210800000E-02 3.498000000E-03
3.788588000E+02 4.804140000E+01 2.832100000E-02 3.273000000E-03
4.050001000E+02 4.803730000E+01 2.498200000E-02 3.061000000E-03
4.329451000E+02 4.803350000E+01 2.203800000E-02 2.864000000E-03
