# Data retrieved from physics.nist.gov 03/01/2021
# Element, Ce  (Z = 58) 
# Atomic weight, g mol-1 = 140.1200 
# Nominal density, g cm-3 =  6.6370 
# Relativistic correction estimate f_rel(5CL),  e atom-1 =  -4.7160E-01 
# Nuclear Thomson correction f_NT, e atom-1 =  -1.3170E-02 
#    E [keV]      f1 [e atom-1]      f2 [e atom-1]    Wavelength [nm] 
1.069000000E-02 1.854770000E+01 0.000000000E+00 1.160000000E+02
1.142761000E-02 1.843210000E+01 0.000000000E+00 1.085000000E+02
1.221612000E-02 1.828780000E+01 0.000000000E+00 1.015000000E+02
1.305903000E-02 1.810410000E+01 0.000000000E+00 9.494000000E+01
1.396010000E-02 1.786400000E+01 0.000000000E+00 8.881000000E+01
1.492335000E-02 1.753800000E+01 0.000000000E+00 8.308000000E+01
1.595306000E-02 1.707010000E+01 0.000000000E+00 7.772000000E+01
1.705382000E-02 1.633390000E+01 0.000000000E+00 7.270000000E+01
1.823053000E-02 1.494610000E+01 0.000000000E+00 6.801000000E+01
1.940400000E-02 1.085210000E+01 0.000000000E+00 6.390000000E+01
1.948844000E-02 1.006810000E+01 0.000000000E+00 6.362000000E+01
1.970100000E-02 6.147200000E+00 0.000000000E+00 6.293000000E+01
1.978020000E-02 3.792230000E-01 0.000000000E+00 6.268000000E+01
1.989900000E-02 6.554660000E+00 1.142400000E+01 6.231000000E+01
2.019600000E-02 1.201340000E+01 1.103700000E+01 6.139000000E+01
2.083314000E-02 1.597950000E+01 1.026900000E+01 5.951000000E+01
2.227063000E-02 1.960570000E+01 8.785100000E+00 5.567000000E+01
2.380730000E-02 2.144080000E+01 7.386300000E+00 5.208000000E+01
2.545001000E-02 2.245610000E+01 6.105600000E+00 4.872000000E+01
2.720606000E-02 2.298710000E+01 4.991700000E+00 4.557000000E+01
2.908327000E-02 2.321580000E+01 4.057100000E+00 4.263000000E+01
3.109002000E-02 2.325630000E+01 3.292100000E+00 3.988000000E+01
3.323523000E-02 2.318180000E+01 2.676700000E+00 3.731000000E+01
3.552846000E-02 2.303820000E+01 2.187100000E+00 3.490000000E+01
3.704400000E-02 2.292270000E+01 1.934100000E+00 3.347000000E+01
3.761100000E-02 2.287080000E+01 1.851100000E+00 3.296000000E+01
3.776220000E-02 2.284810000E+01 1.829900000E+00 3.283000000E+01
3.797993000E-02 2.284210000E+01 1.822300000E+00 3.264000000E+01
3.798900000E-02 2.284180000E+01 1.821100000E+00 3.264000000E+01
3.855600000E-02 2.280840000E+01 1.748500000E+00 3.216000000E+01
4.060054000E-02 2.266400000E+01 1.524700000E+00 3.054000000E+01
4.340198000E-02 2.246540000E+01 1.294100000E+00 2.857000000E+01
4.639671000E-02 2.226230000E+01 1.115700000E+00 2.672000000E+01
4.959809000E-02 2.205580000E+01 9.779500000E-01 2.500000000E+01
5.302035000E-02 2.184400000E+01 8.719000000E-01 2.338000000E+01
5.667876000E-02 2.162210000E+01 7.904200000E-01 2.187000000E+01
6.058959000E-02 2.139550000E+01 7.279200000E-01 2.046000000E+01
6.477028000E-02 2.112840000E+01 6.800600000E-01 1.914000000E+01
6.923942000E-02 2.081740000E+01 6.434700000E-01 1.791000000E+01
7.401695000E-02 2.043750000E+01 6.155200000E-01 1.675000000E+01
7.912411000E-02 1.994520000E+01 5.941800000E-01 1.567000000E+01
8.418200000E-02 1.930080000E+01 5.791400000E-01 1.473000000E+01
8.458368000E-02 1.923650000E+01 5.781500000E-01 1.466000000E+01
8.547050000E-02 1.907200000E+01 5.760600000E-01 1.451000000E+01
8.581410000E-02 1.896910000E+01 5.752800000E-01 1.445000000E+01
8.632950000E-02 1.893400000E+01 6.741500000E-01 1.436000000E+01
8.761800000E-02 1.876330000E+01 6.866400000E-01 1.415000000E+01
9.041995000E-02 1.827580000E+01 7.218500000E-01 1.371000000E+01
9.665893000E-02 1.669180000E+01 8.494700000E-01 1.283000000E+01
1.033284000E-01 1.313700000E+01 1.049500000E+00 1.200000000E+01
1.078000000E-01 5.122630000E+00 1.209200000E+00 1.150000000E+01
1.094500000E-01 -8.647210000E+00 1.271800000E+00 1.133000000E+01
1.098900000E-01 -2.798600000E+01 1.288700000E+00 1.128000000E+01
1.104581000E-01 -5.313390000E+00 4.095900000E+01 1.122000000E+01
1.105500000E-01 -2.533440000E+00 4.045000000E+01 1.122000000E+01
1.122000000E-01 1.845130000E+01 3.242200000E+01 1.105000000E+01
1.180797000E-01 3.056920000E+01 1.558000000E+01 1.050000000E+01
1.262272000E-01 2.912260000E+01 7.161600000E+00 9.822000000E+00
1.349368000E-01 2.698690000E+01 4.790400000E+00 9.188000000E+00
1.442475000E-01 2.570410000E+01 4.066200000E+00 8.595000000E+00
1.542005000E-01 2.495250000E+01 3.850500000E+00 8.040000000E+00
1.648404000E-01 2.448420000E+01 3.804400000E+00 7.521000000E+00
1.762144000E-01 2.414520000E+01 3.814600000E+00 7.036000000E+00
1.883732000E-01 2.381950000E+01 3.845000000E+00 6.582000000E+00
2.013709000E-01 2.329860000E+01 3.889700000E+00 6.157000000E+00
2.030560000E-01 2.317210000E+01 3.896500000E+00 6.106000000E+00
2.061640000E-01 2.270740000E+01 3.909900000E+00 6.014000000E+00
2.069928000E-01 2.220920000E+01 3.913600000E+00 5.990000000E+00
2.082360000E-01 2.266910000E+01 4.866400000E+00 5.954000000E+00
2.113440000E-01 2.303110000E+01 4.893000000E+00 5.866000000E+00
2.152655000E-01 2.315620000E+01 4.928100000E+00 5.760000000E+00
2.188340000E-01 2.317710000E+01 4.961600000E+00 5.666000000E+00
2.221835000E-01 2.308470000E+01 4.994400000E+00 5.580000000E+00
2.230767000E-01 2.293050000E+01 5.003400000E+00 5.558000000E+00
2.244165000E-01 2.310750000E+01 5.338800000E+00 5.525000000E+00
2.277660000E-01 2.327730000E+01 5.378400000E+00 5.443000000E+00
2.301188000E-01 2.333690000E+01 5.407000000E+00 5.388000000E+00
2.459970000E-01 2.352600000E+01 5.614700000E+00 5.040000000E+00
2.629708000E-01 2.360660000E+01 5.861200000E+00 4.715000000E+00
2.811158000E-01 2.357910000E+01 6.142700000E+00 4.410000000E+00
2.838080000E-01 2.354100000E+01 6.185300000E+00 4.369000000E+00
2.881520000E-01 2.335420000E+01 6.254100000E+00 4.303000000E+00
2.893104000E-01 2.310250000E+01 6.272400000E+00 4.286000000E+00
2.910480000E-01 2.337940000E+01 6.812000000E+00 4.260000000E+00
2.953920000E-01 2.364580000E+01 6.884300000E+00 4.197000000E+00
3.005128000E-01 2.380000000E+01 6.969000000E+00 4.126000000E+00
3.212482000E-01 2.420580000E+01 7.301800000E+00 3.859000000E+00
3.434143000E-01 2.457120000E+01 7.624000000E+00 3.610000000E+00
3.671099000E-01 2.496300000E+01 7.913800000E+00 3.377000000E+00
3.924405000E-01 2.537270000E+01 8.152100000E+00 3.159000000E+00
4.195189000E-01 2.578540000E+01 8.326200000E+00 2.955000000E+00
4.484657000E-01 2.618000000E+01 8.426800000E+00 2.765000000E+00
4.794098000E-01 2.652630000E+01 8.441000000E+00 2.586000000E+00
5.124891000E-01 2.678300000E+01 8.370900000E+00 2.419000000E+00
5.478508000E-01 2.690840000E+01 8.228100000E+00 2.263000000E+00
5.856525000E-01 2.685540000E+01 8.025900000E+00 2.117000000E+00
6.260625000E-01 2.656180000E+01 7.778500000E+00 1.980000000E+00
6.692609000E-01 2.593290000E+01 7.499000000E+00 1.853000000E+00
7.154399000E-01 2.479560000E+01 7.199000000E+00 1.733000000E+00
7.648052000E-01 2.277240000E+01 6.887500000E+00 1.621000000E+00
8.175768000E-01 1.874350000E+01 6.572600000E+00 1.516000000E+00
8.656340000E-01 8.853270000E+00 6.304300000E+00 1.432000000E+00
8.739896000E-01 4.119530000E+00 6.259500000E+00 1.419000000E+00
8.788835000E-01 -1.152580000E+00 6.233500000E+00 1.411000000E+00
8.832740000E-01 -3.457560000E+01 6.210400000E+00 1.404000000E+00
8.877165000E-01 -2.485660000E+00 2.612100000E+01 1.397000000E+00
8.967935000E-01 6.341750000E-01 2.569900000E+01 1.383000000E+00
9.003987000E-01 -4.412870000E+00 2.553400000E+01 1.377000000E+00
9.009660000E-01 -8.368300000E+00 2.550900000E+01 1.376000000E+00
9.058065000E-01 4.573270000E+00 3.849400000E+01 1.369000000E+00
9.193260000E-01 1.411980000E+01 3.754100000E+01 1.349000000E+00
9.342948000E-01 1.940310000E+01 3.652900000E+01 1.327000000E+00
9.987612000E-01 2.999440000E+01 3.266700000E+01 1.241000000E+00
1.067676000E+00 3.484250000E+01 2.944300000E+01 1.161000000E+00
1.141345000E+00 3.698030000E+01 2.666100000E+01 1.086000000E+00
1.161692000E+00 3.685910000E+01 2.598400000E+01 1.067000000E+00
1.179473000E+00 3.555870000E+01 2.541900000E+01 1.051000000E+00
1.184215000E+00 3.353100000E+01 2.527200000E+01 1.047000000E+00
1.191327000E+00 3.588290000E+01 2.927900000E+01 1.041000000E+00
1.209108000E+00 3.821000000E+01 2.861900000E+01 1.025000000E+00
1.220098000E+00 3.893320000E+01 2.822500000E+01 1.016000000E+00
1.247344000E+00 3.995170000E+01 2.730100000E+01 9.940000000E-01
1.266436000E+00 3.991200000E+01 2.674200000E+01 9.790000000E-01
1.271527000E+00 3.916260000E+01 2.659800000E+01 9.751000000E-01
1.279164000E+00 4.035860000E+01 2.820700000E+01 9.693000000E-01
1.298256000E+00 4.177220000E+01 2.762900000E+01 9.550000000E-01
1.304285000E+00 4.206510000E+01 2.745300000E+01 9.506000000E-01
1.394281000E+00 4.453140000E+01 2.522700000E+01 8.892000000E-01
1.405908000E+00 4.468480000E+01 2.498300000E+01 8.819000000E-01
1.427427000E+00 4.466190000E+01 2.454900000E+01 8.686000000E-01
1.433165000E+00 4.419220000E+01 2.443700000E+01 8.651000000E-01
1.441773000E+00 4.496480000E+01 2.543200000E+01 8.599000000E-01
1.463292000E+00 4.592300000E+01 2.502000000E+01 8.473000000E-01
1.490486000E+00 4.670320000E+01 2.452500000E+01 8.318000000E-01
1.593329000E+00 4.877210000E+01 2.257900000E+01 7.781000000E-01
1.703269000E+00 5.022710000E+01 2.069900000E+01 7.279000000E-01
1.820795000E+00 5.129840000E+01 1.893300000E+01 6.809000000E-01
1.946430000E+00 5.210130000E+01 1.730000000E+01 6.370000000E-01
2.080733000E+00 5.269290000E+01 1.579600000E+01 5.959000000E-01
2.224304000E+00 5.311850000E+01 1.440400000E+01 5.574000000E-01
2.377781000E+00 5.351730000E+01 1.314800000E+01 5.214000000E-01
2.541848000E+00 5.372560000E+01 1.198800000E+01 4.878000000E-01
2.717235000E+00 5.388250000E+01 1.093100000E+01 4.563000000E-01
2.904724000E+00 5.397260000E+01 9.978600000E+00 4.268000000E-01
3.105150000E+00 5.413160000E+01 9.039900000E+00 3.993000000E-01
3.319406000E+00 5.404120000E+01 8.134900000E+00 3.735000000E-01
3.548445000E+00 5.386520000E+01 7.328600000E+00 3.494000000E-01
3.793288000E+00 5.360710000E+01 6.571700000E+00 3.269000000E-01
4.055024000E+00 5.325390000E+01 5.897800000E+00 3.058000000E-01
4.334821000E+00 5.279520000E+01 5.300200000E+00 2.860000000E-01
4.633924000E+00 5.219060000E+01 4.771100000E+00 2.676000000E-01
4.953664000E+00 5.133820000E+01 4.302900000E+00 2.503000000E-01
5.295467000E+00 4.992450000E+01 3.877800000E+00 2.341000000E-01
5.608932000E+00 4.682970000E+01 3.537500000E+00 2.210000000E-01
5.660855000E+00 4.544260000E+01 3.485000000E+00 2.190000000E-01
5.694783000E+00 4.365970000E+01 3.451400000E+00 2.177000000E-01
5.717677000E+00 3.998800000E+01 3.429100000E+00 2.168000000E-01
5.752017000E+00 4.362010000E+01 1.053300000E+01 2.155000000E-01
5.837868000E+00 4.672110000E+01 1.020500000E+01 2.124000000E-01
6.040916000E+00 4.810150000E+01 9.500700000E+00 2.052000000E-01
6.051453000E+00 4.807720000E+01 9.469900000E+00 2.049000000E-01
6.133379000E+00 4.714550000E+01 9.238400000E+00 2.021000000E-01
6.158036000E+00 4.548900000E+01 9.171400000E+00 2.013000000E-01
6.195021000E+00 4.742350000E+01 1.255000000E+01 2.001000000E-01
6.287484000E+00 4.930800000E+01 1.222700000E+01 1.972000000E-01
6.417824000E+00 5.028410000E+01 1.179900000E+01 1.932000000E-01
6.469004000E+00 5.039550000E+01 1.163900000E+01 1.917000000E-01
6.516056000E+00 5.021080000E+01 1.149700000E+01 1.903000000E-01
6.542251000E+00 4.946450000E+01 1.142000000E+01 1.895000000E-01
6.581544000E+00 5.058060000E+01 1.308100000E+01 1.884000000E-01
6.679776000E+00 5.187330000E+01 1.279200000E+01 1.856000000E-01
6.915365000E+00 5.339920000E+01 1.214900000E+01 1.793000000E-01
7.392525000E+00 5.512610000E+01 1.099100000E+01 1.677000000E-01
7.902609000E+00 5.622100000E+01 9.907800000E+00 1.569000000E-01
8.447890000E+00 5.696540000E+01 8.917400000E+00 1.468000000E-01
9.030794000E+00 5.750290000E+01 8.009700000E+00 1.373000000E-01
9.653919000E+00 5.785410000E+01 7.150000000E+00 1.284000000E-01
1.032004000E+01 5.807880000E+01 6.388200000E+00 1.201000000E-01
1.103212000E+01 5.822060000E+01 5.712800000E+00 1.124000000E-01
1.179334000E+01 5.837740000E+01 5.103400000E+00 1.051000000E-01
1.260708000E+01 5.844900000E+01 4.548700000E+00 9.834000000E-02
1.347697000E+01 5.847810000E+01 4.045000000E+00 9.200000000E-02
1.440688000E+01 5.843720000E+01 3.592800000E+00 8.606000000E-02
1.540095000E+01 5.837270000E+01 3.193900000E+00 8.050000000E-02
1.646362000E+01 5.829340000E+01 2.841800000E+00 7.531000000E-02
1.759961000E+01 5.820440000E+01 2.530200000E+00 7.045000000E-02
1.881398000E+01 5.810870000E+01 2.254700000E+00 6.590000000E-02
2.011215000E+01 5.800870000E+01 2.011100000E+00 6.165000000E-02
2.149988000E+01 5.790550000E+01 1.795400000E+00 5.767000000E-02
2.298338000E+01 5.779950000E+01 1.604400000E+00 5.395000000E-02
2.456923000E+01 5.769040000E+01 1.435000000E+00 5.046000000E-02
2.626450000E+01 5.757650000E+01 1.281500000E+00 4.721000000E-02
2.807676000E+01 5.745260000E+01 1.134800000E+00 4.416000000E-02
3.001405000E+01 5.730380000E+01 9.992700000E-01 4.131000000E-02
3.208502000E+01 5.711940000E+01 8.795600000E-01 3.864000000E-02
3.429889000E+01 5.687440000E+01 7.746500000E-01 3.615000000E-02
3.666551000E+01 5.649580000E+01 6.828200000E-01 3.381000000E-02
3.919543000E+01 5.560780000E+01 6.023700000E-01 3.163000000E-02
3.963414000E+01 5.524510000E+01 5.899500000E-01 3.128000000E-02
4.024079000E+01 5.404110000E+01 5.734300000E-01 3.081000000E-02
4.040256000E+01 5.259800000E+01 5.691500000E-01 3.069000000E-02
4.064522000E+01 5.405710000E+01 3.404400000E+00 3.050000000E-02
4.125186000E+01 5.537640000E+01 3.326100000E+00 3.006000000E-02
4.189992000E+01 5.595230000E+01 3.245700000E+00 2.959000000E-02
4.479101000E+01 5.703070000E+01 2.914400000E+00 2.768000000E-02
4.788159000E+01 5.752390000E+01 2.611500000E+00 2.589000000E-02
5.118542000E+01 5.782100000E+01 2.338200000E+00 2.422000000E-02
5.471721000E+01 5.801690000E+01 2.089700000E+00 2.266000000E-02
5.849270000E+01 5.814680000E+01 1.865200000E+00 2.120000000E-02
6.252870000E+01 5.823360000E+01 1.664600000E+00 1.983000000E-02
6.684318000E+01 5.829110000E+01 1.485400000E+00 1.855000000E-02
7.145536000E+01 5.832790000E+01 1.325400000E+00 1.735000000E-02
7.638578000E+01 5.835030000E+01 1.182500000E+00 1.623000000E-02
8.165640000E+01 5.839410000E+01 1.053100000E+00 1.518000000E-02
8.729069000E+01 5.839440000E+01 9.325100000E-01 1.420000000E-02
9.331374000E+01 5.838640000E+01 8.257900000E-01 1.329000000E-02
9.975239000E+01 5.837320000E+01 7.313500000E-01 1.243000000E-02
1.066353000E+02 5.835670000E+01 6.477700000E-01 1.163000000E-02
1.139931000E+02 5.833810000E+01 5.737900000E-01 1.088000000E-02
1.218587000E+02 5.831850000E+01 5.083100000E-01 1.017000000E-02
1.302669000E+02 5.829830000E+01 4.503300000E-01 9.518000000E-03
1.392553000E+02 5.827820000E+01 3.990000000E-01 8.903000000E-03
1.488640000E+02 5.825830000E+01 3.535400000E-01 8.329000000E-03
1.591356000E+02 5.823910000E+01 3.132900000E-01 7.791000000E-03
1.701159000E+02 5.822060000E+01 2.776400000E-01 7.288000000E-03
1.818539000E+02 5.820290000E+01 2.462900000E-01 6.818000000E-03
1.944018000E+02 5.818640000E+01 2.186700000E-01 6.378000000E-03
2.078156000E+02 5.817100000E+01 1.941500000E-01 5.966000000E-03
2.221548000E+02 5.815660000E+01 1.724000000E-01 5.581000000E-03
2.374835000E+02 5.814320000E+01 1.530900000E-01 5.221000000E-03
2.538699000E+02 5.813080000E+01 1.359500000E-01 4.884000000E-03
2.713869000E+02 5.811930000E+01 1.207400000E-01 4.569000000E-03
2.901126000E+02 5.810870000E+01 1.072300000E-01 4.274000000E-03
3.101304000E+02 5.809890000E+01 9.524500000E-02 3.998000000E-03
3.315294000E+02 5.808990000E+01 8.460100000E-02 3.740000000E-03
3.544049000E+02 5.808170000E+01 7.515100000E-02 3.498000000E-03
3.788588000E+02 5.807420000E+01 6.675900000E-02 3.273000000E-03
4.050001000E+02 5.806730000E+01 5.930800000E-02 3.061000000E-03
4.329451000E+02 5.806090000E+01 5.269000000E-02 2.864000000E-03
