# Data retrieved from physics.nist.gov 03/01/2021
# Element, Cl  (Z = 17) 
# Atomic weight, g mol-1 = 35.45300 
# Nominal density, g cm-3 =  1.5600 
# Relativistic correction estimate f_rel(5CL),  e atom-1 =  -2.4600E-02 
# Nuclear Thomson correction f_NT, e atom-1 =  -4.4718E-03 
#    E [keV]      f1 [e atom-1]      f2 [e atom-1]    Wavelength [nm] 
6.664000000E-03 -6.487540000E+00 0.000000000E+00 1.861000000E+02
6.766000000E-03 -8.710360000E+00 0.000000000E+00 1.832000000E+02
6.793200000E-03 -1.096790000E+01 0.000000000E+00 1.825000000E+02
6.834000000E-03 -9.157940000E+00 4.215300000E+00 1.814000000E+02
6.936000000E-03 -7.812690000E+00 4.647600000E+00 1.788000000E+02
1.069000000E-02 8.135220000E+00 1.063200000E+01 1.160000000E+02
1.142761000E-02 9.374730000E+00 8.575100000E+00 1.085000000E+02
1.221612000E-02 9.876590000E+00 6.657200000E+00 1.015000000E+02
1.305903000E-02 9.882860000E+00 5.045600000E+00 9.494000000E+01
1.396010000E-02 9.604910000E+00 3.777800000E+00 8.881000000E+01
1.492335000E-02 9.194030000E+00 2.822000000E+00 8.308000000E+01
1.595306000E-02 8.744300000E+00 2.120100000E+00 7.772000000E+01
1.705382000E-02 8.306700000E+00 1.612100000E+00 7.270000000E+01
1.715000000E-02 8.271190000E+00 1.576400000E+00 7.229000000E+01
1.741250000E-02 8.176190000E+00 1.484900000E+00 7.120000000E+01
1.748250000E-02 8.150720000E+00 1.461900000E+00 7.092000000E+01
1.758750000E-02 8.115180000E+00 1.430200000E+00 7.050000000E+01
1.785000000E-02 8.027470000E+00 1.351700000E+00 6.946000000E+01
1.823053000E-02 7.905720000E+00 1.249700000E+00 6.801000000E+01
1.948844000E-02 7.549780000E+00 9.907200000E-01 6.362000000E+01
2.083314000E-02 7.240390000E+00 8.082600000E-01 5.951000000E+01
2.227063000E-02 6.970020000E+00 6.821300000E-01 5.567000000E+01
2.380730000E-02 6.736430000E+00 5.983300000E-01 5.208000000E+01
2.545001000E-02 6.535470000E+00 5.468500000E-01 4.872000000E+01
2.720606000E-02 6.363420000E+00 5.201800000E-01 4.557000000E+01
2.908327000E-02 6.217100000E+00 5.130700000E-01 4.263000000E+01
3.109002000E-02 6.094170000E+00 5.209400000E-01 3.988000000E+01
3.323523000E-02 5.992050000E+00 5.395200000E-01 3.731000000E+01
3.552846000E-02 5.907980000E+00 5.654500000E-01 3.490000000E+01
3.797993000E-02 5.839170000E+00 5.962100000E-01 3.264000000E+01
4.060054000E-02 5.782940000E+00 6.300200000E-01 3.054000000E+01
4.340198000E-02 5.736800000E+00 6.656800000E-01 2.857000000E+01
4.639671000E-02 5.698560000E+00 7.024900000E-01 2.672000000E+01
4.959809000E-02 5.666270000E+00 7.400800000E-01 2.500000000E+01
5.302035000E-02 5.640120000E+00 7.782800000E-01 2.338000000E+01
5.667876000E-02 5.615030000E+00 8.170300000E-01 2.187000000E+01
6.058959000E-02 5.591560000E+00 8.562500000E-01 2.046000000E+01
6.477028000E-02 5.568500000E+00 8.958000000E-01 1.914000000E+01
6.923942000E-02 5.544620000E+00 9.354400000E-01 1.791000000E+01
7.401695000E-02 5.518480000E+00 9.747000000E-01 1.675000000E+01
7.912411000E-02 5.488250000E+00 1.013000000E+00 1.567000000E+01
8.458368000E-02 5.451620000E+00 1.049800000E+00 1.466000000E+01
9.041995000E-02 5.405680000E+00 1.084400000E+00 1.371000000E+01
9.665893000E-02 5.346670000E+00 1.116300000E+00 1.283000000E+01
1.033284000E-01 5.269680000E+00 1.144700000E+00 1.200000000E+01
1.104581000E-01 5.168200000E+00 1.169000000E+00 1.122000000E+01
1.180797000E-01 5.033470000E+00 1.188900000E+00 1.050000000E+01
1.262272000E-01 4.853350000E+00 1.204000000E+00 9.822000000E+00
1.349368000E-01 4.605080000E+00 1.188500000E+00 9.188000000E+00
1.442475000E-01 4.247370000E+00 1.161500000E+00 8.595000000E+00
1.542005000E-01 3.727410000E+00 1.128600000E+00 8.040000000E+00
1.648404000E-01 2.942560000E+00 1.090600000E+00 7.521000000E+00
1.762144000E-01 1.652310000E+00 1.048400000E+00 7.036000000E+00
1.883732000E-01 -9.634840000E-01 1.002700000E+00 6.582000000E+00
1.960000000E-01 -5.115960000E+00 9.743600000E-01 6.326000000E+00
1.975680000E-01 -7.044640000E+00 9.685800000E-01 6.276000000E+00
1.990000000E-01 -1.035360000E+01 9.633100000E-01 6.230000000E+00
1.998000000E-01 -1.583750000E+01 9.603800000E-01 6.205000000E+00
2.005920000E-01 -1.324920000E+01 1.070100000E+01 6.181000000E+00
2.010000000E-01 -1.237130000E+01 1.068000000E+01 6.168000000E+00
2.013709000E-01 -1.283110000E+01 1.066000000E+01 6.157000000E+00
2.013984000E-01 -1.296300000E+01 1.065900000E+01 6.156000000E+00
2.026080000E-01 -8.422250000E+00 1.540700000E+01 6.119000000E+00
2.040000000E-01 -5.644080000E+00 1.530200000E+01 6.078000000E+00
2.056320000E-01 -3.668810000E+00 1.518200000E+01 6.029000000E+00
2.152655000E-01 1.765250000E+00 1.450700000E+01 5.760000000E+00
2.301188000E-01 5.366990000E+00 1.357000000E+01 5.388000000E+00
2.459970000E-01 7.468940000E+00 1.267300000E+01 5.040000000E+00
2.629708000E-01 8.635680000E+00 1.180700000E+01 4.715000000E+00
2.647960000E-01 8.663220000E+00 1.171900000E+01 4.682000000E+00
2.688490000E-01 8.401000000E+00 1.152600000E+01 4.612000000E+00
2.699298000E-01 7.814910000E+00 1.147600000E+01 4.593000000E+00
2.715510000E-01 8.594540000E+00 1.269900000E+01 4.566000000E+00
2.756040000E-01 9.443360000E+00 1.251800000E+01 4.499000000E+00
2.811158000E-01 1.008330000E+01 1.227800000E+01 4.410000000E+00
3.005128000E-01 1.153680000E+01 1.149000000E+01 4.126000000E+00
3.212482000E-01 1.260190000E+01 1.072300000E+01 3.859000000E+00
3.434143000E-01 1.345200000E+01 9.976200000E+00 3.610000000E+00
3.671099000E-01 1.414420000E+01 9.252200000E+00 3.377000000E+00
3.924405000E-01 1.471070000E+01 8.555100000E+00 3.159000000E+00
4.195189000E-01 1.517320000E+01 7.887700000E+00 2.955000000E+00
4.484657000E-01 1.554810000E+01 7.252400000E+00 2.765000000E+00
4.794098000E-01 1.584860000E+01 6.651000000E+00 2.586000000E+00
5.124891000E-01 1.608580000E+01 6.084700000E+00 2.419000000E+00
5.478508000E-01 1.626910000E+01 5.554100000E+00 2.263000000E+00
5.856525000E-01 1.640660000E+01 5.059400000E+00 2.117000000E+00
6.260625000E-01 1.650340000E+01 4.599900000E+00 1.980000000E+00
6.692609000E-01 1.656990000E+01 4.175000000E+00 1.853000000E+00
7.154399000E-01 1.660940000E+01 3.783300000E+00 1.733000000E+00
7.648052000E-01 1.662680000E+01 3.423500000E+00 1.621000000E+00
8.175768000E-01 1.662720000E+01 3.093800000E+00 1.516000000E+00
8.739896000E-01 1.661180000E+01 2.792100000E+00 1.419000000E+00
9.342948000E-01 1.658430000E+01 2.517300000E+00 1.327000000E+00
9.987612000E-01 1.654820000E+01 2.268300000E+00 1.241000000E+00
1.067676000E+00 1.652800000E+01 2.021000000E+00 1.161000000E+00
1.141345000E+00 1.646670000E+01 1.794800000E+00 1.086000000E+00
1.220098000E+00 1.639230000E+01 1.594000000E+00 1.016000000E+00
1.304285000E+00 1.631030000E+01 1.417100000E+00 9.506000000E-01
1.394281000E+00 1.622300000E+01 1.261100000E+00 8.892000000E-01
1.490486000E+00 1.613070000E+01 1.123500000E+00 8.318000000E-01
1.593329000E+00 1.603300000E+01 1.001900000E+00 7.781000000E-01
1.703269000E+00 1.592830000E+01 8.943200000E-01 7.279000000E-01
1.820795000E+00 1.581340000E+01 7.991700000E-01 6.809000000E-01
1.946430000E+00 1.568350000E+01 7.148800000E-01 6.370000000E-01
2.080733000E+00 1.552990000E+01 6.401400000E-01 5.959000000E-01
2.224304000E+00 1.533690000E+01 5.738200000E-01 5.574000000E-01
2.377781000E+00 1.507200000E+01 5.148900000E-01 5.214000000E-01
2.541848000E+00 1.464900000E+01 4.625000000E-01 4.878000000E-01
2.717235000E+00 1.367710000E+01 4.158500000E-01 4.563000000E-01
2.765952000E+00 1.301650000E+01 4.043200000E-01 4.483000000E-01
2.808288000E+00 1.146680000E+01 3.947300000E-01 4.415000000E-01
2.819578000E+00 9.602840000E+00 3.922400000E-01 4.397000000E-01
2.836512000E+00 1.148820000E+01 4.062500000E+00 4.371000000E-01
2.878848000E+00 1.320000000E+01 3.978500000E+00 4.307000000E-01
2.904724000E+00 1.368160000E+01 3.928500000E+00 4.268000000E-01
3.105150000E+00 1.530690000E+01 3.541000000E+00 3.993000000E-01
3.319406000E+00 1.601280000E+01 3.179500000E+00 3.735000000E-01
3.548445000E+00 1.644300000E+01 2.862200000E+00 3.494000000E-01
3.793288000E+00 1.674300000E+01 2.569900000E+00 3.269000000E-01
4.055024000E+00 1.694720000E+01 2.298400000E+00 3.058000000E-01
4.334821000E+00 1.708950000E+01 2.055800000E+00 2.860000000E-01
4.633924000E+00 1.718980000E+01 1.839000000E+00 2.676000000E-01
4.953664000E+00 1.726030000E+01 1.645300000E+00 2.503000000E-01
5.295467000E+00 1.730950000E+01 1.471400000E+00 2.341000000E-01
5.660855000E+00 1.738680000E+01 1.315300000E+00 2.190000000E-01
6.051453000E+00 1.740570000E+01 1.166400000E+00 2.049000000E-01
6.469004000E+00 1.741100000E+01 1.034500000E+00 1.917000000E-01
6.915365000E+00 1.740760000E+01 9.174800000E-01 1.793000000E-01
7.392525000E+00 1.739840000E+01 8.137700000E-01 1.677000000E-01
7.902609000E+00 1.738540000E+01 7.218300000E-01 1.569000000E-01
8.447890000E+00 1.737020000E+01 6.402600000E-01 1.468000000E-01
9.030794000E+00 1.735410000E+01 5.670800000E-01 1.373000000E-01
9.653919000E+00 1.733620000E+01 4.995800000E-01 1.284000000E-01
1.032004000E+01 1.731660000E+01 4.401400000E-01 1.201000000E-01
1.103212000E+01 1.729660000E+01 3.877900000E-01 1.124000000E-01
1.179334000E+01 1.727690000E+01 3.416900000E-01 1.051000000E-01
1.260708000E+01 1.725790000E+01 3.001900000E-01 9.834000000E-02
1.347697000E+01 1.723890000E+01 2.628000000E-01 9.200000000E-02
1.440688000E+01 1.722020000E+01 2.300800000E-01 8.606000000E-02
1.540095000E+01 1.720230000E+01 2.014400000E-01 8.050000000E-02
1.646362000E+01 1.718530000E+01 1.763700000E-01 7.531000000E-02
1.759961000E+01 1.716940000E+01 1.544300000E-01 7.045000000E-02
1.881398000E+01 1.715450000E+01 1.352200000E-01 6.590000000E-02
2.011215000E+01 1.714070000E+01 1.184000000E-01 6.165000000E-02
2.149988000E+01 1.712790000E+01 1.036800000E-01 5.767000000E-02
2.298338000E+01 1.711610000E+01 9.079000000E-02 5.395000000E-02
2.456923000E+01 1.710540000E+01 7.950400000E-02 5.046000000E-02
2.626450000E+01 1.709550000E+01 6.962300000E-02 4.721000000E-02
2.807676000E+01 1.708670000E+01 6.059800000E-02 4.416000000E-02
3.001405000E+01 1.707850000E+01 5.263800000E-02 4.131000000E-02
3.208502000E+01 1.707090000E+01 4.572400000E-02 3.864000000E-02
3.429889000E+01 1.706390000E+01 3.971900000E-02 3.615000000E-02
3.666551000E+01 1.705750000E+01 3.450300000E-02 3.381000000E-02
3.919543000E+01 1.705170000E+01 2.997200000E-02 3.163000000E-02
4.189992000E+01 1.704640000E+01 2.603700000E-02 2.959000000E-02
4.479101000E+01 1.704160000E+01 2.261900000E-02 2.768000000E-02
4.788159000E+01 1.703730000E+01 1.965000000E-02 2.589000000E-02
5.118542000E+01 1.703340000E+01 1.707000000E-02 2.422000000E-02
5.471721000E+01 1.702990000E+01 1.483000000E-02 2.266000000E-02
5.849270000E+01 1.702670000E+01 1.288300000E-02 2.120000000E-02
6.252870000E+01 1.702390000E+01 1.116900000E-02 1.983000000E-02
6.684318000E+01 1.702140000E+01 9.666900000E-03 1.855000000E-02
7.145536000E+01 1.701910000E+01 8.367200000E-03 1.735000000E-02
7.638578000E+01 1.701700000E+01 7.242400000E-03 1.623000000E-02
8.165640000E+01 1.701510000E+01 6.268100000E-03 1.518000000E-02
8.729069000E+01 1.701350000E+01 5.423700000E-03 1.420000000E-02
9.331374000E+01 1.701200000E+01 4.693100000E-03 1.329000000E-02
9.975239000E+01 1.701070000E+01 4.060900000E-03 1.243000000E-02
1.066353000E+02 1.700950000E+01 3.513900000E-03 1.163000000E-02
1.139931000E+02 1.700840000E+01 3.040600000E-03 1.088000000E-02
1.218587000E+02 1.700750000E+01 2.631100000E-03 1.017000000E-02
1.302669000E+02 1.700670000E+01 2.276700000E-03 9.518000000E-03
1.392553000E+02 1.700590000E+01 1.970100000E-03 8.903000000E-03
1.488640000E+02 1.700520000E+01 1.704800000E-03 8.329000000E-03
1.591356000E+02 1.700470000E+01 1.475200000E-03 7.791000000E-03
1.701159000E+02 1.700410000E+01 1.276500000E-03 7.288000000E-03
1.818539000E+02 1.700370000E+01 1.104600000E-03 6.818000000E-03
1.944018000E+02 1.700320000E+01 9.558500000E-04 6.378000000E-03
2.078156000E+02 1.700290000E+01 8.271400000E-04 5.966000000E-03
2.221548000E+02 1.700250000E+01 7.157600000E-04 5.581000000E-03
2.374835000E+02 1.700220000E+01 6.193800000E-04 5.221000000E-03
2.538699000E+02 1.700200000E+01 5.359800000E-04 4.884000000E-03
2.713869000E+02 1.700180000E+01 4.638100000E-04 4.569000000E-03
2.901126000E+02 1.700160000E+01 4.013600000E-04 4.274000000E-03
3.101304000E+02 1.700140000E+01 3.473200000E-04 3.998000000E-03
3.315294000E+02 1.700120000E+01 3.005600000E-04 3.740000000E-03
3.544049000E+02 1.700110000E+01 2.600900000E-04 3.498000000E-03
3.788588000E+02 1.700100000E+01 2.250800000E-04 3.273000000E-03
4.050001000E+02 1.700080000E+01 1.947700000E-04 3.061000000E-03
4.329451000E+02 1.700070000E+01 1.685500000E-04 2.864000000E-03
