# Data retrieved from physics.nist.gov 03/01/2021
# Element, Co  (Z = 27) 
# Atomic weight, g mol-1 = 58.93320 
# Nominal density, g cm-3 =  8.9000 
# Relativistic correction estimate f_rel(5CL),  e atom-1 =  -7.3800E-02 
# Nuclear Thomson correction f_NT, e atom-1 =  -6.7859E-03 
#    E [keV]      f1 [e atom-1]      f2 [e atom-1]    Wavelength [nm] 
1.069000000E-02 4.076510000E+00 1.556200000E+00 1.160000000E+02
1.142761000E-02 4.079310000E+00 1.678100000E+00 1.085000000E+02
1.221612000E-02 4.086440000E+00 1.811500000E+00 1.015000000E+02
1.305903000E-02 4.099030000E+00 1.956200000E+00 9.494000000E+01
1.396010000E-02 4.118060000E+00 2.112400000E+00 8.881000000E+01
1.492335000E-02 4.144620000E+00 2.280200000E+00 8.308000000E+01
1.595306000E-02 4.179920000E+00 2.459700000E+00 7.772000000E+01
1.705382000E-02 4.225180000E+00 2.650900000E+00 7.270000000E+01
1.823053000E-02 4.281680000E+00 2.853600000E+00 6.801000000E+01
1.948844000E-02 4.350670000E+00 3.067500000E+00 6.362000000E+01
2.083314000E-02 4.433440000E+00 3.292200000E+00 5.951000000E+01
2.227063000E-02 4.531240000E+00 3.527400000E+00 5.567000000E+01
2.380730000E-02 4.645330000E+00 3.772300000E+00 5.208000000E+01
2.545001000E-02 4.776940000E+00 4.026600000E+00 4.872000000E+01
2.720606000E-02 4.927340000E+00 4.289400000E+00 4.557000000E+01
2.908327000E-02 5.097790000E+00 4.560300000E+00 4.263000000E+01
3.109002000E-02 5.289660000E+00 4.838500000E+00 3.988000000E+01
3.323523000E-02 5.504450000E+00 5.123600000E+00 3.731000000E+01
3.552846000E-02 5.743880000E+00 5.415100000E+00 3.490000000E+01
3.797993000E-02 6.010020000E+00 5.712700000E+00 3.264000000E+01
4.060054000E-02 6.305380000E+00 6.016200000E+00 3.054000000E+01
4.340198000E-02 6.674590000E+00 6.304400000E+00 2.857000000E+01
4.639671000E-02 7.063120000E+00 6.573300000E+00 2.672000000E+01
4.959809000E-02 7.461410000E+00 6.834700000E+00 2.500000000E+01
5.302035000E-02 7.859640000E+00 7.087300000E+00 2.338000000E+01
5.667876000E-02 8.124590000E+00 7.136500000E+00 2.187000000E+01
5.831000000E-02 7.952380000E+00 7.094400000E+00 2.126000000E+01
5.920250000E-02 7.324910000E+00 7.069600000E+00 2.094000000E+01
5.944050000E-02 6.416480000E+00 7.062700000E+00 2.086000000E+01
5.979750000E-02 7.503440000E+00 8.924100000E+00 2.073000000E+01
6.058959000E-02 8.465110000E+00 8.806900000E+00 2.046000000E+01
6.069000000E-02 8.537830000E+00 8.792400000E+00 2.043000000E+01
6.477028000E-02 9.993610000E+00 8.261900000E+00 1.914000000E+01
6.923942000E-02 1.070000000E+01 7.817600000E+00 1.791000000E+01
7.401695000E-02 1.119710000E+01 7.480100000E+00 1.675000000E+01
7.912411000E-02 1.160180000E+01 7.197100000E+00 1.567000000E+01
8.458368000E-02 1.194260000E+01 6.943900000E+00 1.466000000E+01
9.041995000E-02 1.222070000E+01 6.709900000E+00 1.371000000E+01
9.665893000E-02 1.239490000E+01 6.490700000E+00 1.283000000E+01
9.868600000E-02 1.238490000E+01 6.425300000E+00 1.256000000E+01
1.001965000E-01 1.225280000E+01 6.378400000E+00 1.237000000E+01
1.005993000E-01 1.204490000E+01 6.366100000E+00 1.232000000E+01
1.012035000E-01 1.228880000E+01 6.784400000E+00 1.225000000E+01
1.027140000E-01 1.253660000E+01 6.746200000E+00 1.207000000E+01
1.033284000E-01 1.259620000E+01 6.731100000E+00 1.200000000E+01
1.104581000E-01 1.303060000E+01 6.570800000E+00 1.122000000E+01
1.180797000E-01 1.335670000E+01 6.425200000E+00 1.050000000E+01
1.262272000E-01 1.364880000E+01 6.291800000E+00 9.822000000E+00
1.349368000E-01 1.392310000E+01 6.169900000E+00 9.188000000E+00
1.442475000E-01 1.418760000E+01 6.057900000E+00 8.595000000E+00
1.542005000E-01 1.444720000E+01 5.953500000E+00 8.040000000E+00
1.648404000E-01 1.470510000E+01 5.853600000E+00 7.521000000E+00
1.762144000E-01 1.496320000E+01 5.754700000E+00 7.036000000E+00
1.883732000E-01 1.522770000E+01 5.653100000E+00 6.582000000E+00
2.013709000E-01 1.548600000E+01 5.545500000E+00 6.157000000E+00
2.152655000E-01 1.574210000E+01 5.428800000E+00 5.760000000E+00
2.301188000E-01 1.599340000E+01 5.300900000E+00 5.388000000E+00
2.459970000E-01 1.623720000E+01 5.159700000E+00 5.040000000E+00
2.629708000E-01 1.646860000E+01 5.001600000E+00 4.715000000E+00
2.811158000E-01 1.668100000E+01 4.827100000E+00 4.410000000E+00
3.005128000E-01 1.686910000E+01 4.638600000E+00 4.126000000E+00
3.212482000E-01 1.702770000E+01 4.438800000E+00 3.859000000E+00
3.434143000E-01 1.715360000E+01 4.230700000E+00 3.610000000E+00
3.671099000E-01 1.724250000E+01 4.017500000E+00 3.377000000E+00
3.924405000E-01 1.729000000E+01 3.802200000E+00 3.159000000E+00
4.195189000E-01 1.729110000E+01 3.587300000E+00 2.955000000E+00
4.484657000E-01 1.723940000E+01 3.375200000E+00 2.765000000E+00
4.794098000E-01 1.712510000E+01 3.167800000E+00 2.586000000E+00
5.124891000E-01 1.693410000E+01 2.966700000E+00 2.419000000E+00
5.478508000E-01 1.664330000E+01 2.773300000E+00 2.263000000E+00
5.856525000E-01 1.621380000E+01 2.588400000E+00 2.117000000E+00
6.260625000E-01 1.557170000E+01 2.412500000E+00 1.980000000E+00
6.692609000E-01 1.455710000E+01 2.246100000E+00 1.853000000E+00
7.154399000E-01 1.271390000E+01 2.089300000E+00 1.733000000E+00
7.630280000E-01 7.658250000E+00 1.946900000E+00 1.625000000E+00
7.648052000E-01 7.221640000E+00 1.941900000E+00 1.621000000E+00
7.747070000E-01 2.812360000E+00 1.914600000E+00 1.600000000E+00
7.777280000E-01 -2.109620000E+00 1.906400000E+00 1.594000000E+00
7.778214000E-01 -2.475150000E+00 1.906100000E+00 1.594000000E+00
7.824930000E-01 2.288990000E+00 1.180900000E+01 1.584000000E+00
7.896320000E-01 4.202400000E+00 1.164400000E+01 1.570000000E+00
7.928064000E-01 2.569160000E+00 1.157200000E+01 1.564000000E+00
7.941720000E-01 2.393550000E+00 1.648200000E+01 1.561000000E+00
7.975680000E-01 6.164760000E+00 1.637200000E+01 1.555000000E+00
8.094720000E-01 1.012980000E+01 1.599500000E+01 1.532000000E+00
8.175768000E-01 1.163310000E+01 1.574700000E+01 1.516000000E+00
8.739896000E-01 1.657570000E+01 1.418500000E+01 1.419000000E+00
9.070880000E-01 1.764370000E+01 1.340100000E+01 1.367000000E+00
9.209720000E-01 1.742220000E+01 1.309700000E+01 1.346000000E+00
9.246744000E-01 1.666630000E+01 1.301800000E+01 1.341000000E+00
9.302280000E-01 1.775290000E+01 1.464100000E+01 1.333000000E+00
9.342948000E-01 1.823970000E+01 1.455600000E+01 1.327000000E+00
9.441120000E-01 1.897340000E+01 1.435700000E+01 1.313000000E+00
9.987612000E-01 2.115350000E+01 1.334000000E+01 1.241000000E+00
1.067676000E+00 2.278460000E+01 1.218200000E+01 1.161000000E+00
1.141345000E+00 2.393820000E+01 1.110900000E+01 1.086000000E+00
1.220098000E+00 2.480050000E+01 1.011600000E+01 1.016000000E+00
1.304285000E+00 2.547320000E+01 9.207800000E+00 9.506000000E-01
1.394281000E+00 2.599770000E+01 8.315100000E+00 8.892000000E-01
1.490486000E+00 2.636280000E+01 7.489200000E+00 8.318000000E-01
1.593329000E+00 2.662270000E+01 6.741500000E+00 7.781000000E-01
1.703269000E+00 2.679810000E+01 6.060200000E+00 7.279000000E-01
1.820795000E+00 2.690980000E+01 5.448000000E+00 6.809000000E-01
1.946430000E+00 2.697440000E+01 4.897800000E+00 6.370000000E-01
2.080733000E+00 2.700310000E+01 4.403300000E+00 5.959000000E-01
2.224304000E+00 2.700490000E+01 3.960300000E+00 5.574000000E-01
2.377781000E+00 2.698980000E+01 3.563500000E+00 5.214000000E-01
2.541848000E+00 2.696020000E+01 3.208200000E+00 4.878000000E-01
2.717235000E+00 2.692030000E+01 2.890100000E+00 4.563000000E-01
2.904724000E+00 2.687710000E+01 2.605400000E+00 4.268000000E-01
3.105150000E+00 2.683760000E+01 2.336200000E+00 3.993000000E-01
3.319406000E+00 2.677460000E+01 2.071400000E+00 3.735000000E-01
3.548445000E+00 2.669540000E+01 1.837000000E+00 3.494000000E-01
3.793288000E+00 2.660780000E+01 1.628300000E+00 3.269000000E-01
4.055024000E+00 2.651070000E+01 1.440300000E+00 3.058000000E-01
4.334821000E+00 2.640540000E+01 1.275100000E+00 2.860000000E-01
4.633924000E+00 2.629220000E+01 1.130000000E+00 2.676000000E-01
4.953664000E+00 2.616970000E+01 1.002300000E+00 2.503000000E-01
5.295467000E+00 2.603380000E+01 8.899600000E-01 2.341000000E-01
5.660855000E+00 2.587740000E+01 7.909300000E-01 2.190000000E-01
6.051453000E+00 2.568690000E+01 7.036000000E-01 2.049000000E-01
6.469004000E+00 2.543370000E+01 6.265100000E-01 1.917000000E-01
6.915365000E+00 2.504400000E+01 5.583900000E-01 1.793000000E-01
7.392525000E+00 2.419830000E+01 4.981600000E-01 1.677000000E-01
7.554722000E+00 2.349220000E+01 4.801000000E-01 1.641000000E-01
7.670355000E+00 2.205150000E+01 4.678700000E-01 1.616000000E-01
7.701191000E+00 2.031180000E+01 4.647000000E-01 1.610000000E-01
7.747444000E+00 2.208990000E+01 3.891300000E+00 1.600000000E-01
7.863078000E+00 2.369800000E+01 3.779200000E+00 1.577000000E-01
7.902609000E+00 2.396810000E+01 3.742000000E+00 1.569000000E-01
8.447890000E+00 2.552470000E+01 3.336400000E+00 1.468000000E-01
9.030794000E+00 2.618890000E+01 3.014700000E+00 1.373000000E-01
9.653919000E+00 2.659560000E+01 2.702800000E+00 1.284000000E-01
1.032004000E+01 2.686410000E+01 2.414900000E+00 1.201000000E-01
1.103212000E+01 2.704360000E+01 2.154100000E+00 1.124000000E-01
1.179334000E+01 2.716630000E+01 1.921600000E+00 1.051000000E-01
1.260708000E+01 2.725030000E+01 1.714500000E+00 9.834000000E-02
1.347697000E+01 2.730720000E+01 1.529800000E+00 9.200000000E-02
1.440688000E+01 2.734490000E+01 1.365200000E+00 8.606000000E-02
1.540095000E+01 2.736950000E+01 1.218200000E+00 8.050000000E-02
1.646362000E+01 2.741940000E+01 1.078300000E+00 7.531000000E-02
1.759961000E+01 2.741880000E+01 9.543800000E-01 7.045000000E-02
1.881398000E+01 2.741050000E+01 8.442600000E-01 6.590000000E-02
2.011215000E+01 2.739730000E+01 7.469000000E-01 6.165000000E-02
2.149988000E+01 2.738080000E+01 6.608100000E-01 5.767000000E-02
2.298338000E+01 2.736230000E+01 5.846900000E-01 5.395000000E-02
2.456923000E+01 2.734300000E+01 5.173700000E-01 5.046000000E-02
2.626450000E+01 2.732410000E+01 4.578300000E-01 4.721000000E-02
2.807676000E+01 2.730530000E+01 4.032600000E-01 4.416000000E-02
3.001405000E+01 2.728530000E+01 3.546600000E-01 4.131000000E-02
3.208502000E+01 2.726540000E+01 3.119400000E-01 3.864000000E-02
3.429889000E+01 2.724630000E+01 2.737700000E-01 3.615000000E-02
3.666551000E+01 2.722740000E+01 2.394800000E-01 3.381000000E-02
3.919543000E+01 2.720910000E+01 2.095000000E-01 3.163000000E-02
4.189992000E+01 2.719160000E+01 1.832700000E-01 2.959000000E-02
4.479101000E+01 2.717510000E+01 1.603400000E-01 2.768000000E-02
4.788159000E+01 2.715970000E+01 1.402700000E-01 2.589000000E-02
5.118542000E+01 2.714530000E+01 1.227100000E-01 2.422000000E-02
5.471721000E+01 2.713200000E+01 1.073500000E-01 2.266000000E-02
5.849270000E+01 2.711980000E+01 9.392000000E-02 2.120000000E-02
6.252870000E+01 2.710860000E+01 8.217100000E-02 1.983000000E-02
6.684318000E+01 2.709830000E+01 7.189400000E-02 1.855000000E-02
7.145536000E+01 2.708890000E+01 6.290400000E-02 1.735000000E-02
7.638578000E+01 2.708030000E+01 5.504000000E-02 1.623000000E-02
8.165640000E+01 2.707250000E+01 4.807900000E-02 1.518000000E-02
8.729069000E+01 2.706550000E+01 4.184200000E-02 1.420000000E-02
9.331374000E+01 2.705900000E+01 3.641400000E-02 1.329000000E-02
9.975239000E+01 2.705300000E+01 3.169100000E-02 1.243000000E-02
1.066353000E+02 2.704760000E+01 2.758100000E-02 1.163000000E-02
1.139931000E+02 2.704270000E+01 2.400500000E-02 1.088000000E-02
1.218587000E+02 2.703830000E+01 2.089200000E-02 1.017000000E-02
1.302669000E+02 2.703430000E+01 1.818400000E-02 9.518000000E-03
1.392553000E+02 2.703070000E+01 1.582600000E-02 8.903000000E-03
1.488640000E+02 2.702750000E+01 1.377500000E-02 8.329000000E-03
1.591356000E+02 2.702460000E+01 1.199000000E-02 7.791000000E-03
1.701159000E+02 2.702190000E+01 1.043600000E-02 7.288000000E-03
1.818539000E+02 2.701960000E+01 9.083700000E-03 6.818000000E-03
1.944018000E+02 2.701750000E+01 7.906700000E-03 6.378000000E-03
2.078156000E+02 2.701560000E+01 6.882300000E-03 5.966000000E-03
2.221548000E+02 2.701390000E+01 5.990800000E-03 5.581000000E-03
2.374835000E+02 2.701240000E+01 5.214700000E-03 5.221000000E-03
2.538699000E+02 2.701100000E+01 4.539300000E-03 4.884000000E-03
2.713869000E+02 2.700980000E+01 3.951400000E-03 4.569000000E-03
2.901126000E+02 2.700870000E+01 3.439600000E-03 4.274000000E-03
3.101304000E+02 2.700780000E+01 2.994200000E-03 3.998000000E-03
3.315294000E+02 2.700690000E+01 2.606500000E-03 3.740000000E-03
3.544049000E+02 2.700610000E+01 2.269000000E-03 3.498000000E-03
3.788588000E+02 2.700550000E+01 1.975200000E-03 3.273000000E-03
4.050001000E+02 2.700490000E+01 1.719500000E-03 3.061000000E-03
4.329451000E+02 2.700430000E+01 1.496900000E-03 2.864000000E-03
