# Data retrieved from physics.nist.gov 03/01/2021
# Element, Er  (Z = 68) 
# Atomic weight, g mol-1 = 167.2600 
# Nominal density, g cm-3 =  9.0390 
# Relativistic correction estimate f_rel(5CL),  e atom-1 =  -6.9660E-01 
# Nuclear Thomson correction f_NT, e atom-1 =  -1.5166E-02 
#    E [keV]      f1 [e atom-1]      f2 [e atom-1]    Wavelength [nm] 
4.214000000E-03 1.133490000E+01 0.000000000E+00 2.942000000E+02
4.278500000E-03 1.127630000E+01 0.000000000E+00 2.898000000E+02
4.295700000E-03 1.121160000E+01 0.000000000E+00 2.886000000E+02
4.321500000E-03 1.127350000E+01 1.243300000E-01 2.869000000E+02
4.386000000E-03 1.132440000E+01 1.248800000E-01 2.827000000E+02
1.069000000E-02 1.092600000E+01 2.824200000E-01 1.160000000E+02
1.142761000E-02 1.083550000E+01 3.113600000E-01 1.085000000E+02
1.221612000E-02 1.073040000E+01 3.445000000E-01 1.015000000E+02
1.305903000E-02 1.101400000E+01 3.824600000E-01 9.494000000E+01
1.396010000E-02 1.087070000E+01 4.259400000E-01 8.881000000E+01
1.492335000E-02 1.070170000E+01 4.757400000E-01 8.308000000E+01
1.595306000E-02 1.050090000E+01 5.327700000E-01 7.772000000E+01
1.705382000E-02 1.025940000E+01 5.980600000E-01 7.270000000E+01
1.823053000E-02 9.964770000E+00 6.727400000E-01 6.801000000E+01
1.948844000E-02 9.597620000E+00 7.580300000E-01 6.362000000E+01
2.083314000E-02 9.126870000E+00 8.552600000E-01 5.951000000E+01
2.227063000E-02 8.498000000E+00 9.659300000E-01 5.567000000E+01
2.380730000E-02 7.604170000E+00 1.091600000E+00 5.208000000E+01
2.545001000E-02 6.196280000E+00 1.234100000E+00 4.872000000E+01
2.720606000E-02 3.474130000E+00 1.395200000E+00 4.557000000E+01
2.881200000E-02 -3.984990000E+00 1.550000000E+00 4.303000000E+01
2.908327000E-02 -7.977070000E+00 1.576900000E+00 4.263000000E+01
2.925300000E-02 -1.320470000E+01 1.593700000E+00 4.238000000E+01
2.937060000E-02 -2.472160000E+01 1.605500000E+00 4.221000000E+01
2.954700000E-02 -1.204110000E+01 2.453300000E+01 4.196000000E+01
2.998800000E-02 -8.202670000E-01 2.336200000E+01 4.134000000E+01
3.109002000E-02 8.004070000E+00 2.078200000E+01 3.988000000E+01
3.323523000E-02 1.419170000E+01 1.686900000E+01 3.731000000E+01
3.552846000E-02 1.677080000E+01 1.374800000E+01 3.490000000E+01
3.797993000E-02 1.782280000E+01 1.134600000E+01 3.264000000E+01
4.060054000E-02 1.810900000E+01 9.584300000E+00 3.054000000E+01
4.340198000E-02 1.801040000E+01 8.356700000E+00 2.857000000E+01
4.639671000E-02 1.773640000E+01 7.558200000E+00 2.672000000E+01
4.959809000E-02 1.740510000E+01 7.097500000E+00 2.500000000E+01
5.302035000E-02 1.708260000E+01 6.901500000E+00 2.338000000E+01
5.667876000E-02 1.680450000E+01 6.913600000E+00 2.187000000E+01
5.860400000E-02 1.668510000E+01 6.984200000E+00 2.116000000E+01
5.950100000E-02 1.662780000E+01 7.028800000E+00 2.084000000E+01
5.974020000E-02 1.660140000E+01 7.041800000E+00 2.075000000E+01
6.009900000E-02 1.660080000E+01 7.092800000E+00 2.063000000E+01
6.058959000E-02 1.658980000E+01 7.122900000E+00 2.046000000E+01
6.099600000E-02 1.657830000E+01 7.149200000E+00 2.033000000E+01
6.477028000E-02 1.649600000E+01 7.442200000E+00 1.914000000E+01
6.923942000E-02 1.649640000E+01 7.874900000E+00 1.791000000E+01
7.401695000E-02 1.661850000E+01 8.404500000E+00 1.675000000E+01
7.912411000E-02 1.689200000E+01 9.019100000E+00 1.567000000E+01
8.458368000E-02 1.731910000E+01 9.435500000E+00 1.466000000E+01
9.041995000E-02 1.778190000E+01 9.739300000E+00 1.371000000E+01
9.665893000E-02 1.825360000E+01 1.003000000E+01 1.283000000E+01
1.000000000E-01 2.077080000E+01 1.016900000E+01 1.240000000E+01
1.005000000E-01 2.080750000E+01 1.018900000E+01 1.234000000E+01
1.010025000E-01 2.084440000E+01 1.020900000E+01 1.228000000E+01
1.015075100E-01 2.088130000E+01 1.022900000E+01 1.221000000E+01
1.020150500E-01 2.091830000E+01 1.024800000E+01 1.215000000E+01
1.025251300E-01 2.095540000E+01 1.026800000E+01 1.209000000E+01
1.030377500E-01 2.099250000E+01 1.028700000E+01 1.203000000E+01
1.035529400E-01 2.102970000E+01 1.030600000E+01 1.197000000E+01
1.040707000E-01 2.106700000E+01 1.032500000E+01 1.191000000E+01
1.045910600E-01 2.110430000E+01 1.034300000E+01 1.185000000E+01
1.051140100E-01 2.114170000E+01 1.036200000E+01 1.180000000E+01
1.056395800E-01 2.117910000E+01 1.038000000E+01 1.174000000E+01
1.061677800E-01 2.121650000E+01 1.039800000E+01 1.168000000E+01
1.066986200E-01 2.125400000E+01 1.041600000E+01 1.162000000E+01
1.072321100E-01 2.129150000E+01 1.043400000E+01 1.156000000E+01
1.077682700E-01 2.132910000E+01 1.045200000E+01 1.150000000E+01
1.083071200E-01 2.136660000E+01 1.046900000E+01 1.145000000E+01
1.088486500E-01 2.140420000E+01 1.048600000E+01 1.139000000E+01
1.093928900E-01 2.144170000E+01 1.050300000E+01 1.133000000E+01
1.099398600E-01 2.147930000E+01 1.052000000E+01 1.128000000E+01
1.104895600E-01 2.151680000E+01 1.053700000E+01 1.122000000E+01
1.110420100E-01 2.155430000E+01 1.055300000E+01 1.117000000E+01
1.115972200E-01 2.159180000E+01 1.056900000E+01 1.111000000E+01
1.121552000E-01 2.162930000E+01 1.058500000E+01 1.105000000E+01
1.127159800E-01 2.166680000E+01 1.060100000E+01 1.100000000E+01
1.132795600E-01 2.170410000E+01 1.061700000E+01 1.094000000E+01
1.138459600E-01 2.174150000E+01 1.063200000E+01 1.089000000E+01
1.144151900E-01 2.177870000E+01 1.064700000E+01 1.084000000E+01
1.149872600E-01 2.181590000E+01 1.066200000E+01 1.078000000E+01
1.155622000E-01 2.185310000E+01 1.067700000E+01 1.073000000E+01
1.161400100E-01 2.189010000E+01 1.069100000E+01 1.068000000E+01
1.167207100E-01 2.192700000E+01 1.070600000E+01 1.062000000E+01
1.173043100E-01 2.196380000E+01 1.072000000E+01 1.057000000E+01
1.178908300E-01 2.200050000E+01 1.073400000E+01 1.052000000E+01
1.184802900E-01 2.203700000E+01 1.074700000E+01 1.046000000E+01
1.190726900E-01 2.207340000E+01 1.076100000E+01 1.041000000E+01
1.196680500E-01 2.210960000E+01 1.077400000E+01 1.036000000E+01
1.202663900E-01 2.214570000E+01 1.078700000E+01 1.031000000E+01
1.208677200E-01 2.218160000E+01 1.079900000E+01 1.026000000E+01
1.214720600E-01 2.221730000E+01 1.081200000E+01 1.021000000E+01
1.220794200E-01 2.225280000E+01 1.082400000E+01 1.016000000E+01
1.226898200E-01 2.228800000E+01 1.083600000E+01 1.011000000E+01
1.233032700E-01 2.232300000E+01 1.084800000E+01 1.006000000E+01
1.239197900E-01 2.235780000E+01 1.085900000E+01 1.001000000E+01
1.245393900E-01 2.239220000E+01 1.087100000E+01 9.955000000E+00
1.251620800E-01 2.242640000E+01 1.088200000E+01 9.906000000E+00
1.257878900E-01 2.246030000E+01 1.089200000E+01 9.857000000E+00
1.264168300E-01 2.249380000E+01 1.090300000E+01 9.808000000E+00
1.270489200E-01 2.252700000E+01 1.091300000E+01 9.759000000E+00
1.276841600E-01 2.255980000E+01 1.092300000E+01 9.710000000E+00
1.283225800E-01 2.259220000E+01 1.093300000E+01 9.662000000E+00
1.289641900E-01 2.262420000E+01 1.094200000E+01 9.614000000E+00
1.296090200E-01 2.265570000E+01 1.095200000E+01 9.566000000E+00
1.302570600E-01 2.268680000E+01 1.096100000E+01 9.518000000E+00
1.309083500E-01 2.271730000E+01 1.096900000E+01 9.471000000E+00
1.315628900E-01 2.274730000E+01 1.097800000E+01 9.424000000E+00
1.322207000E-01 2.277680000E+01 1.098600000E+01 9.377000000E+00
1.328818100E-01 2.280560000E+01 1.099400000E+01 9.330000000E+00
1.335462100E-01 2.283380000E+01 1.100200000E+01 9.284000000E+00
1.342139500E-01 2.286140000E+01 1.100900000E+01 9.238000000E+00
1.348850200E-01 2.288820000E+01 1.101600000E+01 9.192000000E+00
1.355594400E-01 2.291420000E+01 1.102300000E+01 9.146000000E+00
1.362372400E-01 2.293940000E+01 1.103000000E+01 9.101000000E+00
1.369184200E-01 2.296380000E+01 1.103600000E+01 9.055000000E+00
1.376030200E-01 2.298720000E+01 1.104300000E+01 9.010000000E+00
1.382910300E-01 2.300970000E+01 1.104800000E+01 8.965000000E+00
1.389824900E-01 2.303110000E+01 1.105400000E+01 8.921000000E+00
1.396774000E-01 2.305140000E+01 1.105900000E+01 8.876000000E+00
1.403757900E-01 2.307050000E+01 1.106400000E+01 8.832000000E+00
1.410776600E-01 2.308830000E+01 1.106900000E+01 8.788000000E+00
1.417830500E-01 2.310470000E+01 1.107400000E+01 8.745000000E+00
1.424919700E-01 2.311970000E+01 1.107800000E+01 8.701000000E+00
1.432044300E-01 2.313310000E+01 1.108200000E+01 8.658000000E+00
1.439204500E-01 2.314480000E+01 1.108600000E+01 8.615000000E+00
1.446400500E-01 2.315470000E+01 1.108900000E+01 8.572000000E+00
1.453632500E-01 2.316260000E+01 1.109200000E+01 8.529000000E+00
1.460900700E-01 2.316830000E+01 1.109500000E+01 8.487000000E+00
1.468205200E-01 2.317170000E+01 1.109800000E+01 8.445000000E+00
1.475546200E-01 2.317260000E+01 1.110000000E+01 8.403000000E+00
1.482923900E-01 2.317070000E+01 1.110200000E+01 8.361000000E+00
1.490338600E-01 2.316580000E+01 1.110400000E+01 8.319000000E+00
1.497790300E-01 2.315760000E+01 1.110500000E+01 8.278000000E+00
1.505279200E-01 2.314580000E+01 1.110600000E+01 8.237000000E+00
1.512805600E-01 2.312990000E+01 1.110700000E+01 8.196000000E+00
1.520369600E-01 2.310950000E+01 1.110800000E+01 8.155000000E+00
1.527971500E-01 2.308420000E+01 1.110800000E+01 8.114000000E+00
1.535611300E-01 2.305320000E+01 1.110800000E+01 8.074000000E+00
1.543289400E-01 2.301580000E+01 1.110800000E+01 8.034000000E+00
1.551005800E-01 2.297130000E+01 1.110800000E+01 7.994000000E+00
1.558760900E-01 2.291860000E+01 1.110700000E+01 7.954000000E+00
1.566554700E-01 2.285630000E+01 1.110600000E+01 7.914000000E+00
1.574387500E-01 2.278290000E+01 1.110500000E+01 7.875000000E+00
1.582259400E-01 2.269650000E+01 1.110300000E+01 7.836000000E+00
1.590170700E-01 2.259450000E+01 1.110100000E+01 7.797000000E+00
1.598121500E-01 2.247350000E+01 1.109900000E+01 7.758000000E+00
1.606112100E-01 2.232910000E+01 1.109700000E+01 7.720000000E+00
1.614142700E-01 2.215510000E+01 1.109400000E+01 7.681000000E+00
1.622213400E-01 2.194260000E+01 1.109100000E+01 7.643000000E+00
1.630324500E-01 2.167790000E+01 1.108800000E+01 7.605000000E+00
1.638476100E-01 2.133910000E+01 1.108500000E+01 7.567000000E+00
1.646668500E-01 2.088720000E+01 1.108100000E+01 7.529000000E+00
1.654901800E-01 2.024240000E+01 1.107700000E+01 7.492000000E+00
1.663176300E-01 1.919760000E+01 1.107300000E+01 7.455000000E+00
1.671492200E-01 1.680730000E+01 1.106800000E+01 7.418000000E+00
1.675136900E-01 1.270850000E+01 1.106600000E+01 7.401000000E+00
1.676863200E-01 1.285110000E+01 1.921100000E+01 7.394000000E+00
1.679849700E-01 1.691780000E+01 1.905000000E+01 7.381000000E+00
1.688248900E-01 2.020200000E+01 1.861500000E+01 7.344000000E+00
1.696690200E-01 2.169700000E+01 1.820300000E+01 7.307000000E+00
1.705173600E-01 2.263200000E+01 1.781200000E+01 7.271000000E+00
1.713699500E-01 2.326530000E+01 1.744200000E+01 7.235000000E+00
1.722268000E-01 2.369150000E+01 1.709100000E+01 7.199000000E+00
1.730879300E-01 2.394680000E+01 1.675900000E+01 7.163000000E+00
1.739533700E-01 2.403000000E+01 1.644400000E+01 7.127000000E+00
1.748231400E-01 2.388950000E+01 1.614500000E+01 7.092000000E+00
1.756972600E-01 2.331990000E+01 1.586100000E+01 7.057000000E+00
1.765757400E-01 2.034290000E+01 1.559300000E+01 7.022000000E+00
1.766008700E-01 1.998140000E+01 1.558500000E+01 7.021000000E+00
1.767991200E-01 2.013400000E+01 2.076400000E+01 7.013000000E+00
1.774586200E-01 2.390840000E+01 2.036900000E+01 6.987000000E+00
1.783459100E-01 2.555400000E+01 1.986300000E+01 6.952000000E+00
1.792376400E-01 2.654310000E+01 1.938400000E+01 6.917000000E+00
1.801338300E-01 2.725640000E+01 1.893000000E+01 6.883000000E+00
1.810345000E-01 2.780610000E+01 1.849900000E+01 6.849000000E+00
1.819396700E-01 2.824630000E+01 1.808900000E+01 6.815000000E+00
1.828493700E-01 2.860600000E+01 1.770100000E+01 6.781000000E+00
1.837636200E-01 2.890340000E+01 1.733300000E+01 6.747000000E+00
1.846824400E-01 2.915030000E+01 1.698400000E+01 6.713000000E+00
1.856058500E-01 2.935570000E+01 1.665500000E+01 6.680000000E+00
1.865338800E-01 2.952750000E+01 1.634600000E+01 6.647000000E+00
1.874665500E-01 2.967200000E+01 1.605700000E+01 6.614000000E+00
1.884038800E-01 2.979380000E+01 1.578400000E+01 6.581000000E+00
1.893459000E-01 2.989660000E+01 1.552800000E+01 6.548000000E+00
1.902926300E-01 2.998340000E+01 1.528700000E+01 6.515000000E+00
1.912440900E-01 3.005630000E+01 1.505900000E+01 6.483000000E+00
1.922003100E-01 3.011740000E+01 1.484500000E+01 6.451000000E+00
1.931613100E-01 3.016800000E+01 1.464200000E+01 6.419000000E+00
1.941271200E-01 3.020940000E+01 1.445100000E+01 6.387000000E+00
1.950977600E-01 3.024230000E+01 1.427100000E+01 6.355000000E+00
1.960732500E-01 3.026810000E+01 1.410300000E+01 6.323000000E+00
1.970536100E-01 3.028860000E+01 1.394500000E+01 6.292000000E+00
1.980388800E-01 3.030490000E+01 1.379900000E+01 6.261000000E+00
1.990290700E-01 3.031800000E+01 1.366100000E+01 6.229000000E+00
2.000242200E-01 3.032870000E+01 1.353200000E+01 6.198000000E+00
2.010243400E-01 3.033740000E+01 1.341100000E+01 6.168000000E+00
2.020294600E-01 3.034470000E+01 1.329700000E+01 6.137000000E+00
2.030396100E-01 3.035080000E+01 1.319000000E+01 6.106000000E+00
2.040548100E-01 3.035620000E+01 1.308900000E+01 6.076000000E+00
2.050750800E-01 3.036090000E+01 1.299300000E+01 6.046000000E+00
2.061004600E-01 3.036530000E+01 1.290300000E+01 6.016000000E+00
2.071309600E-01 3.036950000E+01 1.281700000E+01 5.986000000E+00
2.081666100E-01 3.037360000E+01 1.273600000E+01 5.956000000E+00
2.092074500E-01 3.037780000E+01 1.265900000E+01 5.926000000E+00
2.102534800E-01 3.038200000E+01 1.258600000E+01 5.897000000E+00
2.113047500E-01 3.038640000E+01 1.251600000E+01 5.868000000E+00
2.123612800E-01 3.039100000E+01 1.244900000E+01 5.838000000E+00
2.134230800E-01 3.039580000E+01 1.238500000E+01 5.809000000E+00
2.144902000E-01 3.040090000E+01 1.232400000E+01 5.780000000E+00
2.155626500E-01 3.040640000E+01 1.226600000E+01 5.752000000E+00
2.166404600E-01 3.041210000E+01 1.221000000E+01 5.723000000E+00
2.177236600E-01 3.041820000E+01 1.215600000E+01 5.695000000E+00
2.188122800E-01 3.042460000E+01 1.210400000E+01 5.666000000E+00
2.199063400E-01 3.043130000E+01 1.205500000E+01 5.638000000E+00
2.210058800E-01 3.043840000E+01 1.200700000E+01 5.610000000E+00
2.221109000E-01 3.044570000E+01 1.196100000E+01 5.582000000E+00
2.232214600E-01 3.045340000E+01 1.191600000E+01 5.554000000E+00
2.243375700E-01 3.046130000E+01 1.187300000E+01 5.527000000E+00
2.254592500E-01 3.046950000E+01 1.183100000E+01 5.499000000E+00
2.265865500E-01 3.047800000E+01 1.179100000E+01 5.472000000E+00
2.277194800E-01 3.048680000E+01 1.175200000E+01 5.445000000E+00
2.288580800E-01 3.049570000E+01 1.171400000E+01 5.418000000E+00
2.300023700E-01 3.050490000E+01 1.167700000E+01 5.391000000E+00
2.311523800E-01 3.051430000E+01 1.164200000E+01 5.364000000E+00
2.323081400E-01 3.052390000E+01 1.160700000E+01 5.337000000E+00
2.334696900E-01 3.053360000E+01 1.157300000E+01 5.311000000E+00
2.346370300E-01 3.054340000E+01 1.154000000E+01 5.284000000E+00
2.358102200E-01 3.055340000E+01 1.150800000E+01 5.258000000E+00
2.369892700E-01 3.056350000E+01 1.147700000E+01 5.232000000E+00
2.381742200E-01 3.057370000E+01 1.144600000E+01 5.206000000E+00
2.393650900E-01 3.058400000E+01 1.141600000E+01 5.180000000E+00
2.405619100E-01 3.059430000E+01 1.138700000E+01 5.154000000E+00
2.417647200E-01 3.060470000E+01 1.135900000E+01 5.128000000E+00
2.429735500E-01 3.061500000E+01 1.133100000E+01 5.103000000E+00
2.441884100E-01 3.062540000E+01 1.130300000E+01 5.077000000E+00
2.454093600E-01 3.063580000E+01 1.127700000E+01 5.052000000E+00
2.466364000E-01 3.064610000E+01 1.125100000E+01 5.027000000E+00
2.478695900E-01 3.065640000E+01 1.122500000E+01 5.002000000E+00
2.491089300E-01 3.066660000E+01 1.120000000E+01 4.977000000E+00
2.503544800E-01 3.067670000E+01 1.117500000E+01 4.952000000E+00
2.516062500E-01 3.068680000E+01 1.115100000E+01 4.928000000E+00
2.528642800E-01 3.069670000E+01 1.112700000E+01 4.903000000E+00
2.541286000E-01 3.070640000E+01 1.110400000E+01 4.879000000E+00
2.553992500E-01 3.071610000E+01 1.108100000E+01 4.855000000E+00
2.566762400E-01 3.072550000E+01 1.105900000E+01 4.830000000E+00
2.579596200E-01 3.073480000E+01 1.103700000E+01 4.806000000E+00
2.592494200E-01 3.074380000E+01 1.101500000E+01 4.782000000E+00
2.605456700E-01 3.075260000E+01 1.099400000E+01 4.759000000E+00
2.618484000E-01 3.076120000E+01 1.097300000E+01 4.735000000E+00
2.631576400E-01 3.076950000E+01 1.095300000E+01 4.711000000E+00
2.644734300E-01 3.077760000E+01 1.093300000E+01 4.688000000E+00
2.657957900E-01 3.078530000E+01 1.091300000E+01 4.665000000E+00
2.671247700E-01 3.079270000E+01 1.089300000E+01 4.641000000E+00
2.684604000E-01 3.079970000E+01 1.087400000E+01 4.618000000E+00
2.698027000E-01 3.080640000E+01 1.085500000E+01 4.595000000E+00
2.711517100E-01 3.081270000E+01 1.083700000E+01 4.573000000E+00
2.725074700E-01 3.081860000E+01 1.081900000E+01 4.550000000E+00
2.738700100E-01 3.082400000E+01 1.080100000E+01 4.527000000E+00
2.752393600E-01 3.082900000E+01 1.078400000E+01 4.505000000E+00
2.766155600E-01 3.083340000E+01 1.076700000E+01 4.482000000E+00
2.779986300E-01 3.083730000E+01 1.075000000E+01 4.460000000E+00
2.793886300E-01 3.084060000E+01 1.073300000E+01 4.438000000E+00
2.807855700E-01 3.084330000E+01 1.071700000E+01 4.416000000E+00
2.821895000E-01 3.084530000E+01 1.070100000E+01 4.394000000E+00
2.836004400E-01 3.084660000E+01 1.068600000E+01 4.372000000E+00
2.850184500E-01 3.084710000E+01 1.067000000E+01 4.350000000E+00
2.864435400E-01 3.084680000E+01 1.065500000E+01 4.328000000E+00
2.878757600E-01 3.084560000E+01 1.064100000E+01 4.307000000E+00
2.893151400E-01 3.084340000E+01 1.062600000E+01 4.285000000E+00
2.907617100E-01 3.084010000E+01 1.061200000E+01 4.264000000E+00
2.922155200E-01 3.083560000E+01 1.059800000E+01 4.243000000E+00
2.936766000E-01 3.082990000E+01 1.058500000E+01 4.222000000E+00
2.951449800E-01 3.082270000E+01 1.057200000E+01 4.201000000E+00
2.966207100E-01 3.081380000E+01 1.055900000E+01 4.180000000E+00
2.981038100E-01 3.080320000E+01 1.054600000E+01 4.159000000E+00
2.995943300E-01 3.079050000E+01 1.053400000E+01 4.138000000E+00
3.010923000E-01 3.077540000E+01 1.052200000E+01 4.118000000E+00
3.025977600E-01 3.075760000E+01 1.051000000E+01 4.097000000E+00
3.041107500E-01 3.073650000E+01 1.049900000E+01 4.077000000E+00
3.056313000E-01 3.071160000E+01 1.048800000E+01 4.057000000E+00
3.071594600E-01 3.068190000E+01 1.047700000E+01 4.036000000E+00
3.086952600E-01 3.064630000E+01 1.046700000E+01 4.016000000E+00
3.102387300E-01 3.060310000E+01 1.045600000E+01 3.996000000E+00
3.117899300E-01 3.054970000E+01 1.044700000E+01 3.977000000E+00
3.133488800E-01 3.048180000E+01 1.043700000E+01 3.957000000E+00
3.149156200E-01 3.039150000E+01 1.042800000E+01 3.937000000E+00
3.164902000E-01 3.026220000E+01 1.041900000E+01 3.917000000E+00
3.180726500E-01 3.004600000E+01 1.041000000E+01 3.898000000E+00
3.196630100E-01 2.939720000E+01 1.040200000E+01 3.879000000E+00
3.203391900E-01 2.940220000E+01 1.158200000E+01 3.870000000E+00
3.212613300E-01 2.990100000E+01 1.158000000E+01 3.859000000E+00
3.228676400E-01 3.021890000E+01 1.157600000E+01 3.840000000E+00
3.244819700E-01 3.039630000E+01 1.157300000E+01 3.821000000E+00
3.261043800E-01 3.052220000E+01 1.157000000E+01 3.802000000E+00
3.277349100E-01 3.062100000E+01 1.156700000E+01 3.783000000E+00
3.293735800E-01 3.070310000E+01 1.156500000E+01 3.764000000E+00
3.310204500E-01 3.077380000E+01 1.156300000E+01 3.746000000E+00
3.326755500E-01 3.083620000E+01 1.156100000E+01 3.727000000E+00
3.343389300E-01 3.089220000E+01 1.156000000E+01 3.708000000E+00
3.360106200E-01 3.094320000E+01 1.155800000E+01 3.690000000E+00
3.376906800E-01 3.098990000E+01 1.155800000E+01 3.672000000E+00
3.393791300E-01 3.103320000E+01 1.155700000E+01 3.653000000E+00
3.410760200E-01 3.107340000E+01 1.155700000E+01 3.635000000E+00
3.427814000E-01 3.111100000E+01 1.155700000E+01 3.617000000E+00
3.444953100E-01 3.114600000E+01 1.155700000E+01 3.599000000E+00
3.462177900E-01 3.117880000E+01 1.155800000E+01 3.581000000E+00
3.479488800E-01 3.120930000E+01 1.155900000E+01 3.563000000E+00
3.496886200E-01 3.123760000E+01 1.156000000E+01 3.546000000E+00
3.514370600E-01 3.126350000E+01 1.156100000E+01 3.528000000E+00
3.531942500E-01 3.128690000E+01 1.156300000E+01 3.510000000E+00
3.549602200E-01 3.130750000E+01 1.156500000E+01 3.493000000E+00
3.567350200E-01 3.132450000E+01 1.156800000E+01 3.476000000E+00
3.585187000E-01 3.133680000E+01 1.157000000E+01 3.458000000E+00
3.603112900E-01 3.134250000E+01 1.157300000E+01 3.441000000E+00
3.621128500E-01 3.133710000E+01 1.157600000E+01 3.424000000E+00
3.639234100E-01 3.130770000E+01 1.157900000E+01 3.407000000E+00
3.657430300E-01 3.117000000E+01 1.158300000E+01 3.390000000E+00
3.657605600E-01 3.116620000E+01 1.158300000E+01 3.390000000E+00
3.666394400E-01 3.118070000E+01 1.191500000E+01 3.382000000E+00
3.675717400E-01 3.131600000E+01 1.191800000E+01 3.373000000E+00
3.694096000E-01 3.143630000E+01 1.192400000E+01 3.356000000E+00
3.712566500E-01 3.151490000E+01 1.193000000E+01 3.340000000E+00
3.731129300E-01 3.157860000E+01 1.193600000E+01 3.323000000E+00
3.749785000E-01 3.163440000E+01 1.194200000E+01 3.306000000E+00
3.768533900E-01 3.168530000E+01 1.194800000E+01 3.290000000E+00
3.787376600E-01 3.173280000E+01 1.195500000E+01 3.274000000E+00
3.806313500E-01 3.177780000E+01 1.196200000E+01 3.257000000E+00
3.825345000E-01 3.182100000E+01 1.196900000E+01 3.241000000E+00
3.844471800E-01 3.186270000E+01 1.197600000E+01 3.225000000E+00
3.863694100E-01 3.190310000E+01 1.198400000E+01 3.209000000E+00
3.883012600E-01 3.194240000E+01 1.199100000E+01 3.193000000E+00
3.902427600E-01 3.198090000E+01 1.199900000E+01 3.177000000E+00
3.921939800E-01 3.201860000E+01 1.200700000E+01 3.161000000E+00
3.941549500E-01 3.205570000E+01 1.201500000E+01 3.146000000E+00
3.961257200E-01 3.209210000E+01 1.202300000E+01 3.130000000E+00
3.981063500E-01 3.212790000E+01 1.203200000E+01 3.114000000E+00
4.000968800E-01 3.216320000E+01 1.204000000E+01 3.099000000E+00
4.020973700E-01 3.219800000E+01 1.204900000E+01 3.083000000E+00
4.041078500E-01 3.223230000E+01 1.205800000E+01 3.068000000E+00
4.061283900E-01 3.226610000E+01 1.206700000E+01 3.053000000E+00
4.081590400E-01 3.229940000E+01 1.207600000E+01 3.038000000E+00
4.101998300E-01 3.233220000E+01 1.208500000E+01 3.023000000E+00
4.122508300E-01 3.236450000E+01 1.209400000E+01 3.007000000E+00
4.143120800E-01 3.239620000E+01 1.210300000E+01 2.993000000E+00
4.163836400E-01 3.242720000E+01 1.211200000E+01 2.978000000E+00
4.184655600E-01 3.245760000E+01 1.212200000E+01 2.963000000E+00
4.205578900E-01 3.248720000E+01 1.213100000E+01 2.948000000E+00
4.226606800E-01 3.251590000E+01 1.214000000E+01 2.933000000E+00
4.247739800E-01 3.254360000E+01 1.215000000E+01 2.919000000E+00
4.268978500E-01 3.257000000E+01 1.215900000E+01 2.904000000E+00
4.290323400E-01 3.259480000E+01 1.216900000E+01 2.890000000E+00
4.311775000E-01 3.261780000E+01 1.217800000E+01 2.875000000E+00
4.333333900E-01 3.263840000E+01 1.218800000E+01 2.861000000E+00
4.355000600E-01 3.265580000E+01 1.219700000E+01 2.847000000E+00
4.376775600E-01 3.266890000E+01 1.220700000E+01 2.833000000E+00
4.398659500E-01 3.267580000E+01 1.221600000E+01 2.819000000E+00
4.420652800E-01 3.267300000E+01 1.222600000E+01 2.805000000E+00
4.442756000E-01 3.265290000E+01 1.223500000E+01 2.791000000E+00
4.464969800E-01 3.259320000E+01 1.224400000E+01 2.777000000E+00
4.484308300E-01 3.240530000E+01 1.225200000E+01 2.765000000E+00
4.487294700E-01 3.231320000E+01 1.225400000E+01 2.763000000E+00
4.497691500E-01 3.243020000E+01 1.277700000E+01 2.757000000E+00
4.509731100E-01 3.262270000E+01 1.278200000E+01 2.749000000E+00
4.532279800E-01 3.279580000E+01 1.279300000E+01 2.736000000E+00
4.554941200E-01 3.291110000E+01 1.280300000E+01 2.722000000E+00
4.577715900E-01 3.300470000E+01 1.281300000E+01 2.708000000E+00
4.600604500E-01 3.308710000E+01 1.282300000E+01 2.695000000E+00
4.623607500E-01 3.316250000E+01 1.283300000E+01 2.682000000E+00
4.646725500E-01 3.323320000E+01 1.284200000E+01 2.668000000E+00
4.669959200E-01 3.330060000E+01 1.285200000E+01 2.655000000E+00
4.693309000E-01 3.336560000E+01 1.286100000E+01 2.642000000E+00
4.716775500E-01 3.342870000E+01 1.287100000E+01 2.629000000E+00
4.740359400E-01 3.349030000E+01 1.288000000E+01 2.616000000E+00
4.764061200E-01 3.355070000E+01 1.288900000E+01 2.602000000E+00
4.787881500E-01 3.361010000E+01 1.289700000E+01 2.590000000E+00
4.811820900E-01 3.366880000E+01 1.290600000E+01 2.577000000E+00
4.835880000E-01 3.372690000E+01 1.291400000E+01 2.564000000E+00
4.860059400E-01 3.378440000E+01 1.292300000E+01 2.551000000E+00
4.884359700E-01 3.384150000E+01 1.293100000E+01 2.538000000E+00
4.908781500E-01 3.389830000E+01 1.293900000E+01 2.526000000E+00
4.933325400E-01 3.395470000E+01 1.294600000E+01 2.513000000E+00
4.957992000E-01 3.401090000E+01 1.295300000E+01 2.501000000E+00
4.982782000E-01 3.406690000E+01 1.296100000E+01 2.488000000E+00
5.007695900E-01 3.412270000E+01 1.296700000E+01 2.476000000E+00
5.032734400E-01 3.419200000E+01 1.297400000E+01 2.464000000E+00
5.057898000E-01 3.424760000E+01 1.298000000E+01 2.451000000E+00
5.083187500E-01 3.430310000E+01 1.298600000E+01 2.439000000E+00
5.108603500E-01 3.435840000E+01 1.299200000E+01 2.427000000E+00
5.134146500E-01 3.441370000E+01 1.299700000E+01 2.415000000E+00
5.159817200E-01 3.446890000E+01 1.300200000E+01 2.403000000E+00
5.185616300E-01 3.452400000E+01 1.300700000E+01 2.391000000E+00
5.211544400E-01 3.457900000E+01 1.301100000E+01 2.379000000E+00
5.237602100E-01 3.463400000E+01 1.301500000E+01 2.367000000E+00
5.263790100E-01 3.468900000E+01 1.301900000E+01 2.355000000E+00
5.290109100E-01 3.474390000E+01 1.302200000E+01 2.344000000E+00
5.316559600E-01 3.481160000E+01 1.302500000E+01 2.332000000E+00
5.343142400E-01 3.486650000E+01 1.302800000E+01 2.320000000E+00
5.369858100E-01 3.492130000E+01 1.303000000E+01 2.309000000E+00
5.396707400E-01 3.497600000E+01 1.303200000E+01 2.297000000E+00
5.423691000E-01 3.503070000E+01 1.303300000E+01 2.286000000E+00
5.450809400E-01 3.508530000E+01 1.303500000E+01 2.275000000E+00
5.478063500E-01 3.513990000E+01 1.303500000E+01 2.263000000E+00
5.505453800E-01 3.519440000E+01 1.303600000E+01 2.252000000E+00
5.532981000E-01 3.524890000E+01 1.303600000E+01 2.241000000E+00
5.560646000E-01 3.530320000E+01 1.303500000E+01 2.230000000E+00
5.588449200E-01 3.535750000E+01 1.303400000E+01 2.219000000E+00
5.616391400E-01 3.541180000E+01 1.303300000E+01 2.208000000E+00
5.644473400E-01 3.546590000E+01 1.303100000E+01 2.197000000E+00
5.672695800E-01 3.552000000E+01 1.302900000E+01 2.186000000E+00
5.701059200E-01 3.557390000E+01 1.302700000E+01 2.175000000E+00
5.729564500E-01 3.562780000E+01 1.302400000E+01 2.164000000E+00
5.758212300E-01 3.568150000E+01 1.302100000E+01 2.153000000E+00
5.787003400E-01 3.573510000E+01 1.301700000E+01 2.142000000E+00
5.815938400E-01 3.578860000E+01 1.301300000E+01 2.132000000E+00
5.845018100E-01 3.584190000E+01 1.300800000E+01 2.121000000E+00
5.874243200E-01 3.589510000E+01 1.300300000E+01 2.111000000E+00
5.903614400E-01 3.594820000E+01 1.299800000E+01 2.100000000E+00
5.933132500E-01 3.600110000E+01 1.299200000E+01 2.090000000E+00
5.962798200E-01 3.605390000E+01 1.298600000E+01 2.079000000E+00
5.992612200E-01 3.610640000E+01 1.297900000E+01 2.069000000E+00
6.022575200E-01 3.615880000E+01 1.297200000E+01 2.059000000E+00
6.052688100E-01 3.621100000E+01 1.296500000E+01 2.048000000E+00
6.082951500E-01 3.626300000E+01 1.295700000E+01 2.038000000E+00
6.113366300E-01 3.631480000E+01 1.294800000E+01 2.028000000E+00
6.143933100E-01 3.636640000E+01 1.294000000E+01 2.018000000E+00
6.174652800E-01 3.641780000E+01 1.293000000E+01 2.008000000E+00
6.205526000E-01 3.646890000E+01 1.292100000E+01 1.998000000E+00
6.236553700E-01 3.651980000E+01 1.291100000E+01 1.988000000E+00
6.267736400E-01 3.657050000E+01 1.290000000E+01 1.978000000E+00
6.299075100E-01 3.662090000E+01 1.288900000E+01 1.968000000E+00
6.330570500E-01 3.667100000E+01 1.287800000E+01 1.959000000E+00
6.362223400E-01 3.672080000E+01 1.286600000E+01 1.949000000E+00
6.394034500E-01 3.677040000E+01 1.285400000E+01 1.939000000E+00
6.426004600E-01 3.681970000E+01 1.284100000E+01 1.929000000E+00
6.458134700E-01 3.686870000E+01 1.282800000E+01 1.920000000E+00
6.490425300E-01 3.691730000E+01 1.281500000E+01 1.910000000E+00
6.522877500E-01 3.696570000E+01 1.280100000E+01 1.901000000E+00
6.555491900E-01 3.701370000E+01 1.278600000E+01 1.891000000E+00
6.588269300E-01 3.706140000E+01 1.277200000E+01 1.882000000E+00
6.621210700E-01 3.710880000E+01 1.275700000E+01 1.873000000E+00
6.654316700E-01 3.715580000E+01 1.274100000E+01 1.863000000E+00
6.687588300E-01 3.720240000E+01 1.272500000E+01 1.854000000E+00
6.721026200E-01 3.724870000E+01 1.270900000E+01 1.845000000E+00
6.754631400E-01 3.729460000E+01 1.269200000E+01 1.836000000E+00
6.788404500E-01 3.734010000E+01 1.267500000E+01 1.826000000E+00
6.822346600E-01 3.738520000E+01 1.265700000E+01 1.817000000E+00
6.856458300E-01 3.742980000E+01 1.263900000E+01 1.808000000E+00
6.890740600E-01 3.747410000E+01 1.262000000E+01 1.799000000E+00
6.925194300E-01 3.751780000E+01 1.260100000E+01 1.790000000E+00
6.959820200E-01 3.756120000E+01 1.258200000E+01 1.781000000E+00
6.994619400E-01 3.760400000E+01 1.256200000E+01 1.773000000E+00
7.029592400E-01 3.764640000E+01 1.254200000E+01 1.764000000E+00
7.064740400E-01 3.768830000E+01 1.252100000E+01 1.755000000E+00
7.100064100E-01 3.772970000E+01 1.250000000E+01 1.746000000E+00
7.135564400E-01 3.777050000E+01 1.247800000E+01 1.738000000E+00
7.171242300E-01 3.781080000E+01 1.245700000E+01 1.729000000E+00
7.207098500E-01 3.785060000E+01 1.243400000E+01 1.720000000E+00
7.243134000E-01 3.788980000E+01 1.241100000E+01 1.712000000E+00
7.279349600E-01 3.792840000E+01 1.238800000E+01 1.703000000E+00
7.315746400E-01 3.796650000E+01 1.236500000E+01 1.695000000E+00
7.352325100E-01 3.800390000E+01 1.234100000E+01 1.686000000E+00
7.389086700E-01 3.804080000E+01 1.231700000E+01 1.678000000E+00
7.426032200E-01 3.807700000E+01 1.229200000E+01 1.670000000E+00
7.463162300E-01 3.811260000E+01 1.226700000E+01 1.661000000E+00
7.500478100E-01 3.814760000E+01 1.224200000E+01 1.653000000E+00
7.537980500E-01 3.818190000E+01 1.221600000E+01 1.645000000E+00
7.575670400E-01 3.821560000E+01 1.219000000E+01 1.637000000E+00
7.613548800E-01 3.824850000E+01 1.216300000E+01 1.628000000E+00
7.651616500E-01 3.828080000E+01 1.213600000E+01 1.620000000E+00
7.689874600E-01 3.831230000E+01 1.210900000E+01 1.612000000E+00
7.728324000E-01 3.834300000E+01 1.208100000E+01 1.604000000E+00
7.766965600E-01 3.837300000E+01 1.205300000E+01 1.596000000E+00
7.805800400E-01 3.840220000E+01 1.202500000E+01 1.588000000E+00
7.844829400E-01 3.843060000E+01 1.199700000E+01 1.580000000E+00
7.884053600E-01 3.845820000E+01 1.196800000E+01 1.573000000E+00
7.923473800E-01 3.848500000E+01 1.193900000E+01 1.565000000E+00
7.963091200E-01 3.851110000E+01 1.191000000E+01 1.557000000E+00
8.002906700E-01 3.853630000E+01 1.188000000E+01 1.549000000E+00
8.042921200E-01 3.856060000E+01 1.185000000E+01 1.542000000E+00
8.083135800E-01 3.858420000E+01 1.182100000E+01 1.534000000E+00
8.123551500E-01 3.860690000E+01 1.179000000E+01 1.526000000E+00
8.164169300E-01 3.862870000E+01 1.176000000E+01 1.519000000E+00
8.204990100E-01 3.864970000E+01 1.172900000E+01 1.511000000E+00
8.246015000E-01 3.866980000E+01 1.169900000E+01 1.504000000E+00
8.287245100E-01 3.868900000E+01 1.166800000E+01 1.496000000E+00
8.328681300E-01 3.870730000E+01 1.163700000E+01 1.489000000E+00
8.370324800E-01 3.872470000E+01 1.160500000E+01 1.481000000E+00
8.412176400E-01 3.874120000E+01 1.157400000E+01 1.474000000E+00
8.454237300E-01 3.875670000E+01 1.154200000E+01 1.467000000E+00
8.496508400E-01 3.877130000E+01 1.151100000E+01 1.459000000E+00
8.538991000E-01 3.878500000E+01 1.147900000E+01 1.452000000E+00
8.581685900E-01 3.879770000E+01 1.144700000E+01 1.445000000E+00
8.624594400E-01 3.880940000E+01 1.141400000E+01 1.438000000E+00
8.667717300E-01 3.882010000E+01 1.138200000E+01 1.430000000E+00
8.711055900E-01 3.882980000E+01 1.135000000E+01 1.423000000E+00
8.754611200E-01 3.883860000E+01 1.131700000E+01 1.416000000E+00
8.798384300E-01 3.884630000E+01 1.128500000E+01 1.409000000E+00
8.842376200E-01 3.885290000E+01 1.125200000E+01 1.402000000E+00
8.886588100E-01 3.885850000E+01 1.121900000E+01 1.395000000E+00
8.931021000E-01 3.886310000E+01 1.118600000E+01 1.388000000E+00
8.975676100E-01 3.886650000E+01 1.115400000E+01 1.381000000E+00
9.020554500E-01 3.886890000E+01 1.112100000E+01 1.374000000E+00
9.065657300E-01 3.887020000E+01 1.108800000E+01 1.368000000E+00
9.110985600E-01 3.887030000E+01 1.105400000E+01 1.361000000E+00
9.156540500E-01 3.886930000E+01 1.102100000E+01 1.354000000E+00
9.202323200E-01 3.886720000E+01 1.098800000E+01 1.347000000E+00
9.248334800E-01 3.886390000E+01 1.095500000E+01 1.341000000E+00
9.294576500E-01 3.885940000E+01 1.092200000E+01 1.334000000E+00
9.341049400E-01 3.885370000E+01 1.088800000E+01 1.327000000E+00
9.387754600E-01 3.884670000E+01 1.085500000E+01 1.321000000E+00
9.434693400E-01 3.883860000E+01 1.082200000E+01 1.314000000E+00
9.481866800E-01 3.882910000E+01 1.078800000E+01 1.308000000E+00
9.529276200E-01 3.881840000E+01 1.075500000E+01 1.301000000E+00
9.576922600E-01 3.880640000E+01 1.072200000E+01 1.295000000E+00
9.624807200E-01 3.879290000E+01 1.068800000E+01 1.288000000E+00
9.672931200E-01 3.877820000E+01 1.065500000E+01 1.282000000E+00
9.721295900E-01 3.876220000E+01 1.062100000E+01 1.275000000E+00
9.769902300E-01 3.874480000E+01 1.058800000E+01 1.269000000E+00
9.818751900E-01 3.872600000E+01 1.055500000E+01 1.263000000E+00
9.867845600E-01 3.870570000E+01 1.052200000E+01 1.256000000E+00
9.917184800E-01 3.868400000E+01 1.048800000E+01 1.250000000E+00
9.966770800E-01 3.866070000E+01 1.045500000E+01 1.244000000E+00
1.001660500E+00 3.867810000E+01 1.041200000E+01 1.238000000E+00
1.006668800E+00 3.876050000E+01 1.035000000E+01 1.232000000E+00
1.011702100E+00 3.882010000E+01 1.028800000E+01 1.226000000E+00
1.016760600E+00 3.886200000E+01 1.022700000E+01 1.219000000E+00
1.021844400E+00 3.888950000E+01 1.016600000E+01 1.213000000E+00
1.026953600E+00 3.890490000E+01 1.010600000E+01 1.207000000E+00
1.032088400E+00 3.890990000E+01 1.004600000E+01 1.201000000E+00
1.037248900E+00 3.890600000E+01 9.986500000E+00 1.195000000E+00
1.042435100E+00 3.889410000E+01 9.927400000E+00 1.189000000E+00
1.047647300E+00 3.887500000E+01 9.868800000E+00 1.183000000E+00
1.052885500E+00 3.884930000E+01 9.810600000E+00 1.178000000E+00
1.058149900E+00 3.881750000E+01 9.752800000E+00 1.172000000E+00
1.063440700E+00 3.878000000E+01 9.695500000E+00 1.166000000E+00
1.068757900E+00 3.873720000E+01 9.638600000E+00 1.160000000E+00
1.074101700E+00 3.868920000E+01 9.582000000E+00 1.154000000E+00
1.079472200E+00 3.863620000E+01 9.525900000E+00 1.149000000E+00
1.084869500E+00 3.857840000E+01 9.470200000E+00 1.143000000E+00
1.090293900E+00 3.851590000E+01 9.414900000E+00 1.137000000E+00
1.095745400E+00 3.844870000E+01 9.360000000E+00 1.132000000E+00
1.101224100E+00 3.837800000E+01 9.305500000E+00 1.126000000E+00
1.106730200E+00 3.830150000E+01 9.251400000E+00 1.120000000E+00
1.112263900E+00 3.822050000E+01 9.197700000E+00 1.115000000E+00
1.117825200E+00 3.813470000E+01 9.144400000E+00 1.109000000E+00
1.123414300E+00 3.804430000E+01 9.091400000E+00 1.104000000E+00
1.129031400E+00 3.794900000E+01 9.038800000E+00 1.098000000E+00
1.134676500E+00 3.784880000E+01 8.986600000E+00 1.093000000E+00
1.140349900E+00 3.774370000E+01 8.934700000E+00 1.087000000E+00
1.146051700E+00 3.763330000E+01 8.883200000E+00 1.082000000E+00
1.151781900E+00 3.751770000E+01 8.832100000E+00 1.076000000E+00
1.157540800E+00 3.739660000E+01 8.781300000E+00 1.071000000E+00
1.163328500E+00 3.726980000E+01 8.730900000E+00 1.066000000E+00
1.169145200E+00 3.713710000E+01 8.680900000E+00 1.060000000E+00
1.174990900E+00 3.699820000E+01 8.631200000E+00 1.055000000E+00
1.180865900E+00 3.685290000E+01 8.581900000E+00 1.050000000E+00
1.186770200E+00 3.670100000E+01 8.532900000E+00 1.045000000E+00
1.192704000E+00 3.654190000E+01 8.484300000E+00 1.040000000E+00
1.198667600E+00 3.637550000E+01 8.436000000E+00 1.034000000E+00
1.204660900E+00 3.620120000E+01 8.388100000E+00 1.029000000E+00
1.210684200E+00 3.601870000E+01 8.340500000E+00 1.024000000E+00
1.216737600E+00 3.582740000E+01 8.293300000E+00 1.019000000E+00
1.222821300E+00 3.562670000E+01 8.246400000E+00 1.014000000E+00
1.228935400E+00 3.541620000E+01 8.199800000E+00 1.009000000E+00
1.235080100E+00 3.519500000E+01 8.153600000E+00 1.004000000E+00
1.241255500E+00 3.496240000E+01 8.107600000E+00 9.989000000E-01
1.247461800E+00 3.471770000E+01 8.062100000E+00 9.939000000E-01
1.253699100E+00 3.445970000E+01 8.016800000E+00 9.889000000E-01
1.259967600E+00 3.418750000E+01 7.971900000E+00 9.840000000E-01
1.266267400E+00 3.389970000E+01 7.927200000E+00 9.791000000E-01
1.272598800E+00 3.359500000E+01 7.882900000E+00 9.743000000E-01
1.278961800E+00 3.327180000E+01 7.839000000E+00 9.694000000E-01
1.285356600E+00 3.292810000E+01 7.793800000E+00 9.646000000E-01
1.291783300E+00 3.256160000E+01 7.748600000E+00 9.598000000E-01
1.298242300E+00 3.217000000E+01 7.703800000E+00 9.550000000E-01
1.304733500E+00 3.175000000E+01 7.659300000E+00 9.503000000E-01
1.311257100E+00 3.129820000E+01 7.615100000E+00 9.455000000E-01
1.317813400E+00 3.081010000E+01 7.571300000E+00 9.408000000E-01
1.324402500E+00 3.028060000E+01 7.527700000E+00 9.362000000E-01
1.331024500E+00 2.970290000E+01 7.484500000E+00 9.315000000E-01
1.337679600E+00 2.906890000E+01 7.441600000E+00 9.269000000E-01
1.344368000E+00 2.836780000E+01 7.399000000E+00 9.222000000E-01
1.351089900E+00 2.758590000E+01 7.356700000E+00 9.177000000E-01
1.357845300E+00 2.670290000E+01 7.314700000E+00 9.131000000E-01
1.364634500E+00 2.569210000E+01 7.273000000E+00 9.086000000E-01
1.371457700E+00 2.451280000E+01 7.231600000E+00 9.040000000E-01
1.378315000E+00 2.310050000E+01 7.190500000E+00 8.995000000E-01
1.385206600E+00 2.134260000E+01 7.149600000E+00 8.951000000E-01
1.392132600E+00 1.901250000E+01 7.109100000E+00 8.906000000E-01
1.399093300E+00 1.552260000E+01 7.068900000E+00 8.862000000E-01
1.406088700E+00 8.039160000E+00 7.028900000E+00 8.818000000E-01
1.409097000E+00 -9.278230000E+00 7.011900000E+00 8.799000000E-01
1.409502900E+00 -9.620170000E+00 2.657600000E+01 8.796000000E-01
1.413119200E+00 8.494890000E+00 2.647100000E+01 8.774000000E-01
1.420184800E+00 1.451270000E+01 2.626800000E+01 8.730000000E-01
1.427285700E+00 1.690610000E+01 2.606600000E+01 8.687000000E-01
1.434422100E+00 1.791440000E+01 2.586600000E+01 8.643000000E-01
1.441594200E+00 1.775930000E+01 2.566800000E+01 8.600000000E-01
1.448802200E+00 1.535180000E+01 2.547100000E+01 8.558000000E-01
1.452919200E+00 6.058140000E+00 2.536000000E+01 8.533000000E-01
1.453680800E+00 5.982920000E+00 3.813900000E+01 8.529000000E-01
1.456046200E+00 1.444990000E+01 3.804200000E+01 8.515000000E-01
1.463326500E+00 2.085070000E+01 3.774600000E+01 8.473000000E-01
1.470643100E+00 2.405940000E+01 3.745100000E+01 8.431000000E-01
1.477996300E+00 2.636600000E+01 3.715800000E+01 8.389000000E-01
1.485386300E+00 2.821190000E+01 3.686800000E+01 8.347000000E-01
1.492813200E+00 2.976800000E+01 3.658000000E+01 8.305000000E-01
1.500277300E+00 3.112050000E+01 3.629500000E+01 8.264000000E-01
1.507778700E+00 3.232000000E+01 3.601100000E+01 8.223000000E-01
1.515317600E+00 3.339900000E+01 3.573000000E+01 8.182000000E-01
1.522894200E+00 3.438000000E+01 3.545200000E+01 8.141000000E-01
1.530508600E+00 3.527920000E+01 3.517500000E+01 8.101000000E-01
1.538161200E+00 3.610880000E+01 3.490100000E+01 8.061000000E-01
1.545852000E+00 3.687810000E+01 3.462900000E+01 8.020000000E-01
1.553581200E+00 3.759470000E+01 3.436000000E+01 7.981000000E-01
1.561349100E+00 3.826440000E+01 3.409200000E+01 7.941000000E-01
1.569155900E+00 3.889210000E+01 3.382700000E+01 7.901000000E-01
1.577001700E+00 3.948180000E+01 3.356400000E+01 7.862000000E-01
1.584886700E+00 4.003700000E+01 3.330200000E+01 7.823000000E-01
1.592811100E+00 4.056050000E+01 3.304300000E+01 7.784000000E-01
1.600775200E+00 4.105460000E+01 3.278700000E+01 7.745000000E-01
1.608779000E+00 4.152150000E+01 3.253200000E+01 7.707000000E-01
1.616822900E+00 4.196280000E+01 3.227900000E+01 7.668000000E-01
1.624907000E+00 4.238000000E+01 3.202800000E+01 7.630000000E-01
1.633031600E+00 4.277450000E+01 3.178000000E+01 7.592000000E-01
1.641196700E+00 4.314720000E+01 3.153300000E+01 7.555000000E-01
1.649402700E+00 4.349900000E+01 3.128800000E+01 7.517000000E-01
1.657649700E+00 4.383060000E+01 3.104600000E+01 7.480000000E-01
1.665938000E+00 4.414250000E+01 3.080500000E+01 7.442000000E-01
1.674267700E+00 4.443500000E+01 3.056600000E+01 7.405000000E-01
1.682639000E+00 4.470830000E+01 3.032900000E+01 7.368000000E-01
1.691052200E+00 4.496220000E+01 3.009500000E+01 7.332000000E-01
1.699507500E+00 4.519650000E+01 2.986200000E+01 7.295000000E-01
1.708005000E+00 4.541050000E+01 2.963000000E+01 7.259000000E-01
1.716545000E+00 4.560330000E+01 2.940100000E+01 7.223000000E-01
1.725127800E+00 4.577320000E+01 2.917400000E+01 7.187000000E-01
1.733753400E+00 4.591820000E+01 2.894800000E+01 7.151000000E-01
1.742422200E+00 4.603500000E+01 2.872400000E+01 7.116000000E-01
1.751134300E+00 4.611890000E+01 2.850200000E+01 7.080000000E-01
1.759889900E+00 4.616250000E+01 2.828200000E+01 7.045000000E-01
1.768689400E+00 4.615430000E+01 2.806400000E+01 7.010000000E-01
1.777532800E+00 4.607380000E+01 2.784700000E+01 6.975000000E-01
1.786420500E+00 4.588180000E+01 2.763200000E+01 6.940000000E-01
1.795352600E+00 4.548500000E+01 2.741900000E+01 6.906000000E-01
1.804329400E+00 4.455130000E+01 2.720700000E+01 6.871000000E-01
1.809879500E+00 4.266060000E+01 2.707800000E+01 6.850000000E-01
1.813351000E+00 4.236950000E+01 3.175200000E+01 6.837000000E-01
1.813720500E+00 4.270540000E+01 3.174100000E+01 6.836000000E-01
1.822417800E+00 4.554660000E+01 3.148100000E+01 6.803000000E-01
1.831529900E+00 4.671600000E+01 3.121300000E+01 6.769000000E-01
1.840687500E+00 4.750470000E+01 3.094700000E+01 6.736000000E-01
1.849890900E+00 4.811840000E+01 3.068300000E+01 6.702000000E-01
1.859140400E+00 4.862740000E+01 3.042100000E+01 6.669000000E-01
1.868436100E+00 4.906440000E+01 3.016200000E+01 6.636000000E-01
1.877778300E+00 4.944660000E+01 2.990600000E+01 6.603000000E-01
1.887167200E+00 4.978390000E+01 2.965100000E+01 6.570000000E-01
1.896603000E+00 5.008110000E+01 2.939800000E+01 6.537000000E-01
1.906086000E+00 5.034080000E+01 2.916000000E+01 6.505000000E-01
1.915616500E+00 5.057840000E+01 2.893800000E+01 6.472000000E-01
1.925194500E+00 5.079510000E+01 2.871800000E+01 6.440000000E-01
1.934820500E+00 5.098980000E+01 2.850200000E+01 6.408000000E-01
1.944494600E+00 5.116070000E+01 2.828900000E+01 6.376000000E-01
1.954217100E+00 5.130500000E+01 2.807900000E+01 6.344000000E-01
1.963988200E+00 5.141700000E+01 2.787100000E+01 6.313000000E-01
1.973808100E+00 5.148530000E+01 2.766500000E+01 6.281000000E-01
1.983677200E+00 5.148440000E+01 2.746300000E+01 6.250000000E-01
1.993595500E+00 5.133970000E+01 2.726300000E+01 6.219000000E-01
2.003563500E+00 5.051840000E+01 2.706500000E+01 6.188000000E-01
2.003633700E+00 5.050040000E+01 2.706400000E+01 6.188000000E-01
2.007966300E+00 5.056510000E+01 2.890100000E+01 6.175000000E-01
2.013581300E+00 5.146840000E+01 2.877700000E+01 6.157000000E-01
2.023649200E+00 5.217510000E+01 2.855800000E+01 6.127000000E-01
2.033767500E+00 5.263490000E+01 2.834200000E+01 6.096000000E-01
2.043936300E+00 5.299860000E+01 2.812800000E+01 6.066000000E-01
2.054156000E+00 5.330760000E+01 2.791700000E+01 6.036000000E-01
2.064426800E+00 5.357970000E+01 2.770900000E+01 6.006000000E-01
2.074748900E+00 5.382350000E+01 2.750200000E+01 5.976000000E-01
2.085122700E+00 5.404420000E+01 2.729800000E+01 5.946000000E-01
2.095548300E+00 5.424410000E+01 2.709700000E+01 5.917000000E-01
2.106026000E+00 5.442380000E+01 2.689900000E+01 5.887000000E-01
2.116556200E+00 5.458840000E+01 2.671500000E+01 5.858000000E-01
2.127138900E+00 5.474100000E+01 2.653300000E+01 5.829000000E-01
2.137774600E+00 5.488010000E+01 2.635300000E+01 5.800000000E-01
2.148463500E+00 5.500360000E+01 2.617700000E+01 5.771000000E-01
2.159205800E+00 5.510810000E+01 2.600200000E+01 5.742000000E-01
2.170001800E+00 5.518710000E+01 2.583000000E+01 5.714000000E-01
2.180851900E+00 5.522630000E+01 2.566000000E+01 5.685000000E-01
2.191756100E+00 5.518600000E+01 2.549200000E+01 5.657000000E-01
2.202285600E+00 5.487330000E+01 2.533200000E+01 5.630000000E-01
2.202714900E+00 5.483920000E+01 2.532600000E+01 5.629000000E-01
2.210714500E+00 5.498790000E+01 2.638700000E+01 5.608000000E-01
2.213728500E+00 5.523490000E+01 2.634100000E+01 5.601000000E-01
2.224797100E+00 5.574150000E+01 2.617400000E+01 5.573000000E-01
2.235921100E+00 5.607260000E+01 2.600800000E+01 5.545000000E-01
2.247100700E+00 5.634230000E+01 2.584400000E+01 5.518000000E-01
2.258336200E+00 5.657920000E+01 2.568200000E+01 5.490000000E-01
2.269627900E+00 5.679510000E+01 2.552100000E+01 5.463000000E-01
2.280976000E+00 5.699590000E+01 2.536200000E+01 5.436000000E-01
2.292380900E+00 5.718530000E+01 2.520400000E+01 5.409000000E-01
2.303842800E+00 5.736550000E+01 2.504800000E+01 5.382000000E-01
2.315362000E+00 5.753780000E+01 2.489300000E+01 5.355000000E-01
2.326938800E+00 5.770400000E+01 2.474100000E+01 5.328000000E-01
2.338573500E+00 5.786550000E+01 2.459100000E+01 5.302000000E-01
2.350266400E+00 5.802320000E+01 2.444200000E+01 5.275000000E-01
2.362017700E+00 5.817700000E+01 2.429000000E+01 5.249000000E-01
2.373827800E+00 5.832570000E+01 2.413700000E+01 5.223000000E-01
2.385697000E+00 5.846990000E+01 2.398400000E+01 5.197000000E-01
2.397625400E+00 5.860990000E+01 2.383300000E+01 5.171000000E-01
2.409613600E+00 5.874620000E+01 2.368300000E+01 5.145000000E-01
2.421661600E+00 5.887910000E+01 2.353500000E+01 5.120000000E-01
2.433769900E+00 5.900870000E+01 2.338700000E+01 5.094000000E-01
2.445938800E+00 5.913530000E+01 2.324000000E+01 5.069000000E-01
2.458168500E+00 5.925910000E+01 2.309400000E+01 5.044000000E-01
2.470459300E+00 5.938020000E+01 2.295000000E+01 5.019000000E-01
2.482811600E+00 5.949880000E+01 2.280600000E+01 4.994000000E-01
2.495225700E+00 5.961510000E+01 2.266300000E+01 4.969000000E-01
2.507701800E+00 5.972910000E+01 2.252100000E+01 4.944000000E-01
2.520240300E+00 5.984090000E+01 2.238000000E+01 4.920000000E-01
2.532841500E+00 5.995070000E+01 2.224000000E+01 4.895000000E-01
2.545505700E+00 6.005860000E+01 2.210100000E+01 4.871000000E-01
2.558233300E+00 6.016460000E+01 2.196200000E+01 4.846000000E-01
2.571024400E+00 6.026890000E+01 2.182500000E+01 4.822000000E-01
2.583879600E+00 6.037150000E+01 2.168800000E+01 4.798000000E-01
2.596799000E+00 6.047270000E+01 2.155200000E+01 4.775000000E-01
2.609782900E+00 6.057250000E+01 2.141600000E+01 4.751000000E-01
2.622831900E+00 6.067030000E+01 2.127900000E+01 4.727000000E-01
2.635946000E+00 6.076600000E+01 2.114300000E+01 4.704000000E-01
2.649125700E+00 6.085970000E+01 2.100700000E+01 4.680000000E-01
2.662371400E+00 6.095170000E+01 2.087300000E+01 4.657000000E-01
2.675683200E+00 6.104190000E+01 2.073900000E+01 4.634000000E-01
2.689061700E+00 6.113050000E+01 2.060600000E+01 4.611000000E-01
2.702507000E+00 6.121750000E+01 2.047400000E+01 4.588000000E-01
2.716019500E+00 6.130300000E+01 2.034200000E+01 4.565000000E-01
2.729599600E+00 6.138700000E+01 2.021200000E+01 4.542000000E-01
2.743247600E+00 6.146970000E+01 2.008200000E+01 4.520000000E-01
2.756963800E+00 6.155100000E+01 1.995300000E+01 4.497000000E-01
2.770748600E+00 6.163100000E+01 1.982500000E+01 4.475000000E-01
2.784602400E+00 6.170990000E+01 1.969700000E+01 4.452000000E-01
2.798525400E+00 6.178760000E+01 1.957100000E+01 4.430000000E-01
2.812518000E+00 6.186430000E+01 1.944500000E+01 4.408000000E-01
2.826580600E+00 6.215100000E+01 1.931800000E+01 4.386000000E-01
2.840713500E+00 6.222550000E+01 1.919100000E+01 4.365000000E-01
2.854917100E+00 6.229890000E+01 1.906400000E+01 4.343000000E-01
2.869191700E+00 6.237120000E+01 1.893900000E+01 4.321000000E-01
2.883537600E+00 6.244240000E+01 1.881400000E+01 4.300000000E-01
2.897955300E+00 6.251280000E+01 1.868900000E+01 4.278000000E-01
2.912445100E+00 6.273150000E+01 1.856500000E+01 4.257000000E-01
2.927007300E+00 6.280090000E+01 1.844000000E+01 4.236000000E-01
2.941642400E+00 6.286990000E+01 1.831700000E+01 4.215000000E-01
2.956350600E+00 6.293880000E+01 1.819400000E+01 4.194000000E-01
2.971132300E+00 6.300830000E+01 1.807200000E+01 4.173000000E-01
2.985988000E+00 6.307950000E+01 1.795100000E+01 4.152000000E-01
3.000917900E+00 6.315500000E+01 1.783000000E+01 4.132000000E-01
3.015922500E+00 6.322070000E+01 1.769100000E+01 4.111000000E-01
3.031002100E+00 6.328110000E+01 1.755300000E+01 4.091000000E-01
3.046157100E+00 6.333830000E+01 1.741600000E+01 4.070000000E-01
3.061387900E+00 6.339290000E+01 1.728100000E+01 4.050000000E-01
3.076694900E+00 6.344520000E+01 1.714600000E+01 4.030000000E-01
3.092078300E+00 6.349550000E+01 1.701300000E+01 4.010000000E-01
3.107538700E+00 6.354390000E+01 1.688100000E+01 3.990000000E-01
3.123076400E+00 6.359040000E+01 1.675100000E+01 3.970000000E-01
3.138691800E+00 6.363520000E+01 1.662100000E+01 3.950000000E-01
3.154385300E+00 6.367850000E+01 1.649200000E+01 3.931000000E-01
3.170157200E+00 6.372010000E+01 1.636400000E+01 3.911000000E-01
3.186008000E+00 6.376020000E+01 1.623700000E+01 3.892000000E-01
3.201938000E+00 6.379890000E+01 1.611100000E+01 3.872000000E-01
3.217947700E+00 6.383610000E+01 1.598600000E+01 3.853000000E-01
3.234037400E+00 6.387200000E+01 1.586200000E+01 3.834000000E-01
3.250207600E+00 6.390660000E+01 1.573900000E+01 3.815000000E-01
3.266458700E+00 6.393990000E+01 1.561800000E+01 3.796000000E-01
3.282791000E+00 6.397210000E+01 1.549700000E+01 3.777000000E-01
3.299204900E+00 6.400310000E+01 1.537800000E+01 3.758000000E-01
3.315700900E+00 6.403300000E+01 1.525900000E+01 3.739000000E-01
3.332279400E+00 6.406180000E+01 1.514200000E+01 3.721000000E-01
3.348940800E+00 6.408960000E+01 1.502500000E+01 3.702000000E-01
3.365685600E+00 6.411630000E+01 1.490900000E+01 3.684000000E-01
3.382514000E+00 6.414200000E+01 1.479400000E+01 3.665000000E-01
3.399426500E+00 6.416680000E+01 1.468000000E+01 3.647000000E-01
3.416423700E+00 6.419070000E+01 1.456700000E+01 3.629000000E-01
3.433505800E+00 6.421370000E+01 1.445600000E+01 3.611000000E-01
3.450673300E+00 6.423580000E+01 1.434500000E+01 3.593000000E-01
3.467926700E+00 6.425710000E+01 1.423500000E+01 3.575000000E-01
3.485266300E+00 6.427760000E+01 1.412700000E+01 3.557000000E-01
3.502692700E+00 6.429730000E+01 1.401900000E+01 3.540000000E-01
3.520206100E+00 6.431630000E+01 1.391200000E+01 3.522000000E-01
3.537807200E+00 6.433460000E+01 1.380600000E+01 3.505000000E-01
3.555496200E+00 6.435220000E+01 1.370200000E+01 3.487000000E-01
3.573273700E+00 6.436920000E+01 1.359800000E+01 3.470000000E-01
3.591140000E+00 6.438550000E+01 1.349500000E+01 3.453000000E-01
3.609095700E+00 6.440130000E+01 1.339300000E+01 3.435000000E-01
3.627141200E+00 6.452020000E+01 1.329100000E+01 3.418000000E-01
3.645276900E+00 6.453560000E+01 1.318700000E+01 3.401000000E-01
3.663503300E+00 6.455000000E+01 1.308400000E+01 3.384000000E-01
3.681820800E+00 6.456340000E+01 1.298100000E+01 3.367000000E-01
3.700229900E+00 6.457590000E+01 1.288000000E+01 3.351000000E-01
3.718731100E+00 6.458760000E+01 1.277900000E+01 3.334000000E-01
3.737324700E+00 6.459850000E+01 1.268000000E+01 3.317000000E-01
3.756011400E+00 6.460870000E+01 1.258100000E+01 3.301000000E-01
3.774791400E+00 6.461810000E+01 1.248300000E+01 3.285000000E-01
3.793665400E+00 6.462670000E+01 1.238600000E+01 3.268000000E-01
3.812633700E+00 6.463480000E+01 1.229000000E+01 3.252000000E-01
3.831696900E+00 6.464210000E+01 1.219500000E+01 3.236000000E-01
3.850855400E+00 6.464890000E+01 1.210100000E+01 3.220000000E-01
3.870109600E+00 6.465500000E+01 1.200700000E+01 3.204000000E-01
3.889460200E+00 6.466060000E+01 1.191400000E+01 3.188000000E-01
3.908907500E+00 6.466560000E+01 1.182300000E+01 3.172000000E-01
3.928452000E+00 6.467010000E+01 1.173200000E+01 3.156000000E-01
3.948094300E+00 6.467410000E+01 1.164100000E+01 3.140000000E-01
3.967834700E+00 6.467760000E+01 1.155200000E+01 3.125000000E-01
3.987673900E+00 6.468070000E+01 1.146300000E+01 3.109000000E-01
4.055024000E+00 6.515850000E+01 1.116600000E+01 3.058000000E-01
4.334821000E+00 6.506330000E+01 1.005700000E+01 2.860000000E-01
4.633924000E+00 6.492520000E+01 9.062500000E+00 2.676000000E-01
4.953664000E+00 6.470700000E+01 8.174500000E+00 2.503000000E-01
5.295467000E+00 6.443830000E+01 7.383300000E+00 2.341000000E-01
5.660855000E+00 6.411840000E+01 6.677500000E+00 2.190000000E-01
6.051453000E+00 6.373840000E+01 6.046500000E+00 2.049000000E-01
6.469004000E+00 6.326730000E+01 5.454800000E+00 1.917000000E-01
6.915365000E+00 6.263550000E+01 4.919500000E+00 1.793000000E-01
7.392525000E+00 6.171810000E+01 4.442700000E+00 1.677000000E-01
7.902609000E+00 6.005720000E+01 4.017500000E+00 1.569000000E-01
8.190742000E+00 5.789680000E+01 3.800700000E+00 1.514000000E-01
8.316110000E+00 5.492820000E+01 3.712900000E+00 1.491000000E-01
8.349542000E+00 5.145090000E+01 3.690100000E+00 1.485000000E-01
8.399689000E+00 5.493590000E+01 1.044400000E+01 1.476000000E-01
8.447890000E+00 5.663130000E+01 1.031500000E+01 1.468000000E-01
8.525058000E+00 5.796590000E+01 1.011500000E+01 1.454000000E-01
9.030794000E+00 5.984770000E+01 9.072700000E+00 1.373000000E-01
9.079014000E+00 5.974520000E+01 8.991700000E+00 1.366000000E-01
9.217979000E+00 5.861240000E+01 8.765200000E+00 1.345000000E-01
9.255036000E+00 5.694900000E+01 8.706300000E+00 1.340000000E-01
9.310622000E+00 5.880040000E+01 1.202200000E+01 1.332000000E-01
9.449586000E+00 6.052110000E+01 1.169100000E+01 1.312000000E-01
9.556274000E+00 6.104050000E+01 1.144500000E+01 1.297000000E-01
9.653919000E+00 6.118450000E+01 1.122400000E+01 1.284000000E-01
9.702543000E+00 6.102880000E+01 1.111600000E+01 1.278000000E-01
9.741549000E+00 6.031280000E+01 1.103300000E+01 1.273000000E-01
9.800056000E+00 6.139980000E+01 1.262800000E+01 1.265000000E-01
9.946326000E+00 6.265410000E+01 1.232300000E+01 1.247000000E-01
1.032004000E+01 6.417710000E+01 1.159200000E+01 1.201000000E-01
1.103212000E+01 6.569300000E+01 1.037600000E+01 1.124000000E-01
1.179334000E+01 6.661210000E+01 9.322300000E+00 1.051000000E-01
1.260708000E+01 6.723710000E+01 8.366300000E+00 9.834000000E-02
1.347697000E+01 6.765650000E+01 7.496700000E+00 9.200000000E-02
1.440688000E+01 6.793490000E+01 6.717300000E+00 8.606000000E-02
1.540095000E+01 6.811590000E+01 6.020500000E+00 8.050000000E-02
1.646362000E+01 6.822860000E+01 5.398400000E+00 7.531000000E-02
1.759961000E+01 6.835500000E+01 4.830400000E+00 7.045000000E-02
1.881398000E+01 6.840650000E+01 4.321400000E+00 6.590000000E-02
2.011215000E+01 6.842110000E+01 3.861400000E+00 6.165000000E-02
2.149988000E+01 6.837980000E+01 3.449000000E+00 5.767000000E-02
2.298338000E+01 6.832140000E+01 3.083400000E+00 5.395000000E-02
2.456923000E+01 6.825300000E+01 2.759000000E+00 5.046000000E-02
2.626450000E+01 6.818380000E+01 2.470800000E+00 4.721000000E-02
2.807676000E+01 6.811290000E+01 2.197100000E+00 4.416000000E-02
3.001405000E+01 6.801700000E+01 1.950200000E+00 4.131000000E-02
3.208502000E+01 6.791270000E+01 1.732200000E+00 3.864000000E-02
3.429889000E+01 6.780190000E+01 1.540000000E+00 3.615000000E-02
3.666551000E+01 6.768450000E+01 1.369600000E+00 3.381000000E-02
3.919543000E+01 6.755700000E+01 1.216500000E+00 3.163000000E-02
4.189992000E+01 6.741430000E+01 1.080100000E+00 2.959000000E-02
4.479101000E+01 6.724540000E+01 9.555600000E-01 2.768000000E-02
4.788159000E+01 6.702860000E+01 8.452900000E-01 2.589000000E-02
5.118542000E+01 6.671320000E+01 7.478700000E-01 2.422000000E-02
5.471721000E+01 6.609510000E+01 6.621800000E-01 2.266000000E-02
5.633579000E+01 6.540550000E+01 6.280500000E-01 2.201000000E-02
5.719807000E+01 6.426430000E+01 6.110000000E-01 2.168000000E-02
5.742801000E+01 6.289760000E+01 6.065800000E-01 2.159000000E-02
5.777293000E+01 6.427900000E+01 3.290600000E+00 2.146000000E-02
5.849270000E+01 6.540560000E+01 3.228300000E+00 2.120000000E-02
5.863521000E+01 6.552680000E+01 3.216200000E+00 2.115000000E-02
6.252870000E+01 6.690490000E+01 2.906200000E+00 1.983000000E-02
6.684318000E+01 6.745530000E+01 2.607400000E+00 1.855000000E-02
7.145536000E+01 6.777160000E+01 2.337400000E+00 1.735000000E-02
7.638578000E+01 6.797590000E+01 2.095000000E+00 1.623000000E-02
8.165640000E+01 6.811950000E+01 1.874200000E+00 1.518000000E-02
8.729069000E+01 6.821200000E+01 1.671400000E+00 1.420000000E-02
9.331374000E+01 6.827140000E+01 1.490700000E+00 1.329000000E-02
9.975239000E+01 6.830860000E+01 1.329800000E+00 1.243000000E-02
1.066353000E+02 6.833010000E+01 1.186300000E+00 1.163000000E-02
1.139931000E+02 6.834090000E+01 1.058500000E+00 1.088000000E-02
1.218587000E+02 6.837120000E+01 9.410300000E-01 1.017000000E-02
1.302669000E+02 6.836460000E+01 8.362100000E-01 9.518000000E-03
1.392553000E+02 6.835290000E+01 7.431400000E-01 8.903000000E-03
1.488640000E+02 6.833800000E+01 6.604900000E-01 8.329000000E-03
1.591356000E+02 6.832100000E+01 5.870900000E-01 7.791000000E-03
1.701159000E+02 6.830270000E+01 5.218900000E-01 7.288000000E-03
1.818539000E+02 6.828390000E+01 4.639700000E-01 6.818000000E-03
1.944018000E+02 6.826500000E+01 4.125200000E-01 6.378000000E-03
2.078156000E+02 6.824630000E+01 3.668000000E-01 5.966000000E-03
2.221548000E+02 6.822790000E+01 3.261700000E-01 5.581000000E-03
2.374835000E+02 6.821010000E+01 2.900700000E-01 5.221000000E-03
2.538699000E+02 6.819280000E+01 2.583900000E-01 4.884000000E-03
2.713869000E+02 6.817690000E+01 2.311300000E-01 4.569000000E-03
2.901126000E+02 6.816220000E+01 2.067600000E-01 4.274000000E-03
3.101304000E+02 6.814870000E+01 1.849800000E-01 3.998000000E-03
3.315294000E+02 6.813630000E+01 1.655000000E-01 3.740000000E-03
3.544049000E+02 6.812470000E+01 1.480800000E-01 3.498000000E-03
3.788588000E+02 6.811410000E+01 1.325000000E-01 3.273000000E-03
4.050001000E+02 6.810420000E+01 1.185700000E-01 3.061000000E-03
4.329451000E+02 6.809510000E+01 1.061100000E-01 2.864000000E-03
