# Data retrieved from physics.nist.gov 03/01/2021
# Element, Eu  (Z = 63) 
# Atomic weight, g mol-1 = 151.9600 
# Nominal density, g cm-3 =  5.2280 
# Relativistic correction estimate f_rel(5CL),  e atom-1 =  -5.7720E-01 
# Nuclear Thomson correction f_NT, e atom-1 =  -1.4328E-02 
#    E [keV]      f1 [e atom-1]      f2 [e atom-1]    Wavelength [nm] 
1.069000000E-02 1.398330000E+01 2.506500000E-01 1.160000000E+02
1.142761000E-02 1.384680000E+01 2.809500000E-01 1.085000000E+02
1.221612000E-02 1.368290000E+01 3.154800000E-01 1.015000000E+02
1.305903000E-02 1.348370000E+01 3.547900000E-01 9.494000000E+01
1.396010000E-02 1.323730000E+01 3.995000000E-01 8.881000000E+01
1.492335000E-02 1.292560000E+01 4.503200000E-01 8.308000000E+01
1.595306000E-02 1.251840000E+01 5.079800000E-01 7.772000000E+01
1.705382000E-02 1.196160000E+01 5.733000000E-01 7.270000000E+01
1.823053000E-02 1.114440000E+01 6.471500000E-01 6.801000000E+01
1.948844000E-02 9.788380000E+00 7.304500000E-01 6.362000000E+01
2.083314000E-02 6.821870000E+00 8.241800000E-01 5.951000000E+01
2.156000000E-02 2.426280000E+00 8.767500000E-01 5.751000000E+01
2.189000000E-02 -4.576150000E+00 9.010400000E-01 5.664000000E+01
2.197800000E-02 -1.322620000E+01 9.075600000E-01 5.641000000E+01
2.211000000E-02 -3.859480000E+00 1.808100000E+01 5.608000000E+01
2.227063000E-02 1.465700000E+00 1.774100000E+01 5.567000000E+01
2.244000000E-02 4.427200000E+00 1.739400000E+01 5.525000000E+01
2.380730000E-02 1.323110000E+01 1.494000000E+01 5.208000000E+01
2.545001000E-02 1.695600000E+01 1.259600000E+01 4.872000000E+01
2.720606000E-02 1.881770000E+01 1.055200000E+01 4.557000000E+01
2.908327000E-02 1.973210000E+01 8.861500000E+00 4.263000000E+01
3.109002000E-02 2.010460000E+01 7.526100000E+00 3.988000000E+01
3.116400000E-02 2.011070000E+01 7.484800000E+00 3.978000000E+01
3.164100000E-02 2.013630000E+01 7.230000000E+00 3.918000000E+01
3.176820000E-02 2.013150000E+01 7.165500000E+00 3.903000000E+01
3.195900000E-02 2.015220000E+01 7.094700000E+00 3.879000000E+01
3.243600000E-02 2.017710000E+01 6.872900000E+00 3.822000000E+01
3.323523000E-02 2.018660000E+01 6.539900000E+00 3.731000000E+01
3.552846000E-02 2.011020000E+01 5.810000000E+00 3.490000000E+01
3.797993000E-02 1.995680000E+01 5.311100000E+00 3.264000000E+01
4.060054000E-02 1.978310000E+01 5.000300000E+00 3.054000000E+01
4.340198000E-02 1.962430000E+01 4.841400000E+00 2.857000000E+01
4.639671000E-02 1.950390000E+01 4.805400000E+00 2.672000000E+01
4.959809000E-02 1.943970000E+01 4.869600000E+00 2.500000000E+01
5.302035000E-02 1.944980000E+01 5.016300000E+00 2.338000000E+01
5.667876000E-02 1.954540000E+01 5.127600000E+00 2.187000000E+01
6.058959000E-02 1.966370000E+01 5.181700000E+00 2.046000000E+01
6.477028000E-02 1.979520000E+01 5.249400000E+00 1.914000000E+01
6.923942000E-02 1.995390000E+01 5.322500000E+00 1.791000000E+01
7.401695000E-02 2.010620000E+01 5.394200000E+00 1.675000000E+01
7.912411000E-02 2.025980000E+01 5.459000000E+00 1.567000000E+01
8.458368000E-02 2.040460000E+01 5.512600000E+00 1.466000000E+01
9.041995000E-02 2.052600000E+01 5.551800000E+00 1.371000000E+01
9.665893000E-02 2.060280000E+01 5.574300000E+00 1.283000000E+01
1.000000000E-01 2.351290000E+01 5.578700000E+00 1.240000000E+01
1.005000000E-01 2.351220000E+01 5.579000000E+00 1.234000000E+01
1.010025000E-01 2.351080000E+01 5.579100000E+00 1.228000000E+01
1.015075100E-01 2.350880000E+01 5.579100000E+00 1.221000000E+01
1.020150500E-01 2.350600000E+01 5.579000000E+00 1.215000000E+01
1.025251300E-01 2.350240000E+01 5.578800000E+00 1.209000000E+01
1.030377500E-01 2.349810000E+01 5.578500000E+00 1.203000000E+01
1.035529400E-01 2.349290000E+01 5.578000000E+00 1.197000000E+01
1.040707000E-01 2.348680000E+01 5.577500000E+00 1.191000000E+01
1.045910600E-01 2.347970000E+01 5.576900000E+00 1.185000000E+01
1.051140100E-01 2.347170000E+01 5.576100000E+00 1.180000000E+01
1.056395800E-01 2.346260000E+01 5.575200000E+00 1.174000000E+01
1.061677800E-01 2.345240000E+01 5.574200000E+00 1.168000000E+01
1.066986200E-01 2.344100000E+01 5.573100000E+00 1.162000000E+01
1.072321100E-01 2.342840000E+01 5.571900000E+00 1.156000000E+01
1.077682700E-01 2.341450000E+01 5.570600000E+00 1.150000000E+01
1.083071200E-01 2.339920000E+01 5.569100000E+00 1.145000000E+01
1.088486500E-01 2.338240000E+01 5.567600000E+00 1.139000000E+01
1.093928900E-01 2.336400000E+01 5.565900000E+00 1.133000000E+01
1.099398600E-01 2.334390000E+01 5.564100000E+00 1.128000000E+01
1.104895600E-01 2.332210000E+01 5.562200000E+00 1.122000000E+01
1.110420100E-01 2.329830000E+01 5.560200000E+00 1.117000000E+01
1.115972200E-01 2.327260000E+01 5.558100000E+00 1.111000000E+01
1.121552000E-01 2.324460000E+01 5.555800000E+00 1.105000000E+01
1.127159800E-01 2.321430000E+01 5.553500000E+00 1.100000000E+01
1.132795600E-01 2.318140000E+01 5.551000000E+00 1.094000000E+01
1.138459600E-01 2.314580000E+01 5.548400000E+00 1.089000000E+01
1.144151900E-01 2.310730000E+01 5.545700000E+00 1.084000000E+01
1.149872600E-01 2.306560000E+01 5.542900000E+00 1.078000000E+01
1.155622000E-01 2.302050000E+01 5.540000000E+00 1.073000000E+01
1.161400100E-01 2.297160000E+01 5.536900000E+00 1.068000000E+01
1.167207100E-01 2.291870000E+01 5.533700000E+00 1.062000000E+01
1.173043100E-01 2.286130000E+01 5.530500000E+00 1.057000000E+01
1.178908300E-01 2.279890000E+01 5.527100000E+00 1.052000000E+01
1.184802900E-01 2.273120000E+01 5.523600000E+00 1.046000000E+01
1.190726900E-01 2.265750000E+01 5.519900000E+00 1.041000000E+01
1.196680500E-01 2.257720000E+01 5.516200000E+00 1.036000000E+01
1.202663900E-01 2.248950000E+01 5.512300000E+00 1.031000000E+01
1.208677200E-01 2.239350000E+01 5.508400000E+00 1.026000000E+01
1.214720600E-01 2.228820000E+01 5.504300000E+00 1.021000000E+01
1.220794200E-01 2.217240000E+01 5.500100000E+00 1.016000000E+01
1.226898200E-01 2.204450000E+01 5.495800000E+00 1.011000000E+01
1.233032700E-01 2.190290000E+01 5.491400000E+00 1.006000000E+01
1.239197900E-01 2.174520000E+01 5.486800000E+00 1.001000000E+01
1.245393900E-01 2.156890000E+01 5.482200000E+00 9.955000000E+00
1.251620800E-01 2.137060000E+01 5.477400000E+00 9.906000000E+00
1.257878900E-01 2.114590000E+01 5.472500000E+00 9.857000000E+00
1.264168300E-01 2.088930000E+01 5.467500000E+00 9.808000000E+00
1.270489200E-01 2.059350000E+01 5.462400000E+00 9.759000000E+00
1.276841600E-01 2.024830000E+01 5.457200000E+00 9.710000000E+00
1.283225800E-01 1.983950000E+01 5.451900000E+00 9.662000000E+00
1.289641900E-01 1.934660000E+01 5.446500000E+00 9.614000000E+00
1.296090200E-01 1.873760000E+01 5.440900000E+00 9.566000000E+00
1.302570600E-01 1.796020000E+01 5.435300000E+00 9.518000000E+00
1.309083500E-01 1.691960000E+01 5.429500000E+00 9.471000000E+00
1.315628900E-01 1.541870000E+01 5.423600000E+00 9.424000000E+00
1.322207000E-01 1.293030000E+01 5.417600000E+00 9.377000000E+00
1.328818100E-01 6.868250000E+00 5.411500000E+00 9.330000000E+00
1.331724300E-01 -7.849660000E+00 5.408800000E+00 9.310000000E+00
1.332275800E-01 -7.667820000E+00 2.508800000E+01 9.306000000E+00
1.335462100E-01 8.895740000E+00 2.449700000E+01 9.284000000E+00
1.342139500E-01 1.644020000E+01 2.332000000E+01 9.238000000E+00
1.348850200E-01 2.010170000E+01 2.221400000E+01 9.192000000E+00
1.355594400E-01 2.250110000E+01 2.117600000E+01 9.146000000E+00
1.362372400E-01 2.424310000E+01 2.020100000E+01 9.101000000E+00
1.369184200E-01 2.557370000E+01 1.928500000E+01 9.055000000E+00
1.376030200E-01 2.662010000E+01 1.842500000E+01 9.010000000E+00
1.382910300E-01 2.745770000E+01 1.761700000E+01 8.965000000E+00
1.389824900E-01 2.813540000E+01 1.685800000E+01 8.921000000E+00
1.396774000E-01 2.868690000E+01 1.614600000E+01 8.876000000E+00
1.403757900E-01 2.913690000E+01 1.547600000E+01 8.832000000E+00
1.410776600E-01 2.950360000E+01 1.484700000E+01 8.788000000E+00
1.417830500E-01 2.980120000E+01 1.425600000E+01 8.745000000E+00
1.424919700E-01 3.004070000E+01 1.370000000E+01 8.701000000E+00
1.432044300E-01 3.023120000E+01 1.317800000E+01 8.658000000E+00
1.439204500E-01 3.037960000E+01 1.268800000E+01 8.615000000E+00
1.446400500E-01 3.049190000E+01 1.222700000E+01 8.572000000E+00
1.453632500E-01 3.057260000E+01 1.179300000E+01 8.529000000E+00
1.460900700E-01 3.062530000E+01 1.138600000E+01 8.487000000E+00
1.468205200E-01 3.065280000E+01 1.100300000E+01 8.445000000E+00
1.475546200E-01 3.065800000E+01 1.065000000E+01 8.403000000E+00
1.482923900E-01 3.064660000E+01 1.032500000E+01 8.361000000E+00
1.490338600E-01 3.062290000E+01 1.002700000E+01 8.319000000E+00
1.497790300E-01 3.059010000E+01 9.751500000E+00 8.278000000E+00
1.505279200E-01 3.055030000E+01 9.497800000E+00 8.237000000E+00
1.512805600E-01 3.050540000E+01 9.263400000E+00 8.196000000E+00
1.520369600E-01 3.045670000E+01 9.046500000E+00 8.155000000E+00
1.527971500E-01 3.040540000E+01 8.845500000E+00 8.114000000E+00
1.535611300E-01 3.035220000E+01 8.659000000E+00 8.074000000E+00
1.543289400E-01 3.029800000E+01 8.485800000E+00 8.034000000E+00
1.551005800E-01 3.024310000E+01 8.324500000E+00 7.994000000E+00
1.558760900E-01 3.018820000E+01 8.174300000E+00 7.954000000E+00
1.566554700E-01 3.013350000E+01 8.034200000E+00 7.914000000E+00
1.574387500E-01 3.007920000E+01 7.903300000E+00 7.875000000E+00
1.582259400E-01 3.002570000E+01 7.780800000E+00 7.836000000E+00
1.590170700E-01 2.997310000E+01 7.666100000E+00 7.797000000E+00
1.598121500E-01 2.992150000E+01 7.558500000E+00 7.758000000E+00
1.606112100E-01 2.987090000E+01 7.457500000E+00 7.720000000E+00
1.614142700E-01 2.982160000E+01 7.362600000E+00 7.681000000E+00
1.622213400E-01 2.977340000E+01 7.273200000E+00 7.643000000E+00
1.630324500E-01 2.972650000E+01 7.189000000E+00 7.605000000E+00
1.638476100E-01 2.968090000E+01 7.109500000E+00 7.567000000E+00
1.646668500E-01 2.963650000E+01 7.034500000E+00 7.529000000E+00
1.654901800E-01 2.959340000E+01 6.963600000E+00 7.492000000E+00
1.663176300E-01 2.955160000E+01 6.896400000E+00 7.455000000E+00
1.671492200E-01 2.951090000E+01 6.832800000E+00 7.418000000E+00
1.679849700E-01 2.947150000E+01 6.772400000E+00 7.381000000E+00
1.688248900E-01 2.943320000E+01 6.715100000E+00 7.344000000E+00
1.696690200E-01 2.939600000E+01 6.660600000E+00 7.307000000E+00
1.705173600E-01 2.936000000E+01 6.608700000E+00 7.271000000E+00
1.713699500E-01 2.932500000E+01 6.559400000E+00 7.235000000E+00
1.722268000E-01 2.929110000E+01 6.512300000E+00 7.199000000E+00
1.730879300E-01 2.925820000E+01 6.467400000E+00 7.163000000E+00
1.739533700E-01 2.922620000E+01 6.424500000E+00 7.127000000E+00
1.748231400E-01 2.919510000E+01 6.383500000E+00 7.092000000E+00
1.756972600E-01 2.916490000E+01 6.344300000E+00 7.057000000E+00
1.765757400E-01 2.913550000E+01 6.306800000E+00 7.022000000E+00
1.774586200E-01 2.910690000E+01 6.270900000E+00 6.987000000E+00
1.783459100E-01 2.907920000E+01 6.236400000E+00 6.952000000E+00
1.792376400E-01 2.905210000E+01 6.203300000E+00 6.917000000E+00
1.801338300E-01 2.902570000E+01 6.171600000E+00 6.883000000E+00
1.810345000E-01 2.900000000E+01 6.141100000E+00 6.849000000E+00
1.819396700E-01 2.897490000E+01 6.111800000E+00 6.815000000E+00
1.828493700E-01 2.895040000E+01 6.083600000E+00 6.781000000E+00
1.837636200E-01 2.892650000E+01 6.056400000E+00 6.747000000E+00
1.846824400E-01 2.890310000E+01 6.030300000E+00 6.713000000E+00
1.856058500E-01 2.888020000E+01 6.005100000E+00 6.680000000E+00
1.865338800E-01 2.885780000E+01 5.980800000E+00 6.647000000E+00
1.874665500E-01 2.883580000E+01 5.957400000E+00 6.614000000E+00
1.884038800E-01 2.881420000E+01 5.934900000E+00 6.581000000E+00
1.893459000E-01 2.879300000E+01 5.913100000E+00 6.548000000E+00
1.902926300E-01 2.877220000E+01 5.892100000E+00 6.515000000E+00
1.912440900E-01 2.875170000E+01 5.871800000E+00 6.483000000E+00
1.922003100E-01 2.873150000E+01 5.852200000E+00 6.451000000E+00
1.931613100E-01 2.871160000E+01 5.833200000E+00 6.419000000E+00
1.941271200E-01 2.869190000E+01 5.814900000E+00 6.387000000E+00
1.950977600E-01 2.867250000E+01 5.797200000E+00 6.355000000E+00
1.960732500E-01 2.865330000E+01 5.780100000E+00 6.323000000E+00
1.970536100E-01 2.863430000E+01 5.763600000E+00 6.292000000E+00
1.980388800E-01 2.861550000E+01 5.747700000E+00 6.261000000E+00
1.990290700E-01 2.859680000E+01 5.732200000E+00 6.229000000E+00
2.000242200E-01 2.857820000E+01 5.717300000E+00 6.198000000E+00
2.010243400E-01 2.855980000E+01 5.702900000E+00 6.168000000E+00
2.020294600E-01 2.854140000E+01 5.689000000E+00 6.137000000E+00
2.030396100E-01 2.852310000E+01 5.675600000E+00 6.106000000E+00
2.040548100E-01 2.850480000E+01 5.662600000E+00 6.076000000E+00
2.050750800E-01 2.848660000E+01 5.650100000E+00 6.046000000E+00
2.061004600E-01 2.846840000E+01 5.638000000E+00 6.016000000E+00
2.071309600E-01 2.845010000E+01 5.626400000E+00 5.986000000E+00
2.081666100E-01 2.843180000E+01 5.615200000E+00 5.956000000E+00
2.092074500E-01 2.841350000E+01 5.604400000E+00 5.926000000E+00
2.102534800E-01 2.839510000E+01 5.594000000E+00 5.897000000E+00
2.113047500E-01 2.837660000E+01 5.584000000E+00 5.868000000E+00
2.123612800E-01 2.835800000E+01 5.574400000E+00 5.838000000E+00
2.134230800E-01 2.833920000E+01 5.565100000E+00 5.809000000E+00
2.144902000E-01 2.832030000E+01 5.556300000E+00 5.780000000E+00
2.155626500E-01 2.830110000E+01 5.547800000E+00 5.752000000E+00
2.166404600E-01 2.828180000E+01 5.539700000E+00 5.723000000E+00
2.177236600E-01 2.826220000E+01 5.532000000E+00 5.695000000E+00
2.188122800E-01 2.824240000E+01 5.524600000E+00 5.666000000E+00
2.199063400E-01 2.822220000E+01 5.517600000E+00 5.638000000E+00
2.210058800E-01 2.820180000E+01 5.511000000E+00 5.610000000E+00
2.221109000E-01 2.818100000E+01 5.504700000E+00 5.582000000E+00
2.232214600E-01 2.815970000E+01 5.498700000E+00 5.554000000E+00
2.243375700E-01 2.813810000E+01 5.493100000E+00 5.527000000E+00
2.254592500E-01 2.811600000E+01 5.487900000E+00 5.499000000E+00
2.265865500E-01 2.809340000E+01 5.483000000E+00 5.472000000E+00
2.277194800E-01 2.807020000E+01 5.478400000E+00 5.445000000E+00
2.288580800E-01 2.804640000E+01 5.474100000E+00 5.418000000E+00
2.300023700E-01 2.802190000E+01 5.470300000E+00 5.391000000E+00
2.311523800E-01 2.799660000E+01 5.466700000E+00 5.364000000E+00
2.323081400E-01 2.797060000E+01 5.463500000E+00 5.337000000E+00
2.334696900E-01 2.794360000E+01 5.460600000E+00 5.311000000E+00
2.346370300E-01 2.791550000E+01 5.458000000E+00 5.284000000E+00
2.358102200E-01 2.788640000E+01 5.455800000E+00 5.258000000E+00
2.369892700E-01 2.785600000E+01 5.453900000E+00 5.232000000E+00
2.381742200E-01 2.782410000E+01 5.452300000E+00 5.206000000E+00
2.393650900E-01 2.779050000E+01 5.451100000E+00 5.180000000E+00
2.405619100E-01 2.775510000E+01 5.450200000E+00 5.154000000E+00
2.417647200E-01 2.771750000E+01 5.449700000E+00 5.128000000E+00
2.429735500E-01 2.767740000E+01 5.449400000E+00 5.103000000E+00
2.441884100E-01 2.763420000E+01 5.449500000E+00 5.077000000E+00
2.454093600E-01 2.758730000E+01 5.449900000E+00 5.052000000E+00
2.466364000E-01 2.753590000E+01 5.450700000E+00 5.027000000E+00
2.478695900E-01 2.747880000E+01 5.451800000E+00 5.002000000E+00
2.491089300E-01 2.741420000E+01 5.453200000E+00 4.977000000E+00
2.503544800E-01 2.733940000E+01 5.454900000E+00 4.952000000E+00
2.516062500E-01 2.724990000E+01 5.457000000E+00 4.928000000E+00
2.528642800E-01 2.713700000E+01 5.459400000E+00 4.903000000E+00
2.541286000E-01 2.698140000E+01 5.462100000E+00 4.879000000E+00
2.553992500E-01 2.671890000E+01 5.465200000E+00 4.855000000E+00
2.564167800E-01 2.606060000E+01 5.467900000E+00 4.835000000E+00
2.566762400E-01 2.575610000E+01 6.547100000E+00 4.830000000E+00
2.567832000E-01 2.605540000E+01 6.547700000E+00 4.828000000E+00
2.579596200E-01 2.672840000E+01 6.554900000E+00 4.806000000E+00
2.592494200E-01 2.694220000E+01 6.563100000E+00 4.782000000E+00
2.605456700E-01 2.706410000E+01 6.571600000E+00 4.759000000E+00
2.618484000E-01 2.714750000E+01 6.580500000E+00 4.735000000E+00
2.631576400E-01 2.720930000E+01 6.589700000E+00 4.711000000E+00
2.644734300E-01 2.725730000E+01 6.599200000E+00 4.688000000E+00
2.657957900E-01 2.729560000E+01 6.609100000E+00 4.665000000E+00
2.671247700E-01 2.732660000E+01 6.619300000E+00 4.641000000E+00
2.684604000E-01 2.735180000E+01 6.629900000E+00 4.618000000E+00
2.698027000E-01 2.737220000E+01 6.640800000E+00 4.595000000E+00
2.711517100E-01 2.738840000E+01 6.652000000E+00 4.573000000E+00
2.725074700E-01 2.740060000E+01 6.663600000E+00 4.550000000E+00
2.738700100E-01 2.740910000E+01 6.675500000E+00 4.527000000E+00
2.752393600E-01 2.741370000E+01 6.687700000E+00 4.505000000E+00
2.766155600E-01 2.741390000E+01 6.700300000E+00 4.482000000E+00
2.779986300E-01 2.740880000E+01 6.713200000E+00 4.460000000E+00
2.793886300E-01 2.739630000E+01 6.726400000E+00 4.438000000E+00
2.807855700E-01 2.737180000E+01 6.739900000E+00 4.416000000E+00
2.821895000E-01 2.732210000E+01 6.753800000E+00 4.394000000E+00
2.836004400E-01 2.715020000E+01 6.768000000E+00 4.372000000E+00
2.836657800E-01 2.712470000E+01 6.768600000E+00 4.371000000E+00
2.841342100E-01 2.712840000E+01 7.106100000E+00 4.364000000E+00
2.850184500E-01 2.730110000E+01 7.116200000E+00 4.350000000E+00
2.864435400E-01 2.739980000E+01 7.132600000E+00 4.328000000E+00
2.878757600E-01 2.745860000E+01 7.149200000E+00 4.307000000E+00
2.893151400E-01 2.750260000E+01 7.166200000E+00 4.285000000E+00
2.907617100E-01 2.753870000E+01 7.183400000E+00 4.264000000E+00
2.922155200E-01 2.756990000E+01 7.200900000E+00 4.243000000E+00
2.936766000E-01 2.759770000E+01 7.218700000E+00 4.222000000E+00
2.951449800E-01 2.762290000E+01 7.236800000E+00 4.201000000E+00
2.966207100E-01 2.764630000E+01 7.255100000E+00 4.180000000E+00
2.981038100E-01 2.766810000E+01 7.273700000E+00 4.159000000E+00
2.995943300E-01 2.768860000E+01 7.292500000E+00 4.138000000E+00
3.010923000E-01 2.770820000E+01 7.311600000E+00 4.118000000E+00
3.025977600E-01 2.772690000E+01 7.330900000E+00 4.097000000E+00
3.041107500E-01 2.774480000E+01 7.350500000E+00 4.077000000E+00
3.056313000E-01 2.776220000E+01 7.370300000E+00 4.057000000E+00
3.071594600E-01 2.777890000E+01 7.390300000E+00 4.036000000E+00
3.086952600E-01 2.779520000E+01 7.410600000E+00 4.016000000E+00
3.102387300E-01 2.781110000E+01 7.431100000E+00 3.996000000E+00
3.117899300E-01 2.782650000E+01 7.451800000E+00 3.977000000E+00
3.133488800E-01 2.784160000E+01 7.472800000E+00 3.957000000E+00
3.149156200E-01 2.785640000E+01 7.493900000E+00 3.937000000E+00
3.164902000E-01 2.787090000E+01 7.515200000E+00 3.917000000E+00
3.180726500E-01 2.788510000E+01 7.536700000E+00 3.898000000E+00
3.196630100E-01 2.789900000E+01 7.558400000E+00 3.879000000E+00
3.212613300E-01 2.791270000E+01 7.580300000E+00 3.859000000E+00
3.228676400E-01 2.792600000E+01 7.602400000E+00 3.840000000E+00
3.244819700E-01 2.793910000E+01 7.624600000E+00 3.821000000E+00
3.261043800E-01 2.795190000E+01 7.647000000E+00 3.802000000E+00
3.277349100E-01 2.796430000E+01 7.669500000E+00 3.783000000E+00
3.293735800E-01 2.797640000E+01 7.692200000E+00 3.764000000E+00
3.310204500E-01 2.798810000E+01 7.715000000E+00 3.746000000E+00
3.326755500E-01 2.799940000E+01 7.737900000E+00 3.727000000E+00
3.343389300E-01 2.801010000E+01 7.760900000E+00 3.708000000E+00
3.360106200E-01 2.802030000E+01 7.784100000E+00 3.690000000E+00
3.376906800E-01 2.802980000E+01 7.807400000E+00 3.672000000E+00
3.393791300E-01 2.803840000E+01 7.830700000E+00 3.653000000E+00
3.410760200E-01 2.804610000E+01 7.854200000E+00 3.635000000E+00
3.427814000E-01 2.805260000E+01 7.877700000E+00 3.617000000E+00
3.444953100E-01 2.805760000E+01 7.901400000E+00 3.599000000E+00
3.462177900E-01 2.806070000E+01 7.925000000E+00 3.581000000E+00
3.479488800E-01 2.806130000E+01 7.948800000E+00 3.563000000E+00
3.496886200E-01 2.805860000E+01 7.972600000E+00 3.546000000E+00
3.514370600E-01 2.805130000E+01 7.996400000E+00 3.528000000E+00
3.531942500E-01 2.803730000E+01 8.020200000E+00 3.510000000E+00
3.549602200E-01 2.801230000E+01 8.044100000E+00 3.493000000E+00
3.567350200E-01 2.796690000E+01 8.068000000E+00 3.476000000E+00
3.585187000E-01 2.786990000E+01 8.091900000E+00 3.458000000E+00
3.597893600E-01 2.765140000E+01 8.108900000E+00 3.446000000E+00
3.603112900E-01 2.744030000E+01 8.640200000E+00 3.441000000E+00
3.606106200E-01 2.766210000E+01 8.644400000E+00 3.438000000E+00
3.621128500E-01 2.793890000E+01 8.665200000E+00 3.424000000E+00
3.639234100E-01 2.807470000E+01 8.690200000E+00 3.407000000E+00
3.657430300E-01 2.816620000E+01 8.715100000E+00 3.390000000E+00
3.675717400E-01 2.823930000E+01 8.740100000E+00 3.373000000E+00
3.694096000E-01 2.830240000E+01 8.765000000E+00 3.356000000E+00
3.712566500E-01 2.835920000E+01 8.789800000E+00 3.340000000E+00
3.731129300E-01 2.841180000E+01 8.814600000E+00 3.323000000E+00
3.749785000E-01 2.846140000E+01 8.839300000E+00 3.306000000E+00
3.768533900E-01 2.850870000E+01 8.863900000E+00 3.290000000E+00
3.787376600E-01 2.855440000E+01 8.888400000E+00 3.274000000E+00
3.806313500E-01 2.859870000E+01 8.912800000E+00 3.257000000E+00
3.825345000E-01 2.864200000E+01 8.937100000E+00 3.241000000E+00
3.844471800E-01 2.868450000E+01 8.961400000E+00 3.225000000E+00
3.863694100E-01 2.872630000E+01 8.985400000E+00 3.209000000E+00
3.883012600E-01 2.876770000E+01 9.009400000E+00 3.193000000E+00
3.902427600E-01 2.880860000E+01 9.033200000E+00 3.177000000E+00
3.921939800E-01 2.884930000E+01 9.056900000E+00 3.161000000E+00
3.941549500E-01 2.888970000E+01 9.080400000E+00 3.146000000E+00
3.961257200E-01 2.892990000E+01 9.103700000E+00 3.130000000E+00
3.981063500E-01 2.897000000E+01 9.126900000E+00 3.114000000E+00
4.000968800E-01 2.898790000E+01 9.149800000E+00 3.099000000E+00
4.020973700E-01 2.902790000E+01 9.172500000E+00 3.083000000E+00
4.041078500E-01 2.906780000E+01 9.195000000E+00 3.068000000E+00
4.061283900E-01 2.910760000E+01 9.217300000E+00 3.053000000E+00
4.081590400E-01 2.914750000E+01 9.239400000E+00 3.038000000E+00
4.101998300E-01 2.918740000E+01 9.261200000E+00 3.023000000E+00
4.122508300E-01 2.922740000E+01 9.282700000E+00 3.007000000E+00
4.143120800E-01 2.926740000E+01 9.303900000E+00 2.993000000E+00
4.163836400E-01 2.930750000E+01 9.324800000E+00 2.978000000E+00
4.184655600E-01 2.934760000E+01 9.345500000E+00 2.963000000E+00
4.205578900E-01 2.938780000E+01 9.365900000E+00 2.948000000E+00
4.226606800E-01 2.942810000E+01 9.385900000E+00 2.933000000E+00
4.247739800E-01 2.946840000E+01 9.405700000E+00 2.919000000E+00
4.268978500E-01 2.950880000E+01 9.425100000E+00 2.904000000E+00
4.290323400E-01 2.954930000E+01 9.444300000E+00 2.890000000E+00
4.311775000E-01 2.958990000E+01 9.463100000E+00 2.875000000E+00
4.333333900E-01 2.963060000E+01 9.481600000E+00 2.861000000E+00
4.355000600E-01 2.967140000E+01 9.499800000E+00 2.847000000E+00
4.376775600E-01 2.971220000E+01 9.517600000E+00 2.833000000E+00
4.398659500E-01 2.975310000E+01 9.535100000E+00 2.819000000E+00
4.420652800E-01 2.979410000E+01 9.552200000E+00 2.805000000E+00
4.442756000E-01 2.983520000E+01 9.569000000E+00 2.791000000E+00
4.464969800E-01 2.987630000E+01 9.585400000E+00 2.777000000E+00
4.487294700E-01 2.991750000E+01 9.601500000E+00 2.763000000E+00
4.509731100E-01 2.995880000E+01 9.617200000E+00 2.749000000E+00
4.532279800E-01 3.000010000E+01 9.632500000E+00 2.736000000E+00
4.554941200E-01 3.004140000E+01 9.647400000E+00 2.722000000E+00
4.577715900E-01 3.008280000E+01 9.661900000E+00 2.708000000E+00
4.600604500E-01 3.012430000E+01 9.676000000E+00 2.695000000E+00
4.623607500E-01 3.016580000E+01 9.689800000E+00 2.682000000E+00
4.646725500E-01 3.020730000E+01 9.703100000E+00 2.668000000E+00
4.669959200E-01 3.024880000E+01 9.716000000E+00 2.655000000E+00
4.693309000E-01 3.029030000E+01 9.728500000E+00 2.642000000E+00
4.716775500E-01 3.033180000E+01 9.740600000E+00 2.629000000E+00
4.740359400E-01 3.037330000E+01 9.752300000E+00 2.616000000E+00
4.764061200E-01 3.041490000E+01 9.763600000E+00 2.602000000E+00
4.787881500E-01 3.045640000E+01 9.774400000E+00 2.590000000E+00
4.811820900E-01 3.049780000E+01 9.784900000E+00 2.577000000E+00
4.835880000E-01 3.053930000E+01 9.794900000E+00 2.564000000E+00
4.860059400E-01 3.058060000E+01 9.804400000E+00 2.551000000E+00
4.884359700E-01 3.062200000E+01 9.813500000E+00 2.538000000E+00
4.908781500E-01 3.066330000E+01 9.822200000E+00 2.526000000E+00
4.933325400E-01 3.070450000E+01 9.830500000E+00 2.513000000E+00
4.957992000E-01 3.074560000E+01 9.838300000E+00 2.501000000E+00
4.982782000E-01 3.078660000E+01 9.845700000E+00 2.488000000E+00
5.007695900E-01 3.082760000E+01 9.852600000E+00 2.476000000E+00
5.032734400E-01 3.086840000E+01 9.859100000E+00 2.464000000E+00
5.057898000E-01 3.090920000E+01 9.865100000E+00 2.451000000E+00
5.083187500E-01 3.094980000E+01 9.870700000E+00 2.439000000E+00
5.108603500E-01 3.099020000E+01 9.875800000E+00 2.427000000E+00
5.134146500E-01 3.103060000E+01 9.880500000E+00 2.415000000E+00
5.159817200E-01 3.107080000E+01 9.884700000E+00 2.403000000E+00
5.185616300E-01 3.111080000E+01 9.888500000E+00 2.391000000E+00
5.211544400E-01 3.115070000E+01 9.891900000E+00 2.379000000E+00
5.237602100E-01 3.119040000E+01 9.894800000E+00 2.367000000E+00
5.263790100E-01 3.122990000E+01 9.897200000E+00 2.355000000E+00
5.290109100E-01 3.126920000E+01 9.899200000E+00 2.344000000E+00
5.316559600E-01 3.130830000E+01 9.900700000E+00 2.332000000E+00
5.343142400E-01 3.134720000E+01 9.901800000E+00 2.320000000E+00
5.369858100E-01 3.138590000E+01 9.902300000E+00 2.309000000E+00
5.396707400E-01 3.142430000E+01 9.902300000E+00 2.297000000E+00
5.423691000E-01 3.146250000E+01 9.901800000E+00 2.286000000E+00
5.450809400E-01 3.150040000E+01 9.900700000E+00 2.275000000E+00
5.478063500E-01 3.153800000E+01 9.899100000E+00 2.263000000E+00
5.505453800E-01 3.157530000E+01 9.897000000E+00 2.252000000E+00
5.532981000E-01 3.161220000E+01 9.894400000E+00 2.241000000E+00
5.560646000E-01 3.164890000E+01 9.891200000E+00 2.230000000E+00
5.588449200E-01 3.168510000E+01 9.887600000E+00 2.219000000E+00
5.616391400E-01 3.172100000E+01 9.883400000E+00 2.208000000E+00
5.644473400E-01 3.175650000E+01 9.878700000E+00 2.197000000E+00
5.672695800E-01 3.179150000E+01 9.873600000E+00 2.186000000E+00
5.701059200E-01 3.182620000E+01 9.867900000E+00 2.175000000E+00
5.729564500E-01 3.186040000E+01 9.861800000E+00 2.164000000E+00
5.758212300E-01 3.189410000E+01 9.855200000E+00 2.153000000E+00
5.787003400E-01 3.192740000E+01 9.848100000E+00 2.142000000E+00
5.815938400E-01 3.196020000E+01 9.840500000E+00 2.132000000E+00
5.845018100E-01 3.199260000E+01 9.832500000E+00 2.121000000E+00
5.874243200E-01 3.202440000E+01 9.824100000E+00 2.111000000E+00
5.903614400E-01 3.205570000E+01 9.815100000E+00 2.100000000E+00
5.933132500E-01 3.208640000E+01 9.805800000E+00 2.090000000E+00
5.962798200E-01 3.211660000E+01 9.796000000E+00 2.079000000E+00
5.992612200E-01 3.214620000E+01 9.785700000E+00 2.069000000E+00
6.022575200E-01 3.217530000E+01 9.775000000E+00 2.059000000E+00
6.052688100E-01 3.220380000E+01 9.763900000E+00 2.048000000E+00
6.082951500E-01 3.223160000E+01 9.752300000E+00 2.038000000E+00
6.113366300E-01 3.225880000E+01 9.740400000E+00 2.028000000E+00
6.143933100E-01 3.228550000E+01 9.728000000E+00 2.018000000E+00
6.174652800E-01 3.231140000E+01 9.715300000E+00 2.008000000E+00
6.205526000E-01 3.233670000E+01 9.702100000E+00 1.998000000E+00
6.236553700E-01 3.236130000E+01 9.688600000E+00 1.988000000E+00
6.267736400E-01 3.238530000E+01 9.674700000E+00 1.978000000E+00
6.299075100E-01 3.240850000E+01 9.660500000E+00 1.968000000E+00
6.330570500E-01 3.243110000E+01 9.645900000E+00 1.959000000E+00
6.362223400E-01 3.245290000E+01 9.630900000E+00 1.949000000E+00
6.394034500E-01 3.247400000E+01 9.615600000E+00 1.939000000E+00
6.426004600E-01 3.249430000E+01 9.599900000E+00 1.929000000E+00
6.458134700E-01 3.251380000E+01 9.583900000E+00 1.920000000E+00
6.490425300E-01 3.253260000E+01 9.567600000E+00 1.910000000E+00
6.522877500E-01 3.255060000E+01 9.551000000E+00 1.901000000E+00
6.555491900E-01 3.256780000E+01 9.534000000E+00 1.891000000E+00
6.588269300E-01 3.258410000E+01 9.516800000E+00 1.882000000E+00
6.621210700E-01 3.259970000E+01 9.499200000E+00 1.873000000E+00
6.654316700E-01 3.261430000E+01 9.481300000E+00 1.863000000E+00
6.687588300E-01 3.262810000E+01 9.463200000E+00 1.854000000E+00
6.721026200E-01 3.264110000E+01 9.444800000E+00 1.845000000E+00
6.754631400E-01 3.265310000E+01 9.426100000E+00 1.836000000E+00
6.788404500E-01 3.266430000E+01 9.407100000E+00 1.826000000E+00
6.822346600E-01 3.267450000E+01 9.387900000E+00 1.817000000E+00
6.856458300E-01 3.268370000E+01 9.368400000E+00 1.808000000E+00
6.890740600E-01 3.269200000E+01 9.348600000E+00 1.799000000E+00
6.925194300E-01 3.269940000E+01 9.328600000E+00 1.790000000E+00
6.959820200E-01 3.270570000E+01 9.308400000E+00 1.781000000E+00
6.994619400E-01 3.271110000E+01 9.287900000E+00 1.773000000E+00
7.029592400E-01 3.271540000E+01 9.267300000E+00 1.764000000E+00
7.064740400E-01 3.271870000E+01 9.246400000E+00 1.755000000E+00
7.100064100E-01 3.272090000E+01 9.225200000E+00 1.746000000E+00
7.135564400E-01 3.272210000E+01 9.203900000E+00 1.738000000E+00
7.171242300E-01 3.272210000E+01 9.182400000E+00 1.729000000E+00
7.207098500E-01 3.272110000E+01 9.160700000E+00 1.720000000E+00
7.243134000E-01 3.271890000E+01 9.138800000E+00 1.712000000E+00
7.279349600E-01 3.271550000E+01 9.116700000E+00 1.703000000E+00
7.315746400E-01 3.271100000E+01 9.094400000E+00 1.695000000E+00
7.352325100E-01 3.270520000E+01 9.071900000E+00 1.686000000E+00
7.389086700E-01 3.269830000E+01 9.049300000E+00 1.678000000E+00
7.426032200E-01 3.269010000E+01 9.026500000E+00 1.670000000E+00
7.463162300E-01 3.268060000E+01 9.003600000E+00 1.661000000E+00
7.500478100E-01 3.266980000E+01 8.980500000E+00 1.653000000E+00
7.537980500E-01 3.265770000E+01 8.957200000E+00 1.645000000E+00
7.575670400E-01 3.264420000E+01 8.933800000E+00 1.637000000E+00
7.613548800E-01 3.262940000E+01 8.910300000E+00 1.628000000E+00
7.651616500E-01 3.261320000E+01 8.886700000E+00 1.620000000E+00
7.689874600E-01 3.259550000E+01 8.862900000E+00 1.612000000E+00
7.728324000E-01 3.258050000E+01 8.839000000E+00 1.604000000E+00
7.766965600E-01 3.255990000E+01 8.815000000E+00 1.596000000E+00
7.805800400E-01 3.253780000E+01 8.790800000E+00 1.588000000E+00
7.844829400E-01 3.251410000E+01 8.766600000E+00 1.580000000E+00
7.884053600E-01 3.248870000E+01 8.742200000E+00 1.573000000E+00
7.923473800E-01 3.246180000E+01 8.717800000E+00 1.565000000E+00
7.963091200E-01 3.243310000E+01 8.693200000E+00 1.557000000E+00
8.002906700E-01 3.240280000E+01 8.668600000E+00 1.549000000E+00
8.042921200E-01 3.237060000E+01 8.643900000E+00 1.542000000E+00
8.083135800E-01 3.233670000E+01 8.619100000E+00 1.534000000E+00
8.123551500E-01 3.230090000E+01 8.594200000E+00 1.526000000E+00
8.164169300E-01 3.226320000E+01 8.569200000E+00 1.519000000E+00
8.204990100E-01 3.222350000E+01 8.544200000E+00 1.511000000E+00
8.246015000E-01 3.218180000E+01 8.519100000E+00 1.504000000E+00
8.287245100E-01 3.213800000E+01 8.494000000E+00 1.496000000E+00
8.328681300E-01 3.209220000E+01 8.468700000E+00 1.489000000E+00
8.370324800E-01 3.204410000E+01 8.443500000E+00 1.481000000E+00
8.412176400E-01 3.199380000E+01 8.418200000E+00 1.474000000E+00
8.454237300E-01 3.194110000E+01 8.392800000E+00 1.467000000E+00
8.496508400E-01 3.188610000E+01 8.367400000E+00 1.459000000E+00
8.538991000E-01 3.182950000E+01 8.341900000E+00 1.452000000E+00
8.581685900E-01 3.176950000E+01 8.316400000E+00 1.445000000E+00
8.624594400E-01 3.170680000E+01 8.290900000E+00 1.438000000E+00
8.667717300E-01 3.164140000E+01 8.265300000E+00 1.430000000E+00
8.711055900E-01 3.157320000E+01 8.239800000E+00 1.423000000E+00
8.754611200E-01 3.150210000E+01 8.214100000E+00 1.416000000E+00
8.798384300E-01 3.142800000E+01 8.188500000E+00 1.409000000E+00
8.842376200E-01 3.135070000E+01 8.162900000E+00 1.402000000E+00
8.886588100E-01 3.127030000E+01 8.137200000E+00 1.395000000E+00
8.931021000E-01 3.118640000E+01 8.111500000E+00 1.388000000E+00
8.975676100E-01 3.109910000E+01 8.085800000E+00 1.381000000E+00
9.020554500E-01 3.100820000E+01 8.060100000E+00 1.374000000E+00
9.065657300E-01 3.091350000E+01 8.034400000E+00 1.368000000E+00
9.110985600E-01 3.081500000E+01 8.008700000E+00 1.361000000E+00
9.156540500E-01 3.071230000E+01 7.983000000E+00 1.354000000E+00
9.202323200E-01 3.060540000E+01 7.957300000E+00 1.347000000E+00
9.248334800E-01 3.049410000E+01 7.931600000E+00 1.341000000E+00
9.294576500E-01 3.037830000E+01 7.905900000E+00 1.334000000E+00
9.341049400E-01 3.025760000E+01 7.880200000E+00 1.327000000E+00
9.387754600E-01 3.013200000E+01 7.854500000E+00 1.321000000E+00
9.434693400E-01 3.000110000E+01 7.828900000E+00 1.314000000E+00
9.481866800E-01 2.986490000E+01 7.803200000E+00 1.308000000E+00
9.529276200E-01 2.972310000E+01 7.777600000E+00 1.301000000E+00
9.576922600E-01 2.957540000E+01 7.752000000E+00 1.295000000E+00
9.624807200E-01 2.942180000E+01 7.726400000E+00 1.288000000E+00
9.672931200E-01 2.926200000E+01 7.700900000E+00 1.282000000E+00
9.721295900E-01 2.909590000E+01 7.675300000E+00 1.275000000E+00
9.769902300E-01 2.892350000E+01 7.649800000E+00 1.269000000E+00
9.818751900E-01 2.874500000E+01 7.624300000E+00 1.263000000E+00
9.867845600E-01 2.856070000E+01 7.598900000E+00 1.256000000E+00
9.917184800E-01 2.837150000E+01 7.573500000E+00 1.250000000E+00
9.966770800E-01 2.817900000E+01 7.548100000E+00 1.244000000E+00
1.001660500E+00 2.796860000E+01 7.518000000E+00 1.238000000E+00
1.006668800E+00 2.771370000E+01 7.478600000E+00 1.232000000E+00
1.011702100E+00 2.744380000E+01 7.439400000E+00 1.226000000E+00
1.016760600E+00 2.715760000E+01 7.400400000E+00 1.219000000E+00
1.021844400E+00 2.685350000E+01 7.361700000E+00 1.213000000E+00
1.026953600E+00 2.652990000E+01 7.323000000E+00 1.207000000E+00
1.032088400E+00 2.618480000E+01 7.282700000E+00 1.201000000E+00
1.037248900E+00 2.581560000E+01 7.242700000E+00 1.195000000E+00
1.042435100E+00 2.541970000E+01 7.202900000E+00 1.189000000E+00
1.047647300E+00 2.499400000E+01 7.163300000E+00 1.183000000E+00
1.052885500E+00 2.453450000E+01 7.124100000E+00 1.178000000E+00
1.058149900E+00 2.403670000E+01 7.085000000E+00 1.172000000E+00
1.063440700E+00 2.349480000E+01 7.046200000E+00 1.166000000E+00
1.068757900E+00 2.290190000E+01 7.007700000E+00 1.160000000E+00
1.074101700E+00 2.224900000E+01 6.969400000E+00 1.154000000E+00
1.079472200E+00 2.152450000E+01 6.931300000E+00 1.149000000E+00
1.084869500E+00 2.071340000E+01 6.893500000E+00 1.143000000E+00
1.090293900E+00 1.979440000E+01 6.855900000E+00 1.137000000E+00
1.095745400E+00 1.873780000E+01 6.818500000E+00 1.132000000E+00
1.101224100E+00 1.749940000E+01 6.781400000E+00 1.126000000E+00
1.106730200E+00 1.600810000E+01 6.744500000E+00 1.120000000E+00
1.112263900E+00 1.413860000E+01 6.707800000E+00 1.115000000E+00
1.117825200E+00 1.163320000E+01 6.671400000E+00 1.109000000E+00
1.123414300E+00 7.796660000E+00 6.635200000E+00 1.104000000E+00
1.129031400E+00 -1.328440000E+00 6.599200000E+00 1.098000000E+00
1.130771100E+00 -1.831390000E+01 6.588100000E+00 1.096000000E+00
1.131028900E+00 -1.865910000E+01 2.640700000E+01 1.096000000E+00
1.134676500E+00 2.344540000E+00 2.627700000E+01 1.093000000E+00
1.140349900E+00 7.404660000E+00 2.607500000E+01 1.087000000E+00
1.146051700E+00 9.281250000E+00 2.587500000E+01 1.082000000E+00
1.151781900E+00 9.488130000E+00 2.567700000E+01 1.076000000E+00
1.157540800E+00 6.900420000E+00 2.548000000E+01 1.071000000E+00
1.160384100E+00 -3.306560000E+00 2.538300000E+01 1.068000000E+00
1.160815800E+00 -3.406330000E+00 3.839400000E+01 1.068000000E+00
1.163328500E+00 7.752670000E+00 3.826300000E+01 1.066000000E+00
1.169145200E+00 1.376800000E+01 3.796400000E+01 1.060000000E+00
1.174990900E+00 1.703080000E+01 3.766700000E+01 1.055000000E+00
1.180865900E+00 1.941960000E+01 3.737300000E+01 1.050000000E+00
1.186770200E+00 2.134580000E+01 3.708000000E+01 1.045000000E+00
1.192704000E+00 2.297550000E+01 3.679100000E+01 1.040000000E+00
1.198667600E+00 2.439500000E+01 3.650300000E+01 1.034000000E+00
1.204660900E+00 2.565540000E+01 3.621800000E+01 1.029000000E+00
1.210684200E+00 2.679030000E+01 3.593500000E+01 1.024000000E+00
1.216737600E+00 2.782300000E+01 3.565500000E+01 1.019000000E+00
1.222821300E+00 2.877020000E+01 3.537600000E+01 1.014000000E+00
1.228935400E+00 2.964480000E+01 3.510000000E+01 1.009000000E+00
1.235080100E+00 3.045660000E+01 3.482700000E+01 1.004000000E+00
1.241255500E+00 3.121340000E+01 3.455500000E+01 9.989000000E-01
1.247461800E+00 3.192150000E+01 3.428600000E+01 9.939000000E-01
1.253699100E+00 3.258620000E+01 3.401800000E+01 9.889000000E-01
1.259967600E+00 3.321160000E+01 3.375300000E+01 9.840000000E-01
1.266267400E+00 3.380140000E+01 3.349000000E+01 9.791000000E-01
1.272598800E+00 3.435860000E+01 3.322900000E+01 9.743000000E-01
1.278961800E+00 3.488590000E+01 3.297000000E+01 9.694000000E-01
1.285356600E+00 3.538540000E+01 3.271400000E+01 9.646000000E-01
1.291783300E+00 3.585910000E+01 3.245900000E+01 9.598000000E-01
1.298242300E+00 3.630870000E+01 3.220700000E+01 9.550000000E-01
1.304733500E+00 3.673560000E+01 3.195600000E+01 9.503000000E-01
1.311257100E+00 3.714110000E+01 3.170700000E+01 9.455000000E-01
1.317813400E+00 3.752620000E+01 3.146100000E+01 9.408000000E-01
1.324402500E+00 3.789180000E+01 3.121600000E+01 9.362000000E-01
1.331024500E+00 3.823890000E+01 3.097300000E+01 9.315000000E-01
1.337679600E+00 3.856790000E+01 3.073200000E+01 9.269000000E-01
1.344368000E+00 3.887950000E+01 3.049200000E+01 9.222000000E-01
1.351089900E+00 3.917400000E+01 3.025500000E+01 9.177000000E-01
1.357845300E+00 3.945170000E+01 3.002000000E+01 9.131000000E-01
1.364634500E+00 3.971270000E+01 2.978600000E+01 9.086000000E-01
1.371457700E+00 3.995710000E+01 2.955400000E+01 9.040000000E-01
1.378315000E+00 4.018470000E+01 2.932400000E+01 8.995000000E-01
1.385206600E+00 4.039520000E+01 2.909700000E+01 8.951000000E-01
1.392132600E+00 4.058780000E+01 2.887000000E+01 8.906000000E-01
1.399093300E+00 4.076190000E+01 2.864600000E+01 8.862000000E-01
1.406088700E+00 4.091590000E+01 2.842400000E+01 8.818000000E-01
1.413119200E+00 4.104820000E+01 2.820300000E+01 8.774000000E-01
1.420184800E+00 4.115600000E+01 2.798400000E+01 8.730000000E-01
1.427285700E+00 4.123570000E+01 2.776700000E+01 8.687000000E-01
1.434422100E+00 4.128150000E+01 2.755100000E+01 8.643000000E-01
1.441594200E+00 4.128480000E+01 2.733800000E+01 8.600000000E-01
1.448802200E+00 4.123130000E+01 2.712500000E+01 8.558000000E-01
1.456046200E+00 4.109480000E+01 2.691500000E+01 8.515000000E-01
1.463326500E+00 4.082090000E+01 2.670600000E+01 8.473000000E-01
1.470643100E+00 4.026000000E+01 2.649900000E+01 8.431000000E-01
1.477996300E+00 3.857290000E+01 2.629500000E+01 8.389000000E-01
1.479443700E+00 3.745970000E+01 2.625500000E+01 8.380000000E-01
1.481756300E+00 3.745740000E+01 3.067800000E+01 8.367000000E-01
1.485386300E+00 3.960330000E+01 3.055500000E+01 8.347000000E-01
1.492813200E+00 4.115180000E+01 3.030600000E+01 8.305000000E-01
1.500277300E+00 4.202330000E+01 3.005900000E+01 8.264000000E-01
1.507778700E+00 4.265910000E+01 2.981400000E+01 8.223000000E-01
1.515317600E+00 4.316920000E+01 2.957100000E+01 8.182000000E-01
1.522894200E+00 4.359790000E+01 2.933100000E+01 8.141000000E-01
1.530508600E+00 4.396720000E+01 2.909300000E+01 8.101000000E-01
1.538161200E+00 4.428910000E+01 2.885600000E+01 8.061000000E-01
1.545852000E+00 4.456990000E+01 2.862200000E+01 8.020000000E-01
1.553581200E+00 4.481200000E+01 2.839000000E+01 7.981000000E-01
1.561349100E+00 4.502100000E+01 2.817900000E+01 7.941000000E-01
1.569155900E+00 4.520330000E+01 2.797100000E+01 7.901000000E-01
1.577001700E+00 4.535410000E+01 2.776600000E+01 7.862000000E-01
1.584886700E+00 4.546520000E+01 2.756400000E+01 7.823000000E-01
1.592811100E+00 4.551950000E+01 2.736400000E+01 7.784000000E-01
1.600775200E+00 4.547310000E+01 2.716700000E+01 7.745000000E-01
1.608779000E+00 4.514260000E+01 2.697200000E+01 7.707000000E-01
1.612549100E+00 4.445610000E+01 2.688100000E+01 7.689000000E-01
1.615250800E+00 4.450360000E+01 2.868700000E+01 7.676000000E-01
1.616822900E+00 4.500860000E+01 2.864600000E+01 7.668000000E-01
1.624907000E+00 4.601430000E+01 2.843400000E+01 7.630000000E-01
1.633031600E+00 4.654430000E+01 2.822500000E+01 7.592000000E-01
1.641196700E+00 4.694540000E+01 2.801800000E+01 7.555000000E-01
1.649402700E+00 4.728120000E+01 2.781400000E+01 7.517000000E-01
1.657649700E+00 4.757560000E+01 2.761200000E+01 7.480000000E-01
1.665938000E+00 4.783980000E+01 2.741200000E+01 7.442000000E-01
1.674267700E+00 4.808040000E+01 2.721500000E+01 7.405000000E-01
1.682639000E+00 4.830070000E+01 2.701900000E+01 7.368000000E-01
1.691052200E+00 4.850270000E+01 2.682600000E+01 7.332000000E-01
1.699507500E+00 4.868830000E+01 2.664200000E+01 7.295000000E-01
1.708005000E+00 4.886320000E+01 2.646400000E+01 7.259000000E-01
1.716545000E+00 4.902750000E+01 2.628800000E+01 7.223000000E-01
1.725127800E+00 4.918080000E+01 2.611400000E+01 7.187000000E-01
1.733753400E+00 4.932270000E+01 2.594200000E+01 7.151000000E-01
1.742422200E+00 4.945210000E+01 2.577300000E+01 7.116000000E-01
1.751134300E+00 4.956740000E+01 2.560500000E+01 7.080000000E-01
1.759889900E+00 4.966530000E+01 2.544000000E+01 7.045000000E-01
1.768689400E+00 4.974000000E+01 2.527700000E+01 7.010000000E-01
1.777532800E+00 4.977910000E+01 2.511600000E+01 6.975000000E-01
1.786420500E+00 4.975020000E+01 2.495600000E+01 6.940000000E-01
1.795352600E+00 4.950460000E+01 2.479900000E+01 6.906000000E-01
1.797300000E+00 4.933440000E+01 2.476500000E+01 6.898000000E-01
1.802700000E+00 4.941810000E+01 2.585100000E+01 6.878000000E-01
1.804329400E+00 4.962370000E+01 2.582200000E+01 6.871000000E-01
1.813351000E+00 5.019840000E+01 2.566400000E+01 6.837000000E-01
1.822417800E+00 5.054010000E+01 2.550700000E+01 6.803000000E-01
1.831529900E+00 5.081170000E+01 2.535100000E+01 6.769000000E-01
1.840687500E+00 5.104770000E+01 2.519700000E+01 6.736000000E-01
1.849890900E+00 5.126150000E+01 2.504500000E+01 6.702000000E-01
1.859140400E+00 5.145990000E+01 2.489400000E+01 6.669000000E-01
1.868436100E+00 5.164670000E+01 2.474400000E+01 6.636000000E-01
1.877778300E+00 5.182430000E+01 2.459600000E+01 6.603000000E-01
1.887167200E+00 5.199430000E+01 2.444900000E+01 6.570000000E-01
1.896603000E+00 5.215800000E+01 2.430500000E+01 6.537000000E-01
1.906086000E+00 5.231720000E+01 2.416200000E+01 6.505000000E-01
1.915616500E+00 5.247250000E+01 2.402000000E+01 6.472000000E-01
1.925194500E+00 5.262470000E+01 2.388000000E+01 6.440000000E-01
1.934820500E+00 5.277250000E+01 2.373300000E+01 6.408000000E-01
1.944494600E+00 5.291560000E+01 2.358700000E+01 6.376000000E-01
1.954217100E+00 5.305450000E+01 2.344200000E+01 6.344000000E-01
1.963988200E+00 5.318960000E+01 2.329900000E+01 6.313000000E-01
1.973808100E+00 5.332130000E+01 2.315600000E+01 6.281000000E-01
1.983677200E+00 5.344980000E+01 2.301500000E+01 6.250000000E-01
1.993595500E+00 5.357540000E+01 2.287500000E+01 6.219000000E-01
2.003563500E+00 5.369830000E+01 2.273500000E+01 6.188000000E-01
2.013581300E+00 5.381860000E+01 2.259700000E+01 6.157000000E-01
2.023649200E+00 5.393650000E+01 2.245900000E+01 6.127000000E-01
2.033767500E+00 5.405210000E+01 2.232300000E+01 6.096000000E-01
2.043936300E+00 5.416570000E+01 2.218700000E+01 6.066000000E-01
2.054156000E+00 5.427730000E+01 2.205200000E+01 6.036000000E-01
2.064426800E+00 5.438700000E+01 2.191800000E+01 6.006000000E-01
2.074748900E+00 5.449510000E+01 2.178500000E+01 5.976000000E-01
2.085122700E+00 5.460170000E+01 2.165300000E+01 5.946000000E-01
2.095548300E+00 5.470700000E+01 2.152100000E+01 5.917000000E-01
2.106026000E+00 5.481060000E+01 2.138800000E+01 5.887000000E-01
2.116556200E+00 5.491180000E+01 2.125400000E+01 5.858000000E-01
2.127138900E+00 5.501100000E+01 2.112200000E+01 5.829000000E-01
2.137774600E+00 5.510810000E+01 2.099000000E+01 5.800000000E-01
2.148463500E+00 5.520330000E+01 2.085800000E+01 5.771000000E-01
2.159205800E+00 5.529680000E+01 2.072800000E+01 5.742000000E-01
2.170001800E+00 5.538850000E+01 2.059800000E+01 5.714000000E-01
2.180851900E+00 5.547870000E+01 2.046900000E+01 5.685000000E-01
2.191756100E+00 5.556720000E+01 2.034100000E+01 5.657000000E-01
2.202714900E+00 5.565430000E+01 2.021300000E+01 5.629000000E-01
2.213728500E+00 5.574000000E+01 2.008600000E+01 5.601000000E-01
2.224797100E+00 5.582430000E+01 1.996000000E+01 5.573000000E-01
2.235921100E+00 5.590720000E+01 1.983500000E+01 5.545000000E-01
2.247100700E+00 5.598900000E+01 1.971100000E+01 5.518000000E-01
2.258336200E+00 5.606950000E+01 1.958700000E+01 5.490000000E-01
2.269627900E+00 5.636900000E+01 1.946000000E+01 5.463000000E-01
2.280976000E+00 5.644700000E+01 1.933200000E+01 5.436000000E-01
2.292380900E+00 5.652330000E+01 1.920500000E+01 5.409000000E-01
2.303842800E+00 5.659810000E+01 1.907900000E+01 5.382000000E-01
2.315362000E+00 5.667130000E+01 1.895300000E+01 5.355000000E-01
2.326938800E+00 5.689280000E+01 1.882700000E+01 5.328000000E-01
2.338573500E+00 5.696330000E+01 1.870000000E+01 5.302000000E-01
2.350266400E+00 5.703190000E+01 1.857300000E+01 5.275000000E-01
2.362017700E+00 5.709880000E+01 1.844600000E+01 5.249000000E-01
2.373827800E+00 5.716390000E+01 1.832000000E+01 5.223000000E-01
2.385697000E+00 5.722740000E+01 1.819600000E+01 5.197000000E-01
2.397625400E+00 5.728930000E+01 1.807200000E+01 5.171000000E-01
2.409613600E+00 5.734970000E+01 1.794800000E+01 5.145000000E-01
2.421661600E+00 5.740870000E+01 1.782600000E+01 5.120000000E-01
2.433769900E+00 5.746620000E+01 1.770500000E+01 5.094000000E-01
2.445938800E+00 5.752250000E+01 1.758400000E+01 5.069000000E-01
2.458168500E+00 5.757740000E+01 1.746400000E+01 5.044000000E-01
2.470459300E+00 5.763110000E+01 1.734500000E+01 5.019000000E-01
2.482811600E+00 5.768350000E+01 1.722700000E+01 4.994000000E-01
2.495225700E+00 5.773480000E+01 1.711000000E+01 4.969000000E-01
2.507701800E+00 5.778510000E+01 1.699200000E+01 4.944000000E-01
2.520240300E+00 5.783410000E+01 1.687400000E+01 4.920000000E-01
2.532841500E+00 5.788200000E+01 1.675600000E+01 4.895000000E-01
2.545505700E+00 5.792870000E+01 1.663900000E+01 4.871000000E-01
2.558233300E+00 5.797430000E+01 1.652400000E+01 4.846000000E-01
2.571024400E+00 5.801880000E+01 1.640900000E+01 4.822000000E-01
2.583879600E+00 5.806230000E+01 1.629500000E+01 4.798000000E-01
2.596799000E+00 5.810480000E+01 1.618200000E+01 4.775000000E-01
2.609782900E+00 5.814630000E+01 1.606900000E+01 4.751000000E-01
2.622831900E+00 5.818690000E+01 1.595800000E+01 4.727000000E-01
2.635946000E+00 5.822660000E+01 1.584700000E+01 4.704000000E-01
2.649125700E+00 5.826540000E+01 1.573700000E+01 4.680000000E-01
2.662371400E+00 5.830330000E+01 1.562900000E+01 4.657000000E-01
2.675683200E+00 5.834050000E+01 1.552100000E+01 4.634000000E-01
2.689061700E+00 5.837680000E+01 1.541300000E+01 4.611000000E-01
2.702507000E+00 5.841250000E+01 1.530700000E+01 4.588000000E-01
2.716019500E+00 5.844740000E+01 1.520200000E+01 4.565000000E-01
2.729599600E+00 5.848160000E+01 1.509700000E+01 4.542000000E-01
2.743247600E+00 5.851530000E+01 1.499300000E+01 4.520000000E-01
2.756963800E+00 5.854830000E+01 1.489000000E+01 4.497000000E-01
2.770748600E+00 5.858070000E+01 1.478800000E+01 4.475000000E-01
2.784602400E+00 5.861270000E+01 1.468700000E+01 4.452000000E-01
2.798525400E+00 5.864410000E+01 1.458700000E+01 4.430000000E-01
2.812518000E+00 5.867520000E+01 1.448700000E+01 4.408000000E-01
2.826580600E+00 5.870580000E+01 1.438800000E+01 4.386000000E-01
2.840713500E+00 5.873610000E+01 1.429000000E+01 4.365000000E-01
2.854917100E+00 5.876620000E+01 1.419300000E+01 4.343000000E-01
2.869191700E+00 5.879600000E+01 1.409700000E+01 4.321000000E-01
2.883537600E+00 5.882570000E+01 1.400100000E+01 4.300000000E-01
2.897955300E+00 5.885530000E+01 1.390600000E+01 4.278000000E-01
2.912445100E+00 5.888500000E+01 1.381200000E+01 4.257000000E-01
2.927007300E+00 5.891480000E+01 1.371900000E+01 4.236000000E-01
2.941642400E+00 5.894500000E+01 1.362600000E+01 4.215000000E-01
2.956350600E+00 5.897560000E+01 1.353500000E+01 4.194000000E-01
2.971132300E+00 5.911790000E+01 1.344300000E+01 4.173000000E-01
2.985988000E+00 5.915150000E+01 1.335100000E+01 4.152000000E-01
3.000917900E+00 5.918800000E+01 1.325800000E+01 4.132000000E-01
3.015922500E+00 5.921040000E+01 1.315300000E+01 4.111000000E-01
3.031002100E+00 5.923130000E+01 1.304800000E+01 4.091000000E-01
3.046157100E+00 5.925110000E+01 1.294400000E+01 4.070000000E-01
3.061387900E+00 5.926960000E+01 1.284100000E+01 4.050000000E-01
3.076694900E+00 5.928700000E+01 1.273900000E+01 4.030000000E-01
3.092078300E+00 5.930330000E+01 1.263800000E+01 4.010000000E-01
3.107538700E+00 5.931860000E+01 1.253800000E+01 3.990000000E-01
3.123076400E+00 5.933290000E+01 1.243900000E+01 3.970000000E-01
3.138691800E+00 5.934640000E+01 1.234100000E+01 3.950000000E-01
3.154385300E+00 5.935890000E+01 1.224300000E+01 3.931000000E-01
3.170157200E+00 5.937070000E+01 1.214700000E+01 3.911000000E-01
3.186008000E+00 5.938160000E+01 1.205100000E+01 3.892000000E-01
3.201938000E+00 5.939180000E+01 1.195700000E+01 3.872000000E-01
3.217947700E+00 5.940120000E+01 1.186300000E+01 3.853000000E-01
3.234037400E+00 5.945770000E+01 1.176900000E+01 3.834000000E-01
3.250207600E+00 5.946610000E+01 1.167500000E+01 3.815000000E-01
3.266458700E+00 5.947370000E+01 1.158200000E+01 3.796000000E-01
3.282791000E+00 5.948040000E+01 1.148900000E+01 3.777000000E-01
3.299204900E+00 5.948630000E+01 1.139800000E+01 3.758000000E-01
3.315700900E+00 5.949150000E+01 1.130700000E+01 3.739000000E-01
3.332279400E+00 5.949590000E+01 1.121700000E+01 3.721000000E-01
3.348940800E+00 5.949970000E+01 1.112800000E+01 3.702000000E-01
3.365685600E+00 5.950270000E+01 1.104000000E+01 3.684000000E-01
3.382514000E+00 5.950510000E+01 1.095200000E+01 3.665000000E-01
3.399426500E+00 5.950690000E+01 1.086600000E+01 3.647000000E-01
3.416423700E+00 5.950810000E+01 1.078000000E+01 3.629000000E-01
3.433505800E+00 5.950870000E+01 1.069500000E+01 3.611000000E-01
3.450673300E+00 5.950870000E+01 1.061000000E+01 3.593000000E-01
3.467926700E+00 5.950820000E+01 1.052700000E+01 3.575000000E-01
3.485266300E+00 5.950710000E+01 1.044400000E+01 3.557000000E-01
3.502692700E+00 5.950550000E+01 1.036200000E+01 3.540000000E-01
3.520206100E+00 5.950340000E+01 1.028000000E+01 3.522000000E-01
3.537807200E+00 5.950080000E+01 1.020000000E+01 3.505000000E-01
3.555496200E+00 5.949780000E+01 1.012000000E+01 3.487000000E-01
3.573273700E+00 5.949420000E+01 1.004000000E+01 3.470000000E-01
3.591140000E+00 5.949030000E+01 9.961800000E+00 3.453000000E-01
3.609095700E+00 5.950650000E+01 9.883600000E+00 3.435000000E-01
3.627141200E+00 5.950180000E+01 9.805700000E+00 3.418000000E-01
3.645276900E+00 5.949660000E+01 9.728500000E+00 3.401000000E-01
3.663503300E+00 5.949090000E+01 9.652000000E+00 3.384000000E-01
3.681820800E+00 5.948470000E+01 9.576100000E+00 3.367000000E-01
3.700229900E+00 5.947810000E+01 9.501000000E+00 3.351000000E-01
3.718731100E+00 5.947100000E+01 9.426400000E+00 3.334000000E-01
3.737324700E+00 5.946340000E+01 9.352600000E+00 3.317000000E-01
3.756011400E+00 5.945550000E+01 9.279400000E+00 3.301000000E-01
3.774791400E+00 5.944710000E+01 9.206800000E+00 3.285000000E-01
3.793665400E+00 5.943830000E+01 9.134900000E+00 3.268000000E-01
3.812633700E+00 5.942910000E+01 9.063600000E+00 3.252000000E-01
3.831696900E+00 5.941950000E+01 8.992900000E+00 3.236000000E-01
3.850855400E+00 5.940950000E+01 8.922900000E+00 3.220000000E-01
3.870109600E+00 5.939910000E+01 8.853500000E+00 3.204000000E-01
3.889460200E+00 5.938840000E+01 8.784700000E+00 3.188000000E-01
3.908907500E+00 5.937730000E+01 8.716500000E+00 3.172000000E-01
3.928452000E+00 5.936580000E+01 8.648800000E+00 3.156000000E-01
3.948094300E+00 5.935390000E+01 8.581800000E+00 3.140000000E-01
3.967834700E+00 5.934170000E+01 8.515400000E+00 3.125000000E-01
3.987673900E+00 5.932920000E+01 8.449500000E+00 3.109000000E-01
4.055024000E+00 5.963580000E+01 8.232500000E+00 3.058000000E-01
4.334821000E+00 5.937050000E+01 7.428600000E+00 2.860000000E-01
4.633924000E+00 5.905580000E+01 6.712500000E+00 2.676000000E-01
4.953664000E+00 5.868520000E+01 6.067600000E+00 2.503000000E-01
5.295467000E+00 5.822260000E+01 5.461600000E+00 2.341000000E-01
5.660855000E+00 5.761510000E+01 4.920500000E+00 2.190000000E-01
6.051453000E+00 5.676670000E+01 4.441200000E+00 2.049000000E-01
6.469004000E+00 5.536930000E+01 4.013400000E+00 1.917000000E-01
6.837362000E+00 5.246080000E+01 3.679700000E+00 1.813000000E-01
6.915365000E+00 5.065220000E+01 3.615200000E+00 1.793000000E-01
6.942016000E+00 4.940060000E+01 3.593600000E+00 1.786000000E-01
6.969923000E+00 4.583460000E+01 3.571300000E+00 1.779000000E-01
7.011785000E+00 4.938930000E+01 1.048500000E+01 1.768000000E-01
7.116438000E+00 5.245560000E+01 1.014900000E+01 1.742000000E-01
7.392525000E+00 5.411150000E+01 9.366900000E+00 1.677000000E-01
7.464758000E+00 5.403250000E+01 9.202600000E+00 1.661000000E-01
7.579014000E+00 5.294940000E+01 8.958000000E+00 1.636000000E-01
7.609483000E+00 5.126850000E+01 8.895700000E+00 1.629000000E-01
7.655185000E+00 5.317560000E+01 1.227400000E+01 1.620000000E-01
7.769442000E+00 5.497780000E+01 1.193800000E+01 1.596000000E-01
7.890960000E+00 5.569370000E+01 1.159900000E+01 1.571000000E-01
7.902609000E+00 5.573030000E+01 1.156800000E+01 1.569000000E-01
8.011740000E+00 5.562990000E+01 1.128400000E+01 1.548000000E-01
8.043948000E+00 5.489260000E+01 1.120700000E+01 1.541000000E-01
8.092260000E+00 5.599070000E+01 1.284400000E+01 1.532000000E-01
8.213040000E+00 5.725650000E+01 1.256200000E+01 1.510000000E-01
8.447890000E+00 5.852240000E+01 1.205200000E+01 1.468000000E-01
9.030794000E+00 6.035150000E+01 1.088600000E+01 1.373000000E-01
9.653919000E+00 6.143280000E+01 9.745300000E+00 1.284000000E-01
1.032004000E+01 6.213120000E+01 8.722000000E+00 1.201000000E-01
1.103212000E+01 6.259700000E+01 7.799100000E+00 1.124000000E-01
1.179334000E+01 6.290210000E+01 6.977100000E+00 1.051000000E-01
1.260708000E+01 6.310040000E+01 6.247100000E+00 9.834000000E-02
1.347697000E+01 6.322580000E+01 5.598400000E+00 9.200000000E-02
1.440688000E+01 6.336960000E+01 5.010600000E+00 8.606000000E-02
1.540095000E+01 6.343310000E+01 4.476800000E+00 8.050000000E-02
1.646362000E+01 6.345670000E+01 3.991500000E+00 7.531000000E-02
1.759961000E+01 6.341610000E+01 3.554400000E+00 7.045000000E-02
1.881398000E+01 6.335370000E+01 3.168000000E+00 6.590000000E-02
2.011215000E+01 6.327760000E+01 2.826100000E+00 6.165000000E-02
2.149988000E+01 6.319250000E+01 2.523300000E+00 5.767000000E-02
2.298338000E+01 6.310180000E+01 2.255000000E+00 5.395000000E-02
2.456923000E+01 6.300780000E+01 2.016900000E+00 5.046000000E-02
2.626450000E+01 6.291350000E+01 1.805400000E+00 4.721000000E-02
2.807676000E+01 6.282230000E+01 1.605100000E+00 4.416000000E-02
3.001405000E+01 6.271260000E+01 1.424800000E+00 4.131000000E-02
3.208502000E+01 6.259150000E+01 1.262700000E+00 3.864000000E-02
3.429889000E+01 6.245580000E+01 1.118600000E+00 3.615000000E-02
3.666551000E+01 6.229830000E+01 9.879000000E-01 3.381000000E-02
3.919543000E+01 6.210280000E+01 8.719400000E-01 3.163000000E-02
4.189992000E+01 6.183700000E+01 7.697500000E-01 2.959000000E-02
4.479101000E+01 6.139900000E+01 6.800700000E-01 2.768000000E-02
4.754862000E+01 6.032800000E+01 6.090800000E-01 2.608000000E-02
4.788159000E+01 5.997830000E+01 6.013100000E-01 2.589000000E-02
4.827641000E+01 5.915540000E+01 5.923000000E-01 2.568000000E-02
4.847048000E+01 5.775070000E+01 5.879500000E-01 2.558000000E-02
4.876160000E+01 5.917030000E+01 3.347000000E+00 2.543000000E-02
4.948938000E+01 6.045330000E+01 3.271000000E+00 2.505000000E-02
5.118542000E+01 6.142120000E+01 3.103900000E+00 2.422000000E-02
5.471721000E+01 6.222200000E+01 2.785900000E+00 2.266000000E-02
5.849270000E+01 6.263360000E+01 2.496600000E+00 2.120000000E-02
6.252870000E+01 6.288880000E+01 2.236000000E+00 1.983000000E-02
6.684318000E+01 6.305780000E+01 1.999700000E+00 1.855000000E-02
7.145536000E+01 6.317110000E+01 1.787800000E+00 1.735000000E-02
7.638578000E+01 6.324790000E+01 1.598400000E+00 1.623000000E-02
8.165640000E+01 6.330210000E+01 1.427100000E+00 1.518000000E-02
8.729069000E+01 6.333370000E+01 1.270300000E+00 1.420000000E-02
9.331374000E+01 6.335060000E+01 1.130900000E+00 1.329000000E-02
9.975239000E+01 6.338670000E+01 1.005300000E+00 1.243000000E-02
1.066353000E+02 6.338320000E+01 8.915300000E-01 1.163000000E-02
1.139931000E+02 6.337310000E+01 7.907300000E-01 1.088000000E-02
1.218587000E+02 6.335890000E+01 7.013900000E-01 1.017000000E-02
1.302669000E+02 6.334200000E+01 6.222000000E-01 9.518000000E-03
1.392553000E+02 6.332340000E+01 5.520100000E-01 8.903000000E-03
1.488640000E+02 6.330400000E+01 4.897700000E-01 8.329000000E-03
1.591356000E+02 6.328430000E+01 4.345800000E-01 7.791000000E-03
1.701159000E+02 6.326470000E+01 3.856500000E-01 7.288000000E-03
1.818539000E+02 6.324540000E+01 3.422500000E-01 6.818000000E-03
1.944018000E+02 6.322680000E+01 3.037500000E-01 6.378000000E-03
2.078156000E+02 6.320880000E+01 2.696100000E-01 5.966000000E-03
2.221548000E+02 6.319160000E+01 2.400700000E-01 5.581000000E-03
2.374835000E+02 6.317590000E+01 2.139200000E-01 5.221000000E-03
2.538699000E+02 6.316120000E+01 1.906400000E-01 4.884000000E-03
2.713869000E+02 6.314770000E+01 1.699000000E-01 4.569000000E-03
2.901126000E+02 6.313510000E+01 1.514300000E-01 4.274000000E-03
3.101304000E+02 6.312340000E+01 1.349700000E-01 3.998000000E-03
3.315294000E+02 6.311270000E+01 1.203100000E-01 3.740000000E-03
3.544049000E+02 6.310280000E+01 1.072400000E-01 3.498000000E-03
3.788588000E+02 6.309360000E+01 9.560400000E-02 3.273000000E-03
4.050001000E+02 6.308520000E+01 8.523300000E-02 3.061000000E-03
4.329451000E+02 6.307750000E+01 7.599000000E-02 2.864000000E-03
