# Data retrieved from physics.nist.gov 03/01/2021
# Element, Fe  (Z = 26) 
# Atomic weight, g mol-1 = 55.84700 
# Nominal density, g cm-3 =  7.8600 
# Relativistic correction estimate f_rel(5CL),  e atom-1 =  -6.7800E-02 
# Nuclear Thomson correction f_NT, e atom-1 =  -6.6403E-03 
#    E [keV]      f1 [e atom-1]      f2 [e atom-1]    Wavelength [nm] 
1.069000000E-02 4.403820000E+00 1.424000000E+00 1.160000000E+02
1.142761000E-02 4.406610000E+00 1.536300000E+00 1.085000000E+02
1.221612000E-02 4.414810000E+00 1.659200000E+00 1.015000000E+02
1.305903000E-02 4.427570000E+00 1.793100000E+00 9.494000000E+01
1.396010000E-02 4.446470000E+00 1.938600000E+00 8.881000000E+01
1.492335000E-02 4.473600000E+00 2.096000000E+00 8.308000000E+01
1.595306000E-02 4.510480000E+00 2.263600000E+00 7.772000000E+01
1.705382000E-02 4.557920000E+00 2.441000000E+00 7.270000000E+01
1.823053000E-02 4.616910000E+00 2.627800000E+00 6.801000000E+01
1.948844000E-02 4.688500000E+00 2.823500000E+00 6.362000000E+01
2.083314000E-02 4.773700000E+00 3.027200000E+00 5.951000000E+01
2.227063000E-02 4.873490000E+00 3.238300000E+00 5.567000000E+01
2.380730000E-02 4.988740000E+00 3.455700000E+00 5.208000000E+01
2.545001000E-02 5.120260000E+00 3.678700000E+00 4.872000000E+01
2.720606000E-02 5.268780000E+00 3.906100000E+00 4.557000000E+01
2.908327000E-02 5.435050000E+00 4.137000000E+00 4.263000000E+01
3.109002000E-02 5.619860000E+00 4.370500000E+00 3.988000000E+01
3.323523000E-02 5.828200000E+00 4.599000000E+00 3.731000000E+01
3.552846000E-02 6.054090000E+00 4.816900000E+00 3.490000000E+01
3.797993000E-02 6.290710000E+00 5.027500000E+00 3.264000000E+01
4.060054000E-02 6.533880000E+00 5.228800000E+00 3.054000000E+01
4.340198000E-02 6.774560000E+00 5.419100000E+00 2.857000000E+01
4.639671000E-02 6.992430000E+00 5.596900000E+00 2.672000000E+01
4.959809000E-02 7.126570000E+00 5.760900000E+00 2.500000000E+01
5.292000000E-02 6.789370000E+00 5.906000000E+00 2.343000000E+01
5.302035000E-02 6.745840000E+00 5.910100000E+00 2.338000000E+01
5.373000000E-02 6.056340000E+00 5.937900000E+00 2.308000000E+01
5.394600000E-02 5.049410000E+00 5.946200000E+00 2.298000000E+01
5.427000000E-02 6.230050000E+00 8.009600000E+00 2.285000000E+01
5.508000000E-02 7.327660000E+00 7.912500000E+00 2.251000000E+01
5.667876000E-02 8.170430000E+00 7.744500000E+00 2.187000000E+01
6.058959000E-02 9.128600000E+00 7.442400000E+00 2.046000000E+01
6.477028000E-02 9.727290000E+00 7.300300000E+00 1.914000000E+01
6.923942000E-02 1.027420000E+01 7.158600000E+00 1.791000000E+01
7.401695000E-02 1.074040000E+01 6.883100000E+00 1.675000000E+01
7.912411000E-02 1.112040000E+01 6.632700000E+00 1.567000000E+01
8.458368000E-02 1.141920000E+01 6.398800000E+00 1.466000000E+01
9.041995000E-02 1.157470000E+01 6.178500000E+00 1.371000000E+01
9.104200000E-02 1.156570000E+01 6.156600000E+00 1.362000000E+01
9.243550000E-02 1.144300000E+01 6.108600000E+00 1.341000000E+01
9.280710000E-02 1.124270000E+01 6.096100000E+00 1.336000000E+01
9.336450000E-02 1.148120000E+01 6.500900000E+00 1.328000000E+01
9.475800000E-02 1.172600000E+01 6.461800000E+00 1.308000000E+01
9.665893000E-02 1.189980000E+01 6.410600000E+00 1.283000000E+01
1.033284000E-01 1.229540000E+01 6.249300000E+00 1.200000000E+01
1.104581000E-01 1.261170000E+01 6.102200000E+00 1.122000000E+01
1.180797000E-01 1.289520000E+01 5.967700000E+00 1.050000000E+01
1.262272000E-01 1.315950000E+01 5.845400000E+00 9.822000000E+00
1.349368000E-01 1.341260000E+01 5.733900000E+00 9.188000000E+00
1.442475000E-01 1.365950000E+01 5.630800000E+00 8.595000000E+00
1.542005000E-01 1.390370000E+01 5.533000000E+00 8.040000000E+00
1.648404000E-01 1.414960000E+01 5.437100000E+00 7.521000000E+00
1.762144000E-01 1.439310000E+01 5.339400000E+00 7.036000000E+00
1.883732000E-01 1.463590000E+01 5.236500000E+00 6.582000000E+00
2.013709000E-01 1.487620000E+01 5.125200000E+00 6.157000000E+00
2.152655000E-01 1.511180000E+01 5.003400000E+00 5.760000000E+00
2.301188000E-01 1.533980000E+01 4.867500000E+00 5.388000000E+00
2.459970000E-01 1.555390000E+01 4.715100000E+00 5.040000000E+00
2.629708000E-01 1.574830000E+01 4.547400000E+00 4.715000000E+00
2.811158000E-01 1.591810000E+01 4.366400000E+00 4.410000000E+00
3.005128000E-01 1.605820000E+01 4.175000000E+00 4.126000000E+00
3.212482000E-01 1.616440000E+01 3.976000000E+00 3.859000000E+00
3.434143000E-01 1.623260000E+01 3.772400000E+00 3.610000000E+00
3.671099000E-01 1.625820000E+01 3.567000000E+00 3.377000000E+00
3.924405000E-01 1.623550000E+01 3.362400000E+00 3.159000000E+00
4.195189000E-01 1.615660000E+01 3.160700000E+00 2.955000000E+00
4.484657000E-01 1.601010000E+01 2.963700000E+00 2.765000000E+00
4.794098000E-01 1.577880000E+01 2.773000000E+00 2.586000000E+00
5.124891000E-01 1.543400000E+01 2.589700000E+00 2.419000000E+00
5.478508000E-01 1.492530000E+01 2.414700000E+00 2.263000000E+00
5.856525000E-01 1.415280000E+01 2.248600000E+00 2.117000000E+00
6.260625000E-01 1.287860000E+01 2.091500000E+00 1.980000000E+00
6.692609000E-01 1.027100000E+01 1.943600000E+00 1.853000000E+00
6.939380000E-01 6.606330000E+00 1.867200000E+00 1.787000000E+00
7.045595000E-01 1.767760000E+00 1.835900000E+00 1.760000000E+00
7.066780000E-01 -1.244540000E+00 1.829800000E+00 1.754000000E+00
7.073919000E-01 -3.493550000E+00 1.827700000E+00 1.753000000E+00
7.116405000E-01 1.197070000E+00 1.165700000E+01 1.742000000E+00
7.154399000E-01 2.825380000E+00 1.156500000E+01 1.733000000E+00
7.174945000E-01 2.966150000E+00 1.151500000E+01 1.728000000E+00
7.203789000E-01 1.393880000E+00 1.144700000E+01 1.721000000E+00
7.222620000E-01 2.656570000E+00 1.629200000E+01 1.717000000E+00
7.247055000E-01 4.995940000E+00 1.620900000E+01 1.711000000E+00
7.355220000E-01 8.971590000E+00 1.585200000E+01 1.686000000E+00
7.648052000E-01 1.330920000E+01 1.494900000E+01 1.621000000E+00
8.175768000E-01 1.645420000E+01 1.353100000E+01 1.516000000E+00
8.291780000E-01 1.670520000E+01 1.325300000E+01 1.495000000E+00
8.418695000E-01 1.645240000E+01 1.296000000E+01 1.473000000E+00
8.452539000E-01 1.566920000E+01 1.288300000E+01 1.467000000E+00
8.503305000E-01 1.678420000E+01 1.455900000E+01 1.458000000E+00
8.630220000E-01 1.802450000E+01 1.427200000E+01 1.437000000E+00
8.739896000E-01 1.866090000E+01 1.403200000E+01 1.419000000E+00
9.342948000E-01 2.082090000E+01 1.283500000E+01 1.327000000E+00
9.987612000E-01 2.222930000E+01 1.174000000E+01 1.241000000E+00
1.067676000E+00 2.327140000E+01 1.068700000E+01 1.161000000E+00
1.141345000E+00 2.404880000E+01 9.722900000E+00 1.086000000E+00
1.220098000E+00 2.466330000E+01 8.830900000E+00 1.016000000E+00
1.304285000E+00 2.511280000E+01 7.962700000E+00 9.506000000E-01
1.394281000E+00 2.543310000E+01 7.179800000E+00 8.892000000E-01
1.490486000E+00 2.566430000E+01 6.463700000E+00 8.318000000E-01
1.593329000E+00 2.581700000E+01 5.812300000E+00 7.781000000E-01
1.703269000E+00 2.591240000E+01 5.226100000E+00 7.279000000E-01
1.820795000E+00 2.596470000E+01 4.698200000E+00 6.809000000E-01
1.946430000E+00 2.598400000E+01 4.223800000E+00 6.370000000E-01
2.080733000E+00 2.597870000E+01 3.798400000E+00 5.959000000E-01
2.224304000E+00 2.595750000E+01 3.417300000E+00 5.574000000E-01
2.377781000E+00 2.592170000E+01 3.076000000E+00 5.214000000E-01
2.541848000E+00 2.587780000E+01 2.770400000E+00 4.878000000E-01
2.717235000E+00 2.582930000E+01 2.496900000E+00 4.563000000E-01
2.904724000E+00 2.578120000E+01 2.248200000E+00 4.268000000E-01
3.105150000E+00 2.572810000E+01 2.003300000E+00 3.993000000E-01
3.319406000E+00 2.565390000E+01 1.775100000E+00 3.735000000E-01
3.548445000E+00 2.556770000E+01 1.569500000E+00 3.494000000E-01
3.793288000E+00 2.547040000E+01 1.387000000E+00 3.269000000E-01
4.055024000E+00 2.536460000E+01 1.226900000E+00 3.058000000E-01
4.334821000E+00 2.525040000E+01 1.086400000E+00 2.860000000E-01
4.633924000E+00 2.512580000E+01 9.628300000E-01 2.676000000E-01
4.953664000E+00 2.498640000E+01 8.541900000E-01 2.503000000E-01
5.295467000E+00 2.482410000E+01 7.585400000E-01 2.341000000E-01
5.660855000E+00 2.462320000E+01 6.742600000E-01 2.190000000E-01
6.051453000E+00 2.434950000E+01 5.999200000E-01 2.049000000E-01
6.469004000E+00 2.390820000E+01 5.343000000E-01 1.917000000E-01
6.915365000E+00 2.278900000E+01 4.763100000E-01 1.793000000E-01
6.969760000E+00 2.246490000E+01 4.699600000E-01 1.779000000E-01
7.076440000E+00 2.101680000E+01 4.579000000E-01 1.752000000E-01
7.104888000E+00 1.926820000E+01 4.547700000E-01 1.745000000E-01
7.147560000E+00 2.105480000E+01 3.899200000E+00 1.735000000E-01
7.254240000E+00 2.267140000E+01 3.787700000E+00 1.709000000E-01
7.392525000E+00 2.348080000E+01 3.650200000E+00 1.677000000E-01
7.902609000E+00 2.468300000E+01 3.265000000E+00 1.569000000E-01
8.447890000E+00 2.526550000E+01 2.947500000E+00 1.468000000E-01
9.030794000E+00 2.564510000E+01 2.654600000E+00 1.373000000E-01
9.653919000E+00 2.589730000E+01 2.370400000E+00 1.284000000E-01
1.032004000E+01 2.606600000E+01 2.114500000E+00 1.201000000E-01
1.103212000E+01 2.618150000E+01 1.886500000E+00 1.124000000E-01
1.179334000E+01 2.626070000E+01 1.683200000E+00 1.051000000E-01
1.260708000E+01 2.631420000E+01 1.502000000E+00 9.834000000E-02
1.347697000E+01 2.634980000E+01 1.340400000E+00 9.200000000E-02
1.440688000E+01 2.641210000E+01 1.194000000E+00 8.606000000E-02
1.540095000E+01 2.642110000E+01 1.056200000E+00 8.050000000E-02
1.646362000E+01 2.641880000E+01 9.340900000E-01 7.531000000E-02
1.759961000E+01 2.640940000E+01 8.258700000E-01 7.045000000E-02
1.881398000E+01 2.639510000E+01 7.302300000E-01 6.590000000E-02
2.011215000E+01 2.637780000E+01 6.457200000E-01 6.165000000E-02
2.149988000E+01 2.635870000E+01 5.710200000E-01 5.767000000E-02
2.298338000E+01 2.633870000E+01 5.050000000E-01 5.395000000E-02
2.456923000E+01 2.631830000E+01 4.466300000E-01 5.046000000E-02
2.626450000E+01 2.629830000E+01 3.950300000E-01 4.721000000E-02
2.807676000E+01 2.628090000E+01 3.477700000E-01 4.416000000E-02
3.001405000E+01 2.626180000E+01 3.057100000E-01 4.131000000E-02
3.208502000E+01 2.624300000E+01 2.678600000E-01 3.864000000E-02
3.429889000E+01 2.622430000E+01 2.342000000E-01 3.615000000E-02
3.666551000E+01 2.620620000E+01 2.047800000E-01 3.381000000E-02
3.919543000E+01 2.618890000E+01 1.790600000E-01 3.163000000E-02
4.189992000E+01 2.617250000E+01 1.565800000E-01 2.959000000E-02
4.479101000E+01 2.615730000E+01 1.369100000E-01 2.768000000E-02
4.788159000E+01 2.614310000E+01 1.197200000E-01 2.589000000E-02
5.118542000E+01 2.613000000E+01 1.046900000E-01 2.422000000E-02
5.471721000E+01 2.611790000E+01 9.155000000E-02 2.266000000E-02
5.849270000E+01 2.610680000E+01 8.006200000E-02 2.120000000E-02
6.252870000E+01 2.609660000E+01 7.001700000E-02 1.983000000E-02
6.684318000E+01 2.608730000E+01 6.123400000E-02 1.855000000E-02
7.145536000E+01 2.607890000E+01 5.355400000E-02 1.735000000E-02
7.638578000E+01 2.607120000E+01 4.683800000E-02 1.623000000E-02
8.165640000E+01 2.606430000E+01 4.089400000E-02 1.518000000E-02
8.729069000E+01 2.605790000E+01 3.556400000E-02 1.420000000E-02
9.331374000E+01 2.605210000E+01 3.093000000E-02 1.329000000E-02
9.975239000E+01 2.604680000E+01 2.690000000E-02 1.243000000E-02
1.066353000E+02 2.604200000E+01 2.339500000E-02 1.163000000E-02
1.139931000E+02 2.603760000E+01 2.034700000E-02 1.088000000E-02
1.218587000E+02 2.603370000E+01 1.769700000E-02 1.017000000E-02
1.302669000E+02 2.603020000E+01 1.539200000E-02 9.518000000E-03
1.392553000E+02 2.602700000E+01 1.338700000E-02 8.903000000E-03
1.488640000E+02 2.602410000E+01 1.164400000E-02 8.329000000E-03
1.591356000E+02 2.602150000E+01 1.012800000E-02 7.791000000E-03
1.701159000E+02 2.601920000E+01 8.809400000E-03 7.288000000E-03
1.818539000E+02 2.601710000E+01 7.662500000E-03 6.818000000E-03
1.944018000E+02 2.601530000E+01 6.665000000E-03 6.378000000E-03
2.078156000E+02 2.601360000E+01 5.797500000E-03 5.966000000E-03
2.221548000E+02 2.601210000E+01 5.042900000E-03 5.581000000E-03
2.374835000E+02 2.601080000E+01 4.386600000E-03 5.221000000E-03
2.538699000E+02 2.600960000E+01 3.815800000E-03 4.884000000E-03
2.713869000E+02 2.600860000E+01 3.319200000E-03 4.569000000E-03
2.901126000E+02 2.600760000E+01 2.887300000E-03 4.274000000E-03
3.101304000E+02 2.600680000E+01 2.511700000E-03 3.998000000E-03
3.315294000E+02 2.600600000E+01 2.184900000E-03 3.740000000E-03
3.544049000E+02 2.600530000E+01 1.900600000E-03 3.498000000E-03
3.788588000E+02 2.600470000E+01 1.653400000E-03 3.273000000E-03
4.050001000E+02 2.600420000E+01 1.438300000E-03 3.061000000E-03
4.329451000E+02 2.600370000E+01 1.251200000E-03 2.864000000E-03
