# Data retrieved from physics.nist.gov 03/01/2021
# Element, Gd  (Z = 64) 
# Atomic weight, g mol-1 = 157.2500 
# Nominal density, g cm-3 =  7.8770 
# Relativistic correction estimate f_rel(5CL),  e atom-1 =  -6.0000E-01 
# Nuclear Thomson correction f_NT, e atom-1 =  -1.4289E-02 
#    E [keV]      f1 [e atom-1]      f2 [e atom-1]    Wavelength [nm] 
8.353710000E-03 1.320970000E+01 0.000000000E+00 1.484000000E+02
8.481573000E-03 1.318190000E+01 0.000000000E+00 1.462000000E+02
8.515670000E-03 1.316650000E+01 0.000000000E+00 1.456000000E+02
8.566815000E-03 1.316860000E+01 1.966700000E-02 1.447000000E+02
8.694678000E-03 1.315590000E+01 1.932400000E-02 1.426000000E+02
9.093814000E-03 1.307480000E+01 1.832300000E-02 1.363000000E+02
9.233005000E-03 1.300830000E+01 1.799600000E-02 1.343000000E+02
9.270123000E-03 1.294460000E+01 1.791000000E-02 1.337000000E+02
9.325799000E-03 1.299860000E+01 1.338900000E-01 1.329000000E+02
9.464990000E-03 1.303380000E+01 1.315500000E-01 1.310000000E+02
1.069000000E-02 1.292350000E+01 1.164200000E-01 1.160000000E+02
1.142761000E-02 1.279990000E+01 1.149000000E-01 1.085000000E+02
1.221612000E-02 1.264190000E+01 1.182300000E-01 1.015000000E+02
1.305903000E-02 1.244230000E+01 1.260300000E-01 9.494000000E+01
1.396010000E-02 1.218760000E+01 1.383800000E-01 8.881000000E+01
1.492335000E-02 1.185410000E+01 1.556800000E-01 8.308000000E+01
1.595306000E-02 1.139910000E+01 1.786800000E-01 7.772000000E+01
1.705382000E-02 1.073320000E+01 2.083600000E-01 7.270000000E+01
1.823053000E-02 9.623460000E+00 2.459800000E-01 6.801000000E+01
1.948844000E-02 7.044720000E+00 2.931000000E-01 6.362000000E+01
1.989400000E-02 4.957580000E+00 3.098400000E-01 6.232000000E+01
2.019850000E-02 5.083580000E-01 3.229100000E-01 6.138000000E+01
2.027970000E-02 -4.870340000E+00 3.264700000E-01 6.114000000E+01
2.040150000E-02 7.850120000E-01 1.094700000E+01 6.077000000E+01
2.070600000E-02 5.761990000E+00 1.071000000E+01 5.988000000E+01
2.083314000E-02 6.771230000E+00 1.061400000E+01 5.951000000E+01
2.227063000E-02 1.177090000E+01 9.638900000E+00 5.567000000E+01
2.380730000E-02 1.403340000E+01 8.677400000E+00 5.208000000E+01
2.545001000E-02 1.537790000E+01 7.676500000E+00 4.872000000E+01
2.720606000E-02 1.615130000E+01 6.737900000E+00 4.557000000E+01
2.908327000E-02 1.647650000E+01 5.922200000E+00 4.263000000E+01
3.109002000E-02 1.664270000E+01 5.258200000E+00 3.988000000E+01
3.323523000E-02 1.664500000E+01 4.752800000E+00 3.731000000E+01
3.537800000E-02 1.654860000E+01 4.418100000E+00 3.505000000E+01
3.552846000E-02 1.653850000E+01 4.400000000E+00 3.490000000E+01
3.591950000E-02 1.650570000E+01 4.355900000E+00 3.452000000E+01
3.606390000E-02 1.648110000E+01 4.340600000E+00 3.438000000E+01
3.628050000E-02 1.648520000E+01 4.351400000E+00 3.417000000E+01
3.682200000E-02 1.646820000E+01 4.303200000E+00 3.367000000E+01
3.797993000E-02 1.640960000E+01 4.223200000E+00 3.264000000E+01
4.060054000E-02 1.626660000E+01 4.137600000E+00 3.054000000E+01
4.340198000E-02 1.613330000E+01 4.155400000E+00 2.857000000E+01
4.639671000E-02 1.602350000E+01 4.253600000E+00 2.672000000E+01
4.959809000E-02 1.594620000E+01 4.419000000E+00 2.500000000E+01
5.302035000E-02 1.590790000E+01 4.637600000E+00 2.338000000E+01
5.667876000E-02 1.591140000E+01 4.897100000E+00 2.187000000E+01
6.058959000E-02 1.595740000E+01 5.186900000E+00 2.046000000E+01
6.477028000E-02 1.606250000E+01 5.497700000E+00 1.914000000E+01
6.923942000E-02 1.618890000E+01 5.821800000E+00 1.791000000E+01
7.401695000E-02 1.635060000E+01 6.152900000E+00 1.675000000E+01
7.912411000E-02 1.654310000E+01 6.485800000E+00 1.567000000E+01
8.458368000E-02 1.676030000E+01 6.816700000E+00 1.466000000E+01
9.041995000E-02 1.699550000E+01 7.143200000E+00 1.371000000E+01
9.665893000E-02 1.723920000E+01 7.463100000E+00 1.283000000E+01
1.000000000E-01 2.009180000E+01 7.623100000E+00 1.240000000E+01
1.005000000E-01 2.010970000E+01 7.646400000E+00 1.234000000E+01
1.010025000E-01 2.012760000E+01 7.669700000E+00 1.228000000E+01
1.015075100E-01 2.014540000E+01 7.692900000E+00 1.221000000E+01
1.020150500E-01 2.016310000E+01 7.716100000E+00 1.215000000E+01
1.025251300E-01 2.018070000E+01 7.739200000E+00 1.209000000E+01
1.030377500E-01 2.019810000E+01 7.762300000E+00 1.203000000E+01
1.035529400E-01 2.021540000E+01 7.785300000E+00 1.197000000E+01
1.040707000E-01 2.023250000E+01 7.808300000E+00 1.191000000E+01
1.045910600E-01 2.024940000E+01 7.831200000E+00 1.185000000E+01
1.051140100E-01 2.026620000E+01 7.854100000E+00 1.180000000E+01
1.056395800E-01 2.028270000E+01 7.877000000E+00 1.174000000E+01
1.061677800E-01 2.029910000E+01 7.899800000E+00 1.168000000E+01
1.066986200E-01 2.031510000E+01 7.922500000E+00 1.162000000E+01
1.072321100E-01 2.033100000E+01 7.945200000E+00 1.156000000E+01
1.077682700E-01 2.034650000E+01 7.967900000E+00 1.150000000E+01
1.083071200E-01 2.036240000E+01 7.990500000E+00 1.145000000E+01
1.088486500E-01 2.037730000E+01 8.013100000E+00 1.139000000E+01
1.093928900E-01 2.039190000E+01 8.035600000E+00 1.133000000E+01
1.099398600E-01 2.040620000E+01 8.058100000E+00 1.128000000E+01
1.104895600E-01 2.042000000E+01 8.080500000E+00 1.122000000E+01
1.110420100E-01 2.043340000E+01 8.102900000E+00 1.117000000E+01
1.115972200E-01 2.044640000E+01 8.125300000E+00 1.111000000E+01
1.121552000E-01 2.045890000E+01 8.147600000E+00 1.105000000E+01
1.127159800E-01 2.047080000E+01 8.169900000E+00 1.100000000E+01
1.132795600E-01 2.048220000E+01 8.192100000E+00 1.094000000E+01
1.138459600E-01 2.049300000E+01 8.214300000E+00 1.089000000E+01
1.144151900E-01 2.050320000E+01 8.236400000E+00 1.084000000E+01
1.149872600E-01 2.051260000E+01 8.258500000E+00 1.078000000E+01
1.155622000E-01 2.052140000E+01 8.280600000E+00 1.073000000E+01
1.161400100E-01 2.052930000E+01 8.302600000E+00 1.068000000E+01
1.167207100E-01 2.053630000E+01 8.324600000E+00 1.062000000E+01
1.173043100E-01 2.054250000E+01 8.346500000E+00 1.057000000E+01
1.178908300E-01 2.054760000E+01 8.368400000E+00 1.052000000E+01
1.184802900E-01 2.055160000E+01 8.390200000E+00 1.046000000E+01
1.190726900E-01 2.055450000E+01 8.412000000E+00 1.041000000E+01
1.196680500E-01 2.055610000E+01 8.433800000E+00 1.036000000E+01
1.202663900E-01 2.055630000E+01 8.455600000E+00 1.031000000E+01
1.208677200E-01 2.055510000E+01 8.477300000E+00 1.026000000E+01
1.214720600E-01 2.055210000E+01 8.498900000E+00 1.021000000E+01
1.220794200E-01 2.054740000E+01 8.520500000E+00 1.016000000E+01
1.226898200E-01 2.054080000E+01 8.542100000E+00 1.011000000E+01
1.233032700E-01 2.053200000E+01 8.563700000E+00 1.006000000E+01
1.239197900E-01 2.052090000E+01 8.585200000E+00 1.001000000E+01
1.245393900E-01 2.050710000E+01 8.606700000E+00 9.955000000E+00
1.251620800E-01 2.049050000E+01 8.628200000E+00 9.906000000E+00
1.257878900E-01 2.047070000E+01 8.649600000E+00 9.857000000E+00
1.264168300E-01 2.044730000E+01 8.671000000E+00 9.808000000E+00
1.270489200E-01 2.042000000E+01 8.692300000E+00 9.759000000E+00
1.276841600E-01 2.038820000E+01 8.713700000E+00 9.710000000E+00
1.283225800E-01 2.035130000E+01 8.734900000E+00 9.662000000E+00
1.289641900E-01 2.030870000E+01 8.756200000E+00 9.614000000E+00
1.296090200E-01 2.025960000E+01 8.777500000E+00 9.566000000E+00
1.302570600E-01 2.020280000E+01 8.798700000E+00 9.518000000E+00
1.309083500E-01 2.013730000E+01 8.819900000E+00 9.471000000E+00
1.315628900E-01 2.006150000E+01 8.841000000E+00 9.424000000E+00
1.322207000E-01 1.997340000E+01 8.862100000E+00 9.377000000E+00
1.328818100E-01 1.987080000E+01 8.883200000E+00 9.330000000E+00
1.335462100E-01 1.975050000E+01 8.904300000E+00 9.284000000E+00
1.342139500E-01 1.960810000E+01 8.925400000E+00 9.238000000E+00
1.348850200E-01 1.943810000E+01 8.946400000E+00 9.192000000E+00
1.355594400E-01 1.923230000E+01 8.967400000E+00 9.146000000E+00
1.362372400E-01 1.897870000E+01 8.988400000E+00 9.101000000E+00
1.369184200E-01 1.865850000E+01 9.009400000E+00 9.055000000E+00
1.376030200E-01 1.824030000E+01 9.030400000E+00 9.010000000E+00
1.382910300E-01 1.766530000E+01 9.051300000E+00 8.965000000E+00
1.389824900E-01 1.680450000E+01 9.072200000E+00 8.921000000E+00
1.396774000E-01 1.527190000E+01 9.093100000E+00 8.876000000E+00
1.403757900E-01 9.932570000E+00 9.114000000E+00 8.832000000E+00
1.404640300E-01 6.195640000E+00 9.116600000E+00 8.827000000E+00
1.405359600E-01 6.284370000E+00 1.878500000E+01 8.822000000E+00
1.410776600E-01 1.525360000E+01 1.845300000E+01 8.788000000E+00
1.417830500E-01 1.803960000E+01 1.804100000E+01 8.745000000E+00
1.424919700E-01 1.962420000E+01 1.764900000E+01 8.701000000E+00
1.432044300E-01 2.073400000E+01 1.727700000E+01 8.658000000E+00
1.439204500E-01 2.158090000E+01 1.692200000E+01 8.615000000E+00
1.446400500E-01 2.225800000E+01 1.658500000E+01 8.572000000E+00
1.453632500E-01 2.281510000E+01 1.626500000E+01 8.529000000E+00
1.460900700E-01 2.328270000E+01 1.596000000E+01 8.487000000E+00
1.468205200E-01 2.368050000E+01 1.567000000E+01 8.445000000E+00
1.475546200E-01 2.402250000E+01 1.539500000E+01 8.403000000E+00
1.482923900E-01 2.431870000E+01 1.513400000E+01 8.361000000E+00
1.490338600E-01 2.457680000E+01 1.488600000E+01 8.319000000E+00
1.497790300E-01 2.480270000E+01 1.465000000E+01 8.278000000E+00
1.505279200E-01 2.500100000E+01 1.442600000E+01 8.237000000E+00
1.512805600E-01 2.517540000E+01 1.421400000E+01 8.196000000E+00
1.520369600E-01 2.532900000E+01 1.401200000E+01 8.155000000E+00
1.527971500E-01 2.546410000E+01 1.382100000E+01 8.114000000E+00
1.535611300E-01 2.558270000E+01 1.363900000E+01 8.074000000E+00
1.543289400E-01 2.568620000E+01 1.346700000E+01 8.034000000E+00
1.551005800E-01 2.577570000E+01 1.330500000E+01 7.994000000E+00
1.558760900E-01 2.585290000E+01 1.315500000E+01 7.954000000E+00
1.566554700E-01 2.592070000E+01 1.301800000E+01 7.914000000E+00
1.574387500E-01 2.598120000E+01 1.289200000E+01 7.875000000E+00
1.582259400E-01 2.603580000E+01 1.277600000E+01 7.836000000E+00
1.590170700E-01 2.608580000E+01 1.266900000E+01 7.797000000E+00
1.598121500E-01 2.613210000E+01 1.257100000E+01 7.758000000E+00
1.606112100E-01 2.617550000E+01 1.247700000E+01 7.720000000E+00
1.614142700E-01 2.621650000E+01 1.238800000E+01 7.681000000E+00
1.622213400E-01 2.625550000E+01 1.230600000E+01 7.643000000E+00
1.630324500E-01 2.629290000E+01 1.223000000E+01 7.605000000E+00
1.638476100E-01 2.632910000E+01 1.216000000E+01 7.567000000E+00
1.646668500E-01 2.636440000E+01 1.209600000E+01 7.529000000E+00
1.654901800E-01 2.639910000E+01 1.203600000E+01 7.492000000E+00
1.663176300E-01 2.643350000E+01 1.198100000E+01 7.455000000E+00
1.671492200E-01 2.646770000E+01 1.193100000E+01 7.418000000E+00
1.679849700E-01 2.650200000E+01 1.188400000E+01 7.381000000E+00
1.688248900E-01 2.653640000E+01 1.184100000E+01 7.344000000E+00
1.696690200E-01 2.657120000E+01 1.180200000E+01 7.307000000E+00
1.705173600E-01 2.660640000E+01 1.176500000E+01 7.271000000E+00
1.713699500E-01 2.664210000E+01 1.173200000E+01 7.235000000E+00
1.722268000E-01 2.667850000E+01 1.170200000E+01 7.199000000E+00
1.730879300E-01 2.671560000E+01 1.167400000E+01 7.163000000E+00
1.739533700E-01 2.675350000E+01 1.164900000E+01 7.127000000E+00
1.748231400E-01 2.679280000E+01 1.160100000E+01 7.092000000E+00
1.756972600E-01 2.683200000E+01 1.154200000E+01 7.057000000E+00
1.765757400E-01 2.687040000E+01 1.148400000E+01 7.022000000E+00
1.774586200E-01 2.690800000E+01 1.142800000E+01 6.987000000E+00
1.783459100E-01 2.694510000E+01 1.137400000E+01 6.952000000E+00
1.792376400E-01 2.698140000E+01 1.132100000E+01 6.917000000E+00
1.801338300E-01 2.701720000E+01 1.127000000E+01 6.883000000E+00
1.810345000E-01 2.705240000E+01 1.122000000E+01 6.849000000E+00
1.819396700E-01 2.708700000E+01 1.117100000E+01 6.815000000E+00
1.828493700E-01 2.712110000E+01 1.112400000E+01 6.781000000E+00
1.837636200E-01 2.715460000E+01 1.107700000E+01 6.747000000E+00
1.846824400E-01 2.718770000E+01 1.103200000E+01 6.713000000E+00
1.856058500E-01 2.722020000E+01 1.098800000E+01 6.680000000E+00
1.865338800E-01 2.725220000E+01 1.094400000E+01 6.647000000E+00
1.874665500E-01 2.728380000E+01 1.090200000E+01 6.614000000E+00
1.884038800E-01 2.731490000E+01 1.086000000E+01 6.581000000E+00
1.893459000E-01 2.734550000E+01 1.082000000E+01 6.548000000E+00
1.902926300E-01 2.737570000E+01 1.078000000E+01 6.515000000E+00
1.912440900E-01 2.740540000E+01 1.074000000E+01 6.483000000E+00
1.922003100E-01 2.743460000E+01 1.070200000E+01 6.451000000E+00
1.931613100E-01 2.746340000E+01 1.066400000E+01 6.419000000E+00
1.941271200E-01 2.749170000E+01 1.062600000E+01 6.387000000E+00
1.950977600E-01 2.751950000E+01 1.059000000E+01 6.355000000E+00
1.960732500E-01 2.754690000E+01 1.055400000E+01 6.323000000E+00
1.970536100E-01 2.757390000E+01 1.051800000E+01 6.292000000E+00
1.980388800E-01 2.760040000E+01 1.048300000E+01 6.261000000E+00
1.990290700E-01 2.762640000E+01 1.044900000E+01 6.229000000E+00
2.000242200E-01 2.765200000E+01 1.041400000E+01 6.198000000E+00
2.010243400E-01 2.767710000E+01 1.038100000E+01 6.168000000E+00
2.020294600E-01 2.770180000E+01 1.034800000E+01 6.137000000E+00
2.030396100E-01 2.772590000E+01 1.031500000E+01 6.106000000E+00
2.040548100E-01 2.774970000E+01 1.028300000E+01 6.076000000E+00
2.050750800E-01 2.777290000E+01 1.025100000E+01 6.046000000E+00
2.061004600E-01 2.779560000E+01 1.022000000E+01 6.016000000E+00
2.071309600E-01 2.781790000E+01 1.018900000E+01 5.986000000E+00
2.081666100E-01 2.783970000E+01 1.015800000E+01 5.956000000E+00
2.092074500E-01 2.786100000E+01 1.012800000E+01 5.926000000E+00
2.102534800E-01 2.788170000E+01 1.009800000E+01 5.897000000E+00
2.113047500E-01 2.790200000E+01 1.006900000E+01 5.868000000E+00
2.123612800E-01 2.792180000E+01 1.004000000E+01 5.838000000E+00
2.134230800E-01 2.794100000E+01 1.001100000E+01 5.809000000E+00
2.144902000E-01 2.795970000E+01 9.982500000E+00 5.780000000E+00
2.155626500E-01 2.797790000E+01 9.954400000E+00 5.752000000E+00
2.166404600E-01 2.799560000E+01 9.926600000E+00 5.723000000E+00
2.177236600E-01 2.801270000E+01 9.899200000E+00 5.695000000E+00
2.188122800E-01 2.802930000E+01 9.872100000E+00 5.666000000E+00
2.199063400E-01 2.804520000E+01 9.845300000E+00 5.638000000E+00
2.210058800E-01 2.806060000E+01 9.818800000E+00 5.610000000E+00
2.221109000E-01 2.807550000E+01 9.792700000E+00 5.582000000E+00
2.232214600E-01 2.808970000E+01 9.766800000E+00 5.554000000E+00
2.243375700E-01 2.810330000E+01 9.741300000E+00 5.527000000E+00
2.254592500E-01 2.811630000E+01 9.716100000E+00 5.499000000E+00
2.265865500E-01 2.812860000E+01 9.691100000E+00 5.472000000E+00
2.277194800E-01 2.814030000E+01 9.666500000E+00 5.445000000E+00
2.288580800E-01 2.815130000E+01 9.642200000E+00 5.418000000E+00
2.300023700E-01 2.816170000E+01 9.618300000E+00 5.391000000E+00
2.311523800E-01 2.817130000E+01 9.594600000E+00 5.364000000E+00
2.323081400E-01 2.818020000E+01 9.571200000E+00 5.337000000E+00
2.334696900E-01 2.818830000E+01 9.548100000E+00 5.311000000E+00
2.346370300E-01 2.819560000E+01 9.525300000E+00 5.284000000E+00
2.358102200E-01 2.820210000E+01 9.502900000E+00 5.258000000E+00
2.369892700E-01 2.820780000E+01 9.480700000E+00 5.232000000E+00
2.381742200E-01 2.821260000E+01 9.458900000E+00 5.206000000E+00
2.393650900E-01 2.821640000E+01 9.437300000E+00 5.180000000E+00
2.405619100E-01 2.821930000E+01 9.416100000E+00 5.154000000E+00
2.417647200E-01 2.822110000E+01 9.395100000E+00 5.128000000E+00
2.429735500E-01 2.822180000E+01 9.374500000E+00 5.103000000E+00
2.441884100E-01 2.822140000E+01 9.354200000E+00 5.077000000E+00
2.454093600E-01 2.821970000E+01 9.334200000E+00 5.052000000E+00
2.466364000E-01 2.821660000E+01 9.314500000E+00 5.027000000E+00
2.478695900E-01 2.821220000E+01 9.295100000E+00 5.002000000E+00
2.491089300E-01 2.820610000E+01 9.276000000E+00 4.977000000E+00
2.503544800E-01 2.819830000E+01 9.257300000E+00 4.952000000E+00
2.516062500E-01 2.818860000E+01 9.238800000E+00 4.928000000E+00
2.528642800E-01 2.817680000E+01 9.220700000E+00 4.903000000E+00
2.541286000E-01 2.816260000E+01 9.202900000E+00 4.879000000E+00
2.553992500E-01 2.814570000E+01 9.185400000E+00 4.855000000E+00
2.566762400E-01 2.812560000E+01 9.168200000E+00 4.830000000E+00
2.579596200E-01 2.810190000E+01 9.151300000E+00 4.806000000E+00
2.592494200E-01 2.807380000E+01 9.134800000E+00 4.782000000E+00
2.605456700E-01 2.804040000E+01 9.118600000E+00 4.759000000E+00
2.618484000E-01 2.800040000E+01 9.102700000E+00 4.735000000E+00
2.631576400E-01 2.795170000E+01 9.087100000E+00 4.711000000E+00
2.644734300E-01 2.789130000E+01 9.071800000E+00 4.688000000E+00
2.657957900E-01 2.781400000E+01 9.056900000E+00 4.665000000E+00
2.671247700E-01 2.770970000E+01 9.042300000E+00 4.641000000E+00
2.684604000E-01 2.755500000E+01 9.028000000E+00 4.618000000E+00
2.698027000E-01 2.726640000E+01 9.014000000E+00 4.595000000E+00
2.706851900E-01 2.667140000E+01 9.005100000E+00 4.580000000E+00
2.711148300E-01 2.667130000E+01 1.014900000E+01 4.573000000E+00
2.711517100E-01 2.672920000E+01 1.014900000E+01 4.573000000E+00
2.725074700E-01 2.740740000E+01 1.013900000E+01 4.550000000E+00
2.738700100E-01 2.763260000E+01 1.013000000E+01 4.527000000E+00
2.752393600E-01 2.777150000E+01 1.012100000E+01 4.505000000E+00
2.766155600E-01 2.787150000E+01 1.011300000E+01 4.482000000E+00
2.779986300E-01 2.794860000E+01 1.010500000E+01 4.460000000E+00
2.793886300E-01 2.800990000E+01 1.009700000E+01 4.438000000E+00
2.807855700E-01 2.805890000E+01 1.009000000E+01 4.416000000E+00
2.821895000E-01 2.809690000E+01 1.008300000E+01 4.394000000E+00
2.836004400E-01 2.812360000E+01 1.007600000E+01 4.372000000E+00
2.850184500E-01 2.813600000E+01 1.006900000E+01 4.350000000E+00
2.864435400E-01 2.812440000E+01 1.006300000E+01 4.328000000E+00
2.878757600E-01 2.803620000E+01 1.005700000E+01 4.307000000E+00
2.882366100E-01 2.795150000E+01 1.005600000E+01 4.301000000E+00
2.887634100E-01 2.796610000E+01 1.040000000E+01 4.294000000E+00
2.893151400E-01 2.810560000E+01 1.039900000E+01 4.285000000E+00
2.907617100E-01 2.825660000E+01 1.039500000E+01 4.264000000E+00
2.922155200E-01 2.834850000E+01 1.039200000E+01 4.243000000E+00
2.936766000E-01 2.842090000E+01 1.038900000E+01 4.222000000E+00
2.951449800E-01 2.848300000E+01 1.038700000E+01 4.201000000E+00
2.966207100E-01 2.853860000E+01 1.038400000E+01 4.180000000E+00
2.981038100E-01 2.858970000E+01 1.038200000E+01 4.159000000E+00
2.995943300E-01 2.863730000E+01 1.038100000E+01 4.138000000E+00
3.010923000E-01 2.868220000E+01 1.038000000E+01 4.118000000E+00
3.025977600E-01 2.872480000E+01 1.037900000E+01 4.097000000E+00
3.041107500E-01 2.876560000E+01 1.037800000E+01 4.077000000E+00
3.056313000E-01 2.880480000E+01 1.037700000E+01 4.057000000E+00
3.071594600E-01 2.884260000E+01 1.037700000E+01 4.036000000E+00
3.086952600E-01 2.887920000E+01 1.037700000E+01 4.016000000E+00
3.102387300E-01 2.891480000E+01 1.037800000E+01 3.996000000E+00
3.117899300E-01 2.894930000E+01 1.037800000E+01 3.977000000E+00
3.133488800E-01 2.898310000E+01 1.037900000E+01 3.957000000E+00
3.149156200E-01 2.901600000E+01 1.038000000E+01 3.937000000E+00
3.164902000E-01 2.904830000E+01 1.038200000E+01 3.917000000E+00
3.180726500E-01 2.907990000E+01 1.038300000E+01 3.898000000E+00
3.196630100E-01 2.911090000E+01 1.038500000E+01 3.879000000E+00
3.212613300E-01 2.914130000E+01 1.038700000E+01 3.859000000E+00
3.228676400E-01 2.917120000E+01 1.039000000E+01 3.840000000E+00
3.244819700E-01 2.920060000E+01 1.039200000E+01 3.821000000E+00
3.261043800E-01 2.922960000E+01 1.039500000E+01 3.802000000E+00
3.277349100E-01 2.925800000E+01 1.039800000E+01 3.783000000E+00
3.293735800E-01 2.928610000E+01 1.040100000E+01 3.764000000E+00
3.310204500E-01 2.931370000E+01 1.040500000E+01 3.746000000E+00
3.326755500E-01 2.934090000E+01 1.040900000E+01 3.727000000E+00
3.343389300E-01 2.936760000E+01 1.041200000E+01 3.708000000E+00
3.360106200E-01 2.939400000E+01 1.041600000E+01 3.690000000E+00
3.376906800E-01 2.941990000E+01 1.042100000E+01 3.672000000E+00
3.393791300E-01 2.944530000E+01 1.042500000E+01 3.653000000E+00
3.410760200E-01 2.947030000E+01 1.042900000E+01 3.635000000E+00
3.427814000E-01 2.949480000E+01 1.043400000E+01 3.617000000E+00
3.444953100E-01 2.951870000E+01 1.043900000E+01 3.599000000E+00
3.462177900E-01 2.954210000E+01 1.044400000E+01 3.581000000E+00
3.479488800E-01 2.956480000E+01 1.044900000E+01 3.563000000E+00
3.496886200E-01 2.958690000E+01 1.045400000E+01 3.546000000E+00
3.514370600E-01 2.960810000E+01 1.046000000E+01 3.528000000E+00
3.531942500E-01 2.962840000E+01 1.046500000E+01 3.510000000E+00
3.549602200E-01 2.964770000E+01 1.047100000E+01 3.493000000E+00
3.567350200E-01 2.966560000E+01 1.047600000E+01 3.476000000E+00
3.585187000E-01 2.968210000E+01 1.048200000E+01 3.458000000E+00
3.603112900E-01 2.969670000E+01 1.048800000E+01 3.441000000E+00
3.621128500E-01 2.970890000E+01 1.049400000E+01 3.424000000E+00
3.639234100E-01 2.971820000E+01 1.050000000E+01 3.407000000E+00
3.657430300E-01 2.972330000E+01 1.050600000E+01 3.390000000E+00
3.675717400E-01 2.972260000E+01 1.051200000E+01 3.373000000E+00
3.694096000E-01 2.971320000E+01 1.051800000E+01 3.356000000E+00
3.712566500E-01 2.968880000E+01 1.052500000E+01 3.340000000E+00
3.731129300E-01 2.963310000E+01 1.053100000E+01 3.323000000E+00
3.749785000E-01 2.946540000E+01 1.053700000E+01 3.306000000E+00
3.753490500E-01 2.937020000E+01 1.053800000E+01 3.303000000E+00
3.762509700E-01 2.938600000E+01 1.107400000E+01 3.295000000E+00
3.768533900E-01 2.954050000E+01 1.107700000E+01 3.290000000E+00
3.787376600E-01 2.974810000E+01 1.108400000E+01 3.274000000E+00
3.806313500E-01 2.986640000E+01 1.109200000E+01 3.257000000E+00
3.825345000E-01 2.995700000E+01 1.109900000E+01 3.241000000E+00
3.844471800E-01 3.003390000E+01 1.110600000E+01 3.225000000E+00
3.863694100E-01 3.010270000E+01 1.111300000E+01 3.209000000E+00
3.883012600E-01 3.016620000E+01 1.112100000E+01 3.193000000E+00
3.902427600E-01 3.022580000E+01 1.112800000E+01 3.177000000E+00
3.921939800E-01 3.028270000E+01 1.113500000E+01 3.161000000E+00
3.941549500E-01 3.033740000E+01 1.114200000E+01 3.146000000E+00
3.961257200E-01 3.039040000E+01 1.114900000E+01 3.130000000E+00
3.981063500E-01 3.044210000E+01 1.115600000E+01 3.114000000E+00
4.000968800E-01 3.049280000E+01 1.116300000E+01 3.099000000E+00
4.020973700E-01 3.054250000E+01 1.117000000E+01 3.083000000E+00
4.041078500E-01 3.059150000E+01 1.117600000E+01 3.068000000E+00
4.061283900E-01 3.063990000E+01 1.118300000E+01 3.053000000E+00
4.081590400E-01 3.068770000E+01 1.119000000E+01 3.038000000E+00
4.101998300E-01 3.073520000E+01 1.119600000E+01 3.023000000E+00
4.122508300E-01 3.078220000E+01 1.120200000E+01 3.007000000E+00
4.143120800E-01 3.082890000E+01 1.120800000E+01 2.993000000E+00
4.163836400E-01 3.087540000E+01 1.121400000E+01 2.978000000E+00
4.184655600E-01 3.092170000E+01 1.122000000E+01 2.963000000E+00
4.205578900E-01 3.096770000E+01 1.122600000E+01 2.948000000E+00
4.226606800E-01 3.100210000E+01 1.123100000E+01 2.933000000E+00
4.247739800E-01 3.104780000E+01 1.123700000E+01 2.919000000E+00
4.268978500E-01 3.109340000E+01 1.124200000E+01 2.904000000E+00
4.290323400E-01 3.113890000E+01 1.124700000E+01 2.890000000E+00
4.311775000E-01 3.118420000E+01 1.125100000E+01 2.875000000E+00
4.333333900E-01 3.122950000E+01 1.125600000E+01 2.861000000E+00
4.355000600E-01 3.127470000E+01 1.126000000E+01 2.847000000E+00
4.376775600E-01 3.131980000E+01 1.126400000E+01 2.833000000E+00
4.398659500E-01 3.136490000E+01 1.126800000E+01 2.819000000E+00
4.420652800E-01 3.140990000E+01 1.127100000E+01 2.805000000E+00
4.442756000E-01 3.145480000E+01 1.127500000E+01 2.791000000E+00
4.464969800E-01 3.149970000E+01 1.127800000E+01 2.777000000E+00
4.487294700E-01 3.154450000E+01 1.128000000E+01 2.763000000E+00
4.509731100E-01 3.158920000E+01 1.128300000E+01 2.749000000E+00
4.532279800E-01 3.163390000E+01 1.128500000E+01 2.736000000E+00
4.554941200E-01 3.167860000E+01 1.128700000E+01 2.722000000E+00
4.577715900E-01 3.172320000E+01 1.128900000E+01 2.708000000E+00
4.600604500E-01 3.176780000E+01 1.129100000E+01 2.695000000E+00
4.623607500E-01 3.181230000E+01 1.129200000E+01 2.682000000E+00
4.646725500E-01 3.185670000E+01 1.129300000E+01 2.668000000E+00
4.669959200E-01 3.190110000E+01 1.129300000E+01 2.655000000E+00
4.693309000E-01 3.194540000E+01 1.129400000E+01 2.642000000E+00
4.716775500E-01 3.198970000E+01 1.129400000E+01 2.629000000E+00
4.740359400E-01 3.203390000E+01 1.129300000E+01 2.616000000E+00
4.764061200E-01 3.207800000E+01 1.129300000E+01 2.602000000E+00
4.787881500E-01 3.212200000E+01 1.129200000E+01 2.590000000E+00
4.811820900E-01 3.216600000E+01 1.129000000E+01 2.577000000E+00
4.835880000E-01 3.220980000E+01 1.128900000E+01 2.564000000E+00
4.860059400E-01 3.225360000E+01 1.128700000E+01 2.551000000E+00
4.884359700E-01 3.229730000E+01 1.128500000E+01 2.538000000E+00
4.908781500E-01 3.234080000E+01 1.128200000E+01 2.526000000E+00
4.933325400E-01 3.238430000E+01 1.127900000E+01 2.513000000E+00
4.957992000E-01 3.242760000E+01 1.127600000E+01 2.501000000E+00
4.982782000E-01 3.247080000E+01 1.127300000E+01 2.488000000E+00
5.007695900E-01 3.251390000E+01 1.126900000E+01 2.476000000E+00
5.032734400E-01 3.255680000E+01 1.126500000E+01 2.464000000E+00
5.057898000E-01 3.259960000E+01 1.126000000E+01 2.451000000E+00
5.083187500E-01 3.264230000E+01 1.125500000E+01 2.439000000E+00
5.108603500E-01 3.268480000E+01 1.125000000E+01 2.427000000E+00
5.134146500E-01 3.272710000E+01 1.124400000E+01 2.415000000E+00
5.159817200E-01 3.276930000E+01 1.123800000E+01 2.403000000E+00
5.185616300E-01 3.281120000E+01 1.123200000E+01 2.391000000E+00
5.211544400E-01 3.285300000E+01 1.122600000E+01 2.379000000E+00
5.237602100E-01 3.289460000E+01 1.121900000E+01 2.367000000E+00
5.263790100E-01 3.293600000E+01 1.121100000E+01 2.355000000E+00
5.290109100E-01 3.297720000E+01 1.120400000E+01 2.344000000E+00
5.316559600E-01 3.301820000E+01 1.119600000E+01 2.332000000E+00
5.343142400E-01 3.305900000E+01 1.118700000E+01 2.320000000E+00
5.369858100E-01 3.309950000E+01 1.117800000E+01 2.309000000E+00
5.396707400E-01 3.313980000E+01 1.116900000E+01 2.297000000E+00
5.423691000E-01 3.317980000E+01 1.116000000E+01 2.286000000E+00
5.450809400E-01 3.321960000E+01 1.115000000E+01 2.275000000E+00
5.478063500E-01 3.325920000E+01 1.114000000E+01 2.263000000E+00
5.505453800E-01 3.329840000E+01 1.112900000E+01 2.252000000E+00
5.532981000E-01 3.333740000E+01 1.111900000E+01 2.241000000E+00
5.560646000E-01 3.337610000E+01 1.110700000E+01 2.230000000E+00
5.588449200E-01 3.341460000E+01 1.109600000E+01 2.219000000E+00
5.616391400E-01 3.345270000E+01 1.108400000E+01 2.208000000E+00
5.644473400E-01 3.349050000E+01 1.107200000E+01 2.197000000E+00
5.672695800E-01 3.352800000E+01 1.105900000E+01 2.186000000E+00
5.701059200E-01 3.356520000E+01 1.104600000E+01 2.175000000E+00
5.729564500E-01 3.360200000E+01 1.103200000E+01 2.164000000E+00
5.758212300E-01 3.363850000E+01 1.101800000E+01 2.153000000E+00
5.787003400E-01 3.367460000E+01 1.100400000E+01 2.142000000E+00
5.815938400E-01 3.371020000E+01 1.098900000E+01 2.132000000E+00
5.845018100E-01 3.374550000E+01 1.097400000E+01 2.121000000E+00
5.874243200E-01 3.378030000E+01 1.095800000E+01 2.111000000E+00
5.903614400E-01 3.381470000E+01 1.094200000E+01 2.100000000E+00
5.933132500E-01 3.384870000E+01 1.092600000E+01 2.090000000E+00
5.962798200E-01 3.388220000E+01 1.090900000E+01 2.079000000E+00
5.992612200E-01 3.391520000E+01 1.089200000E+01 2.069000000E+00
6.022575200E-01 3.394770000E+01 1.087400000E+01 2.059000000E+00
6.052688100E-01 3.397970000E+01 1.085600000E+01 2.048000000E+00
6.082951500E-01 3.401120000E+01 1.083800000E+01 2.038000000E+00
6.113366300E-01 3.404210000E+01 1.081900000E+01 2.028000000E+00
6.143933100E-01 3.407260000E+01 1.080000000E+01 2.018000000E+00
6.174652800E-01 3.410240000E+01 1.078100000E+01 2.008000000E+00
6.205526000E-01 3.413170000E+01 1.076100000E+01 1.998000000E+00
6.236553700E-01 3.416040000E+01 1.074100000E+01 1.988000000E+00
6.267736400E-01 3.418860000E+01 1.072100000E+01 1.978000000E+00
6.299075100E-01 3.421610000E+01 1.070000000E+01 1.968000000E+00
6.330570500E-01 3.424300000E+01 1.067900000E+01 1.959000000E+00
6.362223400E-01 3.426930000E+01 1.065800000E+01 1.949000000E+00
6.394034500E-01 3.429500000E+01 1.063600000E+01 1.939000000E+00
6.426004600E-01 3.432000000E+01 1.061400000E+01 1.929000000E+00
6.458134700E-01 3.434430000E+01 1.059200000E+01 1.920000000E+00
6.490425300E-01 3.436800000E+01 1.057000000E+01 1.910000000E+00
6.522877500E-01 3.439100000E+01 1.054700000E+01 1.901000000E+00
6.555491900E-01 3.441330000E+01 1.052400000E+01 1.891000000E+00
6.588269300E-01 3.443490000E+01 1.050000000E+01 1.882000000E+00
6.621210700E-01 3.445580000E+01 1.047700000E+01 1.873000000E+00
6.654316700E-01 3.447600000E+01 1.045300000E+01 1.863000000E+00
6.687588300E-01 3.449540000E+01 1.042900000E+01 1.854000000E+00
6.721026200E-01 3.451410000E+01 1.040500000E+01 1.845000000E+00
6.754631400E-01 3.453200000E+01 1.038000000E+01 1.836000000E+00
6.788404500E-01 3.454910000E+01 1.035500000E+01 1.826000000E+00
6.822346600E-01 3.456550000E+01 1.033000000E+01 1.817000000E+00
6.856458300E-01 3.458100000E+01 1.030500000E+01 1.808000000E+00
6.890740600E-01 3.459570000E+01 1.027900000E+01 1.799000000E+00
6.925194300E-01 3.460970000E+01 1.025300000E+01 1.790000000E+00
6.959820200E-01 3.462270000E+01 1.022700000E+01 1.781000000E+00
6.994619400E-01 3.463490000E+01 1.020100000E+01 1.773000000E+00
7.029592400E-01 3.464630000E+01 1.017500000E+01 1.764000000E+00
7.064740400E-01 3.465680000E+01 1.014800000E+01 1.755000000E+00
7.100064100E-01 3.466640000E+01 1.012200000E+01 1.746000000E+00
7.135564400E-01 3.467510000E+01 1.009500000E+01 1.738000000E+00
7.171242300E-01 3.468280000E+01 1.006800000E+01 1.729000000E+00
7.207098500E-01 3.468970000E+01 1.004100000E+01 1.720000000E+00
7.243134000E-01 3.469560000E+01 1.001300000E+01 1.712000000E+00
7.279349600E-01 3.470050000E+01 9.985700000E+00 1.703000000E+00
7.315746400E-01 3.470450000E+01 9.958000000E+00 1.695000000E+00
7.352325100E-01 3.470740000E+01 9.930200000E+00 1.686000000E+00
7.389086700E-01 3.470940000E+01 9.902200000E+00 1.678000000E+00
7.426032200E-01 3.471030000E+01 9.874100000E+00 1.670000000E+00
7.463162300E-01 3.471020000E+01 9.845900000E+00 1.661000000E+00
7.500478100E-01 3.470910000E+01 9.817600000E+00 1.653000000E+00
7.537980500E-01 3.470690000E+01 9.789100000E+00 1.645000000E+00
7.575670400E-01 3.470350000E+01 9.760500000E+00 1.637000000E+00
7.613548800E-01 3.469910000E+01 9.731900000E+00 1.628000000E+00
7.651616500E-01 3.469350000E+01 9.703100000E+00 1.620000000E+00
7.689874600E-01 3.468680000E+01 9.674200000E+00 1.612000000E+00
7.728324000E-01 3.467890000E+01 9.645200000E+00 1.604000000E+00
7.766965600E-01 3.466990000E+01 9.616200000E+00 1.596000000E+00
7.805800400E-01 3.465960000E+01 9.587000000E+00 1.588000000E+00
7.844829400E-01 3.464800000E+01 9.557800000E+00 1.580000000E+00
7.884053600E-01 3.463530000E+01 9.528500000E+00 1.573000000E+00
7.923473800E-01 3.462120000E+01 9.499100000E+00 1.565000000E+00
7.963091200E-01 3.460580000E+01 9.469700000E+00 1.557000000E+00
8.002906700E-01 3.458910000E+01 9.440200000E+00 1.549000000E+00
8.042921200E-01 3.457100000E+01 9.410700000E+00 1.542000000E+00
8.083135800E-01 3.455160000E+01 9.381100000E+00 1.534000000E+00
8.123551500E-01 3.453070000E+01 9.351400000E+00 1.526000000E+00
8.164169300E-01 3.451130000E+01 9.321700000E+00 1.519000000E+00
8.204990100E-01 3.448750000E+01 9.292000000E+00 1.511000000E+00
8.246015000E-01 3.446220000E+01 9.262200000E+00 1.504000000E+00
8.287245100E-01 3.443540000E+01 9.232400000E+00 1.496000000E+00
8.328681300E-01 3.440700000E+01 9.202500000E+00 1.489000000E+00
8.370324800E-01 3.437700000E+01 9.172700000E+00 1.481000000E+00
8.412176400E-01 3.434530000E+01 9.142800000E+00 1.474000000E+00
8.454237300E-01 3.431200000E+01 9.112900000E+00 1.467000000E+00
8.496508400E-01 3.427690000E+01 9.082900000E+00 1.459000000E+00
8.538991000E-01 3.424000000E+01 9.053000000E+00 1.452000000E+00
8.581685900E-01 3.420130000E+01 9.023000000E+00 1.445000000E+00
8.624594400E-01 3.416070000E+01 8.993100000E+00 1.438000000E+00
8.667717300E-01 3.411900000E+01 8.963100000E+00 1.430000000E+00
8.711055900E-01 3.407450000E+01 8.933200000E+00 1.423000000E+00
8.754611200E-01 3.402810000E+01 8.903200000E+00 1.416000000E+00
8.798384300E-01 3.397950000E+01 8.873200000E+00 1.409000000E+00
8.842376200E-01 3.392880000E+01 8.843300000E+00 1.402000000E+00
8.886588100E-01 3.387600000E+01 8.813400000E+00 1.395000000E+00
8.931021000E-01 3.382080000E+01 8.783500000E+00 1.388000000E+00
8.975676100E-01 3.376330000E+01 8.753600000E+00 1.381000000E+00
9.020554500E-01 3.370350000E+01 8.723700000E+00 1.374000000E+00
9.065657300E-01 3.364110000E+01 8.693800000E+00 1.368000000E+00
9.110985600E-01 3.357620000E+01 8.664000000E+00 1.361000000E+00
9.156540500E-01 3.350870000E+01 8.634200000E+00 1.354000000E+00
9.202323200E-01 3.343850000E+01 8.604400000E+00 1.347000000E+00
9.248334800E-01 3.336550000E+01 8.574700000E+00 1.341000000E+00
9.294576500E-01 3.328950000E+01 8.545000000E+00 1.334000000E+00
9.341049400E-01 3.321060000E+01 8.515300000E+00 1.327000000E+00
9.387754600E-01 3.312860000E+01 8.485700000E+00 1.321000000E+00
9.434693400E-01 3.304350000E+01 8.456100000E+00 1.314000000E+00
9.481866800E-01 3.295500000E+01 8.426600000E+00 1.308000000E+00
9.529276200E-01 3.286310000E+01 8.397100000E+00 1.301000000E+00
9.576922600E-01 3.276770000E+01 8.367600000E+00 1.295000000E+00
9.624807200E-01 3.266860000E+01 8.338200000E+00 1.288000000E+00
9.672931200E-01 3.256580000E+01 8.308900000E+00 1.282000000E+00
9.721295900E-01 3.245920000E+01 8.279600000E+00 1.275000000E+00
9.769902300E-01 3.234850000E+01 8.250300000E+00 1.269000000E+00
9.818751900E-01 3.223380000E+01 8.221100000E+00 1.263000000E+00
9.867845600E-01 3.211480000E+01 8.192000000E+00 1.256000000E+00
9.917184800E-01 3.199160000E+01 8.163000000E+00 1.250000000E+00
9.966770800E-01 3.186400000E+01 8.133900000E+00 1.244000000E+00
1.001660500E+00 3.172590000E+01 8.099600000E+00 1.238000000E+00
1.006668800E+00 3.156860000E+01 8.054600000E+00 1.232000000E+00
1.011702100E+00 3.140330000E+01 8.010000000E+00 1.226000000E+00
1.016760600E+00 3.122960000E+01 7.965600000E+00 1.219000000E+00
1.021844400E+00 3.104730000E+01 7.921500000E+00 1.213000000E+00
1.026953600E+00 3.085560000E+01 7.877700000E+00 1.207000000E+00
1.032088400E+00 3.065420000E+01 7.834100000E+00 1.201000000E+00
1.037248900E+00 3.044230000E+01 7.790900000E+00 1.195000000E+00
1.042435100E+00 3.021910000E+01 7.747900000E+00 1.189000000E+00
1.047647300E+00 2.998390000E+01 7.705300000E+00 1.183000000E+00
1.052885500E+00 2.973570000E+01 7.662900000E+00 1.178000000E+00
1.058149900E+00 2.947340000E+01 7.620800000E+00 1.172000000E+00
1.063440700E+00 2.919580000E+01 7.578900000E+00 1.166000000E+00
1.068757900E+00 2.890160000E+01 7.537400000E+00 1.160000000E+00
1.074101700E+00 2.858930000E+01 7.496100000E+00 1.154000000E+00
1.079472200E+00 2.825680000E+01 7.455100000E+00 1.149000000E+00
1.084869500E+00 2.790230000E+01 7.414000000E+00 1.143000000E+00
1.090293900E+00 2.752310000E+01 7.371600000E+00 1.137000000E+00
1.095745400E+00 2.711630000E+01 7.329600000E+00 1.132000000E+00
1.101224100E+00 2.667840000E+01 7.287800000E+00 1.126000000E+00
1.106730200E+00 2.620540000E+01 7.246400000E+00 1.120000000E+00
1.112263900E+00 2.569210000E+01 7.205200000E+00 1.115000000E+00
1.117825200E+00 2.513230000E+01 7.164300000E+00 1.109000000E+00
1.123414300E+00 2.451820000E+01 7.123700000E+00 1.104000000E+00
1.129031400E+00 2.383960000E+01 7.083400000E+00 1.098000000E+00
1.134676500E+00 2.308370000E+01 7.043300000E+00 1.093000000E+00
1.140349900E+00 2.223250000E+01 7.003500000E+00 1.087000000E+00
1.146051700E+00 2.126130000E+01 6.964000000E+00 1.082000000E+00
1.151781900E+00 2.013390000E+01 6.924800000E+00 1.076000000E+00
1.157540800E+00 1.879390000E+01 6.885300000E+00 1.071000000E+00
1.163328500E+00 1.714630000E+01 6.845700000E+00 1.066000000E+00
1.169145200E+00 1.500910000E+01 6.806400000E+00 1.060000000E+00
1.174990900E+00 1.195190000E+01 6.767400000E+00 1.055000000E+00
1.180865900E+00 6.376180000E+00 6.728600000E+00 1.050000000E+00
1.185057800E+00 -1.476830000E+01 6.701200000E+00 1.046000000E+00
1.185342200E+00 -1.510560000E+01 2.590000000E+01 1.046000000E+00
1.186770200E+00 -5.177330000E-01 2.585400000E+01 1.045000000E+00
1.192704000E+00 8.467180000E+00 2.566200000E+01 1.040000000E+00
1.198667600E+00 1.117580000E+01 2.547200000E+01 1.034000000E+00
1.204660900E+00 1.209580000E+01 2.528300000E+01 1.029000000E+00
1.210684200E+00 1.135100000E+01 2.509600000E+01 1.024000000E+00
1.216737600E+00 2.283600000E+00 2.491000000E+01 1.019000000E+00
1.216959000E+00 -2.804040000E-01 2.490400000E+01 1.019000000E+00
1.217441000E+00 -3.749920000E-01 3.750700000E+01 1.018000000E+00
1.222821300E+00 1.344520000E+01 3.725800000E+01 1.014000000E+00
1.228935400E+00 1.752530000E+01 3.697800000E+01 1.009000000E+00
1.235080100E+00 2.019650000E+01 3.670000000E+01 1.004000000E+00
1.241255500E+00 2.225830000E+01 3.642400000E+01 9.989000000E-01
1.247461800E+00 2.396290000E+01 3.615100000E+01 9.939000000E-01
1.253699100E+00 2.542650000E+01 3.587900000E+01 9.889000000E-01
1.259967600E+00 2.671350000E+01 3.561000000E+01 9.840000000E-01
1.266267400E+00 2.786430000E+01 3.534300000E+01 9.791000000E-01
1.272598800E+00 2.890590000E+01 3.507700000E+01 9.743000000E-01
1.278961800E+00 2.985740000E+01 3.481400000E+01 9.694000000E-01
1.285356600E+00 3.073320000E+01 3.455300000E+01 9.646000000E-01
1.291783300E+00 3.154380000E+01 3.429400000E+01 9.598000000E-01
1.298242300E+00 3.229800000E+01 3.403700000E+01 9.550000000E-01
1.304733500E+00 3.300230000E+01 3.378200000E+01 9.503000000E-01
1.311257100E+00 3.366240000E+01 3.352900000E+01 9.455000000E-01
1.317813400E+00 3.428270000E+01 3.327800000E+01 9.408000000E-01
1.324402500E+00 3.486710000E+01 3.302900000E+01 9.362000000E-01
1.331024500E+00 3.541860000E+01 3.278100000E+01 9.315000000E-01
1.337679600E+00 3.594010000E+01 3.253600000E+01 9.269000000E-01
1.344368000E+00 3.643370000E+01 3.229300000E+01 9.222000000E-01
1.351089900E+00 3.690160000E+01 3.205100000E+01 9.177000000E-01
1.357845300E+00 3.734530000E+01 3.181100000E+01 9.131000000E-01
1.364634500E+00 3.776650000E+01 3.157400000E+01 9.086000000E-01
1.371457700E+00 3.816620000E+01 3.133800000E+01 9.040000000E-01
1.378315000E+00 3.854570000E+01 3.110300000E+01 8.995000000E-01
1.385206600E+00 3.890580000E+01 3.087100000E+01 8.951000000E-01
1.392132600E+00 3.924730000E+01 3.064000000E+01 8.906000000E-01
1.399093300E+00 3.957090000E+01 3.041200000E+01 8.862000000E-01
1.406088700E+00 3.987710000E+01 3.018500000E+01 8.818000000E-01
1.413119200E+00 4.016630000E+01 2.995900000E+01 8.774000000E-01
1.420184800E+00 4.043860000E+01 2.973600000E+01 8.730000000E-01
1.427285700E+00 4.069420000E+01 2.951400000E+01 8.687000000E-01
1.434422100E+00 4.093310000E+01 2.929400000E+01 8.643000000E-01
1.441594200E+00 4.115490000E+01 2.907600000E+01 8.600000000E-01
1.448802200E+00 4.135930000E+01 2.885900000E+01 8.558000000E-01
1.456046200E+00 4.154540000E+01 2.864400000E+01 8.515000000E-01
1.463326500E+00 4.171210000E+01 2.843100000E+01 8.473000000E-01
1.470643100E+00 4.185800000E+01 2.821900000E+01 8.431000000E-01
1.477996300E+00 4.198060000E+01 2.800900000E+01 8.389000000E-01
1.485386300E+00 4.207690000E+01 2.780000000E+01 8.347000000E-01
1.492813200E+00 4.214190000E+01 2.759300000E+01 8.305000000E-01
1.500277300E+00 4.216840000E+01 2.738800000E+01 8.264000000E-01
1.507778700E+00 4.214480000E+01 2.718400000E+01 8.223000000E-01
1.515317600E+00 4.205070000E+01 2.698200000E+01 8.182000000E-01
1.522894200E+00 4.184630000E+01 2.678100000E+01 8.141000000E-01
1.530508600E+00 4.143590000E+01 2.658200000E+01 8.101000000E-01
1.538161200E+00 4.046250000E+01 2.638400000E+01 8.061000000E-01
1.542710800E+00 3.842290000E+01 2.626700000E+01 8.037000000E-01
1.545289300E+00 3.843150000E+01 3.074300000E+01 8.023000000E-01
1.545852000E+00 3.897500000E+01 3.072500000E+01 8.020000000E-01
1.553581200E+00 4.158760000E+01 3.047600000E+01 7.981000000E-01
1.561349100E+00 4.265470000E+01 3.022900000E+01 7.941000000E-01
1.569155900E+00 4.338300000E+01 2.998400000E+01 7.901000000E-01
1.577001700E+00 4.395170000E+01 2.974100000E+01 7.862000000E-01
1.584886700E+00 4.442370000E+01 2.949900000E+01 7.823000000E-01
1.592811100E+00 4.482790000E+01 2.925800000E+01 7.784000000E-01
1.600775200E+00 4.517980000E+01 2.901900000E+01 7.745000000E-01
1.608779000E+00 4.548800000E+01 2.878200000E+01 7.707000000E-01
1.616822900E+00 4.575690000E+01 2.854700000E+01 7.668000000E-01
1.624907000E+00 4.598880000E+01 2.832600000E+01 7.630000000E-01
1.633031600E+00 4.619530000E+01 2.811600000E+01 7.592000000E-01
1.641196700E+00 4.637510000E+01 2.791000000E+01 7.555000000E-01
1.649402700E+00 4.652380000E+01 2.770500000E+01 7.517000000E-01
1.657649700E+00 4.663350000E+01 2.750400000E+01 7.480000000E-01
1.665938000E+00 4.668760000E+01 2.730500000E+01 7.442000000E-01
1.674267700E+00 4.664330000E+01 2.710800000E+01 7.405000000E-01
1.682639000E+00 4.632880000E+01 2.691400000E+01 7.368000000E-01
1.686807600E+00 4.564330000E+01 2.681900000E+01 7.350000000E-01
1.689792500E+00 4.569610000E+01 2.863300000E+01 7.337000000E-01
1.691052200E+00 4.609740000E+01 2.860100000E+01 7.332000000E-01
1.699507500E+00 4.715470000E+01 2.838900000E+01 7.295000000E-01
1.708005000E+00 4.769330000E+01 2.817900000E+01 7.259000000E-01
1.716545000E+00 4.809810000E+01 2.797200000E+01 7.223000000E-01
1.725127800E+00 4.843590000E+01 2.776800000E+01 7.187000000E-01
1.733753400E+00 4.873150000E+01 2.756600000E+01 7.151000000E-01
1.742422200E+00 4.899650000E+01 2.736600000E+01 7.116000000E-01
1.751134300E+00 4.923740000E+01 2.716800000E+01 7.080000000E-01
1.759889900E+00 4.945800000E+01 2.697200000E+01 7.045000000E-01
1.768689400E+00 4.965990000E+01 2.677900000E+01 7.010000000E-01
1.777532800E+00 4.984500000E+01 2.659400000E+01 6.975000000E-01
1.786420500E+00 5.001930000E+01 2.641600000E+01 6.940000000E-01
1.795352600E+00 5.018300000E+01 2.624000000E+01 6.906000000E-01
1.804329400E+00 5.033550000E+01 2.606600000E+01 6.871000000E-01
1.813351000E+00 5.047630000E+01 2.589400000E+01 6.837000000E-01
1.822417800E+00 5.060430000E+01 2.572500000E+01 6.803000000E-01
1.831529900E+00 5.071760000E+01 2.555700000E+01 6.769000000E-01
1.840687500E+00 5.081270000E+01 2.539200000E+01 6.736000000E-01
1.849890900E+00 5.088290000E+01 2.522900000E+01 6.702000000E-01
1.859140400E+00 5.091350000E+01 2.506700000E+01 6.669000000E-01
1.868436100E+00 5.086400000E+01 2.490800000E+01 6.636000000E-01
1.877778300E+00 5.049410000E+01 2.475000000E+01 6.603000000E-01
1.877847200E+00 5.048670000E+01 2.474900000E+01 6.602000000E-01
1.883752900E+00 5.057430000E+01 2.582500000E+01 6.582000000E-01
1.887167200E+00 5.091790000E+01 2.576700000E+01 6.570000000E-01
1.896603000E+00 5.140870000E+01 2.560900000E+01 6.537000000E-01
1.906086000E+00 5.173110000E+01 2.545200000E+01 6.505000000E-01
1.915616500E+00 5.199390000E+01 2.529700000E+01 6.472000000E-01
1.925194500E+00 5.222480000E+01 2.514300000E+01 6.440000000E-01
1.934820500E+00 5.243540000E+01 2.499100000E+01 6.408000000E-01
1.944494600E+00 5.263140000E+01 2.484000000E+01 6.376000000E-01
1.954217100E+00 5.281650000E+01 2.469000000E+01 6.344000000E-01
1.963988200E+00 5.299290000E+01 2.454200000E+01 6.313000000E-01
1.973808100E+00 5.316190000E+01 2.439500000E+01 6.281000000E-01
1.983677200E+00 5.332520000E+01 2.425100000E+01 6.250000000E-01
1.993595500E+00 5.348410000E+01 2.410800000E+01 6.219000000E-01
2.003563500E+00 5.363940000E+01 2.396600000E+01 6.188000000E-01
2.013581300E+00 5.379090000E+01 2.382100000E+01 6.157000000E-01
2.023649200E+00 5.393730000E+01 2.367300000E+01 6.127000000E-01
2.033767500E+00 5.407920000E+01 2.352700000E+01 6.096000000E-01
2.043936300E+00 5.421700000E+01 2.338200000E+01 6.066000000E-01
2.054156000E+00 5.435120000E+01 2.323800000E+01 6.036000000E-01
2.064426800E+00 5.448190000E+01 2.309500000E+01 6.006000000E-01
2.074748900E+00 5.460950000E+01 2.295300000E+01 5.976000000E-01
2.085122700E+00 5.473420000E+01 2.281200000E+01 5.946000000E-01
2.095548300E+00 5.485620000E+01 2.267200000E+01 5.917000000E-01
2.106026000E+00 5.497560000E+01 2.253300000E+01 5.887000000E-01
2.116556200E+00 5.509260000E+01 2.239500000E+01 5.858000000E-01
2.127138900E+00 5.520730000E+01 2.225800000E+01 5.829000000E-01
2.137774600E+00 5.531990000E+01 2.212200000E+01 5.800000000E-01
2.148463500E+00 5.543050000E+01 2.198700000E+01 5.771000000E-01
2.159205800E+00 5.553930000E+01 2.185200000E+01 5.742000000E-01
2.170001800E+00 5.564640000E+01 2.171800000E+01 5.714000000E-01
2.180851900E+00 5.575190000E+01 2.158600000E+01 5.685000000E-01
2.191756100E+00 5.585600000E+01 2.145400000E+01 5.657000000E-01
2.202714900E+00 5.595850000E+01 2.132000000E+01 5.629000000E-01
2.213728500E+00 5.605860000E+01 2.118600000E+01 5.601000000E-01
2.224797100E+00 5.615660000E+01 2.105200000E+01 5.573000000E-01
2.235921100E+00 5.625250000E+01 2.092000000E+01 5.545000000E-01
2.247100700E+00 5.634660000E+01 2.078800000E+01 5.518000000E-01
2.258336200E+00 5.643890000E+01 2.065700000E+01 5.490000000E-01
2.269627900E+00 5.652940000E+01 2.052700000E+01 5.463000000E-01
2.280976000E+00 5.661830000E+01 2.039800000E+01 5.436000000E-01
2.292380900E+00 5.670560000E+01 2.026900000E+01 5.409000000E-01
2.303842800E+00 5.679140000E+01 2.014100000E+01 5.382000000E-01
2.315362000E+00 5.687570000E+01 2.001400000E+01 5.355000000E-01
2.326938800E+00 5.695860000E+01 1.988800000E+01 5.328000000E-01
2.338573500E+00 5.704020000E+01 1.976200000E+01 5.302000000E-01
2.350266400E+00 5.712050000E+01 1.963700000E+01 5.275000000E-01
2.362017700E+00 5.719960000E+01 1.951300000E+01 5.249000000E-01
2.373827800E+00 5.749550000E+01 1.938900000E+01 5.223000000E-01
2.385697000E+00 5.757210000E+01 1.926100000E+01 5.197000000E-01
2.397625400E+00 5.764710000E+01 1.913400000E+01 5.171000000E-01
2.409613600E+00 5.772060000E+01 1.900900000E+01 5.145000000E-01
2.421661600E+00 5.779260000E+01 1.888400000E+01 5.120000000E-01
2.433769900E+00 5.786320000E+01 1.875900000E+01 5.094000000E-01
2.445938800E+00 5.808070000E+01 1.863300000E+01 5.069000000E-01
2.458168500E+00 5.814830000E+01 1.850700000E+01 5.044000000E-01
2.470459300E+00 5.821420000E+01 1.838100000E+01 5.019000000E-01
2.482811600E+00 5.827830000E+01 1.825600000E+01 4.994000000E-01
2.495225700E+00 5.834090000E+01 1.813200000E+01 4.969000000E-01
2.507701800E+00 5.840200000E+01 1.800900000E+01 4.944000000E-01
2.520240300E+00 5.846170000E+01 1.788700000E+01 4.920000000E-01
2.532841500E+00 5.851990000E+01 1.776600000E+01 4.895000000E-01
2.545505700E+00 5.857680000E+01 1.764500000E+01 4.871000000E-01
2.558233300E+00 5.863240000E+01 1.752500000E+01 4.846000000E-01
2.571024400E+00 5.868680000E+01 1.740700000E+01 4.822000000E-01
2.583879600E+00 5.874000000E+01 1.728900000E+01 4.798000000E-01
2.596799000E+00 5.879200000E+01 1.717200000E+01 4.775000000E-01
2.609782900E+00 5.884290000E+01 1.705500000E+01 4.751000000E-01
2.622831900E+00 5.889270000E+01 1.694000000E+01 4.727000000E-01
2.635946000E+00 5.894150000E+01 1.682500000E+01 4.704000000E-01
2.649125700E+00 5.898930000E+01 1.670900000E+01 4.680000000E-01
2.662371400E+00 5.903600000E+01 1.659400000E+01 4.657000000E-01
2.675683200E+00 5.908170000E+01 1.647900000E+01 4.634000000E-01
2.689061700E+00 5.912630000E+01 1.636500000E+01 4.611000000E-01
2.702507000E+00 5.917000000E+01 1.625200000E+01 4.588000000E-01
2.716019500E+00 5.921270000E+01 1.614000000E+01 4.565000000E-01
2.729599600E+00 5.925460000E+01 1.602800000E+01 4.542000000E-01
2.743247600E+00 5.929550000E+01 1.591800000E+01 4.520000000E-01
2.756963800E+00 5.933560000E+01 1.580800000E+01 4.497000000E-01
2.770748600E+00 5.937500000E+01 1.570000000E+01 4.475000000E-01
2.784602400E+00 5.941350000E+01 1.559200000E+01 4.452000000E-01
2.798525400E+00 5.945140000E+01 1.548500000E+01 4.430000000E-01
2.812518000E+00 5.948850000E+01 1.537900000E+01 4.408000000E-01
2.826580600E+00 5.952500000E+01 1.527300000E+01 4.386000000E-01
2.840713500E+00 5.956100000E+01 1.516900000E+01 4.365000000E-01
2.854917100E+00 5.959630000E+01 1.506500000E+01 4.343000000E-01
2.869191700E+00 5.963120000E+01 1.496300000E+01 4.321000000E-01
2.883537600E+00 5.966550000E+01 1.486100000E+01 4.300000000E-01
2.897955300E+00 5.969950000E+01 1.476000000E+01 4.278000000E-01
2.912445100E+00 5.973310000E+01 1.466000000E+01 4.257000000E-01
2.927007300E+00 5.976640000E+01 1.456000000E+01 4.236000000E-01
2.941642400E+00 5.979940000E+01 1.446200000E+01 4.215000000E-01
2.956350600E+00 5.983230000E+01 1.436400000E+01 4.194000000E-01
2.971132300E+00 5.986510000E+01 1.426700000E+01 4.173000000E-01
2.985988000E+00 5.989800000E+01 1.417100000E+01 4.152000000E-01
3.000917900E+00 5.993120000E+01 1.407500000E+01 4.132000000E-01
3.015922500E+00 5.996610000E+01 1.396600000E+01 4.111000000E-01
3.031002100E+00 5.999710000E+01 1.385700000E+01 4.091000000E-01
3.046157100E+00 6.002550000E+01 1.375000000E+01 4.070000000E-01
3.061387900E+00 6.005220000E+01 1.364400000E+01 4.050000000E-01
3.076694900E+00 6.007730000E+01 1.353900000E+01 4.030000000E-01
3.092078300E+00 6.020370000E+01 1.343300000E+01 4.010000000E-01
3.107538700E+00 6.022690000E+01 1.332700000E+01 3.990000000E-01
3.123076400E+00 6.024860000E+01 1.322100000E+01 3.970000000E-01
3.138691800E+00 6.026900000E+01 1.311600000E+01 3.950000000E-01
3.154385300E+00 6.028830000E+01 1.301200000E+01 3.931000000E-01
3.170157200E+00 6.030630000E+01 1.290900000E+01 3.911000000E-01
3.186008000E+00 6.032330000E+01 1.280700000E+01 3.892000000E-01
3.201938000E+00 6.033920000E+01 1.270600000E+01 3.872000000E-01
3.217947700E+00 6.035420000E+01 1.260600000E+01 3.853000000E-01
3.234037400E+00 6.036820000E+01 1.250700000E+01 3.834000000E-01
3.250207600E+00 6.038130000E+01 1.240900000E+01 3.815000000E-01
3.266458700E+00 6.039360000E+01 1.231100000E+01 3.796000000E-01
3.282791000E+00 6.040510000E+01 1.221500000E+01 3.777000000E-01
3.299204900E+00 6.041580000E+01 1.211900000E+01 3.758000000E-01
3.315700900E+00 6.042570000E+01 1.202400000E+01 3.739000000E-01
3.332279400E+00 6.043500000E+01 1.193000000E+01 3.721000000E-01
3.348940800E+00 6.044350000E+01 1.183700000E+01 3.702000000E-01
3.365685600E+00 6.045140000E+01 1.174500000E+01 3.684000000E-01
3.382514000E+00 6.050640000E+01 1.165200000E+01 3.665000000E-01
3.399426500E+00 6.051340000E+01 1.156000000E+01 3.647000000E-01
3.416423700E+00 6.051950000E+01 1.146800000E+01 3.629000000E-01
3.433505800E+00 6.052490000E+01 1.137700000E+01 3.611000000E-01
3.450673300E+00 6.052950000E+01 1.128700000E+01 3.593000000E-01
3.467926700E+00 6.053340000E+01 1.119800000E+01 3.575000000E-01
3.485266300E+00 6.053670000E+01 1.110900000E+01 3.557000000E-01
3.502692700E+00 6.053930000E+01 1.102200000E+01 3.540000000E-01
3.520206100E+00 6.054120000E+01 1.093500000E+01 3.522000000E-01
3.537807200E+00 6.054260000E+01 1.084900000E+01 3.505000000E-01
3.555496200E+00 6.054340000E+01 1.076300000E+01 3.487000000E-01
3.573273700E+00 6.054360000E+01 1.067800000E+01 3.470000000E-01
3.591140000E+00 6.054320000E+01 1.059500000E+01 3.453000000E-01
3.609095700E+00 6.054230000E+01 1.051200000E+01 3.435000000E-01
3.627141200E+00 6.054090000E+01 1.042900000E+01 3.418000000E-01
3.645276900E+00 6.053890000E+01 1.034700000E+01 3.401000000E-01
3.663503300E+00 6.053650000E+01 1.026700000E+01 3.384000000E-01
3.681820800E+00 6.053360000E+01 1.018600000E+01 3.367000000E-01
3.700229900E+00 6.053030000E+01 1.010700000E+01 3.351000000E-01
3.718731100E+00 6.052650000E+01 1.002800000E+01 3.334000000E-01
3.737324700E+00 6.052220000E+01 9.950000000E+00 3.317000000E-01
3.756011400E+00 6.051750000E+01 9.872600000E+00 3.301000000E-01
3.774791400E+00 6.053430000E+01 9.795400000E+00 3.285000000E-01
3.793665400E+00 6.052900000E+01 9.718500000E+00 3.268000000E-01
3.812633700E+00 6.052310000E+01 9.642400000E+00 3.252000000E-01
3.831696900E+00 6.051680000E+01 9.566900000E+00 3.236000000E-01
3.850855400E+00 6.051000000E+01 9.492100000E+00 3.220000000E-01
3.870109600E+00 6.050270000E+01 9.417900000E+00 3.204000000E-01
3.889460200E+00 6.049500000E+01 9.344400000E+00 3.188000000E-01
3.908907500E+00 6.048690000E+01 9.271500000E+00 3.172000000E-01
3.928452000E+00 6.047840000E+01 9.199300000E+00 3.156000000E-01
3.948094300E+00 6.046950000E+01 9.127700000E+00 3.140000000E-01
3.967834700E+00 6.046020000E+01 9.056700000E+00 3.125000000E-01
3.987673900E+00 6.045040000E+01 8.986400000E+00 3.109000000E-01
4.055024000E+00 6.077970000E+01 8.754600000E+00 3.058000000E-01
4.334821000E+00 6.054620000E+01 7.895900000E+00 2.860000000E-01
4.633924000E+00 6.026330000E+01 7.131100000E+00 2.676000000E-01
4.953664000E+00 5.992880000E+01 6.449200000E+00 2.503000000E-01
5.295467000E+00 5.953060000E+01 5.826000000E+00 2.341000000E-01
5.660855000E+00 5.901930000E+01 5.244600000E+00 2.190000000E-01
6.051453000E+00 5.833260000E+01 4.729400000E+00 2.049000000E-01
6.469004000E+00 5.731920000E+01 4.272800000E+00 1.917000000E-01
6.915365000E+00 5.536840000E+01 3.857000000E+00 1.793000000E-01
7.097944000E+00 5.356340000E+01 3.703600000E+00 1.747000000E-01
7.206586000E+00 5.053050000E+01 3.617200000E+00 1.720000000E-01
7.235557000E+00 4.699370000E+01 3.594800000E+00 1.714000000E-01
7.279014000E+00 5.052080000E+01 1.045500000E+01 1.703000000E-01
7.392525000E+00 5.363850000E+01 1.011200000E+01 1.677000000E-01
7.771694000E+00 5.520110000E+01 9.150700000E+00 1.595000000E-01
7.890649000E+00 5.413360000E+01 8.912000000E+00 1.571000000E-01
7.902609000E+00 5.378520000E+01 8.888900000E+00 1.569000000E-01
7.922370000E+00 5.250060000E+01 8.851000000E+00 1.565000000E-01
7.969952000E+00 5.433020000E+01 1.212500000E+01 1.556000000E-01
8.088906000E+00 5.605830000E+01 1.182400000E+01 1.533000000E-01
8.208088000E+00 5.671700000E+01 1.153700000E+01 1.511000000E-01
8.333722000E+00 5.666810000E+01 1.124900000E+01 1.488000000E-01
8.367224000E+00 5.593940000E+01 1.117500000E+01 1.482000000E-01
8.417478000E+00 5.703830000E+01 1.280600000E+01 1.473000000E-01
8.447890000E+00 5.747190000E+01 1.273800000E+01 1.468000000E-01
8.543112000E+00 5.831130000E+01 1.253000000E+01 1.451000000E-01
9.030794000E+00 6.047790000E+01 1.152400000E+01 1.373000000E-01
9.653919000E+00 6.189450000E+01 1.033300000E+01 1.284000000E-01
1.032004000E+01 6.277500000E+01 9.252400000E+00 1.201000000E-01
1.103212000E+01 6.335680000E+01 8.275900000E+00 1.124000000E-01
1.179334000E+01 6.374040000E+01 7.401800000E+00 1.051000000E-01
1.260708000E+01 6.399220000E+01 6.625800000E+00 9.834000000E-02
1.347697000E+01 6.415430000E+01 5.936300000E+00 9.200000000E-02
1.440688000E+01 6.425540000E+01 5.323100000E+00 8.606000000E-02
1.540095000E+01 6.437530000E+01 4.758800000E+00 8.050000000E-02
1.646362000E+01 6.442220000E+01 4.251500000E+00 7.531000000E-02
1.759961000E+01 6.443230000E+01 3.789400000E+00 7.045000000E-02
1.881398000E+01 6.438230000E+01 3.377800000E+00 6.590000000E-02
2.011215000E+01 6.431480000E+01 3.013600000E+00 6.165000000E-02
2.149988000E+01 6.423610000E+01 2.691000000E+00 5.767000000E-02
2.298338000E+01 6.415030000E+01 2.405100000E+00 5.395000000E-02
2.456923000E+01 6.406030000E+01 2.151500000E+00 5.046000000E-02
2.626450000E+01 6.396990000E+01 1.926200000E+00 4.721000000E-02
2.807676000E+01 6.388440000E+01 1.712500000E+00 4.416000000E-02
3.001405000E+01 6.377800000E+01 1.520000000E+00 4.131000000E-02
3.208502000E+01 6.366210000E+01 1.349100000E+00 3.864000000E-02
3.429889000E+01 6.353430000E+01 1.196100000E+00 3.615000000E-02
3.666551000E+01 6.339000000E+01 1.059200000E+00 3.381000000E-02
3.919543000E+01 6.321740000E+01 9.349800000E-01 3.163000000E-02
4.189992000E+01 6.299550000E+01 8.256300000E-01 2.959000000E-02
4.479101000E+01 6.267110000E+01 7.294400000E-01 2.768000000E-02
4.788159000E+01 6.202830000E+01 6.449600000E-01 2.589000000E-02
4.923432000E+01 6.134420000E+01 6.127900000E-01 2.518000000E-02
4.998791000E+01 6.017810000E+01 5.959600000E-01 2.480000000E-02
5.018886000E+01 5.878110000E+01 5.916000000E-01 2.470000000E-02
5.049030000E+01 6.019340000E+01 3.335500000E+00 2.456000000E-02
5.118542000E+01 6.141330000E+01 3.265200000E+00 2.422000000E-02
5.124388000E+01 6.146950000E+01 3.259400000E+00 2.419000000E-02
5.471721000E+01 6.289320000E+01 2.937100000E+00 2.266000000E-02
5.849270000E+01 6.344890000E+01 2.634300000E+00 2.120000000E-02
6.252870000E+01 6.376990000E+01 2.360600000E+00 1.983000000E-02
6.684318000E+01 6.397780000E+01 2.113800000E+00 1.855000000E-02
7.145536000E+01 6.411650000E+01 1.890700000E+00 1.735000000E-02
7.638578000E+01 6.421090000E+01 1.691100000E+00 1.623000000E-02
8.165640000E+01 6.427660000E+01 1.510500000E+00 1.518000000E-02
8.729069000E+01 6.431750000E+01 1.345000000E+00 1.420000000E-02
9.331374000E+01 6.434080000E+01 1.197900000E+00 1.329000000E-02
9.975239000E+01 6.435220000E+01 1.066900000E+00 1.243000000E-02
1.066353000E+02 6.438320000E+01 9.469300000E-01 1.163000000E-02
1.139931000E+02 6.437620000E+01 8.401500000E-01 1.088000000E-02
1.218587000E+02 6.436400000E+01 7.454700000E-01 1.017000000E-02
1.302669000E+02 6.434840000E+01 6.615300000E-01 9.518000000E-03
1.392553000E+02 6.433080000E+01 5.870900000E-01 8.903000000E-03
1.488640000E+02 6.431190000E+01 5.210700000E-01 8.329000000E-03
1.591356000E+02 6.429240000E+01 4.625100000E-01 7.791000000E-03
1.701159000E+02 6.427290000E+01 4.105700000E-01 7.288000000E-03
1.818539000E+02 6.425350000E+01 3.644900000E-01 6.818000000E-03
1.944018000E+02 6.423470000E+01 3.236000000E-01 6.378000000E-03
2.078156000E+02 6.421640000E+01 2.873300000E-01 5.966000000E-03
2.221548000E+02 6.419880000E+01 2.554600000E-01 5.581000000E-03
2.374835000E+02 6.418250000E+01 2.278100000E-01 5.221000000E-03
2.538699000E+02 6.416740000E+01 2.031600000E-01 4.884000000E-03
2.713869000E+02 6.415340000E+01 1.811900000E-01 4.569000000E-03
2.901126000E+02 6.414040000E+01 1.616100000E-01 4.274000000E-03
3.101304000E+02 6.412840000E+01 1.441500000E-01 3.998000000E-03
3.315294000E+02 6.411730000E+01 1.285900000E-01 3.740000000E-03
3.544049000E+02 6.410710000E+01 1.147100000E-01 3.498000000E-03
3.788588000E+02 6.409770000E+01 1.023400000E-01 3.273000000E-03
4.050001000E+02 6.408900000E+01 9.130500000E-02 3.061000000E-03
4.329451000E+02 6.408100000E+01 8.146500000E-02 2.864000000E-03
