# Data retrieved from physics.nist.gov 03/01/2021
# Element, Ho  (Z = 67) 
# Atomic weight, g mol-1 = 164.9304 
# Nominal density, g cm-3 =  8.7690 
# Relativistic correction estimate f_rel(5CL),  e atom-1 =  -6.7140E-01 
# Nuclear Thomson correction f_NT, e atom-1 =  -1.4931E-02 
#    E [keV]      f1 [e atom-1]      f2 [e atom-1]    Wavelength [nm] 
1.069000000E-02 9.732160000E+00 2.949300000E-01 1.160000000E+02
1.142761000E-02 9.939460000E+00 3.262100000E-01 1.085000000E+02
1.221612000E-02 9.656480000E+00 3.619600000E-01 1.015000000E+02
1.305903000E-02 9.302470000E+00 4.028200000E-01 9.494000000E+01
1.396010000E-02 8.848800000E+00 4.495500000E-01 8.881000000E+01
1.492335000E-02 8.247540000E+00 5.029900000E-01 8.308000000E+01
1.595306000E-02 7.410520000E+00 5.640800000E-01 7.772000000E+01
1.705382000E-02 6.151200000E+00 6.338600000E-01 7.270000000E+01
1.823053000E-02 3.970330000E+00 7.134600000E-01 6.801000000E+01
1.948844000E-02 -1.398110000E+00 8.041300000E-01 6.362000000E+01
1.989400000E-02 -5.955840000E+00 8.345700000E-01 6.232000000E+01
2.019850000E-02 -1.603240000E+01 8.577900000E-01 6.138000000E+01
2.027970000E-02 -2.853140000E+01 8.640400000E-01 6.114000000E+01
2.040150000E-02 -1.491180000E+01 2.569800000E+01 6.077000000E+01
2.070600000E-02 -2.861670000E+00 2.458300000E+01 5.988000000E+01
2.083314000E-02 -4.106220000E-01 2.413800000E+01 5.951000000E+01
2.227063000E-02 1.123890000E+01 1.982700000E+01 5.567000000E+01
2.380730000E-02 1.559120000E+01 1.629500000E+01 5.208000000E+01
2.545001000E-02 1.766560000E+01 1.338900000E+01 4.872000000E+01
2.720606000E-02 1.860100000E+01 1.107600000E+01 4.557000000E+01
2.908327000E-02 1.891020000E+01 9.288500000E+00 4.263000000E+01
3.109002000E-02 1.887280000E+01 7.944900000E+00 3.988000000E+01
3.323523000E-02 1.865210000E+01 6.967100000E+00 3.731000000E+01
3.552846000E-02 1.834580000E+01 6.285800000E+00 3.490000000E+01
3.797993000E-02 1.801250000E+01 5.844000000E+00 3.264000000E+01
4.060054000E-02 1.768720000E+01 5.595800000E+00 3.054000000E+01
4.340198000E-02 1.739110000E+01 5.506100000E+00 2.857000000E+01
4.639671000E-02 1.713670000E+01 5.548000000E+00 2.672000000E+01
4.959809000E-02 1.692940000E+01 5.701200000E+00 2.500000000E+01
5.017600000E-02 1.689690000E+01 5.738000000E+00 2.471000000E+01
5.094400000E-02 1.684960000E+01 5.790500000E+00 2.434000000E+01
5.114880000E-02 1.682620000E+01 5.805100000E+00 2.424000000E+01
5.145600000E-02 1.682820000E+01 5.856700000E+00 2.410000000E+01
5.222400000E-02 1.681260000E+01 5.916500000E+00 2.374000000E+01
5.302035000E-02 1.679270000E+01 5.982200000E+00 2.338000000E+01
5.667876000E-02 1.673900000E+01 6.322800000E+00 2.187000000E+01
6.058959000E-02 1.676540000E+01 6.741200000E+00 2.046000000E+01
6.477028000E-02 1.691160000E+01 7.231100000E+00 1.914000000E+01
6.923942000E-02 1.716920000E+01 7.788000000E+00 1.791000000E+01
7.401695000E-02 1.752790000E+01 8.091400000E+00 1.675000000E+01
7.912411000E-02 1.790040000E+01 8.376200000E+00 1.567000000E+01
8.458368000E-02 1.829190000E+01 8.651000000E+00 1.466000000E+01
9.041995000E-02 1.870220000E+01 8.909500000E+00 1.371000000E+01
9.665893000E-02 1.912680000E+01 9.145700000E+00 1.283000000E+01
1.000000000E-01 2.169230000E+01 9.255600000E+00 1.240000000E+01
1.005000000E-01 2.172470000E+01 9.271100000E+00 1.234000000E+01
1.010025000E-01 2.175700000E+01 9.286400000E+00 1.228000000E+01
1.015075100E-01 2.178930000E+01 9.301500000E+00 1.221000000E+01
1.020150500E-01 2.182160000E+01 9.316500000E+00 1.215000000E+01
1.025251300E-01 2.185390000E+01 9.331300000E+00 1.209000000E+01
1.030377500E-01 2.188620000E+01 9.345900000E+00 1.203000000E+01
1.035529400E-01 2.191840000E+01 9.360300000E+00 1.197000000E+01
1.040707000E-01 2.195060000E+01 9.374500000E+00 1.191000000E+01
1.045910600E-01 2.198270000E+01 9.388600000E+00 1.185000000E+01
1.051140100E-01 2.201480000E+01 9.402400000E+00 1.180000000E+01
1.056395800E-01 2.204680000E+01 9.416100000E+00 1.174000000E+01
1.061677800E-01 2.207870000E+01 9.429600000E+00 1.168000000E+01
1.066986200E-01 2.211060000E+01 9.442900000E+00 1.162000000E+01
1.072321100E-01 2.214230000E+01 9.456000000E+00 1.156000000E+01
1.077682700E-01 2.217400000E+01 9.468900000E+00 1.150000000E+01
1.083071200E-01 2.220560000E+01 9.481700000E+00 1.145000000E+01
1.088486500E-01 2.223700000E+01 9.494200000E+00 1.139000000E+01
1.093928900E-01 2.226840000E+01 9.506500000E+00 1.133000000E+01
1.099398600E-01 2.229950000E+01 9.518600000E+00 1.128000000E+01
1.104895600E-01 2.233060000E+01 9.530600000E+00 1.122000000E+01
1.110420100E-01 2.236150000E+01 9.542300000E+00 1.117000000E+01
1.115972200E-01 2.239220000E+01 9.553800000E+00 1.111000000E+01
1.121552000E-01 2.242280000E+01 9.565100000E+00 1.105000000E+01
1.127159800E-01 2.245310000E+01 9.576200000E+00 1.100000000E+01
1.132795600E-01 2.248330000E+01 9.587100000E+00 1.094000000E+01
1.138459600E-01 2.251320000E+01 9.597800000E+00 1.089000000E+01
1.144151900E-01 2.254300000E+01 9.608200000E+00 1.084000000E+01
1.149872600E-01 2.257240000E+01 9.618500000E+00 1.078000000E+01
1.155622000E-01 2.260170000E+01 9.628600000E+00 1.073000000E+01
1.161400100E-01 2.263060000E+01 9.638400000E+00 1.068000000E+01
1.167207100E-01 2.265920000E+01 9.648000000E+00 1.062000000E+01
1.173043100E-01 2.268760000E+01 9.657400000E+00 1.057000000E+01
1.178908300E-01 2.271560000E+01 9.666600000E+00 1.052000000E+01
1.184802900E-01 2.274330000E+01 9.675500000E+00 1.046000000E+01
1.190726900E-01 2.277060000E+01 9.684300000E+00 1.041000000E+01
1.196680500E-01 2.279750000E+01 9.692800000E+00 1.036000000E+01
1.202663900E-01 2.282400000E+01 9.701100000E+00 1.031000000E+01
1.208677200E-01 2.285010000E+01 9.709200000E+00 1.026000000E+01
1.214720600E-01 2.287580000E+01 9.717000000E+00 1.021000000E+01
1.220794200E-01 2.290090000E+01 9.724600000E+00 1.016000000E+01
1.226898200E-01 2.292560000E+01 9.732000000E+00 1.011000000E+01
1.233032700E-01 2.294970000E+01 9.739200000E+00 1.006000000E+01
1.239197900E-01 2.297330000E+01 9.746200000E+00 1.001000000E+01
1.245393900E-01 2.299620000E+01 9.752900000E+00 9.955000000E+00
1.251620800E-01 2.301860000E+01 9.759400000E+00 9.906000000E+00
1.257878900E-01 2.304020000E+01 9.765600000E+00 9.857000000E+00
1.264168300E-01 2.306120000E+01 9.771700000E+00 9.808000000E+00
1.270489200E-01 2.308140000E+01 9.777400000E+00 9.759000000E+00
1.276841600E-01 2.310080000E+01 9.783000000E+00 9.710000000E+00
1.283225800E-01 2.311940000E+01 9.788300000E+00 9.662000000E+00
1.289641900E-01 2.313710000E+01 9.793400000E+00 9.614000000E+00
1.296090200E-01 2.315380000E+01 9.798300000E+00 9.566000000E+00
1.302570600E-01 2.316960000E+01 9.802900000E+00 9.518000000E+00
1.309083500E-01 2.318430000E+01 9.807300000E+00 9.471000000E+00
1.315628900E-01 2.319780000E+01 9.811500000E+00 9.424000000E+00
1.322207000E-01 2.321020000E+01 9.815400000E+00 9.377000000E+00
1.328818100E-01 2.322130000E+01 9.819100000E+00 9.330000000E+00
1.335462100E-01 2.323090000E+01 9.822600000E+00 9.284000000E+00
1.342139500E-01 2.323920000E+01 9.825800000E+00 9.238000000E+00
1.348850200E-01 2.324580000E+01 9.828700000E+00 9.192000000E+00
1.355594400E-01 2.325080000E+01 9.831500000E+00 9.146000000E+00
1.362372400E-01 2.325390000E+01 9.834000000E+00 9.101000000E+00
1.369184200E-01 2.325520000E+01 9.836300000E+00 9.055000000E+00
1.376030200E-01 2.325430000E+01 9.838300000E+00 9.010000000E+00
1.382910300E-01 2.325120000E+01 9.840100000E+00 8.965000000E+00
1.389824900E-01 2.324560000E+01 9.841600000E+00 8.921000000E+00
1.396774000E-01 2.323730000E+01 9.842900000E+00 8.876000000E+00
1.403757900E-01 2.322620000E+01 9.844000000E+00 8.832000000E+00
1.410776600E-01 2.321200000E+01 9.844800000E+00 8.788000000E+00
1.417830500E-01 2.319430000E+01 9.845400000E+00 8.745000000E+00
1.424919700E-01 2.317280000E+01 9.845700000E+00 8.701000000E+00
1.432044300E-01 2.314720000E+01 9.845900000E+00 8.658000000E+00
1.439204500E-01 2.311700000E+01 9.845700000E+00 8.615000000E+00
1.446400500E-01 2.308170000E+01 9.845400000E+00 8.572000000E+00
1.453632500E-01 2.304080000E+01 9.844700000E+00 8.529000000E+00
1.460900700E-01 2.299360000E+01 9.843900000E+00 8.487000000E+00
1.468205200E-01 2.293930000E+01 9.842800000E+00 8.445000000E+00
1.475546200E-01 2.287690000E+01 9.841500000E+00 8.403000000E+00
1.482923900E-01 2.280540000E+01 9.839900000E+00 8.361000000E+00
1.490338600E-01 2.272340000E+01 9.838100000E+00 8.319000000E+00
1.497790300E-01 2.262930000E+01 9.836100000E+00 8.278000000E+00
1.505279200E-01 2.252110000E+01 9.833800000E+00 8.237000000E+00
1.512805600E-01 2.239620000E+01 9.831300000E+00 8.196000000E+00
1.520369600E-01 2.225140000E+01 9.828500000E+00 8.155000000E+00
1.527971500E-01 2.208270000E+01 9.825500000E+00 8.114000000E+00
1.535611300E-01 2.188440000E+01 9.822300000E+00 8.074000000E+00
1.543289400E-01 2.165050000E+01 9.818800000E+00 8.034000000E+00
1.551005800E-01 2.136770000E+01 9.815100000E+00 7.994000000E+00
1.558760900E-01 2.102220000E+01 9.811100000E+00 7.954000000E+00
1.566554700E-01 2.059040000E+01 9.806900000E+00 7.914000000E+00
1.574387500E-01 2.003370000E+01 9.802500000E+00 7.875000000E+00
1.582259400E-01 1.928250000E+01 9.797900000E+00 7.836000000E+00
1.590170700E-01 1.819240000E+01 9.793000000E+00 7.797000000E+00
1.598121500E-01 1.637910000E+01 9.787800000E+00 7.758000000E+00
1.606112100E-01 1.197400000E+01 9.782500000E+00 7.720000000E+00
1.609301200E-01 4.524860000E+00 9.780300000E+00 7.704000000E+00
1.610698700E-01 4.761730000E+00 2.406100000E+01 7.698000000E+00
1.614142700E-01 1.329150000E+01 2.371700000E+01 7.681000000E+00
1.622213400E-01 1.880690000E+01 2.294700000E+01 7.643000000E+00
1.630324500E-01 2.149960000E+01 2.221800000E+01 7.605000000E+00
1.638476100E-01 2.328470000E+01 2.152900000E+01 7.567000000E+00
1.646668500E-01 2.459950000E+01 2.087700000E+01 7.529000000E+00
1.654901800E-01 2.562060000E+01 2.026000000E+01 7.492000000E+00
1.663176300E-01 2.643870000E+01 1.967600000E+01 7.455000000E+00
1.671492200E-01 2.710740000E+01 1.912400000E+01 7.418000000E+00
1.679849700E-01 2.766120000E+01 1.860100000E+01 7.381000000E+00
1.688248900E-01 2.812410000E+01 1.810700000E+01 7.344000000E+00
1.696690200E-01 2.851310000E+01 1.763900000E+01 7.307000000E+00
1.705173600E-01 2.884130000E+01 1.719500000E+01 7.271000000E+00
1.713699500E-01 2.911860000E+01 1.677600000E+01 7.235000000E+00
1.722268000E-01 2.935270000E+01 1.637900000E+01 7.199000000E+00
1.730879300E-01 2.954980000E+01 1.600300000E+01 7.163000000E+00
1.739533700E-01 2.971510000E+01 1.564700000E+01 7.127000000E+00
1.748231400E-01 2.985240000E+01 1.530900000E+01 7.092000000E+00
1.756972600E-01 2.996510000E+01 1.499000000E+01 7.057000000E+00
1.765757400E-01 3.005570000E+01 1.468700000E+01 7.022000000E+00
1.774586200E-01 3.012580000E+01 1.440000000E+01 6.987000000E+00
1.783459100E-01 3.017780000E+01 1.413400000E+01 6.952000000E+00
1.792376400E-01 3.021590000E+01 1.388700000E+01 6.917000000E+00
1.801338300E-01 3.024320000E+01 1.365900000E+01 6.883000000E+00
1.810345000E-01 3.026230000E+01 1.344700000E+01 6.849000000E+00
1.819396700E-01 3.027490000E+01 1.325100000E+01 6.815000000E+00
1.828493700E-01 3.028240000E+01 1.306800000E+01 6.781000000E+00
1.837636200E-01 3.028580000E+01 1.289700000E+01 6.747000000E+00
1.846824400E-01 3.028620000E+01 1.273800000E+01 6.713000000E+00
1.856058500E-01 3.028420000E+01 1.259000000E+01 6.680000000E+00
1.865338800E-01 3.028030000E+01 1.245100000E+01 6.647000000E+00
1.874665500E-01 3.027510000E+01 1.232100000E+01 6.614000000E+00
1.884038800E-01 3.026890000E+01 1.219900000E+01 6.581000000E+00
1.893459000E-01 3.026200000E+01 1.208400000E+01 6.548000000E+00
1.902926300E-01 3.025480000E+01 1.197600000E+01 6.515000000E+00
1.912440900E-01 3.024730000E+01 1.187400000E+01 6.483000000E+00
1.922003100E-01 3.023990000E+01 1.177800000E+01 6.451000000E+00
1.931613100E-01 3.023250000E+01 1.168700000E+01 6.419000000E+00
1.941271200E-01 3.022540000E+01 1.160100000E+01 6.387000000E+00
1.950977600E-01 3.021850000E+01 1.152000000E+01 6.355000000E+00
1.960732500E-01 3.021210000E+01 1.144300000E+01 6.323000000E+00
1.970536100E-01 3.020600000E+01 1.136900000E+01 6.292000000E+00
1.980388800E-01 3.020050000E+01 1.130000000E+01 6.261000000E+00
1.990290700E-01 3.019540000E+01 1.123300000E+01 6.229000000E+00
2.000242200E-01 3.019080000E+01 1.117000000E+01 6.198000000E+00
2.010243400E-01 3.018680000E+01 1.110900000E+01 6.168000000E+00
2.020294600E-01 3.018320000E+01 1.105200000E+01 6.137000000E+00
2.030396100E-01 3.018020000E+01 1.099600000E+01 6.106000000E+00
2.040548100E-01 3.017780000E+01 1.094300000E+01 6.076000000E+00
2.050750800E-01 3.017580000E+01 1.089200000E+01 6.046000000E+00
2.061004600E-01 3.017430000E+01 1.084400000E+01 6.016000000E+00
2.071309600E-01 3.017340000E+01 1.079700000E+01 5.986000000E+00
2.081666100E-01 3.017280000E+01 1.075200000E+01 5.956000000E+00
2.092074500E-01 3.017280000E+01 1.070800000E+01 5.926000000E+00
2.102534800E-01 3.017320000E+01 1.066600000E+01 5.897000000E+00
2.113047500E-01 3.017400000E+01 1.062600000E+01 5.868000000E+00
2.123612800E-01 3.017520000E+01 1.058700000E+01 5.838000000E+00
2.134230800E-01 3.017670000E+01 1.054900000E+01 5.809000000E+00
2.144902000E-01 3.017860000E+01 1.051200000E+01 5.780000000E+00
2.155626500E-01 3.018090000E+01 1.047700000E+01 5.752000000E+00
2.166404600E-01 3.018340000E+01 1.044300000E+01 5.723000000E+00
2.177236600E-01 3.018630000E+01 1.040900000E+01 5.695000000E+00
2.188122800E-01 3.018940000E+01 1.037700000E+01 5.666000000E+00
2.199063400E-01 3.019280000E+01 1.034500000E+01 5.638000000E+00
2.210058800E-01 3.019640000E+01 1.031500000E+01 5.610000000E+00
2.221109000E-01 3.020020000E+01 1.028500000E+01 5.582000000E+00
2.232214600E-01 3.020420000E+01 1.025600000E+01 5.554000000E+00
2.243375700E-01 3.020840000E+01 1.022800000E+01 5.527000000E+00
2.254592500E-01 3.021270000E+01 1.020100000E+01 5.499000000E+00
2.265865500E-01 3.021710000E+01 1.017400000E+01 5.472000000E+00
2.277194800E-01 3.022170000E+01 1.014800000E+01 5.445000000E+00
2.288580800E-01 3.022630000E+01 1.012200000E+01 5.418000000E+00
2.300023700E-01 3.023100000E+01 1.009700000E+01 5.391000000E+00
2.311523800E-01 3.023580000E+01 1.007300000E+01 5.364000000E+00
2.323081400E-01 3.024060000E+01 1.004900000E+01 5.337000000E+00
2.334696900E-01 3.024540000E+01 1.002600000E+01 5.311000000E+00
2.346370300E-01 3.025020000E+01 1.000300000E+01 5.284000000E+00
2.358102200E-01 3.025500000E+01 9.980400000E+00 5.258000000E+00
2.369892700E-01 3.025980000E+01 9.958600000E+00 5.232000000E+00
2.381742200E-01 3.026450000E+01 9.937200000E+00 5.206000000E+00
2.393650900E-01 3.026920000E+01 9.916300000E+00 5.180000000E+00
2.405619100E-01 3.027370000E+01 9.895800000E+00 5.154000000E+00
2.417647200E-01 3.027820000E+01 9.875700000E+00 5.128000000E+00
2.429735500E-01 3.028250000E+01 9.856100000E+00 5.103000000E+00
2.441884100E-01 3.028680000E+01 9.836800000E+00 5.077000000E+00
2.454093600E-01 3.029080000E+01 9.817900000E+00 5.052000000E+00
2.466364000E-01 3.029470000E+01 9.799400000E+00 5.027000000E+00
2.478695900E-01 3.029840000E+01 9.781200000E+00 5.002000000E+00
2.491089300E-01 3.030190000E+01 9.763400000E+00 4.977000000E+00
2.503544800E-01 3.030520000E+01 9.746000000E+00 4.952000000E+00
2.516062500E-01 3.030820000E+01 9.728900000E+00 4.928000000E+00
2.528642800E-01 3.031100000E+01 9.712200000E+00 4.903000000E+00
2.541286000E-01 3.031350000E+01 9.695800000E+00 4.879000000E+00
2.553992500E-01 3.031570000E+01 9.679800000E+00 4.855000000E+00
2.566762400E-01 3.031760000E+01 9.664000000E+00 4.830000000E+00
2.579596200E-01 3.031910000E+01 9.648600000E+00 4.806000000E+00
2.592494200E-01 3.032030000E+01 9.633500000E+00 4.782000000E+00
2.605456700E-01 3.032100000E+01 9.618800000E+00 4.759000000E+00
2.618484000E-01 3.032140000E+01 9.604300000E+00 4.735000000E+00
2.631576400E-01 3.032130000E+01 9.590200000E+00 4.711000000E+00
2.644734300E-01 3.032070000E+01 9.576400000E+00 4.688000000E+00
2.657957900E-01 3.031960000E+01 9.562900000E+00 4.665000000E+00
2.671247700E-01 3.031800000E+01 9.549600000E+00 4.641000000E+00
2.684604000E-01 3.031580000E+01 9.536700000E+00 4.618000000E+00
2.698027000E-01 3.031300000E+01 9.524200000E+00 4.595000000E+00
2.711517100E-01 3.030950000E+01 9.511900000E+00 4.573000000E+00
2.725074700E-01 3.030520000E+01 9.499900000E+00 4.550000000E+00
2.738700100E-01 3.030020000E+01 9.488200000E+00 4.527000000E+00
2.752393600E-01 3.029430000E+01 9.476800000E+00 4.505000000E+00
2.766155600E-01 3.028750000E+01 9.465700000E+00 4.482000000E+00
2.779986300E-01 3.027970000E+01 9.455000000E+00 4.460000000E+00
2.793886300E-01 3.027080000E+01 9.444500000E+00 4.438000000E+00
2.807855700E-01 3.026070000E+01 9.434300000E+00 4.416000000E+00
2.821895000E-01 3.024920000E+01 9.424400000E+00 4.394000000E+00
2.836004400E-01 3.023620000E+01 9.414800000E+00 4.372000000E+00
2.850184500E-01 3.022150000E+01 9.405600000E+00 4.350000000E+00
2.864435400E-01 3.020490000E+01 9.396600000E+00 4.328000000E+00
2.878757600E-01 3.018610000E+01 9.387900000E+00 4.307000000E+00
2.893151400E-01 3.016480000E+01 9.379500000E+00 4.285000000E+00
2.907617100E-01 3.014050000E+01 9.371400000E+00 4.264000000E+00
2.922155200E-01 3.011260000E+01 9.363700000E+00 4.243000000E+00
2.936766000E-01 3.008060000E+01 9.356200000E+00 4.222000000E+00
2.951449800E-01 3.004320000E+01 9.349000000E+00 4.201000000E+00
2.966207100E-01 2.999910000E+01 9.342100000E+00 4.180000000E+00
2.981038100E-01 2.994620000E+01 9.335600000E+00 4.159000000E+00
2.995943300E-01 2.988100000E+01 9.329300000E+00 4.138000000E+00
3.010923000E-01 2.979780000E+01 9.323300000E+00 4.118000000E+00
3.025977600E-01 2.968480000E+01 9.317600000E+00 4.097000000E+00
3.041107500E-01 2.951350000E+01 9.312300000E+00 4.077000000E+00
3.056313000E-01 2.916720000E+01 9.307200000E+00 4.057000000E+00
3.062977000E-01 2.873650000E+01 9.305100000E+00 4.048000000E+00
3.069023100E-01 2.873680000E+01 1.046800000E+01 4.040000000E+00
3.071594600E-01 2.896510000E+01 1.046800000E+01 4.036000000E+00
3.086952600E-01 2.945710000E+01 1.046800000E+01 4.016000000E+00
3.102387300E-01 2.966530000E+01 1.046800000E+01 3.996000000E+00
3.117899300E-01 2.980080000E+01 1.046800000E+01 3.977000000E+00
3.133488800E-01 2.990220000E+01 1.046900000E+01 3.957000000E+00
3.149156200E-01 2.998370000E+01 1.047000000E+01 3.937000000E+00
3.164902000E-01 3.005200000E+01 1.047100000E+01 3.917000000E+00
3.180726500E-01 3.011090000E+01 1.047300000E+01 3.898000000E+00
3.196630100E-01 3.016260000E+01 1.047500000E+01 3.879000000E+00
3.212613300E-01 3.020870000E+01 1.047700000E+01 3.859000000E+00
3.228676400E-01 3.025010000E+01 1.047900000E+01 3.840000000E+00
3.244819700E-01 3.028750000E+01 1.048200000E+01 3.821000000E+00
3.261043800E-01 3.032140000E+01 1.048500000E+01 3.802000000E+00
3.277349100E-01 3.035200000E+01 1.048900000E+01 3.783000000E+00
3.293735800E-01 3.037950000E+01 1.049200000E+01 3.764000000E+00
3.310204500E-01 3.040380000E+01 1.049600000E+01 3.746000000E+00
3.326755500E-01 3.042470000E+01 1.050100000E+01 3.727000000E+00
3.343389300E-01 3.044170000E+01 1.050500000E+01 3.708000000E+00
3.360106200E-01 3.045390000E+01 1.051000000E+01 3.690000000E+00
3.376906800E-01 3.045960000E+01 1.051500000E+01 3.672000000E+00
3.393791300E-01 3.045480000E+01 1.052100000E+01 3.653000000E+00
3.410760200E-01 3.042940000E+01 1.052700000E+01 3.635000000E+00
3.427814000E-01 3.033040000E+01 1.053300000E+01 3.617000000E+00
3.431152700E-01 3.027000000E+01 1.053400000E+01 3.613000000E+00
3.438847100E-01 3.028260000E+01 1.086900000E+01 3.605000000E+00
3.444953100E-01 3.039310000E+01 1.087200000E+01 3.599000000E+00
3.462177900E-01 3.052780000E+01 1.088000000E+01 3.581000000E+00
3.479488800E-01 3.060840000E+01 1.088800000E+01 3.563000000E+00
3.496886200E-01 3.067160000E+01 1.089700000E+01 3.546000000E+00
3.514370600E-01 3.072610000E+01 1.090600000E+01 3.528000000E+00
3.531942500E-01 3.077510000E+01 1.091500000E+01 3.510000000E+00
3.549602200E-01 3.082050000E+01 1.092400000E+01 3.493000000E+00
3.567350200E-01 3.086330000E+01 1.093300000E+01 3.476000000E+00
3.585187000E-01 3.090410000E+01 1.094300000E+01 3.458000000E+00
3.603112900E-01 3.094320000E+01 1.095300000E+01 3.441000000E+00
3.621128500E-01 3.098110000E+01 1.096300000E+01 3.424000000E+00
3.639234100E-01 3.101790000E+01 1.097400000E+01 3.407000000E+00
3.657430300E-01 3.105380000E+01 1.098400000E+01 3.390000000E+00
3.675717400E-01 3.108890000E+01 1.099500000E+01 3.373000000E+00
3.694096000E-01 3.112340000E+01 1.100600000E+01 3.356000000E+00
3.712566500E-01 3.115730000E+01 1.101700000E+01 3.340000000E+00
3.731129300E-01 3.119070000E+01 1.102800000E+01 3.323000000E+00
3.749785000E-01 3.122360000E+01 1.103900000E+01 3.306000000E+00
3.768533900E-01 3.125610000E+01 1.105100000E+01 3.290000000E+00
3.787376600E-01 3.128820000E+01 1.106300000E+01 3.274000000E+00
3.806313500E-01 3.131990000E+01 1.107400000E+01 3.257000000E+00
3.825345000E-01 3.135130000E+01 1.108600000E+01 3.241000000E+00
3.844471800E-01 3.138240000E+01 1.109800000E+01 3.225000000E+00
3.863694100E-01 3.141320000E+01 1.111100000E+01 3.209000000E+00
3.883012600E-01 3.144370000E+01 1.112300000E+01 3.193000000E+00
3.902427600E-01 3.147380000E+01 1.113500000E+01 3.177000000E+00
3.921939800E-01 3.150370000E+01 1.114800000E+01 3.161000000E+00
3.941549500E-01 3.153320000E+01 1.116100000E+01 3.146000000E+00
3.961257200E-01 3.156230000E+01 1.117300000E+01 3.130000000E+00
3.981063500E-01 3.159110000E+01 1.118600000E+01 3.114000000E+00
4.000968800E-01 3.161940000E+01 1.119900000E+01 3.099000000E+00
4.020973700E-01 3.164730000E+01 1.121200000E+01 3.083000000E+00
4.041078500E-01 3.167470000E+01 1.122500000E+01 3.068000000E+00
4.061283900E-01 3.170140000E+01 1.123700000E+01 3.053000000E+00
4.081590400E-01 3.172740000E+01 1.125000000E+01 3.038000000E+00
4.101998300E-01 3.175260000E+01 1.126300000E+01 3.023000000E+00
4.122508300E-01 3.177680000E+01 1.127600000E+01 3.007000000E+00
4.143120800E-01 3.179980000E+01 1.128900000E+01 2.993000000E+00
4.163836400E-01 3.182120000E+01 1.130200000E+01 2.978000000E+00
4.184655600E-01 3.184090000E+01 1.131500000E+01 2.963000000E+00
4.205578900E-01 3.185810000E+01 1.132800000E+01 2.948000000E+00
4.226606800E-01 3.187210000E+01 1.134100000E+01 2.933000000E+00
4.247739800E-01 3.188180000E+01 1.135400000E+01 2.919000000E+00
4.268978500E-01 3.188510000E+01 1.136700000E+01 2.904000000E+00
4.290323400E-01 3.187830000E+01 1.138000000E+01 2.890000000E+00
4.311775000E-01 3.185320000E+01 1.139200000E+01 2.875000000E+00
4.333333900E-01 3.178520000E+01 1.140500000E+01 2.861000000E+00
4.350551600E-01 3.160070000E+01 1.141500000E+01 2.850000000E+00
4.355000600E-01 3.141460000E+01 1.141700000E+01 2.847000000E+00
4.363448400E-01 3.162390000E+01 1.194300000E+01 2.841000000E+00
4.376775600E-01 3.183380000E+01 1.195200000E+01 2.833000000E+00
4.398659500E-01 3.199730000E+01 1.196500000E+01 2.819000000E+00
4.420652800E-01 3.210800000E+01 1.197900000E+01 2.805000000E+00
4.442756000E-01 3.219820000E+01 1.199200000E+01 2.791000000E+00
4.464969800E-01 3.227750000E+01 1.200500000E+01 2.777000000E+00
4.487294700E-01 3.235000000E+01 1.201800000E+01 2.763000000E+00
4.509731100E-01 3.241800000E+01 1.203100000E+01 2.749000000E+00
4.532279800E-01 3.248280000E+01 1.204300000E+01 2.736000000E+00
4.554941200E-01 3.254520000E+01 1.205600000E+01 2.722000000E+00
4.577715900E-01 3.260580000E+01 1.206800000E+01 2.708000000E+00
4.600604500E-01 3.266490000E+01 1.208000000E+01 2.695000000E+00
4.623607500E-01 3.272290000E+01 1.209200000E+01 2.682000000E+00
4.646725500E-01 3.277990000E+01 1.210400000E+01 2.668000000E+00
4.669959200E-01 3.283620000E+01 1.211600000E+01 2.655000000E+00
4.693309000E-01 3.289190000E+01 1.212700000E+01 2.642000000E+00
4.716775500E-01 3.294710000E+01 1.213800000E+01 2.629000000E+00
4.740359400E-01 3.300180000E+01 1.214900000E+01 2.616000000E+00
4.764061200E-01 3.305630000E+01 1.216000000E+01 2.602000000E+00
4.787881500E-01 3.311040000E+01 1.217000000E+01 2.590000000E+00
4.811820900E-01 3.316430000E+01 1.218000000E+01 2.577000000E+00
4.835880000E-01 3.323230000E+01 1.219000000E+01 2.564000000E+00
4.860059400E-01 3.328590000E+01 1.220000000E+01 2.551000000E+00
4.884359700E-01 3.333930000E+01 1.220900000E+01 2.538000000E+00
4.908781500E-01 3.339260000E+01 1.221800000E+01 2.526000000E+00
4.933325400E-01 3.344590000E+01 1.222600000E+01 2.513000000E+00
4.957992000E-01 3.349900000E+01 1.223500000E+01 2.501000000E+00
4.982782000E-01 3.355200000E+01 1.224300000E+01 2.488000000E+00
5.007695900E-01 3.360500000E+01 1.225000000E+01 2.476000000E+00
5.032734400E-01 3.365790000E+01 1.225800000E+01 2.464000000E+00
5.057898000E-01 3.371080000E+01 1.226500000E+01 2.451000000E+00
5.083187500E-01 3.376360000E+01 1.227100000E+01 2.439000000E+00
5.108603500E-01 3.381630000E+01 1.227800000E+01 2.427000000E+00
5.134146500E-01 3.386900000E+01 1.228300000E+01 2.415000000E+00
5.159817200E-01 3.392170000E+01 1.228900000E+01 2.403000000E+00
5.185616300E-01 3.397430000E+01 1.229400000E+01 2.391000000E+00
5.211544400E-01 3.402690000E+01 1.229900000E+01 2.379000000E+00
5.237602100E-01 3.407940000E+01 1.230300000E+01 2.367000000E+00
5.263790100E-01 3.413190000E+01 1.230700000E+01 2.355000000E+00
5.290109100E-01 3.418430000E+01 1.231100000E+01 2.344000000E+00
5.316559600E-01 3.423660000E+01 1.231400000E+01 2.332000000E+00
5.343142400E-01 3.428890000E+01 1.231700000E+01 2.320000000E+00
5.369858100E-01 3.434110000E+01 1.232000000E+01 2.309000000E+00
5.396707400E-01 3.439330000E+01 1.232200000E+01 2.297000000E+00
5.423691000E-01 3.444540000E+01 1.232300000E+01 2.286000000E+00
5.450809400E-01 3.449740000E+01 1.232400000E+01 2.275000000E+00
5.478063500E-01 3.454930000E+01 1.232500000E+01 2.263000000E+00
5.505453800E-01 3.460110000E+01 1.232600000E+01 2.252000000E+00
5.532981000E-01 3.465290000E+01 1.232600000E+01 2.241000000E+00
5.560646000E-01 3.470450000E+01 1.232500000E+01 2.230000000E+00
5.588449200E-01 3.475600000E+01 1.232400000E+01 2.219000000E+00
5.616391400E-01 3.480740000E+01 1.232300000E+01 2.208000000E+00
5.644473400E-01 3.485870000E+01 1.232100000E+01 2.197000000E+00
5.672695800E-01 3.490980000E+01 1.231900000E+01 2.186000000E+00
5.701059200E-01 3.496080000E+01 1.231700000E+01 2.175000000E+00
5.729564500E-01 3.501160000E+01 1.231400000E+01 2.164000000E+00
5.758212300E-01 3.506230000E+01 1.231000000E+01 2.153000000E+00
5.787003400E-01 3.511290000E+01 1.230600000E+01 2.142000000E+00
5.815938400E-01 3.516320000E+01 1.230200000E+01 2.132000000E+00
5.845018100E-01 3.521340000E+01 1.229700000E+01 2.121000000E+00
5.874243200E-01 3.526340000E+01 1.229200000E+01 2.111000000E+00
5.903614400E-01 3.531320000E+01 1.228700000E+01 2.100000000E+00
5.933132500E-01 3.536270000E+01 1.228100000E+01 2.090000000E+00
5.962798200E-01 3.541210000E+01 1.227400000E+01 2.079000000E+00
5.992612200E-01 3.546130000E+01 1.226700000E+01 2.069000000E+00
6.022575200E-01 3.551020000E+01 1.226000000E+01 2.059000000E+00
6.052688100E-01 3.555880000E+01 1.225200000E+01 2.048000000E+00
6.082951500E-01 3.560730000E+01 1.224400000E+01 2.038000000E+00
6.113366300E-01 3.565540000E+01 1.223500000E+01 2.028000000E+00
6.143933100E-01 3.570340000E+01 1.222600000E+01 2.018000000E+00
6.174652800E-01 3.575100000E+01 1.221700000E+01 2.008000000E+00
6.205526000E-01 3.579830000E+01 1.220700000E+01 1.998000000E+00
6.236553700E-01 3.584540000E+01 1.219700000E+01 1.988000000E+00
6.267736400E-01 3.589220000E+01 1.218600000E+01 1.978000000E+00
6.299075100E-01 3.593860000E+01 1.217500000E+01 1.968000000E+00
6.330570500E-01 3.598480000E+01 1.216300000E+01 1.959000000E+00
6.362223400E-01 3.603060000E+01 1.215100000E+01 1.949000000E+00
6.394034500E-01 3.607610000E+01 1.213900000E+01 1.939000000E+00
6.426004600E-01 3.612130000E+01 1.212600000E+01 1.929000000E+00
6.458134700E-01 3.616610000E+01 1.211300000E+01 1.920000000E+00
6.490425300E-01 3.621060000E+01 1.209900000E+01 1.910000000E+00
6.522877500E-01 3.625460000E+01 1.208500000E+01 1.901000000E+00
6.555491900E-01 3.629830000E+01 1.207000000E+01 1.891000000E+00
6.588269300E-01 3.634160000E+01 1.205500000E+01 1.882000000E+00
6.621210700E-01 3.638450000E+01 1.203900000E+01 1.873000000E+00
6.654316700E-01 3.642690000E+01 1.202300000E+01 1.863000000E+00
6.687588300E-01 3.646880000E+01 1.200600000E+01 1.854000000E+00
6.721026200E-01 3.651030000E+01 1.198900000E+01 1.845000000E+00
6.754631400E-01 3.655130000E+01 1.197200000E+01 1.836000000E+00
6.788404500E-01 3.659170000E+01 1.195400000E+01 1.826000000E+00
6.822346600E-01 3.663170000E+01 1.193500000E+01 1.817000000E+00
6.856458300E-01 3.667110000E+01 1.191700000E+01 1.808000000E+00
6.890740600E-01 3.671000000E+01 1.189700000E+01 1.799000000E+00
6.925194300E-01 3.674840000E+01 1.187800000E+01 1.790000000E+00
6.959820200E-01 3.678620000E+01 1.185800000E+01 1.781000000E+00
6.994619400E-01 3.682340000E+01 1.183700000E+01 1.773000000E+00
7.029592400E-01 3.686000000E+01 1.181700000E+01 1.764000000E+00
7.064740400E-01 3.689600000E+01 1.179500000E+01 1.755000000E+00
7.100064100E-01 3.693150000E+01 1.177400000E+01 1.746000000E+00
7.135564400E-01 3.696630000E+01 1.175200000E+01 1.738000000E+00
7.171242300E-01 3.700050000E+01 1.173000000E+01 1.729000000E+00
7.207098500E-01 3.703400000E+01 1.170700000E+01 1.720000000E+00
7.243134000E-01 3.706690000E+01 1.168400000E+01 1.712000000E+00
7.279349600E-01 3.709920000E+01 1.166100000E+01 1.703000000E+00
7.315746400E-01 3.713080000E+01 1.163700000E+01 1.695000000E+00
7.352325100E-01 3.716170000E+01 1.161300000E+01 1.686000000E+00
7.389086700E-01 3.719200000E+01 1.158900000E+01 1.678000000E+00
7.426032200E-01 3.722150000E+01 1.156400000E+01 1.670000000E+00
7.463162300E-01 3.725020000E+01 1.153900000E+01 1.661000000E+00
7.500478100E-01 3.727820000E+01 1.151300000E+01 1.653000000E+00
7.537980500E-01 3.730530000E+01 1.148800000E+01 1.645000000E+00
7.575670400E-01 3.733180000E+01 1.146100000E+01 1.637000000E+00
7.613548800E-01 3.735740000E+01 1.143500000E+01 1.628000000E+00
7.651616500E-01 3.738220000E+01 1.140900000E+01 1.620000000E+00
7.689874600E-01 3.740620000E+01 1.138200000E+01 1.612000000E+00
7.728324000E-01 3.742940000E+01 1.135500000E+01 1.604000000E+00
7.766965600E-01 3.745180000E+01 1.132700000E+01 1.596000000E+00
7.805800400E-01 3.747330000E+01 1.130000000E+01 1.588000000E+00
7.844829400E-01 3.749400000E+01 1.127200000E+01 1.580000000E+00
7.884053600E-01 3.751380000E+01 1.124400000E+01 1.573000000E+00
7.923473800E-01 3.753270000E+01 1.121600000E+01 1.565000000E+00
7.963091200E-01 3.755080000E+01 1.118800000E+01 1.557000000E+00
8.002906700E-01 3.756800000E+01 1.115900000E+01 1.549000000E+00
8.042921200E-01 3.758430000E+01 1.113000000E+01 1.542000000E+00
8.083135800E-01 3.759970000E+01 1.110100000E+01 1.534000000E+00
8.123551500E-01 3.761410000E+01 1.107200000E+01 1.526000000E+00
8.164169300E-01 3.762760000E+01 1.104300000E+01 1.519000000E+00
8.204990100E-01 3.764020000E+01 1.101400000E+01 1.511000000E+00
8.246015000E-01 3.765180000E+01 1.098400000E+01 1.504000000E+00
8.287245100E-01 3.766250000E+01 1.095500000E+01 1.496000000E+00
8.328681300E-01 3.767210000E+01 1.092500000E+01 1.489000000E+00
8.370324800E-01 3.768080000E+01 1.089500000E+01 1.481000000E+00
8.412176400E-01 3.768850000E+01 1.086500000E+01 1.474000000E+00
8.454237300E-01 3.769510000E+01 1.083400000E+01 1.467000000E+00
8.496508400E-01 3.770070000E+01 1.080400000E+01 1.459000000E+00
8.538991000E-01 3.770530000E+01 1.077400000E+01 1.452000000E+00
8.581685900E-01 3.770880000E+01 1.074300000E+01 1.445000000E+00
8.624594400E-01 3.771120000E+01 1.071300000E+01 1.438000000E+00
8.667717300E-01 3.771250000E+01 1.068200000E+01 1.430000000E+00
8.711055900E-01 3.771270000E+01 1.065100000E+01 1.423000000E+00
8.754611200E-01 3.771180000E+01 1.062000000E+01 1.416000000E+00
8.798384300E-01 3.770980000E+01 1.058900000E+01 1.409000000E+00
8.842376200E-01 3.770660000E+01 1.055800000E+01 1.402000000E+00
8.886588100E-01 3.770220000E+01 1.052700000E+01 1.395000000E+00
8.931021000E-01 3.769660000E+01 1.049600000E+01 1.388000000E+00
8.975676100E-01 3.768980000E+01 1.046500000E+01 1.381000000E+00
9.020554500E-01 3.768180000E+01 1.043400000E+01 1.374000000E+00
9.065657300E-01 3.767250000E+01 1.040300000E+01 1.368000000E+00
9.110985600E-01 3.766200000E+01 1.037100000E+01 1.361000000E+00
9.156540500E-01 3.765010000E+01 1.034000000E+01 1.354000000E+00
9.202323200E-01 3.763730000E+01 1.030900000E+01 1.347000000E+00
9.248334800E-01 3.762280000E+01 1.027700000E+01 1.341000000E+00
9.294576500E-01 3.760700000E+01 1.024600000E+01 1.334000000E+00
9.341049400E-01 3.758970000E+01 1.021400000E+01 1.327000000E+00
9.387754600E-01 3.757110000E+01 1.018300000E+01 1.321000000E+00
9.434693400E-01 3.755100000E+01 1.015200000E+01 1.314000000E+00
9.481866800E-01 3.752950000E+01 1.012000000E+01 1.308000000E+00
9.529276200E-01 3.750650000E+01 1.008900000E+01 1.301000000E+00
9.576922600E-01 3.748190000E+01 1.005700000E+01 1.295000000E+00
9.624807200E-01 3.745590000E+01 1.002600000E+01 1.288000000E+00
9.672931200E-01 3.742820000E+01 9.994400000E+00 1.282000000E+00
9.721295900E-01 3.739890000E+01 9.963000000E+00 1.275000000E+00
9.769902300E-01 3.736800000E+01 9.931600000E+00 1.269000000E+00
9.818751900E-01 3.733540000E+01 9.900200000E+00 1.263000000E+00
9.867845600E-01 3.730100000E+01 9.868900000E+00 1.256000000E+00
9.917184800E-01 3.726500000E+01 9.837500000E+00 1.250000000E+00
9.966770800E-01 3.722710000E+01 9.806300000E+00 1.244000000E+00
1.001660500E+00 3.719440000E+01 9.766400000E+00 1.238000000E+00
1.006668800E+00 3.717170000E+01 9.709400000E+00 1.232000000E+00
1.011702100E+00 3.714440000E+01 9.652700000E+00 1.226000000E+00
1.016760600E+00 3.711260000E+01 9.596500000E+00 1.219000000E+00
1.021844400E+00 3.707640000E+01 9.540700000E+00 1.213000000E+00
1.026953600E+00 3.703580000E+01 9.485300000E+00 1.207000000E+00
1.032088400E+00 3.699150000E+01 9.430300000E+00 1.201000000E+00
1.037248900E+00 3.694220000E+01 9.375600000E+00 1.195000000E+00
1.042435100E+00 3.688860000E+01 9.321300000E+00 1.189000000E+00
1.047647300E+00 3.683060000E+01 9.267400000E+00 1.183000000E+00
1.052885500E+00 3.676820000E+01 9.213900000E+00 1.178000000E+00
1.058149900E+00 3.670140000E+01 9.160800000E+00 1.172000000E+00
1.063440700E+00 3.663010000E+01 9.108000000E+00 1.166000000E+00
1.068757900E+00 3.655420000E+01 9.055600000E+00 1.160000000E+00
1.074101700E+00 3.647370000E+01 9.003600000E+00 1.154000000E+00
1.079472200E+00 3.638840000E+01 8.951900000E+00 1.149000000E+00
1.084869500E+00 3.629820000E+01 8.900500000E+00 1.143000000E+00
1.090293900E+00 3.620310000E+01 8.849600000E+00 1.137000000E+00
1.095745400E+00 3.610280000E+01 8.799000000E+00 1.132000000E+00
1.101224100E+00 3.599720000E+01 8.748700000E+00 1.126000000E+00
1.106730200E+00 3.588620000E+01 8.698800000E+00 1.120000000E+00
1.112263900E+00 3.576950000E+01 8.649200000E+00 1.115000000E+00
1.117825200E+00 3.564690000E+01 8.600000000E+00 1.109000000E+00
1.123414300E+00 3.551820000E+01 8.551100000E+00 1.104000000E+00
1.129031400E+00 3.538310000E+01 8.502600000E+00 1.098000000E+00
1.134676500E+00 3.524130000E+01 8.454400000E+00 1.093000000E+00
1.140349900E+00 3.509250000E+01 8.406500000E+00 1.087000000E+00
1.146051700E+00 3.493640000E+01 8.359000000E+00 1.082000000E+00
1.151781900E+00 3.477250000E+01 8.311800000E+00 1.076000000E+00
1.157540800E+00 3.460050000E+01 8.264900000E+00 1.071000000E+00
1.163328500E+00 3.441980000E+01 8.218300000E+00 1.066000000E+00
1.169145200E+00 3.423000000E+01 8.172100000E+00 1.060000000E+00
1.174990900E+00 3.403050000E+01 8.126200000E+00 1.055000000E+00
1.180865900E+00 3.382050000E+01 8.080600000E+00 1.050000000E+00
1.186770200E+00 3.359950000E+01 8.035300000E+00 1.045000000E+00
1.192704000E+00 3.336660000E+01 7.990400000E+00 1.040000000E+00
1.198667600E+00 3.312080000E+01 7.945700000E+00 1.034000000E+00
1.204660900E+00 3.286130000E+01 7.901400000E+00 1.029000000E+00
1.210684200E+00 3.258670000E+01 7.857400000E+00 1.024000000E+00
1.216737600E+00 3.229590000E+01 7.813700000E+00 1.019000000E+00
1.222821300E+00 3.198720000E+01 7.770200000E+00 1.014000000E+00
1.228935400E+00 3.165910000E+01 7.726400000E+00 1.009000000E+00
1.235080100E+00 3.130920000E+01 7.681700000E+00 1.004000000E+00
1.241255500E+00 3.093540000E+01 7.637400000E+00 9.989000000E-01
1.247461800E+00 3.053480000E+01 7.593400000E+00 9.939000000E-01
1.253699100E+00 3.010410000E+01 7.549700000E+00 9.889000000E-01
1.259967600E+00 2.963960000E+01 7.506300000E+00 9.840000000E-01
1.266267400E+00 2.913640000E+01 7.463200000E+00 9.791000000E-01
1.272598800E+00 2.858860000E+01 7.420400000E+00 9.743000000E-01
1.278961800E+00 2.798910000E+01 7.377900000E+00 9.694000000E-01
1.285356600E+00 2.732850000E+01 7.335700000E+00 9.646000000E-01
1.291783300E+00 2.659470000E+01 7.293900000E+00 9.598000000E-01
1.298242300E+00 2.577160000E+01 7.252300000E+00 9.550000000E-01
1.304733500E+00 2.483680000E+01 7.211000000E+00 9.503000000E-01
1.311257100E+00 2.375890000E+01 7.170000000E+00 9.455000000E-01
1.317813400E+00 2.248750000E+01 7.129200000E+00 9.408000000E-01
1.324402500E+00 2.094280000E+01 7.088800000E+00 9.362000000E-01
1.331024500E+00 1.897710000E+01 7.048600000E+00 9.315000000E-01
1.337679600E+00 1.626720000E+01 7.008800000E+00 9.269000000E-01
1.344368000E+00 1.181840000E+01 6.969200000E+00 9.222000000E-01
1.351089900E+00 -7.940750000E+00 6.929900000E+00 9.177000000E-01
1.351213500E+00 -1.111610000E+01 6.929100000E+00 9.176000000E-01
1.351586500E+00 -1.145770000E+01 2.650600000E+01 9.173000000E-01
1.357845300E+00 1.023900000E+01 2.631800000E+01 9.131000000E-01
1.364634500E+00 1.407300000E+01 2.611600000E+01 9.086000000E-01
1.371457700E+00 1.571450000E+01 2.591600000E+01 9.040000000E-01
1.378315000E+00 1.607350000E+01 2.571800000E+01 8.995000000E-01
1.385206600E+00 1.471120000E+01 2.552000000E+01 8.951000000E-01
1.391164600E+00 3.967650000E+00 2.535200000E+01 8.912000000E-01
1.391835300E+00 3.888010000E+00 3.817000000E+01 8.908000000E-01
1.392132600E+00 6.541880000E+00 3.815800000E+01 8.906000000E-01
1.399093300E+00 1.793140000E+01 3.786000000E+01 8.862000000E-01
1.406088700E+00 2.165260000E+01 3.756400000E+01 8.818000000E-01
1.413119200E+00 2.418700000E+01 3.727100000E+01 8.774000000E-01
1.420184800E+00 2.617180000E+01 3.698000000E+01 8.730000000E-01
1.427285700E+00 2.782530000E+01 3.669200000E+01 8.687000000E-01
1.434422100E+00 2.925200000E+01 3.640600000E+01 8.643000000E-01
1.441594200E+00 3.051080000E+01 3.612200000E+01 8.600000000E-01
1.448802200E+00 3.163910000E+01 3.584000000E+01 8.558000000E-01
1.456046200E+00 3.266200000E+01 3.556100000E+01 8.515000000E-01
1.463326500E+00 3.359760000E+01 3.528400000E+01 8.473000000E-01
1.470643100E+00 3.445940000E+01 3.501000000E+01 8.431000000E-01
1.477996300E+00 3.525750000E+01 3.473700000E+01 8.389000000E-01
1.485386300E+00 3.600010000E+01 3.446700000E+01 8.347000000E-01
1.492813200E+00 3.669360000E+01 3.419900000E+01 8.305000000E-01
1.500277300E+00 3.734330000E+01 3.393300000E+01 8.264000000E-01
1.507778700E+00 3.795360000E+01 3.366900000E+01 8.223000000E-01
1.515317600E+00 3.852790000E+01 3.340700000E+01 8.182000000E-01
1.522894200E+00 3.906950000E+01 3.314800000E+01 8.141000000E-01
1.530508600E+00 3.958080000E+01 3.289000000E+01 8.101000000E-01
1.538161200E+00 4.006410000E+01 3.263500000E+01 8.061000000E-01
1.545852000E+00 4.052120000E+01 3.238200000E+01 8.020000000E-01
1.553581200E+00 4.095370000E+01 3.213000000E+01 7.981000000E-01
1.561349100E+00 4.136310000E+01 3.188100000E+01 7.941000000E-01
1.569155900E+00 4.175040000E+01 3.163400000E+01 7.901000000E-01
1.577001700E+00 4.211670000E+01 3.138900000E+01 7.862000000E-01
1.584886700E+00 4.246260000E+01 3.114500000E+01 7.823000000E-01
1.592811100E+00 4.278890000E+01 3.090400000E+01 7.784000000E-01
1.600775200E+00 4.309610000E+01 3.066500000E+01 7.745000000E-01
1.608779000E+00 4.338420000E+01 3.042700000E+01 7.707000000E-01
1.616822900E+00 4.365360000E+01 3.019200000E+01 7.668000000E-01
1.624907000E+00 4.390410000E+01 2.995800000E+01 7.630000000E-01
1.633031600E+00 4.413530000E+01 2.972600000E+01 7.592000000E-01
1.641196700E+00 4.434660000E+01 2.949700000E+01 7.555000000E-01
1.649402700E+00 4.453700000E+01 2.926800000E+01 7.517000000E-01
1.657649700E+00 4.470500000E+01 2.904200000E+01 7.480000000E-01
1.665938000E+00 4.484850000E+01 2.881800000E+01 7.442000000E-01
1.674267700E+00 4.496430000E+01 2.859500000E+01 7.405000000E-01
1.682639000E+00 4.504770000E+01 2.837400000E+01 7.368000000E-01
1.691052200E+00 4.509180000E+01 2.815400000E+01 7.332000000E-01
1.699507500E+00 4.508490000E+01 2.793600000E+01 7.295000000E-01
1.708005000E+00 4.500750000E+01 2.771900000E+01 7.259000000E-01
1.716545000E+00 4.482130000E+01 2.750500000E+01 7.223000000E-01
1.725127800E+00 4.443710000E+01 2.729200000E+01 7.187000000E-01
1.733753400E+00 4.354310000E+01 2.708000000E+01 7.151000000E-01
1.739423900E+00 4.157260000E+01 2.694300000E+01 7.128000000E-01
1.742422200E+00 4.103420000E+01 3.156800000E+01 7.116000000E-01
1.742976000E+00 4.161190000E+01 3.155000000E+01 7.113000000E-01
1.751134300E+00 4.442740000E+01 3.130100000E+01 7.080000000E-01
1.759889900E+00 4.559990000E+01 3.103700000E+01 7.045000000E-01
1.768689400E+00 4.638500000E+01 3.077500000E+01 7.010000000E-01
1.777532800E+00 4.699440000E+01 3.051500000E+01 6.975000000E-01
1.786420500E+00 4.749940000E+01 3.025700000E+01 6.940000000E-01
1.795352600E+00 4.793260000E+01 3.000200000E+01 6.906000000E-01
1.804329400E+00 4.831140000E+01 2.974900000E+01 6.871000000E-01
1.813351000E+00 4.864570000E+01 2.949800000E+01 6.837000000E-01
1.822417800E+00 4.894030000E+01 2.924800000E+01 6.803000000E-01
1.831529900E+00 4.919770000E+01 2.901300000E+01 6.769000000E-01
1.840687500E+00 4.943210000E+01 2.879200000E+01 6.736000000E-01
1.849890900E+00 4.964490000E+01 2.857400000E+01 6.702000000E-01
1.859140400E+00 4.983460000E+01 2.835900000E+01 6.669000000E-01
1.868436100E+00 4.999910000E+01 2.814800000E+01 6.636000000E-01
1.877778300E+00 5.013430000E+01 2.793900000E+01 6.603000000E-01
1.887167200E+00 5.023260000E+01 2.773300000E+01 6.570000000E-01
1.896603000E+00 5.027780000E+01 2.753000000E+01 6.537000000E-01
1.906086000E+00 5.022990000E+01 2.732900000E+01 6.505000000E-01
1.915616500E+00 4.993700000E+01 2.713100000E+01 6.472000000E-01
1.920800200E+00 4.927830000E+01 2.702500000E+01 6.455000000E-01
1.924799700E+00 4.934130000E+01 2.885400000E+01 6.441000000E-01
1.925194500E+00 4.946040000E+01 2.884500000E+01 6.440000000E-01
1.934820500E+00 5.065370000E+01 2.862600000E+01 6.408000000E-01
1.944494600E+00 5.120770000E+01 2.841100000E+01 6.376000000E-01
1.954217100E+00 5.161600000E+01 2.819800000E+01 6.344000000E-01
1.963988200E+00 5.195350000E+01 2.798700000E+01 6.313000000E-01
1.973808100E+00 5.224680000E+01 2.777900000E+01 6.281000000E-01
1.983677200E+00 5.250850000E+01 2.757300000E+01 6.250000000E-01
1.993595500E+00 5.274520000E+01 2.737000000E+01 6.219000000E-01
2.003563500E+00 5.296080000E+01 2.716900000E+01 6.188000000E-01
2.013581300E+00 5.315700000E+01 2.697000000E+01 6.157000000E-01
2.023649200E+00 5.333510000E+01 2.678000000E+01 6.127000000E-01
2.033767500E+00 5.350190000E+01 2.659700000E+01 6.096000000E-01
2.043936300E+00 5.365730000E+01 2.641700000E+01 6.066000000E-01
2.054156000E+00 5.380040000E+01 2.624000000E+01 6.036000000E-01
2.064426800E+00 5.393000000E+01 2.606500000E+01 6.006000000E-01
2.074748900E+00 5.404390000E+01 2.589200000E+01 5.976000000E-01
2.085122700E+00 5.413800000E+01 2.572100000E+01 5.946000000E-01
2.095548300E+00 5.420470000E+01 2.555200000E+01 5.917000000E-01
2.106026000E+00 5.422630000E+01 2.538600000E+01 5.887000000E-01
2.116556200E+00 5.414850000E+01 2.522100000E+01 5.858000000E-01
2.124405200E+00 5.385230000E+01 2.510000000E+01 5.836000000E-01
2.127138900E+00 5.343780000E+01 2.505800000E+01 5.829000000E-01
2.132194700E+00 5.395890000E+01 2.616300000E+01 5.815000000E-01
2.137774600E+00 5.437590000E+01 2.607600000E+01 5.800000000E-01
2.148463500E+00 5.481320000E+01 2.591200000E+01 5.771000000E-01
2.159205800E+00 5.512260000E+01 2.574900000E+01 5.742000000E-01
2.170001800E+00 5.538040000E+01 2.558800000E+01 5.714000000E-01
2.180851900E+00 5.560910000E+01 2.542900000E+01 5.685000000E-01
2.191756100E+00 5.581880000E+01 2.527100000E+01 5.657000000E-01
2.202714900E+00 5.601450000E+01 2.511400000E+01 5.629000000E-01
2.213728500E+00 5.619960000E+01 2.495900000E+01 5.601000000E-01
2.224797100E+00 5.637610000E+01 2.480500000E+01 5.573000000E-01
2.235921100E+00 5.654510000E+01 2.465300000E+01 5.545000000E-01
2.247100700E+00 5.670880000E+01 2.450400000E+01 5.518000000E-01
2.258336200E+00 5.686830000E+01 2.435600000E+01 5.490000000E-01
2.269627900E+00 5.702370000E+01 2.420500000E+01 5.463000000E-01
2.280976000E+00 5.717370000E+01 2.405300000E+01 5.436000000E-01
2.292380900E+00 5.731910000E+01 2.390100000E+01 5.409000000E-01
2.303842800E+00 5.746010000E+01 2.375100000E+01 5.382000000E-01
2.315362000E+00 5.759720000E+01 2.360200000E+01 5.355000000E-01
2.326938800E+00 5.773080000E+01 2.345400000E+01 5.328000000E-01
2.338573500E+00 5.786100000E+01 2.330800000E+01 5.302000000E-01
2.350266400E+00 5.798820000E+01 2.316200000E+01 5.275000000E-01
2.362017700E+00 5.811240000E+01 2.301700000E+01 5.249000000E-01
2.373827800E+00 5.823400000E+01 2.287300000E+01 5.223000000E-01
2.385697000E+00 5.835300000E+01 2.273000000E+01 5.197000000E-01
2.397625400E+00 5.846960000E+01 2.258900000E+01 5.171000000E-01
2.409613600E+00 5.858390000E+01 2.244800000E+01 5.145000000E-01
2.421661600E+00 5.869600000E+01 2.230800000E+01 5.120000000E-01
2.433769900E+00 5.880610000E+01 2.216900000E+01 5.094000000E-01
2.445938800E+00 5.891420000E+01 2.203000000E+01 5.069000000E-01
2.458168500E+00 5.902050000E+01 2.189300000E+01 5.044000000E-01
2.470459300E+00 5.912510000E+01 2.175700000E+01 5.019000000E-01
2.482811600E+00 5.922820000E+01 2.162100000E+01 4.994000000E-01
2.495225700E+00 5.932980000E+01 2.148600000E+01 4.969000000E-01
2.507701800E+00 5.942980000E+01 2.135000000E+01 4.944000000E-01
2.520240300E+00 5.952760000E+01 2.121400000E+01 4.920000000E-01
2.532841500E+00 5.962330000E+01 2.107800000E+01 4.895000000E-01
2.545505700E+00 5.971710000E+01 2.094400000E+01 4.871000000E-01
2.558233300E+00 5.980910000E+01 2.081000000E+01 4.846000000E-01
2.571024400E+00 5.989930000E+01 2.067700000E+01 4.822000000E-01
2.583879600E+00 5.998790000E+01 2.054500000E+01 4.798000000E-01
2.596799000E+00 6.007480000E+01 2.041400000E+01 4.775000000E-01
2.609782900E+00 6.016030000E+01 2.028300000E+01 4.751000000E-01
2.622831900E+00 6.024430000E+01 2.015300000E+01 4.727000000E-01
2.635946000E+00 6.032680000E+01 2.002400000E+01 4.704000000E-01
2.649125700E+00 6.040810000E+01 1.989600000E+01 4.680000000E-01
2.662371400E+00 6.048800000E+01 1.976900000E+01 4.657000000E-01
2.675683200E+00 6.056670000E+01 1.964200000E+01 4.634000000E-01
2.689061700E+00 6.064420000E+01 1.951600000E+01 4.611000000E-01
2.702507000E+00 6.072060000E+01 1.939100000E+01 4.588000000E-01
2.716019500E+00 6.099830000E+01 1.926300000E+01 4.565000000E-01
2.729599600E+00 6.107150000E+01 1.913600000E+01 4.542000000E-01
2.743247600E+00 6.114330000E+01 1.901000000E+01 4.520000000E-01
2.756963800E+00 6.121370000E+01 1.888500000E+01 4.497000000E-01
2.770748600E+00 6.128300000E+01 1.876000000E+01 4.475000000E-01
2.784602400E+00 6.149220000E+01 1.863600000E+01 4.452000000E-01
2.798525400E+00 6.155860000E+01 1.851000000E+01 4.430000000E-01
2.812518000E+00 6.162360000E+01 1.838500000E+01 4.408000000E-01
2.826580600E+00 6.168720000E+01 1.826100000E+01 4.386000000E-01
2.840713500E+00 6.174950000E+01 1.813800000E+01 4.365000000E-01
2.854917100E+00 6.181060000E+01 1.801600000E+01 4.343000000E-01
2.869191700E+00 6.187070000E+01 1.789500000E+01 4.321000000E-01
2.883537600E+00 6.192970000E+01 1.777400000E+01 4.300000000E-01
2.897955300E+00 6.198780000E+01 1.765500000E+01 4.278000000E-01
2.912445100E+00 6.204520000E+01 1.753700000E+01 4.257000000E-01
2.927007300E+00 6.210200000E+01 1.741900000E+01 4.236000000E-01
2.941642400E+00 6.215830000E+01 1.730200000E+01 4.215000000E-01
2.956350600E+00 6.221440000E+01 1.718700000E+01 4.194000000E-01
2.971132300E+00 6.227080000E+01 1.707200000E+01 4.173000000E-01
2.985988000E+00 6.232790000E+01 1.695800000E+01 4.152000000E-01
3.000917900E+00 6.239110000E+01 1.684400000E+01 4.132000000E-01
3.015922500E+00 6.247810000E+01 1.671300000E+01 4.111000000E-01
3.031002100E+00 6.253820000E+01 1.658300000E+01 4.091000000E-01
3.046157100E+00 6.259030000E+01 1.645200000E+01 4.070000000E-01
3.061387900E+00 6.263800000E+01 1.632200000E+01 4.050000000E-01
3.076694900E+00 6.268280000E+01 1.619400000E+01 4.030000000E-01
3.092078300E+00 6.272510000E+01 1.606700000E+01 4.010000000E-01
3.107538700E+00 6.276550000E+01 1.594100000E+01 3.990000000E-01
3.123076400E+00 6.280400000E+01 1.581600000E+01 3.970000000E-01
3.138691800E+00 6.284090000E+01 1.569300000E+01 3.950000000E-01
3.154385300E+00 6.287620000E+01 1.557000000E+01 3.931000000E-01
3.170157200E+00 6.291010000E+01 1.544900000E+01 3.911000000E-01
3.186008000E+00 6.294270000E+01 1.532900000E+01 3.892000000E-01
3.201938000E+00 6.297400000E+01 1.521000000E+01 3.872000000E-01
3.217947700E+00 6.300410000E+01 1.509200000E+01 3.853000000E-01
3.234037400E+00 6.303300000E+01 1.497500000E+01 3.834000000E-01
3.250207600E+00 6.306080000E+01 1.485900000E+01 3.815000000E-01
3.266458700E+00 6.308760000E+01 1.474400000E+01 3.796000000E-01
3.282791000E+00 6.311330000E+01 1.463000000E+01 3.777000000E-01
3.299204900E+00 6.313810000E+01 1.451800000E+01 3.758000000E-01
3.315700900E+00 6.316190000E+01 1.440600000E+01 3.739000000E-01
3.332279400E+00 6.318480000E+01 1.429500000E+01 3.721000000E-01
3.348940800E+00 6.320680000E+01 1.418500000E+01 3.702000000E-01
3.365685600E+00 6.322800000E+01 1.407700000E+01 3.684000000E-01
3.382514000E+00 6.324850000E+01 1.396900000E+01 3.665000000E-01
3.399426500E+00 6.326810000E+01 1.386200000E+01 3.647000000E-01
3.416423700E+00 6.328700000E+01 1.375700000E+01 3.629000000E-01
3.433505800E+00 6.330530000E+01 1.365200000E+01 3.611000000E-01
3.450673300E+00 6.332280000E+01 1.354800000E+01 3.593000000E-01
3.467926700E+00 6.333980000E+01 1.344500000E+01 3.575000000E-01
3.485266300E+00 6.345900000E+01 1.334200000E+01 3.557000000E-01
3.502692700E+00 6.347540000E+01 1.323700000E+01 3.540000000E-01
3.520206100E+00 6.349080000E+01 1.313300000E+01 3.522000000E-01
3.537807200E+00 6.350510000E+01 1.303000000E+01 3.505000000E-01
3.555496200E+00 6.351860000E+01 1.292800000E+01 3.487000000E-01
3.573273700E+00 6.353120000E+01 1.282700000E+01 3.470000000E-01
3.591140000E+00 6.354300000E+01 1.272700000E+01 3.453000000E-01
3.609095700E+00 6.355400000E+01 1.262700000E+01 3.435000000E-01
3.627141200E+00 6.356430000E+01 1.252900000E+01 3.418000000E-01
3.645276900E+00 6.357380000E+01 1.243100000E+01 3.401000000E-01
3.663503300E+00 6.358260000E+01 1.233500000E+01 3.384000000E-01
3.681820800E+00 6.359080000E+01 1.223900000E+01 3.367000000E-01
3.700229900E+00 6.359830000E+01 1.214400000E+01 3.351000000E-01
3.718731100E+00 6.360520000E+01 1.205000000E+01 3.334000000E-01
3.737324700E+00 6.361150000E+01 1.195600000E+01 3.317000000E-01
3.756011400E+00 6.361720000E+01 1.186400000E+01 3.301000000E-01
3.774791400E+00 6.362240000E+01 1.177200000E+01 3.285000000E-01
3.793665400E+00 6.362710000E+01 1.168100000E+01 3.268000000E-01
3.812633700E+00 6.363130000E+01 1.159100000E+01 3.252000000E-01
3.831696900E+00 6.363490000E+01 1.150200000E+01 3.236000000E-01
3.850855400E+00 6.368850000E+01 1.141300000E+01 3.220000000E-01
3.870109600E+00 6.369170000E+01 1.132300000E+01 3.204000000E-01
3.889460200E+00 6.369410000E+01 1.123400000E+01 3.188000000E-01
3.908907500E+00 6.369590000E+01 1.114600000E+01 3.172000000E-01
3.928452000E+00 6.369700000E+01 1.105800000E+01 3.156000000E-01
3.948094300E+00 6.369750000E+01 1.097200000E+01 3.140000000E-01
3.967834700E+00 6.369750000E+01 1.088600000E+01 3.125000000E-01
3.987673900E+00 6.369690000E+01 1.080000000E+01 3.109000000E-01
4.055024000E+00 6.409560000E+01 1.052000000E+01 3.058000000E-01
4.334821000E+00 6.398320000E+01 9.477900000E+00 2.860000000E-01
4.633924000E+00 6.378890000E+01 8.543200000E+00 2.676000000E-01
4.953664000E+00 6.354200000E+01 7.711000000E+00 2.503000000E-01
5.295467000E+00 6.324550000E+01 6.969200000E+00 2.341000000E-01
5.660855000E+00 6.289460000E+01 6.307000000E+00 2.190000000E-01
6.051453000E+00 6.247200000E+01 5.700000000E+00 2.049000000E-01
6.469004000E+00 6.192130000E+01 5.136200000E+00 1.917000000E-01
6.915365000E+00 6.115940000E+01 4.634500000E+00 1.793000000E-01
7.392525000E+00 5.995480000E+01 4.189300000E+00 1.677000000E-01
7.902609000E+00 5.691390000E+01 3.781200000E+00 1.569000000E-01
7.909678000E+00 5.682160000E+01 3.776000000E+00 1.568000000E-01
8.030745000E+00 5.383660000E+01 3.688500000E+00 1.544000000E-01
8.063029000E+00 5.034210000E+01 3.665800000E+00 1.538000000E-01
8.111456000E+00 5.384280000E+01 1.045200000E+01 1.529000000E-01
8.232522000E+00 5.688340000E+01 1.011900000E+01 1.506000000E-01
8.447890000E+00 5.843690000E+01 9.563500000E+00 1.468000000E-01
8.739444000E+00 5.861500000E+01 9.021400000E+00 1.419000000E-01
8.873211000E+00 5.750230000E+01 8.805000000E+00 1.397000000E-01
8.908882000E+00 5.584050000E+01 8.747700000E+00 1.392000000E-01
8.962389000E+00 5.770580000E+01 1.207500000E+01 1.383000000E-01
9.030794000E+00 5.886040000E+01 1.189900000E+01 1.373000000E-01
9.096156000E+00 5.944380000E+01 1.173500000E+01 1.363000000E-01
9.206316000E+00 5.999900000E+01 1.146500000E+01 1.347000000E-01
9.347229000E+00 5.997310000E+01 1.113200000E+01 1.326000000E-01
9.384806000E+00 5.925050000E+01 1.104900000E+01 1.321000000E-01
9.441171000E+00 6.033950000E+01 1.265300000E+01 1.313000000E-01
9.582084000E+00 6.159290000E+01 1.234800000E+01 1.294000000E-01
9.653919000E+00 6.198770000E+01 1.219800000E+01 1.284000000E-01
1.032004000E+01 6.407670000E+01 1.094100000E+01 1.201000000E-01
1.103212000E+01 6.521850000E+01 9.823700000E+00 1.124000000E-01
1.179334000E+01 6.597040000E+01 8.824600000E+00 1.051000000E-01
1.260708000E+01 6.647940000E+01 7.909700000E+00 9.834000000E-02
1.347697000E+01 6.681890000E+01 7.085900000E+00 9.200000000E-02
1.440688000E+01 6.704260000E+01 6.348700000E+00 8.606000000E-02
1.540095000E+01 6.718490000E+01 5.690000000E+00 8.050000000E-02
1.646362000E+01 6.733670000E+01 5.096700000E+00 7.531000000E-02
1.759961000E+01 6.737080000E+01 4.557000000E+00 7.045000000E-02
1.881398000E+01 6.743480000E+01 4.073700000E+00 6.590000000E-02
2.011215000E+01 6.740380000E+01 3.635200000E+00 6.165000000E-02
2.149988000E+01 6.735040000E+01 3.246800000E+00 5.767000000E-02
2.298338000E+01 6.728340000E+01 2.902400000E+00 5.395000000E-02
2.456923000E+01 6.720830000E+01 2.596800000E+00 5.046000000E-02
2.626450000E+01 6.713060000E+01 2.325400000E+00 4.721000000E-02
2.807676000E+01 6.705720000E+01 2.067700000E+00 4.416000000E-02
3.001405000E+01 6.696020000E+01 1.835200000E+00 4.131000000E-02
3.208502000E+01 6.685370000E+01 1.630100000E+00 3.864000000E-02
3.429889000E+01 6.674010000E+01 1.449100000E+00 3.615000000E-02
3.666551000E+01 6.661840000E+01 1.287100000E+00 3.381000000E-02
3.919543000E+01 6.648390000E+01 1.142600000E+00 3.163000000E-02
4.189992000E+01 6.632960000E+01 1.012100000E+00 2.959000000E-02
4.479101000E+01 6.613950000E+01 8.947700000E-01 2.768000000E-02
4.788159000E+01 6.588290000E+01 7.911800000E-01 2.589000000E-02
5.118542000E+01 6.546620000E+01 7.000100000E-01 2.422000000E-02
5.450534000E+01 6.438970000E+01 6.242100000E-01 2.275000000E-02
5.471721000E+01 6.421840000E+01 6.198300000E-01 2.266000000E-02
5.533961000E+01 6.324230000E+01 6.072200000E-01 2.240000000E-02
5.556208000E+01 6.186820000E+01 6.028100000E-01 2.231000000E-02
5.589579000E+01 6.325660000E+01 3.301300000E+00 2.218000000E-02
5.673005000E+01 6.451090000E+01 3.227100000E+00 2.186000000E-02
5.849270000E+01 6.539950000E+01 3.079000000E+00 2.120000000E-02
6.252870000E+01 6.621640000E+01 2.765000000E+00 1.983000000E-02
6.684318000E+01 6.662880000E+01 2.478700000E+00 1.855000000E-02
7.145536000E+01 6.688270000E+01 2.221100000E+00 1.735000000E-02
7.638578000E+01 6.705120000E+01 1.989000000E+00 1.623000000E-02
8.165640000E+01 6.716850000E+01 1.778600000E+00 1.518000000E-02
8.729069000E+01 6.724580000E+01 1.585600000E+00 1.420000000E-02
9.331374000E+01 6.729430000E+01 1.413700000E+00 1.329000000E-02
9.975239000E+01 6.732360000E+01 1.260600000E+00 1.243000000E-02
1.066353000E+02 6.733950000E+01 1.124200000E+00 1.163000000E-02
1.139931000E+02 6.737510000E+01 1.001200000E+00 1.088000000E-02
1.218587000E+02 6.737190000E+01 8.892300000E-01 1.017000000E-02
1.302669000E+02 6.736240000E+01 7.898900000E-01 9.518000000E-03
1.392553000E+02 6.734880000E+01 7.017200000E-01 8.903000000E-03
1.488640000E+02 6.733250000E+01 6.234500000E-01 8.329000000E-03
1.591356000E+02 6.731460000E+01 5.539500000E-01 7.791000000E-03
1.701159000E+02 6.729590000E+01 4.922500000E-01 7.288000000E-03
1.818539000E+02 6.727680000E+01 4.374600000E-01 6.818000000E-03
1.944018000E+02 6.725780000E+01 3.887900000E-01 6.378000000E-03
2.078156000E+02 6.723900000E+01 3.455700000E-01 5.966000000E-03
2.221548000E+02 6.722080000E+01 3.071800000E-01 5.581000000E-03
2.374835000E+02 6.720310000E+01 2.730700000E-01 5.221000000E-03
2.538699000E+02 6.718630000E+01 2.437800000E-01 4.884000000E-03
2.713869000E+02 6.717090000E+01 2.179000000E-01 4.569000000E-03
2.901126000E+02 6.715680000E+01 1.947800000E-01 4.274000000E-03
3.101304000E+02 6.714360000E+01 1.741300000E-01 3.998000000E-03
3.315294000E+02 6.713150000E+01 1.556700000E-01 3.740000000E-03
3.544049000E+02 6.712030000E+01 1.391900000E-01 3.498000000E-03
3.788588000E+02 6.710990000E+01 1.244500000E-01 3.273000000E-03
4.050001000E+02 6.710040000E+01 1.112800000E-01 3.061000000E-03
4.329451000E+02 6.709160000E+01 9.951400000E-02 2.864000000E-03
