# Data retrieved from physics.nist.gov 03/01/2021
# Element, Mn  (Z = 25) 
# Atomic weight, g mol-1 = 54.93800 
# Nominal density, g cm-3 =  7.4300 
# Relativistic correction estimate f_rel(5CL),  e atom-1 =  -6.1200E-02 
# Nuclear Thomson correction f_NT, e atom-1 =  -6.2409E-03 
#    E [keV]      f1 [e atom-1]      f2 [e atom-1]    Wavelength [nm] 
7.000906000E-03 4.875670000E+00 0.000000000E+00 1.771000000E+02
7.108063000E-03 4.762640000E+00 0.000000000E+00 1.744000000E+02
7.116359000E-03 4.747870000E+00 0.000000000E+00 1.742000000E+02
7.136638000E-03 4.690940000E+00 0.000000000E+00 1.737000000E+02
7.179501000E-03 4.680540000E+00 8.658200000E-02 1.727000000E+02
7.225283000E-03 4.604920000E+00 8.771200000E-02 1.716000000E+02
7.254329000E-03 4.431670000E+00 8.843300000E-02 1.709000000E+02
7.286658000E-03 4.564500000E+00 4.322900000E-01 1.702000000E+02
7.297899000E-03 4.604230000E+00 4.336500000E-01 1.699000000E+02
7.406823000E-03 4.748330000E+00 4.469400000E-01 1.674000000E+02
1.069000000E-02 4.873790000E+00 8.959900000E-01 1.160000000E+02
1.142761000E-02 4.864460000E+00 1.003200000E+00 1.085000000E+02
1.221612000E-02 4.856740000E+00 1.119600000E+00 1.015000000E+02
1.305903000E-02 4.851980000E+00 1.246000000E+00 9.494000000E+01
1.396010000E-02 4.851540000E+00 1.382700000E+00 8.881000000E+01
1.492335000E-02 4.856830000E+00 1.530300000E+00 8.308000000E+01
1.595306000E-02 4.869350000E+00 1.688900000E+00 7.772000000E+01
1.705382000E-02 4.890710000E+00 1.858600000E+00 7.270000000E+01
1.823053000E-02 4.922620000E+00 2.039300000E+00 6.801000000E+01
1.948844000E-02 4.966810000E+00 2.230600000E+00 6.362000000E+01
2.083314000E-02 5.025070000E+00 2.431600000E+00 5.951000000E+01
2.227063000E-02 5.099300000E+00 2.641300000E+00 5.567000000E+01
2.380730000E-02 5.190910000E+00 2.858200000E+00 5.208000000E+01
2.545001000E-02 5.301490000E+00 3.080400000E+00 4.872000000E+01
2.720606000E-02 5.432360000E+00 3.305700000E+00 4.557000000E+01
2.908327000E-02 5.584910000E+00 3.531400000E+00 4.263000000E+01
3.109002000E-02 5.759470000E+00 3.751100000E+00 3.988000000E+01
3.323523000E-02 5.951500000E+00 3.958600000E+00 3.731000000E+01
3.552846000E-02 6.154270000E+00 4.150400000E+00 3.490000000E+01
3.797993000E-02 6.357600000E+00 4.323400000E+00 3.264000000E+01
4.060054000E-02 6.542940000E+00 4.474500000E+00 3.054000000E+01
4.340198000E-02 6.666650000E+00 4.601400000E+00 2.857000000E+01
4.639671000E-02 6.554050000E+00 4.702200000E+00 2.672000000E+01
4.762800000E-02 6.201160000E+00 4.734300000E+00 2.603000000E+01
4.835700000E-02 5.353530000E+00 4.751000000E+00 2.564000000E+01
4.855140000E-02 4.210710000E+00 4.755100000E+00 2.554000000E+01
4.884300000E-02 5.544270000E+00 7.077200000E+00 2.538000000E+01
4.959809000E-02 6.788930000E+00 6.924700000E+00 2.500000000E+01
5.302035000E-02 8.268420000E+00 6.373500000E+00 2.338000000E+01
5.667876000E-02 8.821140000E+00 6.006100000E+00 2.187000000E+01
6.058959000E-02 9.176290000E+00 5.794500000E+00 2.046000000E+01
6.477028000E-02 9.467620000E+00 5.656400000E+00 1.914000000E+01
6.923942000E-02 9.724270000E+00 5.554200000E+00 1.791000000E+01
7.401695000E-02 9.947460000E+00 5.470500000E+00 1.675000000E+01
7.912411000E-02 1.011230000E+01 5.397700000E+00 1.567000000E+01
8.222200000E-02 1.011760000E+01 5.359600000E+00 1.508000000E+01
8.348050000E-02 9.991090000E+00 5.345300000E+00 1.485000000E+01
8.381610000E-02 9.796390000E+00 5.341500000E+00 1.479000000E+01
8.431950000E-02 1.002280000E+01 5.743300000E+00 1.470000000E+01
8.458368000E-02 1.009620000E+01 5.741800000E+00 1.466000000E+01
8.557800000E-02 1.025190000E+01 5.736400000E+00 1.449000000E+01
9.041995000E-02 1.062190000E+01 5.714900000E+00 1.371000000E+01
9.665893000E-02 1.095240000E+01 5.697000000E+00 1.283000000E+01
1.033284000E-01 1.125730000E+01 5.684800000E+00 1.200000000E+01
1.104581000E-01 1.155590000E+01 5.677700000E+00 1.122000000E+01
1.180797000E-01 1.185790000E+01 5.674700000E+00 1.050000000E+01
1.262272000E-01 1.217050000E+01 5.674000000E+00 9.822000000E+00
1.349368000E-01 1.250170000E+01 5.670900000E+00 9.188000000E+00
1.442475000E-01 1.283620000E+01 5.560800000E+00 8.595000000E+00
1.542005000E-01 1.314000000E+01 5.437300000E+00 8.040000000E+00
1.648404000E-01 1.342580000E+01 5.313200000E+00 7.521000000E+00
1.762144000E-01 1.369670000E+01 5.185500000E+00 7.036000000E+00
1.883732000E-01 1.395460000E+01 5.051400000E+00 6.582000000E+00
2.013709000E-01 1.419980000E+01 4.908300000E+00 6.157000000E+00
2.152655000E-01 1.442950000E+01 4.751700000E+00 5.760000000E+00
2.301188000E-01 1.463870000E+01 4.581600000E+00 5.388000000E+00
2.459970000E-01 1.482290000E+01 4.399200000E+00 5.040000000E+00
2.629708000E-01 1.497950000E+01 4.206800000E+00 4.715000000E+00
2.811158000E-01 1.510150000E+01 4.006900000E+00 4.410000000E+00
3.005128000E-01 1.518660000E+01 3.802300000E+00 4.126000000E+00
3.212482000E-01 1.523080000E+01 3.595600000E+00 3.859000000E+00
3.434143000E-01 1.522920000E+01 3.389600000E+00 3.610000000E+00
3.671099000E-01 1.517540000E+01 3.186200000E+00 3.377000000E+00
3.924405000E-01 1.506000000E+01 2.987400000E+00 3.159000000E+00
4.195189000E-01 1.486920000E+01 2.794700000E+00 2.955000000E+00
4.484657000E-01 1.458090000E+01 2.609600000E+00 2.765000000E+00
4.794098000E-01 1.415750000E+01 2.432800000E+00 2.586000000E+00
5.124891000E-01 1.352890000E+01 2.264900000E+00 2.419000000E+00
5.478508000E-01 1.254430000E+01 2.106300000E+00 2.263000000E+00
5.856525000E-01 1.078560000E+01 1.956900000E+00 2.117000000E+00
6.260625000E-01 5.929950000E+00 1.816900000E+00 1.980000000E+00
6.274940000E-01 5.546290000E+00 1.812300000E+00 1.976000000E+00
6.370985000E-01 7.073540000E-01 1.781700000E+00 1.946000000E+00
6.383720000E-01 -9.760220000E-01 1.777800000E+00 1.942000000E+00
6.396597000E-01 -4.533730000E+00 1.773800000E+00 1.938000000E+00
6.435015000E-01 7.752540000E-02 1.153500000E+01 1.927000000E+00
6.481430000E-01 1.678130000E+00 1.141600000E+01 1.913000000E+00
6.507486000E-01 1.724640000E-01 1.135100000E+01 1.905000000E+00
6.531060000E-01 2.392020000E+00 1.614700000E+01 1.898000000E+00
6.546570000E-01 3.800930000E+00 1.609200000E+01 1.894000000E+00
6.644280000E-01 7.806210000E+00 1.575000000E+01 1.866000000E+00
6.692609000E-01 8.952540000E+00 1.558600000E+01 1.853000000E+00
7.154399000E-01 1.422720000E+01 1.415200000E+01 1.733000000E+00
7.536200000E-01 1.579620000E+01 1.313000000E+01 1.645000000E+00
7.648052000E-01 1.557610000E+01 1.285500000E+01 1.621000000E+00
7.651550000E-01 1.554250000E+01 1.284600000E+01 1.620000000E+00
7.682310000E-01 1.477380000E+01 1.277200000E+01 1.614000000E+00
7.728450000E-01 1.586370000E+01 1.441400000E+01 1.604000000E+00
7.843800000E-01 1.707530000E+01 1.413700000E+01 1.581000000E+00
8.175768000E-01 1.875940000E+01 1.338800000E+01 1.516000000E+00
8.739896000E-01 2.047270000E+01 1.226100000E+01 1.419000000E+00
9.342948000E-01 2.168150000E+01 1.121700000E+01 1.327000000E+00
9.987612000E-01 2.259860000E+01 1.024900000E+01 1.241000000E+00
1.067676000E+00 2.331230000E+01 9.320300000E+00 1.161000000E+00
1.141345000E+00 2.385550000E+01 8.425400000E+00 1.086000000E+00
1.220098000E+00 2.423930000E+01 7.597400000E+00 1.016000000E+00
1.304285000E+00 2.451760000E+01 6.849900000E+00 9.506000000E-01
1.394281000E+00 2.471130000E+01 6.161300000E+00 8.892000000E-01
1.490486000E+00 2.483690000E+01 5.541300000E+00 8.318000000E-01
1.593329000E+00 2.491250000E+01 4.983400000E+00 7.781000000E-01
1.703269000E+00 2.494990000E+01 4.480800000E+00 7.279000000E-01
1.820795000E+00 2.495830000E+01 4.029700000E+00 6.809000000E-01
1.946430000E+00 2.494470000E+01 3.625100000E+00 6.370000000E-01
2.080733000E+00 2.491560000E+01 3.262400000E+00 5.959000000E-01
2.224304000E+00 2.487520000E+01 2.937400000E+00 5.574000000E-01
2.377781000E+00 2.482940000E+01 2.646300000E+00 5.214000000E-01
2.541848000E+00 2.477850000E+01 2.385500000E+00 4.878000000E-01
2.717235000E+00 2.472460000E+01 2.140400000E+00 4.563000000E-01
2.904724000E+00 2.466910000E+01 1.920000000E+00 4.268000000E-01
3.105150000E+00 2.461200000E+01 1.710200000E+00 3.993000000E-01
3.319406000E+00 2.452550000E+01 1.508000000E+00 3.735000000E-01
3.548445000E+00 2.442740000E+01 1.331000000E+00 3.494000000E-01
3.793288000E+00 2.432020000E+01 1.176000000E+00 3.269000000E-01
4.055024000E+00 2.420390000E+01 1.040000000E+00 3.058000000E-01
4.334821000E+00 2.407590000E+01 9.207000000E-01 2.860000000E-01
4.633924000E+00 2.393120000E+01 8.158900000E-01 2.676000000E-01
4.953664000E+00 2.376010000E+01 7.237500000E-01 2.503000000E-01
5.295467000E+00 2.354370000E+01 6.426600000E-01 2.341000000E-01
5.660855000E+00 2.323880000E+01 5.712300000E-01 2.190000000E-01
6.051453000E+00 2.271150000E+01 5.082500000E-01 2.049000000E-01
6.408220000E+00 2.143540000E+01 4.601100000E-01 1.935000000E-01
6.469004000E+00 2.078910000E+01 4.526600000E-01 1.917000000E-01
6.506305000E+00 1.997950000E+01 4.481800000E-01 1.906000000E-01
6.532461000E+00 1.822180000E+01 4.450900000E-01 1.898000000E-01
6.571695000E+00 2.001650000E+01 3.907200000E+00 1.887000000E-01
6.669780000E+00 2.164100000E+01 3.797000000E+00 1.859000000E-01
6.915365000E+00 2.290170000E+01 3.547000000E+00 1.793000000E-01
7.392525000E+00 2.385020000E+01 3.182900000E+00 1.677000000E-01
7.902609000E+00 2.435890000E+01 2.870800000E+00 1.569000000E-01
8.447890000E+00 2.469570000E+01 2.588400000E+00 1.468000000E-01
9.030794000E+00 2.493520000E+01 2.319200000E+00 1.373000000E-01
9.653919000E+00 2.509440000E+01 2.068200000E+00 1.284000000E-01
1.032004000E+01 2.520220000E+01 1.844600000E+00 1.201000000E-01
1.103212000E+01 2.527570000E+01 1.645300000E+00 1.124000000E-01
1.179334000E+01 2.532520000E+01 1.467700000E+00 1.051000000E-01
1.260708000E+01 2.535790000E+01 1.309200000E+00 9.834000000E-02
1.347697000E+01 2.541830000E+01 1.163100000E+00 9.200000000E-02
1.440688000E+01 2.542400000E+01 1.028400000E+00 8.606000000E-02
1.540095000E+01 2.541960000E+01 9.087000000E-01 8.050000000E-02
1.646362000E+01 2.540860000E+01 8.029900000E-01 7.531000000E-02
1.759961000E+01 2.539320000E+01 7.096200000E-01 7.045000000E-02
1.881398000E+01 2.537510000E+01 6.271600000E-01 6.590000000E-02
2.011215000E+01 2.535540000E+01 5.543100000E-01 6.165000000E-02
2.149988000E+01 2.533490000E+01 4.899500000E-01 5.767000000E-02
2.298338000E+01 2.531430000E+01 4.330900000E-01 5.395000000E-02
2.456923000E+01 2.529410000E+01 3.828400000E-01 5.046000000E-02
2.626450000E+01 2.527460000E+01 3.384500000E-01 4.721000000E-02
2.807676000E+01 2.525650000E+01 2.978100000E-01 4.416000000E-02
3.001405000E+01 2.523830000E+01 2.604400000E-01 4.131000000E-02
3.208502000E+01 2.522000000E+01 2.276100000E-01 3.864000000E-02
3.429889000E+01 2.520210000E+01 1.989200000E-01 3.615000000E-02
3.666551000E+01 2.518510000E+01 1.738600000E-01 3.381000000E-02
3.919543000E+01 2.516910000E+01 1.519500000E-01 3.163000000E-02
4.189992000E+01 2.515410000E+01 1.328100000E-01 2.959000000E-02
4.479101000E+01 2.514010000E+01 1.160800000E-01 2.768000000E-02
4.788159000E+01 2.512720000E+01 1.014600000E-01 2.589000000E-02
5.118542000E+01 2.511530000E+01 8.868300000E-02 2.422000000E-02
5.471721000E+01 2.510440000E+01 7.751900000E-02 2.266000000E-02
5.849270000E+01 2.509440000E+01 6.776200000E-02 2.120000000E-02
6.252870000E+01 2.508530000E+01 5.923500000E-02 1.983000000E-02
6.684318000E+01 2.507700000E+01 5.178200000E-02 1.855000000E-02
7.145536000E+01 2.506950000E+01 4.526800000E-02 1.735000000E-02
7.638578000E+01 2.506260000E+01 3.957400000E-02 1.623000000E-02
8.165640000E+01 2.505650000E+01 3.454000000E-02 1.518000000E-02
8.729069000E+01 2.505080000E+01 3.003300000E-02 1.420000000E-02
9.331374000E+01 2.504560000E+01 2.611400000E-02 1.329000000E-02
9.975239000E+01 2.504090000E+01 2.270800000E-02 1.243000000E-02
1.066353000E+02 2.503670000E+01 1.974600000E-02 1.163000000E-02
1.139931000E+02 2.503290000E+01 1.717000000E-02 1.088000000E-02
1.218587000E+02 2.502940000E+01 1.493100000E-02 1.017000000E-02
1.302669000E+02 2.502630000E+01 1.298400000E-02 9.518000000E-03
1.392553000E+02 2.502350000E+01 1.129100000E-02 8.903000000E-03
1.488640000E+02 2.502100000E+01 9.819000000E-03 8.329000000E-03
1.591356000E+02 2.501870000E+01 8.538900000E-03 7.791000000E-03
1.701159000E+02 2.501670000E+01 7.425800000E-03 7.288000000E-03
1.818539000E+02 2.501490000E+01 6.457900000E-03 6.818000000E-03
1.944018000E+02 2.501330000E+01 5.616200000E-03 6.378000000E-03
2.078156000E+02 2.501180000E+01 4.884300000E-03 5.966000000E-03
2.221548000E+02 2.501050000E+01 4.247800000E-03 5.581000000E-03
2.374835000E+02 2.500940000E+01 3.694200000E-03 5.221000000E-03
2.538699000E+02 2.500830000E+01 3.212900000E-03 4.884000000E-03
2.713869000E+02 2.500740000E+01 2.794300000E-03 4.569000000E-03
2.901126000E+02 2.500660000E+01 2.430200000E-03 4.274000000E-03
3.101304000E+02 2.500590000E+01 2.113600000E-03 3.998000000E-03
3.315294000E+02 2.500520000E+01 1.838300000E-03 3.740000000E-03
3.544049000E+02 2.500460000E+01 1.598800000E-03 3.498000000E-03
3.788588000E+02 2.500410000E+01 1.390500000E-03 3.273000000E-03
4.050001000E+02 2.500360000E+01 1.209400000E-03 3.061000000E-03
4.329451000E+02 2.500320000E+01 1.051900000E-03 2.864000000E-03
