# Data retrieved from physics.nist.gov 03/01/2021
# Element, N  (Z = 7) 
# Atomic weight, g mol-1 = 14.00670 
# Nominal density, g cm-3 =  1.1650E-03 
# Relativistic correction estimate f_rel(5CL),  e atom-1 =  -3.0000E-03 
# Nuclear Thomson correction f_NT, e atom-1 =  -1.9191E-03 
#    E [keV]      f1 [e atom-1]      f2 [e atom-1]    Wavelength [nm] 
9.016000000E-03 -9.916230000E-01 0.000000000E+00 1.375000000E+02
9.154000000E-03 -1.999650000E+00 0.000000000E+00 1.354000000E+02
9.190800000E-03 -3.168940000E+00 0.000000000E+00 1.349000000E+02
9.246000000E-03 -2.003830000E+00 2.281500000E+00 1.341000000E+02
9.384000000E-03 -1.000200000E+00 2.289100000E+00 1.321000000E+02
1.069000000E-02 5.471590000E-01 2.357500000E+00 1.160000000E+02
1.142761000E-02 8.708700000E-01 2.392200000E+00 1.085000000E+02
1.221612000E-02 1.131420000E+00 2.425200000E+00 1.015000000E+02
1.305903000E-02 1.358810000E+00 2.455300000E+00 9.494000000E+01
1.396010000E-02 1.566750000E+00 2.481400000E+00 8.881000000E+01
1.492335000E-02 1.762350000E+00 2.502400000E+00 8.308000000E+01
1.595306000E-02 1.949390000E+00 2.517100000E+00 7.772000000E+01
1.705382000E-02 2.129780000E+00 2.524800000E+00 7.270000000E+01
1.823053000E-02 2.304160000E+00 2.524600000E+00 6.801000000E+01
1.948844000E-02 2.472130000E+00 2.515700000E+00 6.362000000E+01
2.083314000E-02 2.632280000E+00 2.497700000E+00 5.951000000E+01
2.227063000E-02 2.781680000E+00 2.470400000E+00 5.567000000E+01
2.380730000E-02 2.913760000E+00 2.433400000E+00 5.208000000E+01
2.545001000E-02 3.003570000E+00 2.387000000E+00 4.872000000E+01
2.578380000E-02 3.004730000E+00 2.376900000E+00 4.809000000E+01
2.617845000E-02 2.964400000E+00 2.364600000E+00 4.736000000E+01
2.628369000E-02 2.892880000E+00 2.361300000E+00 4.717000000E+01
2.644155000E-02 2.978280000E+00 2.509800000E+00 4.689000000E+01
2.683620000E-02 3.069360000E+00 2.505200000E+00 4.620000000E+01
2.720606000E-02 3.118980000E+00 2.501000000E+00 4.557000000E+01
2.908327000E-02 3.296780000E+00 2.481000000E+00 4.263000000E+01
3.109002000E-02 3.453220000E+00 2.459800000E+00 3.988000000E+01
3.323523000E-02 3.604710000E+00 2.434000000E+00 3.731000000E+01
3.552846000E-02 3.753990000E+00 2.402700000E+00 3.490000000E+01
3.797993000E-02 3.901900000E+00 2.364800000E+00 3.264000000E+01
4.060054000E-02 4.047560000E+00 2.318100000E+00 3.054000000E+01
4.340198000E-02 4.189060000E+00 2.262800000E+00 2.857000000E+01
4.639671000E-02 4.324930000E+00 2.199300000E+00 2.672000000E+01
4.959809000E-02 4.453920000E+00 2.128400000E+00 2.500000000E+01
5.302035000E-02 4.575030000E+00 2.051000000E+00 2.338000000E+01
5.667876000E-02 4.687480000E+00 1.968400000E+00 2.187000000E+01
6.058959000E-02 4.790730000E+00 1.881600000E+00 2.046000000E+01
6.477028000E-02 4.884500000E+00 1.791900000E+00 1.914000000E+01
6.923942000E-02 4.968700000E+00 1.700500000E+00 1.791000000E+01
7.401695000E-02 5.043440000E+00 1.608300000E+00 1.675000000E+01
7.912411000E-02 5.109500000E+00 1.516600000E+00 1.567000000E+01
8.458368000E-02 5.166220000E+00 1.426000000E+00 1.466000000E+01
9.041995000E-02 5.214580000E+00 1.337400000E+00 1.371000000E+01
9.665893000E-02 5.255100000E+00 1.251400000E+00 1.283000000E+01
1.033284000E-01 5.288330000E+00 1.168300000E+00 1.200000000E+01
1.104581000E-01 5.314840000E+00 1.088600000E+00 1.122000000E+01
1.180797000E-01 5.334910000E+00 1.012000000E+00 1.050000000E+01
1.262272000E-01 5.348740000E+00 9.389900000E-01 9.822000000E+00
1.349368000E-01 5.356610000E+00 8.696700000E-01 9.188000000E+00
1.442475000E-01 5.358700000E+00 8.041500000E-01 8.595000000E+00
1.542005000E-01 5.355180000E+00 7.424800000E-01 8.040000000E+00
1.648404000E-01 5.346090000E+00 6.846200000E-01 7.521000000E+00
1.762144000E-01 5.331300000E+00 6.293200000E-01 7.036000000E+00
1.883732000E-01 5.309150000E+00 5.753200000E-01 6.582000000E+00
2.013709000E-01 5.278860000E+00 5.254900000E-01 6.157000000E+00
2.152655000E-01 5.239720000E+00 4.795900000E-01 5.760000000E+00
2.301188000E-01 5.190300000E+00 4.374100000E-01 5.388000000E+00
2.459970000E-01 5.128260000E+00 3.986900000E-01 5.040000000E+00
2.629708000E-01 5.049850000E+00 3.632200000E-01 4.715000000E+00
2.811158000E-01 4.948980000E+00 3.307500000E-01 4.410000000E+00
3.005128000E-01 4.815240000E+00 3.010700000E-01 4.126000000E+00
3.212482000E-01 4.629150000E+00 2.739600000E-01 3.859000000E+00
3.434143000E-01 4.348500000E+00 2.492300000E-01 3.610000000E+00
3.671099000E-01 3.853520000E+00 2.266900000E-01 3.377000000E+00
3.924405000E-01 2.438990000E+00 2.061500000E-01 3.159000000E+00
3.935680000E-01 2.290170000E+00 2.053100000E-01 3.150000000E+00
3.995920000E-01 6.668890000E-01 2.009200000E-01 3.103000000E+00
4.011984000E-01 -1.279590000E+00 1.997700000E-01 3.090000000E+00
4.036080000E-01 7.434790000E-01 4.031400000E+00 3.072000000E+00
4.096320000E-01 2.518670000E+00 3.962600000E+00 3.027000000E+00
4.195189000E-01 3.587630000E+00 3.854300000E+00 2.955000000E+00
4.484657000E-01 4.917110000E+00 3.566300000E+00 2.765000000E+00
4.794098000E-01 5.627610000E+00 3.286000000E+00 2.586000000E+00
5.124891000E-01 6.104330000E+00 3.010900000E+00 2.419000000E+00
5.478508000E-01 6.448130000E+00 2.745800000E+00 2.263000000E+00
5.856525000E-01 6.703500000E+00 2.494300000E+00 2.117000000E+00
6.260625000E-01 6.895250000E+00 2.258300000E+00 1.980000000E+00
6.692609000E-01 7.039220000E+00 2.038800000E+00 1.853000000E+00
7.154399000E-01 7.146450000E+00 1.836000000E+00 1.733000000E+00
7.648052000E-01 7.225030000E+00 1.649800000E+00 1.621000000E+00
8.175768000E-01 7.281140000E+00 1.479600000E+00 1.516000000E+00
8.739896000E-01 7.319590000E+00 1.324800000E+00 1.419000000E+00
9.342948000E-01 7.344180000E+00 1.184200000E+00 1.327000000E+00
9.987612000E-01 7.357960000E+00 1.057100000E+00 1.241000000E+00
1.067676000E+00 7.363400000E+00 9.416400000E-01 1.161000000E+00
1.141345000E+00 7.361960000E+00 8.375800000E-01 1.086000000E+00
1.220098000E+00 7.355400000E+00 7.441300000E-01 1.016000000E+00
1.304285000E+00 7.344890000E+00 6.604300000E-01 9.506000000E-01
1.394281000E+00 7.331660000E+00 5.856400000E-01 8.892000000E-01
1.490486000E+00 7.316680000E+00 5.189700000E-01 8.318000000E-01
1.593329000E+00 7.300810000E+00 4.596400000E-01 7.781000000E-01
1.703269000E+00 7.284070000E+00 4.050100000E-01 7.279000000E-01
1.820795000E+00 7.266240000E+00 3.566400000E-01 6.809000000E-01
1.946430000E+00 7.248210000E+00 3.140500000E-01 6.370000000E-01
2.080733000E+00 7.230460000E+00 2.765400000E-01 5.959000000E-01
2.224304000E+00 7.213280000E+00 2.435200000E-01 5.574000000E-01
2.377781000E+00 7.196880000E+00 2.144500000E-01 5.214000000E-01
2.541848000E+00 7.181390000E+00 1.888400000E-01 4.878000000E-01
2.717235000E+00 7.166960000E+00 1.663000000E-01 4.563000000E-01
2.904724000E+00 7.153980000E+00 1.464500000E-01 4.268000000E-01
3.105150000E+00 7.142380000E+00 1.282900000E-01 3.993000000E-01
3.319406000E+00 7.130030000E+00 1.118400000E-01 3.735000000E-01
3.548445000E+00 7.118430000E+00 9.750500000E-02 3.494000000E-01
3.793288000E+00 7.107630000E+00 8.500500000E-02 3.269000000E-01
4.055024000E+00 7.097630000E+00 7.410700000E-02 3.058000000E-01
4.334821000E+00 7.088420000E+00 6.460600000E-02 2.860000000E-01
4.633924000E+00 7.079960000E+00 5.632400000E-02 2.676000000E-01
4.953664000E+00 7.072220000E+00 4.910300000E-02 2.503000000E-01
5.295467000E+00 7.065160000E+00 4.280900000E-02 2.341000000E-01
5.660855000E+00 7.058740000E+00 3.732100000E-02 2.190000000E-01
6.051453000E+00 7.052900000E+00 3.253700000E-02 2.049000000E-01
6.469004000E+00 7.047620000E+00 2.836600000E-02 1.917000000E-01
6.915365000E+00 7.042840000E+00 2.473000000E-02 1.793000000E-01
7.392525000E+00 7.038530000E+00 2.156000000E-02 1.677000000E-01
7.902609000E+00 7.034650000E+00 1.872400000E-02 1.569000000E-01
8.447890000E+00 7.031130000E+00 1.623500000E-02 1.468000000E-01
9.030794000E+00 7.027950000E+00 1.406000000E-02 1.373000000E-01
9.653919000E+00 7.025030000E+00 1.212800000E-02 1.284000000E-01
1.032004000E+01 7.022380000E+00 1.046100000E-02 1.201000000E-01
1.103212000E+01 7.020000000E+00 9.022600000E-03 1.124000000E-01
1.179334000E+01 7.017850000E+00 7.782500000E-03 1.051000000E-01
1.260708000E+01 7.015910000E+00 6.712200000E-03 9.834000000E-02
1.347697000E+01 7.014180000E+00 5.788900000E-03 9.200000000E-02
1.440688000E+01 7.012630000E+00 4.992700000E-03 8.606000000E-02
1.540095000E+01 7.011230000E+00 4.306000000E-03 8.050000000E-02
1.646362000E+01 7.009990000E+00 3.713800000E-03 7.531000000E-02
1.759961000E+01 7.008880000E+00 3.203000000E-03 7.045000000E-02
1.881398000E+01 7.007890000E+00 2.762400000E-03 6.590000000E-02
2.011215000E+01 7.007010000E+00 2.382500000E-03 6.165000000E-02
2.149988000E+01 7.006220000E+00 2.054800000E-03 5.767000000E-02
2.298338000E+01 7.005520000E+00 1.772200000E-03 5.395000000E-02
2.456923000E+01 7.004890000E+00 1.528500000E-03 5.046000000E-02
2.626450000E+01 7.004350000E+00 1.318300000E-03 4.721000000E-02
2.807676000E+01 7.003870000E+00 1.132700000E-03 4.416000000E-02
3.001405000E+01 7.003430000E+00 9.719700000E-04 4.131000000E-02
3.208502000E+01 7.003040000E+00 8.340800000E-04 3.864000000E-02
3.429889000E+01 7.002690000E+00 7.157600000E-04 3.615000000E-02
3.666551000E+01 7.002380000E+00 6.142200000E-04 3.381000000E-02
3.919543000E+01 7.002100000E+00 5.270900000E-04 3.163000000E-02
4.189992000E+01 7.001860000E+00 4.523200000E-04 2.959000000E-02
4.479101000E+01 7.001640000E+00 3.881500000E-04 2.768000000E-02
4.788159000E+01 7.001450000E+00 3.330900000E-04 2.589000000E-02
5.118542000E+01 7.001280000E+00 2.858400000E-04 2.422000000E-02
5.471721000E+01 7.001130000E+00 2.452900000E-04 2.266000000E-02
5.849270000E+01 7.001000000E+00 2.105000000E-04 2.120000000E-02
6.252870000E+01 7.000880000E+00 1.806400000E-04 1.983000000E-02
6.684318000E+01 7.000780000E+00 1.550100000E-04 1.855000000E-02
7.145536000E+01 7.000680000E+00 1.330300000E-04 1.735000000E-02
7.638578000E+01 7.000600000E+00 1.141600000E-04 1.623000000E-02
8.165640000E+01 7.000530000E+00 9.795100000E-05 1.518000000E-02
8.729069000E+01 7.000470000E+00 8.402300000E-05 1.420000000E-02
9.331374000E+01 7.000410000E+00 7.207500000E-05 1.329000000E-02
9.975239000E+01 7.000360000E+00 6.182600000E-05 1.243000000E-02
1.066353000E+02 7.000320000E+00 5.303500000E-05 1.163000000E-02
1.139931000E+02 7.000280000E+00 4.549400000E-05 1.088000000E-02
1.218587000E+02 7.000250000E+00 3.902500000E-05 1.017000000E-02
1.302669000E+02 7.000220000E+00 3.347600000E-05 9.518000000E-03
1.392553000E+02 7.000190000E+00 2.871600000E-05 8.903000000E-03
1.488640000E+02 7.000170000E+00 2.463300000E-05 8.329000000E-03
1.591356000E+02 7.000150000E+00 2.113100000E-05 7.791000000E-03
1.701159000E+02 7.000130000E+00 1.812600000E-05 7.288000000E-03
1.818539000E+02 7.000120000E+00 1.554900000E-05 6.818000000E-03
1.944018000E+02 7.000100000E+00 1.333800000E-05 6.378000000E-03
2.078156000E+02 7.000090000E+00 1.144200000E-05 5.966000000E-03
2.221548000E+02 7.000080000E+00 9.815000000E-06 5.581000000E-03
2.374835000E+02 7.000070000E+00 8.419500000E-06 5.221000000E-03
2.538699000E+02 7.000060000E+00 7.222400000E-06 4.884000000E-03
2.713869000E+02 7.000050000E+00 6.195600000E-06 4.569000000E-03
2.901126000E+02 7.000050000E+00 5.314700000E-06 4.274000000E-03
3.101304000E+02 7.000040000E+00 4.559100000E-06 3.998000000E-03
3.315294000E+02 7.000040000E+00 3.910900000E-06 3.740000000E-03
3.544049000E+02 7.000030000E+00 3.354900000E-06 3.498000000E-03
3.788588000E+02 7.000030000E+00 2.877900000E-06 3.273000000E-03
4.050001000E+02 7.000020000E+00 2.468800000E-06 3.061000000E-03
4.329451000E+02 7.000020000E+00 2.117800000E-06 2.864000000E-03
