# Data retrieved from physics.nist.gov 03/01/2021
# Element, Na  (Z = 11) 
# Atomic weight, g mol-1 = 22.98980 
# Nominal density, g cm-3 =  9.6900E-01 
# Relativistic correction estimate f_rel(5CL),  e atom-1 =  -8.4000E-03 
# Nuclear Thomson correction f_NT, e atom-1 =  -2.8873E-03 
#    E [keV]      f1 [e atom-1]      f2 [e atom-1]    Wavelength [nm] 
1.069000000E-02 1.486930000E+00 0.000000000E+00 1.160000000E+02
1.142761000E-02 1.462410000E+00 0.000000000E+00 1.085000000E+02
1.221612000E-02 1.433940000E+00 0.000000000E+00 1.015000000E+02
1.305903000E-02 1.400800000E+00 0.000000000E+00 9.494000000E+01
1.396010000E-02 1.362090000E+00 0.000000000E+00 8.881000000E+01
1.492335000E-02 1.316700000E+00 0.000000000E+00 8.308000000E+01
1.595306000E-02 1.263250000E+00 0.000000000E+00 7.772000000E+01
1.705382000E-02 1.199920000E+00 0.000000000E+00 7.270000000E+01
1.823053000E-02 1.124360000E+00 0.000000000E+00 6.801000000E+01
1.948844000E-02 1.033370000E+00 0.000000000E+00 6.362000000E+01
2.083314000E-02 9.224750000E-01 0.000000000E+00 5.951000000E+01
2.227063000E-02 7.851050000E-01 0.000000000E+00 5.567000000E+01
2.380730000E-02 6.109320000E-01 0.000000000E+00 5.208000000E+01
2.545001000E-02 3.820470000E-01 0.000000000E+00 4.872000000E+01
2.720606000E-02 6.191500000E-02 0.000000000E+00 4.557000000E+01
2.908327000E-02 -4.526290000E-01 0.000000000E+00 4.263000000E+01
3.047800000E-02 -1.220480000E+00 0.000000000E+00 4.068000000E+01
3.094450000E-02 -1.969280000E+00 0.000000000E+00 4.007000000E+01
3.109002000E-02 -3.283430000E+00 0.000000000E+00 3.988000000E+01
3.125550000E-02 -2.074350000E+00 1.475200000E+00 3.967000000E+01
3.172200000E-02 -1.548700000E+00 1.558000000E+00 3.908000000E+01
3.323523000E-02 -1.245320000E+00 1.849800000E+00 3.731000000E+01
3.552846000E-02 -1.157250000E+00 2.352800000E+00 3.490000000E+01
3.797993000E-02 -1.065420000E+00 2.904900000E+00 3.264000000E+01
4.060054000E-02 -9.093500000E-01 3.479300000E+00 3.054000000E+01
4.340198000E-02 -6.702610000E-01 4.053800000E+00 2.857000000E+01
4.639671000E-02 -3.449440000E-01 4.606100000E+00 2.672000000E+01
4.959809000E-02 6.014220000E-02 5.115700000E+00 2.500000000E+01
5.302035000E-02 5.308160000E-01 5.565100000E+00 2.338000000E+01
5.667876000E-02 1.044250000E+00 5.941100000E+00 2.187000000E+01
6.058959000E-02 1.553780000E+00 6.235200000E+00 2.046000000E+01
6.203400000E-02 1.698840000E+00 6.318600000E+00 1.999000000E+01
6.298350000E-02 1.716440000E+00 6.366600000E+00 1.969000000E+01
6.323670000E-02 1.618230000E+00 6.378500000E+00 1.961000000E+01
6.361650000E-02 1.797580000E+00 6.655900000E+00 1.949000000E+01
6.456600000E-02 2.038260000E+00 6.709000000E+00 1.920000000E+01
6.477028000E-02 2.078280000E+00 6.719800000E+00 1.914000000E+01
6.923942000E-02 2.800610000E+00 6.912300000E+00 1.791000000E+01
7.401695000E-02 3.481190000E+00 7.033000000E+00 1.675000000E+01
7.912411000E-02 4.149720000E+00 7.077200000E+00 1.567000000E+01
8.458368000E-02 4.799620000E+00 7.049400000E+00 1.466000000E+01
9.041995000E-02 5.422660000E+00 6.956000000E+00 1.371000000E+01
9.665893000E-02 6.011270000E+00 6.804500000E+00 1.283000000E+01
1.033284000E-01 6.560060000E+00 6.603600000E+00 1.200000000E+01
1.104581000E-01 7.064880000E+00 6.362100000E+00 1.122000000E+01
1.180797000E-01 7.523710000E+00 6.088800000E+00 1.050000000E+01
1.262272000E-01 7.936490000E+00 5.791800000E+00 9.822000000E+00
1.349368000E-01 8.303370000E+00 5.475800000E+00 9.188000000E+00
1.442475000E-01 8.623380000E+00 5.147500000E+00 8.595000000E+00
1.542005000E-01 8.897860000E+00 4.814500000E+00 8.040000000E+00
1.648404000E-01 9.129560000E+00 4.483000000E+00 7.521000000E+00
1.762144000E-01 9.322000000E+00 4.157900000E+00 7.036000000E+00
1.883732000E-01 9.479020000E+00 3.843100000E+00 6.582000000E+00
2.013709000E-01 9.605620000E+00 3.541400000E+00 6.157000000E+00
2.152655000E-01 9.703600000E+00 3.254700000E+00 5.760000000E+00
2.301188000E-01 9.777640000E+00 2.984400000E+00 5.388000000E+00
2.459970000E-01 9.831160000E+00 2.731200000E+00 5.040000000E+00
2.629708000E-01 9.867270000E+00 2.495000000E+00 4.715000000E+00
2.811158000E-01 9.888510000E+00 2.275500000E+00 4.410000000E+00
3.005128000E-01 9.896980000E+00 2.072200000E+00 4.126000000E+00
3.212482000E-01 9.894570000E+00 1.884600000E+00 3.859000000E+00
3.434143000E-01 9.882870000E+00 1.712100000E+00 3.610000000E+00
3.671099000E-01 9.863210000E+00 1.553900000E+00 3.377000000E+00
3.924405000E-01 9.836600000E+00 1.409000000E+00 3.159000000E+00
4.195189000E-01 9.803790000E+00 1.276700000E+00 2.955000000E+00
4.484657000E-01 9.765250000E+00 1.156100000E+00 2.765000000E+00
4.794098000E-01 9.721130000E+00 1.046300000E+00 2.586000000E+00
5.124891000E-01 9.671300000E+00 9.464700000E-01 2.419000000E+00
5.478508000E-01 9.615230000E+00 8.558300000E-01 2.263000000E+00
5.856525000E-01 9.551960000E+00 7.734200000E-01 2.117000000E+00
6.260625000E-01 9.478670000E+00 6.945700000E-01 1.980000000E+00
6.692609000E-01 9.391780000E+00 6.235500000E-01 1.853000000E+00
7.154399000E-01 9.287400000E+00 5.596800000E-01 1.733000000E+00
7.648052000E-01 9.158620000E+00 5.023400000E-01 1.621000000E+00
8.175768000E-01 8.993140000E+00 4.509200000E-01 1.516000000E+00
8.739896000E-01 8.767060000E+00 4.048600000E-01 1.419000000E+00
9.342948000E-01 8.425970000E+00 3.636400000E-01 1.327000000E+00
9.987612000E-01 7.799700000E+00 3.267600000E-01 1.241000000E+00
1.050658000E+00 6.524120000E+00 2.988200000E-01 1.180000000E+00
1.067676000E+00 4.911810000E+00 2.904900000E-01 1.161000000E+00
1.071028000E+00 3.520950000E+00 2.889000000E-01 1.158000000E+00
1.077461000E+00 4.890620000E+00 3.346800000E+00 1.151000000E+00
1.093542000E+00 6.124960000E+00 3.604400000E+00 1.134000000E+00
1.141345000E+00 7.707490000E+00 4.222000000E+00 1.086000000E+00
1.220098000E+00 9.326860000E+00 4.089700000E+00 1.016000000E+00
1.304285000E+00 1.026550000E+01 3.528500000E+00 9.506000000E-01
1.394281000E+00 1.067690000E+01 2.916800000E+00 8.892000000E-01
1.490486000E+00 1.085000000E+01 2.545100000E+00 8.318000000E-01
1.593329000E+00 1.096800000E+01 2.256800000E+00 7.781000000E-01
1.703269000E+00 1.105400000E+01 2.029600000E+00 7.279000000E-01
1.820795000E+00 1.112630000E+01 1.841300000E+00 6.809000000E-01
1.946430000E+00 1.119140000E+01 1.675700000E+00 6.370000000E-01
2.080733000E+00 1.125050000E+01 1.522800000E+00 5.959000000E-01
2.224304000E+00 1.135110000E+01 1.366800000E+00 5.574000000E-01
2.377781000E+00 1.137770000E+01 1.217100000E+00 5.214000000E-01
2.541848000E+00 1.138940000E+01 1.083800000E+00 4.878000000E-01
2.717235000E+00 1.139180000E+01 9.651300000E-01 4.563000000E-01
2.904724000E+00 1.138800000E+01 8.594800000E-01 4.268000000E-01
3.105150000E+00 1.138520000E+01 7.623600000E-01 3.993000000E-01
3.319406000E+00 1.137210000E+01 6.737000000E-01 3.735000000E-01
3.548445000E+00 1.135560000E+01 5.953800000E-01 3.494000000E-01
3.793288000E+00 1.133730000E+01 5.261700000E-01 3.269000000E-01
4.055024000E+00 1.131820000E+01 4.650300000E-01 3.058000000E-01
4.334821000E+00 1.129910000E+01 4.110000000E-01 2.860000000E-01
4.633924000E+00 1.128040000E+01 3.632600000E-01 2.676000000E-01
4.953664000E+00 1.126190000E+01 3.188300000E-01 2.503000000E-01
5.295467000E+00 1.124300000E+01 2.797500000E-01 2.341000000E-01
5.660855000E+00 1.122450000E+01 2.454800000E-01 2.190000000E-01
6.051453000E+00 1.120680000E+01 2.154000000E-01 2.049000000E-01
6.469004000E+00 1.118990000E+01 1.890200000E-01 1.917000000E-01
6.915365000E+00 1.117400000E+01 1.658700000E-01 1.793000000E-01
7.392525000E+00 1.115910000E+01 1.455500000E-01 1.677000000E-01
7.902609000E+00 1.114530000E+01 1.277300000E-01 1.569000000E-01
8.447890000E+00 1.113250000E+01 1.120900000E-01 1.468000000E-01
9.030794000E+00 1.112170000E+01 9.817300000E-02 1.373000000E-01
9.653919000E+00 1.111120000E+01 8.536500000E-02 1.284000000E-01
1.032004000E+01 1.110090000E+01 7.422800000E-02 1.201000000E-01
1.103212000E+01 1.109130000E+01 6.454600000E-02 1.124000000E-01
1.179334000E+01 1.108250000E+01 5.612700000E-02 1.051000000E-01
1.260708000E+01 1.107440000E+01 4.880600000E-02 9.834000000E-02
1.347697000E+01 1.106710000E+01 4.244100000E-02 9.200000000E-02
1.440688000E+01 1.106040000E+01 3.690700000E-02 8.606000000E-02
1.540095000E+01 1.105430000E+01 3.209400000E-02 8.050000000E-02
1.646362000E+01 1.104870000E+01 2.790900000E-02 7.531000000E-02
1.759961000E+01 1.104380000E+01 2.427000000E-02 7.045000000E-02
1.881398000E+01 1.103930000E+01 2.110600000E-02 6.590000000E-02
2.011215000E+01 1.103520000E+01 1.835400000E-02 6.165000000E-02
2.149988000E+01 1.103150000E+01 1.596100000E-02 5.767000000E-02
2.298338000E+01 1.102830000E+01 1.387500000E-02 5.395000000E-02
2.456923000E+01 1.102530000E+01 1.201400000E-02 5.046000000E-02
2.626450000E+01 1.102260000E+01 1.040200000E-02 4.721000000E-02
2.807676000E+01 1.102020000E+01 8.980000000E-03 4.416000000E-02
3.001405000E+01 1.101810000E+01 7.743300000E-03 4.131000000E-02
3.208502000E+01 1.101610000E+01 6.676100000E-03 3.864000000E-02
3.429889000E+01 1.101430000E+01 5.756000000E-03 3.615000000E-02
3.666551000E+01 1.101280000E+01 4.962700000E-03 3.381000000E-02
3.919543000E+01 1.101140000E+01 4.278800000E-03 3.163000000E-02
4.189992000E+01 1.101010000E+01 3.689100000E-03 2.959000000E-02
4.479101000E+01 1.100900000E+01 3.180700000E-03 2.768000000E-02
4.788159000E+01 1.100800000E+01 2.742400000E-03 2.589000000E-02
5.118542000E+01 1.100710000E+01 2.364500000E-03 2.422000000E-02
5.471721000E+01 1.100630000E+01 2.038700000E-03 2.266000000E-02
5.849270000E+01 1.100560000E+01 1.757700000E-03 2.120000000E-02
6.252870000E+01 1.100490000E+01 1.515500000E-03 1.983000000E-02
6.684318000E+01 1.100440000E+01 1.306700000E-03 1.855000000E-02
7.145536000E+01 1.100390000E+01 1.126700000E-03 1.735000000E-02
7.638578000E+01 1.100340000E+01 9.714200000E-04 1.623000000E-02
8.165640000E+01 1.100300000E+01 8.375700000E-04 1.518000000E-02
8.729069000E+01 1.100270000E+01 7.221600000E-04 1.420000000E-02
9.331374000E+01 1.100240000E+01 6.226600000E-04 1.329000000E-02
9.975239000E+01 1.100210000E+01 5.368700000E-04 1.243000000E-02
1.066353000E+02 1.100190000E+01 4.629000000E-04 1.163000000E-02
1.139931000E+02 1.100160000E+01 3.991300000E-04 1.088000000E-02
1.218587000E+02 1.100150000E+01 3.441400000E-04 1.017000000E-02
1.302669000E+02 1.100130000E+01 2.967200000E-04 9.518000000E-03
1.392553000E+02 1.100110000E+01 2.558400000E-04 8.903000000E-03
1.488640000E+02 1.100100000E+01 2.206000000E-04 8.329000000E-03
1.591356000E+02 1.100090000E+01 1.902000000E-04 7.791000000E-03
1.701159000E+02 1.100080000E+01 1.640000000E-04 7.288000000E-03
1.818539000E+02 1.100070000E+01 1.414100000E-04 6.818000000E-03
1.944018000E+02 1.100060000E+01 1.219300000E-04 6.378000000E-03
2.078156000E+02 1.100050000E+01 1.051300000E-04 5.966000000E-03
2.221548000E+02 1.100050000E+01 9.064600000E-05 5.581000000E-03
2.374835000E+02 1.100040000E+01 7.815900000E-05 5.221000000E-03
2.538699000E+02 1.100040000E+01 6.739100000E-05 4.884000000E-03
2.713869000E+02 1.100030000E+01 5.810800000E-05 4.569000000E-03
2.901126000E+02 1.100030000E+01 5.010300000E-05 4.274000000E-03
3.101304000E+02 1.100020000E+01 4.320100000E-05 3.998000000E-03
3.315294000E+02 1.100020000E+01 3.725000000E-05 3.740000000E-03
3.544049000E+02 1.100020000E+01 3.211800000E-05 3.498000000E-03
3.788588000E+02 1.100020000E+01 2.769400000E-05 3.273000000E-03
4.050001000E+02 1.100010000E+01 2.387900000E-05 3.061000000E-03
4.329451000E+02 1.100010000E+01 2.059000000E-05 2.864000000E-03
