# Data retrieved from physics.nist.gov 03/01/2021
# Element, Pa  (Z = 91) 
# Atomic weight, g mol-1 = 231.0359 
# Nominal density, g cm-3 =  1.5340E+01 
# Relativistic correction estimate f_rel(5CL),  e atom-1 =  -1.4526E+00 
# Nuclear Thomson correction f_NT, e atom-1 =  -1.9663E-02 
#    E [keV]      f1 [e atom-1]      f2 [e atom-1]    Wavelength [nm] 
1.069000000E-02 2.507080000E+01 0.000000000E+00 1.160000000E+02
1.142761000E-02 2.497050000E+01 0.000000000E+00 1.085000000E+02
1.221612000E-02 2.484770000E+01 0.000000000E+00 1.015000000E+02
1.305903000E-02 2.469460000E+01 0.000000000E+00 9.494000000E+01
1.396010000E-02 2.449980000E+01 0.000000000E+00 8.881000000E+01
1.492335000E-02 2.424450000E+01 0.000000000E+00 8.308000000E+01
1.595306000E-02 2.389500000E+01 0.000000000E+00 7.772000000E+01
1.705382000E-02 2.338220000E+01 0.000000000E+00 7.270000000E+01
1.823053000E-02 2.252680000E+01 0.000000000E+00 6.801000000E+01
1.948844000E-02 2.054690000E+01 0.000000000E+00 6.362000000E+01
1.991416000E-02 1.884480000E+01 0.000000000E+00 6.226000000E+01
2.021897000E-02 1.528930000E+01 0.000000000E+00 6.132000000E+01
2.030025000E-02 1.093890000E+01 0.000000000E+00 6.108000000E+01
2.042217000E-02 1.560940000E+01 8.609500000E+00 6.071000000E+01
2.072698000E-02 1.971670000E+01 8.273300000E+00 5.982000000E+01
2.083314000E-02 2.042190000E+01 8.160500000E+00 5.951000000E+01
2.227063000E-02 2.438460000E+01 6.820400000E+00 5.567000000E+01
2.380730000E-02 2.571840000E+01 5.690600000E+00 5.208000000E+01
2.545001000E-02 2.611120000E+01 4.735100000E+00 4.872000000E+01
2.720606000E-02 2.556600000E+01 3.936600000E+00 4.557000000E+01
2.797422000E-02 2.452680000E+01 3.645100000E+00 4.432000000E+01
2.840240000E-02 2.249670000E+01 3.495600000E+00 4.365000000E+01
2.851658000E-02 1.993720000E+01 3.457200000E+00 4.348000000E+01
2.868785000E-02 2.274920000E+01 8.502100000E+00 4.322000000E+01
2.908327000E-02 2.514080000E+01 8.159000000E+00 4.263000000E+01
2.911602000E-02 2.525100000E+01 8.131400000E+00 4.258000000E+01
3.109002000E-02 2.802310000E+01 6.679500000E+00 3.988000000E+01
3.323523000E-02 2.887880000E+01 5.514600000E+00 3.731000000E+01
3.552846000E-02 2.921120000E+01 4.636200000E+00 3.490000000E+01
3.797993000E-02 2.931720000E+01 3.954100000E+00 3.264000000E+01
4.060054000E-02 2.929640000E+01 3.409900000E+00 3.054000000E+01
4.340198000E-02 2.917220000E+01 2.965600000E+00 2.857000000E+01
4.454936000E-02 2.907100000E+01 2.813100000E+00 2.783000000E+01
4.523124000E-02 2.893200000E+01 2.729100000E+00 2.741000000E+01
4.541307000E-02 2.878680000E+01 2.707400000E+00 2.730000000E+01
4.568582000E-02 2.892500000E+01 2.948400000E+00 2.714000000E+01
4.639671000E-02 2.902790000E+01 2.853900000E+00 2.672000000E+01
4.959809000E-02 2.899930000E+01 2.486300000E+00 2.500000000E+01
5.302035000E-02 2.882260000E+01 2.176600000E+00 2.338000000E+01
5.667876000E-02 2.856610000E+01 1.915700000E+00 2.187000000E+01
6.058959000E-02 2.823000000E+01 1.692500000E+00 2.046000000E+01
6.477028000E-02 2.780040000E+01 1.499800000E+00 1.914000000E+01
6.923942000E-02 2.721760000E+01 1.332500000E+00 1.791000000E+01
7.401695000E-02 2.639710000E+01 1.187100000E+00 1.675000000E+01
7.912411000E-02 2.511890000E+01 1.060700000E+00 1.567000000E+01
8.458368000E-02 2.260370000E+01 9.511200000E-01 1.466000000E+01
8.745598000E-02 1.946820000E+01 9.020700000E-01 1.418000000E+01
8.879459000E-02 1.497700000E+01 8.809400000E-01 1.396000000E+01
8.915156000E-02 9.785260000E+00 8.754800000E-01 1.391000000E+01
8.968700000E-02 1.501910000E+01 1.096200000E+01 1.382000000E+01
9.041995000E-02 1.811670000E+01 1.084200000E+01 1.371000000E+01
9.102561000E-02 1.938110000E+01 1.074500000E+01 1.362000000E+01
9.474531000E-02 2.152880000E+01 1.018000000E+01 1.309000000E+01
9.619550000E-02 1.974490000E+01 9.974000000E+00 1.289000000E+01
9.665893000E-02 1.362940000E+01 9.909800000E+00 1.283000000E+01
9.716228000E-02 2.035150000E+01 1.614400000E+01 1.276000000E+01
9.861247000E-02 2.393840000E+01 1.589600000E+01 1.257000000E+01
1.033284000E-01 2.851220000E+01 1.495300000E+01 1.200000000E+01
1.104581000E-01 3.219350000E+01 1.323100000E+01 1.122000000E+01
1.180797000E-01 3.440970000E+01 1.106400000E+01 1.050000000E+01
1.262272000E-01 3.548720000E+01 8.892100000E+00 9.822000000E+00
1.349368000E-01 3.577560000E+01 7.001500000E+00 9.188000000E+00
1.442475000E-01 3.557330000E+01 5.486900000E+00 8.595000000E+00
1.542005000E-01 3.508570000E+01 4.332700000E+00 8.040000000E+00
1.648404000E-01 3.442080000E+01 3.478300000E+00 7.521000000E+00
1.762144000E-01 3.353410000E+01 2.855500000E+00 7.036000000E+00
1.793891000E-01 3.317310000E+01 2.720200000E+00 6.911000000E+00
1.821348000E-01 3.257940000E+01 2.614000000E+00 6.807000000E+00
1.828670000E-01 3.200430000E+01 2.587200000E+00 6.780000000E+00
1.839653000E-01 3.250050000E+01 3.604300000E+00 6.740000000E+00
1.867111000E-01 3.284350000E+01 3.500900000E+00 6.640000000E+00
1.883732000E-01 3.289280000E+01 3.442300000E+00 6.582000000E+00
2.013709000E-01 3.269720000E+01 3.066500000E+00 6.157000000E+00
2.152655000E-01 3.220410000E+01 2.790700000E+00 5.760000000E+00
2.289513000E-01 3.150750000E+01 2.606900000E+00 5.415000000E+00
2.301188000E-01 3.141290000E+01 2.594200000E+00 5.388000000E+00
2.324557000E-01 3.111670000E+01 2.570000000E+00 5.334000000E+00
2.333902000E-01 3.075580000E+01 2.560700000E+00 5.312000000E+00
2.347919000E-01 3.105900000E+01 3.196100000E+00 5.281000000E+00
2.382963000E-01 3.124290000E+01 3.137100000E+00 5.203000000E+00
2.459970000E-01 3.118040000E+01 3.022600000E+00 5.040000000E+00
2.629708000E-01 3.068920000E+01 2.830000000E+00 4.715000000E+00
2.811158000E-01 2.997130000E+01 2.697200000E+00 4.410000000E+00
3.005128000E-01 2.900800000E+01 2.611600000E+00 4.126000000E+00
3.034080000E-01 2.883680000E+01 2.602500000E+00 4.086000000E+00
3.080520000E-01 2.850180000E+01 2.589500000E+00 4.025000000E+00
3.092904000E-01 2.832730000E+01 2.586400000E+00 4.009000000E+00
3.111480000E-01 2.833420000E+01 2.793400000E+00 3.985000000E+00
3.157920000E-01 2.816730000E+01 2.785000000E+00 3.926000000E+00
3.212482000E-01 2.788920000E+01 2.777200000E+00 3.859000000E+00
3.434143000E-01 2.643060000E+01 2.763300000E+00 3.610000000E+00
3.523100000E-01 2.566560000E+01 2.764100000E+00 3.519000000E+00
3.577025000E-01 2.506890000E+01 2.765900000E+00 3.466000000E+00
3.591405000E-01 2.480160000E+01 2.766500000E+00 3.452000000E+00
3.612975000E-01 2.468900000E+01 3.022200000E+00 3.432000000E+00
3.637760000E-01 2.448680000E+01 3.054000000E+00 3.408000000E+00
3.666900000E-01 2.419500000E+01 3.096000000E+00 3.381000000E+00
3.671099000E-01 2.414910000E+01 3.102500000E+00 3.377000000E+00
3.693440000E-01 2.388000000E+01 3.139100000E+00 3.357000000E+00
3.708288000E-01 2.362670000E+01 3.165300000E+00 3.343000000E+00
3.730560000E-01 2.347590000E+01 3.411000000E+00 3.323000000E+00
3.786240000E-01 2.293520000E+01 3.591400000E+00 3.275000000E+00
3.924405000E-01 2.131160000E+01 4.258600000E+00 3.159000000E+00
4.195189000E-01 1.787070000E+01 6.857700000E+00 2.955000000E+00
4.484657000E-01 1.495630000E+01 1.147300000E+01 2.765000000E+00
4.794098000E-01 1.375420000E+01 1.770400000E+01 2.586000000E+00
5.124891000E-01 1.496240000E+01 2.443200000E+01 2.419000000E+00
5.478508000E-01 1.843170000E+01 3.038600000E+01 2.263000000E+00
5.856525000E-01 2.336530000E+01 3.470200000E+01 2.117000000E+00
6.260625000E-01 2.871490000E+01 3.710700000E+01 1.980000000E+00
6.692609000E-01 3.339200000E+01 3.779000000E+01 1.853000000E+00
6.940360000E-01 3.488090000E+01 3.758100000E+01 1.786000000E+00
7.046590000E-01 3.429700000E+01 3.739600000E+01 1.759000000E+00
7.074918000E-01 3.274130000E+01 3.733800000E+01 1.752000000E+00
7.117410000E-01 3.484610000E+01 4.074700000E+01 1.742000000E+00
7.154399000E-01 3.591090000E+01 4.068300000E+01 1.733000000E+00
7.223640000E-01 3.711810000E+01 4.055100000E+01 1.716000000E+00
7.285320000E-01 3.785210000E+01 4.042100000E+01 1.702000000E+00
7.396830000E-01 3.837860000E+01 4.015900000E+01 1.676000000E+00
7.426566000E-01 3.763760000E+01 4.008400000E+01 1.669000000E+00
7.471170000E-01 3.922310000E+01 4.210700000E+01 1.660000000E+00
7.582680000E-01 4.133660000E+01 4.184200000E+01 1.635000000E+00
7.648052000E-01 4.222800000E+01 4.167700000E+01 1.621000000E+00
8.175768000E-01 4.741970000E+01 4.017000000E+01 1.516000000E+00
8.739896000E-01 5.124410000E+01 3.837600000E+01 1.419000000E+00
9.342948000E-01 5.411400000E+01 3.646400000E+01 1.327000000E+00
9.865660000E-01 5.547330000E+01 3.491400000E+01 1.257000000E+00
9.987612000E-01 5.526140000E+01 3.456900000E+01 1.241000000E+00
1.001667000E+00 5.502870000E+01 3.448300000E+01 1.238000000E+00
1.005693000E+00 5.393880000E+01 3.436000000E+01 1.233000000E+00
1.011734000E+00 5.543800000E+01 3.662100000E+01 1.225000000E+00
1.026834000E+00 5.710180000E+01 3.609300000E+01 1.207000000E+00
1.067676000E+00 5.922960000E+01 3.475300000E+01 1.161000000E+00
1.141345000E+00 6.168970000E+01 3.272700000E+01 1.086000000E+00
1.199814000E+00 6.306580000E+01 3.132500000E+01 1.033000000E+00
1.218179000E+00 6.330130000E+01 3.087900000E+01 1.018000000E+00
1.220098000E+00 6.329040000E+01 3.083300000E+01 1.016000000E+00
1.223076000E+00 6.317740000E+01 3.076300000E+01 1.014000000E+00
1.230422000E+00 6.358660000E+01 3.105100000E+01 1.008000000E+00
1.248786000E+00 6.418870000E+01 3.061900000E+01 9.928000000E-01
1.304285000E+00 6.539540000E+01 2.932700000E+01 9.506000000E-01
1.359358000E+00 6.622320000E+01 2.811800000E+01 9.121000000E-01
1.380164000E+00 6.632500000E+01 2.768500000E+01 8.983000000E-01
1.385713000E+00 6.614000000E+01 2.757200000E+01 8.947000000E-01
1.394281000E+00 6.655560000E+01 2.792800000E+01 8.892000000E-01
1.414842000E+00 6.708380000E+01 2.752600000E+01 8.763000000E-01
1.490486000E+00 6.828410000E+01 2.600900000E+01 8.318000000E-01
1.593329000E+00 6.932110000E+01 2.400600000E+01 7.781000000E-01
1.703269000E+00 7.000830000E+01 2.217900000E+01 7.279000000E-01
1.820795000E+00 7.044470000E+01 2.051200000E+01 6.809000000E-01
1.946430000E+00 7.068110000E+01 1.899000000E+01 6.370000000E-01
2.080733000E+00 7.080770000E+01 1.760700000E+01 5.959000000E-01
2.224304000E+00 7.071750000E+01 1.634800000E+01 5.574000000E-01
2.377781000E+00 7.045330000E+01 1.520900000E+01 5.214000000E-01
2.541848000E+00 6.998550000E+01 1.417400000E+01 4.878000000E-01
2.717235000E+00 6.922840000E+01 1.323000000E+01 4.563000000E-01
2.904724000E+00 6.803380000E+01 1.234100000E+01 4.268000000E-01
3.105150000E+00 6.600650000E+01 1.128400000E+01 3.993000000E-01
3.319406000E+00 6.092740000E+01 1.018200000E+01 3.735000000E-01
3.372964000E+00 5.813060000E+01 9.938000000E+00 3.676000000E-01
3.424591000E+00 5.200060000E+01 9.712800000E+00 3.620000000E-01
3.438358000E+00 4.554800000E+01 9.654300000E+00 3.606000000E-01
3.459009000E+00 5.088810000E+01 2.170900000E+01 3.584000000E-01
3.510636000E+00 5.485310000E+01 2.210300000E+01 3.532000000E-01
3.538976000E+00 5.524030000E+01 2.233200000E+01 3.503000000E-01
3.548445000E+00 5.520740000E+01 2.241100000E+01 3.494000000E-01
3.593144000E+00 5.298240000E+01 2.279500000E+01 3.451000000E-01
3.607589000E+00 4.831090000E+01 2.292400000E+01 3.437000000E-01
3.629256000E+00 5.441100000E+01 3.316700000E+01 3.416000000E-01
3.683424000E+00 6.078850000E+01 3.266900000E+01 3.366000000E-01
3.793288000E+00 6.636470000E+01 3.144500000E+01 3.269000000E-01
4.055024000E+00 7.184840000E+01 2.813200000E+01 3.058000000E-01
4.090324000E+00 7.197970000E+01 2.767300000E+01 3.031000000E-01
4.152931000E+00 7.100260000E+01 2.686900000E+01 2.985000000E-01
4.169626000E+00 6.894240000E+01 2.665700000E+01 2.974000000E-01
4.194669000E+00 7.154010000E+01 3.083700000E+01 2.956000000E-01
4.257276000E+00 7.431480000E+01 3.001000000E+01 2.912000000E-01
4.334821000E+00 7.605160000E+01 2.902600000E+01 2.860000000E-01
4.633924000E+00 7.936940000E+01 2.582100000E+01 2.676000000E-01
4.900882000E+00 8.052410000E+01 2.354100000E+01 2.530000000E-01
4.953664000E+00 8.042720000E+01 2.313500000E+01 2.503000000E-01
4.975895000E+00 8.022840000E+01 2.296800000E+01 2.492000000E-01
4.995899000E+00 7.955840000E+01 2.282000000E+01 2.482000000E-01
5.025904000E+00 8.041560000E+01 2.407800000E+01 2.467000000E-01
5.100918000E+00 8.133880000E+01 2.354700000E+01 2.431000000E-01
5.259562000E+00 8.214800000E+01 2.250100000E+01 2.357000000E-01
5.295467000E+00 8.221460000E+01 2.227700000E+01 2.341000000E-01
5.340065000E+00 8.213580000E+01 2.200400000E+01 2.322000000E-01
5.361533000E+00 8.174270000E+01 2.187400000E+01 2.312000000E-01
5.393734000E+00 8.237720000E+01 2.264900000E+01 2.299000000E-01
5.474238000E+00 8.314250000E+01 2.217800000E+01 2.265000000E-01
5.660855000E+00 8.411120000E+01 2.115000000E+01 2.190000000E-01
6.051453000E+00 8.537790000E+01 1.925700000E+01 2.049000000E-01
6.469004000E+00 8.626220000E+01 1.754400000E+01 1.917000000E-01
6.915365000E+00 8.706980000E+01 1.596600000E+01 1.793000000E-01
7.392525000E+00 8.762510000E+01 1.446100000E+01 1.677000000E-01
7.902609000E+00 8.790550000E+01 1.310400000E+01 1.569000000E-01
8.447890000E+00 8.817980000E+01 1.189300000E+01 1.468000000E-01
9.030794000E+00 8.833350000E+01 1.076000000E+01 1.373000000E-01
9.653919000E+00 8.830890000E+01 9.629700000E+00 1.284000000E-01
1.032004000E+01 8.821750000E+01 8.625700000E+00 1.201000000E-01
1.103212000E+01 8.801770000E+01 7.726900000E+00 1.124000000E-01
1.179334000E+01 8.772270000E+01 6.928400000E+00 1.051000000E-01
1.260708000E+01 8.734510000E+01 6.222400000E+00 9.834000000E-02
1.347697000E+01 8.686120000E+01 5.596200000E+00 9.200000000E-02
1.440688000E+01 8.620280000E+01 5.036400000E+00 8.606000000E-02
1.540095000E+01 8.515990000E+01 4.532700000E+00 8.050000000E-02
1.639844000E+01 8.265120000E+01 4.101400000E+00 7.561000000E-02
1.646362000E+01 8.225830000E+01 4.075700000E+00 7.531000000E-02
1.664944000E+01 8.012100000E+01 4.004000000E+00 7.447000000E-02
1.671637000E+01 7.714100000E+01 3.978700000E+00 7.417000000E-02
1.681677000E+01 8.011590000E+01 9.777100000E+00 7.373000000E-02
1.706776000E+01 8.276100000E+01 9.547900000E+00 7.264000000E-02
1.759961000E+01 8.451780000E+01 9.090000000E+00 7.045000000E-02
1.881398000E+01 8.567560000E+01 8.118800000E+00 6.590000000E-02
1.990743000E+01 8.508290000E+01 7.365600000E+00 6.228000000E-02
2.011215000E+01 8.448010000E+01 7.236700000E+00 6.165000000E-02
2.021213000E+01 8.385300000E+01 7.175000000E+00 6.134000000E-02
2.029339000E+01 8.233940000E+01 7.125500000E+00 6.110000000E-02
2.041527000E+01 8.384670000E+01 1.002700000E+01 6.073000000E-02
2.068251000E+01 8.502220000E+01 9.818100000E+00 5.995000000E-02
2.071997000E+01 8.509330000E+01 9.789400000E+00 5.984000000E-02
2.099908000E+01 8.514120000E+01 9.580300000E+00 5.904000000E-02
2.108350000E+01 8.453980000E+01 9.518500000E+00 5.881000000E-02
2.121012000E+01 8.548920000E+01 1.090200000E+01 5.846000000E-02
2.149988000E+01 8.651350000E+01 1.068500000E+01 5.767000000E-02
2.152669000E+01 8.657720000E+01 1.066500000E+01 5.760000000E-02
2.298338000E+01 8.849900000E+01 9.651500000E+00 5.395000000E-02
2.456923000E+01 8.949460000E+01 8.703400000E+00 5.046000000E-02
2.626450000E+01 9.013800000E+01 7.851800000E+00 4.721000000E-02
2.807676000E+01 9.058870000E+01 7.043100000E+00 4.416000000E-02
3.001405000E+01 9.086760000E+01 6.305300000E+00 4.131000000E-02
3.208502000E+01 9.104390000E+01 5.649400000E+00 3.864000000E-02
3.429889000E+01 9.120970000E+01 5.060500000E+00 3.615000000E-02
3.666551000E+01 9.126050000E+01 4.528600000E+00 3.381000000E-02
3.919543000E+01 9.127300000E+01 4.056800000E+00 3.163000000E-02
4.189992000E+01 9.129680000E+01 3.633500000E+00 2.959000000E-02
4.479101000E+01 9.128660000E+01 3.242800000E+00 2.768000000E-02
4.788159000E+01 9.122960000E+01 2.895300000E+00 2.589000000E-02
5.118542000E+01 9.115910000E+01 2.586900000E+00 2.422000000E-02
5.471721000E+01 9.107940000E+01 2.313200000E+00 2.266000000E-02
5.849270000E+01 9.099330000E+01 2.070100000E+00 2.120000000E-02
6.252870000E+01 9.090200000E+01 1.853800000E+00 1.983000000E-02
6.684318000E+01 9.080600000E+01 1.661400000E+00 1.855000000E-02
7.145536000E+01 9.070490000E+01 1.490100000E+00 1.735000000E-02
7.638578000E+01 9.059630000E+01 1.335600000E+00 1.623000000E-02
8.165640000E+01 9.048210000E+01 1.194500000E+00 1.518000000E-02
8.729069000E+01 9.034010000E+01 1.063000000E+00 1.420000000E-02
9.331374000E+01 9.015680000E+01 9.445600000E-01 1.329000000E-02
9.975239000E+01 8.989200000E+01 8.381700000E-01 1.243000000E-02
1.066353000E+02 8.939430000E+01 7.442900000E-01 1.163000000E-02
1.103494000E+02 8.873930000E+01 7.004700000E-01 1.124000000E-02
1.120384000E+02 8.776370000E+01 6.819000000E-01 1.107000000E-02
1.124888000E+02 8.659750000E+01 6.770800000E-01 1.102000000E-02
1.131644000E+02 8.781210000E+01 2.964300000E+00 1.096000000E-02
1.139931000E+02 8.850110000E+01 2.931400000E+00 1.088000000E-02
1.148534000E+02 8.887360000E+01 2.897700000E+00 1.079000000E-02
1.218587000E+02 8.998530000E+01 2.644800000E+00 1.017000000E-02
1.302669000E+02 9.047190000E+01 2.384300000E+00 9.518000000E-03
1.392553000E+02 9.074810000E+01 2.147200000E+00 8.903000000E-03
1.488640000E+02 9.092480000E+01 1.933200000E+00 8.329000000E-03
1.591356000E+02 9.104380000E+01 1.740500000E+00 7.791000000E-03
1.701159000E+02 9.112480000E+01 1.565300000E+00 7.288000000E-03
1.818539000E+02 9.117890000E+01 1.407700000E+00 6.818000000E-03
1.944018000E+02 9.121400000E+01 1.266100000E+00 6.378000000E-03
2.078156000E+02 9.123550000E+01 1.138800000E+00 5.966000000E-03
2.221548000E+02 9.124700000E+01 1.024500000E+00 5.581000000E-03
2.374835000E+02 9.125080000E+01 9.219300000E-01 5.221000000E-03
2.538699000E+02 9.124970000E+01 8.304300000E-01 4.884000000E-03
2.713869000E+02 9.124500000E+01 7.481000000E-01 4.569000000E-03
2.901126000E+02 9.123770000E+01 6.740100000E-01 4.274000000E-03
3.101304000E+02 9.122860000E+01 6.073200000E-01 3.998000000E-03
3.315294000E+02 9.121810000E+01 5.473000000E-01 3.740000000E-03
3.544049000E+02 9.120690000E+01 4.932500000E-01 3.498000000E-03
3.788588000E+02 9.119530000E+01 4.445900000E-01 3.273000000E-03
4.050001000E+02 9.118350000E+01 4.007700000E-01 3.061000000E-03
4.329451000E+02 9.117170000E+01 3.613000000E-01 2.864000000E-03
