# Data retrieved from physics.nist.gov 03/01/2021
# Element, Pm  (Z = 61) 
# Atomic weight, g mol-1 = 145.0000 
# Nominal density, g cm-3 =  7.2000 
# Relativistic correction estimate f_rel(5CL),  e atom-1 =  -5.3340E-01 
# Nuclear Thomson correction f_NT, e atom-1 =  -1.4078E-02 
#    E [keV]      f1 [e atom-1]      f2 [e atom-1]    Wavelength [nm] 
1.069000000E-02 1.259740000E+01 2.424100000E-01 1.160000000E+02
1.142761000E-02 1.246130000E+01 2.724200000E-01 1.085000000E+02
1.221612000E-02 1.231260000E+01 3.063400000E-01 1.015000000E+02
1.305903000E-02 1.211060000E+01 3.447600000E-01 9.494000000E+01
1.396010000E-02 1.185730000E+01 3.883200000E-01 8.881000000E+01
1.492335000E-02 1.153120000E+01 4.377300000E-01 8.308000000E+01
1.595306000E-02 1.109430000E+01 4.937800000E-01 7.772000000E+01
1.705382000E-02 1.047390000E+01 5.571700000E-01 7.270000000E+01
1.823053000E-02 9.502540000E+00 6.285500000E-01 6.801000000E+01
1.948844000E-02 7.657980000E+00 7.087500000E-01 6.362000000E+01
2.067800000E-02 2.529090000E+00 7.880100000E-01 5.996000000E+01
2.083314000E-02 5.787090000E-01 7.985800000E-01 5.951000000E+01
2.099450000E-02 -3.556990000E+00 8.096300000E-01 5.906000000E+01
2.107890000E-02 -1.105460000E+01 8.154300000E-01 5.882000000E+01
2.120550000E-02 -2.967240000E+00 1.569100000E+01 5.847000000E+01
2.152200000E-02 4.184860000E+00 1.513400000E+01 5.761000000E+01
2.227063000E-02 9.695950000E+00 1.393600000E+01 5.567000000E+01
2.380730000E-02 1.412470000E+01 1.189800000E+01 5.208000000E+01
2.545001000E-02 1.627880000E+01 1.008200000E+01 4.872000000E+01
2.720606000E-02 1.739870000E+01 8.518300000E+00 4.557000000E+01
2.908327000E-02 1.793370000E+01 7.240600000E+00 4.263000000E+01
3.109002000E-02 1.812500000E+01 6.240500000E+00 3.988000000E+01
3.323523000E-02 1.811880000E+01 5.488700000E+00 3.731000000E+01
3.552846000E-02 1.800530000E+01 4.948100000E+00 3.490000000E+01
3.675000000E-02 1.792300000E+01 4.743000000E+00 3.374000000E+01
3.731250000E-02 1.787680000E+01 4.664200000E+00 3.323000000E+01
3.746250000E-02 1.785590000E+01 4.644700000E+00 3.310000000E+01
3.768750000E-02 1.785150000E+01 4.638100000E+00 3.290000000E+01
3.797993000E-02 1.783830000E+01 4.604100000E+00 3.264000000E+01
3.825000000E-02 1.782350000E+01 4.574700000E+00 3.241000000E+01
4.060054000E-02 1.768420000E+01 4.385600000E+00 3.054000000E+01
4.340198000E-02 1.753580000E+01 4.282000000E+00 2.857000000E+01
4.639671000E-02 1.741200000E+01 4.270000000E+00 2.672000000E+01
4.959809000E-02 1.732140000E+01 4.331300000E+00 2.500000000E+01
5.302035000E-02 1.726870000E+01 4.451400000E+00 2.338000000E+01
5.667876000E-02 1.725690000E+01 4.618600000E+00 2.187000000E+01
6.058959000E-02 1.728870000E+01 4.823900000E+00 2.046000000E+01
6.477028000E-02 1.738070000E+01 5.059800000E+00 1.914000000E+01
6.923942000E-02 1.751000000E+01 5.320700000E+00 1.791000000E+01
7.401695000E-02 1.769900000E+01 5.601300000E+00 1.675000000E+01
7.912411000E-02 1.792510000E+01 5.695200000E+00 1.567000000E+01
8.458368000E-02 1.808610000E+01 5.715000000E+00 1.466000000E+01
9.041995000E-02 1.815210000E+01 5.713100000E+00 1.371000000E+01
9.665893000E-02 1.806260000E+01 5.688000000E+00 1.283000000E+01
1.000000000E-01 2.104260000E+01 5.666100000E+00 1.240000000E+01
1.005000000E-01 2.101300000E+01 5.662400000E+00 1.234000000E+01
1.010025000E-01 2.098080000E+01 5.658500000E+00 1.228000000E+01
1.015075100E-01 2.094590000E+01 5.654500000E+00 1.221000000E+01
1.020150500E-01 2.090810000E+01 5.650300000E+00 1.215000000E+01
1.025251300E-01 2.086710000E+01 5.646100000E+00 1.209000000E+01
1.030377500E-01 2.082260000E+01 5.641700000E+00 1.203000000E+01
1.035529400E-01 2.077450000E+01 5.637100000E+00 1.197000000E+01
1.040707000E-01 2.072230000E+01 5.632400000E+00 1.191000000E+01
1.045910600E-01 2.066590000E+01 5.627600000E+00 1.185000000E+01
1.051140100E-01 2.060470000E+01 5.622700000E+00 1.180000000E+01
1.056395800E-01 2.053840000E+01 5.617600000E+00 1.174000000E+01
1.061677800E-01 2.046640000E+01 5.612400000E+00 1.168000000E+01
1.066986200E-01 2.038820000E+01 5.607100000E+00 1.162000000E+01
1.072321100E-01 2.030330000E+01 5.601600000E+00 1.156000000E+01
1.077682700E-01 2.021070000E+01 5.596000000E+00 1.150000000E+01
1.083071200E-01 2.010980000E+01 5.590300000E+00 1.145000000E+01
1.088486500E-01 1.999960000E+01 5.584400000E+00 1.139000000E+01
1.093928900E-01 1.987880000E+01 5.578400000E+00 1.133000000E+01
1.099398600E-01 1.974610000E+01 5.572300000E+00 1.128000000E+01
1.104895600E-01 1.960000000E+01 5.566100000E+00 1.122000000E+01
1.110420100E-01 1.943860000E+01 5.559700000E+00 1.117000000E+01
1.115972200E-01 1.925940000E+01 5.553200000E+00 1.111000000E+01
1.121552000E-01 1.905970000E+01 5.546500000E+00 1.105000000E+01
1.127159800E-01 1.883640000E+01 5.539800000E+00 1.100000000E+01
1.132795600E-01 1.858400000E+01 5.532900000E+00 1.094000000E+01
1.138459600E-01 1.829730000E+01 5.525900000E+00 1.089000000E+01
1.144151900E-01 1.796890000E+01 5.518700000E+00 1.084000000E+01
1.149872600E-01 1.758880000E+01 5.511400000E+00 1.078000000E+01
1.155622000E-01 1.714330000E+01 5.504100000E+00 1.073000000E+01
1.161400100E-01 1.661300000E+01 5.496500000E+00 1.068000000E+01
1.167207100E-01 1.596900000E+01 5.488900000E+00 1.062000000E+01
1.173043100E-01 1.516620000E+01 5.481100000E+00 1.057000000E+01
1.178908300E-01 1.412870000E+01 5.473200000E+00 1.052000000E+01
1.184802900E-01 1.271490000E+01 5.465200000E+00 1.046000000E+01
1.190726900E-01 1.061440000E+01 5.457100000E+00 1.041000000E+01
1.196680500E-01 6.909860000E+00 5.448800000E+00 1.036000000E+01
1.202663900E-01 -5.151340000E+00 5.440500000E+00 1.031000000E+01
1.203857900E-01 -2.258410000E+01 5.438800000E+00 1.030000000E+01
1.204142000E-01 -2.243620000E+01 3.045000000E+01 1.030000000E+01
1.208677200E-01 6.710610000E+00 2.919200000E+01 1.026000000E+01
1.214720600E-01 1.421830000E+01 2.762000000E+01 1.021000000E+01
1.220794200E-01 1.831920000E+01 2.615100000E+01 1.016000000E+01
1.226898200E-01 2.108480000E+01 2.477700000E+01 1.011000000E+01
1.233032700E-01 2.311020000E+01 2.349300000E+01 1.006000000E+01
1.239197900E-01 2.465800000E+01 2.229300000E+01 1.001000000E+01
1.245393900E-01 2.587000000E+01 2.117200000E+01 9.955000000E+00
1.251620800E-01 2.683290000E+01 2.012300000E+01 9.906000000E+00
1.257878900E-01 2.760410000E+01 1.914300000E+01 9.857000000E+00
1.264168300E-01 2.822370000E+01 1.822600000E+01 9.808000000E+00
1.270489200E-01 2.872120000E+01 1.736900000E+01 9.759000000E+00
1.276841600E-01 2.911880000E+01 1.656800000E+01 9.710000000E+00
1.283225800E-01 2.943390000E+01 1.581800000E+01 9.662000000E+00
1.289641900E-01 2.968000000E+01 1.511800000E+01 9.614000000E+00
1.296090200E-01 2.986800000E+01 1.446200000E+01 9.566000000E+00
1.302570600E-01 3.000660000E+01 1.384900000E+01 9.518000000E+00
1.309083500E-01 3.010290000E+01 1.327600000E+01 9.471000000E+00
1.315628900E-01 3.016270000E+01 1.273900000E+01 9.424000000E+00
1.322207000E-01 3.019030000E+01 1.223700000E+01 9.377000000E+00
1.328818100E-01 3.018880000E+01 1.176900000E+01 9.330000000E+00
1.335462100E-01 3.016330000E+01 1.133900000E+01 9.284000000E+00
1.342139500E-01 3.012060000E+01 1.094600000E+01 9.238000000E+00
1.348850200E-01 3.006530000E+01 1.058600000E+01 9.192000000E+00
1.355594400E-01 3.000090000E+01 1.025500000E+01 9.146000000E+00
1.362372400E-01 2.993010000E+01 9.950100000E+00 9.101000000E+00
1.369184200E-01 2.985480000E+01 9.669600000E+00 9.055000000E+00
1.376030200E-01 2.977640000E+01 9.410700000E+00 9.010000000E+00
1.382910300E-01 2.969630000E+01 9.171500000E+00 8.965000000E+00
1.389824900E-01 2.961530000E+01 8.950000000E+00 8.921000000E+00
1.396774000E-01 2.953410000E+01 8.744800000E+00 8.876000000E+00
1.403757900E-01 2.945330000E+01 8.554200000E+00 8.832000000E+00
1.410776600E-01 2.937340000E+01 8.377000000E+00 8.788000000E+00
1.417830500E-01 2.929470000E+01 8.212100000E+00 8.745000000E+00
1.424919700E-01 2.921750000E+01 8.058300000E+00 8.701000000E+00
1.432044300E-01 2.914190000E+01 7.914700000E+00 8.658000000E+00
1.439204500E-01 2.906810000E+01 7.780400000E+00 8.615000000E+00
1.446400500E-01 2.899620000E+01 7.654700000E+00 8.572000000E+00
1.453632500E-01 2.892620000E+01 7.536800000E+00 8.529000000E+00
1.460900700E-01 2.885820000E+01 7.426100000E+00 8.487000000E+00
1.468205200E-01 2.879230000E+01 7.322100000E+00 8.445000000E+00
1.475546200E-01 2.872830000E+01 7.224200000E+00 8.403000000E+00
1.482923900E-01 2.866630000E+01 7.131900000E+00 8.361000000E+00
1.490338600E-01 2.860630000E+01 7.044800000E+00 8.319000000E+00
1.497790300E-01 2.854820000E+01 6.962500000E+00 8.278000000E+00
1.505279200E-01 2.849200000E+01 6.884600000E+00 8.237000000E+00
1.512805600E-01 2.843760000E+01 6.810900000E+00 8.196000000E+00
1.520369600E-01 2.838490000E+01 6.740900000E+00 8.155000000E+00
1.527971500E-01 2.833400000E+01 6.674500000E+00 8.114000000E+00
1.535611300E-01 2.828470000E+01 6.611400000E+00 8.074000000E+00
1.543289400E-01 2.823700000E+01 6.551400000E+00 8.034000000E+00
1.551005800E-01 2.819090000E+01 6.494200000E+00 7.994000000E+00
1.558760900E-01 2.814620000E+01 6.439700000E+00 7.954000000E+00
1.566554700E-01 2.810290000E+01 6.387600000E+00 7.914000000E+00
1.574387500E-01 2.806100000E+01 6.337900000E+00 7.875000000E+00
1.582259400E-01 2.802040000E+01 6.290300000E+00 7.836000000E+00
1.590170700E-01 2.798100000E+01 6.244700000E+00 7.797000000E+00
1.598121500E-01 2.794280000E+01 6.201100000E+00 7.758000000E+00
1.606112100E-01 2.790570000E+01 6.159200000E+00 7.720000000E+00
1.614142700E-01 2.786970000E+01 6.119000000E+00 7.681000000E+00
1.622213400E-01 2.783480000E+01 6.080400000E+00 7.643000000E+00
1.630324500E-01 2.780080000E+01 6.043200000E+00 7.605000000E+00
1.638476100E-01 2.776770000E+01 6.007500000E+00 7.567000000E+00
1.646668500E-01 2.773560000E+01 5.973100000E+00 7.529000000E+00
1.654901800E-01 2.770420000E+01 5.939900000E+00 7.492000000E+00
1.663176300E-01 2.767370000E+01 5.907900000E+00 7.455000000E+00
1.671492200E-01 2.764390000E+01 5.877000000E+00 7.418000000E+00
1.679849700E-01 2.761480000E+01 5.847200000E+00 7.381000000E+00
1.688248900E-01 2.758640000E+01 5.818300000E+00 7.344000000E+00
1.696690200E-01 2.755870000E+01 5.790500000E+00 7.307000000E+00
1.705173600E-01 2.753150000E+01 5.763500000E+00 7.271000000E+00
1.713699500E-01 2.750490000E+01 5.737400000E+00 7.235000000E+00
1.722268000E-01 2.747880000E+01 5.712100000E+00 7.199000000E+00
1.730879300E-01 2.745330000E+01 5.687700000E+00 7.163000000E+00
1.739533700E-01 2.742810000E+01 5.663900000E+00 7.127000000E+00
1.748231400E-01 2.740350000E+01 5.640900000E+00 7.092000000E+00
1.756972600E-01 2.737920000E+01 5.618600000E+00 7.057000000E+00
1.765757400E-01 2.735530000E+01 5.596900000E+00 7.022000000E+00
1.774586200E-01 2.733170000E+01 5.575900000E+00 6.987000000E+00
1.783459100E-01 2.730850000E+01 5.555500000E+00 6.952000000E+00
1.792376400E-01 2.728560000E+01 5.535700000E+00 6.917000000E+00
1.801338300E-01 2.726290000E+01 5.516500000E+00 6.883000000E+00
1.810345000E-01 2.724050000E+01 5.497800000E+00 6.849000000E+00
1.819396700E-01 2.721830000E+01 5.479600000E+00 6.815000000E+00
1.828493700E-01 2.719630000E+01 5.462000000E+00 6.781000000E+00
1.837636200E-01 2.717440000E+01 5.444900000E+00 6.747000000E+00
1.846824400E-01 2.715270000E+01 5.428200000E+00 6.713000000E+00
1.856058500E-01 2.713110000E+01 5.412100000E+00 6.680000000E+00
1.865338800E-01 2.710970000E+01 5.396300000E+00 6.647000000E+00
1.874665500E-01 2.708830000E+01 5.381100000E+00 6.614000000E+00
1.884038800E-01 2.706690000E+01 5.366300000E+00 6.581000000E+00
1.893459000E-01 2.704570000E+01 5.351900000E+00 6.548000000E+00
1.902926300E-01 2.702440000E+01 5.337900000E+00 6.515000000E+00
1.912440900E-01 2.700310000E+01 5.324400000E+00 6.483000000E+00
1.922003100E-01 2.698180000E+01 5.311200000E+00 6.451000000E+00
1.931613100E-01 2.696040000E+01 5.298500000E+00 6.419000000E+00
1.941271200E-01 2.693900000E+01 5.286100000E+00 6.387000000E+00
1.950977600E-01 2.691740000E+01 5.274100000E+00 6.355000000E+00
1.960732500E-01 2.689580000E+01 5.262600000E+00 6.323000000E+00
1.970536100E-01 2.687400000E+01 5.251300000E+00 6.292000000E+00
1.980388800E-01 2.685200000E+01 5.240500000E+00 6.261000000E+00
1.990290700E-01 2.682990000E+01 5.230000000E+00 6.229000000E+00
2.000242200E-01 2.680750000E+01 5.219900000E+00 6.198000000E+00
2.010243400E-01 2.678490000E+01 5.210100000E+00 6.168000000E+00
2.020294600E-01 2.676200000E+01 5.200700000E+00 6.137000000E+00
2.030396100E-01 2.673880000E+01 5.191700000E+00 6.106000000E+00
2.040548100E-01 2.671530000E+01 5.183000000E+00 6.076000000E+00
2.050750800E-01 2.669140000E+01 5.174600000E+00 6.046000000E+00
2.061004600E-01 2.666710000E+01 5.166600000E+00 6.016000000E+00
2.071309600E-01 2.664230000E+01 5.159000000E+00 5.986000000E+00
2.081666100E-01 2.661710000E+01 5.151700000E+00 5.956000000E+00
2.092074500E-01 2.659130000E+01 5.144700000E+00 5.926000000E+00
2.102534800E-01 2.656490000E+01 5.138000000E+00 5.897000000E+00
2.113047500E-01 2.653780000E+01 5.131800000E+00 5.868000000E+00
2.123612800E-01 2.651010000E+01 5.125800000E+00 5.838000000E+00
2.134230800E-01 2.648150000E+01 5.120200000E+00 5.809000000E+00
2.144902000E-01 2.645210000E+01 5.114900000E+00 5.780000000E+00
2.155626500E-01 2.642170000E+01 5.109900000E+00 5.752000000E+00
2.166404600E-01 2.639010000E+01 5.105300000E+00 5.723000000E+00
2.177236600E-01 2.635740000E+01 5.101000000E+00 5.695000000E+00
2.188122800E-01 2.632330000E+01 5.097100000E+00 5.666000000E+00
2.199063400E-01 2.628760000E+01 5.093500000E+00 5.638000000E+00
2.210058800E-01 2.625010000E+01 5.090200000E+00 5.610000000E+00
2.221109000E-01 2.621060000E+01 5.087300000E+00 5.582000000E+00
2.232214600E-01 2.616860000E+01 5.084700000E+00 5.554000000E+00
2.243375700E-01 2.612380000E+01 5.082400000E+00 5.527000000E+00
2.254592500E-01 2.607560000E+01 5.080400000E+00 5.499000000E+00
2.265865500E-01 2.602310000E+01 5.078800000E+00 5.472000000E+00
2.277194800E-01 2.596550000E+01 5.077600000E+00 5.445000000E+00
2.288580800E-01 2.590100000E+01 5.076600000E+00 5.418000000E+00
2.300023700E-01 2.582740000E+01 5.076000000E+00 5.391000000E+00
2.311523800E-01 2.574070000E+01 5.075800000E+00 5.364000000E+00
2.323081400E-01 2.563410000E+01 5.075900000E+00 5.337000000E+00
2.334696900E-01 2.549220000E+01 5.076300000E+00 5.311000000E+00
2.346370300E-01 2.527030000E+01 5.077000000E+00 5.284000000E+00
2.358102200E-01 2.460340000E+01 5.078100000E+00 5.258000000E+00
2.358586400E-01 2.450600000E+01 5.078100000E+00 5.257000000E+00
2.361413700E-01 2.450050000E+01 6.108300000E+00 5.250000000E+00
2.369892700E-01 2.512250000E+01 6.112300000E+00 5.232000000E+00
2.381742200E-01 2.535990000E+01 6.118100000E+00 5.206000000E+00
2.393650900E-01 2.548260000E+01 6.124200000E+00 5.180000000E+00
2.405619100E-01 2.556170000E+01 6.130700000E+00 5.154000000E+00
2.417647200E-01 2.561730000E+01 6.137500000E+00 5.128000000E+00
2.429735500E-01 2.565790000E+01 6.144700000E+00 5.103000000E+00
2.441884100E-01 2.568770000E+01 6.152300000E+00 5.077000000E+00
2.454093600E-01 2.570910000E+01 6.160200000E+00 5.052000000E+00
2.466364000E-01 2.572330000E+01 6.168400000E+00 5.027000000E+00
2.478695900E-01 2.573070000E+01 6.177000000E+00 5.002000000E+00
2.491089300E-01 2.573090000E+01 6.186000000E+00 4.977000000E+00
2.503544800E-01 2.572230000E+01 6.195200000E+00 4.952000000E+00
2.516062500E-01 2.570070000E+01 6.204900000E+00 4.928000000E+00
2.528642800E-01 2.565320000E+01 6.214900000E+00 4.903000000E+00
2.541286000E-01 2.548440000E+01 6.225200000E+00 4.879000000E+00
2.542328700E-01 2.543450000E+01 6.226000000E+00 4.877000000E+00
2.545671600E-01 2.543750000E+01 6.559000000E+00 4.870000000E+00
2.553992500E-01 2.563290000E+01 6.567000000E+00 4.855000000E+00
2.566762400E-01 2.573060000E+01 6.579600000E+00 4.830000000E+00
2.579596200E-01 2.578820000E+01 6.592500000E+00 4.806000000E+00
2.592494200E-01 2.583070000E+01 6.605700000E+00 4.782000000E+00
2.605456700E-01 2.586490000E+01 6.619300000E+00 4.759000000E+00
2.618484000E-01 2.589400000E+01 6.633200000E+00 4.735000000E+00
2.631576400E-01 2.591950000E+01 6.647400000E+00 4.711000000E+00
2.644734300E-01 2.594220000E+01 6.661900000E+00 4.688000000E+00
2.657957900E-01 2.596280000E+01 6.676700000E+00 4.665000000E+00
2.671247700E-01 2.598170000E+01 6.691900000E+00 4.641000000E+00
2.684604000E-01 2.599920000E+01 6.707300000E+00 4.618000000E+00
2.698027000E-01 2.601560000E+01 6.723000000E+00 4.595000000E+00
2.711517100E-01 2.603100000E+01 6.739000000E+00 4.573000000E+00
2.725074700E-01 2.604550000E+01 6.755200000E+00 4.550000000E+00
2.738700100E-01 2.605930000E+01 6.771800000E+00 4.527000000E+00
2.752393600E-01 2.607250000E+01 6.788600000E+00 4.505000000E+00
2.766155600E-01 2.608510000E+01 6.805700000E+00 4.482000000E+00
2.779986300E-01 2.609720000E+01 6.823100000E+00 4.460000000E+00
2.793886300E-01 2.610890000E+01 6.840800000E+00 4.438000000E+00
2.807855700E-01 2.612020000E+01 6.858700000E+00 4.416000000E+00
2.821895000E-01 2.613110000E+01 6.876900000E+00 4.394000000E+00
2.836004400E-01 2.614170000E+01 6.895300000E+00 4.372000000E+00
2.850184500E-01 2.615200000E+01 6.913900000E+00 4.350000000E+00
2.864435400E-01 2.616200000E+01 6.932800000E+00 4.328000000E+00
2.878757600E-01 2.617180000E+01 6.952000000E+00 4.307000000E+00
2.893151400E-01 2.618130000E+01 6.971400000E+00 4.285000000E+00
2.907617100E-01 2.619060000E+01 6.990900000E+00 4.264000000E+00
2.922155200E-01 2.619960000E+01 7.010800000E+00 4.243000000E+00
2.936766000E-01 2.620840000E+01 7.030800000E+00 4.222000000E+00
2.951449800E-01 2.621690000E+01 7.051000000E+00 4.201000000E+00
2.966207100E-01 2.622520000E+01 7.071500000E+00 4.180000000E+00
2.981038100E-01 2.623330000E+01 7.092100000E+00 4.159000000E+00
2.995943300E-01 2.624100000E+01 7.112900000E+00 4.138000000E+00
3.010923000E-01 2.624840000E+01 7.133900000E+00 4.118000000E+00
3.025977600E-01 2.625550000E+01 7.155100000E+00 4.097000000E+00
3.041107500E-01 2.626220000E+01 7.176400000E+00 4.077000000E+00
3.056313000E-01 2.626850000E+01 7.197900000E+00 4.057000000E+00
3.071594600E-01 2.627420000E+01 7.219500000E+00 4.036000000E+00
3.086952600E-01 2.627930000E+01 7.241300000E+00 4.016000000E+00
3.102387300E-01 2.628370000E+01 7.263300000E+00 3.996000000E+00
3.117899300E-01 2.628730000E+01 7.285300000E+00 3.977000000E+00
3.133488800E-01 2.628980000E+01 7.307500000E+00 3.957000000E+00
3.149156200E-01 2.629100000E+01 7.329800000E+00 3.937000000E+00
3.164902000E-01 2.629070000E+01 7.352300000E+00 3.917000000E+00
3.180726500E-01 2.628830000E+01 7.374800000E+00 3.898000000E+00
3.196630100E-01 2.628320000E+01 7.397400000E+00 3.879000000E+00
3.212613300E-01 2.627450000E+01 7.420100000E+00 3.859000000E+00
3.228676400E-01 2.626060000E+01 7.442900000E+00 3.840000000E+00
3.244819700E-01 2.623900000E+01 7.465700000E+00 3.821000000E+00
3.261043800E-01 2.620440000E+01 7.488600000E+00 3.802000000E+00
3.277349100E-01 2.614380000E+01 7.511600000E+00 3.783000000E+00
3.293735800E-01 2.600400000E+01 7.534600000E+00 3.764000000E+00
3.300563700E-01 2.582980000E+01 7.544100000E+00 3.756000000E+00
3.307436100E-01 2.583760000E+01 8.076200000E+00 3.749000000E+00
3.310204500E-01 2.593900000E+01 8.080200000E+00 3.746000000E+00
3.326755500E-01 2.617430000E+01 8.104400000E+00 3.727000000E+00
3.343389300E-01 2.628550000E+01 8.128600000E+00 3.708000000E+00
3.360106200E-01 2.636460000E+01 8.152800000E+00 3.690000000E+00
3.376906800E-01 2.642900000E+01 8.177000000E+00 3.672000000E+00
3.393791300E-01 2.648480000E+01 8.201300000E+00 3.653000000E+00
3.410760200E-01 2.653510000E+01 8.225400000E+00 3.635000000E+00
3.427814000E-01 2.658170000E+01 8.249600000E+00 3.617000000E+00
3.444953100E-01 2.662550000E+01 8.273800000E+00 3.599000000E+00
3.462177900E-01 2.666730000E+01 8.297900000E+00 3.581000000E+00
3.479488800E-01 2.670750000E+01 8.321900000E+00 3.563000000E+00
3.496886200E-01 2.674660000E+01 8.345900000E+00 3.546000000E+00
3.514370600E-01 2.678470000E+01 8.369800000E+00 3.528000000E+00
3.531942500E-01 2.682200000E+01 8.393700000E+00 3.510000000E+00
3.549602200E-01 2.685880000E+01 8.417400000E+00 3.493000000E+00
3.567350200E-01 2.689510000E+01 8.441100000E+00 3.476000000E+00
3.585187000E-01 2.693110000E+01 8.464700000E+00 3.458000000E+00
3.603112900E-01 2.696670000E+01 8.488100000E+00 3.441000000E+00
3.621128500E-01 2.700450000E+01 8.511500000E+00 3.424000000E+00
3.639234100E-01 2.703980000E+01 8.534700000E+00 3.407000000E+00
3.657430300E-01 2.707500000E+01 8.557800000E+00 3.390000000E+00
3.675717400E-01 2.711020000E+01 8.580700000E+00 3.373000000E+00
3.694096000E-01 2.714530000E+01 8.603400000E+00 3.356000000E+00
3.712566500E-01 2.718040000E+01 8.625900000E+00 3.340000000E+00
3.731129300E-01 2.721550000E+01 8.648300000E+00 3.323000000E+00
3.749785000E-01 2.725060000E+01 8.670400000E+00 3.306000000E+00
3.768533900E-01 2.728580000E+01 8.692400000E+00 3.290000000E+00
3.787376600E-01 2.732100000E+01 8.714100000E+00 3.274000000E+00
3.806313500E-01 2.735630000E+01 8.735600000E+00 3.257000000E+00
3.825345000E-01 2.739160000E+01 8.756800000E+00 3.241000000E+00
3.844471800E-01 2.742710000E+01 8.777900000E+00 3.225000000E+00
3.863694100E-01 2.746260000E+01 8.798600000E+00 3.209000000E+00
3.883012600E-01 2.749820000E+01 8.819200000E+00 3.193000000E+00
3.902427600E-01 2.753400000E+01 8.839400000E+00 3.177000000E+00
3.921939800E-01 2.756980000E+01 8.859400000E+00 3.161000000E+00
3.941549500E-01 2.760570000E+01 8.879100000E+00 3.146000000E+00
3.961257200E-01 2.764170000E+01 8.898600000E+00 3.130000000E+00
3.981063500E-01 2.767780000E+01 8.917600000E+00 3.114000000E+00
4.000968800E-01 2.771410000E+01 8.936300000E+00 3.099000000E+00
4.020973700E-01 2.775040000E+01 8.954800000E+00 3.083000000E+00
4.041078500E-01 2.778680000E+01 8.972900000E+00 3.068000000E+00
4.061283900E-01 2.782330000E+01 8.990700000E+00 3.053000000E+00
4.081590400E-01 2.785990000E+01 9.008200000E+00 3.038000000E+00
4.101998300E-01 2.789660000E+01 9.025400000E+00 3.023000000E+00
4.122508300E-01 2.793340000E+01 9.042200000E+00 3.007000000E+00
4.143120800E-01 2.797020000E+01 9.058700000E+00 2.993000000E+00
4.163836400E-01 2.800710000E+01 9.074800000E+00 2.978000000E+00
4.184655600E-01 2.804410000E+01 9.090600000E+00 2.963000000E+00
4.205578900E-01 2.808110000E+01 9.106100000E+00 2.948000000E+00
4.226606800E-01 2.811820000E+01 9.121100000E+00 2.933000000E+00
4.247739800E-01 2.815540000E+01 9.135800000E+00 2.919000000E+00
4.268978500E-01 2.819260000E+01 9.150100000E+00 2.904000000E+00
4.290323400E-01 2.822980000E+01 9.164100000E+00 2.890000000E+00
4.311775000E-01 2.826710000E+01 9.177700000E+00 2.875000000E+00
4.333333900E-01 2.830440000E+01 9.190900000E+00 2.861000000E+00
4.355000600E-01 2.834170000E+01 9.203700000E+00 2.847000000E+00
4.376775600E-01 2.837900000E+01 9.216100000E+00 2.833000000E+00
4.398659500E-01 2.841630000E+01 9.228100000E+00 2.819000000E+00
4.420652800E-01 2.845360000E+01 9.239700000E+00 2.805000000E+00
4.442756000E-01 2.849090000E+01 9.250900000E+00 2.791000000E+00
4.464969800E-01 2.852820000E+01 9.261700000E+00 2.777000000E+00
4.487294700E-01 2.856540000E+01 9.272100000E+00 2.763000000E+00
4.509731100E-01 2.860270000E+01 9.282100000E+00 2.749000000E+00
4.532279800E-01 2.863980000E+01 9.291600000E+00 2.736000000E+00
4.554941200E-01 2.867690000E+01 9.300800000E+00 2.722000000E+00
4.577715900E-01 2.871400000E+01 9.309500000E+00 2.708000000E+00
4.600604500E-01 2.875090000E+01 9.317800000E+00 2.695000000E+00
4.623607500E-01 2.878780000E+01 9.325700000E+00 2.682000000E+00
4.646725500E-01 2.882460000E+01 9.333100000E+00 2.668000000E+00
4.669959200E-01 2.886130000E+01 9.340100000E+00 2.655000000E+00
4.693309000E-01 2.889790000E+01 9.346700000E+00 2.642000000E+00
4.716775500E-01 2.893440000E+01 9.352900000E+00 2.629000000E+00
4.740359400E-01 2.897080000E+01 9.358600000E+00 2.616000000E+00
4.764061200E-01 2.900700000E+01 9.363900000E+00 2.602000000E+00
4.787881500E-01 2.904310000E+01 9.368800000E+00 2.590000000E+00
4.811820900E-01 2.907900000E+01 9.373200000E+00 2.577000000E+00
4.835880000E-01 2.911480000E+01 9.377200000E+00 2.564000000E+00
4.860059400E-01 2.915040000E+01 9.380600000E+00 2.551000000E+00
4.884359700E-01 2.918580000E+01 9.383500000E+00 2.538000000E+00
4.908781500E-01 2.922110000E+01 9.385900000E+00 2.526000000E+00
4.933325400E-01 2.925600000E+01 9.387800000E+00 2.513000000E+00
4.957992000E-01 2.929080000E+01 9.389200000E+00 2.501000000E+00
4.982782000E-01 2.932530000E+01 9.390000000E+00 2.488000000E+00
5.007695900E-01 2.935950000E+01 9.390300000E+00 2.476000000E+00
5.032734400E-01 2.939340000E+01 9.390100000E+00 2.464000000E+00
5.057898000E-01 2.942700000E+01 9.389500000E+00 2.451000000E+00
5.083187500E-01 2.946020000E+01 9.388300000E+00 2.439000000E+00
5.108603500E-01 2.949310000E+01 9.386600000E+00 2.427000000E+00
5.134146500E-01 2.952570000E+01 9.384400000E+00 2.415000000E+00
5.159817200E-01 2.955790000E+01 9.381800000E+00 2.403000000E+00
5.185616300E-01 2.958970000E+01 9.378600000E+00 2.391000000E+00
5.211544400E-01 2.962110000E+01 9.375000000E+00 2.379000000E+00
5.237602100E-01 2.965210000E+01 9.370900000E+00 2.367000000E+00
5.263790100E-01 2.968270000E+01 9.366300000E+00 2.355000000E+00
5.290109100E-01 2.971280000E+01 9.361200000E+00 2.344000000E+00
5.316559600E-01 2.974240000E+01 9.355700000E+00 2.332000000E+00
5.343142400E-01 2.977160000E+01 9.349800000E+00 2.320000000E+00
5.369858100E-01 2.980030000E+01 9.343300000E+00 2.309000000E+00
5.396707400E-01 2.982850000E+01 9.336500000E+00 2.297000000E+00
5.423691000E-01 2.985610000E+01 9.329100000E+00 2.286000000E+00
5.450809400E-01 2.988330000E+01 9.321400000E+00 2.275000000E+00
5.478063500E-01 2.990990000E+01 9.313200000E+00 2.263000000E+00
5.505453800E-01 2.993590000E+01 9.304600000E+00 2.252000000E+00
5.532981000E-01 2.996130000E+01 9.295500000E+00 2.241000000E+00
5.560646000E-01 2.998620000E+01 9.286100000E+00 2.230000000E+00
5.588449200E-01 3.001050000E+01 9.276200000E+00 2.219000000E+00
5.616391400E-01 3.003410000E+01 9.266000000E+00 2.208000000E+00
5.644473400E-01 3.005710000E+01 9.255300000E+00 2.197000000E+00
5.672695800E-01 3.007950000E+01 9.244200000E+00 2.186000000E+00
5.701059200E-01 3.010120000E+01 9.232800000E+00 2.175000000E+00
5.729564500E-01 3.012220000E+01 9.221000000E+00 2.164000000E+00
5.758212300E-01 3.014260000E+01 9.208800000E+00 2.153000000E+00
5.787003400E-01 3.016220000E+01 9.196200000E+00 2.142000000E+00
5.815938400E-01 3.018120000E+01 9.183300000E+00 2.132000000E+00
5.845018100E-01 3.019940000E+01 9.170000000E+00 2.121000000E+00
5.874243200E-01 3.021680000E+01 9.156300000E+00 2.111000000E+00
5.903614400E-01 3.023350000E+01 9.142300000E+00 2.100000000E+00
5.933132500E-01 3.024950000E+01 9.128000000E+00 2.090000000E+00
5.962798200E-01 3.026460000E+01 9.113400000E+00 2.079000000E+00
5.992612200E-01 3.027890000E+01 9.098400000E+00 2.069000000E+00
6.022575200E-01 3.029240000E+01 9.083100000E+00 2.059000000E+00
6.052688100E-01 3.030510000E+01 9.067400000E+00 2.048000000E+00
6.082951500E-01 3.031700000E+01 9.051500000E+00 2.038000000E+00
6.113366300E-01 3.032790000E+01 9.035300000E+00 2.028000000E+00
6.143933100E-01 3.033800000E+01 9.018700000E+00 2.018000000E+00
6.174652800E-01 3.034720000E+01 9.001900000E+00 2.008000000E+00
6.205526000E-01 3.035550000E+01 8.984800000E+00 1.998000000E+00
6.236553700E-01 3.036280000E+01 8.967400000E+00 1.988000000E+00
6.267736400E-01 3.036920000E+01 8.949800000E+00 1.978000000E+00
6.299075100E-01 3.037460000E+01 8.931800000E+00 1.968000000E+00
6.330570500E-01 3.037900000E+01 8.913700000E+00 1.959000000E+00
6.362223400E-01 3.038250000E+01 8.895200000E+00 1.949000000E+00
6.394034500E-01 3.038490000E+01 8.876500000E+00 1.939000000E+00
6.426004600E-01 3.038620000E+01 8.857600000E+00 1.929000000E+00
6.458134700E-01 3.038650000E+01 8.838400000E+00 1.920000000E+00
6.490425300E-01 3.038570000E+01 8.819000000E+00 1.910000000E+00
6.522877500E-01 3.038390000E+01 8.799400000E+00 1.901000000E+00
6.555491900E-01 3.038080000E+01 8.779600000E+00 1.891000000E+00
6.588269300E-01 3.037670000E+01 8.759500000E+00 1.882000000E+00
6.621210700E-01 3.037140000E+01 8.739200000E+00 1.873000000E+00
6.654316700E-01 3.036480000E+01 8.718800000E+00 1.863000000E+00
6.687588300E-01 3.035710000E+01 8.698100000E+00 1.854000000E+00
6.721026200E-01 3.034810000E+01 8.677200000E+00 1.845000000E+00
6.754631400E-01 3.033790000E+01 8.656200000E+00 1.836000000E+00
6.788404500E-01 3.032640000E+01 8.634900000E+00 1.826000000E+00
6.822346600E-01 3.031350000E+01 8.613500000E+00 1.817000000E+00
6.856458300E-01 3.029930000E+01 8.591900000E+00 1.808000000E+00
6.890740600E-01 3.028380000E+01 8.570200000E+00 1.799000000E+00
6.925194300E-01 3.026680000E+01 8.548300000E+00 1.790000000E+00
6.959820200E-01 3.024840000E+01 8.526200000E+00 1.781000000E+00
6.994619400E-01 3.022850000E+01 8.504000000E+00 1.773000000E+00
7.029592400E-01 3.020710000E+01 8.481600000E+00 1.764000000E+00
7.064740400E-01 3.018410000E+01 8.459100000E+00 1.755000000E+00
7.100064100E-01 3.016210000E+01 8.436400000E+00 1.746000000E+00
7.135564400E-01 3.013600000E+01 8.413600000E+00 1.738000000E+00
7.171242300E-01 3.010820000E+01 8.390700000E+00 1.729000000E+00
7.207098500E-01 3.007880000E+01 8.367600000E+00 1.720000000E+00
7.243134000E-01 3.004760000E+01 8.344400000E+00 1.712000000E+00
7.279349600E-01 3.001460000E+01 8.321100000E+00 1.703000000E+00
7.315746400E-01 2.997980000E+01 8.297700000E+00 1.695000000E+00
7.352325100E-01 2.994310000E+01 8.274200000E+00 1.686000000E+00
7.389086700E-01 2.990450000E+01 8.250600000E+00 1.678000000E+00
7.426032200E-01 2.986390000E+01 8.226800000E+00 1.670000000E+00
7.463162300E-01 2.982130000E+01 8.203000000E+00 1.661000000E+00
7.500478100E-01 2.977660000E+01 8.179100000E+00 1.653000000E+00
7.537980500E-01 2.972970000E+01 8.155200000E+00 1.645000000E+00
7.575670400E-01 2.968060000E+01 8.131100000E+00 1.637000000E+00
7.613548800E-01 2.962920000E+01 8.107000000E+00 1.628000000E+00
7.651616500E-01 2.957760000E+01 8.082700000E+00 1.620000000E+00
7.689874600E-01 2.952140000E+01 8.058500000E+00 1.612000000E+00
7.728324000E-01 2.946270000E+01 8.034100000E+00 1.604000000E+00
7.766965600E-01 2.940140000E+01 8.009700000E+00 1.596000000E+00
7.805800400E-01 2.933750000E+01 7.985300000E+00 1.588000000E+00
7.844829400E-01 2.927070000E+01 7.960700000E+00 1.580000000E+00
7.884053600E-01 2.920100000E+01 7.936200000E+00 1.573000000E+00
7.923473800E-01 2.912840000E+01 7.911500000E+00 1.565000000E+00
7.963091200E-01 2.905270000E+01 7.886900000E+00 1.557000000E+00
8.002906700E-01 2.897370000E+01 7.862200000E+00 1.549000000E+00
8.042921200E-01 2.889150000E+01 7.837400000E+00 1.542000000E+00
8.083135800E-01 2.880570000E+01 7.812600000E+00 1.534000000E+00
8.123551500E-01 2.871640000E+01 7.787800000E+00 1.526000000E+00
8.164169300E-01 2.862330000E+01 7.763000000E+00 1.519000000E+00
8.204990100E-01 2.852620000E+01 7.738100000E+00 1.511000000E+00
8.246015000E-01 2.842510000E+01 7.713200000E+00 1.504000000E+00
8.287245100E-01 2.831970000E+01 7.688300000E+00 1.496000000E+00
8.328681300E-01 2.820990000E+01 7.663400000E+00 1.489000000E+00
8.370324800E-01 2.809530000E+01 7.638400000E+00 1.481000000E+00
8.412176400E-01 2.797590000E+01 7.613500000E+00 1.474000000E+00
8.454237300E-01 2.785130000E+01 7.588500000E+00 1.467000000E+00
8.496508400E-01 2.772120000E+01 7.563500000E+00 1.459000000E+00
8.538991000E-01 2.758550000E+01 7.538600000E+00 1.452000000E+00
8.581685900E-01 2.744380000E+01 7.513600000E+00 1.445000000E+00
8.624594400E-01 2.729570000E+01 7.488600000E+00 1.438000000E+00
8.667717300E-01 2.714100000E+01 7.463600000E+00 1.430000000E+00
8.711055900E-01 2.697910000E+01 7.438600000E+00 1.423000000E+00
8.754611200E-01 2.680970000E+01 7.413700000E+00 1.416000000E+00
8.798384300E-01 2.663230000E+01 7.388700000E+00 1.409000000E+00
8.842376200E-01 2.644640000E+01 7.363700000E+00 1.402000000E+00
8.886588100E-01 2.625140000E+01 7.338800000E+00 1.395000000E+00
8.931021000E-01 2.604670000E+01 7.313900000E+00 1.388000000E+00
8.975676100E-01 2.583150000E+01 7.289000000E+00 1.381000000E+00
9.020554500E-01 2.560510000E+01 7.264100000E+00 1.374000000E+00
9.065657300E-01 2.536670000E+01 7.239200000E+00 1.368000000E+00
9.110985600E-01 2.511530000E+01 7.214400000E+00 1.361000000E+00
9.156540500E-01 2.484970000E+01 7.189500000E+00 1.354000000E+00
9.202323200E-01 2.456870000E+01 7.164700000E+00 1.347000000E+00
9.248334800E-01 2.427090000E+01 7.140000000E+00 1.341000000E+00
9.294576500E-01 2.395480000E+01 7.115200000E+00 1.334000000E+00
9.341049400E-01 2.361840000E+01 7.090500000E+00 1.327000000E+00
9.387754600E-01 2.325970000E+01 7.065800000E+00 1.321000000E+00
9.434693400E-01 2.287610000E+01 7.041200000E+00 1.314000000E+00
9.481866800E-01 2.246470000E+01 7.016500000E+00 1.308000000E+00
9.529276200E-01 2.202200000E+01 6.992000000E+00 1.301000000E+00
9.576922600E-01 2.154380000E+01 6.967400000E+00 1.295000000E+00
9.624807200E-01 2.102510000E+01 6.942900000E+00 1.288000000E+00
9.672931200E-01 2.045960000E+01 6.918400000E+00 1.282000000E+00
9.721295900E-01 1.983950000E+01 6.894000000E+00 1.275000000E+00
9.769902300E-01 1.915480000E+01 6.869600000E+00 1.269000000E+00
9.818751900E-01 1.839270000E+01 6.845300000E+00 1.263000000E+00
9.867845600E-01 1.753570000E+01 6.821000000E+00 1.256000000E+00
9.917184800E-01 1.655990000E+01 6.796800000E+00 1.250000000E+00
9.966770800E-01 1.543090000E+01 6.772600000E+00 1.244000000E+00
1.001660500E+00 1.410390000E+01 6.744100000E+00 1.238000000E+00
1.006668800E+00 1.249740000E+01 6.707100000E+00 1.232000000E+00
1.011702100E+00 1.043500000E+01 6.670300000E+00 1.226000000E+00
1.016760600E+00 7.565150000E+00 6.633800000E+00 1.219000000E+00
1.021844400E+00 2.779450000E+00 6.596700000E+00 1.213000000E+00
1.026793300E+00 -2.214830000E+01 6.560800000E+00 1.207000000E+00
1.026953600E+00 -2.687920000E+01 2.653000000E+01 1.207000000E+00
1.027006900E+00 -2.249880000E+01 2.652800000E+01 1.207000000E+00
1.032088400E+00 1.584330000E+00 2.632600000E+01 1.201000000E+00
1.037248900E+00 4.988230000E+00 2.612300000E+01 1.195000000E+00
1.042435100E+00 5.966590000E+00 2.592200000E+01 1.189000000E+00
1.047647300E+00 4.516240000E+00 2.572300000E+01 1.183000000E+00
1.051339100E+00 -7.487480000E+00 2.558300000E+01 1.179000000E+00
1.051660800E+00 -7.601110000E+00 3.869100000E+01 1.179000000E+00
1.052885500E+00 1.778880000E+00 3.862000000E+01 1.178000000E+00
1.058149900E+00 9.773610000E+00 3.831800000E+01 1.172000000E+00
1.063440700E+00 1.343920000E+01 3.801700000E+01 1.166000000E+00
1.068757900E+00 1.604060000E+01 3.771900000E+01 1.160000000E+00
1.074101700E+00 1.810990000E+01 3.742400000E+01 1.154000000E+00
1.079472200E+00 1.984700000E+01 3.713100000E+01 1.149000000E+00
1.084869500E+00 2.135200000E+01 3.684000000E+01 1.143000000E+00
1.090293900E+00 2.268320000E+01 3.655100000E+01 1.137000000E+00
1.095745400E+00 2.387850000E+01 3.626500000E+01 1.132000000E+00
1.101224100E+00 2.496350000E+01 3.598200000E+01 1.126000000E+00
1.106730200E+00 2.595700000E+01 3.570000000E+01 1.120000000E+00
1.112263900E+00 2.687300000E+01 3.542100000E+01 1.115000000E+00
1.117825200E+00 2.772230000E+01 3.514400000E+01 1.109000000E+00
1.123414300E+00 2.851330000E+01 3.486900000E+01 1.104000000E+00
1.129031400E+00 2.925300000E+01 3.459600000E+01 1.098000000E+00
1.134676500E+00 2.994680000E+01 3.432600000E+01 1.093000000E+00
1.140349900E+00 3.059950000E+01 3.405800000E+01 1.087000000E+00
1.146051700E+00 3.121500000E+01 3.379200000E+01 1.082000000E+00
1.151781900E+00 3.179650000E+01 3.352800000E+01 1.076000000E+00
1.157540800E+00 3.234680000E+01 3.326600000E+01 1.071000000E+00
1.163328500E+00 3.286840000E+01 3.300700000E+01 1.066000000E+00
1.169145200E+00 3.336330000E+01 3.274900000E+01 1.060000000E+00
1.174990900E+00 3.383340000E+01 3.249300000E+01 1.055000000E+00
1.180865900E+00 3.428020000E+01 3.224000000E+01 1.050000000E+00
1.186770200E+00 3.470510000E+01 3.198900000E+01 1.045000000E+00
1.192704000E+00 3.510920000E+01 3.173900000E+01 1.040000000E+00
1.198667600E+00 3.549380000E+01 3.149200000E+01 1.034000000E+00
1.204660900E+00 3.585960000E+01 3.124600000E+01 1.029000000E+00
1.210684200E+00 3.620740000E+01 3.100300000E+01 1.024000000E+00
1.216737600E+00 3.653790000E+01 3.076100000E+01 1.019000000E+00
1.222821300E+00 3.685170000E+01 3.052200000E+01 1.014000000E+00
1.228935400E+00 3.714910000E+01 3.028400000E+01 1.009000000E+00
1.235080100E+00 3.743070000E+01 3.004800000E+01 1.004000000E+00
1.241255500E+00 3.769650000E+01 2.981500000E+01 9.989000000E-01
1.247461800E+00 3.794670000E+01 2.958300000E+01 9.939000000E-01
1.253699100E+00 3.818120000E+01 2.935300000E+01 9.889000000E-01
1.259967600E+00 3.840010000E+01 2.912400000E+01 9.840000000E-01
1.266267400E+00 3.860280000E+01 2.889800000E+01 9.791000000E-01
1.272598800E+00 3.878890000E+01 2.867300000E+01 9.743000000E-01
1.278961800E+00 3.895760000E+01 2.845100000E+01 9.694000000E-01
1.285356600E+00 3.910780000E+01 2.823000000E+01 9.646000000E-01
1.291783300E+00 3.923790000E+01 2.801000000E+01 9.598000000E-01
1.298242300E+00 3.934570000E+01 2.779300000E+01 9.550000000E-01
1.304733500E+00 3.942800000E+01 2.757700000E+01 9.503000000E-01
1.311257100E+00 3.948030000E+01 2.736300000E+01 9.455000000E-01
1.317813400E+00 3.949570000E+01 2.715100000E+01 9.408000000E-01
1.324402500E+00 3.946330000E+01 2.694000000E+01 9.362000000E-01
1.331024500E+00 3.936420000E+01 2.673100000E+01 9.315000000E-01
1.337679600E+00 3.916250000E+01 2.652400000E+01 9.269000000E-01
1.344368000E+00 3.877430000E+01 2.632100000E+01 9.222000000E-01
1.351089900E+00 3.790590000E+01 2.611900000E+01 9.177000000E-01
1.355932500E+00 3.553900000E+01 2.597600000E+01 9.144000000E-01
1.357845300E+00 3.549890000E+01 3.034400000E+01 9.131000000E-01
1.357867400E+00 3.553240000E+01 3.034300000E+01 9.131000000E-01
1.364634500E+00 3.867610000E+01 3.009600000E+01 9.086000000E-01
1.371457700E+00 3.975440000E+01 2.985100000E+01 9.040000000E-01
1.378315000E+00 4.046810000E+01 2.960800000E+01 8.995000000E-01
1.385206600E+00 4.101630000E+01 2.936700000E+01 8.951000000E-01
1.392132600E+00 4.146570000E+01 2.912900000E+01 8.906000000E-01
1.399093300E+00 4.184640000E+01 2.889200000E+01 8.862000000E-01
1.406088700E+00 4.217430000E+01 2.865800000E+01 8.818000000E-01
1.413119200E+00 4.245760000E+01 2.842500000E+01 8.774000000E-01
1.420184800E+00 4.270000000E+01 2.819500000E+01 8.730000000E-01
1.427285700E+00 4.290210000E+01 2.797700000E+01 8.687000000E-01
1.434422100E+00 4.307310000E+01 2.777100000E+01 8.643000000E-01
1.441594200E+00 4.320890000E+01 2.756800000E+01 8.600000000E-01
1.448802200E+00 4.329720000E+01 2.736900000E+01 8.558000000E-01
1.456046200E+00 4.331110000E+01 2.717100000E+01 8.515000000E-01
1.463326500E+00 4.316580000E+01 2.697700000E+01 8.473000000E-01
1.470339100E+00 4.218830000E+01 2.679200000E+01 8.432000000E-01
1.470643100E+00 4.199850000E+01 2.678400000E+01 8.431000000E-01
1.472460900E+00 4.222310000E+01 2.859200000E+01 8.420000000E-01
1.477996300E+00 4.347060000E+01 2.843300000E+01 8.389000000E-01
1.485386300E+00 4.412180000E+01 2.822500000E+01 8.347000000E-01
1.492813200E+00 4.456800000E+01 2.801900000E+01 8.305000000E-01
1.500277300E+00 4.492870000E+01 2.781500000E+01 8.264000000E-01
1.507778700E+00 4.523940000E+01 2.761400000E+01 8.223000000E-01
1.515317600E+00 4.551590000E+01 2.741600000E+01 8.182000000E-01
1.522894200E+00 4.576630000E+01 2.721900000E+01 8.141000000E-01
1.530508600E+00 4.599530000E+01 2.702500000E+01 8.101000000E-01
1.538161200E+00 4.620550000E+01 2.683400000E+01 8.061000000E-01
1.545852000E+00 4.639800000E+01 2.664600000E+01 8.020000000E-01
1.553581200E+00 4.657810000E+01 2.646900000E+01 7.981000000E-01
1.561349100E+00 4.674800000E+01 2.629400000E+01 7.941000000E-01
1.569155900E+00 4.690760000E+01 2.612100000E+01 7.901000000E-01
1.577001700E+00 4.705670000E+01 2.595100000E+01 7.862000000E-01
1.584886700E+00 4.719470000E+01 2.578300000E+01 7.823000000E-01
1.592811100E+00 4.732090000E+01 2.561700000E+01 7.784000000E-01
1.600775200E+00 4.743340000E+01 2.545300000E+01 7.745000000E-01
1.608779000E+00 4.752950000E+01 2.529100000E+01 7.707000000E-01
1.616822900E+00 4.760370000E+01 2.513100000E+01 7.668000000E-01
1.624907000E+00 4.764490000E+01 2.497400000E+01 7.630000000E-01
1.633031600E+00 4.762500000E+01 2.481800000E+01 7.592000000E-01
1.641196700E+00 4.743010000E+01 2.466300000E+01 7.555000000E-01
1.644277200E+00 4.716210000E+01 2.460600000E+01 7.540000000E-01
1.648722800E+00 4.723480000E+01 2.569900000E+01 7.520000000E-01
1.649402700E+00 4.734730000E+01 2.568600000E+01 7.517000000E-01
1.657649700E+00 4.799920000E+01 2.553100000E+01 7.480000000E-01
1.665938000E+00 4.835130000E+01 2.537800000E+01 7.442000000E-01
1.674267700E+00 4.862540000E+01 2.522600000E+01 7.405000000E-01
1.682639000E+00 4.886170000E+01 2.507600000E+01 7.368000000E-01
1.691052200E+00 4.907490000E+01 2.492700000E+01 7.332000000E-01
1.699507500E+00 4.927220000E+01 2.478000000E+01 7.295000000E-01
1.708005000E+00 4.945780000E+01 2.463400000E+01 7.259000000E-01
1.716545000E+00 4.963410000E+01 2.449000000E+01 7.223000000E-01
1.725127800E+00 4.980280000E+01 2.434700000E+01 7.187000000E-01
1.733753400E+00 4.996520000E+01 2.420500000E+01 7.151000000E-01
1.742422200E+00 5.012300000E+01 2.406600000E+01 7.116000000E-01
1.751134300E+00 5.027690000E+01 2.392800000E+01 7.080000000E-01
1.759889900E+00 5.042760000E+01 2.379100000E+01 7.045000000E-01
1.768689400E+00 5.057520000E+01 2.365100000E+01 7.010000000E-01
1.777532800E+00 5.071800000E+01 2.350800000E+01 6.975000000E-01
1.786420500E+00 5.085660000E+01 2.336700000E+01 6.940000000E-01
1.795352600E+00 5.099150000E+01 2.322700000E+01 6.906000000E-01
1.804329400E+00 5.112300000E+01 2.308700000E+01 6.871000000E-01
1.813351000E+00 5.125130000E+01 2.294900000E+01 6.837000000E-01
1.822417800E+00 5.137670000E+01 2.281100000E+01 6.803000000E-01
1.831529900E+00 5.149950000E+01 2.267500000E+01 6.769000000E-01
1.840687500E+00 5.161970000E+01 2.253900000E+01 6.736000000E-01
1.849890900E+00 5.173770000E+01 2.240400000E+01 6.702000000E-01
1.859140400E+00 5.185340000E+01 2.227000000E+01 6.669000000E-01
1.868436100E+00 5.196720000E+01 2.213700000E+01 6.636000000E-01
1.877778300E+00 5.207910000E+01 2.200500000E+01 6.603000000E-01
1.887167200E+00 5.218920000E+01 2.187400000E+01 6.570000000E-01
1.896603000E+00 5.229790000E+01 2.174400000E+01 6.537000000E-01
1.906086000E+00 5.240520000E+01 2.161400000E+01 6.505000000E-01
1.915616500E+00 5.251120000E+01 2.148400000E+01 6.472000000E-01
1.925194500E+00 5.261500000E+01 2.135200000E+01 6.440000000E-01
1.934820500E+00 5.271660000E+01 2.122000000E+01 6.408000000E-01
1.944494600E+00 5.281610000E+01 2.109000000E+01 6.376000000E-01
1.954217100E+00 5.291370000E+01 2.096000000E+01 6.344000000E-01
1.963988200E+00 5.300950000E+01 2.083000000E+01 6.313000000E-01
1.973808100E+00 5.310350000E+01 2.070200000E+01 6.281000000E-01
1.983677200E+00 5.319600000E+01 2.057400000E+01 6.250000000E-01
1.993595500E+00 5.328680000E+01 2.044700000E+01 6.219000000E-01
2.003563500E+00 5.337620000E+01 2.032100000E+01 6.188000000E-01
2.013581300E+00 5.346410000E+01 2.019500000E+01 6.157000000E-01
2.023649200E+00 5.355070000E+01 2.007000000E+01 6.127000000E-01
2.033767500E+00 5.363600000E+01 1.994600000E+01 6.096000000E-01
2.043936300E+00 5.372010000E+01 1.982200000E+01 6.066000000E-01
2.054156000E+00 5.403240000E+01 1.969900000E+01 6.036000000E-01
2.064426800E+00 5.411450000E+01 1.957100000E+01 6.006000000E-01
2.074748900E+00 5.419480000E+01 1.944300000E+01 5.976000000E-01
2.085122700E+00 5.427330000E+01 1.931600000E+01 5.946000000E-01
2.095548300E+00 5.435020000E+01 1.918900000E+01 5.917000000E-01
2.106026000E+00 5.458010000E+01 1.906200000E+01 5.887000000E-01
2.116556200E+00 5.465400000E+01 1.893300000E+01 5.858000000E-01
2.127138900E+00 5.472610000E+01 1.880500000E+01 5.829000000E-01
2.137774600E+00 5.479650000E+01 1.867800000E+01 5.800000000E-01
2.148463500E+00 5.486510000E+01 1.855100000E+01 5.771000000E-01
2.159205800E+00 5.493180000E+01 1.842400000E+01 5.742000000E-01
2.170001800E+00 5.499680000E+01 1.829800000E+01 5.714000000E-01
2.180851900E+00 5.506000000E+01 1.817300000E+01 5.685000000E-01
2.191756100E+00 5.512170000E+01 1.804900000E+01 5.657000000E-01
2.202714900E+00 5.518190000E+01 1.792600000E+01 5.629000000E-01
2.213728500E+00 5.524050000E+01 1.780300000E+01 5.601000000E-01
2.224797100E+00 5.529780000E+01 1.768200000E+01 5.573000000E-01
2.235921100E+00 5.535360000E+01 1.756100000E+01 5.545000000E-01
2.247100700E+00 5.540810000E+01 1.744100000E+01 5.518000000E-01
2.258336200E+00 5.546130000E+01 1.732200000E+01 5.490000000E-01
2.269627900E+00 5.551330000E+01 1.720100000E+01 5.463000000E-01
2.280976000E+00 5.556400000E+01 1.708100000E+01 5.436000000E-01
2.292380900E+00 5.561340000E+01 1.696100000E+01 5.409000000E-01
2.303842800E+00 5.566140000E+01 1.684300000E+01 5.382000000E-01
2.315362000E+00 5.570830000E+01 1.672500000E+01 5.355000000E-01
2.326938800E+00 5.575400000E+01 1.660800000E+01 5.328000000E-01
2.338573500E+00 5.579840000E+01 1.649200000E+01 5.302000000E-01
2.350266400E+00 5.584180000E+01 1.637700000E+01 5.275000000E-01
2.362017700E+00 5.588400000E+01 1.626200000E+01 5.249000000E-01
2.373827800E+00 5.592520000E+01 1.614900000E+01 5.223000000E-01
2.385697000E+00 5.596530000E+01 1.603600000E+01 5.197000000E-01
2.397625400E+00 5.600440000E+01 1.592500000E+01 5.171000000E-01
2.409613600E+00 5.604250000E+01 1.581400000E+01 5.145000000E-01
2.421661600E+00 5.607970000E+01 1.570400000E+01 5.120000000E-01
2.433769900E+00 5.611590000E+01 1.559400000E+01 5.094000000E-01
2.445938800E+00 5.615120000E+01 1.548600000E+01 5.069000000E-01
2.458168500E+00 5.618570000E+01 1.537800000E+01 5.044000000E-01
2.470459300E+00 5.621920000E+01 1.527200000E+01 5.019000000E-01
2.482811600E+00 5.625200000E+01 1.516600000E+01 4.994000000E-01
2.495225700E+00 5.628390000E+01 1.506100000E+01 4.969000000E-01
2.507701800E+00 5.631510000E+01 1.495700000E+01 4.944000000E-01
2.520240300E+00 5.634550000E+01 1.485300000E+01 4.920000000E-01
2.532841500E+00 5.637510000E+01 1.475100000E+01 4.895000000E-01
2.545505700E+00 5.640410000E+01 1.464900000E+01 4.871000000E-01
2.558233300E+00 5.643240000E+01 1.454800000E+01 4.846000000E-01
2.571024400E+00 5.646000000E+01 1.444800000E+01 4.822000000E-01
2.583879600E+00 5.648700000E+01 1.434800000E+01 4.798000000E-01
2.596799000E+00 5.651330000E+01 1.425000000E+01 4.775000000E-01
2.609782900E+00 5.653910000E+01 1.415200000E+01 4.751000000E-01
2.622831900E+00 5.656430000E+01 1.405500000E+01 4.727000000E-01
2.635946000E+00 5.658900000E+01 1.395900000E+01 4.704000000E-01
2.649125700E+00 5.661320000E+01 1.386400000E+01 4.680000000E-01
2.662371400E+00 5.663690000E+01 1.376900000E+01 4.657000000E-01
2.675683200E+00 5.666010000E+01 1.367500000E+01 4.634000000E-01
2.689061700E+00 5.668300000E+01 1.358200000E+01 4.611000000E-01
2.702507000E+00 5.670540000E+01 1.349000000E+01 4.588000000E-01
2.716019500E+00 5.682190000E+01 1.339800000E+01 4.565000000E-01
2.729599600E+00 5.684370000E+01 1.330500000E+01 4.542000000E-01
2.743247600E+00 5.686500000E+01 1.321300000E+01 4.520000000E-01
2.756963800E+00 5.688580000E+01 1.312100000E+01 4.497000000E-01
2.770748600E+00 5.690610000E+01 1.303100000E+01 4.475000000E-01
2.784602400E+00 5.692590000E+01 1.294100000E+01 4.452000000E-01
2.798525400E+00 5.694530000E+01 1.285200000E+01 4.430000000E-01
2.812518000E+00 5.696440000E+01 1.276300000E+01 4.408000000E-01
2.826580600E+00 5.698310000E+01 1.267600000E+01 4.386000000E-01
2.840713500E+00 5.700150000E+01 1.258900000E+01 4.365000000E-01
2.854917100E+00 5.701960000E+01 1.250200000E+01 4.343000000E-01
2.869191700E+00 5.703750000E+01 1.241700000E+01 4.321000000E-01
2.883537600E+00 5.705530000E+01 1.233200000E+01 4.300000000E-01
2.897955300E+00 5.707300000E+01 1.224700000E+01 4.278000000E-01
2.912445100E+00 5.709060000E+01 1.216400000E+01 4.257000000E-01
2.927007300E+00 5.710820000E+01 1.208100000E+01 4.236000000E-01
2.941642400E+00 5.712600000E+01 1.199900000E+01 4.215000000E-01
2.956350600E+00 5.719550000E+01 1.191600000E+01 4.194000000E-01
2.971132300E+00 5.721420000E+01 1.183500000E+01 4.173000000E-01
2.985988000E+00 5.723320000E+01 1.175300000E+01 4.152000000E-01
3.000917900E+00 5.726880000E+01 1.167200000E+01 4.132000000E-01
3.015922500E+00 5.730990000E+01 1.157800000E+01 4.111000000E-01
3.031002100E+00 5.732830000E+01 1.148500000E+01 4.091000000E-01
3.046157100E+00 5.734310000E+01 1.139300000E+01 4.070000000E-01
3.061387900E+00 5.735560000E+01 1.130200000E+01 4.050000000E-01
3.076694900E+00 5.736630000E+01 1.121100000E+01 4.030000000E-01
3.092078300E+00 5.737550000E+01 1.112100000E+01 4.010000000E-01
3.107538700E+00 5.738330000E+01 1.103300000E+01 3.990000000E-01
3.123076400E+00 5.739000000E+01 1.094500000E+01 3.970000000E-01
3.138691800E+00 5.739560000E+01 1.085700000E+01 3.950000000E-01
3.154385300E+00 5.740030000E+01 1.077100000E+01 3.931000000E-01
3.170157200E+00 5.740400000E+01 1.068500000E+01 3.911000000E-01
3.186008000E+00 5.740690000E+01 1.060000000E+01 3.892000000E-01
3.201938000E+00 5.740900000E+01 1.051600000E+01 3.872000000E-01
3.217947700E+00 5.741040000E+01 1.043300000E+01 3.853000000E-01
3.234037400E+00 5.741110000E+01 1.035000000E+01 3.834000000E-01
3.250207600E+00 5.741120000E+01 1.026800000E+01 3.815000000E-01
3.266458700E+00 5.741060000E+01 1.018700000E+01 3.796000000E-01
3.282791000E+00 5.740930000E+01 1.010600000E+01 3.777000000E-01
3.299204900E+00 5.742850000E+01 1.002600000E+01 3.758000000E-01
3.315700900E+00 5.742630000E+01 9.946700000E+00 3.739000000E-01
3.332279400E+00 5.742340000E+01 9.867700000E+00 3.721000000E-01
3.348940800E+00 5.742000000E+01 9.789400000E+00 3.702000000E-01
3.365685600E+00 5.741600000E+01 9.711900000E+00 3.684000000E-01
3.382514000E+00 5.741140000E+01 9.635000000E+00 3.665000000E-01
3.399426500E+00 5.740630000E+01 9.558800000E+00 3.647000000E-01
3.416423700E+00 5.740070000E+01 9.483300000E+00 3.629000000E-01
3.433505800E+00 5.739460000E+01 9.408400000E+00 3.611000000E-01
3.450673300E+00 5.738800000E+01 9.334300000E+00 3.593000000E-01
3.467926700E+00 5.738090000E+01 9.260700000E+00 3.575000000E-01
3.485266300E+00 5.737340000E+01 9.187900000E+00 3.557000000E-01
3.502692700E+00 5.736540000E+01 9.115700000E+00 3.540000000E-01
3.520206100E+00 5.735690000E+01 9.044100000E+00 3.522000000E-01
3.537807200E+00 5.734810000E+01 8.973100000E+00 3.505000000E-01
3.555496200E+00 5.733880000E+01 8.902800000E+00 3.487000000E-01
3.573273700E+00 5.732910000E+01 8.833100000E+00 3.470000000E-01
3.591140000E+00 5.731890000E+01 8.764000000E+00 3.453000000E-01
3.609095700E+00 5.730840000E+01 8.695500000E+00 3.435000000E-01
3.627141200E+00 5.729750000E+01 8.627700000E+00 3.418000000E-01
3.645276900E+00 5.728620000E+01 8.560400000E+00 3.401000000E-01
3.663503300E+00 5.727450000E+01 8.493700000E+00 3.384000000E-01
3.681820800E+00 5.726250000E+01 8.427600000E+00 3.367000000E-01
3.700229900E+00 5.725000000E+01 8.362100000E+00 3.351000000E-01
3.718731100E+00 5.723730000E+01 8.297200000E+00 3.334000000E-01
3.737324700E+00 5.722410000E+01 8.232800000E+00 3.317000000E-01
3.756011400E+00 5.721060000E+01 8.169000000E+00 3.301000000E-01
3.774791400E+00 5.719670000E+01 8.105700000E+00 3.285000000E-01
3.793665400E+00 5.718250000E+01 8.043100000E+00 3.268000000E-01
3.812633700E+00 5.716790000E+01 7.980900000E+00 3.252000000E-01
3.831696900E+00 5.715300000E+01 7.919300000E+00 3.236000000E-01
3.850855400E+00 5.713780000E+01 7.858200000E+00 3.220000000E-01
3.870109600E+00 5.712220000E+01 7.797700000E+00 3.204000000E-01
3.889460200E+00 5.710630000E+01 7.737700000E+00 3.188000000E-01
3.908907500E+00 5.709010000E+01 7.678200000E+00 3.172000000E-01
3.928452000E+00 5.707350000E+01 7.619300000E+00 3.156000000E-01
3.948094300E+00 5.705660000E+01 7.560800000E+00 3.140000000E-01
3.967834700E+00 5.703930000E+01 7.502900000E+00 3.125000000E-01
3.987673900E+00 5.702170000E+01 7.445400000E+00 3.109000000E-01
4.055024000E+00 5.727090000E+01 7.256100000E+00 3.058000000E-01
4.334821000E+00 5.694590000E+01 6.554400000E+00 2.860000000E-01
4.633924000E+00 5.655890000E+01 5.907200000E+00 2.676000000E-01
4.953664000E+00 5.606390000E+01 5.312000000E+00 2.503000000E-01
5.295467000E+00 5.541410000E+01 4.785000000E+00 2.341000000E-01
5.660855000E+00 5.449330000E+01 4.318500000E+00 2.190000000E-01
6.051453000E+00 5.290750000E+01 3.895600000E+00 2.049000000E-01
6.330114000E+00 5.028290000E+01 3.629400000E+00 1.959000000E-01
6.427004000E+00 4.719300000E+01 3.542800000E+00 1.929000000E-01
6.452841000E+00 4.360910000E+01 3.520000000E+00 1.921000000E-01
6.469004000E+00 4.444020000E+01 1.053400000E+01 1.917000000E-01
6.491597000E+00 4.715680000E+01 1.045900000E+01 1.910000000E-01
6.588486000E+00 5.020490000E+01 1.014500000E+01 1.882000000E-01
6.872544000E+00 5.170670000E+01 9.334100000E+00 1.804000000E-01
6.915365000E+00 5.152110000E+01 9.230600000E+00 1.793000000E-01
6.977736000E+00 5.066360000E+01 9.084400000E+00 1.777000000E-01
7.005787000E+00 4.897540000E+01 9.020500000E+00 1.770000000E-01
7.047864000E+00 5.092050000E+01 1.243500000E+01 1.759000000E-01
7.153056000E+00 5.277960000E+01 1.208900000E+01 1.733000000E-01
7.279342000E+00 5.360310000E+01 1.169600000E+01 1.703000000E-01
7.392525000E+00 5.351200000E+01 1.136900000E+01 1.677000000E-01
7.420472000E+00 5.278580000E+01 1.129500000E+01 1.671000000E-01
7.465039000E+00 5.389210000E+01 1.294200000E+01 1.661000000E-01
7.576458000E+00 5.516580000E+01 1.265000000E+01 1.636000000E-01
7.902609000E+00 5.689360000E+01 1.187100000E+01 1.569000000E-01
8.447890000E+00 5.847390000E+01 1.073600000E+01 1.468000000E-01
9.030794000E+00 5.951330000E+01 9.667400000E+00 1.373000000E-01
9.653919000E+00 6.020800000E+01 8.641100000E+00 1.284000000E-01
1.032004000E+01 6.065620000E+01 7.719400000E+00 1.201000000E-01
1.103212000E+01 6.094840000E+01 6.902100000E+00 1.124000000E-01
1.179334000E+01 6.113710000E+01 6.176700000E+00 1.051000000E-01
1.260708000E+01 6.125550000E+01 5.532600000E+00 9.834000000E-02
1.347697000E+01 6.139370000E+01 4.945600000E+00 9.200000000E-02
1.440688000E+01 6.145200000E+01 4.413400000E+00 8.606000000E-02
1.540095000E+01 6.147020000E+01 3.929000000E+00 8.050000000E-02
1.646362000E+01 6.142330000E+01 3.495400000E+00 7.531000000E-02
1.759961000E+01 6.135580000E+01 3.112300000E+00 7.045000000E-02
1.881398000E+01 6.127510000E+01 2.773600000E+00 6.590000000E-02
2.011215000E+01 6.118580000E+01 2.474000000E+00 6.165000000E-02
2.149988000E+01 6.109110000E+01 2.208800000E+00 5.767000000E-02
2.298338000E+01 6.099260000E+01 1.973500000E+00 5.395000000E-02
2.456923000E+01 6.089160000E+01 1.764800000E+00 5.046000000E-02
2.626450000E+01 6.079010000E+01 1.579600000E+00 4.721000000E-02
2.807676000E+01 6.068890000E+01 1.404300000E+00 4.416000000E-02
3.001405000E+01 6.056930000E+01 1.243100000E+00 4.131000000E-02
3.208502000E+01 6.043310000E+01 1.100000000E+00 3.864000000E-02
3.429889000E+01 6.027290000E+01 9.698100000E-01 3.615000000E-02
3.666551000E+01 6.007270000E+01 8.551400000E-01 3.381000000E-02
3.919543000E+01 5.979780000E+01 7.544000000E-01 3.163000000E-02
4.189992000E+01 5.933500000E+01 6.660600000E-01 2.959000000E-02
4.428032000E+01 5.829620000E+01 6.011500000E-01 2.800000000E-02
4.479101000E+01 5.759060000E+01 5.885300000E-01 2.768000000E-02
4.495808000E+01 5.711100000E+01 5.844900000E-01 2.758000000E-02
4.513881000E+01 5.569080000E+01 5.801700000E-01 2.747000000E-02
4.540992000E+01 5.712660000E+01 3.370000000E+00 2.730000000E-02
4.608768000E+01 5.842430000E+01 3.292800000E+00 2.690000000E-02
4.788159000E+01 5.948380000E+01 3.100700000E+00 2.589000000E-02
5.118542000E+01 6.024770000E+01 2.781900000E+00 2.422000000E-02
5.471721000E+01 6.064920000E+01 2.492700000E+00 2.266000000E-02
5.849270000E+01 6.090050000E+01 2.232400000E+00 2.120000000E-02
6.252870000E+01 6.106740000E+01 1.995000000E+00 1.983000000E-02
6.684318000E+01 6.117880000E+01 1.782500000E+00 1.855000000E-02
7.145536000E+01 6.125390000E+01 1.592400000E+00 1.735000000E-02
7.638578000E+01 6.130380000E+01 1.422500000E+00 1.623000000E-02
8.165640000E+01 6.133690000E+01 1.269100000E+00 1.518000000E-02
8.729069000E+01 6.135470000E+01 1.128800000E+00 1.420000000E-02
9.331374000E+01 6.139140000E+01 1.002400000E+00 1.329000000E-02
9.975239000E+01 6.138740000E+01 8.883500000E-01 1.243000000E-02
1.066353000E+02 6.137700000E+01 7.873800000E-01 1.163000000E-02
1.139931000E+02 6.136250000E+01 6.979600000E-01 1.088000000E-02
1.218587000E+02 6.134520000E+01 6.187400000E-01 1.017000000E-02
1.302669000E+02 6.132640000E+01 5.485700000E-01 9.518000000E-03
1.392553000E+02 6.130670000E+01 4.863900000E-01 8.903000000E-03
1.488640000E+02 6.128670000E+01 4.312900000E-01 8.329000000E-03
1.591356000E+02 6.126690000E+01 3.824700000E-01 7.791000000E-03
1.701159000E+02 6.124750000E+01 3.392000000E-01 7.288000000E-03
1.818539000E+02 6.122870000E+01 3.008400000E-01 6.818000000E-03
1.944018000E+02 6.121050000E+01 2.668400000E-01 6.378000000E-03
2.078156000E+02 6.119340000E+01 2.373300000E-01 5.966000000E-03
2.221548000E+02 6.117750000E+01 2.111700000E-01 5.581000000E-03
2.374835000E+02 6.116270000E+01 1.879000000E-01 5.221000000E-03
2.538699000E+02 6.114890000E+01 1.672100000E-01 4.884000000E-03
2.713869000E+02 6.113620000E+01 1.488000000E-01 4.569000000E-03
2.901126000E+02 6.112440000E+01 1.324300000E-01 4.274000000E-03
3.101304000E+02 6.111350000E+01 1.178600000E-01 3.998000000E-03
3.315294000E+02 6.110350000E+01 1.049100000E-01 3.740000000E-03
3.544049000E+02 6.109420000E+01 9.338000000E-02 3.498000000E-03
3.788588000E+02 6.108570000E+01 8.312400000E-02 3.273000000E-03
4.050001000E+02 6.107790000E+01 7.399800000E-02 3.061000000E-03
4.329451000E+02 6.107070000E+01 6.587700000E-02 2.864000000E-03
