# Data retrieved from physics.nist.gov 03/01/2021
# Element, Re  (Z = 75) 
# Atomic weight, g mol-1 = 186.2070 
# Nominal density, g cm-3 =  2.0980E+01 
# Relativistic correction estimate f_rel(5CL),  e atom-1 =  -8.8920E-01 
# Nuclear Thomson correction f_NT, e atom-1 =  -1.6572E-02 
#    E [keV]      f1 [e atom-1]      f2 [e atom-1]    Wavelength [nm] 
5.104943000E-03 6.395810000E+00 0.000000000E+00 2.429000000E+02
5.183079000E-03 6.223990000E+00 0.000000000E+00 2.392000000E+02
5.203916000E-03 6.062670000E+00 0.000000000E+00 2.383000000E+02
5.235171000E-03 6.193500000E+00 2.912800000E-01 2.368000000E+02
5.313308000E-03 6.273140000E+00 2.910800000E-01 2.333000000E+02
5.941418000E-03 5.688750000E+00 2.918300000E-01 2.087000000E+02
6.032358000E-03 5.207290000E+00 2.939200000E-01 2.055000000E+02
6.056608000E-03 4.661140000E+00 2.946000000E-01 2.047000000E+02
6.092984000E-03 5.198450000E+00 1.353000000E+00 2.035000000E+02
6.183924000E-03 5.647680000E+00 1.351500000E+00 2.005000000E+02
1.069000000E-02 5.272660000E+00 3.427800000E+00 1.160000000E+02
1.142761000E-02 5.292260000E+00 4.042100000E+00 1.085000000E+02
1.221612000E-02 5.419430000E+00 4.714300000E+00 1.015000000E+02
1.305903000E-02 5.676080000E+00 5.418300000E+00 9.494000000E+01
1.396010000E-02 6.076600000E+00 6.119800000E+00 8.881000000E+01
1.492335000E-02 6.624220000E+00 6.778300000E+00 8.308000000E+01
1.595306000E-02 7.320140000E+00 7.351800000E+00 7.772000000E+01
1.705382000E-02 8.117340000E+00 7.801600000E+00 7.270000000E+01
1.823053000E-02 9.033180000E+00 8.097500000E+00 6.801000000E+01
1.948844000E-02 9.937920000E+00 8.221300000E+00 6.362000000E+01
2.083314000E-02 1.082500000E+01 8.169000000E+00 5.951000000E+01
2.227063000E-02 1.164600000E+01 7.949800000E+00 5.567000000E+01
2.380730000E-02 1.235600000E+01 7.584800000E+00 5.208000000E+01
2.545001000E-02 1.291570000E+01 7.102300000E+00 4.872000000E+01
2.720606000E-02 1.328350000E+01 6.533100000E+00 4.557000000E+01
2.908327000E-02 1.340890000E+01 5.916100000E+00 4.263000000E+01
3.109002000E-02 1.319120000E+01 5.285800000E+00 3.988000000E+01
3.323523000E-02 1.219620000E+01 4.669900000E+00 3.731000000E+01
3.390800000E-02 1.134080000E+01 4.490900000E+00 3.656000000E+01
3.442700000E-02 9.485140000E+00 4.357500000E+00 3.601000000E+01
3.456540000E-02 7.261520000E+00 4.322700000E+00 3.587000000E+01
3.477300000E-02 9.569310000E+00 8.645700000E+00 3.566000000E+01
3.529200000E-02 1.158040000E+01 8.438500000E+00 3.513000000E+01
3.552846000E-02 1.201200000E+01 8.346400000E+00 3.490000000E+01
3.797993000E-02 1.379770000E+01 7.469200000E+00 3.264000000E+01
3.978800000E-02 1.408510000E+01 6.876400000E+00 3.116000000E+01
4.039700000E-02 1.385210000E+01 6.679200000E+00 3.069000000E+01
4.055940000E-02 1.345790000E+01 6.627100000E+00 3.057000000E+01
4.060054000E-02 1.231580000E+01 7.450700000E+00 3.054000000E+01
4.080300000E-02 1.393570000E+01 7.375200000E+00 3.039000000E+01
4.141200000E-02 1.438170000E+01 7.151400000E+00 2.994000000E+01
4.340198000E-02 1.464870000E+01 6.459000000E+00 2.857000000E+01
4.468800000E-02 1.428870000E+01 6.045800000E+00 2.774000000E+01
4.537200000E-02 1.342210000E+01 5.839200000E+00 2.733000000E+01
4.555440000E-02 1.232520000E+01 5.786100000E+00 2.722000000E+01
4.582800000E-02 1.348030000E+01 7.892100000E+00 2.705000000E+01
4.639671000E-02 1.440920000E+01 7.727300000E+00 2.672000000E+01
4.651200000E-02 1.451350000E+01 7.694800000E+00 2.666000000E+01
4.959809000E-02 1.569270000E+01 6.925200000E+00 2.500000000E+01
5.302035000E-02 1.614940000E+01 6.224000000E+00 2.338000000E+01
5.667876000E-02 1.630940000E+01 5.560500000E+00 2.187000000E+01
6.058959000E-02 1.624410000E+01 4.972700000E+00 2.046000000E+01
6.477028000E-02 1.599990000E+01 4.494100000E+00 1.914000000E+01
6.923942000E-02 1.561510000E+01 4.148300000E+00 1.791000000E+01
7.401695000E-02 1.512110000E+01 3.951200000E+00 1.675000000E+01
7.912411000E-02 1.453970000E+01 3.913700000E+00 1.567000000E+01
8.114400000E-02 1.429450000E+01 3.942900000E+00 1.528000000E+01
8.238600000E-02 1.412350000E+01 3.972400000E+00 1.505000000E+01
8.271720000E-02 1.405060000E+01 3.981700000E+00 1.499000000E+01
8.321400000E-02 1.402930000E+01 4.065900000E+00 1.490000000E+01
8.445600000E-02 1.391940000E+01 4.110600000E+00 1.468000000E+01
8.458368000E-02 1.390670000E+01 4.115700000E+00 1.466000000E+01
9.041995000E-02 1.329760000E+01 4.431600000E+00 1.371000000E+01
9.665893000E-02 1.267200000E+01 4.934300000E+00 1.283000000E+01
1.033284000E-01 1.207340000E+01 5.632600000E+00 1.200000000E+01
1.104581000E-01 1.154040000E+01 6.527700000E+00 1.122000000E+01
1.180797000E-01 1.110850000E+01 7.621200000E+00 1.050000000E+01
1.262272000E-01 1.071840000E+01 8.900200000E+00 9.822000000E+00
1.349368000E-01 1.062110000E+01 1.033900000E+01 9.188000000E+00
1.442475000E-01 1.075020000E+01 1.190500000E+01 8.595000000E+00
1.542005000E-01 1.113820000E+01 1.355900000E+01 8.040000000E+00
1.648404000E-01 1.181800000E+01 1.524900000E+01 7.521000000E+00
1.762144000E-01 1.279840000E+01 1.687500000E+01 7.036000000E+00
1.883732000E-01 1.403340000E+01 1.836100000E+01 6.582000000E+00
2.013709000E-01 1.546840000E+01 1.966700000E+01 6.157000000E+00
2.152655000E-01 1.704270000E+01 2.076500000E+01 5.760000000E+00
2.301188000E-01 1.868540000E+01 2.164200000E+01 5.388000000E+00
2.459970000E-01 2.028420000E+01 2.229800000E+01 5.040000000E+00
2.549960000E-01 2.098380000E+01 2.254600000E+01 4.862000000E+00
2.588990000E-01 2.101680000E+01 2.261700000E+01 4.789000000E+00
2.599398000E-01 2.070810000E+01 2.263300000E+01 4.770000000E+00
2.615010000E-01 2.125420000E+01 2.345100000E+01 4.741000000E+00
2.629708000E-01 2.157540000E+01 2.347600000E+01 4.715000000E+00
2.654040000E-01 2.194100000E+01 2.351200000E+01 4.672000000E+00
2.682260000E-01 2.226420000E+01 2.354800000E+01 4.622000000E+00
2.723315000E-01 2.252020000E+01 2.359000000E+01 4.553000000E+00
2.734263000E-01 2.233950000E+01 2.359900000E+01 4.534000000E+00
2.750685000E-01 2.284570000E+01 2.422300000E+01 4.507000000E+00
2.791740000E-01 2.358290000E+01 2.424800000E+01 4.441000000E+00
2.811158000E-01 2.385580000E+01 2.425600000E+01 4.410000000E+00
3.005128000E-01 2.603800000E+01 2.422400000E+01 4.126000000E+00
3.212482000E-01 2.789480000E+01 2.403800000E+01 3.859000000E+00
3.434143000E-01 2.955610000E+01 2.374000000E+01 3.610000000E+00
3.671099000E-01 3.103820000E+01 2.335500000E+01 3.377000000E+00
3.924405000E-01 3.232410000E+01 2.290900000E+01 3.159000000E+00
4.195189000E-01 3.332210000E+01 2.242300000E+01 2.955000000E+00
4.355120000E-01 3.353310000E+01 2.213800000E+01 2.847000000E+00
4.421780000E-01 3.314480000E+01 2.202100000E+01 2.804000000E+00
4.439556000E-01 3.244870000E+01 2.199000000E+01 2.793000000E+00
4.466220000E-01 3.331640000E+01 2.344000000E+01 2.776000000E+00
4.484657000E-01 3.367470000E+01 2.341100000E+01 2.765000000E+00
4.532880000E-01 3.423070000E+01 2.333400000E+01 2.735000000E+00
4.794098000E-01 3.581030000E+01 2.292900000E+01 2.586000000E+00
5.000000000E-01 3.817370000E+01 2.262000000E+01 2.480000000E+00
5.025000000E-01 3.826140000E+01 2.258200000E+01 2.467000000E+00
5.050125000E-01 3.834460000E+01 2.254500000E+01 2.455000000E+00
5.075375600E-01 3.842220000E+01 2.250800000E+01 2.443000000E+00
5.100752500E-01 3.849140000E+01 2.247100000E+01 2.431000000E+00
5.126256300E-01 3.854640000E+01 2.243300000E+01 2.419000000E+00
5.151887500E-01 3.856920000E+01 2.239600000E+01 2.407000000E+00
5.171749300E-01 3.849350000E+01 2.236700000E+01 2.397000000E+00
5.177647000E-01 3.832340000E+01 2.235800000E+01 2.395000000E+00
5.186250500E-01 3.854760000E+01 2.270600000E+01 2.391000000E+00
5.203535200E-01 3.875170000E+01 2.268200000E+01 2.383000000E+00
5.229552900E-01 3.893090000E+01 2.264600000E+01 2.371000000E+00
5.255700700E-01 3.907470000E+01 2.261000000E+01 2.359000000E+00
5.281979200E-01 3.920380000E+01 2.257400000E+01 2.347000000E+00
5.308389100E-01 3.932480000E+01 2.253800000E+01 2.336000000E+00
5.334931000E-01 3.944030000E+01 2.250200000E+01 2.324000000E+00
5.361605700E-01 3.955200000E+01 2.246500000E+01 2.312000000E+00
5.388413700E-01 3.966060000E+01 2.242900000E+01 2.301000000E+00
5.415355800E-01 3.976670000E+01 2.239200000E+01 2.289000000E+00
5.442432500E-01 3.987080000E+01 2.235600000E+01 2.278000000E+00
5.469644700E-01 3.997310000E+01 2.231900000E+01 2.267000000E+00
5.496992900E-01 4.007380000E+01 2.228200000E+01 2.255000000E+00
5.524477900E-01 4.017300000E+01 2.224500000E+01 2.244000000E+00
5.552100300E-01 4.027080000E+01 2.220800000E+01 2.233000000E+00
5.579860800E-01 4.036740000E+01 2.217100000E+01 2.222000000E+00
5.607760100E-01 4.046280000E+01 2.213400000E+01 2.211000000E+00
5.635798900E-01 4.055700000E+01 2.209600000E+01 2.200000000E+00
5.663977900E-01 4.065010000E+01 2.205900000E+01 2.189000000E+00
5.692297800E-01 4.074200000E+01 2.202100000E+01 2.178000000E+00
5.720759300E-01 4.083280000E+01 2.198400000E+01 2.167000000E+00
5.749363000E-01 4.092240000E+01 2.194600000E+01 2.156000000E+00
5.778109900E-01 4.101090000E+01 2.190800000E+01 2.146000000E+00
5.807000400E-01 4.109810000E+01 2.187000000E+01 2.135000000E+00
5.836035400E-01 4.118400000E+01 2.183100000E+01 2.124000000E+00
5.865215600E-01 4.126850000E+01 2.179300000E+01 2.114000000E+00
5.894541700E-01 4.135140000E+01 2.175500000E+01 2.103000000E+00
5.924014400E-01 4.143270000E+01 2.171600000E+01 2.093000000E+00
5.953634500E-01 4.151200000E+01 2.167700000E+01 2.082000000E+00
5.983402600E-01 4.158910000E+01 2.163800000E+01 2.072000000E+00
6.013319600E-01 4.166350000E+01 2.159900000E+01 2.062000000E+00
6.043386200E-01 4.173460000E+01 2.156000000E+01 2.052000000E+00
6.073603200E-01 4.180150000E+01 2.152100000E+01 2.041000000E+00
6.103971200E-01 4.186280000E+01 2.148100000E+01 2.031000000E+00
6.134491000E-01 4.191600000E+01 2.144200000E+01 2.021000000E+00
6.165163500E-01 4.195620000E+01 2.140200000E+01 2.011000000E+00
6.195989300E-01 4.197160000E+01 2.136200000E+01 2.001000000E+00
6.226969300E-01 4.191860000E+01 2.132200000E+01 1.991000000E+00
6.240437500E-01 4.180890000E+01 2.130400000E+01 1.987000000E+00
6.258104100E-01 4.183230000E+01 2.181400000E+01 1.981000000E+00
6.259562500E-01 4.186460000E+01 2.181300000E+01 1.981000000E+00
6.289394600E-01 4.219120000E+01 2.177500000E+01 1.971000000E+00
6.320841600E-01 4.238150000E+01 2.173500000E+01 1.962000000E+00
6.352445800E-01 4.253460000E+01 2.169600000E+01 1.952000000E+00
6.384208000E-01 4.267080000E+01 2.165600000E+01 1.942000000E+00
6.416129100E-01 4.279720000E+01 2.161600000E+01 1.932000000E+00
6.448209700E-01 4.291710000E+01 2.157500000E+01 1.923000000E+00
6.480450800E-01 4.303250000E+01 2.153500000E+01 1.913000000E+00
6.512853000E-01 4.314440000E+01 2.149400000E+01 1.904000000E+00
6.545417300E-01 4.325350000E+01 2.145300000E+01 1.894000000E+00
6.578144400E-01 4.336050000E+01 2.141200000E+01 1.885000000E+00
6.611035100E-01 4.346560000E+01 2.137100000E+01 1.875000000E+00
6.644090300E-01 4.356920000E+01 2.133000000E+01 1.866000000E+00
6.677310700E-01 4.367140000E+01 2.128800000E+01 1.857000000E+00
6.710697300E-01 4.377250000E+01 2.124700000E+01 1.848000000E+00
6.744250800E-01 4.387250000E+01 2.120500000E+01 1.838000000E+00
6.777972000E-01 4.397160000E+01 2.116300000E+01 1.829000000E+00
6.811861900E-01 4.406990000E+01 2.112000000E+01 1.820000000E+00
6.845921200E-01 4.416750000E+01 2.107800000E+01 1.811000000E+00
6.880150800E-01 4.426440000E+01 2.103600000E+01 1.802000000E+00
6.914551500E-01 4.436070000E+01 2.099300000E+01 1.793000000E+00
6.949124300E-01 4.445640000E+01 2.095000000E+01 1.784000000E+00
6.983869900E-01 4.455160000E+01 2.090700000E+01 1.775000000E+00
7.018789300E-01 4.464630000E+01 2.086400000E+01 1.766000000E+00
7.053883200E-01 4.474050000E+01 2.082000000E+01 1.758000000E+00
7.089152600E-01 4.483440000E+01 2.077700000E+01 1.749000000E+00
7.124598400E-01 4.492780000E+01 2.073300000E+01 1.740000000E+00
7.160221400E-01 4.502080000E+01 2.068900000E+01 1.732000000E+00
7.196022500E-01 4.511350000E+01 2.064500000E+01 1.723000000E+00
7.232002600E-01 4.520590000E+01 2.060000000E+01 1.714000000E+00
7.268162600E-01 4.529800000E+01 2.055600000E+01 1.706000000E+00
7.304503400E-01 4.538990000E+01 2.051100000E+01 1.697000000E+00
7.341026000E-01 4.548140000E+01 2.046600000E+01 1.689000000E+00
7.377731100E-01 4.557280000E+01 2.042100000E+01 1.681000000E+00
7.414619700E-01 4.566400000E+01 2.037600000E+01 1.672000000E+00
7.451692800E-01 4.575500000E+01 2.033000000E+01 1.664000000E+00
7.488951300E-01 4.584580000E+01 2.028500000E+01 1.656000000E+00
7.526396100E-01 4.593660000E+01 2.023800000E+01 1.647000000E+00
7.564028000E-01 4.602700000E+01 2.019100000E+01 1.639000000E+00
7.601848200E-01 4.611710000E+01 2.014400000E+01 1.631000000E+00
7.639857400E-01 4.620730000E+01 2.008700000E+01 1.623000000E+00
7.678056700E-01 4.629690000E+01 2.001600000E+01 1.615000000E+00
7.716447000E-01 4.638520000E+01 1.994500000E+01 1.607000000E+00
7.755029200E-01 4.647240000E+01 1.987400000E+01 1.599000000E+00
7.793804400E-01 4.655840000E+01 1.980300000E+01 1.591000000E+00
7.832773400E-01 4.666030000E+01 1.973200000E+01 1.583000000E+00
7.871937300E-01 4.674420000E+01 1.966100000E+01 1.575000000E+00
7.911296900E-01 4.682710000E+01 1.958900000E+01 1.567000000E+00
7.950853400E-01 4.690890000E+01 1.951800000E+01 1.559000000E+00
7.990607700E-01 4.698960000E+01 1.944700000E+01 1.552000000E+00
8.030560700E-01 4.706940000E+01 1.937600000E+01 1.544000000E+00
8.070713500E-01 4.714810000E+01 1.930500000E+01 1.536000000E+00
8.111067100E-01 4.722590000E+01 1.923300000E+01 1.529000000E+00
8.151622400E-01 4.730280000E+01 1.916200000E+01 1.521000000E+00
8.192380600E-01 4.737870000E+01 1.909100000E+01 1.513000000E+00
8.233342500E-01 4.746420000E+01 1.902000000E+01 1.506000000E+00
8.274509200E-01 4.753850000E+01 1.894900000E+01 1.498000000E+00
8.315881700E-01 4.761190000E+01 1.887800000E+01 1.491000000E+00
8.357461100E-01 4.768460000E+01 1.880700000E+01 1.484000000E+00
8.399248400E-01 4.775640000E+01 1.873600000E+01 1.476000000E+00
8.441244700E-01 4.782740000E+01 1.866500000E+01 1.469000000E+00
8.483450900E-01 4.789770000E+01 1.859400000E+01 1.461000000E+00
8.525868200E-01 4.796720000E+01 1.852300000E+01 1.454000000E+00
8.568497500E-01 4.803600000E+01 1.845200000E+01 1.447000000E+00
8.611340000E-01 4.810420000E+01 1.838100000E+01 1.440000000E+00
8.654396700E-01 4.817170000E+01 1.831100000E+01 1.433000000E+00
8.697668700E-01 4.823860000E+01 1.824000000E+01 1.425000000E+00
8.741157000E-01 4.830490000E+01 1.816900000E+01 1.418000000E+00
8.784862800E-01 4.837060000E+01 1.809900000E+01 1.411000000E+00
8.828787100E-01 4.843560000E+01 1.802800000E+01 1.404000000E+00
8.872931000E-01 4.850010000E+01 1.795700000E+01 1.397000000E+00
8.917295700E-01 4.856410000E+01 1.788700000E+01 1.390000000E+00
8.961882200E-01 4.862750000E+01 1.781600000E+01 1.383000000E+00
9.006691600E-01 4.869050000E+01 1.774600000E+01 1.377000000E+00
9.051725000E-01 4.875310000E+01 1.767600000E+01 1.370000000E+00
9.096983700E-01 4.881520000E+01 1.760500000E+01 1.363000000E+00
9.142468600E-01 4.887710000E+01 1.753500000E+01 1.356000000E+00
9.188180900E-01 4.893860000E+01 1.746500000E+01 1.349000000E+00
9.234121800E-01 4.899990000E+01 1.739500000E+01 1.343000000E+00
9.280292400E-01 4.906100000E+01 1.732600000E+01 1.336000000E+00
9.326693900E-01 4.912200000E+01 1.725600000E+01 1.329000000E+00
9.373327400E-01 4.918300000E+01 1.718700000E+01 1.323000000E+00
9.420194000E-01 4.924390000E+01 1.711700000E+01 1.316000000E+00
9.467295000E-01 4.930500000E+01 1.704800000E+01 1.310000000E+00
9.514631500E-01 4.936630000E+01 1.697900000E+01 1.303000000E+00
9.562204600E-01 4.942790000E+01 1.691000000E+01 1.297000000E+00
9.610015600E-01 4.948990000E+01 1.684200000E+01 1.290000000E+00
9.658065700E-01 4.955250000E+01 1.677300000E+01 1.284000000E+00
9.706356000E-01 4.961580000E+01 1.670500000E+01 1.277000000E+00
9.754887800E-01 4.968000000E+01 1.663700000E+01 1.271000000E+00
9.803662300E-01 4.974530000E+01 1.656800000E+01 1.265000000E+00
9.852680600E-01 4.981190000E+01 1.650100000E+01 1.258000000E+00
9.901944000E-01 4.988020000E+01 1.643300000E+01 1.252000000E+00
9.951453700E-01 4.995030000E+01 1.636500000E+01 1.246000000E+00
1.000121100E+00 5.002190000E+01 1.629800000E+01 1.240000000E+00
1.005121700E+00 5.006100000E+01 1.620800000E+01 1.234000000E+00
1.010147300E+00 5.009690000E+01 1.611800000E+01 1.227000000E+00
1.015198000E+00 5.013050000E+01 1.603000000E+01 1.221000000E+00
1.020274000E+00 5.016230000E+01 1.594200000E+01 1.215000000E+00
1.025375400E+00 5.019260000E+01 1.585400000E+01 1.209000000E+00
1.030502300E+00 5.022150000E+01 1.576700000E+01 1.203000000E+00
1.035654800E+00 5.024930000E+01 1.568100000E+01 1.197000000E+00
1.040833100E+00 5.027610000E+01 1.559500000E+01 1.191000000E+00
1.046037200E+00 5.030140000E+01 1.549900000E+01 1.185000000E+00
1.051267400E+00 5.032490000E+01 1.540400000E+01 1.179000000E+00
1.056523800E+00 5.034670000E+01 1.530900000E+01 1.174000000E+00
1.061806400E+00 5.036680000E+01 1.521500000E+01 1.168000000E+00
1.067115400E+00 5.038530000E+01 1.512100000E+01 1.162000000E+00
1.072451000E+00 5.040220000E+01 1.502900000E+01 1.156000000E+00
1.077813200E+00 5.041770000E+01 1.493700000E+01 1.150000000E+00
1.083202300E+00 5.043160000E+01 1.484600000E+01 1.145000000E+00
1.088618300E+00 5.044420000E+01 1.475500000E+01 1.139000000E+00
1.094061400E+00 5.045540000E+01 1.466600000E+01 1.133000000E+00
1.099531700E+00 5.046500000E+01 1.457100000E+01 1.128000000E+00
1.105029400E+00 5.047290000E+01 1.447600000E+01 1.122000000E+00
1.110554500E+00 5.047900000E+01 1.438200000E+01 1.116000000E+00
1.116107300E+00 5.048330000E+01 1.428800000E+01 1.111000000E+00
1.121687800E+00 5.048590000E+01 1.419500000E+01 1.105000000E+00
1.127296300E+00 5.048690000E+01 1.410400000E+01 1.100000000E+00
1.132932800E+00 5.048620000E+01 1.401300000E+01 1.094000000E+00
1.138597400E+00 5.048390000E+01 1.392200000E+01 1.089000000E+00
1.144290400E+00 5.048010000E+01 1.383300000E+01 1.084000000E+00
1.150011900E+00 5.047470000E+01 1.374400000E+01 1.078000000E+00
1.155761900E+00 5.046780000E+01 1.365600000E+01 1.073000000E+00
1.161540700E+00 5.045940000E+01 1.356900000E+01 1.067000000E+00
1.167348400E+00 5.044950000E+01 1.348300000E+01 1.062000000E+00
1.173185200E+00 5.043810000E+01 1.339700000E+01 1.057000000E+00
1.179051100E+00 5.042520000E+01 1.331200000E+01 1.052000000E+00
1.184946400E+00 5.041090000E+01 1.322800000E+01 1.046000000E+00
1.190871100E+00 5.039510000E+01 1.314400000E+01 1.041000000E+00
1.196825400E+00 5.037790000E+01 1.306200000E+01 1.036000000E+00
1.202809600E+00 5.035930000E+01 1.298000000E+01 1.031000000E+00
1.208823600E+00 5.033920000E+01 1.289800000E+01 1.026000000E+00
1.214867700E+00 5.031770000E+01 1.281700000E+01 1.021000000E+00
1.220942100E+00 5.029480000E+01 1.273700000E+01 1.015000000E+00
1.227046800E+00 5.027040000E+01 1.265800000E+01 1.010000000E+00
1.233182000E+00 5.024460000E+01 1.257900000E+01 1.005000000E+00
1.239347900E+00 5.021730000E+01 1.250100000E+01 1.000000000E+00
1.245544700E+00 5.018860000E+01 1.242400000E+01 9.954000000E-01
1.251772400E+00 5.015840000E+01 1.234700000E+01 9.905000000E-01
1.258031200E+00 5.012680000E+01 1.227100000E+01 9.855000000E-01
1.264321400E+00 5.009360000E+01 1.219600000E+01 9.806000000E-01
1.270643000E+00 5.005900000E+01 1.212100000E+01 9.758000000E-01
1.276996200E+00 5.002290000E+01 1.204700000E+01 9.709000000E-01
1.283381200E+00 4.998530000E+01 1.197300000E+01 9.661000000E-01
1.289798100E+00 4.994610000E+01 1.190000000E+01 9.613000000E-01
1.296247100E+00 4.990540000E+01 1.182800000E+01 9.565000000E-01
1.302728300E+00 4.986300000E+01 1.175600000E+01 9.517000000E-01
1.309242000E+00 4.981910000E+01 1.168500000E+01 9.470000000E-01
1.315788200E+00 4.977360000E+01 1.161500000E+01 9.423000000E-01
1.322367100E+00 4.972630000E+01 1.154500000E+01 9.376000000E-01
1.328979000E+00 4.967750000E+01 1.147500000E+01 9.329000000E-01
1.335623900E+00 4.962840000E+01 1.140600000E+01 9.283000000E-01
1.342302000E+00 4.957610000E+01 1.133800000E+01 9.237000000E-01
1.349013500E+00 4.952200000E+01 1.127000000E+01 9.191000000E-01
1.355758600E+00 4.946610000E+01 1.120300000E+01 9.145000000E-01
1.362537400E+00 4.940830000E+01 1.113700000E+01 9.100000000E-01
1.369350000E+00 4.934870000E+01 1.107100000E+01 9.054000000E-01
1.376196800E+00 4.928710000E+01 1.100500000E+01 9.009000000E-01
1.383077800E+00 4.922350000E+01 1.094000000E+01 8.964000000E-01
1.389993200E+00 4.915780000E+01 1.087600000E+01 8.920000000E-01
1.396943100E+00 4.909000000E+01 1.081200000E+01 8.875000000E-01
1.403927800E+00 4.902010000E+01 1.074800000E+01 8.831000000E-01
1.410947500E+00 4.894800000E+01 1.068500000E+01 8.787000000E-01
1.418002200E+00 4.887360000E+01 1.062300000E+01 8.744000000E-01
1.425092200E+00 4.879690000E+01 1.056100000E+01 8.700000000E-01
1.432217700E+00 4.871770000E+01 1.050000000E+01 8.657000000E-01
1.439378800E+00 4.863600000E+01 1.043900000E+01 8.614000000E-01
1.446575700E+00 4.855180000E+01 1.037800000E+01 8.571000000E-01
1.453808600E+00 4.846480000E+01 1.031900000E+01 8.528000000E-01
1.461077600E+00 4.837510000E+01 1.025900000E+01 8.486000000E-01
1.468383000E+00 4.828260000E+01 1.020000000E+01 8.444000000E-01
1.475724900E+00 4.818710000E+01 1.014200000E+01 8.402000000E-01
1.483103500E+00 4.808850000E+01 1.008400000E+01 8.360000000E-01
1.490519000E+00 4.798670000E+01 1.002600000E+01 8.318000000E-01
1.497971600E+00 4.788150000E+01 9.968900000E+00 8.277000000E-01
1.505461500E+00 4.777290000E+01 9.912300000E+00 8.236000000E-01
1.512988800E+00 4.766070000E+01 9.856100000E+00 8.195000000E-01
1.520553700E+00 4.754470000E+01 9.800300000E+00 8.154000000E-01
1.528156500E+00 4.742470000E+01 9.745000000E+00 8.113000000E-01
1.535797300E+00 4.730070000E+01 9.690100000E+00 8.073000000E-01
1.543476300E+00 4.717230000E+01 9.635600000E+00 8.033000000E-01
1.551193700E+00 4.703930000E+01 9.581600000E+00 7.993000000E-01
1.558949600E+00 4.690510000E+01 9.528000000E+00 7.953000000E-01
1.566744400E+00 4.676240000E+01 9.474700000E+00 7.913000000E-01
1.574578100E+00 4.661450000E+01 9.421900000E+00 7.874000000E-01
1.582451000E+00 4.646090000E+01 9.369500000E+00 7.835000000E-01
1.590363300E+00 4.630150000E+01 9.317400000E+00 7.796000000E-01
1.598315100E+00 4.613580000E+01 9.265800000E+00 7.757000000E-01
1.606306600E+00 4.596360000E+01 9.214600000E+00 7.719000000E-01
1.614338200E+00 4.578430000E+01 9.163800000E+00 7.680000000E-01
1.622409900E+00 4.559760000E+01 9.113400000E+00 7.642000000E-01
1.630521900E+00 4.540290000E+01 9.063400000E+00 7.604000000E-01
1.638674500E+00 4.519970000E+01 9.013800000E+00 7.566000000E-01
1.646867900E+00 4.498740000E+01 8.964500000E+00 7.528000000E-01
1.655102200E+00 4.476530000E+01 8.915600000E+00 7.491000000E-01
1.663377700E+00 4.453270000E+01 8.867100000E+00 7.454000000E-01
1.671694600E+00 4.428860000E+01 8.819000000E+00 7.417000000E-01
1.680053100E+00 4.403230000E+01 8.771200000E+00 7.380000000E-01
1.688453400E+00 4.376250000E+01 8.723800000E+00 7.343000000E-01
1.696895600E+00 4.347820000E+01 8.676800000E+00 7.307000000E-01
1.705380100E+00 4.317780000E+01 8.630100000E+00 7.270000000E-01
1.713907000E+00 4.285980000E+01 8.583800000E+00 7.234000000E-01
1.722476600E+00 4.252240000E+01 8.537900000E+00 7.198000000E-01
1.731088900E+00 4.216340000E+01 8.492200000E+00 7.162000000E-01
1.739744400E+00 4.178020000E+01 8.447000000E+00 7.127000000E-01
1.748443100E+00 4.136980000E+01 8.402000000E+00 7.091000000E-01
1.757185300E+00 4.092870000E+01 8.357400000E+00 7.056000000E-01
1.765971200E+00 4.045240000E+01 8.313200000E+00 7.021000000E-01
1.774801100E+00 3.993550000E+01 8.269300000E+00 6.986000000E-01
1.783675100E+00 3.937120000E+01 8.224300000E+00 6.951000000E-01
1.792593500E+00 3.875060000E+01 8.179100000E+00 6.916000000E-01
1.801556500E+00 3.806240000E+01 8.134200000E+00 6.882000000E-01
1.810564200E+00 3.729130000E+01 8.089600000E+00 6.848000000E-01
1.819617100E+00 3.641610000E+01 8.045400000E+00 6.814000000E-01
1.828715100E+00 3.540570000E+01 8.001500000E+00 6.780000000E-01
1.837858700E+00 3.421210000E+01 7.957900000E+00 6.746000000E-01
1.847048000E+00 3.275510000E+01 7.914700000E+00 6.713000000E-01
1.856283300E+00 3.088270000E+01 7.871700000E+00 6.679000000E-01
1.865564700E+00 2.824480000E+01 7.829100000E+00 6.646000000E-01
1.874892500E+00 2.363630000E+01 7.786800000E+00 6.613000000E-01
1.882506500E+00 6.368500000E+00 7.752700000E+00 6.586000000E-01
1.883293500E+00 6.055040000E+00 2.555500000E+01 6.583000000E-01
1.884267000E+00 1.309380000E+01 2.553700000E+01 6.580000000E-01
1.893688300E+00 2.447120000E+01 2.535700000E+01 6.547000000E-01
1.903156700E+00 2.754940000E+01 2.517900000E+01 6.515000000E-01
1.912672500E+00 2.905240000E+01 2.500300000E+01 6.482000000E-01
1.922235900E+00 2.966830000E+01 2.482800000E+01 6.450000000E-01
1.931847100E+00 2.941640000E+01 2.465400000E+01 6.418000000E-01
1.941506300E+00 2.749980000E+01 2.448100000E+01 6.386000000E-01
1.948151600E+00 1.969410000E+01 2.436400000E+01 6.364000000E-01
1.949648400E+00 1.966480000E+01 3.607000000E+01 6.359000000E-01
1.951213800E+00 2.405110000E+01 3.602800000E+01 6.354000000E-01
1.960969900E+00 3.116330000E+01 3.577100000E+01 6.323000000E-01
1.970774700E+00 3.420460000E+01 3.551500000E+01 6.291000000E-01
1.980628600E+00 3.632520000E+01 3.526200000E+01 6.260000000E-01
1.990531800E+00 3.800030000E+01 3.501000000E+01 6.229000000E-01
2.000484400E+00 3.940240000E+01 3.476000000E+01 6.198000000E-01
2.010486800E+00 4.061590000E+01 3.451200000E+01 6.167000000E-01
2.020539300E+00 4.168900000E+01 3.426600000E+01 6.136000000E-01
2.030642000E+00 4.265230000E+01 3.402200000E+01 6.106000000E-01
2.040795200E+00 4.352660000E+01 3.377900000E+01 6.075000000E-01
2.050999200E+00 4.432680000E+01 3.353900000E+01 6.045000000E-01
2.061254200E+00 4.506410000E+01 3.330000000E+01 6.015000000E-01
2.071560400E+00 4.574690000E+01 3.306300000E+01 5.985000000E-01
2.081918200E+00 4.638180000E+01 3.282700000E+01 5.955000000E-01
2.092327800E+00 4.697420000E+01 3.259300000E+01 5.926000000E-01
2.102789500E+00 4.752830000E+01 3.236000000E+01 5.896000000E-01
2.113303400E+00 4.804760000E+01 3.212900000E+01 5.867000000E-01
2.123869900E+00 4.853520000E+01 3.190000000E+01 5.838000000E-01
2.134489300E+00 4.899330000E+01 3.167300000E+01 5.809000000E-01
2.145161700E+00 4.942400000E+01 3.144700000E+01 5.780000000E-01
2.155887500E+00 4.982900000E+01 3.122300000E+01 5.751000000E-01
2.166667000E+00 5.020950000E+01 3.100100000E+01 5.722000000E-01
2.177500300E+00 5.056670000E+01 3.078000000E+01 5.694000000E-01
2.188387800E+00 5.090120000E+01 3.056100000E+01 5.666000000E-01
2.199329700E+00 5.121370000E+01 3.034400000E+01 5.637000000E-01
2.210326400E+00 5.150440000E+01 3.012800000E+01 5.609000000E-01
2.221378000E+00 5.177320000E+01 2.991400000E+01 5.581000000E-01
2.232484900E+00 5.201980000E+01 2.970100000E+01 5.554000000E-01
2.243647300E+00 5.224340000E+01 2.949000000E+01 5.526000000E-01
2.254865600E+00 5.244250000E+01 2.928100000E+01 5.499000000E-01
2.266139900E+00 5.261520000E+01 2.907300000E+01 5.471000000E-01
2.277470600E+00 5.275830000E+01 2.886700000E+01 5.444000000E-01
2.288857900E+00 5.286700000E+01 2.866200000E+01 5.417000000E-01
2.300302200E+00 5.293400000E+01 2.845900000E+01 5.390000000E-01
2.311803700E+00 5.294710000E+01 2.825800000E+01 5.363000000E-01
2.323362800E+00 5.288550000E+01 2.805800000E+01 5.336000000E-01
2.334979600E+00 5.270750000E+01 2.785900000E+01 5.310000000E-01
2.346654500E+00 5.231330000E+01 2.766200000E+01 5.283000000E-01
2.358387800E+00 5.132900000E+01 2.746600000E+01 5.257000000E-01
2.364980100E+00 4.946460000E+01 2.735700000E+01 5.243000000E-01
2.369620000E+00 4.950160000E+01 3.200000000E+01 5.232000000E-01
2.370179700E+00 4.984060000E+01 3.198800000E+01 5.231000000E-01
2.382030600E+00 5.256680000E+01 3.175300000E+01 5.205000000E-01
2.393940700E+00 5.370780000E+01 3.151900000E+01 5.179000000E-01
2.405910400E+00 5.450140000E+01 3.128700000E+01 5.153000000E-01
2.417940000E+00 5.513260000E+01 3.105700000E+01 5.128000000E-01
2.430029700E+00 5.566700000E+01 3.082900000E+01 5.102000000E-01
2.442179800E+00 5.613560000E+01 3.060300000E+01 5.077000000E-01
2.454390700E+00 5.655460000E+01 3.037400000E+01 5.052000000E-01
2.466662700E+00 5.693190000E+01 3.014200000E+01 5.026000000E-01
2.478996000E+00 5.727320000E+01 2.991300000E+01 5.001000000E-01
2.491391000E+00 5.758280000E+01 2.969500000E+01 4.977000000E-01
2.503847900E+00 5.787260000E+01 2.948600000E+01 4.952000000E-01
2.516367200E+00 5.814460000E+01 2.928000000E+01 4.927000000E-01
2.528949000E+00 5.839970000E+01 2.907600000E+01 4.903000000E-01
2.541593800E+00 5.863820000E+01 2.887200000E+01 4.878000000E-01
2.554301700E+00 5.885920000E+01 2.866700000E+01 4.854000000E-01
2.567073200E+00 5.906290000E+01 2.846500000E+01 4.830000000E-01
2.579908600E+00 5.924880000E+01 2.826500000E+01 4.806000000E-01
2.592808200E+00 5.941570000E+01 2.806600000E+01 4.782000000E-01
2.605772200E+00 5.956110000E+01 2.787000000E+01 4.758000000E-01
2.618801100E+00 5.968080000E+01 2.767600000E+01 4.734000000E-01
2.631895100E+00 5.976700000E+01 2.748400000E+01 4.711000000E-01
2.645054500E+00 5.980350000E+01 2.729300000E+01 4.687000000E-01
2.658279800E+00 5.975150000E+01 2.710400000E+01 4.664000000E-01
2.671571200E+00 5.946350000E+01 2.691700000E+01 4.641000000E-01
2.678060400E+00 5.895170000E+01 2.682600000E+01 4.630000000E-01
2.684929100E+00 5.899660000E+01 2.857900000E+01 4.618000000E-01
2.685139800E+00 5.903610000E+01 2.857600000E+01 4.617000000E-01
2.698353700E+00 6.014910000E+01 2.837400000E+01 4.595000000E-01
2.711845500E+00 6.068370000E+01 2.817100000E+01 4.572000000E-01
2.725404700E+00 6.107840000E+01 2.797000000E+01 4.549000000E-01
2.739031700E+00 6.140540000E+01 2.777000000E+01 4.527000000E-01
2.752726900E+00 6.169010000E+01 2.757200000E+01 4.504000000E-01
2.766490500E+00 6.194440000E+01 2.737500000E+01 4.482000000E-01
2.780323000E+00 6.217440000E+01 2.718000000E+01 4.459000000E-01
2.794224600E+00 6.238340000E+01 2.698600000E+01 4.437000000E-01
2.808195700E+00 6.257250000E+01 2.679400000E+01 4.415000000E-01
2.822236700E+00 6.274230000E+01 2.661200000E+01 4.393000000E-01
2.836347900E+00 6.289950000E+01 2.643600000E+01 4.371000000E-01
2.850529600E+00 6.304300000E+01 2.626300000E+01 4.350000000E-01
2.864782300E+00 6.316980000E+01 2.609300000E+01 4.328000000E-01
2.879106200E+00 6.327480000E+01 2.592400000E+01 4.306000000E-01
2.893501700E+00 6.334740000E+01 2.575700000E+01 4.285000000E-01
2.907969200E+00 6.336050000E+01 2.559100000E+01 4.264000000E-01
2.922509100E+00 6.320120000E+01 2.542700000E+01 4.242000000E-01
2.925836600E+00 6.308100000E+01 2.539000000E+01 4.238000000E-01
2.937121600E+00 6.318380000E+01 2.639100000E+01 4.221000000E-01
2.937563400E+00 6.321730000E+01 2.638600000E+01 4.221000000E-01
2.951807200E+00 6.383050000E+01 2.622500000E+01 4.200000000E-01
2.966566200E+00 6.420040000E+01 2.606000000E+01 4.179000000E-01
2.981399100E+00 6.449730000E+01 2.589600000E+01 4.159000000E-01
2.996306100E+00 6.475940000E+01 2.573300000E+01 4.138000000E-01
3.011287600E+00 6.499920000E+01 2.555600000E+01 4.117000000E-01
3.026344000E+00 6.521890000E+01 2.537600000E+01 4.097000000E-01
3.041475800E+00 6.542410000E+01 2.519700000E+01 4.076000000E-01
3.056683100E+00 6.561810000E+01 2.502000000E+01 4.056000000E-01
3.071966600E+00 6.580300000E+01 2.484400000E+01 4.036000000E-01
3.087326400E+00 6.598000000E+01 2.466700000E+01 4.016000000E-01
3.102763000E+00 6.614920000E+01 2.449100000E+01 3.996000000E-01
3.118276800E+00 6.631140000E+01 2.431600000E+01 3.976000000E-01
3.133868200E+00 6.646750000E+01 2.414200000E+01 3.956000000E-01
3.149537600E+00 6.661810000E+01 2.396900000E+01 3.937000000E-01
3.165285300E+00 6.676360000E+01 2.379800000E+01 3.917000000E-01
3.181111700E+00 6.690430000E+01 2.362800000E+01 3.898000000E-01
3.197017200E+00 6.704070000E+01 2.345900000E+01 3.878000000E-01
3.213002300E+00 6.717300000E+01 2.329100000E+01 3.859000000E-01
3.229067300E+00 6.730140000E+01 2.312500000E+01 3.840000000E-01
3.245212700E+00 6.742610000E+01 2.295900000E+01 3.821000000E-01
3.261438700E+00 6.754730000E+01 2.279500000E+01 3.802000000E-01
3.277745900E+00 6.766530000E+01 2.263100000E+01 3.783000000E-01
3.294134700E+00 6.778000000E+01 2.246900000E+01 3.764000000E-01
3.310605300E+00 6.789170000E+01 2.230800000E+01 3.745000000E-01
3.327158400E+00 6.800050000E+01 2.214800000E+01 3.726000000E-01
3.343794100E+00 6.810650000E+01 2.198900000E+01 3.708000000E-01
3.360513100E+00 6.820980000E+01 2.183200000E+01 3.689000000E-01
3.377315700E+00 6.831050000E+01 2.167500000E+01 3.671000000E-01
3.394202300E+00 6.840870000E+01 2.151900000E+01 3.653000000E-01
3.411173300E+00 6.850450000E+01 2.136500000E+01 3.635000000E-01
3.428229100E+00 6.859800000E+01 2.121100000E+01 3.617000000E-01
3.445370300E+00 6.868920000E+01 2.105900000E+01 3.599000000E-01
3.462597100E+00 6.877830000E+01 2.090800000E+01 3.581000000E-01
3.479910100E+00 6.886530000E+01 2.075800000E+01 3.563000000E-01
3.497309700E+00 6.895040000E+01 2.060800000E+01 3.545000000E-01
3.514796200E+00 6.903320000E+01 2.045900000E+01 3.527000000E-01
3.532370200E+00 6.911410000E+01 2.031200000E+01 3.510000000E-01
3.550032100E+00 6.919290000E+01 2.016500000E+01 3.492000000E-01
3.567782200E+00 6.926990000E+01 2.002000000E+01 3.475000000E-01
3.585621100E+00 6.934510000E+01 1.987500000E+01 3.458000000E-01
3.603549200E+00 6.941860000E+01 1.973200000E+01 3.441000000E-01
3.621567000E+00 6.949040000E+01 1.959000000E+01 3.423000000E-01
3.639674800E+00 6.956060000E+01 1.944900000E+01 3.406000000E-01
3.657873200E+00 6.962930000E+01 1.930900000E+01 3.390000000E-01
3.676162600E+00 6.969650000E+01 1.917000000E+01 3.373000000E-01
3.694543400E+00 6.976230000E+01 1.903300000E+01 3.356000000E-01
3.713016100E+00 6.982670000E+01 1.889600000E+01 3.339000000E-01
3.731581200E+00 6.988990000E+01 1.876000000E+01 3.323000000E-01
3.750239100E+00 6.995180000E+01 1.862600000E+01 3.306000000E-01
3.768990300E+00 7.021700000E+01 1.849100000E+01 3.290000000E-01
3.787835200E+00 7.027690000E+01 1.835100000E+01 3.273000000E-01
3.806774400E+00 7.033480000E+01 1.821200000E+01 3.257000000E-01
3.825808300E+00 7.039080000E+01 1.807400000E+01 3.241000000E-01
3.844937300E+00 7.044510000E+01 1.793700000E+01 3.225000000E-01
3.864162000E+00 7.049760000E+01 1.780200000E+01 3.209000000E-01
3.883482800E+00 7.054870000E+01 1.766800000E+01 3.193000000E-01
3.902900200E+00 7.073870000E+01 1.753300000E+01 3.177000000E-01
3.922414700E+00 7.078700000E+01 1.739600000E+01 3.161000000E-01
3.942026800E+00 7.083330000E+01 1.726000000E+01 3.145000000E-01
3.961736900E+00 7.087780000E+01 1.712600000E+01 3.130000000E-01
3.981545600E+00 7.092060000E+01 1.699200000E+01 3.114000000E-01
4.001453300E+00 7.096170000E+01 1.686000000E+01 3.098000000E-01
4.021460600E+00 7.100130000E+01 1.672900000E+01 3.083000000E-01
4.041567900E+00 7.103930000E+01 1.660000000E+01 3.068000000E-01
4.061775700E+00 7.107600000E+01 1.647100000E+01 3.052000000E-01
4.082084600E+00 7.111130000E+01 1.634400000E+01 3.037000000E-01
4.102495000E+00 7.114530000E+01 1.621800000E+01 3.022000000E-01
4.123007500E+00 7.117800000E+01 1.609300000E+01 3.007000000E-01
4.143622600E+00 7.120960000E+01 1.596900000E+01 2.992000000E-01
4.164340700E+00 7.123990000E+01 1.584700000E+01 2.977000000E-01
4.185162400E+00 7.126920000E+01 1.572500000E+01 2.962000000E-01
4.206088200E+00 7.129740000E+01 1.560500000E+01 2.948000000E-01
4.227118600E+00 7.132460000E+01 1.548500000E+01 2.933000000E-01
4.248254200E+00 7.135070000E+01 1.536700000E+01 2.918000000E-01
4.269495500E+00 7.137590000E+01 1.525000000E+01 2.904000000E-01
4.290843000E+00 7.140020000E+01 1.513400000E+01 2.890000000E-01
4.312297200E+00 7.142360000E+01 1.501900000E+01 2.875000000E-01
4.333858700E+00 7.144610000E+01 1.490500000E+01 2.861000000E-01
4.355528000E+00 7.146770000E+01 1.479200000E+01 2.847000000E-01
4.377305600E+00 7.148860000E+01 1.468000000E+01 2.832000000E-01
4.399192100E+00 7.150870000E+01 1.457000000E+01 2.818000000E-01
4.421188100E+00 7.152800000E+01 1.446000000E+01 2.804000000E-01
4.443294000E+00 7.154660000E+01 1.435100000E+01 2.790000000E-01
4.465510500E+00 7.156450000E+01 1.424300000E+01 2.776000000E-01
4.487838100E+00 7.158170000E+01 1.413600000E+01 2.763000000E-01
4.510277200E+00 7.159830000E+01 1.403000000E+01 2.749000000E-01
4.532828600E+00 7.161420000E+01 1.392500000E+01 2.735000000E-01
4.555492800E+00 7.162950000E+01 1.382100000E+01 2.722000000E-01
4.578270200E+00 7.164430000E+01 1.371800000E+01 2.708000000E-01
4.601161600E+00 7.165850000E+01 1.361600000E+01 2.695000000E-01
4.624167400E+00 7.167220000E+01 1.351500000E+01 2.681000000E-01
4.647288200E+00 7.168540000E+01 1.341500000E+01 2.668000000E-01
4.670524700E+00 7.169810000E+01 1.331500000E+01 2.655000000E-01
4.693877300E+00 7.171030000E+01 1.321700000E+01 2.641000000E-01
4.717346700E+00 7.172210000E+01 1.311900000E+01 2.628000000E-01
4.740933400E+00 7.183850000E+01 1.302100000E+01 2.615000000E-01
4.764638100E+00 7.185020000E+01 1.292100000E+01 2.602000000E-01
4.788461300E+00 7.186110000E+01 1.282100000E+01 2.589000000E-01
4.812403600E+00 7.187100000E+01 1.272300000E+01 2.576000000E-01
4.836465600E+00 7.188020000E+01 1.262500000E+01 2.564000000E-01
4.860647900E+00 7.188870000E+01 1.252800000E+01 2.551000000E-01
4.884951200E+00 7.189640000E+01 1.243200000E+01 2.538000000E-01
4.909375900E+00 7.190350000E+01 1.233600000E+01 2.525000000E-01
4.933922800E+00 7.190980000E+01 1.224100000E+01 2.513000000E-01
4.958592400E+00 7.191560000E+01 1.214700000E+01 2.500000000E-01
4.983385400E+00 7.192070000E+01 1.205300000E+01 2.488000000E-01
5.008302300E+00 7.192510000E+01 1.196100000E+01 2.476000000E-01
5.033343800E+00 7.192900000E+01 1.186900000E+01 2.463000000E-01
5.058510500E+00 7.193240000E+01 1.177800000E+01 2.451000000E-01
5.083803100E+00 7.193520000E+01 1.168800000E+01 2.439000000E-01
5.109222100E+00 7.193750000E+01 1.159800000E+01 2.427000000E-01
5.134768200E+00 7.193920000E+01 1.151000000E+01 2.415000000E-01
5.160442100E+00 7.194060000E+01 1.142100000E+01 2.403000000E-01
5.186244300E+00 7.194140000E+01 1.133400000E+01 2.391000000E-01
5.212175500E+00 7.194170000E+01 1.124700000E+01 2.379000000E-01
5.238236400E+00 7.194160000E+01 1.116100000E+01 2.367000000E-01
5.264427600E+00 7.194110000E+01 1.107600000E+01 2.355000000E-01
5.290749700E+00 7.194010000E+01 1.099100000E+01 2.343000000E-01
5.317203400E+00 7.193880000E+01 1.090700000E+01 2.332000000E-01
5.343789500E+00 7.193700000E+01 1.082400000E+01 2.320000000E-01
5.370508400E+00 7.198070000E+01 1.074200000E+01 2.309000000E-01
5.397360900E+00 7.197860000E+01 1.065800000E+01 2.297000000E-01
5.424347700E+00 7.197590000E+01 1.057500000E+01 2.286000000E-01
5.451469500E+00 7.197270000E+01 1.049300000E+01 2.274000000E-01
5.478726800E+00 7.196890000E+01 1.041100000E+01 2.263000000E-01
5.506120500E+00 7.196460000E+01 1.033000000E+01 2.252000000E-01
5.533651100E+00 7.195980000E+01 1.025000000E+01 2.241000000E-01
5.561319300E+00 7.195440000E+01 1.017100000E+01 2.229000000E-01
5.589125900E+00 7.194870000E+01 1.009300000E+01 2.218000000E-01
5.617071600E+00 7.194250000E+01 1.001500000E+01 2.207000000E-01
5.645156900E+00 7.193580000E+01 9.937400000E+00 2.196000000E-01
5.673382700E+00 7.192870000E+01 9.860800000E+00 2.185000000E-01
5.701749600E+00 7.192130000E+01 9.785000000E+00 2.174000000E-01
5.730258400E+00 7.191340000E+01 9.709800000E+00 2.164000000E-01
5.758909600E+00 7.190510000E+01 9.635300000E+00 2.153000000E-01
5.787704200E+00 7.189650000E+01 9.561400000E+00 2.142000000E-01
5.816642700E+00 7.188750000E+01 9.488200000E+00 2.132000000E-01
5.845725900E+00 7.187820000E+01 9.415700000E+00 2.121000000E-01
5.874954600E+00 7.188710000E+01 9.343400000E+00 2.110000000E-01
5.904329300E+00 7.187730000E+01 9.271400000E+00 2.100000000E-01
5.933851000E+00 7.186700000E+01 9.200000000E+00 2.089000000E-01
5.963520200E+00 7.185630000E+01 9.129200000E+00 2.079000000E-01
5.993337800E+00 7.184520000E+01 9.059000000E+00 2.069000000E-01
6.023304500E+00 7.183370000E+01 8.989400000E+00 2.058000000E-01
6.053421000E+00 7.182190000E+01 8.920500000E+00 2.048000000E-01
6.083688200E+00 7.180960000E+01 8.852200000E+00 2.038000000E-01
6.114106600E+00 7.179710000E+01 8.784400000E+00 2.028000000E-01
6.144677100E+00 7.178410000E+01 8.717300000E+00 2.018000000E-01
6.175400500E+00 7.177080000E+01 8.650700000E+00 2.008000000E-01
6.206277500E+00 7.175720000E+01 8.584700000E+00 1.998000000E-01
6.237308900E+00 7.174320000E+01 8.519300000E+00 1.988000000E-01
6.268495400E+00 7.172890000E+01 8.454400000E+00 1.978000000E-01
6.299837900E+00 7.171430000E+01 8.390200000E+00 1.968000000E-01
6.331337100E+00 7.169940000E+01 8.326400000E+00 1.958000000E-01
6.362993800E+00 7.168410000E+01 8.263300000E+00 1.949000000E-01
6.394808800E+00 7.166850000E+01 8.200700000E+00 1.939000000E-01
6.426782800E+00 7.165260000E+01 8.138600000E+00 1.929000000E-01
6.458916700E+00 7.163630000E+01 8.077000000E+00 1.920000000E-01
6.491211300E+00 7.161980000E+01 8.016000000E+00 1.910000000E-01
6.523667400E+00 7.160290000E+01 7.955600000E+00 1.901000000E-01
6.556285700E+00 7.158570000E+01 7.895600000E+00 1.891000000E-01
6.589067100E+00 7.156830000E+01 7.836200000E+00 1.882000000E-01
6.622012500E+00 7.155050000E+01 7.777200000E+00 1.872000000E-01
6.655122500E+00 7.153240000E+01 7.718800000E+00 1.863000000E-01
6.688398100E+00 7.151390000E+01 7.660900000E+00 1.854000000E-01
6.721840100E+00 7.149520000E+01 7.603500000E+00 1.844000000E-01
6.755449300E+00 7.147620000E+01 7.546600000E+00 1.835000000E-01
6.789226600E+00 7.145680000E+01 7.490100000E+00 1.826000000E-01
6.823172700E+00 7.143710000E+01 7.434200000E+00 1.817000000E-01
6.857288600E+00 7.141720000E+01 7.378700000E+00 1.808000000E-01
6.891575000E+00 7.139690000E+01 7.323700000E+00 1.799000000E-01
6.926032900E+00 7.137620000E+01 7.269200000E+00 1.790000000E-01
6.960663100E+00 7.135530000E+01 7.215100000E+00 1.781000000E-01
6.995466400E+00 7.133400000E+01 7.161500000E+00 1.772000000E-01
7.030443700E+00 7.131240000E+01 7.108400000E+00 1.764000000E-01
7.065595900E+00 7.129050000E+01 7.055700000E+00 1.755000000E-01
7.100923900E+00 7.126830000E+01 7.003400000E+00 1.746000000E-01
7.136428500E+00 7.124570000E+01 6.951600000E+00 1.737000000E-01
7.172110700E+00 7.122270000E+01 6.900300000E+00 1.729000000E-01
7.207971200E+00 7.119940000E+01 6.849400000E+00 1.720000000E-01
7.244011100E+00 7.117580000E+01 6.798900000E+00 1.712000000E-01
7.280231100E+00 7.115180000E+01 6.748800000E+00 1.703000000E-01
7.316632300E+00 7.112750000E+01 6.699200000E+00 1.695000000E-01
7.353215500E+00 7.110270000E+01 6.650000000E+00 1.686000000E-01
7.389981500E+00 7.107760000E+01 6.601100000E+00 1.678000000E-01
7.426931400E+00 7.105210000E+01 6.552800000E+00 1.669000000E-01
7.464066100E+00 7.102620000E+01 6.504800000E+00 1.661000000E-01
7.501386400E+00 7.100000000E+01 6.457200000E+00 1.653000000E-01
7.538893400E+00 7.097330000E+01 6.410000000E+00 1.645000000E-01
7.576587800E+00 7.094620000E+01 6.363200000E+00 1.636000000E-01
7.614470800E+00 7.091860000E+01 6.316900000E+00 1.628000000E-01
7.652543100E+00 7.089070000E+01 6.270900000E+00 1.620000000E-01
7.690805800E+00 7.086220000E+01 6.225200000E+00 1.612000000E-01
7.729259900E+00 7.083340000E+01 6.180000000E+00 1.604000000E-01
7.767906200E+00 7.080400000E+01 6.135200000E+00 1.596000000E-01
7.806745700E+00 7.077420000E+01 6.090700000E+00 1.588000000E-01
7.845779400E+00 7.074390000E+01 6.046600000E+00 1.580000000E-01
7.885008300E+00 7.071300000E+01 6.002800000E+00 1.572000000E-01
7.924433400E+00 7.068170000E+01 5.959500000E+00 1.565000000E-01
7.964055500E+00 7.064980000E+01 5.916500000E+00 1.557000000E-01
8.003875800E+00 7.061730000E+01 5.873800000E+00 1.549000000E-01
8.043895200E+00 7.058430000E+01 5.831500000E+00 1.541000000E-01
8.084114700E+00 7.055070000E+01 5.789600000E+00 1.534000000E-01
8.124535200E+00 7.051640000E+01 5.748000000E+00 1.526000000E-01
8.165157900E+00 7.048160000E+01 5.706500000E+00 1.518000000E-01
8.205983700E+00 7.044600000E+01 5.664400000E+00 1.511000000E-01
8.247013600E+00 7.040970000E+01 5.622700000E+00 1.503000000E-01
8.288248700E+00 7.037260000E+01 5.581300000E+00 1.496000000E-01
8.329689900E+00 7.033470000E+01 5.540300000E+00 1.488000000E-01
8.371338400E+00 7.029590000E+01 5.499400000E+00 1.481000000E-01
8.413195100E+00 7.025620000E+01 5.458800000E+00 1.474000000E-01
8.455261000E+00 7.021570000E+01 5.418300000E+00 1.466000000E-01
8.497537300E+00 7.017410000E+01 5.377600000E+00 1.459000000E-01
8.540025000E+00 7.013150000E+01 5.337200000E+00 1.452000000E-01
9.030794000E+00 6.963810000E+01 4.891300000E+00 1.373000000E-01
9.653919000E+00 6.853530000E+01 4.361700000E+00 1.284000000E-01
1.032004000E+01 6.566740000E+01 3.894200000E+00 1.201000000E-01
1.032459000E+01 6.562440000E+01 3.891200000E+00 1.201000000E-01
1.048262000E+01 6.283990000E+01 3.789500000E+00 1.183000000E-01
1.052476000E+01 5.958700000E+01 3.763100000E+00 1.178000000E-01
1.058798000E+01 6.281400000E+01 1.007500000E+01 1.171000000E-01
1.074601000E+01 6.564710000E+01 9.817800000E+00 1.154000000E-01
1.103212000E+01 6.724480000E+01 9.378800000E+00 1.124000000E-01
1.171953000E+01 6.765420000E+01 8.436300000E+00 1.058000000E-01
1.179334000E+01 6.738410000E+01 8.343200000E+00 1.051000000E-01
1.189891000E+01 6.647930000E+01 8.212800000E+00 1.042000000E-01
1.194674000E+01 6.488670000E+01 8.154700000E+00 1.038000000E-01
1.201849000E+01 6.657300000E+01 1.127200000E+01 1.032000000E-01
1.219787000E+01 6.808070000E+01 1.098800000E+01 1.016000000E-01
1.227617000E+01 6.834740000E+01 1.086700000E+01 1.010000000E-01
1.246407000E+01 6.835080000E+01 1.058600000E+01 9.947000000E-02
1.251417000E+01 6.766230000E+01 1.051300000E+01 9.908000000E-02
1.258933000E+01 6.870930000E+01 1.205900000E+01 9.848000000E-02
1.260708000E+01 6.888990000E+01 1.203300000E+01 9.834000000E-02
1.277723000E+01 6.991100000E+01 1.178500000E+01 9.704000000E-02
1.347697000E+01 7.180240000E+01 1.084400000E+01 9.200000000E-02
1.440688000E+01 7.307640000E+01 9.749700000E+00 8.606000000E-02
1.540095000E+01 7.387160000E+01 8.760800000E+00 8.050000000E-02
1.646362000E+01 7.440470000E+01 7.862100000E+00 7.531000000E-02
1.759961000E+01 7.475920000E+01 7.051400000E+00 7.045000000E-02
1.881398000E+01 7.499380000E+01 6.326700000E+00 6.590000000E-02
2.011215000E+01 7.514560000E+01 5.679500000E+00 6.165000000E-02
2.149988000E+01 7.530120000E+01 5.098000000E+00 5.767000000E-02
2.298338000E+01 7.534690000E+01 4.572300000E+00 5.395000000E-02
2.456923000E+01 7.539540000E+01 4.102200000E+00 5.046000000E-02
2.626450000E+01 7.541930000E+01 3.677200000E+00 4.721000000E-02
2.807676000E+01 7.539390000E+01 3.270500000E+00 4.416000000E-02
3.001405000E+01 7.533160000E+01 2.903400000E+00 4.131000000E-02
3.208502000E+01 7.525200000E+01 2.579600000E+00 3.864000000E-02
3.429889000E+01 7.516150000E+01 2.293900000E+00 3.615000000E-02
3.666551000E+01 7.506380000E+01 2.041500000E+00 3.381000000E-02
3.919543000E+01 7.496080000E+01 1.818300000E+00 3.163000000E-02
4.189992000E+01 7.485310000E+01 1.620800000E+00 2.959000000E-02
4.479101000E+01 7.474030000E+01 1.445700000E+00 2.768000000E-02
4.788159000E+01 7.462010000E+01 1.288400000E+00 2.589000000E-02
5.118542000E+01 7.448710000E+01 1.148300000E+00 2.422000000E-02
5.471721000E+01 7.433430000E+01 1.022200000E+00 2.266000000E-02
5.849270000E+01 7.414390000E+01 9.068100000E-01 2.120000000E-02
6.252870000E+01 7.387960000E+01 8.048700000E-01 1.983000000E-02
6.684318000E+01 7.342350000E+01 7.143300000E-01 1.855000000E-02
7.024287000E+01 7.251720000E+01 6.540000000E-01 1.765000000E-02
7.131802000E+01 7.142350000E+01 6.366200000E-01 1.738000000E-02
7.145536000E+01 7.103320000E+01 6.344500000E-01 1.735000000E-02
7.160472000E+01 7.011420000E+01 6.321100000E-01 1.732000000E-02
7.203478000E+01 7.143710000E+01 3.202900000E+00 1.721000000E-02
7.310993000E+01 7.263200000E+01 3.132500000E+00 1.696000000E-02
7.638578000E+01 7.369920000E+01 2.928200000E+00 1.623000000E-02
8.165640000E+01 7.435520000E+01 2.623200000E+00 1.518000000E-02
8.729069000E+01 7.470280000E+01 2.352000000E+00 1.420000000E-02
9.331374000E+01 7.492500000E+01 2.112100000E+00 1.329000000E-02
9.975239000E+01 7.507330000E+01 1.887300000E+00 1.243000000E-02
1.066353000E+02 7.517040000E+01 1.686600000E+00 1.163000000E-02
1.139931000E+02 7.523420000E+01 1.507500000E+00 1.088000000E-02
1.218587000E+02 7.527510000E+01 1.347600000E+00 1.017000000E-02
1.302669000E+02 7.529970000E+01 1.204800000E+00 9.518000000E-03
1.392553000E+02 7.531280000E+01 1.077200000E+00 8.903000000E-03
1.488640000E+02 7.534430000E+01 9.615800000E-01 8.329000000E-03
1.591356000E+02 7.534040000E+01 8.572200000E-01 7.791000000E-03
1.701159000E+02 7.533130000E+01 7.642600000E-01 7.288000000E-03
1.818539000E+02 7.531870000E+01 6.814600000E-01 6.818000000E-03
1.944018000E+02 7.530380000E+01 6.076800000E-01 6.378000000E-03
2.078156000E+02 7.528750000E+01 5.419400000E-01 5.966000000E-03
2.221548000E+02 7.527040000E+01 4.833500000E-01 5.581000000E-03
2.374835000E+02 7.525300000E+01 4.311400000E-01 5.221000000E-03
2.538699000E+02 7.523560000E+01 3.846000000E-01 4.884000000E-03
2.713869000E+02 7.521840000E+01 3.431100000E-01 4.569000000E-03
2.901126000E+02 7.520150000E+01 3.061200000E-01 4.274000000E-03
3.101304000E+02 7.518490000E+01 2.731400000E-01 3.998000000E-03
3.315294000E+02 7.516930000E+01 2.456400000E-01 3.740000000E-03
3.544049000E+02 7.515530000E+01 2.209700000E-01 3.498000000E-03
3.788588000E+02 7.514250000E+01 1.987900000E-01 3.273000000E-03
4.050001000E+02 7.513080000E+01 1.788600000E-01 3.061000000E-03
4.329451000E+02 7.511990000E+01 1.609300000E-01 2.864000000E-03
