# Data retrieved from physics.nist.gov 03/01/2021
# Element, Sc  (Z = 21) 
# Atomic weight, g mol-1 = 44.95590 
# Nominal density, g cm-3 =  2.9800 
# Relativistic correction estimate f_rel(5CL),  e atom-1 =  -4.0800E-02 
# Nuclear Thomson correction f_NT, e atom-1 =  -5.3814E-03 
#    E [keV]      f1 [e atom-1]      f2 [e atom-1]    Wavelength [nm] 
1.069000000E-02 8.431720000E+00 0.000000000E+00 1.160000000E+02
1.142761000E-02 8.420100000E+00 0.000000000E+00 1.085000000E+02
1.221612000E-02 8.406520000E+00 0.000000000E+00 1.015000000E+02
1.305903000E-02 8.390570000E+00 0.000000000E+00 9.494000000E+01
1.396010000E-02 8.371740000E+00 0.000000000E+00 8.881000000E+01
1.492335000E-02 8.349380000E+00 0.000000000E+00 8.308000000E+01
1.595306000E-02 8.322650000E+00 0.000000000E+00 7.772000000E+01
1.705382000E-02 8.290400000E+00 0.000000000E+00 7.270000000E+01
1.823053000E-02 8.251040000E+00 0.000000000E+00 6.801000000E+01
1.948844000E-02 8.202320000E+00 0.000000000E+00 6.362000000E+01
2.083314000E-02 8.140850000E+00 0.000000000E+00 5.951000000E+01
2.227063000E-02 8.061270000E+00 0.000000000E+00 5.567000000E+01
2.380730000E-02 7.954480000E+00 0.000000000E+00 5.208000000E+01
2.545001000E-02 7.803270000E+00 0.000000000E+00 4.872000000E+01
2.720606000E-02 7.569910000E+00 0.000000000E+00 4.557000000E+01
2.908327000E-02 7.147260000E+00 0.000000000E+00 4.263000000E+01
3.109002000E-02 5.989860000E+00 0.000000000E+00 3.988000000E+01
3.165400000E-02 5.067440000E+00 0.000000000E+00 3.917000000E+01
3.213850000E-02 2.642570000E+00 0.000000000E+00 3.858000000E+01
3.226770000E-02 -5.725390000E-01 0.000000000E+00 3.842000000E+01
3.246150000E-02 3.306770000E+00 6.465500000E+00 3.819000000E+01
3.294600000E-02 6.668860000E+00 5.649000000E+00 3.763000000E+01
3.323523000E-02 7.544110000E+00 5.216600000E+00 3.731000000E+01
3.552846000E-02 9.637790000E+00 2.840300000E+00 3.490000000E+01
3.797993000E-02 9.683560000E+00 1.674800000E+00 3.264000000E+01
4.060054000E-02 9.476170000E+00 1.141700000E+00 3.054000000E+01
4.340198000E-02 9.260180000E+00 8.773600000E-01 2.857000000E+01
4.639671000E-02 9.061820000E+00 7.433100000E-01 2.672000000E+01
4.959809000E-02 8.866080000E+00 6.810900000E-01 2.500000000E+01
5.272400000E-02 8.620980000E+00 6.639800000E-01 2.352000000E+01
5.302035000E-02 8.580330000E+00 6.638900000E-01 2.338000000E+01
5.353100000E-02 8.462960000E+00 6.642500000E-01 2.316000000E+01
5.374620000E-02 8.306020000E+00 6.645900000E-01 2.307000000E+01
5.406900000E-02 8.440910000E+00 9.566900000E-01 2.293000000E+01
5.487600000E-02 8.540120000E+00 9.659600000E-01 2.259000000E+01
5.667876000E-02 8.576210000E+00 9.913500000E-01 2.187000000E+01
6.058959000E-02 8.563180000E+00 1.064100000E+00 2.046000000E+01
6.477028000E-02 8.538310000E+00 1.158000000E+00 1.914000000E+01
6.923942000E-02 8.520420000E+00 1.269400000E+00 1.791000000E+01
7.401695000E-02 8.515310000E+00 1.396100000E+00 1.675000000E+01
7.912411000E-02 8.526540000E+00 1.535700000E+00 1.567000000E+01
8.458368000E-02 8.556920000E+00 1.685400000E+00 1.466000000E+01
9.041995000E-02 8.608710000E+00 1.841500000E+00 1.371000000E+01
9.665893000E-02 8.683370000E+00 1.999700000E+00 1.283000000E+01
1.033284000E-01 8.777780000E+00 2.155000000E+00 1.200000000E+01
1.104581000E-01 8.898380000E+00 2.302100000E+00 1.122000000E+01
1.180797000E-01 9.039500000E+00 2.435900000E+00 1.050000000E+01
1.262272000E-01 9.197930000E+00 2.551500000E+00 9.822000000E+00
1.349368000E-01 9.369680000E+00 2.644000000E+00 9.188000000E+00
1.442475000E-01 9.547360000E+00 2.707400000E+00 8.595000000E+00
1.542005000E-01 9.721910000E+00 2.740500000E+00 8.040000000E+00
1.648404000E-01 9.885370000E+00 2.744100000E+00 7.521000000E+00
1.762144000E-01 1.002860000E+01 2.720300000E+00 7.036000000E+00
1.883732000E-01 1.014450000E+01 2.672200000E+00 6.582000000E+00
2.013709000E-01 1.022570000E+01 2.603500000E+00 6.157000000E+00
2.152655000E-01 1.026460000E+01 2.518200000E+00 5.760000000E+00
2.301188000E-01 1.025260000E+01 2.420000000E+00 5.388000000E+00
2.459970000E-01 1.017880000E+01 2.312600000E+00 5.040000000E+00
2.629708000E-01 1.002850000E+01 2.199400000E+00 4.715000000E+00
2.811158000E-01 9.778810000E+00 2.083100000E+00 4.410000000E+00
3.005128000E-01 9.392160000E+00 1.966200000E+00 4.126000000E+00
3.212482000E-01 8.799070000E+00 1.850600000E+00 3.859000000E+00
3.434143000E-01 7.851360000E+00 1.737700000E+00 3.610000000E+00
3.671099000E-01 6.140270000E+00 1.628700000E+00 3.377000000E+00
3.924405000E-01 1.466160000E+00 1.524100000E+00 3.159000000E+00
3.941560000E-01 7.488340000E-01 1.517500000E+00 3.146000000E+00
3.985660000E-01 -2.141250000E+00 1.500600000E+00 3.111000000E+00
4.001890000E-01 -4.202960000E+00 1.494400000E+00 3.098000000E+00
4.017978000E-01 -9.453440000E+00 1.488400000E+00 3.086000000E+00
4.042110000E-01 -5.396440000E+00 1.102100000E+01 3.067000000E+00
4.046665000E-01 -5.052600000E+00 1.100600000E+01 3.064000000E+00
4.062933000E-01 -5.850410000E+00 1.095300000E+01 3.052000000E+00
4.087335000E-01 -1.851440000E+00 1.560300000E+01 3.033000000E+00
4.102440000E-01 -3.087770000E-01 1.553300000E+01 3.022000000E+00
4.148340000E-01 2.495190000E+00 1.532500000E+01 2.989000000E+00
4.195189000E-01 4.283260000E+00 1.511700000E+01 2.955000000E+00
4.484657000E-01 9.510970000E+00 1.393700000E+01 2.765000000E+00
4.794098000E-01 1.183890000E+01 1.282400000E+01 2.586000000E+00
4.903920000E-01 1.216970000E+01 1.245800000E+01 2.528000000E+00
4.978980000E-01 1.189200000E+01 1.221600000E+01 2.490000000E+00
4.998996000E-01 1.117730000E+01 1.215200000E+01 2.480000000E+00
5.029020000E-01 1.216170000E+01 1.366500000E+01 2.465000000E+00
5.104080000E-01 1.324410000E+01 1.342700000E+01 2.429000000E+00
5.124891000E-01 1.343840000E+01 1.336200000E+01 2.419000000E+00
5.478508000E-01 1.550390000E+01 1.232900000E+01 2.263000000E+00
5.856525000E-01 1.683870000E+01 1.135000000E+01 2.117000000E+00
6.260625000E-01 1.783520000E+01 1.041900000E+01 1.980000000E+00
6.692609000E-01 1.860040000E+01 9.537300000E+00 1.853000000E+00
7.154399000E-01 1.919360000E+01 8.711900000E+00 1.733000000E+00
7.648052000E-01 1.965410000E+01 7.943400000E+00 1.621000000E+00
8.175768000E-01 2.001080000E+01 7.231500000E+00 1.516000000E+00
8.739896000E-01 2.028680000E+01 6.571200000E+00 1.419000000E+00
9.342948000E-01 2.049280000E+01 5.959400000E+00 1.327000000E+00
9.987612000E-01 2.064510000E+01 5.398400000E+00 1.241000000E+00
1.067676000E+00 2.075860000E+01 4.864900000E+00 1.161000000E+00
1.141345000E+00 2.082180000E+01 4.378000000E+00 1.086000000E+00
1.220098000E+00 2.084940000E+01 3.936000000E+00 1.016000000E+00
1.304285000E+00 2.084990000E+01 3.536200000E+00 9.506000000E-01
1.394281000E+00 2.082950000E+01 3.175900000E+00 8.892000000E-01
1.490486000E+00 2.079420000E+01 2.852000000E+00 8.318000000E-01
1.593329000E+00 2.075060000E+01 2.561500000E+00 7.781000000E-01
1.703269000E+00 2.069590000E+01 2.290600000E+00 7.279000000E-01
1.820795000E+00 2.062940000E+01 2.048300000E+00 6.809000000E-01
1.946430000E+00 2.055670000E+01 1.833800000E+00 6.370000000E-01
2.080733000E+00 2.048000000E+01 1.639100000E+00 5.959000000E-01
2.224304000E+00 2.039650000E+01 1.463500000E+00 5.574000000E-01
2.377781000E+00 2.030740000E+01 1.308000000E+00 5.214000000E-01
2.541848000E+00 2.021320000E+01 1.170100000E+00 4.878000000E-01
2.717235000E+00 2.011320000E+01 1.047700000E+00 4.563000000E-01
2.904724000E+00 2.000740000E+01 9.390400000E-01 4.268000000E-01
3.105150000E+00 1.988960000E+01 8.340500000E-01 3.993000000E-01
3.319406000E+00 1.973620000E+01 7.345800000E-01 3.735000000E-01
3.548445000E+00 1.954160000E+01 6.476000000E-01 3.494000000E-01
3.793288000E+00 1.927520000E+01 5.714700000E-01 3.269000000E-01
4.055024000E+00 1.885200000E+01 5.047800000E-01 3.058000000E-01
4.334821000E+00 1.787000000E+01 4.463100000E-01 2.860000000E-01
4.402944000E+00 1.729040000E+01 4.337100000E-01 2.816000000E-01
4.470336000E+00 1.579290000E+01 4.218000000E-01 2.773000000E-01
4.488307000E+00 1.398620000E+01 4.187100000E-01 2.762000000E-01
4.515264000E+00 1.582730000E+01 3.976900000E+00 2.746000000E-01
4.582656000E+00 1.749490000E+01 3.869400000E+00 2.706000000E-01
4.633924000E+00 1.805170000E+01 3.790700000E+00 2.676000000E-01
4.953664000E+00 1.949910000E+01 3.381600000E+00 2.503000000E-01
5.295467000E+00 2.013890000E+01 3.040900000E+00 2.341000000E-01
5.660855000E+00 2.053510000E+01 2.742000000E+00 2.190000000E-01
6.051453000E+00 2.081300000E+01 2.464800000E+00 2.049000000E-01
6.469004000E+00 2.100380000E+01 2.206300000E+00 1.917000000E-01
6.915365000E+00 2.113680000E+01 1.972700000E+00 1.793000000E-01
7.392525000E+00 2.122960000E+01 1.762700000E+00 1.677000000E-01
7.902609000E+00 2.129350000E+01 1.574100000E+00 1.569000000E-01
8.447890000E+00 2.133690000E+01 1.405500000E+00 1.468000000E-01
9.030794000E+00 2.140810000E+01 1.253400000E+00 1.373000000E-01
9.653919000E+00 2.142230000E+01 1.107500000E+00 1.284000000E-01
1.032004000E+01 2.142300000E+01 9.783300000E-01 1.201000000E-01
1.103212000E+01 2.141530000E+01 8.642600000E-01 1.124000000E-01
1.179334000E+01 2.140220000E+01 7.635500000E-01 1.051000000E-01
1.260708000E+01 2.138540000E+01 6.746200000E-01 9.834000000E-02
1.347697000E+01 2.136640000E+01 5.960800000E-01 9.200000000E-02
1.440688000E+01 2.134610000E+01 5.267200000E-01 8.606000000E-02
1.540095000E+01 2.132540000E+01 4.654500000E-01 8.050000000E-02
1.646362000E+01 2.130470000E+01 4.113400000E-01 7.531000000E-02
1.759961000E+01 2.128440000E+01 3.635300000E-01 7.045000000E-02
1.881398000E+01 2.126510000E+01 3.212900000E-01 6.590000000E-02
2.011215000E+01 2.124670000E+01 2.830100000E-01 6.165000000E-02
2.149988000E+01 2.122850000E+01 2.484000000E-01 5.767000000E-02
2.298338000E+01 2.121080000E+01 2.180400000E-01 5.395000000E-02
2.456923000E+01 2.119400000E+01 1.913900000E-01 5.046000000E-02
2.626450000E+01 2.117830000E+01 1.680000000E-01 4.721000000E-02
2.807676000E+01 2.116370000E+01 1.466100000E-01 4.416000000E-02
3.001405000E+01 2.114960000E+01 1.277100000E-01 4.131000000E-02
3.208502000E+01 2.113620000E+01 1.112400000E-01 3.864000000E-02
3.429889000E+01 2.112370000E+01 9.690400000E-02 3.615000000E-02
3.666551000E+01 2.111220000E+01 8.441600000E-02 3.381000000E-02
3.919543000E+01 2.110150000E+01 7.353900000E-02 3.163000000E-02
4.189992000E+01 2.109170000E+01 6.406500000E-02 2.959000000E-02
4.479101000E+01 2.108270000E+01 5.581200000E-02 2.768000000E-02
4.788159000E+01 2.107460000E+01 4.862400000E-02 2.589000000E-02
5.118542000E+01 2.106710000E+01 4.236300000E-02 2.422000000E-02
5.471721000E+01 2.106040000E+01 3.690800000E-02 2.266000000E-02
5.849270000E+01 2.105430000E+01 3.215700000E-02 2.120000000E-02
6.252870000E+01 2.104870000E+01 2.801800000E-02 1.983000000E-02
6.684318000E+01 2.104370000E+01 2.441100000E-02 1.855000000E-02
7.145536000E+01 2.103920000E+01 2.127000000E-02 1.735000000E-02
7.638578000E+01 2.103510000E+01 1.853300000E-02 1.623000000E-02
8.165640000E+01 2.103150000E+01 1.613100000E-02 1.518000000E-02
8.729069000E+01 2.102820000E+01 1.400700000E-02 1.420000000E-02
9.331374000E+01 2.102520000E+01 1.216200000E-02 1.329000000E-02
9.975239000E+01 2.102250000E+01 1.056100000E-02 1.243000000E-02
1.066353000E+02 2.102010000E+01 9.170100000E-03 1.163000000E-02
1.139931000E+02 2.101790000E+01 7.962800000E-03 1.088000000E-02
1.218587000E+02 2.101600000E+01 6.914500000E-03 1.017000000E-02
1.302669000E+02 2.101430000E+01 6.004300000E-03 9.518000000E-03
1.392553000E+02 2.101270000E+01 5.214000000E-03 8.903000000E-03
1.488640000E+02 2.101130000E+01 4.527700000E-03 8.329000000E-03
1.591356000E+02 2.101010000E+01 3.931800000E-03 7.791000000E-03
1.701159000E+02 2.100900000E+01 3.414300000E-03 7.288000000E-03
1.818539000E+02 2.100800000E+01 2.965000000E-03 6.818000000E-03
1.944018000E+02 2.100710000E+01 2.574800000E-03 6.378000000E-03
2.078156000E+02 2.100630000E+01 2.236000000E-03 5.966000000E-03
2.221548000E+02 2.100560000E+01 1.941800000E-03 5.581000000E-03
2.374835000E+02 2.100500000E+01 1.686300000E-03 5.221000000E-03
2.538699000E+02 2.100440000E+01 1.464500000E-03 4.884000000E-03
2.713869000E+02 2.100390000E+01 1.271800000E-03 4.569000000E-03
2.901126000E+02 2.100350000E+01 1.104500000E-03 4.274000000E-03
3.101304000E+02 2.100310000E+01 9.591800000E-04 3.998000000E-03
3.315294000E+02 2.100270000E+01 8.330000000E-04 3.740000000E-03
3.544049000E+02 2.100240000E+01 7.234300000E-04 3.498000000E-03
3.788588000E+02 2.100210000E+01 6.282700000E-04 3.273000000E-03
4.050001000E+02 2.100190000E+01 5.456300000E-04 3.061000000E-03
4.329451000E+02 2.100170000E+01 4.738700000E-04 2.864000000E-03
