# Data retrieved from physics.nist.gov 03/01/2021
# Element, Sm  (Z = 62) 
# Atomic weight, g mol-1 = 150.3600 
# Nominal density, g cm-3 =  7.5100 
# Relativistic correction estimate f_rel(5CL),  e atom-1 =  -5.5500E-01 
# Nuclear Thomson correction f_NT, e atom-1 =  -1.4025E-02 
#    E [keV]      f1 [e atom-1]      f2 [e atom-1]    Wavelength [nm] 
5.390000000E-03 1.266270000E+01 0.000000000E+00 2.300000000E+02
5.472500000E-03 1.263950000E+01 0.000000000E+00 2.266000000E+02
5.494500000E-03 1.262000000E+01 0.000000000E+00 2.257000000E+02
5.527500000E-03 1.263290000E+01 3.342800000E-02 2.243000000E+02
5.610000000E-03 1.263840000E+01 3.506700000E-02 2.210000000E+02
1.069000000E-02 1.198950000E+01 1.906500000E-01 1.160000000E+02
1.142761000E-02 1.184530000E+01 2.197500000E-01 1.085000000E+02
1.221612000E-02 1.167140000E+01 2.527000000E-01 1.015000000E+02
1.305903000E-02 1.145880000E+01 2.900900000E-01 9.494000000E+01
1.396010000E-02 1.119360000E+01 3.325400000E-01 8.881000000E+01
1.492335000E-02 1.085390000E+01 3.808000000E-01 8.308000000E+01
1.595306000E-02 1.040230000E+01 4.356700000E-01 7.772000000E+01
1.705382000E-02 9.801800000E+00 4.980600000E-01 7.270000000E+01
1.823053000E-02 8.827030000E+00 5.689500000E-01 6.801000000E+01
1.948844000E-02 7.047720000E+00 6.494200000E-01 6.362000000E+01
2.083314000E-02 1.543670000E+00 7.406000000E-01 5.951000000E+01
2.087400000E-02 1.134150000E+00 7.434500000E-01 5.940000000E+01
2.119350000E-02 -5.426050000E+00 7.659100000E-01 5.850000000E+01
2.127870000E-02 -1.351440000E+01 7.719500000E-01 5.827000000E+01
2.140650000E-02 -4.777910000E+00 1.682300000E+01 5.792000000E+01
2.172600000E-02 2.948110000E+00 1.620500000E+01 5.707000000E+01
2.227063000E-02 7.741650000E+00 1.523000000E+01 5.567000000E+01
2.380730000E-02 1.317910000E+01 1.292900000E+01 5.208000000E+01
2.545001000E-02 1.568560000E+01 1.090700000E+01 4.872000000E+01
2.720606000E-02 1.696970000E+01 9.167500000E+00 4.557000000E+01
2.908327000E-02 1.757760000E+01 7.746600000E+00 4.263000000E+01
3.109002000E-02 1.779180000E+01 6.635100000E+00 3.988000000E+01
3.323523000E-02 1.778050000E+01 5.799900000E+00 3.731000000E+01
3.552846000E-02 1.764670000E+01 5.199500000E+00 3.490000000E+01
3.665200000E-02 1.755850000E+01 4.988000000E+00 3.383000000E+01
3.721300000E-02 1.750590000E+01 4.898800000E+00 3.332000000E+01
3.736260000E-02 1.748300000E+01 4.876800000E+00 3.318000000E+01
3.758700000E-02 1.747640000E+01 4.867000000E+00 3.299000000E+01
3.797993000E-02 1.745360000E+01 4.815500000E+00 3.264000000E+01
3.814800000E-02 1.744230000E+01 4.794900000E+00 3.250000000E+01
4.060054000E-02 1.726850000E+01 4.571200000E+00 3.054000000E+01
4.340198000E-02 1.708900000E+01 4.453400000E+00 2.857000000E+01
4.639671000E-02 1.693490000E+01 4.436300000E+00 2.672000000E+01
4.959809000E-02 1.681510000E+01 4.499400000E+00 2.500000000E+01
5.302035000E-02 1.673500000E+01 4.624400000E+00 2.338000000E+01
5.667876000E-02 1.669460000E+01 4.789500000E+00 2.187000000E+01
6.058959000E-02 1.668870000E+01 4.994100000E+00 2.046000000E+01
6.477028000E-02 1.673180000E+01 5.230700000E+00 1.914000000E+01
6.923942000E-02 1.679340000E+01 5.493100000E+00 1.791000000E+01
7.401695000E-02 1.688620000E+01 5.776700000E+00 1.675000000E+01
7.912411000E-02 1.700750000E+01 6.078100000E+00 1.567000000E+01
8.458368000E-02 1.715340000E+01 6.394500000E+00 1.466000000E+01
9.041995000E-02 1.731750000E+01 6.724500000E+00 1.371000000E+01
9.665893000E-02 1.748820000E+01 7.067000000E+00 1.283000000E+01
1.000000000E-01 2.056520000E+01 7.246000000E+00 1.240000000E+01
1.005000000E-01 2.057660000E+01 7.272500000E+00 1.234000000E+01
1.010025000E-01 2.058780000E+01 7.299100000E+00 1.228000000E+01
1.015075100E-01 2.059870000E+01 7.325700000E+00 1.221000000E+01
1.020150500E-01 2.060920000E+01 7.352500000E+00 1.215000000E+01
1.025251300E-01 2.061940000E+01 7.379200000E+00 1.209000000E+01
1.030377500E-01 2.062910000E+01 7.406100000E+00 1.203000000E+01
1.035529400E-01 2.063880000E+01 7.418100000E+00 1.197000000E+01
1.040707000E-01 2.064730000E+01 7.416700000E+00 1.191000000E+01
1.045910600E-01 2.065400000E+01 7.415000000E+00 1.185000000E+01
1.051140100E-01 2.065880000E+01 7.413200000E+00 1.180000000E+01
1.056395800E-01 2.066160000E+01 7.411100000E+00 1.174000000E+01
1.061677800E-01 2.066220000E+01 7.408800000E+00 1.168000000E+01
1.066986200E-01 2.066070000E+01 7.406300000E+00 1.162000000E+01
1.072321100E-01 2.065690000E+01 7.403600000E+00 1.156000000E+01
1.077682700E-01 2.065060000E+01 7.400700000E+00 1.150000000E+01
1.083071200E-01 2.064170000E+01 7.397600000E+00 1.145000000E+01
1.088486500E-01 2.063010000E+01 7.394300000E+00 1.139000000E+01
1.093928900E-01 2.061550000E+01 7.390700000E+00 1.133000000E+01
1.099398600E-01 2.059790000E+01 7.387000000E+00 1.128000000E+01
1.104895600E-01 2.057690000E+01 7.383000000E+00 1.122000000E+01
1.110420100E-01 2.055240000E+01 7.378900000E+00 1.117000000E+01
1.115972200E-01 2.052400000E+01 7.374500000E+00 1.111000000E+01
1.121552000E-01 2.049150000E+01 7.369900000E+00 1.105000000E+01
1.127159800E-01 2.045500000E+01 7.365100000E+00 1.100000000E+01
1.132795600E-01 2.041310000E+01 7.360200000E+00 1.094000000E+01
1.138459600E-01 2.036590000E+01 7.355000000E+00 1.089000000E+01
1.144151900E-01 2.031290000E+01 7.349600000E+00 1.084000000E+01
1.149872600E-01 2.025350000E+01 7.344000000E+00 1.078000000E+01
1.155622000E-01 2.018710000E+01 7.338100000E+00 1.073000000E+01
1.161400100E-01 2.011280000E+01 7.332100000E+00 1.068000000E+01
1.167207100E-01 2.002990000E+01 7.325900000E+00 1.062000000E+01
1.173043100E-01 1.993720000E+01 7.319500000E+00 1.057000000E+01
1.178908300E-01 1.983360000E+01 7.312900000E+00 1.052000000E+01
1.184802900E-01 1.971750000E+01 7.306100000E+00 1.046000000E+01
1.190726900E-01 1.958720000E+01 7.299000000E+00 1.041000000E+01
1.196680500E-01 1.944060000E+01 7.291800000E+00 1.036000000E+01
1.202663900E-01 1.927500000E+01 7.284400000E+00 1.031000000E+01
1.208677200E-01 1.908720000E+01 7.276800000E+00 1.026000000E+01
1.214720600E-01 1.887310000E+01 7.268900000E+00 1.021000000E+01
1.220794200E-01 1.862730000E+01 7.260900000E+00 1.016000000E+01
1.226898200E-01 1.834290000E+01 7.252700000E+00 1.011000000E+01
1.233032700E-01 1.801070000E+01 7.244300000E+00 1.006000000E+01
1.239197900E-01 1.761780000E+01 7.235700000E+00 1.001000000E+01
1.245393900E-01 1.714580000E+01 7.226900000E+00 9.955000000E+00
1.251620800E-01 1.656740000E+01 7.217900000E+00 9.906000000E+00
1.257878900E-01 1.583920000E+01 7.208700000E+00 9.857000000E+00
1.264168300E-01 1.488760000E+01 7.199400000E+00 9.808000000E+00
1.270489200E-01 1.357190000E+01 7.189800000E+00 9.759000000E+00
1.276841600E-01 1.157230000E+01 7.180100000E+00 9.710000000E+00
1.283225800E-01 7.868690000E+00 7.170100000E+00 9.662000000E+00
1.289641900E-01 -1.130900000E+01 7.160000000E+00 9.614000000E+00
1.289798700E-01 -1.529590000E+01 7.159800000E+00 9.613000000E+00
1.290201200E-01 -1.513330000E+01 2.913300000E+01 9.610000000E+00
1.296090200E-01 1.001960000E+01 2.785000000E+01 9.566000000E+00
1.302570600E-01 1.582120000E+01 2.653000000E+01 9.518000000E+00
1.309083500E-01 1.918500000E+01 2.529200000E+01 9.471000000E+00
1.315628900E-01 2.150870000E+01 2.413200000E+01 9.424000000E+00
1.322207000E-01 2.323680000E+01 2.304400000E+01 9.377000000E+00
1.328818100E-01 2.457380000E+01 2.202400000E+01 9.330000000E+00
1.335462100E-01 2.563250000E+01 2.106800000E+01 9.284000000E+00
1.342139500E-01 2.648300000E+01 2.017100000E+01 9.238000000E+00
1.348850200E-01 2.717200000E+01 1.933100000E+01 9.192000000E+00
1.355594400E-01 2.773270000E+01 1.854200000E+01 9.146000000E+00
1.362372400E-01 2.818940000E+01 1.780300000E+01 9.101000000E+00
1.369184200E-01 2.856060000E+01 1.710900000E+01 9.055000000E+00
1.376030200E-01 2.886050000E+01 1.645900000E+01 9.010000000E+00
1.382910300E-01 2.910070000E+01 1.584800000E+01 8.965000000E+00
1.389824900E-01 2.929020000E+01 1.527600000E+01 8.921000000E+00
1.396774000E-01 2.943630000E+01 1.473800000E+01 8.876000000E+00
1.403757900E-01 2.954500000E+01 1.423400000E+01 8.832000000E+00
1.410776600E-01 2.962110000E+01 1.376000000E+01 8.788000000E+00
1.417830500E-01 2.966810000E+01 1.331500000E+01 8.745000000E+00
1.424919700E-01 2.968880000E+01 1.290000000E+01 8.701000000E+00
1.432044300E-01 2.968810000E+01 1.251900000E+01 8.658000000E+00
1.439204500E-01 2.967190000E+01 1.216900000E+01 8.615000000E+00
1.446400500E-01 2.964420000E+01 1.184600000E+01 8.572000000E+00
1.453632500E-01 2.960800000E+01 1.154900000E+01 8.529000000E+00
1.460900700E-01 2.956550000E+01 1.127500000E+01 8.487000000E+00
1.468205200E-01 2.951850000E+01 1.102200000E+01 8.445000000E+00
1.475546200E-01 2.946820000E+01 1.078700000E+01 8.403000000E+00
1.482923900E-01 2.941580000E+01 1.056900000E+01 8.361000000E+00
1.490338600E-01 2.936220000E+01 1.036700000E+01 8.319000000E+00
1.497790300E-01 2.930780000E+01 1.017800000E+01 8.278000000E+00
1.505279200E-01 2.925340000E+01 1.000300000E+01 8.237000000E+00
1.512805600E-01 2.919920000E+01 9.839000000E+00 8.196000000E+00
1.520369600E-01 2.914570000E+01 9.685800000E+00 8.155000000E+00
1.527971500E-01 2.909300000E+01 9.542400000E+00 8.114000000E+00
1.535611300E-01 2.904140000E+01 9.407900000E+00 8.074000000E+00
1.543289400E-01 2.899100000E+01 9.281600000E+00 8.034000000E+00
1.551005800E-01 2.894190000E+01 9.162800000E+00 7.994000000E+00
1.558760900E-01 2.889410000E+01 9.051000000E+00 7.954000000E+00
1.566554700E-01 2.884780000E+01 8.945500000E+00 7.914000000E+00
1.574387500E-01 2.880300000E+01 8.845800000E+00 7.875000000E+00
1.582259400E-01 2.875960000E+01 8.751600000E+00 7.836000000E+00
1.590170700E-01 2.871770000E+01 8.662300000E+00 7.797000000E+00
1.598121500E-01 2.867730000E+01 8.577700000E+00 7.758000000E+00
1.606112100E-01 2.863820000E+01 8.497300000E+00 7.720000000E+00
1.614142700E-01 2.860060000E+01 8.420800000E+00 7.681000000E+00
1.622213400E-01 2.856440000E+01 8.348000000E+00 7.643000000E+00
1.630324500E-01 2.852950000E+01 8.278600000E+00 7.605000000E+00
1.638476100E-01 2.849590000E+01 8.212400000E+00 7.567000000E+00
1.646668500E-01 2.846350000E+01 8.149100000E+00 7.529000000E+00
1.654901800E-01 2.843240000E+01 8.088500000E+00 7.492000000E+00
1.663176300E-01 2.840240000E+01 8.030500000E+00 7.455000000E+00
1.671492200E-01 2.837350000E+01 7.974900000E+00 7.418000000E+00
1.679849700E-01 2.834570000E+01 7.921500000E+00 7.381000000E+00
1.688248900E-01 2.831890000E+01 7.870200000E+00 7.344000000E+00
1.696690200E-01 2.829300000E+01 7.820800000E+00 7.307000000E+00
1.705173600E-01 2.826810000E+01 7.773200000E+00 7.271000000E+00
1.713699500E-01 2.824410000E+01 7.727400000E+00 7.235000000E+00
1.722268000E-01 2.822090000E+01 7.683100000E+00 7.199000000E+00
1.730879300E-01 2.819850000E+01 7.640400000E+00 7.163000000E+00
1.739533700E-01 2.817690000E+01 7.599100000E+00 7.127000000E+00
1.748231400E-01 2.815590000E+01 7.559100000E+00 7.092000000E+00
1.756972600E-01 2.813570000E+01 7.520400000E+00 7.057000000E+00
1.765757400E-01 2.811600000E+01 7.482900000E+00 7.022000000E+00
1.774586200E-01 2.809700000E+01 7.446500000E+00 6.987000000E+00
1.783459100E-01 2.807850000E+01 7.411200000E+00 6.952000000E+00
1.792376400E-01 2.806060000E+01 7.376900000E+00 6.917000000E+00
1.801338300E-01 2.804310000E+01 7.343600000E+00 6.883000000E+00
1.810345000E-01 2.802610000E+01 7.311200000E+00 6.849000000E+00
1.819396700E-01 2.800950000E+01 7.279600000E+00 6.815000000E+00
1.828493700E-01 2.799330000E+01 7.248900000E+00 6.781000000E+00
1.837636200E-01 2.797740000E+01 7.219000000E+00 6.747000000E+00
1.846824400E-01 2.796190000E+01 7.189800000E+00 6.713000000E+00
1.856058500E-01 2.794670000E+01 7.161400000E+00 6.680000000E+00
1.865338800E-01 2.793180000E+01 7.133600000E+00 6.647000000E+00
1.874665500E-01 2.791710000E+01 7.106500000E+00 6.614000000E+00
1.884038800E-01 2.790260000E+01 7.080100000E+00 6.581000000E+00
1.893459000E-01 2.788830000E+01 7.054300000E+00 6.548000000E+00
1.902926300E-01 2.787420000E+01 7.029000000E+00 6.515000000E+00
1.912440900E-01 2.786030000E+01 7.004300000E+00 6.483000000E+00
1.922003100E-01 2.784640000E+01 6.980200000E+00 6.451000000E+00
1.931613100E-01 2.783270000E+01 6.956600000E+00 6.419000000E+00
1.941271200E-01 2.781900000E+01 6.933500000E+00 6.387000000E+00
1.950977600E-01 2.780540000E+01 6.911000000E+00 6.355000000E+00
1.960732500E-01 2.779180000E+01 6.888900000E+00 6.323000000E+00
1.970536100E-01 2.777820000E+01 6.867300000E+00 6.292000000E+00
1.980388800E-01 2.776450000E+01 6.846100000E+00 6.261000000E+00
1.990290700E-01 2.775090000E+01 6.825400000E+00 6.229000000E+00
2.000242200E-01 2.773720000E+01 6.805100000E+00 6.198000000E+00
2.010243400E-01 2.772340000E+01 6.785300000E+00 6.168000000E+00
2.020294600E-01 2.770950000E+01 6.765900000E+00 6.137000000E+00
2.030396100E-01 2.769540000E+01 6.746900000E+00 6.106000000E+00
2.040548100E-01 2.768120000E+01 6.728300000E+00 6.076000000E+00
2.050750800E-01 2.766690000E+01 6.710000000E+00 6.046000000E+00
2.061004600E-01 2.765230000E+01 6.692200000E+00 6.016000000E+00
2.071309600E-01 2.763750000E+01 6.674800000E+00 5.986000000E+00
2.081666100E-01 2.762250000E+01 6.657700000E+00 5.956000000E+00
2.092074500E-01 2.760710000E+01 6.641100000E+00 5.926000000E+00
2.102534800E-01 2.759150000E+01 6.624800000E+00 5.897000000E+00
2.113047500E-01 2.757560000E+01 6.608800000E+00 5.868000000E+00
2.123612800E-01 2.755930000E+01 6.593200000E+00 5.838000000E+00
2.134230800E-01 2.754250000E+01 6.578000000E+00 5.809000000E+00
2.144902000E-01 2.752540000E+01 6.563200000E+00 5.780000000E+00
2.155626500E-01 2.750780000E+01 6.548700000E+00 5.752000000E+00
2.166404600E-01 2.748970000E+01 6.534500000E+00 5.723000000E+00
2.177236600E-01 2.747100000E+01 6.520700000E+00 5.695000000E+00
2.188122800E-01 2.745180000E+01 6.507200000E+00 5.666000000E+00
2.199063400E-01 2.743190000E+01 6.494100000E+00 5.638000000E+00
2.210058800E-01 2.741120000E+01 6.481400000E+00 5.610000000E+00
2.221109000E-01 2.738990000E+01 6.468900000E+00 5.582000000E+00
2.232214600E-01 2.736760000E+01 6.456900000E+00 5.554000000E+00
2.243375700E-01 2.734450000E+01 6.445100000E+00 5.527000000E+00
2.254592500E-01 2.732030000E+01 6.433700000E+00 5.499000000E+00
2.265865500E-01 2.729500000E+01 6.422700000E+00 5.472000000E+00
2.277194800E-01 2.726840000E+01 6.412000000E+00 5.445000000E+00
2.288580800E-01 2.724040000E+01 6.401600000E+00 5.418000000E+00
2.300023700E-01 2.721090000E+01 6.391600000E+00 5.391000000E+00
2.311523800E-01 2.717960000E+01 6.381900000E+00 5.364000000E+00
2.323081400E-01 2.714620000E+01 6.372600000E+00 5.337000000E+00
2.334696900E-01 2.711040000E+01 6.363600000E+00 5.311000000E+00
2.346370300E-01 2.707190000E+01 6.354900000E+00 5.284000000E+00
2.358102200E-01 2.703010000E+01 6.346600000E+00 5.258000000E+00
2.369892700E-01 2.698430000E+01 6.338600000E+00 5.232000000E+00
2.381742200E-01 2.693360000E+01 6.331000000E+00 5.206000000E+00
2.393650900E-01 2.687670000E+01 6.323700000E+00 5.180000000E+00
2.405619100E-01 2.681160000E+01 6.316700000E+00 5.154000000E+00
2.417647200E-01 2.673520000E+01 6.310100000E+00 5.128000000E+00
2.429735500E-01 2.664200000E+01 6.303900000E+00 5.103000000E+00
2.441884100E-01 2.652150000E+01 6.297900000E+00 5.077000000E+00
2.454093600E-01 2.634730000E+01 6.292400000E+00 5.052000000E+00
2.466364000E-01 2.601060000E+01 6.287100000E+00 5.027000000E+00
2.472382000E-01 2.548160000E+01 6.284700000E+00 5.015000000E+00
2.475618000E-01 2.547680000E+01 7.338000000E+00 5.008000000E+00
2.478695900E-01 2.582990000E+01 7.337900000E+00 5.002000000E+00
2.491089300E-01 2.624690000E+01 7.337400000E+00 4.977000000E+00
2.503544800E-01 2.641450000E+01 7.337400000E+00 4.952000000E+00
2.516062500E-01 2.651670000E+01 7.337700000E+00 4.928000000E+00
2.528642800E-01 2.658770000E+01 7.338300000E+00 4.903000000E+00
2.541286000E-01 2.663990000E+01 7.339300000E+00 4.879000000E+00
2.553992500E-01 2.667920000E+01 7.340700000E+00 4.855000000E+00
2.566762400E-01 2.670860000E+01 7.342400000E+00 4.830000000E+00
2.579596200E-01 2.672960000E+01 7.344500000E+00 4.806000000E+00
2.592494200E-01 2.674290000E+01 7.347000000E+00 4.782000000E+00
2.605456700E-01 2.674770000E+01 7.349800000E+00 4.759000000E+00
2.618484000E-01 2.674220000E+01 7.353000000E+00 4.735000000E+00
2.631576400E-01 2.672020000E+01 7.356500000E+00 4.711000000E+00
2.644734300E-01 2.665940000E+01 7.360400000E+00 4.688000000E+00
2.654045100E-01 2.648780000E+01 7.363400000E+00 4.672000000E+00
2.657957900E-01 2.649320000E+01 7.696600000E+00 4.665000000E+00
2.671247700E-01 2.672720000E+01 7.702700000E+00 4.641000000E+00
2.684604000E-01 2.681030000E+01 7.709300000E+00 4.618000000E+00
2.698027000E-01 2.686670000E+01 7.716200000E+00 4.595000000E+00
2.711517100E-01 2.691110000E+01 7.723500000E+00 4.573000000E+00
2.725074700E-01 2.694840000E+01 7.731100000E+00 4.550000000E+00
2.738700100E-01 2.698110000E+01 7.739000000E+00 4.527000000E+00
2.752393600E-01 2.701040000E+01 7.747300000E+00 4.505000000E+00
2.766155600E-01 2.703710000E+01 7.755900000E+00 4.482000000E+00
2.779986300E-01 2.706170000E+01 7.764900000E+00 4.460000000E+00
2.793886300E-01 2.708470000E+01 7.774100000E+00 4.438000000E+00
2.807855700E-01 2.710630000E+01 7.783700000E+00 4.416000000E+00
2.821895000E-01 2.712660000E+01 7.793500000E+00 4.394000000E+00
2.836004400E-01 2.714600000E+01 7.803700000E+00 4.372000000E+00
2.850184500E-01 2.716450000E+01 7.814100000E+00 4.350000000E+00
2.864435400E-01 2.718220000E+01 7.824900000E+00 4.328000000E+00
2.878757600E-01 2.719920000E+01 7.836000000E+00 4.307000000E+00
2.893151400E-01 2.721570000E+01 7.847300000E+00 4.285000000E+00
2.907617100E-01 2.723160000E+01 7.859000000E+00 4.264000000E+00
2.922155200E-01 2.724700000E+01 7.870900000E+00 4.243000000E+00
2.936766000E-01 2.726190000E+01 7.883100000E+00 4.222000000E+00
2.951449800E-01 2.727640000E+01 7.895600000E+00 4.201000000E+00
2.966207100E-01 2.729060000E+01 7.908400000E+00 4.180000000E+00
2.981038100E-01 2.730440000E+01 7.921400000E+00 4.159000000E+00
2.995943300E-01 2.731790000E+01 7.934700000E+00 4.138000000E+00
3.010923000E-01 2.733110000E+01 7.948200000E+00 4.118000000E+00
3.025977600E-01 2.734400000E+01 7.962000000E+00 4.097000000E+00
3.041107500E-01 2.735660000E+01 7.976100000E+00 4.077000000E+00
3.056313000E-01 2.736900000E+01 7.990300000E+00 4.057000000E+00
3.071594600E-01 2.738100000E+01 8.004900000E+00 4.036000000E+00
3.086952600E-01 2.739280000E+01 8.019600000E+00 4.016000000E+00
3.102387300E-01 2.740420000E+01 8.034500000E+00 3.996000000E+00
3.117899300E-01 2.741540000E+01 8.049700000E+00 3.977000000E+00
3.133488800E-01 2.742620000E+01 8.065100000E+00 3.957000000E+00
3.149156200E-01 2.743670000E+01 8.080700000E+00 3.937000000E+00
3.164902000E-01 2.744680000E+01 8.096500000E+00 3.917000000E+00
3.180726500E-01 2.745650000E+01 8.112400000E+00 3.898000000E+00
3.196630100E-01 2.746570000E+01 8.128600000E+00 3.879000000E+00
3.212613300E-01 2.747430000E+01 8.144900000E+00 3.859000000E+00
3.228676400E-01 2.748230000E+01 8.161400000E+00 3.840000000E+00
3.244819700E-01 2.748960000E+01 8.178100000E+00 3.821000000E+00
3.261043800E-01 2.749590000E+01 8.194900000E+00 3.802000000E+00
3.277349100E-01 2.750130000E+01 8.211800000E+00 3.783000000E+00
3.293735800E-01 2.750530000E+01 8.228900000E+00 3.764000000E+00
3.310204500E-01 2.750770000E+01 8.246200000E+00 3.746000000E+00
3.326755500E-01 2.750800000E+01 8.263500000E+00 3.727000000E+00
3.343389300E-01 2.750570000E+01 8.281000000E+00 3.708000000E+00
3.360106200E-01 2.749980000E+01 8.298600000E+00 3.690000000E+00
3.376906800E-01 2.748890000E+01 8.316300000E+00 3.672000000E+00
3.393791300E-01 2.747050000E+01 8.334000000E+00 3.653000000E+00
3.410760200E-01 2.743950000E+01 8.351900000E+00 3.635000000E+00
3.427814000E-01 2.738410000E+01 8.369800000E+00 3.617000000E+00
3.444953100E-01 2.725780000E+01 8.387800000E+00 3.599000000E+00
3.453231800E-01 2.707430000E+01 8.396500000E+00 3.590000000E+00
3.460768100E-01 2.708340000E+01 8.928100000E+00 3.583000000E+00
3.462177900E-01 2.713810000E+01 8.929600000E+00 3.581000000E+00
3.479488800E-01 2.740450000E+01 8.948800000E+00 3.563000000E+00
3.496886200E-01 2.752210000E+01 8.968100000E+00 3.546000000E+00
3.514370600E-01 2.760540000E+01 8.987400000E+00 3.528000000E+00
3.531942500E-01 2.767290000E+01 9.006700000E+00 3.510000000E+00
3.549602200E-01 2.773160000E+01 9.026100000E+00 3.493000000E+00
3.567350200E-01 2.778450000E+01 9.045400000E+00 3.476000000E+00
3.585187000E-01 2.783360000E+01 9.064800000E+00 3.458000000E+00
3.603112900E-01 2.787980000E+01 9.084100000E+00 3.441000000E+00
3.621128500E-01 2.792390000E+01 9.103500000E+00 3.424000000E+00
3.639234100E-01 2.796640000E+01 9.122800000E+00 3.407000000E+00
3.657430300E-01 2.800770000E+01 9.142000000E+00 3.390000000E+00
3.675717400E-01 2.804790000E+01 9.161200000E+00 3.373000000E+00
3.694096000E-01 2.808740000E+01 9.180400000E+00 3.356000000E+00
3.712566500E-01 2.812630000E+01 9.199500000E+00 3.340000000E+00
3.731129300E-01 2.816460000E+01 9.218500000E+00 3.323000000E+00
3.749785000E-01 2.820260000E+01 9.237500000E+00 3.306000000E+00
3.768533900E-01 2.824030000E+01 9.256300000E+00 3.290000000E+00
3.787376600E-01 2.827770000E+01 9.275100000E+00 3.274000000E+00
3.806313500E-01 2.831490000E+01 9.293800000E+00 3.257000000E+00
3.825345000E-01 2.835200000E+01 9.312300000E+00 3.241000000E+00
3.844471800E-01 2.838900000E+01 9.330700000E+00 3.225000000E+00
3.863694100E-01 2.842600000E+01 9.348900000E+00 3.209000000E+00
3.883012600E-01 2.843660000E+01 9.367000000E+00 3.193000000E+00
3.902427600E-01 2.847350000E+01 9.384900000E+00 3.177000000E+00
3.921939800E-01 2.851030000E+01 9.402600000E+00 3.161000000E+00
3.941549500E-01 2.854720000E+01 9.420100000E+00 3.146000000E+00
3.961257200E-01 2.858410000E+01 9.437500000E+00 3.130000000E+00
3.981063500E-01 2.862110000E+01 9.454600000E+00 3.114000000E+00
4.000968800E-01 2.865810000E+01 9.471500000E+00 3.099000000E+00
4.020973700E-01 2.869520000E+01 9.488100000E+00 3.083000000E+00
4.041078500E-01 2.873240000E+01 9.504500000E+00 3.068000000E+00
4.061283900E-01 2.876960000E+01 9.520700000E+00 3.053000000E+00
4.081590400E-01 2.880690000E+01 9.536600000E+00 3.038000000E+00
4.101998300E-01 2.884430000E+01 9.552200000E+00 3.023000000E+00
4.122508300E-01 2.888170000E+01 9.567600000E+00 3.007000000E+00
4.143120800E-01 2.891930000E+01 9.582800000E+00 2.993000000E+00
4.163836400E-01 2.895690000E+01 9.597600000E+00 2.978000000E+00
4.184655600E-01 2.899460000E+01 9.612200000E+00 2.963000000E+00
4.205578900E-01 2.903240000E+01 9.626500000E+00 2.948000000E+00
4.226606800E-01 2.907020000E+01 9.640500000E+00 2.933000000E+00
4.247739800E-01 2.910820000E+01 9.654200000E+00 2.919000000E+00
4.268978500E-01 2.914620000E+01 9.667600000E+00 2.904000000E+00
4.290323400E-01 2.918420000E+01 9.680700000E+00 2.890000000E+00
4.311775000E-01 2.922240000E+01 9.693500000E+00 2.875000000E+00
4.333333900E-01 2.926060000E+01 9.706000000E+00 2.861000000E+00
4.355000600E-01 2.929880000E+01 9.718100000E+00 2.847000000E+00
4.376775600E-01 2.933720000E+01 9.729900000E+00 2.833000000E+00
4.398659500E-01 2.937550000E+01 9.741300000E+00 2.819000000E+00
4.420652800E-01 2.941390000E+01 9.752400000E+00 2.805000000E+00
4.442756000E-01 2.945240000E+01 9.763200000E+00 2.791000000E+00
4.464969800E-01 2.949080000E+01 9.773600000E+00 2.777000000E+00
4.487294700E-01 2.952930000E+01 9.783600000E+00 2.763000000E+00
4.509731100E-01 2.956780000E+01 9.793300000E+00 2.749000000E+00
4.532279800E-01 2.960630000E+01 9.802600000E+00 2.736000000E+00
4.554941200E-01 2.964490000E+01 9.811600000E+00 2.722000000E+00
4.577715900E-01 2.968340000E+01 9.820100000E+00 2.708000000E+00
4.600604500E-01 2.972190000E+01 9.828300000E+00 2.695000000E+00
4.623607500E-01 2.976040000E+01 9.836100000E+00 2.682000000E+00
4.646725500E-01 2.979880000E+01 9.843500000E+00 2.668000000E+00
4.669959200E-01 2.983720000E+01 9.850500000E+00 2.655000000E+00
4.693309000E-01 2.987560000E+01 9.857200000E+00 2.642000000E+00
4.716775500E-01 2.991390000E+01 9.863400000E+00 2.629000000E+00
4.740359400E-01 2.995220000E+01 9.869200000E+00 2.616000000E+00
4.764061200E-01 2.999040000E+01 9.874700000E+00 2.602000000E+00
4.787881500E-01 3.002850000E+01 9.879700000E+00 2.590000000E+00
4.811820900E-01 3.006650000E+01 9.884300000E+00 2.577000000E+00
4.835880000E-01 3.010440000E+01 9.888500000E+00 2.564000000E+00
4.860059400E-01 3.014230000E+01 9.892300000E+00 2.551000000E+00
4.884359700E-01 3.018000000E+01 9.895700000E+00 2.538000000E+00
4.908781500E-01 3.021760000E+01 9.898700000E+00 2.526000000E+00
4.933325400E-01 3.025500000E+01 9.901200000E+00 2.513000000E+00
4.957992000E-01 3.029230000E+01 9.903400000E+00 2.501000000E+00
4.982782000E-01 3.032950000E+01 9.905100000E+00 2.488000000E+00
5.007695900E-01 3.036650000E+01 9.906400000E+00 2.476000000E+00
5.032734400E-01 3.040330000E+01 9.907300000E+00 2.464000000E+00
5.057898000E-01 3.044000000E+01 9.907800000E+00 2.451000000E+00
5.083187500E-01 3.047650000E+01 9.907800000E+00 2.439000000E+00
5.108603500E-01 3.051280000E+01 9.907500000E+00 2.427000000E+00
5.134146500E-01 3.054880000E+01 9.906700000E+00 2.415000000E+00
5.159817200E-01 3.058470000E+01 9.905500000E+00 2.403000000E+00
5.185616300E-01 3.062040000E+01 9.903800000E+00 2.391000000E+00
5.211544400E-01 3.065580000E+01 9.901600000E+00 2.379000000E+00
5.237602100E-01 3.069090000E+01 9.898900000E+00 2.367000000E+00
5.263790100E-01 3.072580000E+01 9.895700000E+00 2.355000000E+00
5.290109100E-01 3.076040000E+01 9.892000000E+00 2.344000000E+00
5.316559600E-01 3.079460000E+01 9.887800000E+00 2.332000000E+00
5.343142400E-01 3.082860000E+01 9.883100000E+00 2.320000000E+00
5.369858100E-01 3.086220000E+01 9.878000000E+00 2.309000000E+00
5.396707400E-01 3.089540000E+01 9.872300000E+00 2.297000000E+00
5.423691000E-01 3.092830000E+01 9.866200000E+00 2.286000000E+00
5.450809400E-01 3.096070000E+01 9.859500000E+00 2.275000000E+00
5.478063500E-01 3.099280000E+01 9.852400000E+00 2.263000000E+00
5.505453800E-01 3.102440000E+01 9.844900000E+00 2.252000000E+00
5.532981000E-01 3.105560000E+01 9.836800000E+00 2.241000000E+00
5.560646000E-01 3.108630000E+01 9.828400000E+00 2.230000000E+00
5.588449200E-01 3.111660000E+01 9.819400000E+00 2.219000000E+00
5.616391400E-01 3.114640000E+01 9.810000000E+00 2.208000000E+00
5.644473400E-01 3.117570000E+01 9.800200000E+00 2.197000000E+00
5.672695800E-01 3.120440000E+01 9.790000000E+00 2.186000000E+00
5.701059200E-01 3.123270000E+01 9.779300000E+00 2.175000000E+00
5.729564500E-01 3.126040000E+01 9.768100000E+00 2.164000000E+00
5.758212300E-01 3.128750000E+01 9.756600000E+00 2.153000000E+00
5.787003400E-01 3.131410000E+01 9.744700000E+00 2.142000000E+00
5.815938400E-01 3.134010000E+01 9.732300000E+00 2.132000000E+00
5.845018100E-01 3.136550000E+01 9.719500000E+00 2.121000000E+00
5.874243200E-01 3.139030000E+01 9.706400000E+00 2.111000000E+00
5.903614400E-01 3.141440000E+01 9.692800000E+00 2.100000000E+00
5.933132500E-01 3.143790000E+01 9.678900000E+00 2.090000000E+00
5.962798200E-01 3.146080000E+01 9.664600000E+00 2.079000000E+00
5.992612200E-01 3.148300000E+01 9.649900000E+00 2.069000000E+00
6.022575200E-01 3.150450000E+01 9.634900000E+00 2.059000000E+00
6.052688100E-01 3.152530000E+01 9.619500000E+00 2.048000000E+00
6.082951500E-01 3.154540000E+01 9.603700000E+00 2.038000000E+00
6.113366300E-01 3.156470000E+01 9.587600000E+00 2.028000000E+00
6.143933100E-01 3.158340000E+01 9.571200000E+00 2.018000000E+00
6.174652800E-01 3.160130000E+01 9.554400000E+00 2.008000000E+00
6.205526000E-01 3.161840000E+01 9.537300000E+00 1.998000000E+00
6.236553700E-01 3.163470000E+01 9.519900000E+00 1.988000000E+00
6.267736400E-01 3.165020000E+01 9.502100000E+00 1.978000000E+00
6.299075100E-01 3.166500000E+01 9.484100000E+00 1.968000000E+00
6.330570500E-01 3.167890000E+01 9.465700000E+00 1.959000000E+00
6.362223400E-01 3.169190000E+01 9.447100000E+00 1.949000000E+00
6.394034500E-01 3.170410000E+01 9.428100000E+00 1.939000000E+00
6.426004600E-01 3.171550000E+01 9.408900000E+00 1.929000000E+00
6.458134700E-01 3.172590000E+01 9.389400000E+00 1.920000000E+00
6.490425300E-01 3.173540000E+01 9.369600000E+00 1.910000000E+00
6.522877500E-01 3.174400000E+01 9.349600000E+00 1.901000000E+00
6.555491900E-01 3.175170000E+01 9.329300000E+00 1.891000000E+00
6.588269300E-01 3.175850000E+01 9.308800000E+00 1.882000000E+00
6.621210700E-01 3.176420000E+01 9.288000000E+00 1.873000000E+00
6.654316700E-01 3.176900000E+01 9.266900000E+00 1.863000000E+00
6.687588300E-01 3.177270000E+01 9.245700000E+00 1.854000000E+00
6.721026200E-01 3.177550000E+01 9.224200000E+00 1.845000000E+00
6.754631400E-01 3.177720000E+01 9.202500000E+00 1.836000000E+00
6.788404500E-01 3.177780000E+01 9.180500000E+00 1.826000000E+00
6.822346600E-01 3.177740000E+01 9.158400000E+00 1.817000000E+00
6.856458300E-01 3.177580000E+01 9.136100000E+00 1.808000000E+00
6.890740600E-01 3.177310000E+01 9.113500000E+00 1.799000000E+00
6.925194300E-01 3.176930000E+01 9.090800000E+00 1.790000000E+00
6.959820200E-01 3.176430000E+01 9.067900000E+00 1.781000000E+00
6.994619400E-01 3.175820000E+01 9.044800000E+00 1.773000000E+00
7.029592400E-01 3.175080000E+01 9.021500000E+00 1.764000000E+00
7.064740400E-01 3.174220000E+01 8.998000000E+00 1.755000000E+00
7.100064100E-01 3.173230000E+01 8.974300000E+00 1.746000000E+00
7.135564400E-01 3.172110000E+01 8.950500000E+00 1.738000000E+00
7.171242300E-01 3.170860000E+01 8.926500000E+00 1.729000000E+00
7.207098500E-01 3.169480000E+01 8.902400000E+00 1.720000000E+00
7.243134000E-01 3.167960000E+01 8.878100000E+00 1.712000000E+00
7.279349600E-01 3.166300000E+01 8.853700000E+00 1.703000000E+00
7.315746400E-01 3.164500000E+01 8.829200000E+00 1.695000000E+00
7.352325100E-01 3.162550000E+01 8.804500000E+00 1.686000000E+00
7.389086700E-01 3.160460000E+01 8.779700000E+00 1.678000000E+00
7.426032200E-01 3.158670000E+01 8.754800000E+00 1.670000000E+00
7.463162300E-01 3.156270000E+01 8.729800000E+00 1.661000000E+00
7.500478100E-01 3.153710000E+01 8.704600000E+00 1.653000000E+00
7.537980500E-01 3.150980000E+01 8.679400000E+00 1.645000000E+00
7.575670400E-01 3.148090000E+01 8.654000000E+00 1.637000000E+00
7.613548800E-01 3.145020000E+01 8.628600000E+00 1.628000000E+00
7.651616500E-01 3.141780000E+01 8.603100000E+00 1.620000000E+00
7.689874600E-01 3.138360000E+01 8.577500000E+00 1.612000000E+00
7.728324000E-01 3.134750000E+01 8.551800000E+00 1.604000000E+00
7.766965600E-01 3.130950000E+01 8.526000000E+00 1.596000000E+00
7.805800400E-01 3.126950000E+01 8.500100000E+00 1.588000000E+00
7.844829400E-01 3.122760000E+01 8.474200000E+00 1.580000000E+00
7.884053600E-01 3.118360000E+01 8.448200000E+00 1.573000000E+00
7.923473800E-01 3.113740000E+01 8.422200000E+00 1.565000000E+00
7.963091200E-01 3.108910000E+01 8.396100000E+00 1.557000000E+00
8.002906700E-01 3.104020000E+01 8.369900000E+00 1.549000000E+00
8.042921200E-01 3.098730000E+01 8.343700000E+00 1.542000000E+00
8.083135800E-01 3.093200000E+01 8.317400000E+00 1.534000000E+00
8.123551500E-01 3.087420000E+01 8.291100000E+00 1.526000000E+00
8.164169300E-01 3.081380000E+01 8.264800000E+00 1.519000000E+00
8.204990100E-01 3.075080000E+01 8.238400000E+00 1.511000000E+00
8.246015000E-01 3.068510000E+01 8.212000000E+00 1.504000000E+00
8.287245100E-01 3.061660000E+01 8.185500000E+00 1.496000000E+00
8.328681300E-01 3.054510000E+01 8.159100000E+00 1.489000000E+00
8.370324800E-01 3.047050000E+01 8.132600000E+00 1.481000000E+00
8.412176400E-01 3.039280000E+01 8.106000000E+00 1.474000000E+00
8.454237300E-01 3.031190000E+01 8.079500000E+00 1.467000000E+00
8.496508400E-01 3.022750000E+01 8.053000000E+00 1.459000000E+00
8.538991000E-01 3.013960000E+01 8.026400000E+00 1.452000000E+00
8.581685900E-01 3.004800000E+01 7.999800000E+00 1.445000000E+00
8.624594400E-01 2.995250000E+01 7.973300000E+00 1.438000000E+00
8.667717300E-01 2.985310000E+01 7.946700000E+00 1.430000000E+00
8.711055900E-01 2.974940000E+01 7.920100000E+00 1.423000000E+00
8.754611200E-01 2.964140000E+01 7.893600000E+00 1.416000000E+00
8.798384300E-01 2.952880000E+01 7.867000000E+00 1.409000000E+00
8.842376200E-01 2.941130000E+01 7.840400000E+00 1.402000000E+00
8.886588100E-01 2.928880000E+01 7.813900000E+00 1.395000000E+00
8.931021000E-01 2.916110000E+01 7.787300000E+00 1.388000000E+00
8.975676100E-01 2.902770000E+01 7.760800000E+00 1.381000000E+00
9.020554500E-01 2.888840000E+01 7.734300000E+00 1.374000000E+00
9.065657300E-01 2.874300000E+01 7.707800000E+00 1.368000000E+00
9.110985600E-01 2.859090000E+01 7.681400000E+00 1.361000000E+00
9.156540500E-01 2.843200000E+01 7.654900000E+00 1.354000000E+00
9.202323200E-01 2.826560000E+01 7.628500000E+00 1.347000000E+00
9.248334800E-01 2.809150000E+01 7.602100000E+00 1.341000000E+00
9.294576500E-01 2.790900000E+01 7.575700000E+00 1.334000000E+00
9.341049400E-01 2.771760000E+01 7.549400000E+00 1.327000000E+00
9.387754600E-01 2.751670000E+01 7.523100000E+00 1.321000000E+00
9.434693400E-01 2.730560000E+01 7.496900000E+00 1.314000000E+00
9.481866800E-01 2.708360000E+01 7.470600000E+00 1.308000000E+00
9.529276200E-01 2.684980000E+01 7.444500000E+00 1.301000000E+00
9.576922600E-01 2.660320000E+01 7.418300000E+00 1.295000000E+00
9.624807200E-01 2.634290000E+01 7.392200000E+00 1.288000000E+00
9.672931200E-01 2.606760000E+01 7.366100000E+00 1.282000000E+00
9.721295900E-01 2.577590000E+01 7.340100000E+00 1.275000000E+00
9.769902300E-01 2.546630000E+01 7.314200000E+00 1.269000000E+00
9.818751900E-01 2.513700000E+01 7.288200000E+00 1.263000000E+00
9.867845600E-01 2.478600000E+01 7.262400000E+00 1.256000000E+00
9.917184800E-01 2.441080000E+01 7.236500000E+00 1.250000000E+00
9.966770800E-01 2.400860000E+01 7.210800000E+00 1.244000000E+00
1.001660500E+00 2.386230000E+01 7.180100000E+00 1.238000000E+00
1.006668800E+00 2.341000000E+01 7.139700000E+00 1.232000000E+00
1.011702100E+00 2.289830000E+01 7.099500000E+00 1.226000000E+00
1.016760600E+00 2.233850000E+01 7.059600000E+00 1.219000000E+00
1.021844400E+00 2.172450000E+01 7.019900000E+00 1.213000000E+00
1.026953600E+00 2.104710000E+01 6.980600000E+00 1.207000000E+00
1.032088400E+00 2.029420000E+01 6.941400000E+00 1.201000000E+00
1.037248900E+00 1.944930000E+01 6.902500000E+00 1.195000000E+00
1.042435100E+00 1.848950000E+01 6.863900000E+00 1.189000000E+00
1.047647300E+00 1.738240000E+01 6.825600000E+00 1.183000000E+00
1.052885500E+00 1.607870000E+01 6.787400000E+00 1.178000000E+00
1.058149900E+00 1.449860000E+01 6.749600000E+00 1.172000000E+00
1.063440700E+00 1.249790000E+01 6.711800000E+00 1.166000000E+00
1.068757900E+00 9.769010000E+00 6.673500000E+00 1.160000000E+00
1.074101700E+00 5.411250000E+00 6.635400000E+00 1.154000000E+00
1.079472200E+00 -8.484500000E+00 6.597700000E+00 1.149000000E+00
1.080082200E+00 -2.006580000E+01 6.593400000E+00 1.148000000E+00
1.080317700E+00 -2.041320000E+01 2.648000000E+01 1.148000000E+00
1.084869500E+00 2.379730000E+00 2.630700000E+01 1.143000000E+00
1.090293900E+00 6.318120000E+00 2.610400000E+01 1.137000000E+00
1.095745400E+00 7.548980000E+00 2.590300000E+01 1.132000000E+00
1.101224100E+00 6.548650000E+00 2.570300000E+01 1.126000000E+00
1.105813000E+00 -5.440340000E+00 2.553800000E+01 1.121000000E+00
1.106186900E+00 -5.541650000E+00 3.859400000E+01 1.121000000E+00
1.106730200E+00 2.937790000E-01 3.856400000E+01 1.120000000E+00
1.112263900E+00 1.070260000E+01 3.826100000E+01 1.115000000E+00
1.117825200E+00 1.457710000E+01 3.796100000E+01 1.109000000E+00
1.123414300E+00 1.725490000E+01 3.766300000E+01 1.104000000E+00
1.129031400E+00 1.936180000E+01 3.736800000E+01 1.098000000E+00
1.134676500E+00 2.111950000E+01 3.707500000E+01 1.093000000E+00
1.140349900E+00 2.263620000E+01 3.678400000E+01 1.087000000E+00
1.146051700E+00 2.397400000E+01 3.649500000E+01 1.082000000E+00
1.151781900E+00 2.517240000E+01 3.620900000E+01 1.076000000E+00
1.157540800E+00 2.625850000E+01 3.592600000E+01 1.071000000E+00
1.163328500E+00 2.725150000E+01 3.564400000E+01 1.066000000E+00
1.169145200E+00 2.816590000E+01 3.536500000E+01 1.060000000E+00
1.174990900E+00 2.901270000E+01 3.508800000E+01 1.055000000E+00
1.180865900E+00 2.980080000E+01 3.481400000E+01 1.050000000E+00
1.186770200E+00 3.053700000E+01 3.454100000E+01 1.045000000E+00
1.192704000E+00 3.122710000E+01 3.427100000E+01 1.040000000E+00
1.198667600E+00 3.187580000E+01 3.400300000E+01 1.034000000E+00
1.204660900E+00 3.248700000E+01 3.373700000E+01 1.029000000E+00
1.210684200E+00 3.306400000E+01 3.347300000E+01 1.024000000E+00
1.216737600E+00 3.360980000E+01 3.321100000E+01 1.019000000E+00
1.222821300E+00 3.412670000E+01 3.295200000E+01 1.014000000E+00
1.228935400E+00 3.461680000E+01 3.269500000E+01 1.009000000E+00
1.235080100E+00 3.508200000E+01 3.243900000E+01 1.004000000E+00
1.241255500E+00 3.552380000E+01 3.218600000E+01 9.989000000E-01
1.247461800E+00 3.594360000E+01 3.193500000E+01 9.939000000E-01
1.253699100E+00 3.634260000E+01 3.168500000E+01 9.889000000E-01
1.259967600E+00 3.672180000E+01 3.143800000E+01 9.840000000E-01
1.266267400E+00 3.708210000E+01 3.119300000E+01 9.791000000E-01
1.272598800E+00 3.742420000E+01 3.095000000E+01 9.743000000E-01
1.278961800E+00 3.774890000E+01 3.070800000E+01 9.694000000E-01
1.285356600E+00 3.805660000E+01 3.046900000E+01 9.646000000E-01
1.291783300E+00 3.834780000E+01 3.023200000E+01 9.598000000E-01
1.298242300E+00 3.862270000E+01 2.999600000E+01 9.550000000E-01
1.304733500E+00 3.888140000E+01 2.976200000E+01 9.503000000E-01
1.311257100E+00 3.912420000E+01 2.953100000E+01 9.455000000E-01
1.317813400E+00 3.935080000E+01 2.930100000E+01 9.408000000E-01
1.324402500E+00 3.956090000E+01 2.907300000E+01 9.362000000E-01
1.331024500E+00 3.975420000E+01 2.884700000E+01 9.315000000E-01
1.337679600E+00 3.992980000E+01 2.862200000E+01 9.269000000E-01
1.344368000E+00 4.008660000E+01 2.840000000E+01 9.222000000E-01
1.351089900E+00 4.022330000E+01 2.817900000E+01 9.177000000E-01
1.357845300E+00 4.033760000E+01 2.796000000E+01 9.131000000E-01
1.364634500E+00 4.042640000E+01 2.774300000E+01 9.086000000E-01
1.371457700E+00 4.048550000E+01 2.752700000E+01 9.040000000E-01
1.378315000E+00 4.050820000E+01 2.731300000E+01 8.995000000E-01
1.385206600E+00 4.048390000E+01 2.710100000E+01 8.951000000E-01
1.392132600E+00 4.039470000E+01 2.689100000E+01 8.906000000E-01
1.399093300E+00 4.020670000E+01 2.668200000E+01 8.862000000E-01
1.406088700E+00 3.984190000E+01 2.647500000E+01 8.818000000E-01
1.413119200E+00 3.904310000E+01 2.627100000E+01 8.774000000E-01
1.418740900E+00 3.661930000E+01 2.611000000E+01 8.739000000E-01
1.420184800E+00 3.515820000E+01 3.050700000E+01 8.730000000E-01
1.420859200E+00 3.661300000E+01 3.048400000E+01 8.726000000E-01
1.427285700E+00 3.957100000E+01 3.026100000E+01 8.687000000E-01
1.434422100E+00 4.070740000E+01 3.001600000E+01 8.643000000E-01
1.441594200E+00 4.144470000E+01 2.977400000E+01 8.600000000E-01
1.448802200E+00 4.200740000E+01 2.953400000E+01 8.558000000E-01
1.456046200E+00 4.246770000E+01 2.929600000E+01 8.515000000E-01
1.463326500E+00 4.285770000E+01 2.906100000E+01 8.473000000E-01
1.470643100E+00 4.319410000E+01 2.882700000E+01 8.431000000E-01
1.477996300E+00 4.348590000E+01 2.859500000E+01 8.389000000E-01
1.485386300E+00 4.373730000E+01 2.836500000E+01 8.347000000E-01
1.492813200E+00 4.394880000E+01 2.814500000E+01 8.305000000E-01
1.500277300E+00 4.412900000E+01 2.793800000E+01 8.264000000E-01
1.507778700E+00 4.427530000E+01 2.773400000E+01 8.223000000E-01
1.515317600E+00 4.437730000E+01 2.753200000E+01 8.182000000E-01
1.522894200E+00 4.441270000E+01 2.733300000E+01 8.141000000E-01
1.530508600E+00 4.431850000E+01 2.713700000E+01 8.101000000E-01
1.538161200E+00 4.372260000E+01 2.694300000E+01 8.061000000E-01
1.539502800E+00 4.331450000E+01 2.690900000E+01 8.054000000E-01
1.541897100E+00 4.335630000E+01 2.872500000E+01 8.041000000E-01
1.545852000E+00 4.434650000E+01 2.861500000E+01 8.020000000E-01
1.553581200E+00 4.510790000E+01 2.840300000E+01 7.981000000E-01
1.561349100E+00 4.559000000E+01 2.819300000E+01 7.941000000E-01
1.569155900E+00 4.597030000E+01 2.798600000E+01 7.901000000E-01
1.577001700E+00 4.629440000E+01 2.778100000E+01 7.862000000E-01
1.584886700E+00 4.658100000E+01 2.757900000E+01 7.823000000E-01
1.592811100E+00 4.683950000E+01 2.737900000E+01 7.784000000E-01
1.600775200E+00 4.707530000E+01 2.718100000E+01 7.745000000E-01
1.608779000E+00 4.729160000E+01 2.698500000E+01 7.707000000E-01
1.616822900E+00 4.748940000E+01 2.679200000E+01 7.668000000E-01
1.624907000E+00 4.767280000E+01 2.661100000E+01 7.630000000E-01
1.633031600E+00 4.784610000E+01 2.643300000E+01 7.592000000E-01
1.641196700E+00 4.800900000E+01 2.625700000E+01 7.555000000E-01
1.649402700E+00 4.816110000E+01 2.608400000E+01 7.517000000E-01
1.657649700E+00 4.830220000E+01 2.591300000E+01 7.480000000E-01
1.665938000E+00 4.843120000E+01 2.574400000E+01 7.442000000E-01
1.674267700E+00 4.854670000E+01 2.557700000E+01 7.405000000E-01
1.682639000E+00 4.864590000E+01 2.541200000E+01 7.368000000E-01
1.691052200E+00 4.872360000E+01 2.524900000E+01 7.332000000E-01
1.699507500E+00 4.876940000E+01 2.508900000E+01 7.295000000E-01
1.708005000E+00 4.875750000E+01 2.493000000E+01 7.259000000E-01
1.716545000E+00 4.858990000E+01 2.477300000E+01 7.223000000E-01
1.720353600E+00 4.830590000E+01 2.470400000E+01 7.207000000E-01
1.725127800E+00 4.836300000E+01 2.579600000E+01 7.187000000E-01
1.725246400E+00 4.838380000E+01 2.579400000E+01 7.186000000E-01
1.733753400E+00 4.909450000E+01 2.563800000E+01 7.151000000E-01
1.742422200E+00 4.945880000E+01 2.548200000E+01 7.116000000E-01
1.751134300E+00 4.973860000E+01 2.532700000E+01 7.080000000E-01
1.759889900E+00 4.997830000E+01 2.517400000E+01 7.045000000E-01
1.768689400E+00 5.019390000E+01 2.502200000E+01 7.010000000E-01
1.777532800E+00 5.039310000E+01 2.487200000E+01 6.975000000E-01
1.786420500E+00 5.058000000E+01 2.472400000E+01 6.940000000E-01
1.795352600E+00 5.075740000E+01 2.457600000E+01 6.906000000E-01
1.804329400E+00 5.092690000E+01 2.443000000E+01 6.871000000E-01
1.813351000E+00 5.108990000E+01 2.428600000E+01 6.837000000E-01
1.822417800E+00 5.124800000E+01 2.414400000E+01 6.803000000E-01
1.831529900E+00 5.140210000E+01 2.400400000E+01 6.769000000E-01
1.840687500E+00 5.155280000E+01 2.386400000E+01 6.736000000E-01
1.849890900E+00 5.170040000E+01 2.372300000E+01 6.702000000E-01
1.859140400E+00 5.184340000E+01 2.357800000E+01 6.669000000E-01
1.868436100E+00 5.198200000E+01 2.343500000E+01 6.636000000E-01
1.877778300E+00 5.211690000E+01 2.329200000E+01 6.603000000E-01
1.887167200E+00 5.224820000E+01 2.315100000E+01 6.570000000E-01
1.896603000E+00 5.237640000E+01 2.301000000E+01 6.537000000E-01
1.906086000E+00 5.250170000E+01 2.287100000E+01 6.505000000E-01
1.915616500E+00 5.262420000E+01 2.273300000E+01 6.472000000E-01
1.925194500E+00 5.274420000E+01 2.259600000E+01 6.440000000E-01
1.934820500E+00 5.286190000E+01 2.245900000E+01 6.408000000E-01
1.944494600E+00 5.297730000E+01 2.232400000E+01 6.376000000E-01
1.954217100E+00 5.309070000E+01 2.218900000E+01 6.344000000E-01
1.963988200E+00 5.320220000E+01 2.205600000E+01 6.313000000E-01
1.973808100E+00 5.331190000E+01 2.192300000E+01 6.281000000E-01
1.983677200E+00 5.342000000E+01 2.179100000E+01 6.250000000E-01
1.993595500E+00 5.352680000E+01 2.166000000E+01 6.219000000E-01
2.003563500E+00 5.363230000E+01 2.152900000E+01 6.188000000E-01
2.013581300E+00 5.373580000E+01 2.139600000E+01 6.157000000E-01
2.023649200E+00 5.383700000E+01 2.126300000E+01 6.127000000E-01
2.033767500E+00 5.393600000E+01 2.113100000E+01 6.096000000E-01
2.043936300E+00 5.403310000E+01 2.099900000E+01 6.066000000E-01
2.054156000E+00 5.412840000E+01 2.086900000E+01 6.036000000E-01
2.064426800E+00 5.422180000E+01 2.073900000E+01 6.006000000E-01
2.074748900E+00 5.431360000E+01 2.061000000E+01 5.976000000E-01
2.085122700E+00 5.440380000E+01 2.048200000E+01 5.946000000E-01
2.095548300E+00 5.449240000E+01 2.035400000E+01 5.917000000E-01
2.106026000E+00 5.457960000E+01 2.022700000E+01 5.887000000E-01
2.116556200E+00 5.466530000E+01 2.010100000E+01 5.858000000E-01
2.127138900E+00 5.474970000E+01 1.997600000E+01 5.829000000E-01
2.137774600E+00 5.483290000E+01 1.985100000E+01 5.800000000E-01
2.148463500E+00 5.491480000E+01 1.972700000E+01 5.771000000E-01
2.159205800E+00 5.499550000E+01 1.960400000E+01 5.742000000E-01
2.170001800E+00 5.529560000E+01 1.947600000E+01 5.714000000E-01
2.180851900E+00 5.537370000E+01 1.934800000E+01 5.685000000E-01
2.191756100E+00 5.545020000E+01 1.922100000E+01 5.657000000E-01
2.202714900E+00 5.552500000E+01 1.909500000E+01 5.629000000E-01
2.213728500E+00 5.574810000E+01 1.896900000E+01 5.601000000E-01
2.224797100E+00 5.582020000E+01 1.884100000E+01 5.573000000E-01
2.235921100E+00 5.589040000E+01 1.871300000E+01 5.545000000E-01
2.247100700E+00 5.595890000E+01 1.858600000E+01 5.518000000E-01
2.258336200E+00 5.602560000E+01 1.845900000E+01 5.490000000E-01
2.269627900E+00 5.609050000E+01 1.833300000E+01 5.463000000E-01
2.280976000E+00 5.615360000E+01 1.820800000E+01 5.436000000E-01
2.292380900E+00 5.621520000E+01 1.808400000E+01 5.409000000E-01
2.303842800E+00 5.627530000E+01 1.796000000E+01 5.382000000E-01
2.315362000E+00 5.633390000E+01 1.783800000E+01 5.355000000E-01
2.326938800E+00 5.639100000E+01 1.771600000E+01 5.328000000E-01
2.338573500E+00 5.644680000E+01 1.759500000E+01 5.302000000E-01
2.350266400E+00 5.650120000E+01 1.747500000E+01 5.275000000E-01
2.362017700E+00 5.655430000E+01 1.735500000E+01 5.249000000E-01
2.373827800E+00 5.660620000E+01 1.723700000E+01 5.223000000E-01
2.385697000E+00 5.665690000E+01 1.711900000E+01 5.197000000E-01
2.397625400E+00 5.670640000E+01 1.700200000E+01 5.171000000E-01
2.409613600E+00 5.675470000E+01 1.688600000E+01 5.145000000E-01
2.421661600E+00 5.680200000E+01 1.677100000E+01 5.120000000E-01
2.433769900E+00 5.684820000E+01 1.665400000E+01 5.094000000E-01
2.445938800E+00 5.689330000E+01 1.653800000E+01 5.069000000E-01
2.458168500E+00 5.693720000E+01 1.642300000E+01 5.044000000E-01
2.470459300E+00 5.698010000E+01 1.630800000E+01 5.019000000E-01
2.482811600E+00 5.702180000E+01 1.619400000E+01 4.994000000E-01
2.495225700E+00 5.706260000E+01 1.608200000E+01 4.969000000E-01
2.507701800E+00 5.710230000E+01 1.597000000E+01 4.944000000E-01
2.520240300E+00 5.714110000E+01 1.585800000E+01 4.920000000E-01
2.532841500E+00 5.717890000E+01 1.574800000E+01 4.895000000E-01
2.545505700E+00 5.721580000E+01 1.563900000E+01 4.871000000E-01
2.558233300E+00 5.725180000E+01 1.553000000E+01 4.846000000E-01
2.571024400E+00 5.728690000E+01 1.542200000E+01 4.822000000E-01
2.583879600E+00 5.732130000E+01 1.531500000E+01 4.798000000E-01
2.596799000E+00 5.735480000E+01 1.520900000E+01 4.775000000E-01
2.609782900E+00 5.738750000E+01 1.510400000E+01 4.751000000E-01
2.622831900E+00 5.741950000E+01 1.500000000E+01 4.727000000E-01
2.635946000E+00 5.745070000E+01 1.489600000E+01 4.704000000E-01
2.649125700E+00 5.748130000E+01 1.479400000E+01 4.680000000E-01
2.662371400E+00 5.751120000E+01 1.469200000E+01 4.657000000E-01
2.675683200E+00 5.754040000E+01 1.459100000E+01 4.634000000E-01
2.689061700E+00 5.756910000E+01 1.449000000E+01 4.611000000E-01
2.702507000E+00 5.759710000E+01 1.439100000E+01 4.588000000E-01
2.716019500E+00 5.762470000E+01 1.429200000E+01 4.565000000E-01
2.729599600E+00 5.765160000E+01 1.419400000E+01 4.542000000E-01
2.743247600E+00 5.767810000E+01 1.409700000E+01 4.520000000E-01
2.756963800E+00 5.770420000E+01 1.400100000E+01 4.497000000E-01
2.770748600E+00 5.772980000E+01 1.390500000E+01 4.475000000E-01
2.784602400E+00 5.775510000E+01 1.381100000E+01 4.452000000E-01
2.798525400E+00 5.778000000E+01 1.371700000E+01 4.430000000E-01
2.812518000E+00 5.780460000E+01 1.362400000E+01 4.408000000E-01
2.826580600E+00 5.782890000E+01 1.353100000E+01 4.386000000E-01
2.840713500E+00 5.795560000E+01 1.344000000E+01 4.365000000E-01
2.854917100E+00 5.798020000E+01 1.334700000E+01 4.343000000E-01
2.869191700E+00 5.800460000E+01 1.325500000E+01 4.321000000E-01
2.883537600E+00 5.802890000E+01 1.316400000E+01 4.300000000E-01
2.897955300E+00 5.805310000E+01 1.307300000E+01 4.278000000E-01
2.912445100E+00 5.807740000E+01 1.298300000E+01 4.257000000E-01
2.927007300E+00 5.810210000E+01 1.289400000E+01 4.236000000E-01
2.941642400E+00 5.812750000E+01 1.280600000E+01 4.215000000E-01
2.956350600E+00 5.815400000E+01 1.271800000E+01 4.194000000E-01
2.971132300E+00 5.818300000E+01 1.263200000E+01 4.173000000E-01
2.985988000E+00 5.821790000E+01 1.254500000E+01 4.152000000E-01
3.000917900E+00 5.828340000E+01 1.245900000E+01 4.132000000E-01
3.015922500E+00 5.830100000E+01 1.236000000E+01 4.111000000E-01
3.031002100E+00 5.831660000E+01 1.226200000E+01 4.091000000E-01
3.046157100E+00 5.833070000E+01 1.216500000E+01 4.070000000E-01
3.061387900E+00 5.834360000E+01 1.206900000E+01 4.050000000E-01
3.076694900E+00 5.835560000E+01 1.197300000E+01 4.030000000E-01
3.092078300E+00 5.841460000E+01 1.187700000E+01 4.010000000E-01
3.107538700E+00 5.842490000E+01 1.178200000E+01 3.990000000E-01
3.123076400E+00 5.843430000E+01 1.168700000E+01 3.970000000E-01
3.138691800E+00 5.844270000E+01 1.159400000E+01 3.950000000E-01
3.154385300E+00 5.845030000E+01 1.150100000E+01 3.931000000E-01
3.170157200E+00 5.845700000E+01 1.140900000E+01 3.911000000E-01
3.186008000E+00 5.846290000E+01 1.131800000E+01 3.892000000E-01
3.201938000E+00 5.846810000E+01 1.122700000E+01 3.872000000E-01
3.217947700E+00 5.847250000E+01 1.113800000E+01 3.853000000E-01
3.234037400E+00 5.847630000E+01 1.104900000E+01 3.834000000E-01
3.250207600E+00 5.847930000E+01 1.096100000E+01 3.815000000E-01
3.266458700E+00 5.848170000E+01 1.087400000E+01 3.796000000E-01
3.282791000E+00 5.848340000E+01 1.078800000E+01 3.777000000E-01
3.299204900E+00 5.848460000E+01 1.070200000E+01 3.758000000E-01
3.315700900E+00 5.848510000E+01 1.061700000E+01 3.739000000E-01
3.332279400E+00 5.848500000E+01 1.053300000E+01 3.721000000E-01
3.348940800E+00 5.848440000E+01 1.045000000E+01 3.702000000E-01
3.365685600E+00 5.848320000E+01 1.036700000E+01 3.684000000E-01
3.382514000E+00 5.848160000E+01 1.028600000E+01 3.665000000E-01
3.399426500E+00 5.847930000E+01 1.020500000E+01 3.647000000E-01
3.416423700E+00 5.847660000E+01 1.012400000E+01 3.629000000E-01
3.433505800E+00 5.847350000E+01 1.004500000E+01 3.611000000E-01
3.450673300E+00 5.849030000E+01 9.965500000E+00 3.593000000E-01
3.467926700E+00 5.848630000E+01 9.886500000E+00 3.575000000E-01
3.485266300E+00 5.848180000E+01 9.808300000E+00 3.557000000E-01
3.502692700E+00 5.847680000E+01 9.730800000E+00 3.540000000E-01
3.520206100E+00 5.847130000E+01 9.654000000E+00 3.522000000E-01
3.537807200E+00 5.846530000E+01 9.577800000E+00 3.505000000E-01
3.555496200E+00 5.845880000E+01 9.502400000E+00 3.487000000E-01
3.573273700E+00 5.845190000E+01 9.427600000E+00 3.470000000E-01
3.591140000E+00 5.844450000E+01 9.353400000E+00 3.453000000E-01
3.609095700E+00 5.843670000E+01 9.279900000E+00 3.435000000E-01
3.627141200E+00 5.842850000E+01 9.207100000E+00 3.418000000E-01
3.645276900E+00 5.841980000E+01 9.134900000E+00 3.401000000E-01
3.663503300E+00 5.841070000E+01 9.063400000E+00 3.384000000E-01
3.681820800E+00 5.840120000E+01 8.992500000E+00 3.367000000E-01
3.700229900E+00 5.839140000E+01 8.922200000E+00 3.351000000E-01
3.718731100E+00 5.838110000E+01 8.852500000E+00 3.334000000E-01
3.737324700E+00 5.837040000E+01 8.783400000E+00 3.317000000E-01
3.756011400E+00 5.835940000E+01 8.715000000E+00 3.301000000E-01
3.774791400E+00 5.834800000E+01 8.647200000E+00 3.285000000E-01
3.793665400E+00 5.833620000E+01 8.579900000E+00 3.268000000E-01
3.812633700E+00 5.832410000E+01 8.513200000E+00 3.252000000E-01
3.831696900E+00 5.831160000E+01 8.447200000E+00 3.236000000E-01
3.850855400E+00 5.829870000E+01 8.381700000E+00 3.220000000E-01
3.870109600E+00 5.828550000E+01 8.316700000E+00 3.204000000E-01
3.889460200E+00 5.827200000E+01 8.252400000E+00 3.188000000E-01
3.908907500E+00 5.825810000E+01 8.188600000E+00 3.172000000E-01
3.928452000E+00 5.824390000E+01 8.125400000E+00 3.156000000E-01
3.948094300E+00 5.822930000E+01 8.062700000E+00 3.140000000E-01
3.967834700E+00 5.821440000E+01 8.000500000E+00 3.125000000E-01
3.987673900E+00 5.819920000E+01 7.939000000E+00 3.109000000E-01
4.055024000E+00 5.847610000E+01 7.736000000E+00 3.058000000E-01
4.334821000E+00 5.818000000E+01 6.983900000E+00 2.860000000E-01
4.633924000E+00 5.783180000E+01 6.313700000E+00 2.676000000E-01
4.953664000E+00 5.741030000E+01 5.684900000E+00 2.503000000E-01
5.295467000E+00 5.686440000E+01 5.116200000E+00 2.341000000E-01
5.660855000E+00 5.613020000E+01 4.613100000E+00 2.190000000E-01
6.051453000E+00 5.502640000E+01 4.167400000E+00 2.049000000E-01
6.469004000E+00 5.274720000E+01 3.756000000E+00 1.917000000E-01
6.581876000E+00 5.137600000E+01 3.655700000E+00 1.884000000E-01
6.682619000E+00 4.829740000E+01 3.569900000E+00 1.855000000E-01
6.709484000E+00 4.471630000E+01 3.546900000E+00 1.848000000E-01
6.749781000E+00 4.827740000E+01 1.048600000E+01 1.837000000E-01
6.850524000E+00 5.134350000E+01 1.015500000E+01 1.810000000E-01
6.915365000E+00 5.212180000E+01 9.950900000E+00 1.793000000E-01
7.165564000E+00 5.288380000E+01 9.264200000E+00 1.730000000E-01
7.275241000E+00 5.181810000E+01 9.015400000E+00 1.704000000E-01
7.304488000E+00 5.013260000E+01 8.951800000E+00 1.697000000E-01
7.348359000E+00 5.205940000E+01 1.234800000E+01 1.687000000E-01
7.392525000E+00 5.308090000E+01 1.220800000E+01 1.677000000E-01
7.458036000E+00 5.388860000E+01 1.200500000E+01 1.662000000E-01
7.582064000E+00 5.465450000E+01 1.163800000E+01 1.635000000E-01
7.698116000E+00 5.458240000E+01 1.131800000E+01 1.611000000E-01
7.729063000E+00 5.384050000E+01 1.124100000E+01 1.604000000E-01
7.775484000E+00 5.494280000E+01 1.288400000E+01 1.595000000E-01
7.891536000E+00 5.621080000E+01 1.259600000E+01 1.571000000E-01
7.902609000E+00 5.629200000E+01 1.256900000E+01 1.569000000E-01
8.447890000E+00 5.864610000E+01 1.138000000E+01 1.468000000E-01
9.030794000E+00 6.000490000E+01 1.026400000E+01 1.373000000E-01
9.653919000E+00 6.086420000E+01 9.183000000E+00 1.284000000E-01
1.032004000E+01 6.142510000E+01 8.210500000E+00 1.201000000E-01
1.103212000E+01 6.179320000E+01 7.340200000E+00 1.124000000E-01
1.179334000E+01 6.203390000E+01 6.567900000E+00 1.051000000E-01
1.260708000E+01 6.218790000E+01 5.882000000E+00 9.834000000E-02
1.347697000E+01 6.235340000E+01 5.271100000E+00 9.200000000E-02
1.440688000E+01 6.239920000E+01 4.707700000E+00 8.606000000E-02
1.540095000E+01 6.244110000E+01 4.200500000E+00 8.050000000E-02
1.646362000E+01 6.244590000E+01 3.737900000E+00 7.531000000E-02
1.759961000E+01 6.239030000E+01 3.328400000E+00 7.045000000E-02
1.881398000E+01 6.231770000E+01 2.966300000E+00 6.590000000E-02
2.011215000E+01 6.223440000E+01 2.646000000E+00 6.165000000E-02
2.149988000E+01 6.214400000E+01 2.362400000E+00 5.767000000E-02
2.298338000E+01 6.204920000E+01 2.111100000E+00 5.395000000E-02
2.456923000E+01 6.195160000E+01 1.887900000E+00 5.046000000E-02
2.626450000E+01 6.185380000E+01 1.689800000E+00 4.721000000E-02
2.807676000E+01 6.175690000E+01 1.502400000E+00 4.416000000E-02
3.001405000E+01 6.164320000E+01 1.332100000E+00 4.131000000E-02
3.208502000E+01 6.151540000E+01 1.179600000E+00 3.864000000E-02
3.429889000E+01 6.136960000E+01 1.042800000E+00 3.615000000E-02
3.666551000E+01 6.119380000E+01 9.199700000E-01 3.381000000E-02
3.919543000E+01 6.096650000E+01 8.115600000E-01 3.163000000E-02
4.189992000E+01 6.063070000E+01 7.164800000E-01 2.959000000E-02
4.479101000E+01 5.994540000E+01 6.330400000E-01 2.768000000E-02
4.589752000E+01 5.931180000E+01 6.051300000E-01 2.701000000E-02
4.660003000E+01 5.813310000E+01 5.884100000E-01 2.661000000E-02
4.678737000E+01 5.672100000E+01 5.840700000E-01 2.650000000E-02
4.706837000E+01 5.814770000E+01 3.357500000E+00 2.634000000E-02
4.777089000E+01 5.943730000E+01 3.281700000E+00 2.595000000E-02
4.788159000E+01 5.954340000E+01 3.270000000E+00 2.589000000E-02
5.118542000E+01 6.091840000E+01 2.942400000E+00 2.422000000E-02
5.471721000E+01 6.146360000E+01 2.638100000E+00 2.266000000E-02
5.849270000E+01 6.178130000E+01 2.362500000E+00 2.120000000E-02
6.252870000E+01 6.198730000E+01 2.113700000E+00 1.983000000E-02
6.684318000E+01 6.212420000E+01 1.889100000E+00 1.855000000E-02
7.145536000E+01 6.221650000E+01 1.688300000E+00 1.735000000E-02
7.638578000E+01 6.227860000E+01 1.508800000E+00 1.623000000E-02
8.165640000E+01 6.232110000E+01 1.346600000E+00 1.518000000E-02
8.729069000E+01 6.234570000E+01 1.198300000E+00 1.420000000E-02
9.331374000E+01 6.235730000E+01 1.066400000E+00 1.329000000E-02
9.975239000E+01 6.238830000E+01 9.456000000E-01 1.243000000E-02
1.066353000E+02 6.238100000E+01 8.383700000E-01 1.163000000E-02
1.139931000E+02 6.236840000E+01 7.433600000E-01 1.088000000E-02
1.218587000E+02 6.235250000E+01 6.591800000E-01 1.017000000E-02
1.302669000E+02 6.233450000E+01 5.845900000E-01 9.518000000E-03
1.392553000E+02 6.231530000E+01 5.184800000E-01 8.903000000E-03
1.488640000E+02 6.229550000E+01 4.598800000E-01 8.329000000E-03
1.591356000E+02 6.227570000E+01 4.079400000E-01 7.791000000E-03
1.701159000E+02 6.225620000E+01 3.618900000E-01 7.288000000E-03
1.818539000E+02 6.223710000E+01 3.210700000E-01 6.818000000E-03
1.944018000E+02 6.221870000E+01 2.848700000E-01 6.378000000E-03
2.078156000E+02 6.220100000E+01 2.530700000E-01 5.966000000E-03
2.221548000E+02 6.218450000E+01 2.253300000E-01 5.581000000E-03
2.374835000E+02 6.216930000E+01 2.006500000E-01 5.221000000E-03
2.538699000E+02 6.215510000E+01 1.786800000E-01 4.884000000E-03
2.713869000E+02 6.214190000E+01 1.591300000E-01 4.569000000E-03
2.901126000E+02 6.212970000E+01 1.417200000E-01 4.274000000E-03
3.101304000E+02 6.211850000E+01 1.262300000E-01 3.998000000E-03
3.315294000E+02 6.210810000E+01 1.124300000E-01 3.740000000E-03
3.544049000E+02 6.209850000E+01 1.001500000E-01 3.498000000E-03
3.788588000E+02 6.208960000E+01 8.921800000E-02 3.273000000E-03
4.050001000E+02 6.208150000E+01 7.948100000E-02 3.061000000E-03
4.329451000E+02 6.207410000E+01 7.081000000E-02 2.864000000E-03
