# Data retrieved from physics.nist.gov 03/01/2021
# Element, Sr  (Z = 38) 
# Atomic weight, g mol-1 = 87.62000 
# Nominal density, g cm-3 =  2.5400 
# Relativistic correction estimate f_rel(5CL),  e atom-1 =  -1.6920E-01 
# Nuclear Thomson correction f_NT, e atom-1 =  -9.0407E-03 
#    E [keV]      f1 [e atom-1]      f2 [e atom-1]    Wavelength [nm] 
1.069000000E-02 6.014750000E+00 0.000000000E+00 1.160000000E+02
1.142761000E-02 5.848770000E+00 0.000000000E+00 1.085000000E+02
1.221612000E-02 5.640980000E+00 0.000000000E+00 1.015000000E+02
1.305903000E-02 5.375500000E+00 0.000000000E+00 9.494000000E+01
1.396010000E-02 5.026940000E+00 0.000000000E+00 8.881000000E+01
1.492335000E-02 4.551660000E+00 0.000000000E+00 8.308000000E+01
1.595306000E-02 3.866410000E+00 0.000000000E+00 7.772000000E+01
1.705382000E-02 2.785000000E+00 0.000000000E+00 7.270000000E+01
1.823053000E-02 7.540460000E-01 0.000000000E+00 6.801000000E+01
1.948844000E-02 -5.826710000E+00 0.000000000E+00 6.362000000E+01
1.950200000E-02 -6.001050000E+00 0.000000000E+00 6.358000000E+01
1.980050000E-02 -1.363410000E+01 0.000000000E+00 6.262000000E+01
1.988010000E-02 -2.306660000E+01 0.000000000E+00 6.237000000E+01
1.999950000E-02 -1.286190000E+01 1.872000000E+01 6.199000000E+01
2.029800000E-02 -3.822140000E+00 1.797100000E+01 6.108000000E+01
2.083314000E-02 2.012630000E+00 1.672800000E+01 5.951000000E+01
2.227063000E-02 8.408310000E+00 1.390400000E+01 5.567000000E+01
2.380730000E-02 1.148410000E+01 1.122100000E+01 5.208000000E+01
2.545001000E-02 1.299780000E+01 8.781100000E+00 4.872000000E+01
2.720606000E-02 1.360300000E+01 6.738400000E+00 4.557000000E+01
2.908327000E-02 1.368610000E+01 5.119400000E+00 4.263000000E+01
3.109002000E-02 1.348880000E+01 3.881300000E+00 3.988000000E+01
3.323523000E-02 1.315740000E+01 2.955600000E+00 3.731000000E+01
3.552846000E-02 1.277300000E+01 2.272300000E+00 3.490000000E+01
3.694600000E-02 1.253460000E+01 1.959600000E+00 3.356000000E+01
3.751150000E-02 1.242910000E+01 1.852700000E+00 3.305000000E+01
3.766230000E-02 1.238440000E+01 1.825700000E+00 3.292000000E+01
3.788850000E-02 1.237120000E+01 1.829200000E+00 3.272000000E+01
3.797993000E-02 1.236280000E+01 1.814100000E+00 3.264000000E+01
3.845400000E-02 1.230620000E+01 1.739100000E+00 3.224000000E+01
4.060054000E-02 1.203200000E+01 1.460100000E+00 3.054000000E+01
4.340198000E-02 1.171200000E+01 1.207000000E+00 2.857000000E+01
4.639671000E-02 1.142130000E+01 1.026600000E+00 2.672000000E+01
4.959809000E-02 1.115810000E+01 8.986300000E-01 2.500000000E+01
5.302035000E-02 1.091820000E+01 8.087400000E-01 2.338000000E+01
5.667876000E-02 1.069610000E+01 7.464100000E-01 2.187000000E+01
6.058959000E-02 1.049340000E+01 7.040500000E-01 2.046000000E+01
6.477028000E-02 1.028910000E+01 6.761500000E-01 1.914000000E+01
6.923942000E-02 1.008430000E+01 6.587200000E-01 1.791000000E+01
7.401695000E-02 9.872220000E+00 6.489000000E-01 1.675000000E+01
7.912411000E-02 9.645300000E+00 6.446400000E-01 1.567000000E+01
8.458368000E-02 9.394770000E+00 6.446400000E-01 1.466000000E+01
9.041995000E-02 9.110060000E+00 6.479600000E-01 1.371000000E+01
9.665893000E-02 8.777120000E+00 6.537300000E-01 1.283000000E+01
1.033284000E-01 8.375920000E+00 6.612900000E-01 1.200000000E+01
1.104581000E-01 7.875230000E+00 6.701500000E-01 1.122000000E+01
1.180797000E-01 7.218930000E+00 6.799400000E-01 1.050000000E+01
1.262272000E-01 6.269920000E+00 6.903400000E-01 9.822000000E+00
1.304380000E-01 5.540510000E+00 6.955800000E-01 9.505000000E+00
1.323000000E-01 5.012320000E+00 6.978600000E-01 9.371000000E+00
1.324345000E-01 4.954260000E+00 6.980200000E-01 9.362000000E+00
1.329669000E-01 4.568620000E+00 6.986700000E-01 9.324000000E+00
1.337655000E-01 4.631120000E+00 1.247200000E+00 9.269000000E+00
1.343250000E-01 4.565760000E+00 1.270600000E+00 9.230000000E+00
1.349368000E-01 4.253750000E+00 1.297200000E+00 9.188000000E+00
1.356750000E-01 4.442400000E+00 1.703700000E+00 9.138000000E+00
1.357620000E-01 4.446500000E+00 1.710100000E+00 9.132000000E+00
1.377000000E-01 4.355580000E+00 1.861500000E+00 9.004000000E+00
1.442475000E-01 3.592010000E+00 2.530800000E+00 8.595000000E+00
1.542005000E-01 2.400390000E+00 4.087400000E+00 8.040000000E+00
1.648404000E-01 1.560730000E+00 6.229700000E+00 7.521000000E+00
1.762144000E-01 1.315470000E+00 8.779200000E+00 7.036000000E+00
1.883732000E-01 1.799240000E+00 1.146600000E+01 6.582000000E+00
2.013709000E-01 2.997660000E+00 1.399500000E+01 6.157000000E+00
2.152655000E-01 4.765730000E+00 1.612200000E+01 5.760000000E+00
2.301188000E-01 6.872590000E+00 1.770000000E+01 5.388000000E+00
2.459970000E-01 9.027510000E+00 1.867800000E+01 5.040000000E+00
2.629708000E-01 1.067390000E+01 1.908700000E+01 4.715000000E+00
2.637180000E-01 1.069940000E+01 1.909300000E+01 4.701000000E+00
2.677545000E-01 1.046770000E+01 1.911000000E+01 4.631000000E+00
2.688309000E-01 9.773650000E+00 1.911000000E+01 4.612000000E+00
2.704455000E-01 1.074110000E+01 2.069300000E+01 4.584000000E+00
2.742040000E-01 1.175830000E+01 2.070300000E+01 4.522000000E+00
2.744820000E-01 1.180760000E+01 2.070300000E+01 4.517000000E+00
2.784010000E-01 1.225860000E+01 2.069400000E+01 4.453000000E+00
2.795202000E-01 1.209440000E+01 2.068800000E+01 4.436000000E+00
2.811158000E-01 1.268460000E+01 2.136700000E+01 4.410000000E+00
2.811990000E-01 1.271090000E+01 2.136700000E+01 4.409000000E+00
2.853960000E-01 1.363910000E+01 2.134300000E+01 4.344000000E+00
3.005128000E-01 1.586170000E+01 2.113500000E+01 4.126000000E+00
3.212482000E-01 1.815260000E+01 2.062000000E+01 3.859000000E+00
3.434143000E-01 1.995920000E+01 1.989200000E+01 3.610000000E+00
3.503500000E-01 2.033530000E+01 1.964400000E+01 3.539000000E+00
3.557125000E-01 2.036840000E+01 1.944800000E+01 3.486000000E+00
3.571425000E-01 2.003860000E+01 1.939500000E+01 3.472000000E+00
3.592875000E-01 2.062840000E+01 2.016500000E+01 3.451000000E+00
3.646500000E-01 2.137860000E+01 1.996800000E+01 3.400000000E+00
3.671099000E-01 2.162510000E+01 1.987600000E+01 3.377000000E+00
3.924405000E-01 2.349860000E+01 1.892800000E+01 3.159000000E+00
4.195189000E-01 2.495340000E+01 1.793200000E+01 2.955000000E+00
4.484657000E-01 2.617510000E+01 1.691800000E+01 2.765000000E+00
4.794098000E-01 2.720600000E+01 1.590700000E+01 2.586000000E+00
5.124891000E-01 2.807830000E+01 1.491300000E+01 2.419000000E+00
5.478508000E-01 2.881640000E+01 1.394600000E+01 2.263000000E+00
5.856525000E-01 2.943680000E+01 1.300700000E+01 2.117000000E+00
6.260625000E-01 2.995110000E+01 1.210200000E+01 1.980000000E+00
6.692609000E-01 3.037080000E+01 1.123600000E+01 1.853000000E+00
7.154399000E-01 3.070660000E+01 1.041300000E+01 1.733000000E+00
7.648052000E-01 3.096810000E+01 9.633100000E+00 1.621000000E+00
8.175768000E-01 3.116900000E+01 8.898900000E+00 1.516000000E+00
8.739896000E-01 3.131240000E+01 8.210200000E+00 1.419000000E+00
9.342948000E-01 3.141300000E+01 7.566300000E+00 1.327000000E+00
9.987612000E-01 3.155460000E+01 6.966300000E+00 1.241000000E+00
1.067676000E+00 3.150360000E+01 6.330100000E+00 1.161000000E+00
1.141345000E+00 3.137580000E+01 5.718300000E+00 1.086000000E+00
1.220098000E+00 3.115770000E+01 5.156600000E+00 1.016000000E+00
1.304285000E+00 3.085130000E+01 4.656900000E+00 9.506000000E-01
1.394281000E+00 3.044460000E+01 4.211700000E+00 8.892000000E-01
1.490486000E+00 2.990320000E+01 3.811700000E+00 8.318000000E-01
1.593329000E+00 2.914970000E+01 3.452800000E+00 7.781000000E-01
1.703269000E+00 2.800620000E+01 3.132000000E+00 7.279000000E-01
1.820795000E+00 2.588740000E+01 2.844800000E+00 6.809000000E-01
1.900808000E+00 2.244780000E+01 2.675700000E+00 6.523000000E-01
1.929902000E+00 1.838410000E+01 2.618800000E+00 6.424000000E-01
1.937660000E+00 1.383900000E+01 2.604000000E+00 6.399000000E-01
1.946430000E+00 1.714730000E+01 1.130400000E+01 6.370000000E-01
1.949298000E+00 1.809070000E+01 1.127500000E+01 6.360000000E-01
1.966664000E+00 2.061600000E+01 1.110300000E+01 6.304000000E-01
1.978392000E+00 2.123150000E+01 1.098900000E+01 6.267000000E-01
1.996766000E+00 2.100470000E+01 1.081500000E+01 6.209000000E-01
2.004793000E+00 1.921320000E+01 1.074000000E+01 6.184000000E-01
2.016834000E+00 2.191440000E+01 1.491800000E+01 6.147000000E-01
2.046936000E+00 2.484330000E+01 1.454700000E+01 6.057000000E-01
2.080733000E+00 2.647660000E+01 1.415900000E+01 5.959000000E-01
2.171974000E+00 2.857350000E+01 1.321200000E+01 5.708000000E-01
2.205219000E+00 2.842590000E+01 1.289700000E+01 5.622000000E-01
2.214084000E+00 2.761470000E+01 1.281500000E+01 5.600000000E-01
2.224304000E+00 2.856040000E+01 1.463500000E+01 5.574000000E-01
2.227382000E+00 2.881470000E+01 1.460500000E+01 5.566000000E-01
2.260626000E+00 3.020950000E+01 1.428400000E+01 5.485000000E-01
2.377781000E+00 3.243860000E+01 1.326000000E+01 5.214000000E-01
2.541848000E+00 3.419170000E+01 1.204500000E+01 4.878000000E-01
2.717235000E+00 3.538530000E+01 1.091500000E+01 4.563000000E-01
2.904724000E+00 3.624740000E+01 9.885600000E+00 4.268000000E-01
3.105150000E+00 3.689870000E+01 8.907100000E+00 3.993000000E-01
3.319406000E+00 3.734000000E+01 7.996100000E+00 3.735000000E-01
3.548445000E+00 3.764860000E+01 7.184300000E+00 3.494000000E-01
3.793288000E+00 3.786860000E+01 6.460400000E+00 3.269000000E-01
4.055024000E+00 3.817200000E+01 5.788500000E+00 3.058000000E-01
4.334821000E+00 3.825520000E+01 5.167400000E+00 2.860000000E-01
4.633924000E+00 3.833090000E+01 4.606300000E+00 2.676000000E-01
4.953664000E+00 3.832240000E+01 4.104400000E+00 2.503000000E-01
5.295467000E+00 3.828550000E+01 3.658000000E+00 2.341000000E-01
5.660855000E+00 3.822850000E+01 3.260800000E+00 2.190000000E-01
6.051453000E+00 3.815770000E+01 2.909400000E+00 2.049000000E-01
6.469004000E+00 3.807800000E+01 2.598300000E+00 1.917000000E-01
6.915365000E+00 3.799260000E+01 2.322100000E+00 1.793000000E-01
7.392525000E+00 3.790360000E+01 2.076600000E+00 1.677000000E-01
7.902609000E+00 3.781250000E+01 1.858700000E+00 1.569000000E-01
8.447890000E+00 3.772160000E+01 1.664900000E+00 1.468000000E-01
9.030794000E+00 3.763210000E+01 1.483100000E+00 1.373000000E-01
9.653919000E+00 3.752900000E+01 1.308800000E+00 1.284000000E-01
1.032004000E+01 3.740950000E+01 1.151200000E+00 1.201000000E-01
1.103212000E+01 3.727320000E+01 1.013500000E+00 1.124000000E-01
1.179334000E+01 3.711600000E+01 8.931200000E-01 1.051000000E-01
1.260708000E+01 3.692680000E+01 7.878000000E-01 9.834000000E-02
1.347697000E+01 3.668050000E+01 6.955600000E-01 9.200000000E-02
1.440688000E+01 3.631150000E+01 6.146900000E-01 8.606000000E-02
1.540095000E+01 3.554420000E+01 5.437400000E-01 8.050000000E-02
1.578251000E+01 3.482270000E+01 5.199400000E-01 7.856000000E-02
1.602408000E+01 3.346960000E+01 5.057300000E-01 7.737000000E-02
1.608850000E+01 3.183770000E+01 5.020400000E-01 7.706000000E-02
1.618512000E+01 3.350410000E+01 3.714500000E+00 7.660000000E-02
1.642669000E+01 3.501090000E+01 3.607500000E+00 7.548000000E-02
1.646362000E+01 3.513100000E+01 3.591500000E+00 7.531000000E-02
1.759961000E+01 3.668990000E+01 3.180900000E+00 7.045000000E-02
1.881398000E+01 3.729570000E+01 2.854000000E+00 6.590000000E-02
2.011215000E+01 3.765870000E+01 2.570300000E+00 6.165000000E-02
2.149988000E+01 3.790920000E+01 2.310000000E+00 5.767000000E-02
2.298338000E+01 3.807990000E+01 2.066200000E+00 5.395000000E-02
2.456923000E+01 3.819700000E+01 1.845900000E+00 5.046000000E-02
2.626450000E+01 3.827820000E+01 1.648400000E+00 4.721000000E-02
2.807676000E+01 3.833420000E+01 1.466900000E+00 4.416000000E-02
3.001405000E+01 3.836680000E+01 1.303900000E+00 4.131000000E-02
3.208502000E+01 3.838540000E+01 1.159200000E+00 3.864000000E-02
3.429889000E+01 3.842670000E+01 1.024100000E+00 3.615000000E-02
3.666551000E+01 3.842180000E+01 9.045700000E-01 3.381000000E-02
3.919543000E+01 3.841010000E+01 7.990100000E-01 3.163000000E-02
4.189992000E+01 3.839410000E+01 7.058200000E-01 2.959000000E-02
4.479101000E+01 3.837540000E+01 6.234600000E-01 2.768000000E-02
4.788159000E+01 3.835510000E+01 5.506800000E-01 2.589000000E-02
5.118542000E+01 3.833400000E+01 4.861300000E-01 2.422000000E-02
5.471721000E+01 3.831260000E+01 4.291800000E-01 2.266000000E-02
5.849270000E+01 3.829140000E+01 3.789300000E-01 2.120000000E-02
6.252870000E+01 3.827090000E+01 3.345800000E-01 1.983000000E-02
6.684318000E+01 3.825120000E+01 2.954400000E-01 1.855000000E-02
7.145536000E+01 3.823270000E+01 2.604600000E-01 1.735000000E-02
7.638578000E+01 3.821490000E+01 2.289300000E-01 1.623000000E-02
8.165640000E+01 3.819830000E+01 2.010300000E-01 1.518000000E-02
8.729069000E+01 3.818180000E+01 1.761500000E-01 1.420000000E-02
9.331374000E+01 3.816620000E+01 1.543600000E-01 1.329000000E-02
9.975239000E+01 3.815150000E+01 1.352700000E-01 1.243000000E-02
1.066353000E+02 3.813790000E+01 1.185500000E-01 1.163000000E-02
1.139931000E+02 3.812520000E+01 1.038900000E-01 1.088000000E-02
1.218587000E+02 3.811360000E+01 9.105700000E-02 1.017000000E-02
1.302669000E+02 3.810290000E+01 7.980900000E-02 9.518000000E-03
1.392553000E+02 3.809310000E+01 6.995300000E-02 8.903000000E-03
1.488640000E+02 3.808410000E+01 6.131700000E-02 8.329000000E-03
1.591356000E+02 3.807590000E+01 5.374900000E-02 7.791000000E-03
1.701159000E+02 3.806840000E+01 4.711600000E-02 7.288000000E-03
1.818539000E+02 3.806170000E+01 4.130400000E-02 6.818000000E-03
1.944018000E+02 3.805550000E+01 3.621000000E-02 6.378000000E-03
2.078156000E+02 3.804990000E+01 3.174500000E-02 5.966000000E-03
2.221548000E+02 3.804490000E+01 2.783200000E-02 5.581000000E-03
2.374835000E+02 3.804030000E+01 2.440100000E-02 5.221000000E-03
2.538699000E+02 3.803620000E+01 2.139500000E-02 4.884000000E-03
2.713869000E+02 3.803240000E+01 1.875900000E-02 4.569000000E-03
2.901126000E+02 3.802910000E+01 1.644900000E-02 4.274000000E-03
3.101304000E+02 3.802610000E+01 1.442300000E-02 3.998000000E-03
3.315294000E+02 3.802330000E+01 1.264700000E-02 3.740000000E-03
3.544049000E+02 3.802090000E+01 1.109100000E-02 3.498000000E-03
3.788588000E+02 3.801870000E+01 9.725800000E-03 3.273000000E-03
4.050001000E+02 3.801670000E+01 8.529200000E-03 3.061000000E-03
4.329451000E+02 3.801490000E+01 7.480000000E-03 2.864000000E-03
