# Data retrieved from physics.nist.gov 03/01/2021
# Element, Th  (Z = 90) 
# Atomic weight, g mol-1 = 232.0381 
# Nominal density, g cm-3 =  1.1700E+01 
# Relativistic correction estimate f_rel(5CL),  e atom-1 =  -1.4118E+00 
# Nuclear Thomson correction f_NT, e atom-1 =  -1.9150E-02 
#    E [keV]      f1 [e atom-1]      f2 [e atom-1]    Wavelength [nm] 
1.069000000E-02 2.619090000E+01 0.000000000E+00 1.160000000E+02
1.142761000E-02 2.617470000E+01 0.000000000E+00 1.085000000E+02
1.221612000E-02 2.615600000E+01 0.000000000E+00 1.015000000E+02
1.305903000E-02 2.613440000E+01 0.000000000E+00 9.494000000E+01
1.396010000E-02 2.610940000E+01 0.000000000E+00 8.881000000E+01
1.492335000E-02 2.608050000E+01 0.000000000E+00 8.308000000E+01
1.595306000E-02 2.604680000E+01 0.000000000E+00 7.772000000E+01
1.705382000E-02 2.600750000E+01 0.000000000E+00 7.270000000E+01
1.823053000E-02 2.596150000E+01 0.000000000E+00 6.801000000E+01
1.948844000E-02 2.590750000E+01 0.000000000E+00 6.362000000E+01
2.083314000E-02 2.584370000E+01 0.000000000E+00 5.951000000E+01
2.227063000E-02 2.576800000E+01 0.000000000E+00 5.567000000E+01
2.380730000E-02 2.567730000E+01 0.000000000E+00 5.208000000E+01
2.545001000E-02 2.556750000E+01 0.000000000E+00 4.872000000E+01
2.720606000E-02 2.543310000E+01 0.000000000E+00 4.557000000E+01
2.908327000E-02 2.526540000E+01 0.000000000E+00 4.263000000E+01
3.109002000E-02 2.505130000E+01 0.000000000E+00 3.988000000E+01
3.323523000E-02 2.476800000E+01 0.000000000E+00 3.731000000E+01
3.552846000E-02 2.437160000E+01 0.000000000E+00 3.490000000E+01
3.797993000E-02 2.375860000E+01 0.000000000E+00 3.264000000E+01
4.060054000E-02 2.256040000E+01 0.000000000E+00 3.054000000E+01
4.214000000E-02 2.078330000E+01 0.000000000E+00 2.942000000E+01
4.278500000E-02 1.820780000E+01 0.000000000E+00 2.898000000E+01
4.295700000E-02 1.505790000E+01 0.000000000E+00 2.886000000E+01
4.321500000E-02 1.849360000E+01 6.222500000E+00 2.869000000E+01
4.340198000E-02 1.982750000E+01 6.108900000E+00 2.857000000E+01
4.386000000E-02 2.145500000E+01 5.841300000E+00 2.827000000E+01
4.639671000E-02 2.384080000E+01 4.595200000E+00 2.672000000E+01
4.802000000E-02 2.354580000E+01 3.969000000E+00 2.582000000E+01
4.875500000E-02 2.222140000E+01 3.722900000E+00 2.543000000E+01
4.895100000E-02 2.039830000E+01 3.660900000E+00 2.533000000E+01
4.924500000E-02 2.247830000E+01 7.268400000E+00 2.518000000E+01
4.959809000E-02 2.367590000E+01 7.082300000E+00 2.500000000E+01
4.998000000E-02 2.437780000E+01 6.888500000E+00 2.481000000E+01
5.302035000E-02 2.643010000E+01 5.581000000E+00 2.338000000E+01
5.667876000E-02 2.704530000E+01 4.434900000E+00 2.187000000E+01
5.831000000E-02 2.707650000E+01 4.035400000E+00 2.126000000E+01
5.920250000E-02 2.699740000E+01 3.839600000E+00 2.094000000E+01
5.944050000E-02 2.688370000E+01 3.789900000E+00 2.086000000E+01
5.979750000E-02 2.700600000E+01 3.942900000E+00 2.073000000E+01
6.058959000E-02 2.709430000E+01 3.778500000E+00 2.046000000E+01
6.069000000E-02 2.709870000E+01 3.758400000E+00 2.043000000E+01
6.477028000E-02 2.697250000E+01 3.062100000E+00 1.914000000E+01
6.923942000E-02 2.649680000E+01 2.506500000E+00 1.791000000E+01
7.401695000E-02 2.568630000E+01 2.074500000E+00 1.675000000E+01
7.912411000E-02 2.432040000E+01 1.734900000E+00 1.567000000E+01
8.458368000E-02 2.132710000E+01 1.465500000E+00 1.466000000E+01
8.614200000E-02 1.939230000E+01 1.401800000E+00 1.439000000E+01
8.746050000E-02 1.526000000E+01 1.351600000E+00 1.418000000E+01
8.781210000E-02 1.053140000E+01 1.338800000E+00 1.412000000E+01
8.833950000E-02 1.524550000E+01 1.047900000E+01 1.403000000E+01
8.965800000E-02 1.910820000E+01 1.026700000E+01 1.383000000E+01
9.041995000E-02 1.996020000E+01 1.014800000E+01 1.371000000E+01
9.241400000E-02 2.063640000E+01 9.848700000E+00 1.342000000E+01
9.382850000E-02 1.906700000E+01 9.646700000E+00 1.321000000E+01
9.420570000E-02 1.630880000E+01 9.594100000E+00 1.316000000E+01
9.477150000E-02 1.965590000E+01 1.535900000E+01 1.308000000E+01
9.618600000E-02 2.300070000E+01 1.513100000E+01 1.289000000E+01
9.665893000E-02 2.365080000E+01 1.505700000E+01 1.283000000E+01
1.033284000E-01 2.878000000E+01 1.380600000E+01 1.200000000E+01
1.104581000E-01 3.174440000E+01 1.205900000E+01 1.122000000E+01
1.180797000E-01 3.345290000E+01 9.981400000E+00 1.050000000E+01
1.262272000E-01 3.419950000E+01 7.991300000E+00 9.822000000E+00
1.349368000E-01 3.429580000E+01 6.299700000E+00 9.188000000E+00
1.442475000E-01 3.399180000E+01 4.961000000E+00 8.595000000E+00
1.542005000E-01 3.345670000E+01 3.946100000E+00 8.040000000E+00
1.648404000E-01 3.276420000E+01 3.195300000E+00 7.521000000E+00
1.762144000E-01 3.182830000E+01 2.647000000E+00 7.036000000E+00
1.781640000E-01 3.159220000E+01 2.572200000E+00 6.959000000E+00
1.808910000E-01 3.100820000E+01 2.475300000E+00 6.854000000E+00
1.816182000E-01 3.044670000E+01 2.450800000E+00 6.827000000E+00
1.827090000E-01 3.092640000E+01 3.442600000E+00 6.786000000E+00
1.854360000E-01 3.125210000E+01 3.347300000E+00 6.686000000E+00
1.883732000E-01 3.130390000E+01 3.252700000E+00 6.582000000E+00
2.013709000E-01 3.101310000E+01 2.915100000E+00 6.157000000E+00
2.152655000E-01 3.044390000E+01 2.667900000E+00 5.760000000E+00
2.248120000E-01 2.989170000E+01 2.546800000E+00 5.515000000E+00
2.282530000E-01 2.949460000E+01 2.510500000E+00 5.432000000E+00
2.291706000E-01 2.913680000E+01 2.501400000E+00 5.410000000E+00
2.301188000E-01 2.934580000E+01 3.131900000E+00 5.388000000E+00
2.305470000E-01 2.942840000E+01 3.124200000E+00 5.378000000E+00
2.339880000E-01 2.959320000E+01 3.065500000E+00 5.299000000E+00
2.459970000E-01 2.936640000E+01 2.892900000E+00 5.040000000E+00
2.629708000E-01 2.869730000E+01 2.718500000E+00 4.715000000E+00
2.811158000E-01 2.775740000E+01 2.601600000E+00 4.410000000E+00
2.843960000E-01 2.754930000E+01 2.586100000E+00 4.360000000E+00
2.887490000E-01 2.721310000E+01 2.567600000E+00 4.294000000E+00
2.899098000E-01 2.703950000E+01 2.563100000E+00 4.277000000E+00
2.916510000E-01 2.704280000E+01 2.764200000E+00 4.251000000E+00
2.960040000E-01 2.686970000E+01 2.751100000E+00 4.189000000E+00
3.005128000E-01 2.662010000E+01 2.739600000E+00 4.126000000E+00
3.212482000E-01 2.512890000E+01 2.707700000E+00 3.859000000E+00
3.284960000E-01 2.444140000E+01 2.703000000E+00 3.774000000E+00
3.335240000E-01 2.382130000E+01 2.701300000E+00 3.717000000E+00
3.348648000E-01 2.353070000E+01 2.701000000E+00 3.703000000E+00
3.368760000E-01 2.343190000E+01 2.996600000E+00 3.680000000E+00
3.375120000E-01 2.338510000E+01 3.005300000E+00 3.673000000E+00
3.419040000E-01 2.292300000E+01 3.073100000E+00 3.626000000E+00
3.426780000E-01 2.281780000E+01 3.086500000E+00 3.618000000E+00
3.434143000E-01 2.270100000E+01 3.099700000E+00 3.610000000E+00
3.440556000E-01 2.255760000E+01 3.111500000E+00 3.604000000E+00
3.461220000E-01 2.243360000E+01 3.386500000E+00 3.582000000E+00
3.512880000E-01 2.193640000E+01 3.564500000E+00 3.529000000E+00
3.671099000E-01 2.002310000E+01 4.415400000E+00 3.377000000E+00
3.924405000E-01 1.678310000E+01 7.103900000E+00 3.159000000E+00
4.195189000E-01 1.415080000E+01 1.162200000E+01 2.955000000E+00
4.484657000E-01 1.313840000E+01 1.755000000E+01 2.765000000E+00
4.794098000E-01 1.431560000E+01 2.389500000E+01 2.586000000E+00
5.124891000E-01 1.754520000E+01 2.955700000E+01 2.419000000E+00
5.478508000E-01 2.215510000E+01 3.377700000E+01 2.263000000E+00
5.856525000E-01 2.725670000E+01 3.628300000E+01 2.117000000E+00
6.260625000E-01 3.196630000E+01 3.719800000E+01 1.980000000E+00
6.628720000E-01 3.456650000E+01 3.696600000E+01 1.870000000E+00
6.692609000E-01 3.447160000E+01 3.685400000E+01 1.853000000E+00
6.730180000E-01 3.400220000E+01 3.678000000E+01 1.842000000E+00
6.757236000E-01 3.251860000E+01 3.672300000E+01 1.835000000E+00
6.797820000E-01 3.452730000E+01 3.997200000E+01 1.824000000E+00
6.899280000E-01 3.671960000E+01 3.978500000E+01 1.797000000E+00
6.998180000E-01 3.785320000E+01 3.957300000E+01 1.772000000E+00
7.105295000E-01 3.828150000E+01 3.931500000E+01 1.745000000E+00
7.133859000E-01 3.757860000E+01 3.924200000E+01 1.738000000E+00
7.154399000E-01 3.819190000E+01 4.117700000E+01 1.733000000E+00
7.176705000E-01 3.904420000E+01 4.112800000E+01 1.728000000E+00
7.283820000E-01 4.099450000E+01 4.087800000E+01 1.702000000E+00
7.648052000E-01 4.494210000E+01 3.991800000E+01 1.621000000E+00
8.175768000E-01 4.895860000E+01 3.834000000E+01 1.516000000E+00
8.739896000E-01 5.206270000E+01 3.657500000E+01 1.419000000E+00
9.342948000E-01 5.418710000E+01 3.475300000E+01 1.327000000E+00
9.479540000E-01 5.437180000E+01 3.436000000E+01 1.308000000E+00
9.624635000E-01 5.396280000E+01 3.395100000E+01 1.288000000E+00
9.663327000E-01 5.297470000E+01 3.384400000E+01 1.283000000E+00
9.721365000E-01 5.432830000E+01 3.590100000E+01 1.275000000E+00
9.866460000E-01 5.583720000E+01 3.551000000E+01 1.257000000E+00
9.987612000E-01 5.661130000E+01 3.519200000E+01 1.241000000E+00
1.067676000E+00 5.962230000E+01 3.326900000E+01 1.161000000E+00
1.141345000E+00 6.170560000E+01 3.139200000E+01 1.086000000E+00
1.144836000E+00 6.178150000E+01 3.130500000E+01 1.083000000E+00
1.162359000E+00 6.204280000E+01 3.085400000E+01 1.067000000E+00
1.167032000E+00 6.193190000E+01 3.073600000E+01 1.062000000E+00
1.174041000E+00 6.233610000E+01 3.100300000E+01 1.056000000E+00
1.191564000E+00 6.294050000E+01 3.057000000E+01 1.041000000E+00
1.220098000E+00 6.366430000E+01 2.987000000E+01 1.016000000E+00
1.302910000E+00 6.511300000E+01 2.795400000E+01 9.516000000E-01
1.304285000E+00 6.512810000E+01 2.792400000E+01 9.506000000E-01
1.322852000E+00 6.521870000E+01 2.752700000E+01 9.372000000E-01
1.328170000E+00 6.503330000E+01 2.741600000E+01 9.335000000E-01
1.336147000E+00 6.544570000E+01 2.778400000E+01 9.279000000E-01
1.356090000E+00 6.599120000E+01 2.734000000E+01 9.143000000E-01
1.394281000E+00 6.667350000E+01 2.647700000E+01 8.892000000E-01
1.490486000E+00 6.780830000E+01 2.445100000E+01 8.318000000E-01
1.593329000E+00 6.857220000E+01 2.262300000E+01 7.781000000E-01
1.703269000E+00 6.909350000E+01 2.094400000E+01 7.279000000E-01
1.820795000E+00 6.940380000E+01 1.939600000E+01 6.809000000E-01
1.946430000E+00 6.953280000E+01 1.798700000E+01 6.370000000E-01
2.080733000E+00 6.950400000E+01 1.671300000E+01 5.959000000E-01
2.224304000E+00 6.931770000E+01 1.555900000E+01 5.574000000E-01
2.377781000E+00 6.895390000E+01 1.451000000E+01 5.214000000E-01
2.541848000E+00 6.834690000E+01 1.355000000E+01 4.878000000E-01
2.717235000E+00 6.739700000E+01 1.267000000E+01 4.563000000E-01
2.904724000E+00 6.582730000E+01 1.177900000E+01 4.268000000E-01
3.105150000E+00 6.275550000E+01 1.076600000E+01 3.993000000E-01
3.265360000E+00 5.644130000E+01 9.967100000E+00 3.797000000E-01
3.315340000E+00 4.983140000E+01 9.740500000E+00 3.740000000E-01
3.319406000E+00 4.855880000E+01 9.722500000E+00 3.735000000E-01
3.328668000E+00 4.265540000E+01 9.681700000E+00 3.725000000E-01
3.348660000E+00 4.899950000E+01 2.322200000E+01 3.703000000E-01
3.398640000E+00 5.382570000E+01 2.316900000E+01 3.648000000E-01
3.420984000E+00 5.431090000E+01 2.314800000E+01 3.624000000E-01
3.473346000E+00 5.213940000E+01 2.310300000E+01 3.570000000E-01
3.487309000E+00 4.721860000E+01 2.309300000E+01 3.555000000E-01
3.508254000E+00 5.362170000E+01 3.374800000E+01 3.534000000E-01
3.548445000E+00 5.919570000E+01 3.310100000E+01 3.494000000E-01
3.560616000E+00 6.022050000E+01 3.290300000E+01 3.482000000E-01
3.793288000E+00 6.899100000E+01 2.941700000E+01 3.269000000E-01
3.965178000E+00 7.076960000E+01 2.718500000E+01 3.127000000E-01
4.025870000E+00 6.968890000E+01 2.644800000E+01 3.080000000E-01
4.042054000E+00 6.760450000E+01 2.625700000E+01 3.067000000E-01
4.055024000E+00 6.884750000E+01 3.061200000E+01 3.058000000E-01
4.066331000E+00 7.017400000E+01 3.047000000E+01 3.049000000E-01
4.127022000E+00 7.288910000E+01 2.972500000E+01 3.004000000E-01
4.334821000E+00 7.647840000E+01 2.740900000E+01 2.860000000E-01
4.633924000E+00 7.883630000E+01 2.467800000E+01 2.676000000E-01
4.733792000E+00 7.913400000E+01 2.385400000E+01 2.619000000E-01
4.806248000E+00 7.886580000E+01 2.328600000E+01 2.580000000E-01
4.825570000E+00 7.819430000E+01 2.313900000E+01 2.569000000E-01
4.854552000E+00 7.907580000E+01 2.441800000E+01 2.554000000E-01
4.927008000E+00 8.004020000E+01 2.388500000E+01 2.516000000E-01
4.953664000E+00 8.025340000E+01 2.369400000E+01 2.503000000E-01
5.078654000E+00 8.090380000E+01 2.283600000E+01 2.441000000E-01
5.156389000E+00 8.091520000E+01 2.232900000E+01 2.404000000E-01
5.177118000E+00 8.052510000E+01 2.219800000E+01 2.395000000E-01
5.208212000E+00 8.117160000E+01 2.297500000E+01 2.381000000E-01
5.285946000E+00 8.196150000E+01 2.249800000E+01 2.346000000E-01
5.295467000E+00 8.203020000E+01 2.244000000E+01 2.341000000E-01
5.660855000E+00 8.374310000E+01 2.040000000E+01 2.190000000E-01
6.051453000E+00 8.481680000E+01 1.854900000E+01 2.049000000E-01
6.469004000E+00 8.558640000E+01 1.686600000E+01 1.917000000E-01
6.915365000E+00 8.628580000E+01 1.529600000E+01 1.793000000E-01
7.392525000E+00 8.673880000E+01 1.384600000E+01 1.677000000E-01
7.902609000E+00 8.695180000E+01 1.255300000E+01 1.569000000E-01
8.447890000E+00 8.717490000E+01 1.138800000E+01 1.468000000E-01
9.030794000E+00 8.731940000E+01 1.030700000E+01 1.373000000E-01
9.653919000E+00 8.725090000E+01 9.228800000E+00 1.284000000E-01
1.032004000E+01 8.712650000E+01 8.260900000E+00 1.201000000E-01
1.103212000E+01 8.689470000E+01 7.399300000E+00 1.124000000E-01
1.179334000E+01 8.656670000E+01 6.637900000E+00 1.051000000E-01
1.260708000E+01 8.614960000E+01 5.964400000E+00 9.834000000E-02
1.347697000E+01 8.560590000E+01 5.363500000E+00 9.200000000E-02
1.440688000E+01 8.483260000E+01 4.828100000E+00 8.606000000E-02
1.540095000E+01 8.345050000E+01 4.340000000E+00 8.050000000E-02
1.597429000E+01 8.160170000E+01 4.094100000E+00 7.761000000E-02
1.621880000E+01 7.906110000E+01 3.996900000E+00 7.644000000E-02
1.628400000E+01 7.607120000E+01 3.971600000E+00 7.614000000E-02
1.638180000E+01 7.905290000E+01 9.788000000E+00 7.568000000E-02
1.646362000E+01 8.038180000E+01 9.710900000E+00 7.531000000E-02
1.662631000E+01 8.170290000E+01 9.560500000E+00 7.457000000E-02
1.759961000E+01 8.414900000E+01 8.716100000E+00 7.045000000E-02
1.881398000E+01 8.453460000E+01 7.772500000E+00 6.590000000E-02
1.929934000E+01 8.401370000E+01 7.436900000E+00 6.424000000E-02
1.959473000E+01 8.278680000E+01 7.243500000E+00 6.327000000E-02
1.967351000E+01 8.126990000E+01 7.193200000E+00 6.302000000E-02
1.979167000E+01 8.278570000E+01 1.010300000E+01 6.264000000E-02
2.006266000E+01 8.399890000E+01 9.882500000E+00 6.180000000E-02
2.008706000E+01 8.404650000E+01 9.863000000E+00 6.172000000E-02
2.011215000E+01 8.408940000E+01 9.843000000E+00 6.165000000E-02
2.036974000E+01 8.410420000E+01 9.641600000E+00 6.087000000E-02
2.045163000E+01 8.349600000E+01 9.578900000E+00 6.062000000E-02
2.057446000E+01 8.445070000E+01 1.097300000E+01 6.026000000E-02
2.088154000E+01 8.554420000E+01 1.073400000E+01 5.938000000E-02
2.149988000E+01 8.662580000E+01 1.027100000E+01 5.767000000E-02
2.298338000E+01 8.799630000E+01 9.262900000E+00 5.395000000E-02
2.456923000E+01 8.880050000E+01 8.350400000E+00 5.046000000E-02
2.626450000E+01 8.934300000E+01 7.531400000E+00 4.721000000E-02
2.807676000E+01 8.973600000E+01 6.750600000E+00 4.416000000E-02
3.001405000E+01 8.996890000E+01 6.042000000E+00 4.131000000E-02
3.208502000E+01 9.011380000E+01 5.412600000E+00 3.864000000E-02
3.429889000E+01 9.025370000E+01 4.842000000E+00 3.615000000E-02
3.666551000E+01 9.028550000E+01 4.332900000E+00 3.381000000E-02
3.919543000E+01 9.028570000E+01 3.881500000E+00 3.163000000E-02
4.189992000E+01 9.032470000E+01 3.468000000E+00 2.959000000E-02
4.479101000E+01 9.027740000E+01 3.093500000E+00 2.768000000E-02
4.788159000E+01 9.021240000E+01 2.761500000E+00 2.589000000E-02
5.118542000E+01 9.013620000E+01 2.467000000E+00 2.422000000E-02
5.471721000E+01 9.005210000E+01 2.205600000E+00 2.266000000E-02
5.849270000E+01 8.996240000E+01 1.973400000E+00 2.120000000E-02
6.252870000E+01 8.986780000E+01 1.767000000E+00 1.983000000E-02
6.684318000E+01 8.976850000E+01 1.583300000E+00 1.855000000E-02
7.145536000E+01 8.966350000E+01 1.419400000E+00 1.735000000E-02
7.638578000E+01 8.954930000E+01 1.271400000E+00 1.623000000E-02
8.165640000E+01 8.942380000E+01 1.136800000E+00 1.518000000E-02
8.729069000E+01 8.926930000E+01 1.010600000E+00 1.420000000E-02
9.331374000E+01 8.906040000E+01 8.963300000E-01 1.329000000E-02
9.975239000E+01 8.873420000E+01 7.950000000E-01 1.243000000E-02
1.066353000E+02 8.794460000E+01 7.056200000E-01 1.163000000E-02
1.074579000E+02 8.772550000E+01 6.960300000E-01 1.154000000E-02
1.091026000E+02 8.674280000E+01 6.774700000E-01 1.136000000E-02
1.095413000E+02 8.556800000E+01 6.726500000E-01 1.132000000E-02
1.101992000E+02 8.679150000E+01 2.976900000E+00 1.125000000E-02
1.118439000E+02 8.786090000E+01 2.910100000E+00 1.109000000E-02
1.139931000E+02 8.840130000E+01 2.826200000E+00 1.088000000E-02
1.218587000E+02 8.921650000E+01 2.548800000E+00 1.017000000E-02
1.302669000E+02 8.959950000E+01 2.296100000E+00 9.518000000E-03
1.392553000E+02 8.983070000E+01 2.066800000E+00 8.903000000E-03
1.488640000E+02 8.998220000E+01 1.860100000E+00 8.329000000E-03
1.591356000E+02 9.008540000E+01 1.673200000E+00 7.791000000E-03
1.701159000E+02 9.015480000E+01 1.503900000E+00 7.288000000E-03
1.818539000E+02 9.020070000E+01 1.351800000E+00 6.818000000E-03
1.944018000E+02 9.022990000E+01 1.215100000E+00 6.378000000E-03
2.078156000E+02 9.024690000E+01 1.092400000E+00 5.966000000E-03
2.221548000E+02 9.025490000E+01 9.822400000E-01 5.581000000E-03
2.374835000E+02 9.025620000E+01 8.837500000E-01 5.221000000E-03
2.538699000E+02 9.025330000E+01 7.955000000E-01 4.884000000E-03
2.713869000E+02 9.024710000E+01 7.161500000E-01 4.569000000E-03
2.901126000E+02 9.023870000E+01 6.447900000E-01 4.274000000E-03
3.101304000E+02 9.022860000E+01 5.806100000E-01 3.998000000E-03
3.315294000E+02 9.021740000E+01 5.228700000E-01 3.740000000E-03
3.544049000E+02 9.020560000E+01 4.709200000E-01 3.498000000E-03
3.788588000E+02 9.019360000E+01 4.241700000E-01 3.273000000E-03
4.050001000E+02 9.018150000E+01 3.821100000E-01 3.061000000E-03
4.329451000E+02 9.016950000E+01 3.442400000E-01 2.864000000E-03
