# Data retrieved from physics.nist.gov 03/01/2021
# Element, Tl  (Z = 81) 
# Atomic weight, g mol-1 = 204.3830 
# Nominal density, g cm-3 =  1.1830E+01 
# Relativistic correction estimate f_rel(5CL),  e atom-1 =  -1.0794E+00 
# Nuclear Thomson correction f_NT, e atom-1 =  -1.7610E-02 
#    E [keV]      f1 [e atom-1]      f2 [e atom-1]    Wavelength [nm] 
9.471535000E-03 2.894820000E+00 0.000000000E+00 1.309000000E+02
9.616508000E-03 2.436530000E+00 0.000000000E+00 1.289000000E+02
9.655167000E-03 1.936010000E+00 0.000000000E+00 1.284000000E+02
9.713156000E-03 2.419620000E+00 9.573800000E-01 1.276000000E+02
9.858128000E-03 2.807320000E+00 9.409300000E-01 1.258000000E+02
1.069000000E-02 3.016320000E+00 8.557200000E-01 1.160000000E+02
1.142761000E-02 2.815130000E+00 7.635900000E-01 1.085000000E+02
1.221612000E-02 2.318260000E+00 6.465600000E-01 1.015000000E+02
1.283800000E-02 1.413140000E+00 5.565300000E-01 9.658000000E+01
1.303450000E-02 4.793750000E-01 5.296700000E-01 9.512000000E+01
1.305903000E-02 1.709130000E-01 5.263900000E-01 9.494000000E+01
1.308690000E-02 -5.764460000E-01 5.226700000E-01 9.474000000E+01
1.316550000E-02 4.896500000E-01 2.550400000E+00 9.417000000E+01
1.336200000E-02 1.355850000E+00 2.444400000E+00 9.279000000E+01
1.396010000E-02 1.819340000E+00 2.153800000E+00 8.881000000E+01
1.492335000E-02 1.264470000E+00 1.808300000E+00 8.308000000E+01
1.499400000E-02 1.160470000E+00 1.793800000E+00 8.269000000E+01
1.522350000E-02 5.447320000E-01 1.756500000E+00 8.144000000E+01
1.528470000E-02 -9.420780000E-02 1.748900000E+00 8.112000000E+01
1.537650000E-02 4.918620000E-01 2.935300000E+00 8.063000000E+01
1.560600000E-02 9.177870000E-01 2.891700000E+00 7.945000000E+01
1.595306000E-02 1.015990000E+00 2.848100000E+00 7.772000000E+01
1.705382000E-02 6.152670000E-01 2.862300000E+00 7.270000000E+01
1.823053000E-02 -2.113450000E-01 3.194600000E+00 6.801000000E+01
1.948844000E-02 -1.221950000E+00 3.898200000E+00 6.362000000E+01
2.083314000E-02 -2.318420000E+00 5.023600000E+00 5.951000000E+01
2.227063000E-02 -3.389210000E+00 6.645500000E+00 5.567000000E+01
2.380730000E-02 -4.271660000E+00 8.826600000E+00 5.208000000E+01
2.545001000E-02 -4.748100000E+00 1.157500000E+01 4.872000000E+01
2.720606000E-02 -4.569250000E+00 1.480600000E+01 4.557000000E+01
2.908327000E-02 -3.504780000E+00 1.831200000E+01 4.263000000E+01
3.109002000E-02 -1.408360000E+00 2.177300000E+01 3.988000000E+01
3.323523000E-02 1.720000000E+00 2.480000000E+01 3.731000000E+01
3.552846000E-02 5.706790000E+00 2.701700000E+01 3.490000000E+01
3.797993000E-02 1.022440000E+01 2.814300000E+01 3.264000000E+01
4.060054000E-02 1.485060000E+01 2.806100000E+01 3.054000000E+01
4.340198000E-02 1.917800000E+01 2.683600000E+01 2.857000000E+01
4.639671000E-02 2.286320000E+01 2.468300000E+01 2.672000000E+01
4.959809000E-02 2.569830000E+01 2.190900000E+01 2.500000000E+01
5.302035000E-02 2.761430000E+01 1.883800000E+01 2.338000000E+01
5.667876000E-02 2.865850000E+01 1.576200000E+01 2.187000000E+01
6.058959000E-02 2.895440000E+01 1.289600000E+01 2.046000000E+01
6.477028000E-02 2.864330000E+01 1.036800000E+01 1.914000000E+01
6.923942000E-02 2.781320000E+01 8.234300000E+00 1.791000000E+01
7.389200000E-02 2.613910000E+01 6.531300000E+00 1.678000000E+01
7.401695000E-02 2.605530000E+01 6.491700000E+00 1.675000000E+01
7.502300000E-02 2.489490000E+01 6.183700000E+00 1.653000000E+01
7.532460000E-02 2.355010000E+01 6.094900000E+00 1.646000000E+01
7.577700000E-02 2.486940000E+01 8.526300000E+00 1.636000000E+01
7.690800000E-02 2.590230000E+01 8.104400000E+00 1.612000000E+01
7.912411000E-02 2.633450000E+01 7.353000000E+00 1.567000000E+01
8.458368000E-02 2.611090000E+01 5.858800000E+00 1.466000000E+01
9.041995000E-02 2.535420000E+01 4.707000000E+00 1.371000000E+01
9.665893000E-02 2.418180000E+01 3.828100000E+00 1.283000000E+01
9.760800000E-02 2.390800000E+01 3.718200000E+00 1.270000000E+01
9.910200000E-02 2.313520000E+01 3.555800000E+00 1.251000000E+01
9.950040000E-02 2.237380000E+01 3.514600000E+00 1.246000000E+01
1.000980000E-01 2.304890000E+01 4.860300000E+00 1.239000000E+01
1.015920000E-01 2.352420000E+01 4.685000000E+00 1.220000000E+01
1.033284000E-01 2.362060000E+01 4.495400000E+00 1.200000000E+01
1.104581000E-01 2.327840000E+01 3.849800000E+00 1.122000000E+01
1.161300000E-01 2.269520000E+01 3.438400000E+00 1.068000000E+01
1.179075000E-01 2.236190000E+01 3.322700000E+00 1.052000000E+01
1.180797000E-01 2.230370000E+01 3.311800000E+00 1.050000000E+01
1.183815000E-01 2.212240000E+01 3.292900000E+00 1.047000000E+01
1.190925000E-01 2.223290000E+01 3.623600000E+00 1.041000000E+01
1.203440000E-01 2.222250000E+01 3.559300000E+00 1.030000000E+01
1.208700000E-01 2.218550000E+01 3.533200000E+00 1.026000000E+01
1.221860000E-01 2.202340000E+01 3.470000000E+00 1.015000000E+01
1.226772000E-01 2.185740000E+01 3.447300000E+00 1.011000000E+01
1.234140000E-01 2.194170000E+01 3.681500000E+00 1.005000000E+01
1.252560000E-01 2.192670000E+01 3.615000000E+00 9.898000000E+00
1.262272000E-01 2.188180000E+01 3.582400000E+00 9.822000000E+00
1.335740000E-01 2.135230000E+01 3.388600000E+00 9.282000000E+00
1.349368000E-01 2.122260000E+01 3.363600000E+00 9.188000000E+00
1.356185000E-01 2.114440000E+01 3.352400000E+00 9.142000000E+00
1.361637000E-01 2.104460000E+01 3.344100000E+00 9.106000000E+00
1.369815000E-01 2.103360000E+01 3.442400000E+00 9.051000000E+00
1.390260000E-01 2.091250000E+01 3.422200000E+00 8.918000000E+00
1.442475000E-01 2.050350000E+01 3.407900000E+00 8.595000000E+00
1.542005000E-01 1.964760000E+01 3.522600000E+00 8.040000000E+00
1.648404000E-01 1.870150000E+01 3.840500000E+00 7.521000000E+00
1.762144000E-01 1.769790000E+01 4.394400000E+00 7.036000000E+00
1.883732000E-01 1.667560000E+01 5.220600000E+00 6.582000000E+00
2.013709000E-01 1.568860000E+01 6.352600000E+00 6.157000000E+00
2.152655000E-01 1.480880000E+01 7.811700000E+00 5.760000000E+00
2.301188000E-01 1.412920000E+01 9.597400000E+00 5.388000000E+00
2.459970000E-01 1.372900000E+01 1.167900000E+01 5.040000000E+00
2.629708000E-01 1.370310000E+01 1.400400000E+01 4.715000000E+00
2.811158000E-01 1.411940000E+01 1.646400000E+01 4.410000000E+00
3.005128000E-01 1.500750000E+01 1.894400000E+01 4.126000000E+00
3.212482000E-01 1.635340000E+01 2.130800000E+01 3.859000000E+00
3.434143000E-01 1.808110000E+01 2.342600000E+01 3.610000000E+00
3.671099000E-01 2.003160000E+01 2.518900000E+01 3.377000000E+00
3.784760000E-01 2.084530000E+01 2.585400000E+01 3.276000000E+00
3.842690000E-01 2.101850000E+01 2.615000000E+01 3.226000000E+00
3.858138000E-01 2.077650000E+01 2.622400000E+01 3.214000000E+00
3.881310000E-01 2.131550000E+01 2.705600000E+01 3.194000000E+00
3.924405000E-01 2.191910000E+01 2.728200000E+01 3.159000000E+00
3.939240000E-01 2.208240000E+01 2.735700000E+01 3.147000000E+00
3.984680000E-01 2.252390000E+01 2.757600000E+01 3.112000000E+00
4.045670000E-01 2.293750000E+01 2.784800000E+01 3.065000000E+00
4.061934000E-01 2.284210000E+01 2.791600000E+01 3.052000000E+00
4.086330000E-01 2.333200000E+01 2.852400000E+01 3.034000000E+00
4.147320000E-01 2.414780000E+01 2.878900000E+01 2.990000000E+00
4.195189000E-01 2.468590000E+01 2.898300000E+01 2.955000000E+00
4.484657000E-01 2.762040000E+01 2.989500000E+01 2.765000000E+00
4.794098000E-01 3.049320000E+01 3.041400000E+01 2.586000000E+00
5.000000000E-01 3.371720000E+01 3.052700000E+01 2.480000000E+00
5.025000000E-01 3.392390000E+01 3.052900000E+01 2.467000000E+00
5.050125000E-01 3.412950000E+01 3.052800000E+01 2.455000000E+00
5.075375600E-01 3.433400000E+01 3.052600000E+01 2.443000000E+00
5.100752500E-01 3.453740000E+01 3.052000000E+01 2.431000000E+00
5.126256300E-01 3.473950000E+01 3.051300000E+01 2.419000000E+00
5.151887500E-01 3.494030000E+01 3.050300000E+01 2.407000000E+00
5.177647000E-01 3.513980000E+01 3.049200000E+01 2.395000000E+00
5.203535200E-01 3.533780000E+01 3.047800000E+01 2.383000000E+00
5.229552900E-01 3.553420000E+01 3.046100000E+01 2.371000000E+00
5.255700700E-01 3.572910000E+01 3.044300000E+01 2.359000000E+00
5.281979200E-01 3.592240000E+01 3.042300000E+01 2.347000000E+00
5.308389100E-01 3.611390000E+01 3.040000000E+01 2.336000000E+00
5.334931000E-01 3.630360000E+01 3.037600000E+01 2.324000000E+00
5.361605700E-01 3.649130000E+01 3.035000000E+01 2.312000000E+00
5.388413700E-01 3.667710000E+01 3.032100000E+01 2.301000000E+00
5.415355800E-01 3.686070000E+01 3.029100000E+01 2.289000000E+00
5.442432500E-01 3.704220000E+01 3.025900000E+01 2.278000000E+00
5.469644700E-01 3.722130000E+01 3.022500000E+01 2.267000000E+00
5.496992900E-01 3.739790000E+01 3.018900000E+01 2.255000000E+00
5.524477900E-01 3.757200000E+01 3.015200000E+01 2.244000000E+00
5.552100300E-01 3.774320000E+01 3.011200000E+01 2.233000000E+00
5.579860800E-01 3.791150000E+01 3.007100000E+01 2.222000000E+00
5.607760100E-01 3.807660000E+01 3.002900000E+01 2.211000000E+00
5.635798900E-01 3.823820000E+01 2.998400000E+01 2.200000000E+00
5.663977900E-01 3.839610000E+01 2.993800000E+01 2.189000000E+00
5.692297800E-01 3.854990000E+01 2.989100000E+01 2.178000000E+00
5.720759300E-01 3.869920000E+01 2.984200000E+01 2.167000000E+00
5.749363000E-01 3.884340000E+01 2.979100000E+01 2.156000000E+00
5.778109900E-01 3.898180000E+01 2.973900000E+01 2.146000000E+00
5.807000400E-01 3.911360000E+01 2.968500000E+01 2.135000000E+00
5.836035400E-01 3.923760000E+01 2.963000000E+01 2.124000000E+00
5.865215600E-01 3.935210000E+01 2.957400000E+01 2.114000000E+00
5.894541700E-01 3.945500000E+01 2.951600000E+01 2.103000000E+00
5.924014400E-01 3.954280000E+01 2.945700000E+01 2.093000000E+00
5.953634500E-01 3.961000000E+01 2.939700000E+01 2.082000000E+00
5.983402600E-01 3.964710000E+01 2.933500000E+01 2.072000000E+00
6.013319600E-01 3.963500000E+01 2.927200000E+01 2.062000000E+00
6.043386200E-01 3.952490000E+01 2.920800000E+01 2.052000000E+00
6.073603200E-01 3.909990000E+01 2.914300000E+01 2.041000000E+00
6.082448700E-01 3.870650000E+01 2.912400000E+01 2.038000000E+00
6.097551900E-01 3.879070000E+01 3.088600000E+01 2.033000000E+00
6.103971200E-01 3.917790000E+01 3.087300000E+01 2.031000000E+00
6.134491000E-01 4.000860000E+01 3.080800000E+01 2.021000000E+00
6.165163500E-01 4.047630000E+01 3.074200000E+01 2.011000000E+00
6.195989300E-01 4.083950000E+01 3.067500000E+01 2.001000000E+00
6.226969300E-01 4.115160000E+01 3.060800000E+01 1.991000000E+00
6.258104100E-01 4.143280000E+01 3.053900000E+01 1.981000000E+00
6.289394600E-01 4.169310000E+01 3.046900000E+01 1.971000000E+00
6.320841600E-01 4.193810000E+01 3.039800000E+01 1.962000000E+00
6.352445800E-01 4.217120000E+01 3.032600000E+01 1.952000000E+00
6.384208000E-01 4.239470000E+01 3.025400000E+01 1.942000000E+00
6.416129100E-01 4.261020000E+01 3.018000000E+01 1.932000000E+00
6.448209700E-01 4.281890000E+01 3.010600000E+01 1.923000000E+00
6.480450800E-01 4.302160000E+01 3.003000000E+01 1.913000000E+00
6.512853000E-01 4.321900000E+01 2.995500000E+01 1.904000000E+00
6.545417300E-01 4.341150000E+01 2.987800000E+01 1.894000000E+00
6.578144400E-01 4.359960000E+01 2.980000000E+01 1.885000000E+00
6.611035100E-01 4.378360000E+01 2.972200000E+01 1.875000000E+00
6.644090300E-01 4.396360000E+01 2.964300000E+01 1.866000000E+00
6.677310700E-01 4.414000000E+01 2.956400000E+01 1.857000000E+00
6.710697300E-01 4.431270000E+01 2.948400000E+01 1.848000000E+00
6.744250800E-01 4.448200000E+01 2.940300000E+01 1.838000000E+00
6.777972000E-01 4.464790000E+01 2.932100000E+01 1.829000000E+00
6.811861900E-01 4.481030000E+01 2.923900000E+01 1.820000000E+00
6.845921200E-01 4.496920000E+01 2.915600000E+01 1.811000000E+00
6.880150800E-01 4.512450000E+01 2.907300000E+01 1.802000000E+00
6.914551500E-01 4.527600000E+01 2.898900000E+01 1.793000000E+00
6.949124300E-01 4.542340000E+01 2.890500000E+01 1.784000000E+00
6.983869900E-01 4.556630000E+01 2.882000000E+01 1.775000000E+00
7.018789300E-01 4.570400000E+01 2.873400000E+01 1.766000000E+00
7.053883200E-01 4.583520000E+01 2.864800000E+01 1.758000000E+00
7.089152600E-01 4.595780000E+01 2.856200000E+01 1.749000000E+00
7.124598400E-01 4.606750000E+01 2.847500000E+01 1.740000000E+00
7.160221400E-01 4.615260000E+01 2.838700000E+01 1.732000000E+00
7.196022500E-01 4.615820000E+01 2.829900000E+01 1.723000000E+00
7.202901900E-01 4.612130000E+01 2.828300000E+01 1.721000000E+00
7.223098300E-01 4.620220000E+01 2.862500000E+01 1.716000000E+00
7.232002600E-01 4.631660000E+01 2.860400000E+01 1.714000000E+00
7.268162600E-01 4.659260000E+01 2.851700000E+01 1.706000000E+00
7.304503400E-01 4.679750000E+01 2.843000000E+01 1.697000000E+00
7.341026000E-01 4.697960000E+01 2.834300000E+01 1.689000000E+00
7.377731100E-01 4.714950000E+01 2.825500000E+01 1.681000000E+00
7.414619700E-01 4.731150000E+01 2.816700000E+01 1.672000000E+00
7.451692800E-01 4.746760000E+01 2.807900000E+01 1.664000000E+00
7.488951300E-01 4.761900000E+01 2.799000000E+01 1.656000000E+00
7.526396100E-01 4.776650000E+01 2.790100000E+01 1.647000000E+00
7.564028000E-01 4.791050000E+01 2.781200000E+01 1.639000000E+00
7.601848200E-01 4.805140000E+01 2.772300000E+01 1.631000000E+00
7.639857400E-01 4.818930000E+01 2.763300000E+01 1.623000000E+00
7.678056700E-01 4.832450000E+01 2.754300000E+01 1.615000000E+00
7.716447000E-01 4.845710000E+01 2.745400000E+01 1.607000000E+00
7.755029200E-01 4.858710000E+01 2.736300000E+01 1.599000000E+00
7.793804400E-01 4.871470000E+01 2.727300000E+01 1.591000000E+00
7.832773400E-01 4.883970000E+01 2.718300000E+01 1.583000000E+00
7.871937300E-01 4.896220000E+01 2.709200000E+01 1.575000000E+00
7.911296900E-01 4.908220000E+01 2.700200000E+01 1.567000000E+00
7.950853400E-01 4.919960000E+01 2.691100000E+01 1.559000000E+00
7.990607700E-01 4.931420000E+01 2.682000000E+01 1.552000000E+00
8.030560700E-01 4.942600000E+01 2.672900000E+01 1.544000000E+00
8.070713500E-01 4.953460000E+01 2.663800000E+01 1.536000000E+00
8.111067100E-01 4.963980000E+01 2.654700000E+01 1.529000000E+00
8.151622400E-01 4.974100000E+01 2.645600000E+01 1.521000000E+00
8.192380600E-01 4.983750000E+01 2.636400000E+01 1.513000000E+00
8.233342500E-01 4.992820000E+01 2.627300000E+01 1.506000000E+00
8.274509200E-01 5.001140000E+01 2.618200000E+01 1.498000000E+00
8.315881700E-01 5.008360000E+01 2.609100000E+01 1.491000000E+00
8.357461100E-01 5.013810000E+01 2.599900000E+01 1.484000000E+00
8.399248400E-01 5.015570000E+01 2.590800000E+01 1.476000000E+00
8.441244700E-01 5.002570000E+01 2.581700000E+01 1.469000000E+00
8.442317400E-01 5.001450000E+01 2.581400000E+01 1.469000000E+00
8.467682400E-01 5.008200000E+01 2.630600000E+01 1.464000000E+00
8.483450900E-01 5.026420000E+01 2.627200000E+01 1.461000000E+00
8.525868200E-01 5.053410000E+01 2.618100000E+01 1.454000000E+00
8.568497500E-01 5.072620000E+01 2.609100000E+01 1.447000000E+00
8.611340000E-01 5.089100000E+01 2.600000000E+01 1.440000000E+00
8.654396700E-01 5.104130000E+01 2.590900000E+01 1.433000000E+00
8.697668700E-01 5.118250000E+01 2.581900000E+01 1.425000000E+00
8.741157000E-01 5.131720000E+01 2.572800000E+01 1.418000000E+00
8.784862800E-01 5.144690000E+01 2.563800000E+01 1.411000000E+00
8.828787100E-01 5.157260000E+01 2.554800000E+01 1.404000000E+00
8.872931000E-01 5.169500000E+01 2.545800000E+01 1.397000000E+00
8.917295700E-01 5.181460000E+01 2.536800000E+01 1.390000000E+00
8.961882200E-01 5.193170000E+01 2.527800000E+01 1.383000000E+00
9.006691600E-01 5.204660000E+01 2.518800000E+01 1.377000000E+00
9.051725000E-01 5.215950000E+01 2.509800000E+01 1.370000000E+00
9.096983700E-01 5.227070000E+01 2.500800000E+01 1.363000000E+00
9.142468600E-01 5.238010000E+01 2.491900000E+01 1.356000000E+00
9.188180900E-01 5.248810000E+01 2.482900000E+01 1.349000000E+00
9.234121800E-01 5.259470000E+01 2.474000000E+01 1.343000000E+00
9.280292400E-01 5.269990000E+01 2.465100000E+01 1.336000000E+00
9.326693900E-01 5.280400000E+01 2.456200000E+01 1.329000000E+00
9.373327400E-01 5.290690000E+01 2.447300000E+01 1.323000000E+00
9.420194000E-01 5.300880000E+01 2.438500000E+01 1.316000000E+00
9.467295000E-01 5.310980000E+01 2.429600000E+01 1.310000000E+00
9.514631500E-01 5.321000000E+01 2.420800000E+01 1.303000000E+00
9.562204600E-01 5.330940000E+01 2.412000000E+01 1.297000000E+00
9.610015600E-01 5.340820000E+01 2.403200000E+01 1.290000000E+00
9.658065700E-01 5.350670000E+01 2.394400000E+01 1.284000000E+00
9.706356000E-01 5.360490000E+01 2.385600000E+01 1.277000000E+00
9.754887800E-01 5.370320000E+01 2.376900000E+01 1.271000000E+00
9.803662300E-01 5.380190000E+01 2.368100000E+01 1.265000000E+00
9.852680600E-01 5.390170000E+01 2.359400000E+01 1.258000000E+00
9.901944000E-01 5.400340000E+01 2.350700000E+01 1.252000000E+00
9.951453700E-01 5.410850000E+01 2.342100000E+01 1.246000000E+00
1.000121100E+00 5.422130000E+01 2.333300000E+01 1.240000000E+00
1.005121700E+00 5.438450000E+01 2.320900000E+01 1.234000000E+00
1.010147300E+00 5.453370000E+01 2.308600000E+01 1.227000000E+00
1.015198000E+00 5.467180000E+01 2.296300000E+01 1.221000000E+00
1.020274000E+00 5.480050000E+01 2.284200000E+01 1.215000000E+00
1.025375400E+00 5.492140000E+01 2.272100000E+01 1.209000000E+00
1.030502300E+00 5.503550000E+01 2.260000000E+01 1.203000000E+00
1.035654800E+00 5.514330000E+01 2.247800000E+01 1.197000000E+00
1.040833100E+00 5.524570000E+01 2.235700000E+01 1.191000000E+00
1.046037200E+00 5.534320000E+01 2.223700000E+01 1.185000000E+00
1.051267400E+00 5.543620000E+01 2.211800000E+01 1.179000000E+00
1.056523800E+00 5.552530000E+01 2.199900000E+01 1.174000000E+00
1.061806400E+00 5.561070000E+01 2.188100000E+01 1.168000000E+00
1.067115400E+00 5.569280000E+01 2.176400000E+01 1.162000000E+00
1.072451000E+00 5.577170000E+01 2.164800000E+01 1.156000000E+00
1.077813200E+00 5.584780000E+01 2.153200000E+01 1.150000000E+00
1.083202300E+00 5.592110000E+01 2.141700000E+01 1.145000000E+00
1.088618300E+00 5.599190000E+01 2.130200000E+01 1.139000000E+00
1.094061400E+00 5.606030000E+01 2.118900000E+01 1.133000000E+00
1.099531700E+00 5.612650000E+01 2.107600000E+01 1.128000000E+00
1.105029400E+00 5.619050000E+01 2.096300000E+01 1.122000000E+00
1.110554500E+00 5.625240000E+01 2.085200000E+01 1.116000000E+00
1.116107300E+00 5.631250000E+01 2.074100000E+01 1.111000000E+00
1.121687800E+00 5.637060000E+01 2.063000000E+01 1.105000000E+00
1.127296300E+00 5.642700000E+01 2.052100000E+01 1.100000000E+00
1.132932800E+00 5.648160000E+01 2.041200000E+01 1.094000000E+00
1.138597400E+00 5.653460000E+01 2.030300000E+01 1.089000000E+00
1.144290400E+00 5.658600000E+01 2.019600000E+01 1.084000000E+00
1.150011900E+00 5.663590000E+01 2.008900000E+01 1.078000000E+00
1.155761900E+00 5.668430000E+01 1.998200000E+01 1.073000000E+00
1.161540700E+00 5.672990000E+01 1.987700000E+01 1.067000000E+00
1.167348400E+00 5.677560000E+01 1.977200000E+01 1.062000000E+00
1.173185200E+00 5.682000000E+01 1.966700000E+01 1.057000000E+00
1.179051100E+00 5.686300000E+01 1.956300000E+01 1.052000000E+00
1.184946400E+00 5.690470000E+01 1.946000000E+01 1.046000000E+00
1.190871100E+00 5.694520000E+01 1.935800000E+01 1.041000000E+00
1.196825400E+00 5.698460000E+01 1.925600000E+01 1.036000000E+00
1.202809600E+00 5.702270000E+01 1.915500000E+01 1.031000000E+00
1.208823600E+00 5.705980000E+01 1.905400000E+01 1.026000000E+00
1.214867700E+00 5.709570000E+01 1.895400000E+01 1.021000000E+00
1.220942100E+00 5.713190000E+01 1.885400000E+01 1.015000000E+00
1.227046800E+00 5.716560000E+01 1.875500000E+01 1.010000000E+00
1.233182000E+00 5.719800000E+01 1.865500000E+01 1.005000000E+00
1.239347900E+00 5.722940000E+01 1.855700000E+01 1.000000000E+00
1.245544700E+00 5.725950000E+01 1.845900000E+01 9.954000000E-01
1.251772400E+00 5.728850000E+01 1.836100000E+01 9.905000000E-01
1.258031200E+00 5.731650000E+01 1.826400000E+01 9.855000000E-01
1.264321400E+00 5.734330000E+01 1.816800000E+01 9.806000000E-01
1.270643000E+00 5.736910000E+01 1.807200000E+01 9.758000000E-01
1.276996200E+00 5.739380000E+01 1.797700000E+01 9.709000000E-01
1.283381200E+00 5.741750000E+01 1.788300000E+01 9.661000000E-01
1.289798100E+00 5.744020000E+01 1.778900000E+01 9.613000000E-01
1.296247100E+00 5.746180000E+01 1.769500000E+01 9.565000000E-01
1.302728300E+00 5.748250000E+01 1.760200000E+01 9.517000000E-01
1.309242000E+00 5.750210000E+01 1.751000000E+01 9.470000000E-01
1.315788200E+00 5.752090000E+01 1.741800000E+01 9.423000000E-01
1.322367100E+00 5.753860000E+01 1.732700000E+01 9.376000000E-01
1.328979000E+00 5.755540000E+01 1.723700000E+01 9.329000000E-01
1.335623900E+00 5.757120000E+01 1.714700000E+01 9.283000000E-01
1.342302000E+00 5.758620000E+01 1.705700000E+01 9.237000000E-01
1.349013500E+00 5.760020000E+01 1.696900000E+01 9.191000000E-01
1.355758600E+00 5.761320000E+01 1.688000000E+01 9.145000000E-01
1.362537400E+00 5.762540000E+01 1.679200000E+01 9.100000000E-01
1.369350000E+00 5.763670000E+01 1.670500000E+01 9.054000000E-01
1.376196800E+00 5.764700000E+01 1.661900000E+01 9.009000000E-01
1.383077800E+00 5.765650000E+01 1.653200000E+01 8.964000000E-01
1.389993200E+00 5.766510000E+01 1.644700000E+01 8.920000000E-01
1.396943100E+00 5.767290000E+01 1.636200000E+01 8.875000000E-01
1.403927800E+00 5.767980000E+01 1.627700000E+01 8.831000000E-01
1.410947500E+00 5.768580000E+01 1.619300000E+01 8.787000000E-01
1.418002200E+00 5.769100000E+01 1.611000000E+01 8.744000000E-01
1.425092200E+00 5.769530000E+01 1.602600000E+01 8.700000000E-01
1.432217700E+00 5.769880000E+01 1.594300000E+01 8.657000000E-01
1.439378800E+00 5.770130000E+01 1.586100000E+01 8.614000000E-01
1.446575700E+00 5.770290000E+01 1.577800000E+01 8.571000000E-01
1.453808600E+00 5.770350000E+01 1.569600000E+01 8.528000000E-01
1.461077600E+00 5.770330000E+01 1.561500000E+01 8.486000000E-01
1.468383000E+00 5.770210000E+01 1.553400000E+01 8.444000000E-01
1.475724900E+00 5.770000000E+01 1.545400000E+01 8.402000000E-01
1.483103500E+00 5.769700000E+01 1.537400000E+01 8.360000000E-01
1.490519000E+00 5.769310000E+01 1.529500000E+01 8.318000000E-01
1.497971600E+00 5.768830000E+01 1.521600000E+01 8.277000000E-01
1.505461500E+00 5.768260000E+01 1.513800000E+01 8.236000000E-01
1.512988800E+00 5.767600000E+01 1.506100000E+01 8.195000000E-01
1.520553700E+00 5.766850000E+01 1.498300000E+01 8.154000000E-01
1.528156500E+00 5.766020000E+01 1.490700000E+01 8.113000000E-01
1.535797300E+00 5.765100000E+01 1.483000000E+01 8.073000000E-01
1.543476300E+00 5.764090000E+01 1.475500000E+01 8.033000000E-01
1.551193700E+00 5.762980000E+01 1.467300000E+01 7.993000000E-01
1.558949600E+00 5.761720000E+01 1.459100000E+01 7.953000000E-01
1.566744400E+00 5.760320000E+01 1.450900000E+01 7.913000000E-01
1.574578100E+00 5.758770000E+01 1.442800000E+01 7.874000000E-01
1.582451000E+00 5.757080000E+01 1.434700000E+01 7.835000000E-01
1.590363300E+00 5.755240000E+01 1.426700000E+01 7.796000000E-01
1.598315100E+00 5.753270000E+01 1.418800000E+01 7.757000000E-01
1.606306600E+00 5.751160000E+01 1.410900000E+01 7.719000000E-01
1.614338200E+00 5.748900000E+01 1.403100000E+01 7.680000000E-01
1.622409900E+00 5.746510000E+01 1.395300000E+01 7.642000000E-01
1.630521900E+00 5.743970000E+01 1.387300000E+01 7.604000000E-01
1.638674500E+00 5.741260000E+01 1.379200000E+01 7.566000000E-01
1.646867900E+00 5.738370000E+01 1.371100000E+01 7.528000000E-01
1.655102200E+00 5.735300000E+01 1.363100000E+01 7.491000000E-01
1.663377700E+00 5.732050000E+01 1.355100000E+01 7.454000000E-01
1.671694600E+00 5.728620000E+01 1.347200000E+01 7.417000000E-01
1.680053100E+00 5.725000000E+01 1.339300000E+01 7.380000000E-01
1.688453400E+00 5.721210000E+01 1.331500000E+01 7.343000000E-01
1.696895600E+00 5.717230000E+01 1.323800000E+01 7.307000000E-01
1.705380100E+00 5.713070000E+01 1.316100000E+01 7.270000000E-01
1.713907000E+00 5.708710000E+01 1.308500000E+01 7.234000000E-01
1.722476600E+00 5.704170000E+01 1.300900000E+01 7.198000000E-01
1.731088900E+00 5.699430000E+01 1.293400000E+01 7.162000000E-01
1.739744400E+00 5.694500000E+01 1.286000000E+01 7.127000000E-01
1.748443100E+00 5.689360000E+01 1.278600000E+01 7.091000000E-01
1.757185300E+00 5.684030000E+01 1.271200000E+01 7.056000000E-01
1.765971200E+00 5.678480000E+01 1.263900000E+01 7.021000000E-01
1.774801100E+00 5.672720000E+01 1.256700000E+01 6.986000000E-01
1.783675100E+00 5.666740000E+01 1.249500000E+01 6.951000000E-01
1.792593500E+00 5.660540000E+01 1.242300000E+01 6.916000000E-01
1.801556500E+00 5.654110000E+01 1.235200000E+01 6.882000000E-01
1.810564200E+00 5.647450000E+01 1.228200000E+01 6.848000000E-01
1.819617100E+00 5.640540000E+01 1.221200000E+01 6.814000000E-01
1.828715100E+00 5.633500000E+01 1.214300000E+01 6.780000000E-01
1.837858700E+00 5.626090000E+01 1.207400000E+01 6.746000000E-01
1.847048000E+00 5.618420000E+01 1.200600000E+01 6.713000000E-01
1.856283300E+00 5.610470000E+01 1.193800000E+01 6.679000000E-01
1.865564700E+00 5.602250000E+01 1.187000000E+01 6.646000000E-01
1.874892500E+00 5.593730000E+01 1.180400000E+01 6.613000000E-01
1.884267000E+00 5.584910000E+01 1.173700000E+01 6.580000000E-01
1.893688300E+00 5.575780000E+01 1.167100000E+01 6.547000000E-01
1.903156700E+00 5.566330000E+01 1.160500000E+01 6.515000000E-01
1.912672500E+00 5.556530000E+01 1.154000000E+01 6.482000000E-01
1.922235900E+00 5.546380000E+01 1.147500000E+01 6.450000000E-01
1.931847100E+00 5.535870000E+01 1.141100000E+01 6.418000000E-01
1.941506300E+00 5.524970000E+01 1.134700000E+01 6.386000000E-01
1.951213800E+00 5.513670000E+01 1.128400000E+01 6.354000000E-01
1.960969900E+00 5.501950000E+01 1.122100000E+01 6.323000000E-01
1.970774700E+00 5.489800000E+01 1.115900000E+01 6.291000000E-01
1.980628600E+00 5.477180000E+01 1.109700000E+01 6.260000000E-01
1.990531800E+00 5.464080000E+01 1.103500000E+01 6.229000000E-01
2.000484400E+00 5.450470000E+01 1.097400000E+01 6.198000000E-01
2.010486800E+00 5.436320000E+01 1.091400000E+01 6.167000000E-01
2.020539300E+00 5.421610000E+01 1.085300000E+01 6.136000000E-01
2.030642000E+00 5.406290000E+01 1.079300000E+01 6.106000000E-01
2.040795200E+00 5.390340000E+01 1.073400000E+01 6.075000000E-01
2.050999200E+00 5.373720000E+01 1.067500000E+01 6.045000000E-01
2.061254200E+00 5.356380000E+01 1.061700000E+01 6.015000000E-01
2.071560400E+00 5.338270000E+01 1.055800000E+01 5.985000000E-01
2.081918200E+00 5.319340000E+01 1.050100000E+01 5.955000000E-01
2.092327800E+00 5.299540000E+01 1.044300000E+01 5.926000000E-01
2.102789500E+00 5.278800000E+01 1.038600000E+01 5.896000000E-01
2.113303400E+00 5.257040000E+01 1.033000000E+01 5.867000000E-01
2.123869900E+00 5.234190000E+01 1.027400000E+01 5.838000000E-01
2.134489300E+00 5.210160000E+01 1.021800000E+01 5.809000000E-01
2.145161700E+00 5.184830000E+01 1.016300000E+01 5.780000000E-01
2.155887500E+00 5.158100000E+01 1.010800000E+01 5.751000000E-01
2.166667000E+00 5.130050000E+01 1.005300000E+01 5.722000000E-01
2.177500300E+00 5.100090000E+01 9.998800000E+00 5.694000000E-01
2.188387800E+00 5.068240000E+01 9.944900000E+00 5.666000000E-01
2.199329700E+00 5.034320000E+01 9.891500000E+00 5.637000000E-01
2.210326400E+00 4.998050000E+01 9.838400000E+00 5.609000000E-01
2.221378000E+00 4.959160000E+01 9.785600000E+00 5.581000000E-01
2.232484900E+00 4.917290000E+01 9.731300000E+00 5.554000000E-01
2.243647300E+00 4.871990000E+01 9.676300000E+00 5.526000000E-01
2.254865600E+00 4.822720000E+01 9.621800000E+00 5.499000000E-01
2.266139900E+00 4.768810000E+01 9.567700000E+00 5.471000000E-01
2.277470600E+00 4.709380000E+01 9.513900000E+00 5.444000000E-01
2.288857900E+00 4.643290000E+01 9.460700000E+00 5.417000000E-01
2.300302200E+00 4.568990000E+01 9.407800000E+00 5.390000000E-01
2.311803700E+00 4.484280000E+01 9.354200000E+00 5.363000000E-01
2.323362800E+00 4.385920000E+01 9.299900000E+00 5.336000000E-01
2.334979600E+00 4.268790000E+01 9.246100000E+00 5.310000000E-01
2.346654500E+00 4.124080000E+01 9.192800000E+00 5.283000000E-01
2.358387800E+00 3.934450000E+01 9.139900000E+00 5.257000000E-01
2.370179700E+00 3.656910000E+01 9.087400000E+00 5.231000000E-01
2.382030600E+00 3.113330000E+01 9.035400000E+00 5.205000000E-01
2.388655000E+00 1.785610000E+01 9.006600000E+00 5.191000000E-01
2.389945200E+00 1.756000000E+01 2.611000000E+01 5.188000000E-01
2.393940700E+00 2.825730000E+01 2.604500000E+01 5.179000000E-01
2.405910400E+00 3.493440000E+01 2.585200000E+01 5.153000000E-01
2.417940000E+00 3.751040000E+01 2.566100000E+01 5.128000000E-01
2.430029700E+00 3.889820000E+01 2.547100000E+01 5.102000000E-01
2.442179800E+00 3.959640000E+01 2.528200000E+01 5.077000000E-01
2.454390700E+00 3.969050000E+01 2.509400000E+01 5.052000000E-01
2.466662700E+00 3.896110000E+01 2.490700000E+01 5.026000000E-01
2.478996000E+00 3.595900000E+01 2.472200000E+01 5.001000000E-01
2.484394300E+00 2.858150000E+01 2.464200000E+01 4.991000000E-01
2.485805800E+00 2.850130000E+01 3.595900000E+01 4.988000000E-01
2.491391000E+00 3.680120000E+01 3.583600000E+01 4.977000000E-01
2.503847900E+00 4.153590000E+01 3.556300000E+01 4.952000000E-01
2.516367200E+00 4.408360000E+01 3.529300000E+01 4.927000000E-01
2.528949000E+00 4.593570000E+01 3.502400000E+01 4.903000000E-01
2.541593800E+00 4.742440000E+01 3.475800000E+01 4.878000000E-01
2.554301700E+00 4.868210000E+01 3.449400000E+01 4.854000000E-01
2.567073200E+00 4.977670000E+01 3.423300000E+01 4.830000000E-01
2.579908600E+00 5.074810000E+01 3.397300000E+01 4.806000000E-01
2.592808200E+00 5.162220000E+01 3.371500000E+01 4.782000000E-01
2.605772200E+00 5.241650000E+01 3.346000000E+01 4.758000000E-01
2.618801100E+00 5.314380000E+01 3.320600000E+01 4.734000000E-01
2.631895100E+00 5.381370000E+01 3.295500000E+01 4.711000000E-01
2.645054500E+00 5.443350000E+01 3.270600000E+01 4.687000000E-01
2.658279800E+00 5.500900000E+01 3.245900000E+01 4.664000000E-01
2.671571200E+00 5.554470000E+01 3.221300000E+01 4.641000000E-01
2.684929100E+00 5.604420000E+01 3.197000000E+01 4.618000000E-01
2.698353700E+00 5.651060000E+01 3.172900000E+01 4.595000000E-01
2.711845500E+00 5.694610000E+01 3.148900000E+01 4.572000000E-01
2.725404700E+00 5.735290000E+01 3.125200000E+01 4.549000000E-01
2.739031700E+00 5.773210000E+01 3.101600000E+01 4.527000000E-01
2.752726900E+00 5.808510000E+01 3.078300000E+01 4.504000000E-01
2.766490500E+00 5.841240000E+01 3.055100000E+01 4.482000000E-01
2.780323000E+00 5.871440000E+01 3.032100000E+01 4.459000000E-01
2.794224600E+00 5.899090000E+01 3.009300000E+01 4.437000000E-01
2.808195700E+00 5.924120000E+01 2.986700000E+01 4.415000000E-01
2.822236700E+00 5.946420000E+01 2.964300000E+01 4.393000000E-01
2.836347900E+00 5.965740000E+01 2.942000000E+01 4.371000000E-01
2.850529600E+00 5.981750000E+01 2.920000000E+01 4.350000000E-01
2.864782300E+00 5.993890000E+01 2.898100000E+01 4.328000000E-01
2.879106200E+00 6.001270000E+01 2.876300000E+01 4.306000000E-01
2.893501700E+00 6.002390000E+01 2.854800000E+01 4.285000000E-01
2.907969200E+00 5.994460000E+01 2.833300000E+01 4.264000000E-01
2.922509100E+00 5.971600000E+01 2.812000000E+01 4.242000000E-01
2.937121600E+00 5.917340000E+01 2.790900000E+01 4.221000000E-01
2.951807200E+00 5.735020000E+01 2.770000000E+01 4.200000000E-01
2.953643400E+00 5.665370000E+01 2.767400000E+01 4.198000000E-01
2.959556600E+00 5.671610000E+01 3.238000000E+01 4.189000000E-01
2.966566200E+00 5.872500000E+01 3.225300000E+01 4.179000000E-01
2.981399100E+00 6.041190000E+01 3.198800000E+01 4.159000000E-01
2.996306100E+00 6.140380000E+01 3.172500000E+01 4.138000000E-01
3.011287600E+00 6.226970000E+01 3.145500000E+01 4.117000000E-01
3.026344000E+00 6.291260000E+01 3.118700000E+01 4.097000000E-01
3.041475800E+00 6.344450000E+01 3.092400000E+01 4.076000000E-01
3.056683100E+00 6.390780000E+01 3.066500000E+01 4.056000000E-01
3.071966600E+00 6.432140000E+01 3.040900000E+01 4.036000000E-01
3.087326400E+00 6.469560000E+01 3.015600000E+01 4.016000000E-01
3.102763000E+00 6.503590000E+01 2.990700000E+01 3.996000000E-01
3.118276800E+00 6.535000000E+01 2.967000000E+01 3.976000000E-01
3.133868200E+00 6.564500000E+01 2.943600000E+01 3.956000000E-01
3.149537600E+00 6.592200000E+01 2.920400000E+01 3.937000000E-01
3.165285300E+00 6.618220000E+01 2.897500000E+01 3.917000000E-01
3.181111700E+00 6.642700000E+01 2.874800000E+01 3.898000000E-01
3.197017200E+00 6.665710000E+01 2.852400000E+01 3.878000000E-01
3.213002300E+00 6.687320000E+01 2.830200000E+01 3.859000000E-01
3.229067300E+00 6.707580000E+01 2.808200000E+01 3.840000000E-01
3.245212700E+00 6.726440000E+01 2.786100000E+01 3.821000000E-01
3.261438700E+00 6.743840000E+01 2.764300000E+01 3.802000000E-01
3.277745900E+00 6.759710000E+01 2.742600000E+01 3.783000000E-01
3.294134700E+00 6.773950000E+01 2.721100000E+01 3.764000000E-01
3.310605300E+00 6.786350000E+01 2.699800000E+01 3.745000000E-01
3.327158400E+00 6.796600000E+01 2.678700000E+01 3.726000000E-01
3.343794100E+00 6.804100000E+01 2.657800000E+01 3.708000000E-01
3.360513100E+00 6.807780000E+01 2.637100000E+01 3.689000000E-01
3.377315700E+00 6.805290000E+01 2.616500000E+01 3.671000000E-01
3.394202300E+00 6.789920000E+01 2.596100000E+01 3.653000000E-01
3.410713000E+00 6.723140000E+01 2.576400000E+01 3.635000000E-01
3.411173300E+00 6.718040000E+01 2.575800000E+01 3.635000000E-01
3.420686900E+00 6.731360000E+01 2.745400000E+01 3.625000000E-01
3.428229100E+00 6.792270000E+01 2.735500000E+01 3.617000000E-01
3.445370300E+00 6.858360000E+01 2.713300000E+01 3.599000000E-01
3.462597100E+00 6.899940000E+01 2.691300000E+01 3.581000000E-01
3.479910100E+00 6.932250000E+01 2.669400000E+01 3.563000000E-01
3.497309700E+00 6.959340000E+01 2.647800000E+01 3.545000000E-01
3.514796200E+00 6.982870000E+01 2.626300000E+01 3.527000000E-01
3.532370200E+00 7.003670000E+01 2.605000000E+01 3.510000000E-01
3.550032100E+00 7.022180000E+01 2.583900000E+01 3.492000000E-01
3.567782200E+00 7.038580000E+01 2.562900000E+01 3.475000000E-01
3.585621100E+00 7.052860000E+01 2.542300000E+01 3.458000000E-01
3.603549200E+00 7.065280000E+01 2.522700000E+01 3.441000000E-01
3.621567000E+00 7.075900000E+01 2.503300000E+01 3.423000000E-01
3.639674800E+00 7.084160000E+01 2.484200000E+01 3.406000000E-01
3.657873200E+00 7.088920000E+01 2.465300000E+01 3.390000000E-01
3.676162600E+00 7.087270000E+01 2.446500000E+01 3.373000000E-01
3.694543400E+00 7.065650000E+01 2.428000000E+01 3.356000000E-01
3.696210200E+00 7.060440000E+01 2.426300000E+01 3.354000000E-01
3.711989600E+00 7.072210000E+01 2.518100000E+01 3.340000000E-01
3.713016100E+00 7.077190000E+01 2.517000000E+01 3.339000000E-01
3.731581200E+00 7.129810000E+01 2.498700000E+01 3.323000000E-01
3.750239100E+00 7.161170000E+01 2.480600000E+01 3.306000000E-01
3.768990300E+00 7.186060000E+01 2.462600000E+01 3.290000000E-01
3.787835200E+00 7.207630000E+01 2.444800000E+01 3.273000000E-01
3.806774400E+00 7.227090000E+01 2.427200000E+01 3.257000000E-01
3.825808300E+00 7.245080000E+01 2.409800000E+01 3.241000000E-01
3.844937300E+00 7.261950000E+01 2.392500000E+01 3.225000000E-01
3.864162000E+00 7.277840000E+01 2.375100000E+01 3.209000000E-01
3.883482800E+00 7.292880000E+01 2.357800000E+01 3.193000000E-01
3.902900200E+00 7.307200000E+01 2.340600000E+01 3.177000000E-01
3.922414700E+00 7.320880000E+01 2.323700000E+01 3.161000000E-01
3.942026800E+00 7.334000000E+01 2.306900000E+01 3.145000000E-01
3.961736900E+00 7.346620000E+01 2.290300000E+01 3.130000000E-01
3.981545600E+00 7.358780000E+01 2.273800000E+01 3.114000000E-01
4.001453300E+00 7.370530000E+01 2.257500000E+01 3.098000000E-01
4.021460600E+00 7.381890000E+01 2.241400000E+01 3.083000000E-01
4.041567900E+00 7.392890000E+01 2.225400000E+01 3.068000000E-01
4.061775700E+00 7.403560000E+01 2.209500000E+01 3.052000000E-01
4.082084600E+00 7.413910000E+01 2.193800000E+01 3.037000000E-01
4.102495000E+00 7.423980000E+01 2.178300000E+01 3.022000000E-01
4.123007500E+00 7.433770000E+01 2.162900000E+01 3.007000000E-01
4.143622600E+00 7.443300000E+01 2.147600000E+01 2.992000000E-01
4.164340700E+00 7.452590000E+01 2.132500000E+01 2.977000000E-01
4.185162400E+00 7.461640000E+01 2.117500000E+01 2.962000000E-01
4.206088200E+00 7.470470000E+01 2.102700000E+01 2.948000000E-01
4.227118600E+00 7.479100000E+01 2.087900000E+01 2.933000000E-01
4.248254200E+00 7.487530000E+01 2.073400000E+01 2.918000000E-01
4.269495500E+00 7.495770000E+01 2.058900000E+01 2.904000000E-01
4.290843000E+00 7.503830000E+01 2.044500000E+01 2.890000000E-01
4.312297200E+00 7.511730000E+01 2.030300000E+01 2.875000000E-01
4.333858700E+00 7.519470000E+01 2.016200000E+01 2.861000000E-01
4.355528000E+00 7.527070000E+01 2.002300000E+01 2.847000000E-01
4.377305600E+00 7.534530000E+01 1.988400000E+01 2.832000000E-01
4.399192100E+00 7.541860000E+01 1.974700000E+01 2.818000000E-01
4.421188100E+00 7.549100000E+01 1.961000000E+01 2.804000000E-01
4.443294000E+00 7.556240000E+01 1.947500000E+01 2.790000000E-01
4.465510500E+00 7.563200000E+01 1.933700000E+01 2.776000000E-01
4.487838100E+00 7.569980000E+01 1.920000000E+01 2.763000000E-01
4.510277200E+00 7.576590000E+01 1.906500000E+01 2.749000000E-01
4.532828600E+00 7.583030000E+01 1.893000000E+01 2.735000000E-01
4.555492800E+00 7.589330000E+01 1.879700000E+01 2.722000000E-01
4.578270200E+00 7.595490000E+01 1.866400000E+01 2.708000000E-01
4.601161600E+00 7.601500000E+01 1.853300000E+01 2.695000000E-01
4.624167400E+00 7.607400000E+01 1.840200000E+01 2.681000000E-01
4.647288200E+00 7.613170000E+01 1.827300000E+01 2.668000000E-01
4.670524700E+00 7.618820000E+01 1.814400000E+01 2.655000000E-01
4.693877300E+00 7.624370000E+01 1.801700000E+01 2.641000000E-01
4.717346700E+00 7.629810000E+01 1.789000000E+01 2.628000000E-01
4.740933400E+00 7.635150000E+01 1.776400000E+01 2.615000000E-01
4.764638100E+00 7.640410000E+01 1.764000000E+01 2.602000000E-01
4.788461300E+00 7.663940000E+01 1.751300000E+01 2.589000000E-01
4.812403600E+00 7.669040000E+01 1.738300000E+01 2.576000000E-01
4.836465600E+00 7.673960000E+01 1.725400000E+01 2.564000000E-01
4.860647900E+00 7.678710000E+01 1.712500000E+01 2.551000000E-01
4.884951200E+00 7.683310000E+01 1.699800000E+01 2.538000000E-01
4.909375900E+00 7.687760000E+01 1.687100000E+01 2.525000000E-01
4.933922800E+00 7.692070000E+01 1.674600000E+01 2.513000000E-01
4.958592400E+00 7.696250000E+01 1.662200000E+01 2.500000000E-01
4.983385400E+00 7.712870000E+01 1.649600000E+01 2.488000000E-01
5.008302300E+00 7.716800000E+01 1.636900000E+01 2.476000000E-01
5.033343800E+00 7.720570000E+01 1.624400000E+01 2.463000000E-01
5.058510500E+00 7.724190000E+01 1.611900000E+01 2.451000000E-01
5.083803100E+00 7.727660000E+01 1.599600000E+01 2.439000000E-01
5.109222100E+00 7.730990000E+01 1.587400000E+01 2.427000000E-01
5.134768200E+00 7.734190000E+01 1.575200000E+01 2.415000000E-01
5.160442100E+00 7.737270000E+01 1.563200000E+01 2.403000000E-01
5.186244300E+00 7.740220000E+01 1.551300000E+01 2.391000000E-01
5.212175500E+00 7.743060000E+01 1.539500000E+01 2.379000000E-01
5.238236400E+00 7.745780000E+01 1.527800000E+01 2.367000000E-01
5.264427600E+00 7.748400000E+01 1.516200000E+01 2.355000000E-01
5.290749700E+00 7.750920000E+01 1.504700000E+01 2.343000000E-01
5.317203400E+00 7.753330000E+01 1.493300000E+01 2.332000000E-01
5.343789500E+00 7.755650000E+01 1.481900000E+01 2.320000000E-01
5.370508400E+00 7.757880000E+01 1.470700000E+01 2.309000000E-01
5.397360900E+00 7.760010000E+01 1.459600000E+01 2.297000000E-01
5.424347700E+00 7.762060000E+01 1.448600000E+01 2.286000000E-01
5.451469500E+00 7.764030000E+01 1.437700000E+01 2.274000000E-01
5.478726800E+00 7.765910000E+01 1.426800000E+01 2.263000000E-01
5.506120500E+00 7.767710000E+01 1.416100000E+01 2.252000000E-01
5.533651100E+00 7.769440000E+01 1.405500000E+01 2.241000000E-01
5.561319300E+00 7.771090000E+01 1.394900000E+01 2.229000000E-01
5.589125900E+00 7.772680000E+01 1.384500000E+01 2.218000000E-01
5.617071600E+00 7.774190000E+01 1.374100000E+01 2.207000000E-01
5.645156900E+00 7.775640000E+01 1.363800000E+01 2.196000000E-01
5.673382700E+00 7.777020000E+01 1.353600000E+01 2.185000000E-01
5.701749600E+00 7.778340000E+01 1.343500000E+01 2.174000000E-01
5.730258400E+00 7.779600000E+01 1.333500000E+01 2.164000000E-01
5.758909600E+00 7.780800000E+01 1.323600000E+01 2.153000000E-01
5.787704200E+00 7.781940000E+01 1.313800000E+01 2.142000000E-01
5.816642700E+00 7.783040000E+01 1.304000000E+01 2.132000000E-01
5.845725900E+00 7.784080000E+01 1.294300000E+01 2.121000000E-01
5.874954600E+00 7.785070000E+01 1.284800000E+01 2.110000000E-01
5.904329300E+00 7.786020000E+01 1.275300000E+01 2.100000000E-01
5.933851000E+00 7.796630000E+01 1.265600000E+01 2.089000000E-01
5.963520200E+00 7.797520000E+01 1.255900000E+01 2.079000000E-01
5.993337800E+00 7.798340000E+01 1.246300000E+01 2.069000000E-01
6.023304500E+00 7.799070000E+01 1.236800000E+01 2.058000000E-01
6.053421000E+00 7.799740000E+01 1.227400000E+01 2.048000000E-01
6.083688200E+00 7.800330000E+01 1.218000000E+01 2.038000000E-01
6.114106600E+00 7.800860000E+01 1.208800000E+01 2.028000000E-01
6.144677100E+00 7.801320000E+01 1.199600000E+01 2.018000000E-01
6.175400500E+00 7.801720000E+01 1.190500000E+01 2.008000000E-01
6.206277500E+00 7.802070000E+01 1.181500000E+01 1.998000000E-01
6.237308900E+00 7.802350000E+01 1.172500000E+01 1.988000000E-01
6.268495400E+00 7.802580000E+01 1.163700000E+01 1.978000000E-01
6.299837900E+00 7.802760000E+01 1.154900000E+01 1.968000000E-01
6.331337100E+00 7.802890000E+01 1.146200000E+01 1.958000000E-01
6.362993800E+00 7.802970000E+01 1.137500000E+01 1.949000000E-01
6.394808800E+00 7.803000000E+01 1.129000000E+01 1.939000000E-01
6.426782800E+00 7.802980000E+01 1.120500000E+01 1.929000000E-01
6.458916700E+00 7.802920000E+01 1.112100000E+01 1.920000000E-01
6.491211300E+00 7.802810000E+01 1.103800000E+01 1.910000000E-01
6.523667400E+00 7.802670000E+01 1.095500000E+01 1.901000000E-01
6.556285700E+00 7.802480000E+01 1.087300000E+01 1.891000000E-01
6.589067100E+00 7.802250000E+01 1.079200000E+01 1.882000000E-01
6.622012500E+00 7.801980000E+01 1.071200000E+01 1.872000000E-01
6.655122500E+00 7.801680000E+01 1.063200000E+01 1.863000000E-01
6.688398100E+00 7.801340000E+01 1.055300000E+01 1.854000000E-01
6.721840100E+00 7.800960000E+01 1.047500000E+01 1.844000000E-01
6.755449300E+00 7.800550000E+01 1.039700000E+01 1.835000000E-01
6.789226600E+00 7.800110000E+01 1.032000000E+01 1.826000000E-01
6.823172700E+00 7.799640000E+01 1.024400000E+01 1.817000000E-01
6.857288600E+00 7.803120000E+01 1.016800000E+01 1.808000000E-01
6.891575000E+00 7.802610000E+01 1.009200000E+01 1.799000000E-01
6.926032900E+00 7.802050000E+01 1.001600000E+01 1.790000000E-01
6.960663100E+00 7.801450000E+01 9.941500000E+00 1.781000000E-01
6.995466400E+00 7.800820000E+01 9.867400000E+00 1.772000000E-01
7.030443700E+00 7.800150000E+01 9.793900000E+00 1.764000000E-01
7.065595900E+00 7.799440000E+01 9.721100000E+00 1.755000000E-01
7.100923900E+00 7.798700000E+01 9.648900000E+00 1.746000000E-01
7.136428500E+00 7.797930000E+01 9.577300000E+00 1.737000000E-01
7.172110700E+00 7.797120000E+01 9.506300000E+00 1.729000000E-01
7.207971200E+00 7.796280000E+01 9.435900000E+00 1.720000000E-01
7.244011100E+00 7.795410000E+01 9.366200000E+00 1.712000000E-01
7.280231100E+00 7.794510000E+01 9.296500000E+00 1.703000000E-01
7.316632300E+00 7.793570000E+01 9.227200000E+00 1.695000000E-01
7.353215500E+00 7.792610000E+01 9.158500000E+00 1.686000000E-01
7.389981500E+00 7.791610000E+01 9.090400000E+00 1.678000000E-01
7.426931400E+00 7.792280000E+01 9.022700000E+00 1.669000000E-01
7.464066100E+00 7.791230000E+01 8.955300000E+00 1.661000000E-01
7.501386400E+00 7.790150000E+01 8.888500000E+00 1.653000000E-01
7.538893400E+00 7.789040000E+01 8.822300000E+00 1.645000000E-01
7.576587800E+00 7.787900000E+01 8.756600000E+00 1.636000000E-01
7.614470800E+00 7.786720000E+01 8.691500000E+00 1.628000000E-01
7.652543100E+00 7.785510000E+01 8.626800000E+00 1.620000000E-01
7.690805800E+00 7.784270000E+01 8.562300000E+00 1.612000000E-01
7.729259900E+00 7.783000000E+01 8.498400000E+00 1.604000000E-01
7.767906200E+00 7.781690000E+01 8.435100000E+00 1.596000000E-01
7.806745700E+00 7.780360000E+01 8.372300000E+00 1.588000000E-01
7.845779400E+00 7.778990000E+01 8.310100000E+00 1.580000000E-01
7.885008300E+00 7.777600000E+01 8.248400000E+00 1.572000000E-01
7.924433400E+00 7.776180000E+01 8.187200000E+00 1.565000000E-01
7.964055500E+00 7.774730000E+01 8.126600000E+00 1.557000000E-01
8.003875800E+00 7.773250000E+01 8.066500000E+00 1.549000000E-01
8.043895200E+00 7.771740000E+01 8.006900000E+00 1.541000000E-01
8.084114700E+00 7.770210000E+01 7.947800000E+00 1.534000000E-01
8.124535200E+00 7.768650000E+01 7.889200000E+00 1.526000000E-01
8.165157900E+00 7.767060000E+01 7.831200000E+00 1.518000000E-01
8.205983700E+00 7.765450000E+01 7.773600000E+00 1.511000000E-01
8.247013600E+00 7.763810000E+01 7.716500000E+00 1.503000000E-01
8.288248700E+00 7.762150000E+01 7.659900000E+00 1.496000000E-01
8.329689900E+00 7.760470000E+01 7.603800000E+00 1.488000000E-01
8.371338400E+00 7.758770000E+01 7.548200000E+00 1.481000000E-01
8.413195100E+00 7.757040000E+01 7.493000000E+00 1.474000000E-01
8.455261000E+00 7.755300000E+01 7.438400000E+00 1.466000000E-01
8.497537300E+00 7.753540000E+01 7.384100000E+00 1.459000000E-01
8.540025000E+00 7.751760000E+01 7.330400000E+00 1.452000000E-01
9.030794000E+00 7.742890000E+01 6.735400000E+00 1.373000000E-01
9.653919000E+00 7.704840000E+01 6.027000000E+00 1.284000000E-01
1.032004000E+01 7.651390000E+01 5.402100000E+00 1.201000000E-01
1.103212000E+01 7.575260000E+01 4.832700000E+00 1.124000000E-01
1.179334000E+01 7.446920000E+01 4.324500000E+00 1.051000000E-01
1.240435000E+01 7.206470000E+01 3.979700000E+00 9.995000000E-02
1.259421000E+01 6.936940000E+01 3.882400000E+00 9.845000000E-02
1.260708000E+01 6.892540000E+01 3.875900000E+00 9.834000000E-02
1.264484000E+01 6.621020000E+01 3.857100000E+00 9.805000000E-02
1.272079000E+01 6.935520000E+01 9.995500000E+00 9.747000000E-02
1.291065000E+01 7.213150000E+01 9.744200000E+00 9.603000000E-02
1.347697000E+01 7.424230000E+01 9.045900000E+00 9.200000000E-02
1.440688000E+01 7.425980000E+01 8.052500000E+00 8.606000000E-02
1.462441000E+01 7.305720000E+01 7.845000000E+00 8.478000000E-02
1.468320000E+01 7.148920000E+01 7.790300000E+00 8.444000000E-02
1.477139000E+01 7.310780000E+01 1.083200000E+01 8.394000000E-02
1.499186000E+01 7.451370000E+01 1.056300000E+01 8.270000000E-02
1.503977000E+01 7.464210000E+01 1.050600000E+01 8.244000000E-02
1.526997000E+01 7.467660000E+01 1.023900000E+01 8.119000000E-02
1.533135000E+01 7.401460000E+01 1.016900000E+01 8.087000000E-02
1.540095000E+01 7.480240000E+01 1.168900000E+01 8.050000000E-02
1.542343000E+01 7.502980000E+01 1.166300000E+01 8.039000000E-02
1.565363000E+01 7.619060000E+01 1.140000000E+01 7.920000000E-02
1.646362000E+01 7.793020000E+01 1.054300000E+01 7.531000000E-02
1.759961000E+01 7.915740000E+01 9.481300000E+00 7.045000000E-02
1.881398000E+01 7.991490000E+01 8.525800000E+00 6.590000000E-02
2.011215000E+01 8.042060000E+01 7.661800000E+00 6.165000000E-02
2.149988000E+01 8.075900000E+01 6.882900000E+00 5.767000000E-02
2.298338000E+01 8.098580000E+01 6.186200000E+00 5.395000000E-02
2.456923000E+01 8.113770000E+01 5.563100000E+00 5.046000000E-02
2.626450000E+01 8.130260000E+01 5.002100000E+00 4.721000000E-02
2.807676000E+01 8.136630000E+01 4.466400000E+00 4.416000000E-02
3.001405000E+01 8.140850000E+01 3.980500000E+00 4.131000000E-02
3.208502000E+01 8.140830000E+01 3.539800000E+00 3.864000000E-02
3.429889000E+01 8.135270000E+01 3.147400000E+00 3.615000000E-02
3.666551000E+01 8.127940000E+01 2.800600000E+00 3.381000000E-02
3.919543000E+01 8.119460000E+01 2.494000000E+00 3.163000000E-02
4.189992000E+01 8.110200000E+01 2.222700000E+00 2.959000000E-02
4.479101000E+01 8.100400000E+01 1.982500000E+00 2.768000000E-02
4.788159000E+01 8.090150000E+01 1.769500000E+00 2.589000000E-02
5.118542000E+01 8.079470000E+01 1.580700000E+00 2.422000000E-02
5.471721000E+01 8.068270000E+01 1.412900000E+00 2.266000000E-02
5.849270000E+01 8.056180000E+01 1.261000000E+00 2.120000000E-02
6.252870000E+01 8.042670000E+01 1.126400000E+00 1.983000000E-02
6.684318000E+01 8.026860000E+01 1.005100000E+00 1.855000000E-02
7.145536000E+01 8.006610000E+01 8.942700000E-01 1.735000000E-02
7.638578000E+01 7.976900000E+01 7.960200000E-01 1.623000000E-02
8.165640000E+01 7.917840000E+01 7.070200000E-01 1.518000000E-02
8.381980000E+01 7.858680000E+01 6.734900000E-01 1.479000000E-02
8.510275000E+01 7.753700000E+01 6.547800000E-01 1.457000000E-02
8.544487000E+01 7.628070000E+01 6.499300000E-01 1.451000000E-02
8.595806000E+01 7.759040000E+01 3.115300000E+00 1.442000000E-02
8.729069000E+01 7.876010000E+01 3.041700000E+00 1.420000000E-02
9.331374000E+01 8.002460000E+01 2.738900000E+00 1.329000000E-02
9.975239000E+01 8.051260000E+01 2.462700000E+00 1.243000000E-02
1.066353000E+02 8.079560000E+01 2.210900000E+00 1.163000000E-02
1.139931000E+02 8.097760000E+01 1.983900000E+00 1.088000000E-02
1.218587000E+02 8.110050000E+01 1.779600000E+00 1.017000000E-02
1.302669000E+02 8.118310000E+01 1.593200000E+00 9.518000000E-03
1.392553000E+02 8.123700000E+01 1.426200000E+00 8.903000000E-03
1.488640000E+02 8.127090000E+01 1.276600000E+00 8.329000000E-03
1.591356000E+02 8.129050000E+01 1.142800000E+00 7.791000000E-03
1.701159000E+02 8.129980000E+01 1.023100000E+00 7.288000000E-03
1.818539000E+02 8.130180000E+01 9.157300000E-01 6.818000000E-03
1.944018000E+02 8.129800000E+01 8.192400000E-01 6.378000000E-03
2.078156000E+02 8.129000000E+01 7.330000000E-01 5.966000000E-03
2.221548000E+02 8.127920000E+01 6.559100000E-01 5.581000000E-03
2.374835000E+02 8.126650000E+01 5.869800000E-01 5.221000000E-03
2.538699000E+02 8.125270000E+01 5.253500000E-01 4.884000000E-03
2.713869000E+02 8.123820000E+01 4.702300000E-01 4.569000000E-03
2.901126000E+02 8.122340000E+01 4.209300000E-01 4.274000000E-03
3.101304000E+02 8.120870000E+01 3.768400000E-01 3.998000000E-03
3.315294000E+02 8.119430000E+01 3.373900000E-01 3.740000000E-03
3.544049000E+02 8.118030000E+01 3.021000000E-01 3.498000000E-03
3.788588000E+02 8.116680000E+01 2.705200000E-01 3.273000000E-03
4.050001000E+02 8.115400000E+01 2.422600000E-01 3.061000000E-03
4.329451000E+02 8.114180000E+01 2.169700000E-01 2.864000000E-03
