# Data retrieved from physics.nist.gov 03/01/2021
# Element, Tm  (Z = 69) 
# Atomic weight, g mol-1 = 168.9342 
# Nominal density, g cm-3 =  9.2940 
# Relativistic correction estimate f_rel(5CL),  e atom-1 =  -7.2240E-01 
# Nuclear Thomson correction f_NT, e atom-1 =  -1.5460E-02 
#    E [keV]      f1 [e atom-1]      f2 [e atom-1]    Wavelength [nm] 
5.194000000E-03 1.053180000E+01 0.000000000E+00 2.387000000E+02
5.273500000E-03 1.046390000E+01 0.000000000E+00 2.351000000E+02
5.294700000E-03 1.038940000E+01 0.000000000E+00 2.342000000E+02
5.326500000E-03 1.046040000E+01 1.429200000E-01 2.328000000E+02
5.406000000E-03 1.051840000E+01 1.434400000E-01 2.293000000E+02
1.069000000E-02 1.023970000E+01 2.590500000E-01 1.160000000E+02
1.142761000E-02 1.016200000E+01 2.848900000E-01 1.085000000E+02
1.221612000E-02 1.007210000E+01 3.146900000E-01 1.015000000E+02
1.305903000E-02 9.967900000E+00 3.490000000E-01 9.494000000E+01
1.396010000E-02 9.846910000E+00 3.884900000E-01 8.881000000E+01
1.492335000E-02 9.705850000E+00 4.339000000E-01 8.308000000E+01
1.595306000E-02 1.020870000E+01 4.861100000E-01 7.772000000E+01
1.705382000E-02 1.001350000E+01 5.460900000E-01 7.270000000E+01
1.823053000E-02 9.780760000E+00 6.149600000E-01 6.801000000E+01
1.948844000E-02 9.499460000E+00 6.940000000E-01 6.362000000E+01
2.083314000E-02 9.153340000E+00 7.846000000E-01 5.951000000E+01
2.227063000E-02 8.716830000E+00 8.882800000E-01 5.567000000E+01
2.380730000E-02 8.146460000E+00 1.006500000E+00 5.208000000E+01
2.545001000E-02 7.361000000E+00 1.140900000E+00 4.872000000E+01
2.720606000E-02 6.185520000E+00 1.293500000E+00 4.557000000E+01
2.908327000E-02 4.139890000E+00 1.466100000E+00 4.263000000E+01
3.109002000E-02 -1.073710000E+00 1.660800000E+00 3.988000000E+01
3.165400000E-02 -4.946860000E+00 1.717400000E+00 3.917000000E+01
3.213850000E-02 -1.447580000E+01 1.766500000E+00 3.858000000E+01
3.226770000E-02 -2.641920000E+01 1.779700000E+00 3.842000000E+01
3.246150000E-02 -1.320160000E+01 2.557500000E+01 3.819000000E+01
3.294600000E-02 -1.508650000E+00 2.427600000E+01 3.763000000E+01
3.323523000E-02 1.715080000E+00 2.354700000E+01 3.731000000E+01
3.552846000E-02 1.205350000E+01 1.879800000E+01 3.490000000E+01
3.797993000E-02 1.564410000E+01 1.515200000E+01 3.264000000E+01
4.060054000E-02 1.708160000E+01 1.236500000E+01 3.054000000E+01
4.340198000E-02 1.750840000E+01 1.033600000E+01 2.857000000E+01
4.639671000E-02 1.744050000E+01 8.932300000E+00 2.672000000E+01
4.959809000E-02 1.714560000E+01 8.023600000E+00 2.500000000E+01
5.213600000E-02 1.686020000E+01 7.600700000E+00 2.378000000E+01
5.293400000E-02 1.675920000E+01 7.508700000E+00 2.342000000E+01
5.302035000E-02 1.674570000E+01 7.499700000E+00 2.338000000E+01
5.314680000E-02 1.671870000E+01 7.487000000E+00 2.333000000E+01
5.346600000E-02 1.670260000E+01 7.491700000E+00 2.319000000E+01
5.426400000E-02 1.663510000E+01 7.427100000E+00 2.285000000E+01
5.667876000E-02 1.641410000E+01 7.311800000E+00 2.187000000E+01
6.058959000E-02 1.610640000E+01 7.319800000E+00 2.046000000E+01
6.477028000E-02 1.586670000E+01 7.508900000E+00 1.914000000E+01
6.923942000E-02 1.571110000E+01 7.842800000E+00 1.791000000E+01
7.401695000E-02 1.565050000E+01 8.295300000E+00 1.675000000E+01
7.912411000E-02 1.569520000E+01 8.847200000E+00 1.567000000E+01
8.458368000E-02 1.585820000E+01 9.484500000E+00 1.466000000E+01
9.041995000E-02 1.615880000E+01 1.019700000E+01 1.371000000E+01
9.665893000E-02 1.662810000E+01 1.097600000E+01 1.283000000E+01
1.000000000E-01 1.909100000E+01 1.136300000E+01 1.240000000E+01
1.005000000E-01 1.914240000E+01 1.139000000E+01 1.234000000E+01
1.010025000E-01 1.919380000E+01 1.141600000E+01 1.228000000E+01
1.015075100E-01 1.924490000E+01 1.144300000E+01 1.221000000E+01
1.020150500E-01 1.929600000E+01 1.146900000E+01 1.215000000E+01
1.025251300E-01 1.934700000E+01 1.149500000E+01 1.209000000E+01
1.030377500E-01 1.939790000E+01 1.152100000E+01 1.203000000E+01
1.035529400E-01 1.944860000E+01 1.154700000E+01 1.197000000E+01
1.040707000E-01 1.949930000E+01 1.157300000E+01 1.191000000E+01
1.045910600E-01 1.955000000E+01 1.159800000E+01 1.185000000E+01
1.051140100E-01 1.960050000E+01 1.162400000E+01 1.180000000E+01
1.056395800E-01 1.965100000E+01 1.164900000E+01 1.174000000E+01
1.061677800E-01 1.970150000E+01 1.167400000E+01 1.168000000E+01
1.066986200E-01 1.975190000E+01 1.169900000E+01 1.162000000E+01
1.072321100E-01 1.980220000E+01 1.172300000E+01 1.156000000E+01
1.077682700E-01 1.985250000E+01 1.174700000E+01 1.150000000E+01
1.083071200E-01 1.990280000E+01 1.177200000E+01 1.145000000E+01
1.088486500E-01 1.995300000E+01 1.179600000E+01 1.139000000E+01
1.093928900E-01 2.000320000E+01 1.181900000E+01 1.133000000E+01
1.099398600E-01 2.005330000E+01 1.184300000E+01 1.128000000E+01
1.104895600E-01 2.010340000E+01 1.186600000E+01 1.122000000E+01
1.110420100E-01 2.015350000E+01 1.189000000E+01 1.117000000E+01
1.115972200E-01 2.020350000E+01 1.191200000E+01 1.111000000E+01
1.121552000E-01 2.025350000E+01 1.193500000E+01 1.105000000E+01
1.127159800E-01 2.030350000E+01 1.195800000E+01 1.100000000E+01
1.132795600E-01 2.035340000E+01 1.198000000E+01 1.094000000E+01
1.138459600E-01 2.040330000E+01 1.200200000E+01 1.089000000E+01
1.144151900E-01 2.045310000E+01 1.202400000E+01 1.084000000E+01
1.149872600E-01 2.050290000E+01 1.204500000E+01 1.078000000E+01
1.155622000E-01 2.055260000E+01 1.206700000E+01 1.073000000E+01
1.161400100E-01 2.060230000E+01 1.208800000E+01 1.068000000E+01
1.167207100E-01 2.065190000E+01 1.210900000E+01 1.062000000E+01
1.173043100E-01 2.070140000E+01 1.212900000E+01 1.057000000E+01
1.178908300E-01 2.075090000E+01 1.214900000E+01 1.052000000E+01
1.184802900E-01 2.080030000E+01 1.217000000E+01 1.046000000E+01
1.190726900E-01 2.084960000E+01 1.218900000E+01 1.041000000E+01
1.196680500E-01 2.089890000E+01 1.220900000E+01 1.036000000E+01
1.202663900E-01 2.094800000E+01 1.222800000E+01 1.031000000E+01
1.208677200E-01 2.099710000E+01 1.224700000E+01 1.026000000E+01
1.214720600E-01 2.104600000E+01 1.226600000E+01 1.021000000E+01
1.220794200E-01 2.109480000E+01 1.228500000E+01 1.016000000E+01
1.226898200E-01 2.114360000E+01 1.230300000E+01 1.011000000E+01
1.233032700E-01 2.119210000E+01 1.232100000E+01 1.006000000E+01
1.239197900E-01 2.124060000E+01 1.233800000E+01 1.001000000E+01
1.245393900E-01 2.128890000E+01 1.235600000E+01 9.955000000E+00
1.251620800E-01 2.133700000E+01 1.237300000E+01 9.906000000E+00
1.257878900E-01 2.138500000E+01 1.239000000E+01 9.857000000E+00
1.264168300E-01 2.143280000E+01 1.240600000E+01 9.808000000E+00
1.270489200E-01 2.148040000E+01 1.242300000E+01 9.759000000E+00
1.276841600E-01 2.152780000E+01 1.243900000E+01 9.710000000E+00
1.283225800E-01 2.157500000E+01 1.245400000E+01 9.662000000E+00
1.289641900E-01 2.162190000E+01 1.247000000E+01 9.614000000E+00
1.296090200E-01 2.166860000E+01 1.248500000E+01 9.566000000E+00
1.302570600E-01 2.171510000E+01 1.250000000E+01 9.518000000E+00
1.309083500E-01 2.176120000E+01 1.251400000E+01 9.471000000E+00
1.315628900E-01 2.180710000E+01 1.252800000E+01 9.424000000E+00
1.322207000E-01 2.185270000E+01 1.254200000E+01 9.377000000E+00
1.328818100E-01 2.189800000E+01 1.255600000E+01 9.330000000E+00
1.335462100E-01 2.194290000E+01 1.256900000E+01 9.284000000E+00
1.342139500E-01 2.198740000E+01 1.258200000E+01 9.238000000E+00
1.348850200E-01 2.203160000E+01 1.259500000E+01 9.192000000E+00
1.355594400E-01 2.207530000E+01 1.260700000E+01 9.146000000E+00
1.362372400E-01 2.211870000E+01 1.261900000E+01 9.101000000E+00
1.369184200E-01 2.216150000E+01 1.263100000E+01 9.055000000E+00
1.376030200E-01 2.220390000E+01 1.264300000E+01 9.010000000E+00
1.382910300E-01 2.224580000E+01 1.265400000E+01 8.965000000E+00
1.389824900E-01 2.228710000E+01 1.266500000E+01 8.921000000E+00
1.396774000E-01 2.232790000E+01 1.267500000E+01 8.876000000E+00
1.403757900E-01 2.236800000E+01 1.268500000E+01 8.832000000E+00
1.410776600E-01 2.240750000E+01 1.269500000E+01 8.788000000E+00
1.417830500E-01 2.244640000E+01 1.270500000E+01 8.745000000E+00
1.424919700E-01 2.248450000E+01 1.271400000E+01 8.701000000E+00
1.432044300E-01 2.252180000E+01 1.272300000E+01 8.658000000E+00
1.439204500E-01 2.255830000E+01 1.273100000E+01 8.615000000E+00
1.446400500E-01 2.259400000E+01 1.274000000E+01 8.572000000E+00
1.453632500E-01 2.262880000E+01 1.274800000E+01 8.529000000E+00
1.460900700E-01 2.266250000E+01 1.275500000E+01 8.487000000E+00
1.468205200E-01 2.269530000E+01 1.276200000E+01 8.445000000E+00
1.475546200E-01 2.272690000E+01 1.276900000E+01 8.403000000E+00
1.482923900E-01 2.275730000E+01 1.277600000E+01 8.361000000E+00
1.490338600E-01 2.278650000E+01 1.278200000E+01 8.319000000E+00
1.497790300E-01 2.281430000E+01 1.278800000E+01 8.278000000E+00
1.505279200E-01 2.284070000E+01 1.279400000E+01 8.237000000E+00
1.512805600E-01 2.286550000E+01 1.279900000E+01 8.196000000E+00
1.520369600E-01 2.288870000E+01 1.280400000E+01 8.155000000E+00
1.527971500E-01 2.291010000E+01 1.280900000E+01 8.114000000E+00
1.535611300E-01 2.292950000E+01 1.281300000E+01 8.074000000E+00
1.543289400E-01 2.294690000E+01 1.281700000E+01 8.034000000E+00
1.551005800E-01 2.296200000E+01 1.282100000E+01 7.994000000E+00
1.558760900E-01 2.297470000E+01 1.282400000E+01 7.954000000E+00
1.566554700E-01 2.298470000E+01 1.282700000E+01 7.914000000E+00
1.574387500E-01 2.299180000E+01 1.282900000E+01 7.875000000E+00
1.582259400E-01 2.299570000E+01 1.283200000E+01 7.836000000E+00
1.590170700E-01 2.299620000E+01 1.283400000E+01 7.797000000E+00
1.598121500E-01 2.299440000E+01 1.283500000E+01 7.758000000E+00
1.606112100E-01 2.298680000E+01 1.283600000E+01 7.720000000E+00
1.614142700E-01 2.297460000E+01 1.283700000E+01 7.681000000E+00
1.622213400E-01 2.295720000E+01 1.283800000E+01 7.643000000E+00
1.630324500E-01 2.293400000E+01 1.283800000E+01 7.605000000E+00
1.638476100E-01 2.290420000E+01 1.283800000E+01 7.567000000E+00
1.646668500E-01 2.286710000E+01 1.283800000E+01 7.529000000E+00
1.654901800E-01 2.282150000E+01 1.283700000E+01 7.492000000E+00
1.663176300E-01 2.276630000E+01 1.283600000E+01 7.455000000E+00
1.671492200E-01 2.270000000E+01 1.283400000E+01 7.418000000E+00
1.679849700E-01 2.262070000E+01 1.283200000E+01 7.381000000E+00
1.688248900E-01 2.252620000E+01 1.283000000E+01 7.344000000E+00
1.696690200E-01 2.241340000E+01 1.282800000E+01 7.307000000E+00
1.705173600E-01 2.227850000E+01 1.282500000E+01 7.271000000E+00
1.713699500E-01 2.211650000E+01 1.282200000E+01 7.235000000E+00
1.722268000E-01 2.192050000E+01 1.281900000E+01 7.199000000E+00
1.730879300E-01 2.168080000E+01 1.281500000E+01 7.163000000E+00
1.739533700E-01 2.138330000E+01 1.281100000E+01 7.127000000E+00
1.748231400E-01 2.100600000E+01 1.280600000E+01 7.092000000E+00
1.756972600E-01 2.051300000E+01 1.280100000E+01 7.057000000E+00
1.765757400E-01 1.983860000E+01 1.279600000E+01 7.022000000E+00
1.774586200E-01 1.884500000E+01 1.279100000E+01 6.987000000E+00
1.783459100E-01 1.715480000E+01 1.278500000E+01 6.952000000E+00
1.792376400E-01 1.275040000E+01 1.277900000E+01 6.917000000E+00
1.794699700E-01 8.812470000E+00 1.277700000E+01 6.908000000E+00
1.794904400E-01 8.138690000E+00 1.277700000E+01 6.908000000E+00
1.797095600E-01 8.415290000E+00 2.545000000E+01 6.899000000E+00
1.797300300E-01 9.133430000E+00 2.543500000E+01 6.898000000E+00
1.801338300E-01 1.521240000E+01 2.513100000E+01 6.883000000E+00
1.810345000E-01 1.972640000E+01 2.448200000E+01 6.849000000E+00
1.819396700E-01 2.204620000E+01 2.386600000E+01 6.815000000E+00
1.828493700E-01 2.361410000E+01 2.328100000E+01 6.781000000E+00
1.837636200E-01 2.478510000E+01 2.272600000E+01 6.747000000E+00
1.846824400E-01 2.570570000E+01 2.219900000E+01 6.713000000E+00
1.856058500E-01 2.645220000E+01 2.169900000E+01 6.680000000E+00
1.865338800E-01 2.707000000E+01 2.122400000E+01 6.647000000E+00
1.874665500E-01 2.758850000E+01 2.077200000E+01 6.614000000E+00
1.884038800E-01 2.802780000E+01 2.034400000E+01 6.581000000E+00
1.893459000E-01 2.840290000E+01 1.993700000E+01 6.548000000E+00
1.902926300E-01 2.872460000E+01 1.955000000E+01 6.515000000E+00
1.912440900E-01 2.900140000E+01 1.918300000E+01 6.483000000E+00
1.922003100E-01 2.924010000E+01 1.883300000E+01 6.451000000E+00
1.931613100E-01 2.944590000E+01 1.850100000E+01 6.419000000E+00
1.941271200E-01 2.962320000E+01 1.818600000E+01 6.387000000E+00
1.950977600E-01 2.977540000E+01 1.788600000E+01 6.355000000E+00
1.960732500E-01 2.990520000E+01 1.760000000E+01 6.323000000E+00
1.970536100E-01 3.001490000E+01 1.732900000E+01 6.292000000E+00
1.980388800E-01 3.010580000E+01 1.707100000E+01 6.261000000E+00
1.990290700E-01 3.017990000E+01 1.683000000E+01 6.229000000E+00
2.000242200E-01 3.024120000E+01 1.660700000E+01 6.198000000E+00
2.010243400E-01 3.029250000E+01 1.640000000E+01 6.168000000E+00
2.020294600E-01 3.033590000E+01 1.620700000E+01 6.137000000E+00
2.030396100E-01 3.037310000E+01 1.602700000E+01 6.106000000E+00
2.040548100E-01 3.040520000E+01 1.585800000E+01 6.076000000E+00
2.050750800E-01 3.043340000E+01 1.570100000E+01 6.046000000E+00
2.061004600E-01 3.045840000E+01 1.555400000E+01 6.016000000E+00
2.071309600E-01 3.048080000E+01 1.541500000E+01 5.986000000E+00
2.081666100E-01 3.050120000E+01 1.528500000E+01 5.956000000E+00
2.092074500E-01 3.052000000E+01 1.516300000E+01 5.926000000E+00
2.102534800E-01 3.053760000E+01 1.504800000E+01 5.897000000E+00
2.113047500E-01 3.055420000E+01 1.493900000E+01 5.868000000E+00
2.123612800E-01 3.057020000E+01 1.483600000E+01 5.838000000E+00
2.134230800E-01 3.058570000E+01 1.473800000E+01 5.809000000E+00
2.144902000E-01 3.060090000E+01 1.464600000E+01 5.780000000E+00
2.155626500E-01 3.061580000E+01 1.455800000E+01 5.752000000E+00
2.166404600E-01 3.063070000E+01 1.447500000E+01 5.723000000E+00
2.177236600E-01 3.064560000E+01 1.439500000E+01 5.695000000E+00
2.188122800E-01 3.066060000E+01 1.431900000E+01 5.666000000E+00
2.199063400E-01 3.067580000E+01 1.424700000E+01 5.638000000E+00
2.210058800E-01 3.069110000E+01 1.417700000E+01 5.610000000E+00
2.221109000E-01 3.070660000E+01 1.411100000E+01 5.582000000E+00
2.232214600E-01 3.072240000E+01 1.404700000E+01 5.554000000E+00
2.243375700E-01 3.073840000E+01 1.398600000E+01 5.527000000E+00
2.254592500E-01 3.075470000E+01 1.392700000E+01 5.499000000E+00
2.265865500E-01 3.077130000E+01 1.387000000E+01 5.472000000E+00
2.277194800E-01 3.078810000E+01 1.381600000E+01 5.445000000E+00
2.288580800E-01 3.080530000E+01 1.376300000E+01 5.418000000E+00
2.300023700E-01 3.082270000E+01 1.371200000E+01 5.391000000E+00
2.311523800E-01 3.084030000E+01 1.366300000E+01 5.364000000E+00
2.323081400E-01 3.085820000E+01 1.361500000E+01 5.337000000E+00
2.334696900E-01 3.087630000E+01 1.356900000E+01 5.311000000E+00
2.346370300E-01 3.089470000E+01 1.352400000E+01 5.284000000E+00
2.358102200E-01 3.091330000E+01 1.348100000E+01 5.258000000E+00
2.369892700E-01 3.093200000E+01 1.343800000E+01 5.232000000E+00
2.381742200E-01 3.095100000E+01 1.339700000E+01 5.206000000E+00
2.393650900E-01 3.097010000E+01 1.335700000E+01 5.180000000E+00
2.405619100E-01 3.098940000E+01 1.331800000E+01 5.154000000E+00
2.417647200E-01 3.100880000E+01 1.328000000E+01 5.128000000E+00
2.429735500E-01 3.102830000E+01 1.324200000E+01 5.103000000E+00
2.441884100E-01 3.104790000E+01 1.320600000E+01 5.077000000E+00
2.454093600E-01 3.106760000E+01 1.317000000E+01 5.052000000E+00
2.466364000E-01 3.108730000E+01 1.313500000E+01 5.027000000E+00
2.478695900E-01 3.110710000E+01 1.310100000E+01 5.002000000E+00
2.491089300E-01 3.112690000E+01 1.306800000E+01 4.977000000E+00
2.503544800E-01 3.114680000E+01 1.303500000E+01 4.952000000E+00
2.516062500E-01 3.116660000E+01 1.300300000E+01 4.928000000E+00
2.528642800E-01 3.118640000E+01 1.297100000E+01 4.903000000E+00
2.541286000E-01 3.120620000E+01 1.294000000E+01 4.879000000E+00
2.553992500E-01 3.122590000E+01 1.290900000E+01 4.855000000E+00
2.566762400E-01 3.124550000E+01 1.287900000E+01 4.830000000E+00
2.579596200E-01 3.126500000E+01 1.285000000E+01 4.806000000E+00
2.592494200E-01 3.128450000E+01 1.282100000E+01 4.782000000E+00
2.605456700E-01 3.130380000E+01 1.279200000E+01 4.759000000E+00
2.618484000E-01 3.132290000E+01 1.276400000E+01 4.735000000E+00
2.631576400E-01 3.134200000E+01 1.273700000E+01 4.711000000E+00
2.644734300E-01 3.136080000E+01 1.270900000E+01 4.688000000E+00
2.657957900E-01 3.137950000E+01 1.268300000E+01 4.665000000E+00
2.671247700E-01 3.139790000E+01 1.265600000E+01 4.641000000E+00
2.684604000E-01 3.141620000E+01 1.263000000E+01 4.618000000E+00
2.698027000E-01 3.143420000E+01 1.260400000E+01 4.595000000E+00
2.711517100E-01 3.145190000E+01 1.257900000E+01 4.573000000E+00
2.725074700E-01 3.146940000E+01 1.255400000E+01 4.550000000E+00
2.738700100E-01 3.148660000E+01 1.252900000E+01 4.527000000E+00
2.752393600E-01 3.150350000E+01 1.250500000E+01 4.505000000E+00
2.766155600E-01 3.152000000E+01 1.248100000E+01 4.482000000E+00
2.779986300E-01 3.153630000E+01 1.245700000E+01 4.460000000E+00
2.793886300E-01 3.155210000E+01 1.243400000E+01 4.438000000E+00
2.807855700E-01 3.156760000E+01 1.241100000E+01 4.416000000E+00
2.821895000E-01 3.158270000E+01 1.238800000E+01 4.394000000E+00
2.836004400E-01 3.159730000E+01 1.236600000E+01 4.372000000E+00
2.850184500E-01 3.161150000E+01 1.234400000E+01 4.350000000E+00
2.864435400E-01 3.162520000E+01 1.232200000E+01 4.328000000E+00
2.878757600E-01 3.163840000E+01 1.230100000E+01 4.307000000E+00
2.893151400E-01 3.165110000E+01 1.227900000E+01 4.285000000E+00
2.907617100E-01 3.166320000E+01 1.225800000E+01 4.264000000E+00
2.922155200E-01 3.167470000E+01 1.223800000E+01 4.243000000E+00
2.936766000E-01 3.168560000E+01 1.221700000E+01 4.222000000E+00
2.951449800E-01 3.169580000E+01 1.219700000E+01 4.201000000E+00
2.966207100E-01 3.170530000E+01 1.217800000E+01 4.180000000E+00
2.981038100E-01 3.171410000E+01 1.215800000E+01 4.159000000E+00
2.995943300E-01 3.172200000E+01 1.213900000E+01 4.138000000E+00
3.010923000E-01 3.172900000E+01 1.212000000E+01 4.118000000E+00
3.025977600E-01 3.173510000E+01 1.210100000E+01 4.097000000E+00
3.041107500E-01 3.174010000E+01 1.208300000E+01 4.077000000E+00
3.056313000E-01 3.174400000E+01 1.206500000E+01 4.057000000E+00
3.071594600E-01 3.174680000E+01 1.204700000E+01 4.036000000E+00
3.086952600E-01 3.174810000E+01 1.202900000E+01 4.016000000E+00
3.102387300E-01 3.174800000E+01 1.201200000E+01 3.996000000E+00
3.117899300E-01 3.174620000E+01 1.199500000E+01 3.977000000E+00
3.133488800E-01 3.174260000E+01 1.197900000E+01 3.957000000E+00
3.149156200E-01 3.173690000E+01 1.196200000E+01 3.937000000E+00
3.164902000E-01 3.172880000E+01 1.194600000E+01 3.917000000E+00
3.180726500E-01 3.171790000E+01 1.193000000E+01 3.898000000E+00
3.196630100E-01 3.170380000E+01 1.191500000E+01 3.879000000E+00
3.212613300E-01 3.168580000E+01 1.190000000E+01 3.859000000E+00
3.228676400E-01 3.166310000E+01 1.188500000E+01 3.840000000E+00
3.244819700E-01 3.163460000E+01 1.187000000E+01 3.821000000E+00
3.261043800E-01 3.159860000E+01 1.185600000E+01 3.802000000E+00
3.277349100E-01 3.155270000E+01 1.184200000E+01 3.783000000E+00
3.293735800E-01 3.149270000E+01 1.182800000E+01 3.764000000E+00
3.310204500E-01 3.141160000E+01 1.181400000E+01 3.746000000E+00
3.326755500E-01 3.129420000E+01 1.180100000E+01 3.727000000E+00
3.343389300E-01 3.109970000E+01 1.178800000E+01 3.708000000E+00
3.360106200E-01 3.060050000E+01 1.177500000E+01 3.690000000E+00
3.362196500E-01 3.043480000E+01 1.177400000E+01 3.688000000E+00
3.369803600E-01 3.044050000E+01 1.297000000E+01 3.679000000E+00
3.376906800E-01 3.084900000E+01 1.296700000E+01 3.672000000E+00
3.393791300E-01 3.122160000E+01 1.295900000E+01 3.653000000E+00
3.410760200E-01 3.141950000E+01 1.295100000E+01 3.635000000E+00
3.427814000E-01 3.155900000E+01 1.294400000E+01 3.617000000E+00
3.444953100E-01 3.166870000E+01 1.293700000E+01 3.599000000E+00
3.462177900E-01 3.176040000E+01 1.293000000E+01 3.581000000E+00
3.479488800E-01 3.183990000E+01 1.292400000E+01 3.563000000E+00
3.496886200E-01 3.191060000E+01 1.291800000E+01 3.546000000E+00
3.514370600E-01 3.197460000E+01 1.291200000E+01 3.528000000E+00
3.531942500E-01 3.203330000E+01 1.290700000E+01 3.510000000E+00
3.549602200E-01 3.208760000E+01 1.290200000E+01 3.493000000E+00
3.567350200E-01 3.213830000E+01 1.289700000E+01 3.476000000E+00
3.585187000E-01 3.218590000E+01 1.289200000E+01 3.458000000E+00
3.603112900E-01 3.223070000E+01 1.288800000E+01 3.441000000E+00
3.621128500E-01 3.227300000E+01 1.288400000E+01 3.424000000E+00
3.639234100E-01 3.231290000E+01 1.288000000E+01 3.407000000E+00
3.657430300E-01 3.235060000E+01 1.287700000E+01 3.390000000E+00
3.675717400E-01 3.238610000E+01 1.287400000E+01 3.373000000E+00
3.694096000E-01 3.241940000E+01 1.287100000E+01 3.356000000E+00
3.712566500E-01 3.245030000E+01 1.286800000E+01 3.340000000E+00
3.731129300E-01 3.247850000E+01 1.286600000E+01 3.323000000E+00
3.749785000E-01 3.250350000E+01 1.286400000E+01 3.306000000E+00
3.768533900E-01 3.252460000E+01 1.286200000E+01 3.290000000E+00
3.787376600E-01 3.254020000E+01 1.286000000E+01 3.274000000E+00
3.806313500E-01 3.254740000E+01 1.285900000E+01 3.257000000E+00
3.825345000E-01 3.253910000E+01 1.285800000E+01 3.241000000E+00
3.844471800E-01 3.248900000E+01 1.285700000E+01 3.225000000E+00
3.854060400E-01 3.239460000E+01 1.285600000E+01 3.217000000E+00
3.863694100E-01 3.240740000E+01 1.318500000E+01 3.209000000E+00
3.863939400E-01 3.241310000E+01 1.318500000E+01 3.209000000E+00
3.883012600E-01 3.261480000E+01 1.318600000E+01 3.193000000E+00
3.902427600E-01 3.271370000E+01 1.318700000E+01 3.177000000E+00
3.921939800E-01 3.278930000E+01 1.318900000E+01 3.161000000E+00
3.941549500E-01 3.285430000E+01 1.319100000E+01 3.146000000E+00
3.961257200E-01 3.291320000E+01 1.319300000E+01 3.130000000E+00
3.981063500E-01 3.296810000E+01 1.319500000E+01 3.114000000E+00
4.000968800E-01 3.302010000E+01 1.319700000E+01 3.099000000E+00
4.020973700E-01 3.307000000E+01 1.320000000E+01 3.083000000E+00
4.041078500E-01 3.311820000E+01 1.320200000E+01 3.068000000E+00
4.061283900E-01 3.316490000E+01 1.320500000E+01 3.053000000E+00
4.081590400E-01 3.321060000E+01 1.320800000E+01 3.038000000E+00
4.101998300E-01 3.325520000E+01 1.321100000E+01 3.023000000E+00
4.122508300E-01 3.329900000E+01 1.321500000E+01 3.007000000E+00
4.143120800E-01 3.334210000E+01 1.321800000E+01 2.993000000E+00
4.163836400E-01 3.338450000E+01 1.322200000E+01 2.978000000E+00
4.184655600E-01 3.342620000E+01 1.322500000E+01 2.963000000E+00
4.205578900E-01 3.346740000E+01 1.322900000E+01 2.948000000E+00
4.226606800E-01 3.350800000E+01 1.323300000E+01 2.933000000E+00
4.247739800E-01 3.354810000E+01 1.323700000E+01 2.919000000E+00
4.268978500E-01 3.358770000E+01 1.324100000E+01 2.904000000E+00
4.290323400E-01 3.362670000E+01 1.324500000E+01 2.890000000E+00
4.311775000E-01 3.366520000E+01 1.324900000E+01 2.875000000E+00
4.333333900E-01 3.370310000E+01 1.325400000E+01 2.861000000E+00
4.355000600E-01 3.374040000E+01 1.325800000E+01 2.847000000E+00
4.376775600E-01 3.377700000E+01 1.326200000E+01 2.833000000E+00
4.398659500E-01 3.381290000E+01 1.326700000E+01 2.819000000E+00
4.420652800E-01 3.384800000E+01 1.327100000E+01 2.805000000E+00
4.442756000E-01 3.388220000E+01 1.327600000E+01 2.791000000E+00
4.464969800E-01 3.391520000E+01 1.328000000E+01 2.777000000E+00
4.487294700E-01 3.394690000E+01 1.328500000E+01 2.763000000E+00
4.509731100E-01 3.397700000E+01 1.328900000E+01 2.749000000E+00
4.532279800E-01 3.400520000E+01 1.329400000E+01 2.736000000E+00
4.554941200E-01 3.403080000E+01 1.329800000E+01 2.722000000E+00
4.577715900E-01 3.405320000E+01 1.330300000E+01 2.708000000E+00
4.600604500E-01 3.407090000E+01 1.330700000E+01 2.695000000E+00
4.623607500E-01 3.408210000E+01 1.331200000E+01 2.682000000E+00
4.646725500E-01 3.408280000E+01 1.331600000E+01 2.668000000E+00
4.669959200E-01 3.406420000E+01 1.332000000E+01 2.655000000E+00
4.693309000E-01 3.399880000E+01 1.332400000E+01 2.642000000E+00
4.709924600E-01 3.383360000E+01 1.332700000E+01 2.632000000E+00
4.716775500E-01 3.328050000E+01 1.332900000E+01 2.629000000E+00
4.724075600E-01 3.386190000E+01 1.384600000E+01 2.625000000E+00
4.740359400E-01 3.409080000E+01 1.385000000E+01 2.616000000E+00
4.764061200E-01 3.425370000E+01 1.385500000E+01 2.602000000E+00
4.787881500E-01 3.436920000E+01 1.386000000E+01 2.590000000E+00
4.811820900E-01 3.446550000E+01 1.386500000E+01 2.577000000E+00
4.835880000E-01 3.455150000E+01 1.386900000E+01 2.564000000E+00
4.860059400E-01 3.463090000E+01 1.387400000E+01 2.551000000E+00
4.884359700E-01 3.470590000E+01 1.387800000E+01 2.538000000E+00
4.908781500E-01 3.477780000E+01 1.388300000E+01 2.526000000E+00
4.933325400E-01 3.484730000E+01 1.388700000E+01 2.513000000E+00
4.957992000E-01 3.491490000E+01 1.389100000E+01 2.501000000E+00
4.982782000E-01 3.498110000E+01 1.389500000E+01 2.488000000E+00
5.007695900E-01 3.504620000E+01 1.389800000E+01 2.476000000E+00
5.032734400E-01 3.511030000E+01 1.390200000E+01 2.464000000E+00
5.057898000E-01 3.517360000E+01 1.390500000E+01 2.451000000E+00
5.083187500E-01 3.523630000E+01 1.390800000E+01 2.439000000E+00
5.108603500E-01 3.529850000E+01 1.391100000E+01 2.427000000E+00
5.134146500E-01 3.536020000E+01 1.391300000E+01 2.415000000E+00
5.159817200E-01 3.542150000E+01 1.391600000E+01 2.403000000E+00
5.185616300E-01 3.548250000E+01 1.391800000E+01 2.391000000E+00
5.211544400E-01 3.554330000E+01 1.392000000E+01 2.379000000E+00
5.237602100E-01 3.560380000E+01 1.392100000E+01 2.367000000E+00
5.263790100E-01 3.566410000E+01 1.392300000E+01 2.355000000E+00
5.290109100E-01 3.572420000E+01 1.392400000E+01 2.344000000E+00
5.316559600E-01 3.578420000E+01 1.392400000E+01 2.332000000E+00
5.343142400E-01 3.584410000E+01 1.392500000E+01 2.320000000E+00
5.369858100E-01 3.590380000E+01 1.392500000E+01 2.309000000E+00
5.396707400E-01 3.600000000E+01 1.392400000E+01 2.297000000E+00
5.423691000E-01 3.605960000E+01 1.392400000E+01 2.286000000E+00
5.450809400E-01 3.611910000E+01 1.392300000E+01 2.275000000E+00
5.478063500E-01 3.617850000E+01 1.392200000E+01 2.263000000E+00
5.505453800E-01 3.623780000E+01 1.392000000E+01 2.252000000E+00
5.532981000E-01 3.629700000E+01 1.391800000E+01 2.241000000E+00
5.560646000E-01 3.635620000E+01 1.391600000E+01 2.230000000E+00
5.588449200E-01 3.641520000E+01 1.391300000E+01 2.219000000E+00
5.616391400E-01 3.647420000E+01 1.391000000E+01 2.208000000E+00
5.644473400E-01 3.653320000E+01 1.390700000E+01 2.197000000E+00
5.672695800E-01 3.659200000E+01 1.390300000E+01 2.186000000E+00
5.701059200E-01 3.665080000E+01 1.389900000E+01 2.175000000E+00
5.729564500E-01 3.670950000E+01 1.389500000E+01 2.164000000E+00
5.758212300E-01 3.676810000E+01 1.389000000E+01 2.153000000E+00
5.787003400E-01 3.682660000E+01 1.388500000E+01 2.142000000E+00
5.815938400E-01 3.688500000E+01 1.387900000E+01 2.132000000E+00
5.845018100E-01 3.694330000E+01 1.387300000E+01 2.121000000E+00
5.874243200E-01 3.700150000E+01 1.386700000E+01 2.111000000E+00
5.903614400E-01 3.705970000E+01 1.386000000E+01 2.100000000E+00
5.933132500E-01 3.711770000E+01 1.385200000E+01 2.090000000E+00
5.962798200E-01 3.717560000E+01 1.384500000E+01 2.079000000E+00
5.992612200E-01 3.723340000E+01 1.383700000E+01 2.069000000E+00
6.022575200E-01 3.729100000E+01 1.382800000E+01 2.059000000E+00
6.052688100E-01 3.734850000E+01 1.382000000E+01 2.048000000E+00
6.082951500E-01 3.740590000E+01 1.381000000E+01 2.038000000E+00
6.113366300E-01 3.746320000E+01 1.380000000E+01 2.028000000E+00
6.143933100E-01 3.752020000E+01 1.379000000E+01 2.018000000E+00
6.174652800E-01 3.757720000E+01 1.378000000E+01 2.008000000E+00
6.205526000E-01 3.763390000E+01 1.376900000E+01 1.998000000E+00
6.236553700E-01 3.769050000E+01 1.375700000E+01 1.988000000E+00
6.267736400E-01 3.774690000E+01 1.374500000E+01 1.978000000E+00
6.299075100E-01 3.780310000E+01 1.373300000E+01 1.968000000E+00
6.330570500E-01 3.785910000E+01 1.372000000E+01 1.959000000E+00
6.362223400E-01 3.791490000E+01 1.370700000E+01 1.949000000E+00
6.394034500E-01 3.797040000E+01 1.369400000E+01 1.939000000E+00
6.426004600E-01 3.802580000E+01 1.368000000E+01 1.929000000E+00
6.458134700E-01 3.808090000E+01 1.366600000E+01 1.920000000E+00
6.490425300E-01 3.813580000E+01 1.365100000E+01 1.910000000E+00
6.522877500E-01 3.819050000E+01 1.363600000E+01 1.901000000E+00
6.555491900E-01 3.824490000E+01 1.362000000E+01 1.891000000E+00
6.588269300E-01 3.829900000E+01 1.360400000E+01 1.882000000E+00
6.621210700E-01 3.835290000E+01 1.358800000E+01 1.873000000E+00
6.654316700E-01 3.840650000E+01 1.357100000E+01 1.863000000E+00
6.687588300E-01 3.845990000E+01 1.355400000E+01 1.854000000E+00
6.721026200E-01 3.851290000E+01 1.353600000E+01 1.845000000E+00
6.754631400E-01 3.856560000E+01 1.351800000E+01 1.836000000E+00
6.788404500E-01 3.861810000E+01 1.349900000E+01 1.826000000E+00
6.822346600E-01 3.867020000E+01 1.348100000E+01 1.817000000E+00
6.856458300E-01 3.872200000E+01 1.346100000E+01 1.808000000E+00
6.890740600E-01 3.877350000E+01 1.344200000E+01 1.799000000E+00
6.925194300E-01 3.882470000E+01 1.342200000E+01 1.790000000E+00
6.959820200E-01 3.887550000E+01 1.340100000E+01 1.781000000E+00
6.994619400E-01 3.892600000E+01 1.338000000E+01 1.773000000E+00
7.029592400E-01 3.897610000E+01 1.335900000E+01 1.764000000E+00
7.064740400E-01 3.902590000E+01 1.333800000E+01 1.755000000E+00
7.100064100E-01 3.907530000E+01 1.331600000E+01 1.746000000E+00
7.135564400E-01 3.912440000E+01 1.329300000E+01 1.738000000E+00
7.171242300E-01 3.917310000E+01 1.327100000E+01 1.729000000E+00
7.207098500E-01 3.922140000E+01 1.324800000E+01 1.720000000E+00
7.243134000E-01 3.926930000E+01 1.322400000E+01 1.712000000E+00
7.279349600E-01 3.931680000E+01 1.320000000E+01 1.703000000E+00
7.315746400E-01 3.936380000E+01 1.317600000E+01 1.695000000E+00
7.352325100E-01 3.941050000E+01 1.315100000E+01 1.686000000E+00
7.389086700E-01 3.945660000E+01 1.312600000E+01 1.678000000E+00
7.426032200E-01 3.950240000E+01 1.310000000E+01 1.670000000E+00
7.463162300E-01 3.954760000E+01 1.307400000E+01 1.661000000E+00
7.500478100E-01 3.959240000E+01 1.304700000E+01 1.653000000E+00
7.537980500E-01 3.963660000E+01 1.302100000E+01 1.645000000E+00
7.575670400E-01 3.968040000E+01 1.299300000E+01 1.637000000E+00
7.613548800E-01 3.972360000E+01 1.296600000E+01 1.628000000E+00
7.651616500E-01 3.976630000E+01 1.293800000E+01 1.620000000E+00
7.689874600E-01 3.980850000E+01 1.290900000E+01 1.612000000E+00
7.728324000E-01 3.985020000E+01 1.288100000E+01 1.604000000E+00
7.766965600E-01 3.989130000E+01 1.285200000E+01 1.596000000E+00
7.805800400E-01 3.993190000E+01 1.282200000E+01 1.588000000E+00
7.844829400E-01 3.997190000E+01 1.279300000E+01 1.580000000E+00
7.884053600E-01 4.001140000E+01 1.276300000E+01 1.573000000E+00
7.923473800E-01 4.005030000E+01 1.273300000E+01 1.565000000E+00
7.963091200E-01 4.008860000E+01 1.270200000E+01 1.557000000E+00
8.002906700E-01 4.012640000E+01 1.267100000E+01 1.549000000E+00
8.042921200E-01 4.016350000E+01 1.264000000E+01 1.542000000E+00
8.083135800E-01 4.020000000E+01 1.260800000E+01 1.534000000E+00
8.123551500E-01 4.023590000E+01 1.257600000E+01 1.526000000E+00
8.164169300E-01 4.027110000E+01 1.254400000E+01 1.519000000E+00
8.204990100E-01 4.030580000E+01 1.251100000E+01 1.511000000E+00
8.246015000E-01 4.033970000E+01 1.247900000E+01 1.504000000E+00
8.287245100E-01 4.037310000E+01 1.244600000E+01 1.496000000E+00
8.328681300E-01 4.040580000E+01 1.241300000E+01 1.489000000E+00
8.370324800E-01 4.043790000E+01 1.238000000E+01 1.481000000E+00
8.412176400E-01 4.046940000E+01 1.234600000E+01 1.474000000E+00
8.454237300E-01 4.050020000E+01 1.231200000E+01 1.467000000E+00
8.496508400E-01 4.053040000E+01 1.227900000E+01 1.459000000E+00
8.538991000E-01 4.056000000E+01 1.224500000E+01 1.452000000E+00
8.581685900E-01 4.058900000E+01 1.221100000E+01 1.445000000E+00
8.624594400E-01 4.061740000E+01 1.217600000E+01 1.438000000E+00
8.667717300E-01 4.064510000E+01 1.214200000E+01 1.430000000E+00
8.711055900E-01 4.067220000E+01 1.210700000E+01 1.423000000E+00
8.754611200E-01 4.069880000E+01 1.207300000E+01 1.416000000E+00
8.798384300E-01 4.072470000E+01 1.203800000E+01 1.409000000E+00
8.842376200E-01 4.075010000E+01 1.200300000E+01 1.402000000E+00
8.886588100E-01 4.077490000E+01 1.196800000E+01 1.395000000E+00
8.931021000E-01 4.079910000E+01 1.193300000E+01 1.388000000E+00
8.975676100E-01 4.082270000E+01 1.189700000E+01 1.381000000E+00
9.020554500E-01 4.084590000E+01 1.186200000E+01 1.374000000E+00
9.065657300E-01 4.086850000E+01 1.182700000E+01 1.368000000E+00
9.110985600E-01 4.089060000E+01 1.179100000E+01 1.361000000E+00
9.156540500E-01 4.091220000E+01 1.175600000E+01 1.354000000E+00
9.202323200E-01 4.093340000E+01 1.172000000E+01 1.347000000E+00
9.248334800E-01 4.095410000E+01 1.168500000E+01 1.341000000E+00
9.294576500E-01 4.097440000E+01 1.164900000E+01 1.334000000E+00
9.341049400E-01 4.099430000E+01 1.161300000E+01 1.327000000E+00
9.387754600E-01 4.101390000E+01 1.157800000E+01 1.321000000E+00
9.434693400E-01 4.103310000E+01 1.154200000E+01 1.314000000E+00
9.481866800E-01 4.105210000E+01 1.150600000E+01 1.308000000E+00
9.529276200E-01 4.107080000E+01 1.147000000E+01 1.301000000E+00
9.576922600E-01 4.108940000E+01 1.143400000E+01 1.295000000E+00
9.624807200E-01 4.110790000E+01 1.139900000E+01 1.288000000E+00
9.672931200E-01 4.112630000E+01 1.136300000E+01 1.282000000E+00
9.721295900E-01 4.114480000E+01 1.132700000E+01 1.275000000E+00
9.769902300E-01 4.116340000E+01 1.129100000E+01 1.269000000E+00
9.818751900E-01 4.118220000E+01 1.125600000E+01 1.263000000E+00
9.867845600E-01 4.120140000E+01 1.122000000E+01 1.256000000E+00
9.917184800E-01 4.122100000E+01 1.118400000E+01 1.250000000E+00
9.966770800E-01 4.124120000E+01 1.114900000E+01 1.244000000E+00
1.001660500E+00 4.125150000E+01 1.110200000E+01 1.238000000E+00
1.006668800E+00 4.123830000E+01 1.103400000E+01 1.232000000E+00
1.011702100E+00 4.122300000E+01 1.096600000E+01 1.226000000E+00
1.016760600E+00 4.120370000E+01 1.089800000E+01 1.219000000E+00
1.021844400E+00 4.118160000E+01 1.083100000E+01 1.213000000E+00
1.026953600E+00 4.115660000E+01 1.076500000E+01 1.207000000E+00
1.032088400E+00 4.112880000E+01 1.069900000E+01 1.201000000E+00
1.037248900E+00 4.109830000E+01 1.063400000E+01 1.195000000E+00
1.042435100E+00 4.106510000E+01 1.056900000E+01 1.189000000E+00
1.047647300E+00 4.102930000E+01 1.050500000E+01 1.183000000E+00
1.052885500E+00 4.099080000E+01 1.044100000E+01 1.178000000E+00
1.058149900E+00 4.094970000E+01 1.037800000E+01 1.172000000E+00
1.063440700E+00 4.090590000E+01 1.031500000E+01 1.166000000E+00
1.068757900E+00 4.085950000E+01 1.025300000E+01 1.160000000E+00
1.074101700E+00 4.081040000E+01 1.019100000E+01 1.154000000E+00
1.079472200E+00 4.075870000E+01 1.012900000E+01 1.149000000E+00
1.084869500E+00 4.070420000E+01 1.006800000E+01 1.143000000E+00
1.090293900E+00 4.064700000E+01 1.000800000E+01 1.137000000E+00
1.095745400E+00 4.058710000E+01 9.947900000E+00 1.132000000E+00
1.101224100E+00 4.052430000E+01 9.888400000E+00 1.126000000E+00
1.106730200E+00 4.045860000E+01 9.829300000E+00 1.120000000E+00
1.112263900E+00 4.039010000E+01 9.770600000E+00 1.115000000E+00
1.117825200E+00 4.031850000E+01 9.712400000E+00 1.109000000E+00
1.123414300E+00 4.024390000E+01 9.654700000E+00 1.104000000E+00
1.129031400E+00 4.016610000E+01 9.597300000E+00 1.098000000E+00
1.134676500E+00 4.008510000E+01 9.540400000E+00 1.093000000E+00
1.140349900E+00 4.000080000E+01 9.484000000E+00 1.087000000E+00
1.146051700E+00 3.991310000E+01 9.427900000E+00 1.082000000E+00
1.151781900E+00 3.982190000E+01 9.372300000E+00 1.076000000E+00
1.157540800E+00 3.972710000E+01 9.317100000E+00 1.071000000E+00
1.163328500E+00 3.962690000E+01 9.262300000E+00 1.066000000E+00
1.169145200E+00 3.952440000E+01 9.208000000E+00 1.060000000E+00
1.174990900E+00 3.941790000E+01 9.154000000E+00 1.055000000E+00
1.180865900E+00 3.930730000E+01 9.100400000E+00 1.050000000E+00
1.186770200E+00 3.919220000E+01 9.047300000E+00 1.045000000E+00
1.192704000E+00 3.907260000E+01 8.994500000E+00 1.040000000E+00
1.198667600E+00 3.894830000E+01 8.942100000E+00 1.034000000E+00
1.204660900E+00 3.881900000E+01 8.890100000E+00 1.029000000E+00
1.210684200E+00 3.868460000E+01 8.838500000E+00 1.024000000E+00
1.216737600E+00 3.854470000E+01 8.787300000E+00 1.019000000E+00
1.222821300E+00 3.839920000E+01 8.736500000E+00 1.014000000E+00
1.228935400E+00 3.824760000E+01 8.686000000E+00 1.009000000E+00
1.235080100E+00 3.808980000E+01 8.635900000E+00 1.004000000E+00
1.241255500E+00 3.792530000E+01 8.586200000E+00 9.989000000E-01
1.247461800E+00 3.775370000E+01 8.536900000E+00 9.939000000E-01
1.253699100E+00 3.757470000E+01 8.487900000E+00 9.889000000E-01
1.259967600E+00 3.738780000E+01 8.439300000E+00 9.840000000E-01
1.266267400E+00 3.719250000E+01 8.391000000E+00 9.791000000E-01
1.272598800E+00 3.698830000E+01 8.343100000E+00 9.743000000E-01
1.278961800E+00 3.677440000E+01 8.295500000E+00 9.694000000E-01
1.285356600E+00 3.655030000E+01 8.248300000E+00 9.646000000E-01
1.291783300E+00 3.631520000E+01 8.201500000E+00 9.598000000E-01
1.298242300E+00 3.606820000E+01 8.155000000E+00 9.550000000E-01
1.304733500E+00 3.580830000E+01 8.108800000E+00 9.503000000E-01
1.311257100E+00 3.553460000E+01 8.063000000E+00 9.455000000E-01
1.317813400E+00 3.524580000E+01 8.017500000E+00 9.408000000E-01
1.324402500E+00 3.494050000E+01 7.972300000E+00 9.362000000E-01
1.331024500E+00 3.461720000E+01 7.927500000E+00 9.315000000E-01
1.337679600E+00 3.427390000E+01 7.883000000E+00 9.269000000E-01
1.344368000E+00 3.390860000E+01 7.838800000E+00 9.222000000E-01
1.351089900E+00 3.351880000E+01 7.793700000E+00 9.177000000E-01
1.357845300E+00 3.310150000E+01 7.748400000E+00 9.131000000E-01
1.364634500E+00 3.265310000E+01 7.703500000E+00 9.086000000E-01
1.371457700E+00 3.216950000E+01 7.658900000E+00 9.040000000E-01
1.378315000E+00 3.164550000E+01 7.614600000E+00 8.995000000E-01
1.385206600E+00 3.107480000E+01 7.570700000E+00 8.951000000E-01
1.392132600E+00 3.044940000E+01 7.527100000E+00 8.906000000E-01
1.399093300E+00 2.975900000E+01 7.483700000E+00 8.862000000E-01
1.406088700E+00 2.899020000E+01 7.440800000E+00 8.818000000E-01
1.413119200E+00 2.812450000E+01 7.398100000E+00 8.774000000E-01
1.420184800E+00 2.713710000E+01 7.355700000E+00 8.730000000E-01
1.427285700E+00 2.598820000E+01 7.313700000E+00 8.687000000E-01
1.434422100E+00 2.461880000E+01 7.271900000E+00 8.643000000E-01
1.441594200E+00 2.292590000E+01 7.230500000E+00 8.600000000E-01
1.448802200E+00 2.070730000E+01 7.189400000E+00 8.558000000E-01
1.456046200E+00 1.746240000E+01 7.148500000E+00 8.515000000E-01
1.463326500E+00 1.110200000E+01 7.108000000E+00 8.473000000E-01
1.467479800E+00 -7.627400000E+00 7.085100000E+00 8.449000000E-01
1.467920200E+00 -7.970860000E+00 2.660800000E+01 8.446000000E-01
1.470643100E+00 8.040230000E+00 2.653200000E+01 8.431000000E-01
1.477996300E+00 1.536800000E+01 2.632900000E+01 8.389000000E-01
1.485386300E+00 1.806300000E+01 2.612700000E+01 8.347000000E-01
1.492813200E+00 1.928190000E+01 2.592600000E+01 8.305000000E-01
1.500277300E+00 1.941960000E+01 2.572700000E+01 8.264000000E-01
1.507778700E+00 1.792230000E+01 2.553000000E+01 8.223000000E-01
1.514168400E+00 7.848770000E+00 2.536400000E+01 8.188000000E-01
1.515031700E+00 7.782680000E+00 3.809500000E+01 8.184000000E-01
1.515317600E+00 9.895370000E+00 3.808400000E+01 8.182000000E-01
1.522894200E+00 2.098820000E+01 3.778700000E+01 8.141000000E-01
1.530508600E+00 2.462480000E+01 3.749300000E+01 8.101000000E-01
1.538161200E+00 2.709720000E+01 3.720100000E+01 8.061000000E-01
1.545852000E+00 2.903210000E+01 3.691200000E+01 8.020000000E-01
1.553581200E+00 3.064390000E+01 3.662400000E+01 7.981000000E-01
1.561349100E+00 3.203450000E+01 3.633800000E+01 7.941000000E-01
1.569155900E+00 3.326160000E+01 3.605500000E+01 7.901000000E-01
1.577001700E+00 3.436150000E+01 3.577400000E+01 7.862000000E-01
1.584886700E+00 3.535880000E+01 3.549600000E+01 7.823000000E-01
1.592811100E+00 3.627100000E+01 3.521900000E+01 7.784000000E-01
1.600775200E+00 3.711120000E+01 3.494500000E+01 7.745000000E-01
1.608779000E+00 3.788920000E+01 3.467300000E+01 7.707000000E-01
1.616822900E+00 3.861300000E+01 3.440400000E+01 7.668000000E-01
1.624907000E+00 3.928870000E+01 3.413600000E+01 7.630000000E-01
1.633031600E+00 3.992160000E+01 3.387100000E+01 7.592000000E-01
1.641196700E+00 4.051570000E+01 3.360800000E+01 7.555000000E-01
1.649402700E+00 4.107460000E+01 3.334700000E+01 7.517000000E-01
1.657649700E+00 4.160130000E+01 3.308800000E+01 7.480000000E-01
1.665938000E+00 4.209820000E+01 3.283100000E+01 7.442000000E-01
1.674267700E+00 4.256740000E+01 3.257700000E+01 7.405000000E-01
1.682639000E+00 4.301070000E+01 3.232400000E+01 7.368000000E-01
1.691052200E+00 4.342970000E+01 3.207300000E+01 7.332000000E-01
1.699507500E+00 4.382560000E+01 3.182500000E+01 7.295000000E-01
1.708005000E+00 4.419960000E+01 3.157800000E+01 7.259000000E-01
1.716545000E+00 4.455240000E+01 3.133400000E+01 7.223000000E-01
1.725127800E+00 4.488480000E+01 3.109100000E+01 7.187000000E-01
1.733753400E+00 4.519730000E+01 3.085100000E+01 7.151000000E-01
1.742422200E+00 4.549030000E+01 3.061200000E+01 7.116000000E-01
1.751134300E+00 4.576380000E+01 3.037500000E+01 7.080000000E-01
1.759889900E+00 4.601790000E+01 3.014000000E+01 7.045000000E-01
1.768689400E+00 4.625200000E+01 2.990700000E+01 7.010000000E-01
1.777532800E+00 4.646570000E+01 2.967600000E+01 6.975000000E-01
1.786420500E+00 4.665790000E+01 2.944700000E+01 6.940000000E-01
1.795352600E+00 4.682710000E+01 2.922000000E+01 6.906000000E-01
1.804329400E+00 4.697090000E+01 2.899400000E+01 6.871000000E-01
1.813351000E+00 4.708600000E+01 2.877100000E+01 6.837000000E-01
1.822417800E+00 4.716760000E+01 2.854900000E+01 6.803000000E-01
1.831529900E+00 4.720790000E+01 2.832900000E+01 6.769000000E-01
1.840687500E+00 4.719470000E+01 2.811000000E+01 6.736000000E-01
1.849890900E+00 4.710650000E+01 2.789400000E+01 6.702000000E-01
1.859140400E+00 4.690060000E+01 2.767900000E+01 6.669000000E-01
1.868436100E+00 4.647310000E+01 2.746600000E+01 6.636000000E-01
1.877778300E+00 4.542440000E+01 2.725500000E+01 6.603000000E-01
1.882408200E+00 4.380400000E+01 2.715100000E+01 6.586000000E-01
1.886591800E+00 4.385000000E+01 3.176600000E+01 6.572000000E-01
1.887167200E+00 4.423180000E+01 3.175000000E+01 6.570000000E-01
1.896603000E+00 4.675420000E+01 3.148800000E+01 6.537000000E-01
1.906086000E+00 4.784910000E+01 3.122900000E+01 6.505000000E-01
1.915616500E+00 4.860720000E+01 3.097100000E+01 6.472000000E-01
1.925194500E+00 4.920420000E+01 3.071400000E+01 6.440000000E-01
1.934820500E+00 4.970330000E+01 3.046000000E+01 6.408000000E-01
1.944494600E+00 5.013430000E+01 3.020900000E+01 6.376000000E-01
1.954217100E+00 5.051340000E+01 2.995900000E+01 6.344000000E-01
1.963988200E+00 5.084980000E+01 2.971200000E+01 6.313000000E-01
1.973808100E+00 5.114810000E+01 2.946600000E+01 6.281000000E-01
1.983677200E+00 5.141180000E+01 2.923500000E+01 6.250000000E-01
1.993595500E+00 5.165420000E+01 2.901400000E+01 6.219000000E-01
2.003563500E+00 5.187560000E+01 2.879700000E+01 6.188000000E-01
2.013581300E+00 5.207540000E+01 2.858300000E+01 6.157000000E-01
2.023649200E+00 5.225230000E+01 2.837100000E+01 6.127000000E-01
2.033767500E+00 5.240380000E+01 2.816200000E+01 6.096000000E-01
2.043936300E+00 5.252490000E+01 2.795600000E+01 6.066000000E-01
2.054156000E+00 5.260600000E+01 2.775300000E+01 6.036000000E-01
2.064426800E+00 5.262660000E+01 2.755200000E+01 6.006000000E-01
2.074748900E+00 5.253090000E+01 2.735300000E+01 5.976000000E-01
2.085122700E+00 5.204070000E+01 2.715700000E+01 5.946000000E-01
2.087438400E+00 5.167560000E+01 2.711300000E+01 5.940000000E-01
2.092161400E+00 5.174430000E+01 2.892400000E+01 5.926000000E-01
2.095548300E+00 5.235300000E+01 2.885400000E+01 5.917000000E-01
2.106026000E+00 5.318290000E+01 2.863800000E+01 5.887000000E-01
2.116556200E+00 5.367390000E+01 2.842500000E+01 5.858000000E-01
2.127138900E+00 5.405310000E+01 2.821400000E+01 5.829000000E-01
2.137774600E+00 5.437260000E+01 2.800600000E+01 5.800000000E-01
2.148463500E+00 5.465290000E+01 2.780000000E+01 5.771000000E-01
2.159205800E+00 5.490430000E+01 2.759600000E+01 5.742000000E-01
2.170001800E+00 5.513230000E+01 2.739400000E+01 5.714000000E-01
2.180851900E+00 5.534000000E+01 2.719400000E+01 5.685000000E-01
2.191756100E+00 5.552840000E+01 2.699600000E+01 5.657000000E-01
2.202714900E+00 5.570040000E+01 2.681100000E+01 5.629000000E-01
2.213728500E+00 5.586130000E+01 2.662900000E+01 5.601000000E-01
2.224797100E+00 5.600990000E+01 2.645000000E+01 5.573000000E-01
2.235921100E+00 5.614510000E+01 2.627300000E+01 5.545000000E-01
2.247100700E+00 5.626480000E+01 2.609800000E+01 5.518000000E-01
2.258336200E+00 5.636540000E+01 2.592500000E+01 5.490000000E-01
2.269627900E+00 5.643990000E+01 2.575400000E+01 5.463000000E-01
2.280976000E+00 5.647300000E+01 2.558500000E+01 5.436000000E-01
2.292380900E+00 5.642030000E+01 2.541800000E+01 5.409000000E-01
2.302209400E+00 5.613060000E+01 2.527600000E+01 5.385000000E-01
2.303842800E+00 5.598850000E+01 2.525300000E+01 5.382000000E-01
2.311390400E+00 5.624970000E+01 2.632500000E+01 5.364000000E-01
2.315362000E+00 5.653890000E+01 2.626700000E+01 5.355000000E-01
2.326938800E+00 5.701590000E+01 2.610000000E+01 5.328000000E-01
2.338573500E+00 5.733830000E+01 2.593400000E+01 5.302000000E-01
2.350266400E+00 5.760330000E+01 2.577000000E+01 5.275000000E-01
2.362017700E+00 5.783700000E+01 2.560800000E+01 5.249000000E-01
2.373827800E+00 5.805030000E+01 2.544700000E+01 5.223000000E-01
2.385697000E+00 5.824910000E+01 2.528800000E+01 5.197000000E-01
2.397625400E+00 5.843660000E+01 2.512900000E+01 5.171000000E-01
2.409613600E+00 5.861510000E+01 2.497200000E+01 5.145000000E-01
2.421661600E+00 5.878580000E+01 2.481600000E+01 5.120000000E-01
2.433769900E+00 5.895060000E+01 2.466300000E+01 5.094000000E-01
2.445938800E+00 5.911100000E+01 2.451100000E+01 5.069000000E-01
2.458168500E+00 5.926680000E+01 2.435700000E+01 5.044000000E-01
2.470459300E+00 5.941730000E+01 2.420200000E+01 5.019000000E-01
2.482811600E+00 5.956310000E+01 2.404800000E+01 4.994000000E-01
2.495225700E+00 5.970470000E+01 2.389600000E+01 4.969000000E-01
2.507701800E+00 5.984240000E+01 2.374400000E+01 4.944000000E-01
2.520240300E+00 5.997650000E+01 2.359400000E+01 4.920000000E-01
2.532841500E+00 6.010720000E+01 2.344500000E+01 4.895000000E-01
2.545505700E+00 6.023490000E+01 2.329700000E+01 4.871000000E-01
2.558233300E+00 6.035970000E+01 2.315000000E+01 4.846000000E-01
2.571024400E+00 6.048170000E+01 2.300300000E+01 4.822000000E-01
2.583879600E+00 6.060110000E+01 2.285800000E+01 4.798000000E-01
2.596799000E+00 6.071810000E+01 2.271400000E+01 4.775000000E-01
2.609782900E+00 6.083270000E+01 2.257100000E+01 4.751000000E-01
2.622831900E+00 6.094520000E+01 2.242800000E+01 4.727000000E-01
2.635946000E+00 6.105550000E+01 2.228700000E+01 4.704000000E-01
2.649125700E+00 6.116380000E+01 2.214600000E+01 4.680000000E-01
2.662371400E+00 6.127020000E+01 2.200700000E+01 4.657000000E-01
2.675683200E+00 6.137480000E+01 2.186800000E+01 4.634000000E-01
2.689061700E+00 6.147770000E+01 2.173000000E+01 4.611000000E-01
2.702507000E+00 6.157900000E+01 2.159200000E+01 4.588000000E-01
2.716019500E+00 6.167880000E+01 2.145600000E+01 4.565000000E-01
2.729599600E+00 6.177680000E+01 2.131800000E+01 4.542000000E-01
2.743247600E+00 6.187280000E+01 2.118100000E+01 4.520000000E-01
2.756963800E+00 6.196690000E+01 2.104500000E+01 4.497000000E-01
2.770748600E+00 6.205920000E+01 2.091000000E+01 4.475000000E-01
2.784602400E+00 6.214990000E+01 2.077600000E+01 4.452000000E-01
2.798525400E+00 6.223900000E+01 2.064200000E+01 4.430000000E-01
2.812518000E+00 6.232650000E+01 2.050900000E+01 4.408000000E-01
2.826580600E+00 6.241260000E+01 2.037700000E+01 4.386000000E-01
2.840713500E+00 6.249740000E+01 2.024600000E+01 4.365000000E-01
2.854917100E+00 6.258080000E+01 2.011600000E+01 4.343000000E-01
2.869191700E+00 6.266300000E+01 1.998700000E+01 4.321000000E-01
2.883537600E+00 6.274410000E+01 1.985800000E+01 4.300000000E-01
2.897955300E+00 6.282410000E+01 1.973100000E+01 4.278000000E-01
2.912445100E+00 6.290320000E+01 1.960400000E+01 4.257000000E-01
2.927007300E+00 6.298130000E+01 1.947800000E+01 4.236000000E-01
2.941642400E+00 6.328130000E+01 1.935200000E+01 4.215000000E-01
2.956350600E+00 6.335870000E+01 1.922500000E+01 4.194000000E-01
2.971132300E+00 6.343550000E+01 1.909800000E+01 4.173000000E-01
2.985988000E+00 6.351200000E+01 1.897300000E+01 4.152000000E-01
3.000917900E+00 6.359080000E+01 1.884700000E+01 4.132000000E-01
3.015922500E+00 6.368250000E+01 1.870400000E+01 4.111000000E-01
3.031002100E+00 6.391060000E+01 1.856100000E+01 4.091000000E-01
3.046157100E+00 6.398210000E+01 1.841600000E+01 4.070000000E-01
3.061387900E+00 6.405000000E+01 1.827100000E+01 4.050000000E-01
3.076694900E+00 6.411480000E+01 1.812900000E+01 4.030000000E-01
3.092078300E+00 6.417690000E+01 1.798700000E+01 4.010000000E-01
3.107538700E+00 6.423640000E+01 1.784700000E+01 3.990000000E-01
3.123076400E+00 6.429360000E+01 1.770800000E+01 3.970000000E-01
3.138691800E+00 6.434860000E+01 1.757000000E+01 3.950000000E-01
3.154385300E+00 6.440160000E+01 1.743400000E+01 3.931000000E-01
3.170157200E+00 6.445260000E+01 1.729900000E+01 3.911000000E-01
3.186008000E+00 6.450180000E+01 1.716500000E+01 3.892000000E-01
3.201938000E+00 6.454920000E+01 1.703200000E+01 3.872000000E-01
3.217947700E+00 6.459490000E+01 1.690100000E+01 3.853000000E-01
3.234037400E+00 6.463900000E+01 1.677000000E+01 3.834000000E-01
3.250207600E+00 6.468160000E+01 1.664100000E+01 3.815000000E-01
3.266458700E+00 6.472270000E+01 1.651300000E+01 3.796000000E-01
3.282791000E+00 6.476240000E+01 1.638700000E+01 3.777000000E-01
3.299204900E+00 6.480070000E+01 1.626100000E+01 3.758000000E-01
3.315700900E+00 6.483780000E+01 1.613700000E+01 3.739000000E-01
3.332279400E+00 6.487360000E+01 1.601300000E+01 3.721000000E-01
3.348940800E+00 6.490810000E+01 1.589100000E+01 3.702000000E-01
3.365685600E+00 6.494160000E+01 1.577000000E+01 3.684000000E-01
3.382514000E+00 6.497390000E+01 1.564800000E+01 3.665000000E-01
3.399426500E+00 6.500510000E+01 1.552700000E+01 3.647000000E-01
3.416423700E+00 6.503510000E+01 1.540700000E+01 3.629000000E-01
3.433505800E+00 6.506410000E+01 1.528800000E+01 3.611000000E-01
3.450673300E+00 6.509200000E+01 1.517100000E+01 3.593000000E-01
3.467926700E+00 6.511880000E+01 1.505400000E+01 3.575000000E-01
3.485266300E+00 6.514470000E+01 1.493800000E+01 3.557000000E-01
3.502692700E+00 6.516960000E+01 1.482400000E+01 3.540000000E-01
3.520206100E+00 6.519360000E+01 1.471000000E+01 3.522000000E-01
3.537807200E+00 6.521680000E+01 1.459700000E+01 3.505000000E-01
3.555496200E+00 6.523900000E+01 1.448600000E+01 3.487000000E-01
3.573273700E+00 6.526050000E+01 1.437500000E+01 3.470000000E-01
3.591140000E+00 6.528110000E+01 1.426600000E+01 3.453000000E-01
3.609095700E+00 6.530100000E+01 1.415700000E+01 3.435000000E-01
3.627141200E+00 6.532010000E+01 1.405000000E+01 3.418000000E-01
3.645276900E+00 6.533860000E+01 1.394300000E+01 3.401000000E-01
3.663503300E+00 6.535630000E+01 1.383800000E+01 3.384000000E-01
3.681820800E+00 6.537340000E+01 1.373300000E+01 3.367000000E-01
3.700229900E+00 6.538990000E+01 1.363000000E+01 3.351000000E-01
3.718731100E+00 6.540570000E+01 1.352700000E+01 3.334000000E-01
3.737324700E+00 6.542100000E+01 1.342500000E+01 3.317000000E-01
3.756011400E+00 6.543580000E+01 1.332400000E+01 3.301000000E-01
3.774791400E+00 6.555720000E+01 1.322300000E+01 3.285000000E-01
3.793665400E+00 6.557160000E+01 1.311900000E+01 3.268000000E-01
3.812633700E+00 6.558500000E+01 1.301700000E+01 3.252000000E-01
3.831696900E+00 6.559750000E+01 1.291600000E+01 3.236000000E-01
3.850855400E+00 6.560910000E+01 1.281500000E+01 3.220000000E-01
3.870109600E+00 6.561990000E+01 1.271500000E+01 3.204000000E-01
3.889460200E+00 6.562990000E+01 1.261700000E+01 3.188000000E-01
3.908907500E+00 6.563920000E+01 1.251900000E+01 3.172000000E-01
3.928452000E+00 6.564780000E+01 1.242200000E+01 3.156000000E-01
3.948094300E+00 6.565570000E+01 1.232600000E+01 3.140000000E-01
3.967834700E+00 6.566290000E+01 1.223000000E+01 3.125000000E-01
3.987673900E+00 6.566950000E+01 1.213600000E+01 3.109000000E-01
4.055024000E+00 6.610880000E+01 1.182500000E+01 3.058000000E-01
4.334821000E+00 6.611070000E+01 1.065800000E+01 2.860000000E-01
4.633924000E+00 6.600940000E+01 9.606300000E+00 2.676000000E-01
4.953664000E+00 6.582580000E+01 8.660100000E+00 2.503000000E-01
5.295467000E+00 6.558700000E+01 7.817500000E+00 2.341000000E-01
5.660855000E+00 6.529740000E+01 7.066200000E+00 2.190000000E-01
6.051453000E+00 6.495290000E+01 6.395500000E+00 2.049000000E-01
6.469004000E+00 6.453900000E+01 5.788500000E+00 1.917000000E-01
6.915365000E+00 6.400480000E+01 5.219100000E+00 1.793000000E-01
7.392525000E+00 6.326530000E+01 4.711000000E+00 1.677000000E-01
7.902609000E+00 6.210400000E+01 4.258400000E+00 1.569000000E-01
8.447890000E+00 5.928390000E+01 3.847700000E+00 1.468000000E-01
8.475040000E+00 5.897560000E+01 3.828700000E+00 1.463000000E-01
8.604760000E+00 5.604290000E+01 3.740500000E+00 1.441000000E-01
8.639352000E+00 5.259300000E+01 3.717600000E+00 1.435000000E-01
8.691240000E+00 5.608240000E+01 1.041900000E+01 1.427000000E-01
8.820960000E+00 5.907780000E+01 9.998300000E+00 1.406000000E-01
9.030794000E+00 6.038590000E+01 9.549600000E+00 1.373000000E-01
9.424561000E+00 6.071580000E+01 9.003500000E+00 1.316000000E-01
9.568814000E+00 5.959270000E+01 8.817400000E+00 1.296000000E-01
9.607282000E+00 5.793970000E+01 8.767600000E+00 1.291000000E-01
9.653919000E+00 5.948090000E+01 1.210500000E+01 1.284000000E-01
9.664983000E+00 5.979100000E+01 1.208200000E+01 1.283000000E-01
9.809237000E+00 6.152570000E+01 1.177400000E+01 1.264000000E-01
9.913386000E+00 6.203690000E+01 1.155200000E+01 1.251000000E-01
1.006512000E+01 6.206710000E+01 1.122800000E+01 1.232000000E-01
1.010558000E+01 6.136400000E+01 1.114300000E+01 1.227000000E-01
1.016628000E+01 6.246070000E+01 1.272900000E+01 1.220000000E-01
1.032004000E+01 6.375340000E+01 1.240800000E+01 1.201000000E-01
1.103212000E+01 6.610620000E+01 1.099600000E+01 1.124000000E-01
1.179334000E+01 6.721180000E+01 9.829800000E+00 1.051000000E-01
1.260708000E+01 6.795690000E+01 8.836400000E+00 9.834000000E-02
1.347697000E+01 6.846750000E+01 7.924300000E+00 9.200000000E-02
1.440688000E+01 6.880930000E+01 7.102300000E+00 8.606000000E-02
1.540095000E+01 6.903500000E+01 6.366100000E+00 8.050000000E-02
1.646362000E+01 6.917910000E+01 5.708000000E+00 7.531000000E-02
1.759961000E+01 6.933150000E+01 5.116100000E+00 7.045000000E-02
1.881398000E+01 6.936780000E+01 4.577700000E+00 6.590000000E-02
2.011215000E+01 6.940300000E+01 4.096200000E+00 6.165000000E-02
2.149988000E+01 6.940580000E+01 3.659800000E+00 5.767000000E-02
2.298338000E+01 6.935720000E+01 3.272100000E+00 5.395000000E-02
2.456923000E+01 6.929640000E+01 2.928000000E+00 5.046000000E-02
2.626450000E+01 6.923300000E+01 2.622400000E+00 4.721000000E-02
2.807676000E+01 6.916400000E+01 2.331800000E+00 4.416000000E-02
3.001405000E+01 6.907120000E+01 2.069700000E+00 4.131000000E-02
3.208502000E+01 6.896950000E+01 1.838500000E+00 3.864000000E-02
3.429889000E+01 6.886130000E+01 1.634400000E+00 3.615000000E-02
3.666551000E+01 6.874710000E+01 1.454200000E+00 3.381000000E-02
3.919543000E+01 6.862540000E+01 1.292800000E+00 3.163000000E-02
4.189992000E+01 6.849120000E+01 1.148900000E+00 2.959000000E-02
4.479101000E+01 6.833770000E+01 1.019000000E+00 2.768000000E-02
4.788159000E+01 6.814880000E+01 9.016400000E-01 2.589000000E-02
5.118542000E+01 6.789320000E+01 7.979900000E-01 2.422000000E-02
5.471721000E+01 6.747630000E+01 7.065600000E-01 2.266000000E-02
5.820181000E+01 6.642100000E+01 6.317500000E-01 2.130000000E-02
5.849270000E+01 6.619540000E+01 6.260800000E-01 2.120000000E-02
5.909265000E+01 6.528630000E+01 6.146500000E-01 2.098000000E-02
5.933021000E+01 6.392760000E+01 6.102100000E-01 2.090000000E-02
5.968655000E+01 6.530040000E+01 3.278300000E+00 2.077000000E-02
6.057739000E+01 6.654050000E+01 3.205000000E+00 2.047000000E-02
6.252870000E+01 6.744000000E+01 3.052900000E+00 1.983000000E-02
6.684318000E+01 6.823580000E+01 2.741800000E+00 1.855000000E-02
7.145536000E+01 6.863970000E+01 2.458300000E+00 1.735000000E-02
7.638578000E+01 6.888940000E+01 2.203800000E+00 1.623000000E-02
8.165640000E+01 6.906120000E+01 1.972600000E+00 1.518000000E-02
8.729069000E+01 6.917150000E+01 1.759800000E+00 1.420000000E-02
9.331374000E+01 6.924360000E+01 1.570200000E+00 1.329000000E-02
9.975239000E+01 6.928980000E+01 1.401100000E+00 1.243000000E-02
1.066353000E+02 6.931800000E+01 1.250500000E+00 1.163000000E-02
1.139931000E+02 6.933330000E+01 1.116200000E+00 1.088000000E-02
1.218587000E+02 6.936820000E+01 9.947500000E-01 1.017000000E-02
1.302669000E+02 6.936510000E+01 8.842900000E-01 9.518000000E-03
1.392553000E+02 6.935570000E+01 7.861700000E-01 8.903000000E-03
1.488640000E+02 6.934240000E+01 6.990000000E-01 8.329000000E-03
1.591356000E+02 6.932650000E+01 6.215600000E-01 7.791000000E-03
1.701159000E+02 6.930900000E+01 5.527500000E-01 7.288000000E-03
1.818539000E+02 6.929060000E+01 4.915900000E-01 6.818000000E-03
1.944018000E+02 6.927190000E+01 4.372400000E-01 6.378000000E-03
2.078156000E+02 6.925320000E+01 3.889300000E-01 5.966000000E-03
2.221548000E+02 6.923480000E+01 3.459900000E-01 5.581000000E-03
2.374835000E+02 6.921690000E+01 3.078100000E-01 5.221000000E-03
2.538699000E+02 6.919940000E+01 2.738700000E-01 4.884000000E-03
2.713869000E+02 6.918280000E+01 2.448600000E-01 4.569000000E-03
2.901126000E+02 6.916770000E+01 2.192100000E-01 4.274000000E-03
3.101304000E+02 6.915380000E+01 1.962600000E-01 3.998000000E-03
3.315294000E+02 6.914100000E+01 1.757200000E-01 3.740000000E-03
3.544049000E+02 6.912910000E+01 1.573500000E-01 3.498000000E-03
3.788588000E+02 6.911820000E+01 1.409000000E-01 3.273000000E-03
4.050001000E+02 6.910810000E+01 1.261800000E-01 3.061000000E-03
4.329451000E+02 6.909870000E+01 1.130100000E-01 2.864000000E-03
