# Data retrieved from physics.nist.gov 03/01/2021
# Element, W  (Z = 74) 
# Atomic weight, g mol-1 = 183.8500 
# Nominal density, g cm-3 =  1.9300E+01 
# Relativistic correction estimate f_rel(5CL),  e atom-1 =  -8.5980E-01 
# Nuclear Thomson correction f_NT, e atom-1 =  -1.6340E-02 
#    E [keV]      f1 [e atom-1]      f2 [e atom-1]    Wavelength [nm] 
5.978000000E-03 6.656600000E+00 0.000000000E+00 2.074000000E+02
6.069500000E-03 6.083780000E+00 0.000000000E+00 2.043000000E+02
6.093900000E-03 5.431880000E+00 0.000000000E+00 2.035000000E+02
6.130500000E-03 6.076650000E+00 1.264000000E+00 2.022000000E+02
6.222000000E-03 6.619310000E+00 1.256900000E+00 1.993000000E+02
1.069000000E-02 6.564960000E+00 2.809200000E+00 1.160000000E+02
1.142761000E-02 6.580980000E+00 3.315100000E+00 1.085000000E+02
1.221612000E-02 6.689730000E+00 3.868800000E+00 1.015000000E+02
1.305903000E-02 6.909850000E+00 4.446200000E+00 9.494000000E+01
1.396010000E-02 7.252430000E+00 5.015700000E+00 8.881000000E+01
1.492335000E-02 7.717900000E+00 5.541200000E+00 8.308000000E+01
1.595306000E-02 8.294140000E+00 5.985900000E+00 7.772000000E+01
1.705382000E-02 8.956580000E+00 6.317300000E+00 7.270000000E+01
1.823053000E-02 9.670310000E+00 6.511700000E+00 6.801000000E+01
1.948844000E-02 1.043050000E+01 6.557300000E+00 6.362000000E+01
2.083314000E-02 1.112030000E+01 6.455000000E+00 5.951000000E+01
2.227063000E-02 1.173490000E+01 6.217900000E+00 5.567000000E+01
2.380730000E-02 1.223770000E+01 5.868400000E+00 5.208000000E+01
2.545001000E-02 1.259750000E+01 5.433300000E+00 4.872000000E+01
2.720606000E-02 1.278020000E+01 4.939200000E+00 4.557000000E+01
2.908327000E-02 1.274250000E+01 4.418700000E+00 4.263000000E+01
3.109002000E-02 1.239600000E+01 3.899600000E+00 3.988000000E+01
3.292800000E-02 1.160020000E+01 3.470000000E+00 3.765000000E+01
3.323523000E-02 1.135270000E+01 3.402800000E+00 3.731000000E+01
3.343200000E-02 1.112520000E+01 3.360400000E+00 3.709000000E+01
3.356640000E-02 1.080650000E+01 3.331800000E+00 3.694000000E+01
3.376800000E-02 1.090130000E+01 3.740500000E+00 3.672000000E+01
3.427200000E-02 1.064260000E+01 3.619400000E+00 3.618000000E+01
3.488800000E-02 9.793980000E+00 3.477300000E+00 3.554000000E+01
3.542200000E-02 7.649860000E+00 3.359300000E+00 3.500000000E+01
3.552846000E-02 6.183670000E+00 3.336300000E+00 3.490000000E+01
3.556440000E-02 5.049270000E+00 3.328600000E+00 3.486000000E+01
3.577000000E-02 7.687670000E+00 8.406100000E+00 3.466000000E+01
3.577800000E-02 7.764900000E+00 8.402400000E+00 3.465000000E+01
3.631750000E-02 1.005800000E+01 8.157800000E+00 3.414000000E+01
3.646350000E-02 1.023130000E+01 8.093300000E+00 3.400000000E+01
3.668250000E-02 1.079910000E+01 8.305200000E+00 3.380000000E+01
3.723000000E-02 1.167010000E+01 8.063400000E+00 3.330000000E+01
3.797993000E-02 1.239900000E+01 7.750500000E+00 3.264000000E+01
4.060054000E-02 1.360870000E+01 6.783300000E+00 3.054000000E+01
4.340198000E-02 1.388390000E+01 5.878100000E+00 2.857000000E+01
4.586400000E-02 1.319510000E+01 5.204000000E+00 2.703000000E+01
4.639671000E-02 1.257370000E+01 5.073400000E+00 2.672000000E+01
4.656600000E-02 1.215380000E+01 5.033000000E+00 2.663000000E+01
4.675320000E-02 1.088140000E+01 4.988900000E+00 2.652000000E+01
4.703400000E-02 1.220520000E+01 7.438100000E+00 2.636000000E+01
4.773600000E-02 1.336940000E+01 7.255400000E+00 2.597000000E+01
4.959809000E-02 1.431090000E+01 6.815900000E+00 2.500000000E+01
5.302035000E-02 1.493420000E+01 6.152300000E+00 2.338000000E+01
5.667876000E-02 1.515400000E+01 5.540700000E+00 2.187000000E+01
6.058959000E-02 1.510500000E+01 5.011500000E+00 2.046000000E+01
6.477028000E-02 1.485470000E+01 4.608600000E+00 1.914000000E+01
6.923942000E-02 1.445500000E+01 4.361100000E+00 1.791000000E+01
7.401695000E-02 1.394470000E+01 4.286400000E+00 1.675000000E+01
7.555800000E-02 1.376480000E+01 4.299800000E+00 1.641000000E+01
7.671450000E-02 1.361170000E+01 4.320900000E+00 1.616000000E+01
7.702290000E-02 1.354650000E+01 4.328100000E+00 1.610000000E+01
7.748550000E-02 1.352690000E+01 4.401800000E+00 1.600000000E+01
7.864200000E-02 1.342780000E+01 4.439200000E+00 1.577000000E+01
7.912411000E-02 1.338070000E+01 4.457400000E+00 1.567000000E+01
8.458368000E-02 1.282820000E+01 4.758600000E+00 1.466000000E+01
9.041995000E-02 1.227170000E+01 5.249600000E+00 1.371000000E+01
9.665893000E-02 1.175380000E+01 5.929700000E+00 1.283000000E+01
1.000000000E-01 1.305620000E+01 6.347500000E+00 1.240000000E+01
1.005000000E-01 1.302330000E+01 6.412800000E+00 1.234000000E+01
1.010025000E-01 1.290960000E+01 6.479200000E+00 1.228000000E+01
1.015075100E-01 1.287770000E+01 6.546500000E+00 1.221000000E+01
1.020150500E-01 1.284650000E+01 6.614800000E+00 1.215000000E+01
1.025251300E-01 1.281580000E+01 6.684100000E+00 1.209000000E+01
1.030377500E-01 1.278570000E+01 6.754400000E+00 1.203000000E+01
1.035529400E-01 1.275620000E+01 6.825700000E+00 1.197000000E+01
1.040707000E-01 1.272730000E+01 6.897900000E+00 1.191000000E+01
1.045910600E-01 1.269900000E+01 6.971200000E+00 1.185000000E+01
1.051140100E-01 1.267140000E+01 7.045400000E+00 1.180000000E+01
1.056395800E-01 1.264450000E+01 7.120600000E+00 1.174000000E+01
1.061677800E-01 1.261830000E+01 7.196700000E+00 1.168000000E+01
1.066986200E-01 1.259270000E+01 7.273800000E+00 1.162000000E+01
1.072321100E-01 1.256790000E+01 7.351800000E+00 1.156000000E+01
1.077682700E-01 1.254370000E+01 7.430700000E+00 1.150000000E+01
1.083071200E-01 1.252040000E+01 7.510600000E+00 1.145000000E+01
1.088486500E-01 1.249770000E+01 7.591400000E+00 1.139000000E+01
1.093928900E-01 1.247590000E+01 7.673200000E+00 1.133000000E+01
1.099398600E-01 1.236570000E+01 7.755800000E+00 1.128000000E+01
1.104895600E-01 1.234540000E+01 7.839300000E+00 1.122000000E+01
1.110420100E-01 1.232590000E+01 7.923800000E+00 1.117000000E+01
1.115972200E-01 1.230730000E+01 8.009100000E+00 1.111000000E+01
1.121552000E-01 1.228950000E+01 8.095300000E+00 1.105000000E+01
1.127159800E-01 1.227260000E+01 8.182300000E+00 1.100000000E+01
1.132795600E-01 1.225650000E+01 8.270300000E+00 1.094000000E+01
1.138459600E-01 1.224140000E+01 8.359000000E+00 1.089000000E+01
1.144151900E-01 1.222710000E+01 8.448600000E+00 1.084000000E+01
1.149872600E-01 1.221370000E+01 8.539600000E+00 1.078000000E+01
1.155622000E-01 1.220130000E+01 8.631500000E+00 1.073000000E+01
1.161400100E-01 1.218990000E+01 8.724200000E+00 1.068000000E+01
1.167207100E-01 1.217940000E+01 8.817700000E+00 1.062000000E+01
1.173043100E-01 1.217000000E+01 8.912000000E+00 1.057000000E+01
1.178908300E-01 1.216160000E+01 9.007000000E+00 1.052000000E+01
1.184802900E-01 1.215420000E+01 9.102800000E+00 1.046000000E+01
1.190726900E-01 1.214780000E+01 9.199400000E+00 1.041000000E+01
1.196680500E-01 1.214260000E+01 9.296700000E+00 1.036000000E+01
1.202663900E-01 1.213840000E+01 9.394800000E+00 1.031000000E+01
1.208677200E-01 1.213520000E+01 9.493500000E+00 1.026000000E+01
1.214720600E-01 1.213320000E+01 9.593000000E+00 1.021000000E+01
1.220794200E-01 1.213230000E+01 9.693200000E+00 1.016000000E+01
1.226898200E-01 1.213250000E+01 9.794000000E+00 1.011000000E+01
1.233032700E-01 1.213390000E+01 9.895500000E+00 1.006000000E+01
1.239197900E-01 1.213640000E+01 9.997700000E+00 1.001000000E+01
1.245393900E-01 1.214010000E+01 1.010000000E+01 9.955000000E+00
1.251620800E-01 1.214500000E+01 1.020400000E+01 9.906000000E+00
1.257878900E-01 1.215110000E+01 1.030800000E+01 9.857000000E+00
1.264168300E-01 1.215840000E+01 1.041300000E+01 9.808000000E+00
1.270489200E-01 1.216700000E+01 1.051800000E+01 9.759000000E+00
1.276841600E-01 1.217680000E+01 1.062400000E+01 9.710000000E+00
1.283225800E-01 1.218780000E+01 1.073000000E+01 9.662000000E+00
1.289641900E-01 1.220020000E+01 1.083700000E+01 9.614000000E+00
1.296090200E-01 1.221380000E+01 1.094400000E+01 9.566000000E+00
1.302570600E-01 1.222870000E+01 1.105200000E+01 9.518000000E+00
1.309083500E-01 1.224500000E+01 1.116100000E+01 9.471000000E+00
1.315628900E-01 1.226260000E+01 1.126900000E+01 9.424000000E+00
1.322207000E-01 1.228160000E+01 1.137900000E+01 9.377000000E+00
1.328818100E-01 1.230190000E+01 1.148900000E+01 9.330000000E+00
1.335462100E-01 1.232370000E+01 1.159900000E+01 9.284000000E+00
1.342139500E-01 1.234680000E+01 1.170900000E+01 9.238000000E+00
1.348850200E-01 1.237140000E+01 1.182000000E+01 9.192000000E+00
1.355594400E-01 1.239740000E+01 1.193200000E+01 9.146000000E+00
1.362372400E-01 1.242480000E+01 1.204300000E+01 9.101000000E+00
1.369184200E-01 1.245370000E+01 1.215500000E+01 9.055000000E+00
1.376030200E-01 1.248400000E+01 1.226600000E+01 9.010000000E+00
1.382910300E-01 1.251580000E+01 1.237800000E+01 8.965000000E+00
1.389824900E-01 1.254890000E+01 1.249000000E+01 8.921000000E+00
1.396774000E-01 1.258350000E+01 1.260200000E+01 8.876000000E+00
1.403757900E-01 1.261950000E+01 1.271400000E+01 8.832000000E+00
1.410776600E-01 1.265830000E+01 1.282600000E+01 8.788000000E+00
1.417830500E-01 1.269720000E+01 1.293800000E+01 8.745000000E+00
1.424919700E-01 1.273750000E+01 1.305000000E+01 8.701000000E+00
1.432044300E-01 1.277920000E+01 1.316200000E+01 8.658000000E+00
1.439204500E-01 1.282240000E+01 1.327400000E+01 8.615000000E+00
1.446400500E-01 1.286700000E+01 1.338600000E+01 8.572000000E+00
1.453632500E-01 1.291300000E+01 1.349800000E+01 8.529000000E+00
1.460900700E-01 1.296050000E+01 1.361000000E+01 8.487000000E+00
1.468205200E-01 1.300940000E+01 1.372200000E+01 8.445000000E+00
1.475546200E-01 1.305970000E+01 1.383300000E+01 8.403000000E+00
1.482923900E-01 1.311140000E+01 1.394400000E+01 8.361000000E+00
1.490338600E-01 1.316450000E+01 1.405500000E+01 8.319000000E+00
1.497790300E-01 1.321900000E+01 1.416500000E+01 8.278000000E+00
1.505279200E-01 1.327490000E+01 1.427500000E+01 8.237000000E+00
1.512805600E-01 1.333210000E+01 1.438500000E+01 8.196000000E+00
1.520369600E-01 1.339070000E+01 1.449400000E+01 8.155000000E+00
1.527971500E-01 1.345050000E+01 1.460300000E+01 8.114000000E+00
1.535611300E-01 1.351170000E+01 1.471100000E+01 8.074000000E+00
1.543289400E-01 1.357420000E+01 1.481900000E+01 8.034000000E+00
1.551005800E-01 1.363790000E+01 1.492700000E+01 7.994000000E+00
1.558760900E-01 1.370300000E+01 1.503400000E+01 7.954000000E+00
1.566554700E-01 1.376920000E+01 1.514000000E+01 7.914000000E+00
1.574387500E-01 1.383670000E+01 1.524600000E+01 7.875000000E+00
1.582259400E-01 1.390540000E+01 1.535200000E+01 7.836000000E+00
1.590170700E-01 1.397540000E+01 1.545600000E+01 7.797000000E+00
1.598121500E-01 1.404650000E+01 1.556100000E+01 7.758000000E+00
1.606112100E-01 1.411880000E+01 1.566400000E+01 7.720000000E+00
1.614142700E-01 1.419220000E+01 1.576700000E+01 7.681000000E+00
1.622213400E-01 1.426680000E+01 1.587000000E+01 7.643000000E+00
1.630324500E-01 1.434260000E+01 1.597200000E+01 7.605000000E+00
1.638476100E-01 1.441940000E+01 1.607300000E+01 7.567000000E+00
1.646668500E-01 1.449730000E+01 1.617300000E+01 7.529000000E+00
1.654901800E-01 1.457630000E+01 1.627300000E+01 7.492000000E+00
1.663176300E-01 1.465640000E+01 1.637200000E+01 7.455000000E+00
1.671492200E-01 1.473750000E+01 1.647100000E+01 7.418000000E+00
1.679849700E-01 1.481970000E+01 1.656800000E+01 7.381000000E+00
1.688248900E-01 1.490290000E+01 1.666500000E+01 7.344000000E+00
1.696690200E-01 1.498700000E+01 1.676100000E+01 7.307000000E+00
1.705173600E-01 1.507210000E+01 1.685700000E+01 7.271000000E+00
1.713699500E-01 1.515820000E+01 1.695200000E+01 7.235000000E+00
1.722268000E-01 1.524530000E+01 1.704500000E+01 7.199000000E+00
1.730879300E-01 1.533320000E+01 1.713800000E+01 7.163000000E+00
1.739533700E-01 1.542210000E+01 1.723100000E+01 7.127000000E+00
1.748231400E-01 1.551180000E+01 1.732200000E+01 7.092000000E+00
1.756972600E-01 1.560250000E+01 1.741300000E+01 7.057000000E+00
1.765757400E-01 1.569390000E+01 1.750300000E+01 7.022000000E+00
1.774586200E-01 1.578620000E+01 1.759100000E+01 6.987000000E+00
1.783459100E-01 1.587940000E+01 1.767900000E+01 6.952000000E+00
1.792376400E-01 1.597330000E+01 1.776700000E+01 6.917000000E+00
1.801338300E-01 1.606790000E+01 1.785300000E+01 6.883000000E+00
1.810345000E-01 1.616340000E+01 1.793800000E+01 6.849000000E+00
1.819396700E-01 1.625950000E+01 1.802300000E+01 6.815000000E+00
1.828493700E-01 1.635640000E+01 1.810600000E+01 6.781000000E+00
1.837636200E-01 1.645400000E+01 1.818900000E+01 6.747000000E+00
1.846824400E-01 1.655220000E+01 1.827100000E+01 6.713000000E+00
1.856058500E-01 1.665110000E+01 1.835200000E+01 6.680000000E+00
1.865338800E-01 1.675070000E+01 1.843200000E+01 6.647000000E+00
1.874665500E-01 1.685080000E+01 1.851100000E+01 6.614000000E+00
1.884038800E-01 1.695150000E+01 1.858900000E+01 6.581000000E+00
1.893459000E-01 1.705280000E+01 1.866600000E+01 6.548000000E+00
1.902926300E-01 1.715470000E+01 1.874200000E+01 6.515000000E+00
1.912440900E-01 1.725700000E+01 1.881700000E+01 6.483000000E+00
1.922003100E-01 1.735990000E+01 1.889100000E+01 6.451000000E+00
1.931613100E-01 1.746330000E+01 1.896500000E+01 6.419000000E+00
1.941271200E-01 1.756710000E+01 1.903700000E+01 6.387000000E+00
1.950977600E-01 1.767130000E+01 1.910800000E+01 6.355000000E+00
1.960732500E-01 1.777600000E+01 1.917900000E+01 6.323000000E+00
1.970536100E-01 1.788100000E+01 1.924800000E+01 6.292000000E+00
1.980388800E-01 1.798640000E+01 1.931600000E+01 6.261000000E+00
1.990290700E-01 1.809220000E+01 1.938400000E+01 6.229000000E+00
2.000242200E-01 1.819830000E+01 1.945000000E+01 6.198000000E+00
2.010243400E-01 1.830460000E+01 1.951600000E+01 6.168000000E+00
2.020294600E-01 1.841120000E+01 1.958000000E+01 6.137000000E+00
2.030396100E-01 1.851810000E+01 1.964300000E+01 6.106000000E+00
2.040548100E-01 1.862510000E+01 1.970600000E+01 6.076000000E+00
2.050750800E-01 1.873240000E+01 1.976700000E+01 6.046000000E+00
2.061004600E-01 1.883980000E+01 1.982800000E+01 6.016000000E+00
2.071309600E-01 1.894730000E+01 1.988700000E+01 5.986000000E+00
2.081666100E-01 1.905490000E+01 1.994600000E+01 5.956000000E+00
2.092074500E-01 1.916260000E+01 2.000300000E+01 5.926000000E+00
2.102534800E-01 1.927020000E+01 2.006000000E+01 5.897000000E+00
2.113047500E-01 1.937790000E+01 2.011500000E+01 5.868000000E+00
2.123612800E-01 1.948550000E+01 2.017000000E+01 5.838000000E+00
2.134230800E-01 1.959310000E+01 2.022300000E+01 5.809000000E+00
2.144902000E-01 1.970040000E+01 2.027600000E+01 5.780000000E+00
2.155626500E-01 1.980770000E+01 2.032700000E+01 5.752000000E+00
2.166404600E-01 1.991470000E+01 2.037800000E+01 5.723000000E+00
2.177236600E-01 2.002140000E+01 2.042700000E+01 5.695000000E+00
2.188122800E-01 2.012770000E+01 2.047600000E+01 5.666000000E+00
2.199063400E-01 2.023370000E+01 2.052400000E+01 5.638000000E+00
2.210058800E-01 2.033920000E+01 2.057000000E+01 5.610000000E+00
2.221109000E-01 2.044420000E+01 2.061600000E+01 5.582000000E+00
2.232214600E-01 2.054850000E+01 2.066100000E+01 5.554000000E+00
2.243375700E-01 2.065210000E+01 2.070400000E+01 5.527000000E+00
2.254592500E-01 2.075490000E+01 2.074700000E+01 5.499000000E+00
2.265865500E-01 2.085670000E+01 2.078900000E+01 5.472000000E+00
2.277194800E-01 2.095730000E+01 2.083000000E+01 5.445000000E+00
2.288580800E-01 2.105670000E+01 2.087000000E+01 5.418000000E+00
2.300023700E-01 2.115450000E+01 2.090900000E+01 5.391000000E+00
2.311523800E-01 2.125060000E+01 2.094700000E+01 5.364000000E+00
2.323081400E-01 2.134660000E+01 2.098400000E+01 5.337000000E+00
2.334696900E-01 2.143790000E+01 2.102000000E+01 5.311000000E+00
2.346370300E-01 2.152610000E+01 2.105600000E+01 5.284000000E+00
2.358102200E-01 2.161040000E+01 2.109000000E+01 5.258000000E+00
2.369892700E-01 2.168970000E+01 2.112400000E+01 5.232000000E+00
2.381742200E-01 2.176250000E+01 2.115600000E+01 5.206000000E+00
2.393650900E-01 2.182620000E+01 2.118800000E+01 5.180000000E+00
2.405619100E-01 2.187670000E+01 2.121900000E+01 5.154000000E+00
2.417647200E-01 2.190620000E+01 2.124900000E+01 5.128000000E+00
2.429735500E-01 2.189680000E+01 2.127800000E+01 5.103000000E+00
2.441884100E-01 2.179130000E+01 2.130600000E+01 5.077000000E+00
2.452105500E-01 2.127600000E+01 2.132800000E+01 5.056000000E+00
2.454093600E-01 2.028580000E+01 2.238600000E+01 5.052000000E+00
2.455894500E-01 2.131220000E+01 2.238900000E+01 5.048000000E+00
2.466364000E-01 2.203830000E+01 2.240400000E+01 5.027000000E+00
2.478695900E-01 2.237760000E+01 2.241700000E+01 5.002000000E+00
2.491089300E-01 2.261710000E+01 2.242800000E+01 4.977000000E+00
2.503544800E-01 2.281250000E+01 2.243900000E+01 4.952000000E+00
2.516062500E-01 2.298010000E+01 2.244900000E+01 4.928000000E+00
2.528642800E-01 2.312560000E+01 2.245700000E+01 4.903000000E+00
2.541286000E-01 2.324940000E+01 2.246500000E+01 4.879000000E+00
2.553992500E-01 2.334630000E+01 2.247100000E+01 4.855000000E+00
2.566762400E-01 2.339870000E+01 2.247600000E+01 4.830000000E+00
2.579596200E-01 2.333120000E+01 2.248000000E+01 4.806000000E+00
2.585958100E-01 2.305340000E+01 2.248100000E+01 4.795000000E+00
2.590041900E-01 2.310650000E+01 2.328100000E+01 4.787000000E+00
2.592494200E-01 2.333860000E+01 2.328100000E+01 4.782000000E+00
2.605456700E-01 2.384550000E+01 2.327900000E+01 4.759000000E+00
2.618484000E-01 2.414480000E+01 2.327500000E+01 4.735000000E+00
2.631576400E-01 2.439000000E+01 2.327100000E+01 4.711000000E+00
2.644734300E-01 2.460850000E+01 2.326500000E+01 4.688000000E+00
2.657957900E-01 2.481060000E+01 2.325800000E+01 4.665000000E+00
2.671247700E-01 2.500140000E+01 2.325100000E+01 4.641000000E+00
2.684604000E-01 2.518350000E+01 2.324200000E+01 4.618000000E+00
2.698027000E-01 2.535870000E+01 2.323200000E+01 4.595000000E+00
2.711517100E-01 2.552820000E+01 2.322200000E+01 4.573000000E+00
2.725074700E-01 2.569280000E+01 2.321000000E+01 4.550000000E+00
2.738700100E-01 2.585310000E+01 2.319900000E+01 4.527000000E+00
2.752393600E-01 2.600990000E+01 2.318600000E+01 4.505000000E+00
2.766155600E-01 2.616340000E+01 2.317300000E+01 4.482000000E+00
2.779986300E-01 2.631400000E+01 2.316000000E+01 4.460000000E+00
2.793886300E-01 2.646190000E+01 2.314500000E+01 4.438000000E+00
2.807855700E-01 2.660730000E+01 2.313000000E+01 4.416000000E+00
2.821895000E-01 2.675040000E+01 2.311500000E+01 4.394000000E+00
2.836004400E-01 2.689140000E+01 2.309900000E+01 4.372000000E+00
2.850184500E-01 2.703010000E+01 2.308200000E+01 4.350000000E+00
2.864435400E-01 2.716680000E+01 2.306500000E+01 4.328000000E+00
2.878757600E-01 2.730160000E+01 2.304800000E+01 4.307000000E+00
2.893151400E-01 2.743460000E+01 2.303000000E+01 4.285000000E+00
2.907617100E-01 2.756600000E+01 2.301200000E+01 4.264000000E+00
2.922155200E-01 2.769590000E+01 2.299400000E+01 4.243000000E+00
2.936766000E-01 2.782440000E+01 2.297500000E+01 4.222000000E+00
2.951449800E-01 2.795140000E+01 2.295700000E+01 4.201000000E+00
2.966207100E-01 2.807720000E+01 2.293800000E+01 4.180000000E+00
2.981038100E-01 2.820170000E+01 2.291800000E+01 4.159000000E+00
2.995943300E-01 2.832500000E+01 2.289800000E+01 4.138000000E+00
3.010923000E-01 2.844710000E+01 2.287800000E+01 4.118000000E+00
3.025977600E-01 2.856810000E+01 2.285800000E+01 4.097000000E+00
3.041107500E-01 2.868790000E+01 2.283700000E+01 4.077000000E+00
3.056313000E-01 2.880670000E+01 2.281600000E+01 4.057000000E+00
3.071594600E-01 2.892450000E+01 2.279500000E+01 4.036000000E+00
3.086952600E-01 2.904120000E+01 2.277400000E+01 4.016000000E+00
3.102387300E-01 2.915690000E+01 2.275200000E+01 3.996000000E+00
3.117899300E-01 2.927150000E+01 2.272900000E+01 3.977000000E+00
3.133488800E-01 2.938530000E+01 2.270700000E+01 3.957000000E+00
3.149156200E-01 2.949800000E+01 2.268400000E+01 3.937000000E+00
3.164902000E-01 2.960980000E+01 2.266100000E+01 3.917000000E+00
3.180726500E-01 2.972060000E+01 2.263800000E+01 3.898000000E+00
3.196630100E-01 2.983050000E+01 2.261400000E+01 3.879000000E+00
3.212613300E-01 2.993950000E+01 2.259000000E+01 3.859000000E+00
3.228676400E-01 3.004760000E+01 2.256600000E+01 3.840000000E+00
3.244819700E-01 3.015470000E+01 2.254100000E+01 3.821000000E+00
3.261043800E-01 3.026090000E+01 2.251600000E+01 3.802000000E+00
3.277349100E-01 3.036630000E+01 2.249100000E+01 3.783000000E+00
3.293735800E-01 3.047070000E+01 2.246600000E+01 3.764000000E+00
3.310204500E-01 3.057420000E+01 2.244000000E+01 3.746000000E+00
3.326755500E-01 3.067680000E+01 2.241400000E+01 3.727000000E+00
3.343389300E-01 3.077850000E+01 2.238800000E+01 3.708000000E+00
3.360106200E-01 3.087930000E+01 2.236200000E+01 3.690000000E+00
3.376906800E-01 3.097920000E+01 2.233500000E+01 3.672000000E+00
3.393791300E-01 3.107820000E+01 2.230800000E+01 3.653000000E+00
3.410760200E-01 3.117630000E+01 2.228100000E+01 3.635000000E+00
3.427814000E-01 3.127350000E+01 2.225400000E+01 3.617000000E+00
3.444953100E-01 3.136970000E+01 2.222600000E+01 3.599000000E+00
3.462177900E-01 3.146500000E+01 2.219900000E+01 3.581000000E+00
3.479488800E-01 3.155940000E+01 2.217100000E+01 3.563000000E+00
3.496886200E-01 3.165290000E+01 2.214300000E+01 3.546000000E+00
3.514370600E-01 3.174540000E+01 2.211400000E+01 3.528000000E+00
3.531942500E-01 3.183700000E+01 2.208600000E+01 3.510000000E+00
3.549602200E-01 3.192760000E+01 2.205700000E+01 3.493000000E+00
3.567350200E-01 3.201710000E+01 2.202900000E+01 3.476000000E+00
3.585187000E-01 3.210570000E+01 2.200000000E+01 3.458000000E+00
3.603112900E-01 3.219330000E+01 2.197100000E+01 3.441000000E+00
3.621128500E-01 3.227990000E+01 2.194100000E+01 3.424000000E+00
3.639234100E-01 3.236540000E+01 2.191200000E+01 3.407000000E+00
3.657430300E-01 3.244980000E+01 2.188200000E+01 3.390000000E+00
3.675717400E-01 3.253300000E+01 2.185300000E+01 3.373000000E+00
3.694096000E-01 3.261520000E+01 2.182300000E+01 3.356000000E+00
3.712566500E-01 3.269620000E+01 2.179300000E+01 3.340000000E+00
3.731129300E-01 3.277590000E+01 2.176300000E+01 3.323000000E+00
3.749785000E-01 3.285440000E+01 2.173300000E+01 3.306000000E+00
3.768533900E-01 3.293160000E+01 2.170300000E+01 3.290000000E+00
3.787376600E-01 3.300750000E+01 2.167300000E+01 3.274000000E+00
3.806313500E-01 3.308180000E+01 2.164200000E+01 3.257000000E+00
3.825345000E-01 3.315470000E+01 2.161200000E+01 3.241000000E+00
3.844471800E-01 3.322600000E+01 2.158100000E+01 3.225000000E+00
3.863694100E-01 3.329560000E+01 2.155100000E+01 3.209000000E+00
3.883012600E-01 3.336340000E+01 2.152000000E+01 3.193000000E+00
3.902427600E-01 3.342920000E+01 2.148900000E+01 3.177000000E+00
3.921939800E-01 3.349290000E+01 2.145900000E+01 3.161000000E+00
3.941549500E-01 3.355430000E+01 2.142800000E+01 3.146000000E+00
3.961257200E-01 3.361320000E+01 2.139700000E+01 3.130000000E+00
3.981063500E-01 3.366920000E+01 2.136600000E+01 3.114000000E+00
4.000968800E-01 3.372210000E+01 2.133500000E+01 3.099000000E+00
4.020973700E-01 3.377120000E+01 2.130400000E+01 3.083000000E+00
4.041078500E-01 3.381620000E+01 2.127300000E+01 3.068000000E+00
4.061283900E-01 3.385620000E+01 2.124200000E+01 3.053000000E+00
4.081590400E-01 3.389020000E+01 2.121100000E+01 3.038000000E+00
4.101998300E-01 3.391680000E+01 2.118000000E+01 3.023000000E+00
4.122508300E-01 3.393400000E+01 2.114900000E+01 3.007000000E+00
4.143120800E-01 3.393870000E+01 2.111800000E+01 2.993000000E+00
4.163836400E-01 3.392570000E+01 2.108700000E+01 2.978000000E+00
4.184655600E-01 3.388600000E+01 2.105500000E+01 2.963000000E+00
4.205578900E-01 3.379980000E+01 2.102400000E+01 2.948000000E+00
4.226606800E-01 3.361170000E+01 2.099300000E+01 2.933000000E+00
4.247739800E-01 3.295210000E+01 2.096200000E+01 2.919000000E+00
4.247768800E-01 3.294970000E+01 2.096200000E+01 2.919000000E+00
4.258231200E-01 3.298760000E+01 2.238400000E+01 2.912000000E+00
4.268978500E-01 3.353750000E+01 2.237000000E+01 2.904000000E+00
4.290323400E-01 3.400370000E+01 2.234300000E+01 2.890000000E+00
4.311775000E-01 3.428980000E+01 2.231500000E+01 2.875000000E+00
4.333333900E-01 3.451100000E+01 2.228800000E+01 2.861000000E+00
4.355000600E-01 3.469840000E+01 2.226000000E+01 2.847000000E+00
4.376775600E-01 3.486470000E+01 2.223200000E+01 2.833000000E+00
4.398659500E-01 3.501660000E+01 2.220500000E+01 2.819000000E+00
4.420652800E-01 3.515800000E+01 2.217700000E+01 2.805000000E+00
4.442756000E-01 3.529140000E+01 2.215000000E+01 2.791000000E+00
4.464969800E-01 3.541830000E+01 2.212200000E+01 2.777000000E+00
4.487294700E-01 3.553980000E+01 2.209500000E+01 2.763000000E+00
4.509731100E-01 3.565690000E+01 2.206700000E+01 2.749000000E+00
4.532279800E-01 3.577010000E+01 2.204000000E+01 2.736000000E+00
4.554941200E-01 3.587980000E+01 2.201200000E+01 2.722000000E+00
4.577715900E-01 3.598650000E+01 2.198500000E+01 2.708000000E+00
4.600604500E-01 3.609030000E+01 2.195700000E+01 2.695000000E+00
4.623607500E-01 3.619140000E+01 2.193000000E+01 2.682000000E+00
4.646725500E-01 3.628990000E+01 2.190200000E+01 2.668000000E+00
4.669959200E-01 3.638590000E+01 2.187500000E+01 2.655000000E+00
4.693309000E-01 3.647930000E+01 2.184700000E+01 2.642000000E+00
4.716775500E-01 3.657010000E+01 2.182000000E+01 2.629000000E+00
4.740359400E-01 3.665790000E+01 2.179300000E+01 2.616000000E+00
4.764061200E-01 3.674240000E+01 2.176500000E+01 2.602000000E+00
4.787881500E-01 3.682290000E+01 2.173700000E+01 2.590000000E+00
4.811820900E-01 3.689830000E+01 2.171000000E+01 2.577000000E+00
4.835880000E-01 3.696630000E+01 2.168200000E+01 2.564000000E+00
4.860059400E-01 3.702240000E+01 2.165500000E+01 2.551000000E+00
4.884359700E-01 3.705370000E+01 2.162700000E+01 2.538000000E+00
4.908781500E-01 3.698150000E+01 2.159900000E+01 2.526000000E+00
4.909216000E-01 3.697620000E+01 2.159900000E+01 2.526000000E+00
4.922784100E-01 3.702760000E+01 2.193700000E+01 2.519000000E+00
4.933325400E-01 3.717300000E+01 2.192600000E+01 2.513000000E+00
4.957992000E-01 3.736570000E+01 2.190000000E+01 2.501000000E+00
4.982782000E-01 3.751060000E+01 2.187400000E+01 2.488000000E+00
5.007695900E-01 3.763860000E+01 2.184800000E+01 2.476000000E+00
5.032734400E-01 3.775770000E+01 2.182200000E+01 2.464000000E+00
5.057898000E-01 3.787100000E+01 2.179600000E+01 2.451000000E+00
5.083187500E-01 3.798040000E+01 2.176900000E+01 2.439000000E+00
5.108603500E-01 3.808680000E+01 2.174300000E+01 2.427000000E+00
5.134146500E-01 3.819080000E+01 2.171700000E+01 2.415000000E+00
5.159817200E-01 3.829280000E+01 2.169000000E+01 2.403000000E+00
5.185616300E-01 3.839310000E+01 2.166400000E+01 2.391000000E+00
5.211544400E-01 3.849200000E+01 2.163700000E+01 2.379000000E+00
5.237602100E-01 3.858950000E+01 2.161000000E+01 2.367000000E+00
5.263790100E-01 3.868590000E+01 2.158300000E+01 2.355000000E+00
5.290109100E-01 3.878110000E+01 2.155700000E+01 2.344000000E+00
5.316559600E-01 3.887540000E+01 2.153000000E+01 2.332000000E+00
5.343142400E-01 3.896860000E+01 2.150300000E+01 2.320000000E+00
5.369858100E-01 3.906090000E+01 2.147600000E+01 2.309000000E+00
5.396707400E-01 3.915230000E+01 2.144800000E+01 2.297000000E+00
5.423691000E-01 3.924280000E+01 2.142100000E+01 2.286000000E+00
5.450809400E-01 3.933230000E+01 2.139400000E+01 2.275000000E+00
5.478063500E-01 3.942080000E+01 2.136600000E+01 2.263000000E+00
5.505453800E-01 3.950840000E+01 2.133800000E+01 2.252000000E+00
5.532981000E-01 3.959490000E+01 2.131100000E+01 2.241000000E+00
5.560646000E-01 3.968030000E+01 2.128300000E+01 2.230000000E+00
5.588449200E-01 3.976450000E+01 2.125500000E+01 2.219000000E+00
5.616391400E-01 3.984730000E+01 2.122700000E+01 2.208000000E+00
5.644473400E-01 3.992860000E+01 2.119800000E+01 2.197000000E+00
5.672695800E-01 4.000820000E+01 2.117000000E+01 2.186000000E+00
5.701059200E-01 4.008560000E+01 2.114100000E+01 2.175000000E+00
5.729564500E-01 4.016050000E+01 2.111300000E+01 2.164000000E+00
5.758212300E-01 4.023230000E+01 2.108400000E+01 2.153000000E+00
5.787003400E-01 4.029980000E+01 2.105500000E+01 2.142000000E+00
5.815938400E-01 4.036160000E+01 2.102600000E+01 2.132000000E+00
5.845018100E-01 4.041490000E+01 2.099700000E+01 2.121000000E+00
5.874243200E-01 4.045420000E+01 2.096700000E+01 2.111000000E+00
5.903614400E-01 4.046540000E+01 2.093700000E+01 2.100000000E+00
5.933132500E-01 4.038800000E+01 2.090800000E+01 2.090000000E+00
5.941075300E-01 4.030520000E+01 2.090000000E+01 2.087000000E+00
5.958925300E-01 4.036160000E+01 2.141400000E+01 2.081000000E+00
5.962798200E-01 4.043480000E+01 2.141100000E+01 2.079000000E+00
5.992612200E-01 4.073260000E+01 2.138100000E+01 2.069000000E+00
6.022575200E-01 4.091690000E+01 2.135200000E+01 2.059000000E+00
6.052688100E-01 4.106980000E+01 2.132200000E+01 2.048000000E+00
6.082951500E-01 4.120780000E+01 2.129200000E+01 2.038000000E+00
6.113366300E-01 4.133690000E+01 2.126200000E+01 2.028000000E+00
6.143933100E-01 4.146020000E+01 2.123200000E+01 2.018000000E+00
6.174652800E-01 4.157950000E+01 2.120200000E+01 2.008000000E+00
6.205526000E-01 4.169560000E+01 2.117100000E+01 1.998000000E+00
6.236553700E-01 4.180950000E+01 2.114100000E+01 1.988000000E+00
6.267736400E-01 4.192150000E+01 2.111000000E+01 1.978000000E+00
6.299075100E-01 4.203200000E+01 2.107900000E+01 1.968000000E+00
6.330570500E-01 4.214160000E+01 2.103600000E+01 1.959000000E+00
6.362223400E-01 4.224960000E+01 2.098700000E+01 1.949000000E+00
6.394034500E-01 4.235600000E+01 2.093700000E+01 1.939000000E+00
6.426004600E-01 4.246100000E+01 2.088800000E+01 1.929000000E+00
6.458134700E-01 4.256460000E+01 2.083900000E+01 1.920000000E+00
6.490425300E-01 4.266700000E+01 2.078900000E+01 1.910000000E+00
6.522877500E-01 4.276820000E+01 2.074000000E+01 1.901000000E+00
6.555491900E-01 4.286840000E+01 2.069000000E+01 1.891000000E+00
6.588269300E-01 4.296760000E+01 2.064000000E+01 1.882000000E+00
6.621210700E-01 4.306580000E+01 2.059000000E+01 1.873000000E+00
6.654316700E-01 4.316310000E+01 2.054000000E+01 1.863000000E+00
6.687588300E-01 4.325950000E+01 2.049000000E+01 1.854000000E+00
6.721026200E-01 4.335520000E+01 2.043900000E+01 1.845000000E+00
6.754631400E-01 4.345000000E+01 2.038900000E+01 1.836000000E+00
6.788404500E-01 4.354410000E+01 2.033800000E+01 1.826000000E+00
6.822346600E-01 4.363750000E+01 2.028700000E+01 1.817000000E+00
6.856458300E-01 4.373030000E+01 2.023500000E+01 1.808000000E+00
6.890740600E-01 4.382250000E+01 2.017200000E+01 1.799000000E+00
6.925194300E-01 4.391360000E+01 2.010900000E+01 1.790000000E+00
6.959820200E-01 4.400350000E+01 2.004600000E+01 1.781000000E+00
6.994619400E-01 4.409240000E+01 1.998300000E+01 1.773000000E+00
7.029592400E-01 4.418020000E+01 1.992000000E+01 1.764000000E+00
7.064740400E-01 4.426700000E+01 1.985700000E+01 1.755000000E+00
7.100064100E-01 4.435290000E+01 1.979400000E+01 1.746000000E+00
7.135564400E-01 4.443780000E+01 1.973000000E+01 1.738000000E+00
7.171242300E-01 4.452180000E+01 1.966700000E+01 1.729000000E+00
7.207098500E-01 4.460480000E+01 1.960300000E+01 1.720000000E+00
7.243134000E-01 4.468670000E+01 1.953800000E+01 1.712000000E+00
7.279349600E-01 4.476760000E+01 1.947400000E+01 1.703000000E+00
7.315746400E-01 4.484740000E+01 1.940900000E+01 1.695000000E+00
7.352325100E-01 4.492620000E+01 1.934400000E+01 1.686000000E+00
7.389086700E-01 4.501870000E+01 1.927900000E+01 1.678000000E+00
7.426032200E-01 4.509570000E+01 1.921400000E+01 1.670000000E+00
7.463162300E-01 4.517180000E+01 1.914900000E+01 1.661000000E+00
7.500478100E-01 4.524690000E+01 1.908400000E+01 1.653000000E+00
7.537980500E-01 4.532110000E+01 1.901900000E+01 1.645000000E+00
7.575670400E-01 4.539440000E+01 1.895400000E+01 1.637000000E+00
7.613548800E-01 4.546670000E+01 1.888900000E+01 1.628000000E+00
7.651616500E-01 4.553820000E+01 1.882300000E+01 1.620000000E+00
7.689874600E-01 4.560880000E+01 1.875800000E+01 1.612000000E+00
7.728324000E-01 4.567860000E+01 1.869300000E+01 1.604000000E+00
7.766965600E-01 4.575860000E+01 1.862800000E+01 1.596000000E+00
7.805800400E-01 4.582680000E+01 1.856200000E+01 1.588000000E+00
7.844829400E-01 4.589410000E+01 1.849700000E+01 1.580000000E+00
7.884053600E-01 4.596060000E+01 1.843200000E+01 1.573000000E+00
7.923473800E-01 4.602630000E+01 1.836600000E+01 1.565000000E+00
7.963091200E-01 4.609120000E+01 1.830100000E+01 1.557000000E+00
8.002906700E-01 4.615530000E+01 1.823600000E+01 1.549000000E+00
8.042921200E-01 4.621860000E+01 1.817000000E+01 1.542000000E+00
8.083135800E-01 4.628110000E+01 1.810500000E+01 1.534000000E+00
8.123551500E-01 4.634280000E+01 1.804000000E+01 1.526000000E+00
8.164169300E-01 4.640380000E+01 1.797500000E+01 1.519000000E+00
8.204990100E-01 4.646400000E+01 1.790900000E+01 1.511000000E+00
8.246015000E-01 4.652350000E+01 1.784400000E+01 1.504000000E+00
8.287245100E-01 4.658230000E+01 1.777900000E+01 1.496000000E+00
8.328681300E-01 4.664030000E+01 1.771300000E+01 1.489000000E+00
8.370324800E-01 4.669750000E+01 1.764800000E+01 1.481000000E+00
8.412176400E-01 4.675390000E+01 1.758200000E+01 1.474000000E+00
8.454237300E-01 4.680960000E+01 1.751700000E+01 1.467000000E+00
8.496508400E-01 4.686450000E+01 1.745100000E+01 1.459000000E+00
8.538991000E-01 4.691870000E+01 1.738600000E+01 1.452000000E+00
8.581685900E-01 4.697210000E+01 1.732000000E+01 1.445000000E+00
8.624594400E-01 4.702470000E+01 1.725500000E+01 1.438000000E+00
8.667717300E-01 4.707670000E+01 1.719000000E+01 1.430000000E+00
8.711055900E-01 4.712790000E+01 1.712400000E+01 1.423000000E+00
8.754611200E-01 4.717840000E+01 1.705900000E+01 1.416000000E+00
8.798384300E-01 4.722810000E+01 1.699400000E+01 1.409000000E+00
8.842376200E-01 4.727720000E+01 1.692900000E+01 1.402000000E+00
8.886588100E-01 4.732560000E+01 1.686400000E+01 1.395000000E+00
8.931021000E-01 4.737330000E+01 1.679900000E+01 1.388000000E+00
8.975676100E-01 4.742030000E+01 1.673400000E+01 1.381000000E+00
9.020554500E-01 4.746660000E+01 1.666900000E+01 1.374000000E+00
9.065657300E-01 4.751220000E+01 1.660500000E+01 1.368000000E+00
9.110985600E-01 4.755720000E+01 1.654000000E+01 1.361000000E+00
9.156540500E-01 4.760160000E+01 1.647500000E+01 1.354000000E+00
9.202323200E-01 4.764530000E+01 1.641100000E+01 1.347000000E+00
9.248334800E-01 4.768840000E+01 1.634600000E+01 1.341000000E+00
9.294576500E-01 4.773090000E+01 1.628200000E+01 1.334000000E+00
9.341049400E-01 4.777270000E+01 1.621800000E+01 1.327000000E+00
9.387754600E-01 4.781400000E+01 1.615400000E+01 1.321000000E+00
9.434693400E-01 4.785470000E+01 1.609000000E+01 1.314000000E+00
9.481866800E-01 4.789480000E+01 1.602600000E+01 1.308000000E+00
9.529276200E-01 4.793440000E+01 1.596200000E+01 1.301000000E+00
9.576922600E-01 4.797350000E+01 1.589900000E+01 1.295000000E+00
9.624807200E-01 4.801210000E+01 1.583500000E+01 1.288000000E+00
9.672931200E-01 4.805020000E+01 1.577200000E+01 1.282000000E+00
9.721295900E-01 4.808780000E+01 1.570900000E+01 1.275000000E+00
9.769902300E-01 4.812500000E+01 1.564600000E+01 1.269000000E+00
9.818751900E-01 4.816180000E+01 1.558300000E+01 1.263000000E+00
9.867845600E-01 4.819830000E+01 1.552000000E+01 1.256000000E+00
9.917184800E-01 4.823450000E+01 1.545700000E+01 1.250000000E+00
9.966770800E-01 4.827040000E+01 1.539500000E+01 1.244000000E+00
1.001660500E+00 4.867470000E+01 1.532100000E+01 1.238000000E+00
1.006668800E+00 4.875290000E+01 1.522600000E+01 1.232000000E+00
1.011702100E+00 4.880780000E+01 1.513100000E+01 1.226000000E+00
1.016760600E+00 4.885580000E+01 1.503800000E+01 1.219000000E+00
1.021844400E+00 4.889860000E+01 1.494400000E+01 1.213000000E+00
1.026953600E+00 4.893730000E+01 1.485200000E+01 1.207000000E+00
1.032088400E+00 4.897220000E+01 1.476000000E+01 1.201000000E+00
1.037248900E+00 4.900390000E+01 1.466700000E+01 1.195000000E+00
1.042435100E+00 4.903200000E+01 1.456900000E+01 1.189000000E+00
1.047647300E+00 4.905680000E+01 1.447300000E+01 1.183000000E+00
1.052885500E+00 4.907860000E+01 1.437700000E+01 1.178000000E+00
1.058149900E+00 4.909750000E+01 1.428200000E+01 1.172000000E+00
1.063440700E+00 4.911370000E+01 1.418800000E+01 1.166000000E+00
1.068757900E+00 4.912730000E+01 1.409500000E+01 1.160000000E+00
1.074101700E+00 4.913850000E+01 1.400300000E+01 1.154000000E+00
1.079472200E+00 4.914740000E+01 1.391100000E+01 1.149000000E+00
1.084869500E+00 4.915400000E+01 1.382100000E+01 1.143000000E+00
1.090293900E+00 4.915850000E+01 1.373100000E+01 1.137000000E+00
1.095745400E+00 4.916090000E+01 1.364200000E+01 1.132000000E+00
1.101224100E+00 4.916140000E+01 1.355300000E+01 1.126000000E+00
1.106730200E+00 4.915990000E+01 1.346600000E+01 1.120000000E+00
1.112263900E+00 4.915660000E+01 1.337900000E+01 1.115000000E+00
1.117825200E+00 4.915140000E+01 1.329300000E+01 1.109000000E+00
1.123414300E+00 4.914440000E+01 1.320700000E+01 1.104000000E+00
1.129031400E+00 4.913570000E+01 1.312300000E+01 1.098000000E+00
1.134676500E+00 4.912520000E+01 1.303900000E+01 1.093000000E+00
1.140349900E+00 4.911310000E+01 1.295600000E+01 1.087000000E+00
1.146051700E+00 4.909930000E+01 1.287300000E+01 1.082000000E+00
1.151781900E+00 4.908380000E+01 1.279200000E+01 1.076000000E+00
1.157540800E+00 4.906680000E+01 1.271100000E+01 1.071000000E+00
1.163328500E+00 4.904810000E+01 1.263000000E+01 1.066000000E+00
1.169145200E+00 4.902780000E+01 1.255100000E+01 1.060000000E+00
1.174990900E+00 4.900600000E+01 1.247200000E+01 1.055000000E+00
1.180865900E+00 4.898250000E+01 1.239400000E+01 1.050000000E+00
1.186770200E+00 4.895750000E+01 1.231600000E+01 1.045000000E+00
1.192704000E+00 4.893090000E+01 1.223900000E+01 1.040000000E+00
1.198667600E+00 4.890270000E+01 1.216300000E+01 1.034000000E+00
1.204660900E+00 4.887300000E+01 1.208700000E+01 1.029000000E+00
1.210684200E+00 4.884170000E+01 1.201200000E+01 1.024000000E+00
1.216737600E+00 4.880880000E+01 1.193800000E+01 1.019000000E+00
1.222821300E+00 4.877430000E+01 1.186400000E+01 1.014000000E+00
1.228935400E+00 4.873820000E+01 1.179100000E+01 1.009000000E+00
1.235080100E+00 4.870050000E+01 1.171900000E+01 1.004000000E+00
1.241255500E+00 4.866110000E+01 1.164700000E+01 9.989000000E-01
1.247461800E+00 4.862010000E+01 1.157600000E+01 9.939000000E-01
1.253699100E+00 4.857750000E+01 1.150500000E+01 9.889000000E-01
1.259967600E+00 4.853320000E+01 1.143500000E+01 9.840000000E-01
1.266267400E+00 4.848710000E+01 1.136500000E+01 9.791000000E-01
1.272598800E+00 4.843940000E+01 1.129700000E+01 9.743000000E-01
1.278961800E+00 4.839200000E+01 1.122800000E+01 9.694000000E-01
1.285356600E+00 4.834070000E+01 1.116100000E+01 9.646000000E-01
1.291783300E+00 4.828760000E+01 1.109300000E+01 9.598000000E-01
1.298242300E+00 4.823260000E+01 1.102700000E+01 9.550000000E-01
1.304733500E+00 4.817570000E+01 1.096100000E+01 9.503000000E-01
1.311257100E+00 4.811700000E+01 1.089500000E+01 9.455000000E-01
1.317813400E+00 4.805620000E+01 1.083000000E+01 9.408000000E-01
1.324402500E+00 4.799340000E+01 1.076600000E+01 9.362000000E-01
1.331024500E+00 4.792860000E+01 1.070200000E+01 9.315000000E-01
1.337679600E+00 4.786170000E+01 1.063800000E+01 9.269000000E-01
1.344368000E+00 4.779260000E+01 1.057500000E+01 9.222000000E-01
1.351089900E+00 4.772130000E+01 1.051300000E+01 9.177000000E-01
1.357845300E+00 4.764770000E+01 1.045100000E+01 9.131000000E-01
1.364634500E+00 4.757170000E+01 1.039000000E+01 9.086000000E-01
1.371457700E+00 4.749340000E+01 1.032900000E+01 9.040000000E-01
1.378315000E+00 4.741250000E+01 1.026900000E+01 8.995000000E-01
1.385206600E+00 4.732910000E+01 1.020900000E+01 8.951000000E-01
1.392132600E+00 4.724300000E+01 1.014900000E+01 8.906000000E-01
1.399093300E+00 4.715420000E+01 1.009100000E+01 8.862000000E-01
1.406088700E+00 4.706250000E+01 1.003200000E+01 8.818000000E-01
1.413119200E+00 4.696790000E+01 9.974200000E+00 8.774000000E-01
1.420184800E+00 4.687020000E+01 9.916800000E+00 8.730000000E-01
1.427285700E+00 4.676930000E+01 9.859800000E+00 8.687000000E-01
1.434422100E+00 4.666520000E+01 9.803200000E+00 8.643000000E-01
1.441594200E+00 4.655760000E+01 9.747100000E+00 8.600000000E-01
1.448802200E+00 4.644650000E+01 9.691500000E+00 8.558000000E-01
1.456046200E+00 4.633160000E+01 9.636200000E+00 8.515000000E-01
1.463326500E+00 4.621290000E+01 9.581400000E+00 8.473000000E-01
1.470643100E+00 4.609010000E+01 9.527000000E+00 8.431000000E-01
1.477996300E+00 4.596540000E+01 9.473000000E+00 8.389000000E-01
1.485386300E+00 4.583390000E+01 9.419500000E+00 8.347000000E-01
1.492813200E+00 4.569780000E+01 9.366400000E+00 8.305000000E-01
1.500277300E+00 4.555670000E+01 9.313700000E+00 8.264000000E-01
1.507778700E+00 4.541050000E+01 9.261500000E+00 8.223000000E-01
1.515317600E+00 4.525880000E+01 9.209600000E+00 8.182000000E-01
1.522894200E+00 4.510130000E+01 9.158200000E+00 8.141000000E-01
1.530508600E+00 4.493780000E+01 9.107200000E+00 8.101000000E-01
1.538161200E+00 4.476790000E+01 9.056500000E+00 8.061000000E-01
1.545852000E+00 4.459110000E+01 9.006300000E+00 8.020000000E-01
1.553581200E+00 4.440710000E+01 8.956500000E+00 7.981000000E-01
1.561349100E+00 4.421540000E+01 8.907000000E+00 7.941000000E-01
1.569155900E+00 4.401540000E+01 8.858000000E+00 7.901000000E-01
1.577001700E+00 4.380660000E+01 8.809300000E+00 7.862000000E-01
1.584886700E+00 4.358840000E+01 8.761000000E+00 7.823000000E-01
1.592811100E+00 4.336000000E+01 8.713100000E+00 7.784000000E-01
1.600775200E+00 4.312070000E+01 8.665500000E+00 7.745000000E-01
1.608779000E+00 4.286950000E+01 8.618300000E+00 7.707000000E-01
1.616822900E+00 4.260550000E+01 8.571500000E+00 7.668000000E-01
1.624907000E+00 4.232760000E+01 8.525000000E+00 7.630000000E-01
1.633031600E+00 4.203440000E+01 8.478900000E+00 7.592000000E-01
1.641196700E+00 4.172440000E+01 8.433200000E+00 7.555000000E-01
1.649402700E+00 4.139610000E+01 8.387800000E+00 7.517000000E-01
1.657649700E+00 4.104740000E+01 8.342800000E+00 7.480000000E-01
1.665938000E+00 4.067590000E+01 8.298100000E+00 7.442000000E-01
1.674267700E+00 4.027910000E+01 8.253700000E+00 7.405000000E-01
1.682639000E+00 3.985360000E+01 8.209700000E+00 7.368000000E-01
1.691052200E+00 3.939560000E+01 8.166000000E+00 7.332000000E-01
1.699507500E+00 3.890030000E+01 8.122700000E+00 7.295000000E-01
1.708005000E+00 3.836170000E+01 8.078100000E+00 7.259000000E-01
1.716545000E+00 3.777230000E+01 8.033400000E+00 7.223000000E-01
1.725127800E+00 3.712250000E+01 7.989000000E+00 7.187000000E-01
1.733753400E+00 3.639980000E+01 7.945000000E+00 7.151000000E-01
1.742422200E+00 3.558690000E+01 7.901400000E+00 7.116000000E-01
1.751134300E+00 3.465970000E+01 7.858000000E+00 7.080000000E-01
1.759889900E+00 3.358230000E+01 7.815000000E+00 7.045000000E-01
1.768689400E+00 3.229810000E+01 7.772300000E+00 7.010000000E-01
1.777532800E+00 3.070910000E+01 7.729900000E+00 6.975000000E-01
1.786420500E+00 2.862180000E+01 7.687800000E+00 6.940000000E-01
1.795352600E+00 2.554100000E+01 7.646000000E+00 6.906000000E-01
1.804329400E+00 1.929520000E+01 7.604600000E+00 6.871000000E-01
1.808849100E+00 4.066740000E+00 7.583900000E+00 6.854000000E-01
1.809551000E+00 3.748690000E+00 2.562600000E+01 6.852000000E-01
1.813351000E+00 1.783050000E+01 2.554900000E+01 6.837000000E-01
1.822417800E+00 2.408260000E+01 2.536900000E+01 6.803000000E-01
1.831529900E+00 2.652640000E+01 2.518900000E+01 6.769000000E-01
1.840687500E+00 2.771070000E+01 2.501100000E+01 6.736000000E-01
1.849890900E+00 2.803110000E+01 2.483500000E+01 6.702000000E-01
1.859140400E+00 2.729130000E+01 2.465900000E+01 6.669000000E-01
1.868436100E+00 2.328270000E+01 2.448500000E+01 6.636000000E-01
1.870939400E+00 1.765450000E+01 2.443900000E+01 6.627000000E-01
1.872260700E+00 1.761370000E+01 3.629800000E+01 6.622000000E-01
1.877778300E+00 2.668170000E+01 3.614400000E+01 6.603000000E-01
1.887167200E+00 3.108550000E+01 3.588400000E+01 6.570000000E-01
1.896603000E+00 3.367800000E+01 3.562500000E+01 6.537000000E-01
1.906086000E+00 3.561130000E+01 3.536900000E+01 6.505000000E-01
1.915616500E+00 3.718380000E+01 3.511500000E+01 6.472000000E-01
1.925194500E+00 3.852160000E+01 3.486200000E+01 6.440000000E-01
1.934820500E+00 3.969130000E+01 3.461200000E+01 6.408000000E-01
1.944494600E+00 4.073280000E+01 3.436300000E+01 6.376000000E-01
1.954217100E+00 4.167260000E+01 3.411700000E+01 6.344000000E-01
1.963988200E+00 4.252890000E+01 3.387200000E+01 6.313000000E-01
1.973808100E+00 4.331500000E+01 3.362800000E+01 6.281000000E-01
1.983677200E+00 4.404100000E+01 3.338600000E+01 6.250000000E-01
1.993595500E+00 4.471460000E+01 3.314600000E+01 6.219000000E-01
2.003563500E+00 4.534190000E+01 3.290700000E+01 6.188000000E-01
2.013581300E+00 4.592810000E+01 3.267000000E+01 6.157000000E-01
2.023649200E+00 4.647710000E+01 3.243600000E+01 6.127000000E-01
2.033767500E+00 4.699220000E+01 3.220200000E+01 6.096000000E-01
2.043936300E+00 4.747620000E+01 3.197100000E+01 6.066000000E-01
2.054156000E+00 4.793140000E+01 3.174200000E+01 6.036000000E-01
2.064426800E+00 4.835970000E+01 3.151400000E+01 6.006000000E-01
2.074748900E+00 4.876270000E+01 3.128800000E+01 5.976000000E-01
2.085122700E+00 4.914170000E+01 3.106300000E+01 5.946000000E-01
2.095548300E+00 4.949770000E+01 3.084000000E+01 5.917000000E-01
2.106026000E+00 4.983140000E+01 3.061900000E+01 5.887000000E-01
2.116556200E+00 5.014330000E+01 3.040000000E+01 5.858000000E-01
2.127138900E+00 5.043380000E+01 3.018200000E+01 5.829000000E-01
2.137774600E+00 5.070270000E+01 2.996600000E+01 5.800000000E-01
2.148463500E+00 5.094980000E+01 2.975200000E+01 5.771000000E-01
2.159205800E+00 5.117430000E+01 2.953900000E+01 5.742000000E-01
2.170001800E+00 5.137490000E+01 2.932800000E+01 5.714000000E-01
2.180851900E+00 5.154960000E+01 2.911800000E+01 5.685000000E-01
2.191756100E+00 5.169570000E+01 2.891000000E+01 5.657000000E-01
2.202714900E+00 5.180860000E+01 2.870400000E+01 5.629000000E-01
2.213728500E+00 5.188170000E+01 2.849900000E+01 5.601000000E-01
2.224797100E+00 5.190410000E+01 2.829600000E+01 5.573000000E-01
2.235921100E+00 5.185730000E+01 2.809400000E+01 5.545000000E-01
2.247100700E+00 5.170610000E+01 2.789300000E+01 5.518000000E-01
2.258336200E+00 5.137040000E+01 2.769500000E+01 5.490000000E-01
2.269627900E+00 5.059320000E+01 2.749700000E+01 5.463000000E-01
2.278650500E+00 4.839820000E+01 2.734100000E+01 5.441000000E-01
2.280976000E+00 4.139170000E+01 2.730100000E+01 5.436000000E-01
2.283349300E+00 4.844490000E+01 3.209000000E+01 5.430000000E-01
2.292380900E+00 5.110100000E+01 3.189100000E+01 5.409000000E-01
2.303842800E+00 5.243270000E+01 3.164100000E+01 5.382000000E-01
2.315362000E+00 5.330170000E+01 3.139300000E+01 5.355000000E-01
2.326938800E+00 5.397440000E+01 3.114800000E+01 5.328000000E-01
2.338573500E+00 5.453460000E+01 3.090400000E+01 5.302000000E-01
2.350266400E+00 5.501990000E+01 3.066300000E+01 5.275000000E-01
2.362017700E+00 5.544890000E+01 3.041700000E+01 5.249000000E-01
2.373827800E+00 5.583170000E+01 3.017200000E+01 5.223000000E-01
2.385697000E+00 5.617490000E+01 2.992900000E+01 5.197000000E-01
2.397625400E+00 5.648130000E+01 2.969600000E+01 5.171000000E-01
2.409613600E+00 5.676570000E+01 2.948100000E+01 5.145000000E-01
2.421661600E+00 5.703270000E+01 2.927000000E+01 5.120000000E-01
2.433769900E+00 5.728250000E+01 2.906100000E+01 5.094000000E-01
2.445938800E+00 5.751450000E+01 2.885000000E+01 5.069000000E-01
2.458168500E+00 5.772860000E+01 2.864200000E+01 5.044000000E-01
2.470459300E+00 5.792460000E+01 2.843600000E+01 5.019000000E-01
2.482811600E+00 5.810170000E+01 2.823300000E+01 4.994000000E-01
2.495225700E+00 5.825840000E+01 2.803300000E+01 4.969000000E-01
2.507701800E+00 5.839150000E+01 2.783500000E+01 4.944000000E-01
2.520240300E+00 5.849540000E+01 2.763900000E+01 4.920000000E-01
2.532841500E+00 5.855910000E+01 2.744500000E+01 4.895000000E-01
2.545505700E+00 5.855920000E+01 2.725300000E+01 4.871000000E-01
2.558233300E+00 5.842890000E+01 2.706400000E+01 4.846000000E-01
2.571024400E+00 5.775970000E+01 2.687600000E+01 4.822000000E-01
2.571655500E+00 5.766290000E+01 2.686700000E+01 4.821000000E-01
2.578144300E+00 5.774380000E+01 2.866500000E+01 4.809000000E-01
2.583879600E+00 5.845150000E+01 2.857100000E+01 4.798000000E-01
2.596799000E+00 5.918450000E+01 2.836200000E+01 4.775000000E-01
2.609782900E+00 5.964780000E+01 2.815400000E+01 4.751000000E-01
2.622831900E+00 6.001170000E+01 2.794900000E+01 4.727000000E-01
2.635946000E+00 6.032020000E+01 2.774500000E+01 4.704000000E-01
2.649125700E+00 6.059170000E+01 2.754400000E+01 4.680000000E-01
2.662371400E+00 6.083520000E+01 2.734400000E+01 4.657000000E-01
2.675683200E+00 6.105550000E+01 2.714600000E+01 4.634000000E-01
2.689061700E+00 6.125490000E+01 2.695000000E+01 4.611000000E-01
2.702507000E+00 6.143370000E+01 2.675600000E+01 4.588000000E-01
2.716019500E+00 6.159630000E+01 2.657800000E+01 4.565000000E-01
2.729599600E+00 6.174700000E+01 2.640200000E+01 4.542000000E-01
2.743247600E+00 6.188340000E+01 2.622800000E+01 4.520000000E-01
2.756963800E+00 6.200230000E+01 2.605700000E+01 4.497000000E-01
2.770748600E+00 6.209820000E+01 2.588800000E+01 4.475000000E-01
2.784602400E+00 6.215900000E+01 2.572000000E+01 4.452000000E-01
2.798525400E+00 6.215310000E+01 2.555400000E+01 4.430000000E-01
2.812518000E+00 6.193240000E+01 2.539000000E+01 4.408000000E-01
2.814045500E+00 6.186320000E+01 2.537300000E+01 4.406000000E-01
2.825154700E+00 6.199170000E+01 2.638300000E+01 4.389000000E-01
2.826580600E+00 6.209190000E+01 2.636600000E+01 4.386000000E-01
2.840713500E+00 6.266190000E+01 2.620100000E+01 4.365000000E-01
2.854917100E+00 6.301330000E+01 2.603800000E+01 4.343000000E-01
2.869191700E+00 6.329800000E+01 2.587600000E+01 4.321000000E-01
2.883537600E+00 6.354900000E+01 2.571500000E+01 4.300000000E-01
2.897955300E+00 6.377920000E+01 2.555600000E+01 4.278000000E-01
2.912445100E+00 6.399490000E+01 2.539700000E+01 4.257000000E-01
2.927007300E+00 6.420010000E+01 2.523900000E+01 4.236000000E-01
2.941642400E+00 6.439720000E+01 2.508200000E+01 4.215000000E-01
2.956350600E+00 6.458790000E+01 2.492600000E+01 4.194000000E-01
2.971132300E+00 6.477450000E+01 2.477200000E+01 4.173000000E-01
2.985988000E+00 6.496100000E+01 2.461900000E+01 4.152000000E-01
3.000917900E+00 6.515490000E+01 2.446600000E+01 4.132000000E-01
3.015922500E+00 6.531590000E+01 2.429100000E+01 4.111000000E-01
3.031002100E+00 6.547080000E+01 2.411700000E+01 4.091000000E-01
3.046157100E+00 6.562030000E+01 2.394400000E+01 4.070000000E-01
3.061387900E+00 6.576470000E+01 2.377300000E+01 4.050000000E-01
3.076694900E+00 6.590450000E+01 2.360300000E+01 4.030000000E-01
3.092078300E+00 6.604000000E+01 2.343400000E+01 4.010000000E-01
3.107538700E+00 6.617140000E+01 2.326600000E+01 3.990000000E-01
3.123076400E+00 6.629900000E+01 2.309900000E+01 3.970000000E-01
3.138691800E+00 6.642310000E+01 2.293400000E+01 3.950000000E-01
3.154385300E+00 6.654370000E+01 2.276900000E+01 3.931000000E-01
3.170157200E+00 6.666100000E+01 2.260600000E+01 3.911000000E-01
3.186008000E+00 6.677520000E+01 2.244400000E+01 3.892000000E-01
3.201938000E+00 6.688640000E+01 2.228300000E+01 3.872000000E-01
3.217947700E+00 6.699480000E+01 2.212300000E+01 3.853000000E-01
3.234037400E+00 6.710040000E+01 2.196400000E+01 3.834000000E-01
3.250207600E+00 6.720330000E+01 2.180700000E+01 3.815000000E-01
3.266458700E+00 6.730370000E+01 2.165000000E+01 3.796000000E-01
3.282791000E+00 6.740170000E+01 2.149500000E+01 3.777000000E-01
3.299204900E+00 6.749730000E+01 2.134000000E+01 3.758000000E-01
3.315700900E+00 6.759060000E+01 2.118700000E+01 3.739000000E-01
3.332279400E+00 6.768190000E+01 2.103500000E+01 3.721000000E-01
3.348940800E+00 6.777110000E+01 2.088400000E+01 3.702000000E-01
3.365685600E+00 6.785810000E+01 2.073300000E+01 3.684000000E-01
3.382514000E+00 6.794290000E+01 2.058300000E+01 3.665000000E-01
3.399426500E+00 6.802550000E+01 2.043400000E+01 3.647000000E-01
3.416423700E+00 6.810620000E+01 2.028600000E+01 3.629000000E-01
3.433505800E+00 6.818490000E+01 2.014000000E+01 3.611000000E-01
3.450673300E+00 6.826170000E+01 1.999400000E+01 3.593000000E-01
3.467926700E+00 6.833680000E+01 1.985000000E+01 3.575000000E-01
3.485266300E+00 6.841020000E+01 1.970700000E+01 3.557000000E-01
3.502692700E+00 6.848190000E+01 1.956500000E+01 3.540000000E-01
3.520206100E+00 6.855210000E+01 1.942400000E+01 3.522000000E-01
3.537807200E+00 6.862080000E+01 1.928400000E+01 3.505000000E-01
3.555496200E+00 6.868800000E+01 1.914500000E+01 3.487000000E-01
3.573273700E+00 6.875380000E+01 1.900700000E+01 3.470000000E-01
3.591140000E+00 6.881840000E+01 1.887100000E+01 3.453000000E-01
3.609095700E+00 6.888170000E+01 1.873500000E+01 3.435000000E-01
3.627141200E+00 6.914740000E+01 1.859700000E+01 3.418000000E-01
3.645276900E+00 6.920840000E+01 1.845600000E+01 3.401000000E-01
3.663503300E+00 6.926740000E+01 1.831600000E+01 3.384000000E-01
3.681820800E+00 6.932440000E+01 1.817700000E+01 3.367000000E-01
3.700229900E+00 6.937980000E+01 1.804000000E+01 3.351000000E-01
3.718731100E+00 6.943340000E+01 1.790400000E+01 3.334000000E-01
3.737324700E+00 6.948550000E+01 1.776900000E+01 3.317000000E-01
3.756011400E+00 6.967690000E+01 1.763100000E+01 3.301000000E-01
3.774791400E+00 6.972590000E+01 1.749300000E+01 3.285000000E-01
3.793665400E+00 6.977300000E+01 1.735700000E+01 3.268000000E-01
3.812633700E+00 6.981830000E+01 1.722200000E+01 3.252000000E-01
3.831696900E+00 6.986180000E+01 1.708800000E+01 3.236000000E-01
3.850855400E+00 6.990370000E+01 1.695500000E+01 3.220000000E-01
3.870109600E+00 6.994410000E+01 1.682300000E+01 3.204000000E-01
3.889460200E+00 6.998290000E+01 1.669300000E+01 3.188000000E-01
3.908907500E+00 7.002040000E+01 1.656400000E+01 3.172000000E-01
3.928452000E+00 7.005650000E+01 1.643600000E+01 3.156000000E-01
3.948094300E+00 7.009130000E+01 1.630900000E+01 3.140000000E-01
3.967834700E+00 7.012480000E+01 1.618400000E+01 3.125000000E-01
3.987673900E+00 7.015710000E+01 1.606000000E+01 3.109000000E-01
4.055024000E+00 7.063130000E+01 1.565000000E+01 3.058000000E-01
4.334821000E+00 7.086970000E+01 1.413900000E+01 2.860000000E-01
4.633924000E+00 7.111220000E+01 1.278400000E+01 2.676000000E-01
4.953664000E+00 7.114750000E+01 1.152600000E+01 2.503000000E-01
5.295467000E+00 7.114500000E+01 1.039200000E+01 2.341000000E-01
5.660855000E+00 7.104040000E+01 9.369700000E+00 2.190000000E-01
6.051453000E+00 7.085460000E+01 8.451600000E+00 2.049000000E-01
6.469004000E+00 7.061200000E+01 7.634700000E+00 1.917000000E-01
6.915365000E+00 7.031570000E+01 6.906800000E+00 1.793000000E-01
7.392525000E+00 6.995890000E+01 6.257400000E+00 1.677000000E-01
7.902609000E+00 6.952210000E+01 5.675200000E+00 1.569000000E-01
8.447890000E+00 6.895130000E+01 5.132000000E+00 1.468000000E-01
9.030794000E+00 6.812930000E+01 4.628300000E+00 1.373000000E-01
9.653919000E+00 6.655920000E+01 4.126800000E+00 1.284000000E-01
1.000266000E+01 6.450330000E+01 3.882300000E+00 1.240000000E-01
1.015577000E+01 6.163460000E+01 3.780200000E+00 1.221000000E-01
1.019659000E+01 5.825550000E+01 3.753800000E+00 1.216000000E-01
1.025783000E+01 6.166060000E+01 1.032400000E+01 1.209000000E-01
1.032004000E+01 6.338830000E+01 1.018400000E+01 1.201000000E-01
1.041094000E+01 6.464510000E+01 9.985000000E+00 1.191000000E-01
1.103212000E+01 6.686510000E+01 8.848500000E+00 1.124000000E-01
1.131312000E+01 6.659400000E+01 8.444200000E+00 1.096000000E-01
1.148628000E+01 6.540860000E+01 8.214200000E+00 1.079000000E-01
1.153246000E+01 6.380670000E+01 8.155100000E+00 1.075000000E-01
1.160172000E+01 6.550050000E+01 1.128800000E+01 1.069000000E-01
1.177488000E+01 6.701360000E+01 1.100100000E+01 1.053000000E-01
1.179334000E+01 6.709130000E+01 1.097100000E+01 1.051000000E-01
1.185780000E+01 6.730200000E+01 1.086800000E+01 1.046000000E-01
1.203930000E+01 6.728780000E+01 1.058900000E+01 1.030000000E-01
1.208770000E+01 6.659170000E+01 1.051600000E+01 1.026000000E-01
1.216030000E+01 6.764050000E+01 1.207400000E+01 1.020000000E-01
1.234180000E+01 6.884040000E+01 1.180400000E+01 1.005000000E-01
1.260708000E+01 6.977370000E+01 1.143000000E+01 9.834000000E-02
1.347697000E+01 7.148750000E+01 1.031900000E+01 9.200000000E-02
1.440688000E+01 7.249100000E+01 9.284500000E+00 8.606000000E-02
1.540095000E+01 7.315460000E+01 8.343000000E+00 8.050000000E-02
1.646362000E+01 7.360020000E+01 7.481400000E+00 7.531000000E-02
1.759961000E+01 7.389440000E+01 6.706000000E+00 7.045000000E-02
1.881398000E+01 7.408500000E+01 6.012800000E+00 6.590000000E-02
2.011215000E+01 7.420370000E+01 5.394700000E+00 6.165000000E-02
2.149988000E+01 7.433090000E+01 4.836800000E+00 5.767000000E-02
2.298338000E+01 7.435620000E+01 4.338200000E+00 5.395000000E-02
2.456923000E+01 7.441780000E+01 3.888400000E+00 5.046000000E-02
2.626450000E+01 7.439850000E+01 3.483800000E+00 4.721000000E-02
2.807676000E+01 7.436690000E+01 3.098300000E+00 4.416000000E-02
3.001405000E+01 7.429700000E+01 2.750300000E+00 4.131000000E-02
3.208502000E+01 7.421210000E+01 2.443500000E+00 3.864000000E-02
3.429889000E+01 7.411790000E+01 2.172700000E+00 3.615000000E-02
3.666551000E+01 7.401730000E+01 1.933400000E+00 3.381000000E-02
3.919543000E+01 7.391160000E+01 1.721900000E+00 3.163000000E-02
4.189992000E+01 7.380110000E+01 1.534600000E+00 2.959000000E-02
4.479101000E+01 7.368480000E+01 1.368200000E+00 2.768000000E-02
4.788159000E+01 7.355840000E+01 1.218400000E+00 2.589000000E-02
5.118542000E+01 7.341680000E+01 1.085100000E+00 2.422000000E-02
5.471721000E+01 7.324860000E+01 9.634700000E-01 2.266000000E-02
5.849270000E+01 7.302950000E+01 8.544900000E-01 2.120000000E-02
6.252870000E+01 7.270150000E+01 7.580600000E-01 1.983000000E-02
6.684318000E+01 7.200090000E+01 6.727900000E-01 1.855000000E-02
6.813450000E+01 7.150040000E+01 6.502500000E-01 1.820000000E-02
6.917738000E+01 7.039960000E+01 6.329200000E-01 1.792000000E-02
6.945548000E+01 6.908150000E+01 6.284200000E-01 1.785000000E-02
6.987263000E+01 7.041340000E+01 3.216300000E+00 1.774000000E-02
7.091550000E+01 7.161620000E+01 3.145000000E+00 1.748000000E-02
7.145536000E+01 7.190780000E+01 3.109100000E+00 1.735000000E-02
7.638578000E+01 7.305290000E+01 2.798600000E+00 1.623000000E-02
8.165640000E+01 7.353530000E+01 2.509700000E+00 1.518000000E-02
8.729069000E+01 7.381780000E+01 2.249700000E+00 1.420000000E-02
9.331374000E+01 7.400420000E+01 2.013900000E+00 1.329000000E-02
9.975239000E+01 7.412610000E+01 1.799200000E+00 1.243000000E-02
1.066353000E+02 7.420670000E+01 1.607600000E+00 1.163000000E-02
1.139931000E+02 7.425920000E+01 1.436600000E+00 1.088000000E-02
1.218587000E+02 7.429200000E+01 1.283900000E+00 1.017000000E-02
1.302669000E+02 7.431090000E+01 1.147600000E+00 9.518000000E-03
1.392553000E+02 7.434750000E+01 1.025900000E+00 8.903000000E-03
1.488640000E+02 7.434770000E+01 9.140200000E-01 8.329000000E-03
1.591356000E+02 7.434100000E+01 8.144500000E-01 7.791000000E-03
1.701159000E+02 7.432990000E+01 7.258100000E-01 7.288000000E-03
1.818539000E+02 7.431590000E+01 6.468700000E-01 6.818000000E-03
1.944018000E+02 7.430000000E+01 5.765700000E-01 6.378000000E-03
2.078156000E+02 7.428300000E+01 5.139600000E-01 5.966000000E-03
2.221548000E+02 7.426540000E+01 4.581800000E-01 5.581000000E-03
2.374835000E+02 7.424770000E+01 4.085000000E-01 5.221000000E-03
2.538699000E+02 7.423020000E+01 3.642300000E-01 4.884000000E-03
2.713869000E+02 7.421290000E+01 3.247900000E-01 4.569000000E-03
2.901126000E+02 7.419600000E+01 2.896300000E-01 4.274000000E-03
3.101304000E+02 7.417950000E+01 2.591700000E-01 3.998000000E-03
3.315294000E+02 7.416460000E+01 2.329300000E-01 3.740000000E-03
3.544049000E+02 7.415110000E+01 2.093700000E-01 3.498000000E-03
3.788588000E+02 7.413860000E+01 1.882000000E-01 3.273000000E-03
4.050001000E+02 7.412710000E+01 1.691900000E-01 3.061000000E-03
4.329451000E+02 7.411650000E+01 1.521100000E-01 2.864000000E-03
